w_loading1 w_loading2 w_loading3 w_loading4 common_state_var unique_state_error_var1 unique_state_error_var2 unique_state_error_var3 unique_state_error_var4 ar_effect b_loading1 b_loading2 b_loading3 b_loading4 intercept1 intercept2 intercept3 intercept4 common_trait_var trait_mean unique_indicator_trait_var1 unique_indicator_trait_var2 unique_indicator_trait_var3 unique_indicator_trait_var4 cov12 cov13 cov23 cov14 cov24 cov34
true 1 0.5 1.3 0.8 2 1 0.5 1.5 0.8 NA 1 0.8 1.2 0.9 0 0.2 0.4 0.6 2 4 NA NA NA NA NA NA NA NA NA NA
msst_wide_ml_r1 1 0.49 1.253 0.793 2.024 0.955 0.514 1.54 0.784 NA 1 0.793 1.163 0.883 0 0.246 0.538 0.641 2.388 3.982 NA NA NA NA NA NA NA NA NA NA
msst_long_ml_r1 1 0.49 1.253 0.793 2.024 0.955 0.514 1.54 0.784 NA 1 0.792 1.163 0.883 0 0.247 0.538 0.641 2.388 3.982 NA NA NA NA NA NA NA NA NA NA
msst_wide_bayes_r1 1 0.49 1.253 0.793 2.023 0.957 0.515 1.544 0.786 NA 1 0.793 1.163 0.883 0 0.245 0.538 0.639 2.472 3.984 NA NA NA NA NA NA NA NA NA NA
msst_long_bayes_r1 1 0.49 1.254 0.793 2.024 0.956 0.514 1.542 0.784 NA 1 0.793 1.164 0.883 0 0.244 0.53 0.637 2.481 3.987 NA NA NA NA NA NA NA NA NA NA
cuts_wide_ml_r1 -999 -999 -999 -999 -999 -999 -999 -999 -999 -999 -999 -999 -999 -999 -999 -999 -999 -999 -999 -999 -999 -999 -999 -999 -999 -999 -999 -999 -999 -999
cuts_long_ml_r1 1 0.49 1.252 0.793 2.024 0.953 0.514 1.54 0.78 NA 1 0.792 1.163 0.883 3.982 3.402 5.168 4.157 2.388 NA 0.001 0 0.001 0.004 NA NA NA NA NA NA
cuts_wide_bayes_r1 1 0.49 1.252 0.794 2.026 0.953 0.515 1.542 0.781 NA 1 0.792 1.163 0.882 3.965 3.389 5.148 4.142 2.466 NA 0.004 0.002 0.005 0.006 NA NA NA NA NA NA
cuts_long_bayes_r1 1 0.49 1.252 0.794 2.024 0.953 0.515 1.541 0.779 NA 1 0.793 1.164 0.883 3.947 3.376 5.127 4.126 2.47 NA 0.004 0.002 0.005 0.006 NA NA NA NA NA NA
tso_wide_ml_r1 -999 -999 -999 -999 -999 -999 -999 -999 -999 -999 -999 -999 -999 -999 -999 -999 -999 -999 -999 -999 -999 -999 -999 -999 -999 -999 -999 -999 -999 -999
tso_wide_bayes_r1 1 0.49 1.251 0.794 2.024 0.95 0.515 1.541 0.778 -0.012 NA NA NA NA 3.95 3.377 5.129 4.127 NA NA 2.656 1.663 3.597 2.072 2.096 3.084 2.439 2.336 1.851 2.722
tso_long_bayes_r1 1 0.49 1.251 0.794 2.023 0.951 0.514 1.542 0.778 -0.012 NA NA NA NA 3.965 3.389 5.147 4.144 NA NA 2.651 1.658 3.593 2.068 2.092 3.079 2.435 2.331 1.846 2.717
msst_wide_ml_r2 1 0.518 1.334 0.834 1.926 1.011 0.486 1.565 0.807 NA 1 0.819 1.176 0.92 0 0.106 0.495 0.504 1.631 4.25 NA NA NA NA NA NA NA NA NA NA
msst_long_ml_r2 1 0.518 1.334 0.834 1.926 1.011 0.486 1.564 0.807 NA 1 0.819 1.176 0.92 0 0.106 0.495 0.505 1.631 4.25 NA NA NA NA NA NA NA NA NA NA
msst_wide_bayes_r2 1 0.518 1.335 0.835 1.926 1.014 0.487 1.569 0.809 NA 1 0.82 1.176 0.921 0 0.103 0.495 0.502 1.688 4.252 NA NA NA NA NA NA NA NA NA NA
msst_long_bayes_r2 1 0.519 1.336 0.835 1.925 1.013 0.486 1.567 0.809 NA 1 0.818 1.176 0.919 0 0.11 0.491 0.508 1.696 4.254 NA NA NA NA NA NA NA NA NA NA
cuts_wide_ml_r2 -999 -999 -999 -999 -999 -999 -999 -999 -999 -999 -999 -999 -999 -999 -999 -999 -999 -999 -999 -999 -999 -999 -999 -999 -999 -999 -999 -999 -999 -999
cuts_long_ml_r2 1 0.518 1.334 0.834 1.926 1.004 0.485 1.565 0.807 NA 1 0.819 1.176 0.921 4.25 3.588 5.493 4.416 1.631 NA 0.008 0.001 0.001 0 NA NA NA NA NA NA
cuts_wide_bayes_r2 1 0.519 1.334 0.835 1.925 1.004 0.486 1.568 0.809 NA 1 0.818 1.176 0.921 4.239 3.577 5.481 4.405 1.686 NA 0.01 0.003 0.004 0.002 NA NA NA NA NA NA
cuts_long_bayes_r2 1 0.519 1.334 0.835 1.925 1.005 0.486 1.567 0.808 NA 1 0.82 1.178 0.922 4.237 3.576 5.475 4.403 1.683 NA 0.01 0.003 0.004 0.002 NA NA NA NA NA NA
tso_wide_ml_r2 -999 -999 -999 -999 -999 -999 -999 -999 -999 -999 -999 -999 -999 -999 -999 -999 -999 -999 -999 -999 -999 -999 -999 -999 -999 -999 -999 -999 -999 -999
tso_wide_bayes_r2 1 0.519 1.334 0.835 1.918 1.003 0.486 1.566 0.808 -0.032 NA NA NA NA 4.228 3.571 5.468 4.395 NA NA 1.829 1.215 2.523 1.542 1.48 2.139 1.742 1.67 1.365 1.968
tso_long_bayes_r2 1 0.519 1.334 0.835 1.918 1.003 0.485 1.568 0.809 -0.032 NA NA NA NA 4.252 3.59 5.495 4.42 NA NA 1.831 1.213 2.521 1.536 1.479 2.137 1.741 1.668 1.362 1.963
msst_wide_ml_r3 1 0.507 1.293 0.812 1.992 1.023 0.494 1.51 0.847 NA 1 0.797 1.201 0.893 0 0.184 0.358 0.619 1.942 3.976 NA NA NA NA NA NA NA NA NA NA
msst_long_ml_r3 1 0.507 1.293 0.812 1.992 1.022 0.494 1.51 0.847 NA 1 0.797 1.201 0.893 0 0.185 0.358 0.619 1.942 3.976 NA NA NA NA NA NA NA NA NA NA
msst_wide_bayes_r3 1 0.507 1.293 0.812 1.991 1.025 0.495 1.514 0.848 NA 1 0.798 1.201 0.894 0 0.182 0.358 0.617 2.012 3.978 NA NA NA NA NA NA NA NA NA NA
msst_long_bayes_r3 1 0.508 1.294 0.812 1.991 1.025 0.494 1.511 0.848 NA 1 0.796 1.2 0.893 0 0.188 0.359 0.619 2.016 3.981 NA NA NA NA NA NA NA NA NA NA
cuts_wide_ml_r3 -999 -999 -999 -999 -999 -999 -999 -999 -999 -999 -999 -999 -999 -999 -999 -999 -999 -999 -999 -999 -999 -999 -999 -999 -999 -999 -999 -999 -999 -999
cuts_long_ml_r3 1 0.508 1.292 0.812 1.992 1.022 0.493 1.503 0.846 NA 1 0.796 1.201 0.894 3.976 3.355 5.133 4.171 1.943 NA 0 0.002 0.008 0.001 NA NA NA NA NA NA
cuts_wide_bayes_r3 1 0.508 1.293 0.812 1.992 1.021 0.493 1.505 0.846 NA 1 0.796 1.202 0.894 3.963 3.343 5.116 4.158 2.005 NA 0.004 0.004 0.013 0.004 NA NA NA NA NA NA
cuts_long_bayes_r3 1 0.508 1.292 0.811 1.992 1.023 0.493 1.503 0.845 NA 1 0.797 1.202 0.894 3.962 3.344 5.118 4.158 2.011 NA 0.004 0.004 0.013 0.004 NA NA NA NA NA NA
tso_wide_ml_r3 -999 -999 -999 -999 -999 -999 -999 -999 -999 -999 -999 -999 -999 -999 -999 -999 -999 -999 -999 -999 -999 -999 -999 -999 -999 -999 -999 -999 -999 -999
tso_wide_bayes_r3 1 0.509 1.291 0.811 1.994 1.021 0.492 1.502 0.845 0.059 NA NA NA NA 3.954 3.338 5.109 4.151 NA NA 2.153 1.365 3.118 1.725 1.711 2.575 2.051 1.92 1.526 2.31
tso_long_bayes_r3 1 0.509 1.291 0.811 1.993 1.021 0.492 1.502 0.845 0.059 NA NA NA NA 3.975 3.354 5.132 4.172 NA NA 2.144 1.363 3.113 1.718 1.706 2.569 2.046 1.913 1.522 2.304
msst_wide_ml_r4 1 0.478 1.269 0.795 2.052 0.967 0.504 1.578 0.801 NA 1 0.8 1.216 0.883 0 0.208 0.342 0.672 2.047 3.975 NA NA NA NA NA NA NA NA NA NA
msst_long_ml_r4 1 0.478 1.269 0.795 2.052 0.967 0.504 1.578 0.801 NA 1 0.799 1.216 0.883 0 0.208 0.342 0.672 2.047 3.975 NA NA NA NA NA NA NA NA NA NA
msst_wide_bayes_r4 1 0.478 1.27 0.796 2.051 0.969 0.505 1.582 0.803 NA 1 0.8 1.216 0.883 0 0.206 0.342 0.67 2.122 3.977 NA NA NA NA NA NA NA NA NA NA
msst_long_bayes_r4 1 0.479 1.27 0.795 2.05 0.969 0.503 1.581 0.802 NA 1 0.799 1.216 0.883 0 0.211 0.336 0.671 2.122 3.979 NA NA NA NA NA NA NA NA NA NA
cuts_wide_ml_r4 -999 -999 -999 -999 -999 -999 -999 -999 -999 -999 -999 -999 -999 -999 -999 -999 -999 -999 -999 -999 -999 -999 -999 -999 -999 -999 -999 -999 -999 -999
cuts_long_ml_r4 1 0.481 1.269 0.795 2.044 0.967 0.499 1.579 0.799 NA 1 0.795 1.216 0.883 3.975 3.386 5.174 4.182 2.054 NA 0.001 0.01 0 0.001 NA NA NA NA NA NA
cuts_wide_bayes_r4 1 0.481 1.27 0.795 2.044 0.968 0.5 1.583 0.799 NA 1 0.795 1.216 0.883 3.96 3.373 5.156 4.167 2.121 NA 0.003 0.011 0.004 0.003 NA NA NA NA NA NA
cuts_long_bayes_r4 1 0.481 1.27 0.795 2.044 0.968 0.5 1.581 0.799 NA 1 0.796 1.217 0.883 3.939 3.359 5.132 4.151 2.128 NA 0.003 0.011 0.004 0.004 NA NA NA NA NA NA
tso_wide_ml_r4 -999 -999 -999 -999 -999 -999 -999 -999 -999 -999 -999 -999 -999 -999 -999 -999 -999 -999 -999 -999 -999 -999 -999 -999 -999 -999 -999 -999 -999 -999
tso_wide_bayes_r4 1 0.481 1.268 0.794 2.046 0.967 0.499 1.581 0.798 0.004 NA NA NA NA 3.952 3.367 5.145 4.16 NA NA 2.282 1.452 3.378 1.787 1.812 2.772 2.202 2.014 1.597 2.454
tso_long_bayes_r4 1 0.481 1.269 0.795 2.046 0.967 0.499 1.582 0.798 0.004 NA NA NA NA 3.969 3.381 5.166 4.178 NA NA 2.278 1.445 3.368 1.779 1.807 2.762 2.194 2.008 1.592 2.443
msst_wide_ml_r5 1 0.486 1.272 0.779 2.076 1.021 0.509 1.488 0.778 NA 1 0.81 1.208 0.898 0 0.133 0.303 0.564 2.663 3.943 NA NA NA NA NA NA NA NA NA NA
msst_long_ml_r5 1 0.486 1.272 0.779 2.076 1.021 0.509 1.488 0.778 NA 1 0.81 1.208 0.898 0 0.133 0.303 0.564 2.664 3.943 NA NA NA NA NA NA NA NA NA NA
msst_wide_bayes_r5 1 0.486 1.272 0.78 2.075 1.023 0.51 1.491 0.78 NA 1 0.81 1.208 0.898 0 0.131 0.302 0.562 2.758 3.945 NA NA NA NA NA NA NA NA NA NA
msst_long_bayes_r5 1 0.487 1.273 0.78 2.072 1.024 0.509 1.487 0.778 NA 1 0.81 1.21 0.898 0 0.133 0.293 0.562 2.763 3.947 NA NA NA NA NA NA NA NA NA NA
cuts_wide_ml_r5 -999 -999 -999 -999 -999 -999 -999 -999 -999 -999 -999 -999 -999 -999 -999 -999 -999 -999 -999 -999 -999 -999 -999 -999 -999 -999 -999 -999 -999 -999
cuts_long_ml_r5 1 0.486 1.272 0.78 2.075 1.02 0.509 1.482 0.775 NA 1 0.81 1.208 0.898 3.943 3.326 5.065 4.104 2.664 NA 0.002 0.001 0.006 0.002 NA NA NA NA NA NA
cuts_wide_bayes_r5 1 0.487 1.273 0.781 2.073 1.021 0.509 1.483 0.775 NA 1 0.809 1.208 0.898 3.922 3.309 5.041 4.086 2.752 NA 0.005 0.003 0.011 0.005 NA NA NA NA NA NA
cuts_long_bayes_r5 1 0.487 1.272 0.78 2.074 1.021 0.51 1.481 0.774 NA 1 0.81 1.209 0.898 3.927 3.315 5.047 4.089 2.755 NA 0.005 0.003 0.01 0.005 NA NA NA NA NA NA
tso_wide_ml_r5 -999 -999 -999 -999 -999 -999 -999 -999 -999 -999 -999 -999 -999 -999 -999 -999 -999 -999 -999 -999 -999 -999 -999 -999 -999 -999 -999 -999 -999 -999
tso_wide_bayes_r5 1 0.487 1.273 0.781 2.068 1.021 0.509 1.478 0.774 -0.021 NA NA NA NA 3.905 3.296 5.02 4.071 NA NA 2.967 1.938 4.333 2.391 2.392 3.576 2.891 2.657 2.149 3.204
tso_long_bayes_r5 1 0.487 1.273 0.781 2.068 1.022 0.509 1.479 0.774 -0.021 NA NA NA NA 3.916 3.305 5.029 4.082 NA NA 2.963 1.932 4.329 2.383 2.387 3.573 2.885 2.65 2.141 3.199
msst_wide_ml_r6 1 0.514 1.284 0.811 2.001 1.035 0.497 1.675 0.781 NA 1 0.801 1.176 0.912 0 0.202 0.504 0.544 2.424 3.849 NA NA NA NA NA NA NA NA NA NA
msst_long_ml_r6 1 0.514 1.284 0.811 2.001 1.034 0.496 1.674 0.781 NA 1 0.801 1.176 0.912 0 0.202 0.504 0.544 2.424 3.849 NA NA NA NA NA NA NA NA NA NA
msst_wide_bayes_r6 1 0.515 1.285 0.812 2 1.037 0.497 1.679 0.783 NA 1 0.801 1.177 0.913 0 0.201 0.502 0.542 2.512 3.851 NA NA NA NA NA NA NA NA NA NA
msst_long_bayes_r6 1 0.515 1.284 0.812 2 1.036 0.497 1.676 0.783 NA 1 0.801 1.178 0.913 0 0.2 0.495 0.542 2.514 3.853 NA NA NA NA NA NA NA NA NA NA
cuts_wide_ml_r6 -999 -999 -999 -999 -999 -999 -999 -999 -999 -999 -999 -999 -999 -999 -999 -999 -999 -999 -999 -999 -999 -999 -999 -999 -999 -999 -999 -999 -999 -999
cuts_long_ml_r6 1 0.514 1.283 0.811 2.001 1.033 0.496 1.67 0.782 NA 1 0.8 1.177 0.912 3.849 3.284 5.032 4.056 2.424 NA 0.002 0.001 0.005 0 NA NA NA NA NA NA
cuts_wide_bayes_r6 1 0.515 1.283 0.812 2.001 1.032 0.496 1.672 0.782 NA 1 0.8 1.177 0.913 3.83 3.268 5.01 4.038 2.504 NA 0.006 0.003 0.011 0.002 NA NA NA NA NA NA
cuts_long_bayes_r6 1 0.515 1.284 0.812 1.999 1.033 0.497 1.669 0.782 NA 1 0.801 1.177 0.913 3.826 3.266 5.007 4.034 2.511 NA 0.005 0.003 0.011 0.002 NA NA NA NA NA NA
tso_wide_ml_r6 -999 -999 -999 -999 -999 -999 -999 -999 -999 -999 -999 -999 -999 -999 -999 -999 -999 -999 -999 -999 -999 -999 -999 -999 -999 -999 -999 -999 -999 -999
tso_wide_bayes_r6 1 0.515 1.283 0.811 2.001 1.032 0.496 1.668 0.782 0.01 NA NA NA NA 3.817 3.259 4.994 4.026 NA NA 2.695 1.722 3.738 2.242 2.147 3.161 2.526 2.452 1.961 2.887
tso_long_bayes_r6 1 0.515 1.283 0.812 2 1.032 0.496 1.668 0.782 0.01 NA NA NA NA 3.839 3.276 5.019 4.049 NA NA 2.691 1.717 3.739 2.235 2.144 3.161 2.524 2.446 1.954 2.883
msst_wide_ml_r7 1 0.497 1.308 0.78 1.996 1.038 0.521 1.464 0.771 NA 1 0.773 1.222 0.908 0 0.306 0.313 0.57 1.624 4.204 NA NA NA NA NA NA NA NA NA NA
msst_long_ml_r7 1 0.497 1.308 0.78 1.996 1.037 0.521 1.464 0.771 NA 1 0.773 1.222 0.908 0 0.306 0.313 0.57 1.624 4.204 NA NA NA NA NA NA NA NA NA NA
msst_wide_bayes_r7 1 0.498 1.309 0.78 1.994 1.04 0.522 1.467 0.773 NA 1 0.774 1.222 0.909 0 0.304 0.313 0.567 1.682 4.206 NA NA NA NA NA NA NA NA NA NA
msst_long_bayes_r7 1 0.499 1.31 0.781 1.993 1.041 0.52 1.464 0.772 NA 1 0.773 1.223 0.908 0 0.306 0.306 0.57 1.682 4.208 NA NA NA NA NA NA NA NA NA NA
cuts_wide_ml_r7 -999 -999 -999 -999 -999 -999 -999 -999 -999 -999 -999 -999 -999 -999 -999 -999 -999 -999 -999 -999 -999 -999 -999 -999 -999 -999 -999 -999 -999 -999
cuts_long_ml_r7 1 0.498 1.308 0.78 1.993 1.037 0.519 1.461 0.771 NA 1 0.771 1.222 0.908 4.204 3.557 5.449 4.388 1.627 NA 0.001 0.004 0.003 0 NA NA NA NA NA NA
cuts_wide_bayes_r7 1 0.499 1.309 0.781 1.993 1.037 0.519 1.462 0.772 NA 1 0.771 1.222 0.908 4.191 3.547 5.434 4.376 1.683 NA 0.004 0.005 0.008 0.002 NA NA NA NA NA NA
cuts_long_bayes_r7 1 0.499 1.309 0.78 1.992 1.038 0.519 1.461 0.771 NA 1 0.772 1.223 0.909 4.181 3.541 5.424 4.368 1.685 NA 0.004 0.005 0.008 0.002 NA NA NA NA NA NA
tso_wide_ml_r7 -999 -999 -999 -999 -999 -999 -999 -999 -999 -999 -999 -999 -999 -999 -999 -999 -999 -999 -999 -999 -999 -999 -999 -999 -999 -999 -999 -999 -999 -999
tso_wide_bayes_r7 1 0.499 1.308 0.78 1.992 1.037 0.519 1.46 0.771 -0.008 NA NA NA NA 4.184 3.542 5.425 4.37 NA NA 1.812 1.079 2.714 1.496 1.391 2.21 1.701 1.642 1.265 2.009
tso_long_bayes_r7 1 0.499 1.309 0.78 1.992 1.038 0.518 1.46 0.772 -0.008 NA NA NA NA 4.205 3.557 5.45 4.389 NA NA 1.81 1.075 2.708 1.489 1.387 2.205 1.696 1.637 1.259 2.001
msst_wide_ml_r8 1 0.508 1.313 0.79 1.825 0.989 0.495 1.58 0.81 NA 1 0.829 1.212 0.908 0 0.091 0.386 0.622 2.057 4.087 NA NA NA NA NA NA NA NA NA NA
msst_long_ml_r8 1 0.508 1.313 0.79 1.825 0.989 0.495 1.58 0.81 NA 1 0.829 1.212 0.908 0 0.092 0.386 0.622 2.057 4.087 NA NA NA NA NA NA NA NA NA NA
msst_wide_bayes_r8 1 0.509 1.313 0.791 1.824 0.992 0.496 1.584 0.812 NA 1 0.83 1.212 0.908 0 0.089 0.385 0.62 2.13 4.09 NA NA NA NA NA NA NA NA NA NA
msst_long_bayes_r8 1 0.51 1.314 0.791 1.822 0.991 0.494 1.582 0.812 NA 1 0.828 1.211 0.906 0 0.095 0.383 0.626 2.139 4.091 NA NA NA NA NA NA NA NA NA NA
cuts_wide_ml_r8 -999 -999 -999 -999 -999 -999 -999 -999 -999 -999 -999 -999 -999 -999 -999 -999 -999 -999 -999 -999 -999 -999 -999 -999 -999 -999 -999 -999 -999 -999
cuts_long_ml_r8 -999 -999 -999 -999 -999 -999 -999 -999 -999 -999 -999 -999 -999 -999 -999 -999 -999 -999 -999 -999 -999 -999 -999 -999 -999 -999 -999 -999 -999 -999
cuts_wide_bayes_r8 1 0.51 1.313 0.791 1.822 0.988 0.494 1.581 0.812 NA 1 0.828 1.212 0.908 4.071 3.467 5.319 4.317 2.129 NA 0.004 0.004 0.006 0.001 NA NA NA NA NA NA
cuts_long_bayes_r8 1 0.51 1.314 0.791 1.821 0.989 0.494 1.579 0.812 NA 1 0.829 1.213 0.908 4.072 3.469 5.318 4.317 2.127 NA 0.004 0.004 0.006 0.001 NA NA NA NA NA NA
tso_wide_ml_r8 -999 -999 -999 -999 -999 -999 -999 -999 -999 -999 -999 -999 -999 -999 -999 -999 -999 -999 -999 -999 -999 -999 -999 -999 -999 -999 -999 -999 -999 -999
tso_wide_bayes_r8 1 0.511 1.313 0.791 1.821 0.988 0.493 1.577 0.811 0.032 NA NA NA NA 4.06 3.458 5.304 4.307 NA NA 2.289 1.566 3.356 1.883 1.885 2.764 2.283 2.072 1.714 2.509
tso_long_bayes_r8 1 0.511 1.313 0.791 1.822 0.988 0.493 1.578 0.812 0.031 NA NA NA NA 4.078 3.473 5.325 4.326 NA NA 2.283 1.561 3.357 1.876 1.881 2.76 2.28 2.065 1.707 2.503
msst_wide_ml_r9 1 0.501 1.329 0.807 1.975 0.999 0.482 1.447 0.802 NA 1 0.828 1.158 0.907 0 0.088 0.56 0.57 1.736 3.9 NA NA NA NA NA NA NA NA NA NA
msst_long_ml_r9 1 0.501 1.329 0.807 1.975 0.998 0.482 1.447 0.802 NA 1 0.828 1.158 0.907 0 0.089 0.56 0.57 1.736 3.9 NA NA NA NA NA NA NA NA NA NA
msst_wide_bayes_r9 1 0.501 1.33 0.807 1.975 1.001 0.483 1.452 0.804 NA 1 0.829 1.159 0.907 0 0.086 0.559 0.568 1.795 3.902 NA NA NA NA NA NA NA NA NA NA
msst_long_bayes_r9 1 0.502 1.33 0.808 1.973 1 0.482 1.448 0.803 NA 1 0.828 1.159 0.907 0 0.09 0.555 0.569 1.802 3.905 NA NA NA NA NA NA NA NA NA NA
cuts_wide_ml_r9 -999 -999 -999 -999 -999 -999 -999 -999 -999 -999 -999 -999 -999 -999 -999 -999 -999 -999 -999 -999 -999 -999 -999 -999 -999 -999 -999 -999 -999 -999
cuts_long_ml_r9 1 0.501 1.329 0.807 1.975 0.996 0.482 1.442 0.802 NA 1 0.828 1.159 0.907 3.9 3.319 5.078 4.107 1.736 NA 0.003 0.001 0.006 0 NA NA NA NA NA NA
cuts_wide_bayes_r9 1 0.502 1.329 0.808 1.974 0.996 0.482 1.443 0.803 NA 1 0.828 1.159 0.907 3.889 3.309 5.064 4.096 1.792 NA 0.006 0.002 0.011 0.002 NA NA NA NA NA NA
cuts_long_bayes_r9 1 0.502 1.329 0.808 1.974 0.996 0.483 1.442 0.802 NA 1 0.828 1.161 0.908 3.893 3.315 5.071 4.1 1.795 NA 0.006 0.002 0.011 0.002 NA NA NA NA NA NA
tso_wide_ml_r9 -999 -999 -999 -999 -999 -999 -999 -999 -999 -999 -999 -999 -999 -999 -999 -999 -999 -999 -999 -999 -999 -999 -999 -999 -999 -999 -999 -999 -999 -999
tso_wide_bayes_r9 1 0.502 1.329 0.808 1.974 0.995 0.482 1.442 0.802 0.017 NA NA NA NA 3.878 3.3 5.051 4.086 NA NA 1.934 1.32 2.608 1.585 1.592 2.237 1.844 1.743 1.443 2.024
tso_long_bayes_r9 1 0.502 1.328 0.808 1.973 0.995 0.482 1.442 0.802 0.017 NA NA NA NA 3.9 3.32 5.077 4.108 NA NA 1.934 1.316 2.608 1.582 1.589 2.235 1.841 1.742 1.44 2.022
msst_wide_ml_r10 1 0.468 1.283 0.801 2.025 0.911 0.511 1.618 0.779 NA 1 0.798 1.194 0.908 0 0.221 0.433 0.581 2.093 3.773 NA NA NA NA NA NA NA NA NA NA
msst_long_ml_r10 1 0.468 1.283 0.801 2.025 0.911 0.511 1.618 0.779 NA 1 0.798 1.194 0.908 0 0.221 0.433 0.581 2.093 3.773 NA NA NA NA NA NA NA NA NA NA
msst_wide_bayes_r10 1 0.468 1.284 0.801 2.024 0.913 0.512 1.622 0.781 NA 1 0.798 1.194 0.908 0 0.219 0.432 0.579 2.169 3.775 NA NA NA NA NA NA NA NA NA NA
msst_long_bayes_r10 1 0.468 1.284 0.802 2.024 0.913 0.511 1.622 0.779 NA 1 0.798 1.196 0.908 0 0.219 0.421 0.58 2.169 3.777 NA NA NA NA NA NA NA NA NA NA
cuts_wide_ml_r10 -999 -999 -999 -999 -999 -999 -999 -999 -999 -999 -999 -999 -999 -999 -999 -999 -999 -999 -999 -999 -999 -999 -999 -999 -999 -999 -999 -999 -999 -999
cuts_long_ml_r10 1 0.468 1.283 0.801 2.025 0.909 0.511 1.619 0.776 NA 1 0.798 1.194 0.908 3.773 3.231 4.938 4.007 2.094 NA 0.002 0 0 0.003 NA NA NA NA NA NA
cuts_wide_bayes_r10 1 0.468 1.283 0.803 2.026 0.909 0.512 1.623 0.775 NA 1 0.798 1.194 0.907 3.758 3.218 4.919 3.991 2.166 NA 0.005 0.001 0.003 0.005 NA NA NA NA NA NA
cuts_long_bayes_r10 1 0.468 1.283 0.802 2.025 0.909 0.512 1.622 0.775 NA 1 0.799 1.195 0.909 3.735 3.203 4.893 3.974 2.163 NA 0.005 0.002 0.003 0.006 NA NA NA NA NA NA
tso_wide_ml_r10 -999 -999 -999 -999 -999 -999 -999 -999 -999 -999 -999 -999 -999 -999 -999 -999 -999 -999 -999 -999 -999 -999 -999 -999 -999 -999 -999 -999 -999 -999
tso_wide_bayes_r10 1 0.468 1.283 0.802 2.018 0.907 0.512 1.623 0.774 -0.036 NA NA NA NA 3.743 3.208 4.901 3.978 NA NA 2.334 1.474 3.322 1.918 1.85 2.778 2.207 2.105 1.677 2.513
tso_long_bayes_r10 1 0.468 1.283 0.803 2.017 0.907 0.511 1.624 0.774 -0.036 NA NA NA NA 3.766 3.225 4.927 4.002 NA NA 2.333 1.472 3.319 1.914 1.848 2.778 2.204 2.103 1.674 2.51
msst_wide_ml_r11 1 0.494 1.278 0.797 2.003 0.982 0.498 1.59 0.756 NA 1 0.79 1.193 0.923 0 0.262 0.453 0.515 1.823 4.009 NA NA NA NA NA NA NA NA NA NA
msst_long_ml_r11 1 0.494 1.278 0.797 2.003 0.982 0.498 1.59 0.756 NA 1 0.79 1.193 0.923 0 0.262 0.453 0.515 1.823 4.009 NA NA NA NA NA NA NA NA NA NA
msst_wide_bayes_r11 1 0.494 1.279 0.797 2.003 0.984 0.499 1.595 0.758 NA 1 0.791 1.194 0.924 0 0.26 0.451 0.512 1.886 4.011 NA NA NA NA NA NA NA NA NA NA
msst_long_bayes_r11 1 0.495 1.28 0.797 2.002 0.983 0.497 1.591 0.756 NA 1 0.789 1.193 0.922 0 0.266 0.453 0.518 1.894 4.014 NA NA NA NA NA NA NA NA NA NA
cuts_wide_ml_r11 -999 -999 -999 -999 -999 -999 -999 -999 -999 -999 -999 -999 -999 -999 -999 -999 -999 -999 -999 -999 -999 -999 -999 -999 -999 -999 -999 -999 -999 -999
cuts_long_ml_r11 1 0.494 1.278 0.796 2.004 0.976 0.497 1.581 0.755 NA 1 0.79 1.193 0.924 4.009 3.43 5.236 4.218 1.823 NA 0.006 0.001 0.01 0.001 NA NA NA NA NA NA
cuts_wide_bayes_r11 1 0.495 1.278 0.798 2.003 0.977 0.497 1.583 0.756 NA 1 0.789 1.194 0.924 3.996 3.419 5.22 4.204 1.882 NA 0.009 0.003 0.014 0.003 NA NA NA NA NA NA
cuts_long_bayes_r11 1 0.494 1.279 0.797 2.004 0.977 0.497 1.582 0.755 NA 1 0.789 1.193 0.923 4.007 3.429 5.235 4.215 1.884 NA 0.009 0.003 0.014 0.003 NA NA NA NA NA NA
tso_wide_ml_r11 -999 -999 -999 -999 -999 -999 -999 -999 -999 -999 -999 -999 -999 -999 -999 -999 -999 -999 -999 -999 -999 -999 -999 -999 -999 -999 -999 -999 -999 -999
tso_wide_bayes_r11 1 0.495 1.279 0.797 2.004 0.977 0.497 1.578 0.755 0.032 NA NA NA NA 3.985 3.411 5.207 4.194 NA NA 2.032 1.262 2.896 1.725 1.592 2.406 1.902 1.864 1.472 2.224
tso_long_bayes_r11 1 0.495 1.279 0.797 2.005 0.977 0.497 1.579 0.755 0.032 NA NA NA NA 4.008 3.43 5.234 4.218 NA NA 2.025 1.256 2.89 1.722 1.587 2.402 1.895 1.86 1.466 2.221
msst_wide_ml_r12 1 0.488 1.307 0.814 1.95 1.009 0.5 1.449 0.81 NA 1 0.827 1.228 0.941 0 0.122 0.295 0.46 2.031 3.834 NA NA NA NA NA NA NA NA NA NA
msst_long_ml_r12 1 0.488 1.307 0.814 1.95 1.009 0.5 1.448 0.81 NA 1 0.827 1.228 0.941 0 0.122 0.295 0.46 2.031 3.834 NA NA NA NA NA NA NA NA NA NA
msst_wide_bayes_r12 1 0.487 1.307 0.813 1.95 1.012 0.501 1.452 0.812 NA 1 0.828 1.228 0.942 0 0.12 0.293 0.458 2.103 3.836 NA NA NA NA NA NA NA NA NA NA
msst_long_bayes_r12 1 0.488 1.307 0.814 1.951 1.012 0.5 1.448 0.811 NA 1 0.827 1.229 0.942 0 0.121 0.286 0.457 2.103 3.839 NA NA NA NA NA NA NA NA NA NA
cuts_wide_ml_r12 -999 -999 -999 -999 -999 -999 -999 -999 -999 -999 -999 -999 -999 -999 -999 -999 -999 -999 -999 -999 -999 -999 -999 -999 -999 -999 -999 -999 -999 -999
cuts_long_ml_r12 1 0.488 1.306 0.813 1.951 1.008 0.5 1.435 0.809 NA 1 0.827 1.228 0.941 3.834 3.294 5.003 4.069 2.031 NA 0.001 0 0.014 0.002 NA NA NA NA NA NA
cuts_wide_bayes_r12 1 0.488 1.306 0.813 1.953 1.009 0.5 1.437 0.809 NA 1 0.827 1.229 0.942 3.82 3.282 4.984 4.055 2.095 NA 0.003 0.002 0.018 0.004 NA NA NA NA NA NA
cuts_long_bayes_r12 1 0.488 1.306 0.814 1.952 1.009 0.5 1.437 0.808 NA 1 0.827 1.229 0.942 3.812 3.275 4.977 4.048 2.101 NA 0.003 0.002 0.018 0.005 NA NA NA NA NA NA
tso_wide_ml_r12 -999 -999 -999 -999 -999 -999 -999 -999 -999 -999 -999 -999 -999 -999 -999 -999 -999 -999 -999 -999 -999 -999 -999 -999 -999 -999 -999 -999 -999 -999
tso_wide_bayes_r12 1 0.488 1.305 0.813 1.954 1.007 0.5 1.436 0.808 0.029 NA NA NA NA 3.809 3.273 4.972 4.045 NA NA 2.255 1.54 3.419 2.001 1.859 2.763 2.283 2.116 1.749 2.606
tso_long_bayes_r12 1 0.488 1.305 0.813 1.955 1.008 0.5 1.436 0.809 0.029 NA NA NA NA 3.828 3.289 4.996 4.067 NA NA 2.251 1.535 3.415 1.994 1.856 2.755 2.279 2.113 1.744 2.6
msst_wide_ml_r13 1 0.481 1.307 0.795 2.073 0.998 0.504 1.503 0.833 NA 1 0.779 1.199 0.879 0 0.263 0.429 0.668 1.993 4.064 NA NA NA NA NA NA NA NA NA NA
msst_long_ml_r13 1 0.481 1.307 0.795 2.073 0.998 0.504 1.503 0.833 NA 1 0.779 1.199 0.879 0 0.263 0.429 0.668 1.994 4.064 NA NA NA NA NA NA NA NA NA NA
msst_wide_bayes_r13 1 0.481 1.307 0.795 2.074 1 0.505 1.507 0.835 NA 1 0.779 1.2 0.88 0 0.261 0.428 0.666 2.068 4.066 NA NA NA NA NA NA NA NA NA NA
msst_long_bayes_r13 1 0.482 1.308 0.795 2.07 1.001 0.503 1.504 0.834 NA 1 0.778 1.2 0.878 0 0.267 0.425 0.669 2.072 4.069 NA NA NA NA NA NA NA NA NA NA
cuts_wide_ml_r13 -999 -999 -999 -999 -999 -999 -999 -999 -999 -999 -999 -999 -999 -999 -999 -999 -999 -999 -999 -999 -999 -999 -999 -999 -999 -999 -999 -999 -999 -999
cuts_long_ml_r13 -999 -999 -999 -999 -999 -999 -999 -999 -999 -999 -999 -999 -999 -999 -999 -999 -999 -999 -999 -999 -999 -999 -999 -999 -999 -999 -999 -999 -999 -999
cuts_wide_bayes_r13 1 0.484 1.308 0.795 2.065 1 0.501 1.501 0.832 NA 1 0.775 1.2 0.88 4.049 3.417 5.286 4.227 2.063 NA 0.002 0.009 0.008 0.004 NA NA NA NA NA NA
cuts_long_bayes_r13 1 0.484 1.308 0.795 2.066 1 0.501 1.502 0.831 NA 1 0.776 1.201 0.88 4.019 3.396 5.252 4.203 2.066 NA 0.002 0.009 0.007 0.004 NA NA NA NA NA NA
tso_wide_ml_r13 -999 -999 -999 -999 -999 -999 -999 -999 -999 -999 -999 -999 -999 -999 -999 -999 -999 -999 -999 -999 -999 -999 -999 -999 -999 -999 -999 -999 -999 -999
tso_wide_bayes_r13 1 0.484 1.308 0.795 2.066 1 0.5 1.499 0.83 -0.002 NA NA NA NA 4.04 3.41 5.275 4.218 NA NA 2.223 1.341 3.204 1.725 1.719 2.661 2.061 1.952 1.51 2.342
tso_long_bayes_r13 1 0.484 1.308 0.795 2.065 1.001 0.5 1.501 0.83 -0.003 NA NA NA NA 4.055 3.422 5.292 4.235 NA NA 2.217 1.337 3.2 1.718 1.713 2.656 2.058 1.947 1.505 2.336
msst_wide_ml_r14 1 0.513 1.346 0.815 1.882 1.022 0.474 1.467 0.813 NA 1 0.822 1.235 0.909 0 0.096 0.209 0.517 2.013 4.116 NA NA NA NA NA NA NA NA NA NA
msst_long_ml_r14 1 0.513 1.346 0.815 1.882 1.022 0.474 1.467 0.813 NA 1 0.822 1.235 0.909 0 0.096 0.209 0.517 2.013 4.116 NA NA NA NA NA NA NA NA NA NA
msst_wide_bayes_r14 1 0.513 1.347 0.816 1.88 1.024 0.475 1.47 0.815 NA 1 0.822 1.235 0.91 0 0.094 0.209 0.515 2.084 4.119 NA NA NA NA NA NA NA NA NA NA
msst_long_bayes_r14 1 0.513 1.348 0.816 1.881 1.023 0.473 1.469 0.813 NA 1 0.821 1.235 0.908 0 0.099 0.21 0.519 2.091 4.121 NA NA NA NA NA NA NA NA NA NA
cuts_wide_ml_r14 -999 -999 -999 -999 -999 -999 -999 -999 -999 -999 -999 -999 -999 -999 -999 -999 -999 -999 -999 -999 -999 -999 -999 -999 -999 -999 -999 -999 -999 -999
cuts_long_ml_r14 1 0.513 1.346 0.816 1.882 1.019 0.473 1.465 0.808 NA 1 0.822 1.235 0.909 4.116 3.478 5.293 4.26 2.012 NA 0.003 0 0.001 0.005 NA NA NA NA NA NA
cuts_wide_bayes_r14 1 0.513 1.347 0.816 1.883 1.018 0.474 1.467 0.809 NA 1 0.821 1.235 0.909 4.103 3.465 5.275 4.247 2.078 NA 0.007 0.002 0.005 0.007 NA NA NA NA NA NA
cuts_long_bayes_r14 1 0.513 1.347 0.816 1.881 1.019 0.474 1.465 0.809 NA 1 0.823 1.237 0.91 4.099 3.465 5.27 4.244 2.08 NA 0.006 0.002 0.006 0.007 NA NA NA NA NA NA
tso_wide_ml_r14 -999 -999 -999 -999 -999 -999 -999 -999 -999 -999 -999 -999 -999 -999 -999 -999 -999 -999 -999 -999 -999 -999 -999 -999 -999 -999 -999 -999 -999 -999
tso_wide_bayes_r14 1 0.513 1.348 0.816 1.881 1.018 0.473 1.461 0.808 0.007 NA NA NA NA 4.089 3.457 5.26 4.234 NA NA 2.236 1.506 3.406 1.857 1.827 2.747 2.26 2.03 1.665 2.504
tso_long_bayes_r14 1 0.513 1.349 0.816 1.881 1.018 0.473 1.462 0.808 0.007 NA NA NA NA 4.106 3.47 5.281 4.253 NA NA 2.235 1.502 3.399 1.848 1.824 2.743 2.255 2.026 1.657 2.494
msst_wide_ml_r15 1 0.488 1.272 0.795 2.07 1.014 0.512 1.66 0.77 NA 1 0.789 1.208 0.9 0 0.217 0.344 0.597 2.216 3.912 NA NA NA NA NA NA NA NA NA NA
msst_long_ml_r15 1 0.488 1.272 0.795 2.07 1.014 0.512 1.66 0.77 NA 1 0.789 1.208 0.9 0 0.217 0.344 0.597 2.213 3.912 NA NA NA NA NA NA NA NA NA NA
msst_wide_bayes_r15 1 0.488 1.272 0.795 2.069 1.016 0.514 1.665 0.772 NA 1 0.789 1.208 0.9 0 0.216 0.344 0.596 2.298 3.914 NA NA NA NA NA NA NA NA NA NA
msst_long_bayes_r15 1 0.489 1.273 0.795 2.068 1.017 0.512 1.663 0.771 NA 1 0.79 1.21 0.901 0 0.213 0.332 0.588 2.292 3.917 NA NA NA NA NA NA NA NA NA NA
cuts_wide_ml_r15 -999 -999 -999 -999 -999 -999 -999 -999 -999 -999 -999 -999 -999 -999 -999 -999 -999 -999 -999 -999 -999 -999 -999 -999 -999 -999 -999 -999 -999 -999
cuts_long_ml_r15 1 0.488 1.272 0.795 2.069 1.014 0.512 1.659 0.769 NA 1 0.789 1.208 0.9 3.912 3.304 5.069 4.116 2.217 NA 0 0.001 0.002 0.001 NA NA NA NA NA NA
cuts_wide_bayes_r15 1 0.489 1.273 0.796 2.068 1.014 0.512 1.659 0.77 NA 1 0.788 1.208 0.9 3.895 3.29 5.048 4.1 2.29 NA 0.003 0.003 0.007 0.003 NA NA NA NA NA NA
cuts_long_bayes_r15 1 0.489 1.273 0.796 2.066 1.015 0.512 1.659 0.769 NA 1 0.789 1.208 0.899 3.88 3.28 5.033 4.088 2.294 NA 0.003 0.003 0.007 0.003 NA NA NA NA NA NA
tso_wide_ml_r15 -999 -999 -999 -999 -999 -999 -999 -999 -999 -999 -999 -999 -999 -999 -999 -999 -999 -999 -999 -999 -999 -999 -999 -999 -999 -999 -999 -999 -999 -999
tso_wide_bayes_r15 1 0.489 1.273 0.795 2.061 1.013 0.512 1.658 0.77 -0.039 NA NA NA NA 3.883 3.281 5.035 4.09 NA NA 2.468 1.53 3.598 1.999 1.935 2.969 2.339 2.215 1.743 2.674
tso_long_bayes_r15 1 0.489 1.273 0.795 2.059 1.014 0.511 1.658 0.77 -0.039 NA NA NA NA 3.903 3.297 5.058 4.111 NA NA 2.467 1.529 3.602 1.992 1.936 2.971 2.337 2.211 1.739 2.669
msst_wide_ml_r16 1 0.477 1.316 0.786 2.049 0.988 0.507 1.479 0.806 NA 1 0.791 1.186 0.901 0 0.237 0.481 0.615 1.716 4.096 NA NA NA NA NA NA NA NA NA NA
msst_long_ml_r16 1 0.477 1.316 0.786 2.049 0.988 0.507 1.479 0.806 NA 1 0.79 1.186 0.901 0 0.237 0.481 0.615 1.716 4.096 NA NA NA NA NA NA NA NA NA NA
msst_wide_bayes_r16 1 0.478 1.317 0.786 2.048 0.991 0.508 1.483 0.808 NA 1 0.791 1.186 0.902 0 0.234 0.481 0.612 1.776 4.098 NA NA NA NA NA NA NA NA NA NA
msst_long_bayes_r16 1 0.478 1.318 0.787 2.048 0.991 0.507 1.479 0.807 NA 1 0.79 1.188 0.902 0 0.237 0.473 0.61 1.781 4.101 NA NA NA NA NA NA NA NA NA NA
cuts_wide_ml_r16 -999 -999 -999 -999 -999 -999 -999 -999 -999 -999 -999 -999 -999 -999 -999 -999 -999 -999 -999 -999 -999 -999 -999 -999 -999 -999 -999 -999 -999 -999
cuts_long_ml_r16 1 0.478 1.316 0.786 2.048 0.988 0.506 1.476 0.805 NA 1 0.79 1.186 0.901 4.096 3.475 5.34 4.306 1.717 NA 0 0.002 0.004 0.001 NA NA NA NA NA NA
cuts_wide_bayes_r16 1 0.478 1.317 0.787 2.048 0.989 0.507 1.476 0.805 NA 1 0.789 1.186 0.901 4.084 3.465 5.326 4.294 1.773 NA 0.003 0.004 0.009 0.003 NA NA NA NA NA NA
cuts_long_bayes_r16 1 0.478 1.317 0.787 2.048 0.99 0.507 1.474 0.805 NA 1 0.79 1.188 0.902 4.067 3.454 5.308 4.281 1.775 NA 0.002 0.004 0.009 0.003 NA NA NA NA NA NA
tso_wide_ml_r16 -999 -999 -999 -999 -999 -999 -999 -999 -999 -999 -999 -999 -999 -999 -999 -999 -999 -999 -999 -999 -999 -999 -999 -999 -999 -999 -999 -999 -999 -999
tso_wide_bayes_r16 1 0.478 1.318 0.787 2.047 0.99 0.506 1.473 0.804 0.017 NA NA NA NA 4.075 3.459 5.316 4.286 NA NA 1.911 1.189 2.693 1.553 1.502 2.26 1.783 1.718 1.353 2.035
tso_long_bayes_r16 1 0.478 1.317 0.787 2.048 0.99 0.506 1.473 0.804 0.017 NA NA NA NA 4.097 3.475 5.34 4.308 NA NA 1.91 1.186 2.693 1.549 1.499 2.258 1.78 1.716 1.35 2.031
msst_wide_ml_r17 1 0.51 1.299 0.806 1.922 0.984 0.458 1.572 0.79 NA 1 0.789 1.185 0.92 0 0.236 0.491 0.516 1.63 3.807 NA NA NA NA NA NA NA NA NA NA
msst_long_ml_r17 1 0.51 1.299 0.807 1.921 0.984 0.458 1.572 0.79 NA 1 0.789 1.185 0.92 0 0.236 0.491 0.516 1.63 3.807 NA NA NA NA NA NA NA NA NA NA
msst_wide_bayes_r17 1 0.51 1.299 0.807 1.922 0.985 0.459 1.576 0.792 NA 1 0.79 1.186 0.92 0 0.234 0.489 0.514 1.687 3.809 NA NA NA NA NA NA NA NA NA NA
msst_long_bayes_r17 1 0.511 1.299 0.808 1.919 0.986 0.458 1.575 0.79 NA 1 0.789 1.186 0.92 0 0.236 0.486 0.515 1.693 3.811 NA NA NA NA NA NA NA NA NA NA
cuts_wide_ml_r17 -999 -999 -999 -999 -999 -999 -999 -999 -999 -999 -999 -999 -999 -999 -999 -999 -999 -999 -999 -999 -999 -999 -999 -999 -999 -999 -999 -999 -999 -999
cuts_long_ml_r17 1 0.51 1.299 0.807 1.921 0.983 0.458 1.572 0.789 NA 1 0.789 1.185 0.92 3.807 3.24 5.003 4.018 1.631 NA 0.001 0 0.001 0 NA NA NA NA NA NA
cuts_wide_bayes_r17 1 0.511 1.299 0.808 1.919 0.984 0.458 1.572 0.79 NA 1 0.789 1.185 0.92 3.795 3.229 4.987 4.005 1.684 NA 0.003 0.002 0.005 0.002 NA NA NA NA NA NA
cuts_long_bayes_r17 1 0.511 1.299 0.807 1.919 0.985 0.458 1.571 0.789 NA 1 0.79 1.186 0.92 3.774 3.215 4.966 3.987 1.687 NA 0.003 0.002 0.005 0.003 NA NA NA NA NA NA
tso_wide_ml_r17 -999 -999 -999 -999 -999 -999 -999 -999 -999 -999 -999 -999 -999 -999 -999 -999 -999 -999 -999 -999 -999 -999 -999 -999 -999 -999 -999 -999 -999 -999
tso_wide_bayes_r17 1 0.511 1.299 0.808 1.917 0.984 0.458 1.572 0.788 -0.007 NA NA NA NA 3.786 3.224 4.978 3.998 NA NA 1.816 1.126 2.555 1.533 1.424 2.148 1.69 1.663 1.312 1.973
tso_long_bayes_r17 1 0.511 1.299 0.808 1.917 0.984 0.457 1.573 0.789 -0.007 NA NA NA NA 3.808 3.241 5.005 4.021 NA NA 1.815 1.123 2.556 1.53 1.424 2.148 1.687 1.661 1.308 1.97
msst_wide_ml_r18 1 0.498 1.31 0.812 1.931 1.044 0.488 1.442 0.779 NA 1 0.796 1.215 0.906 0 0.241 0.358 0.626 2.305 3.926 NA NA NA NA NA NA NA NA NA NA
msst_long_ml_r18 1 0.498 1.31 0.812 1.931 1.044 0.488 1.442 0.779 NA 1 0.796 1.215 0.906 0 0.241 0.358 0.626 2.305 3.926 NA NA NA NA NA NA NA NA NA NA
msst_wide_bayes_r18 1 0.499 1.311 0.812 1.93 1.047 0.489 1.446 0.781 NA 1 0.796 1.215 0.907 0 0.241 0.358 0.625 2.388 3.928 NA NA NA NA NA NA NA NA NA NA
msst_long_bayes_r18 1 0.499 1.311 0.813 1.93 1.046 0.488 1.442 0.78 NA 1 0.797 1.216 0.907 0 0.238 0.349 0.623 2.39 3.93 NA NA NA NA NA NA NA NA NA NA
cuts_wide_ml_r18 -999 -999 -999 -999 -999 -999 -999 -999 -999 -999 -999 -999 -999 -999 -999 -999 -999 -999 -999 -999 -999 -999 -999 -999 -999 -999 -999 -999 -999 -999
cuts_long_ml_r18 1 0.499 1.309 0.812 1.931 1.043 0.487 1.426 0.779 NA 1 0.796 1.215 0.906 3.926 3.366 5.128 4.184 2.306 NA 0.001 0.001 0.017 0 NA NA NA NA NA NA
cuts_wide_bayes_r18 1 0.499 1.31 0.812 1.93 1.043 0.488 1.428 0.78 NA 1 0.796 1.216 0.907 3.909 3.352 5.108 4.169 2.383 NA 0.004 0.002 0.02 0.002 NA NA NA NA NA NA
cuts_long_bayes_r18 1 0.499 1.31 0.813 1.93 1.044 0.488 1.428 0.779 NA 1 0.796 1.216 0.907 3.912 3.356 5.112 4.172 2.384 NA 0.004 0.003 0.02 0.003 NA NA NA NA NA NA
tso_wide_ml_r18 -999 -999 -999 -999 -999 -999 -999 -999 -999 -999 -999 -999 -999 -999 -999 -999 -999 -999 -999 -999 -999 -999 -999 -999 -999 -999 -999 -999 -999 -999
tso_wide_bayes_r18 1 0.5 1.31 0.812 1.929 1.044 0.487 1.426 0.779 0.005 NA NA NA NA 3.899 3.346 5.095 4.16 NA NA 2.565 1.619 3.809 2.109 2.033 3.115 2.471 2.321 1.845 2.822
tso_long_bayes_r18 1 0.5 1.31 0.812 1.928 1.045 0.487 1.426 0.779 0.005 NA NA NA NA 3.915 3.358 5.113 4.176 NA NA 2.561 1.615 3.804 2.1 2.029 3.108 2.466 2.314 1.837 2.814
msst_wide_ml_r19 1 0.521 1.31 0.817 1.928 1.013 0.492 1.536 0.801 NA 1 0.796 1.184 0.89 0 0.24 0.435 0.634 2.147 3.998 NA NA NA NA NA NA NA NA NA NA
msst_long_ml_r19 1 0.521 1.31 0.817 1.927 1.012 0.492 1.536 0.8 NA 1 0.796 1.185 0.89 0 0.24 0.435 0.634 2.147 3.998 NA NA NA NA NA NA NA NA NA NA
msst_wide_bayes_r19 1 0.521 1.311 0.817 1.925 1.016 0.493 1.539 0.802 NA 1 0.797 1.185 0.891 0 0.238 0.435 0.632 2.225 4.001 NA NA NA NA NA NA NA NA NA NA
msst_long_bayes_r19 1 0.522 1.311 0.818 1.926 1.015 0.492 1.537 0.802 NA 1 0.797 1.187 0.891 0 0.238 0.422 0.63 2.226 4.003 NA NA NA NA NA NA NA NA NA NA
cuts_wide_ml_r19 -999 -999 -999 -999 -999 -999 -999 -999 -999 -999 -999 -999 -999 -999 -999 -999 -999 -999 -999 -999 -999 -999 -999 -999 -999 -999 -999 -999 -999 -999
cuts_long_ml_r19 1 0.521 1.31 0.817 1.928 1.012 0.492 1.534 0.8 NA 1 0.796 1.185 0.89 3.998 3.424 5.171 4.194 2.147 NA 0 0 0.002 0.001 NA NA NA NA NA NA
cuts_wide_bayes_r19 1 0.522 1.311 0.818 1.927 1.014 0.492 1.535 0.8 NA 1 0.796 1.185 0.891 3.982 3.411 5.152 4.179 2.216 NA 0.003 0.002 0.006 0.003 NA NA NA NA NA NA
cuts_long_bayes_r19 1 0.521 1.31 0.817 1.928 1.013 0.493 1.534 0.8 NA 1 0.796 1.185 0.891 3.96 3.394 5.125 4.16 2.222 NA 0.003 0.002 0.007 0.003 NA NA NA NA NA NA
tso_wide_ml_r19 -999 -999 -999 -999 -999 -999 -999 -999 -999 -999 -999 -999 -999 -999 -999 -999 -999 -999 -999 -999 -999 -999 -999 -999 -999 -999 -999 -999 -999 -999
tso_wide_bayes_r19 1 0.522 1.309 0.817 1.929 1.013 0.492 1.535 0.8 0.046 NA NA NA NA 3.97 3.403 5.139 4.169 NA NA 2.382 1.506 3.353 1.89 1.888 2.814 2.238 2.115 1.684 2.51
tso_long_bayes_r19 1 0.522 1.309 0.817 1.928 1.012 0.491 1.536 0.799 0.046 NA NA NA NA 3.991 3.419 5.163 4.189 NA NA 2.378 1.503 3.347 1.884 1.888 2.811 2.237 2.111 1.679 2.505
msst_wide_ml_r20 1 0.485 1.292 0.789 2.027 1.073 0.497 1.45 0.826 NA 1 0.798 1.209 0.92 0 0.183 0.343 0.524 2.441 4.013 NA NA NA NA NA NA NA NA NA NA
msst_long_ml_r20 1 0.485 1.292 0.789 2.027 1.073 0.497 1.45 0.826 NA 1 0.798 1.209 0.92 0 0.183 0.343 0.525 2.441 4.013 NA NA NA NA NA NA NA NA NA NA
msst_wide_bayes_r20 1 0.486 1.292 0.789 2.025 1.076 0.498 1.454 0.828 NA 1 0.798 1.209 0.92 0 0.182 0.343 0.523 2.532 4.016 NA NA NA NA NA NA NA NA NA NA
msst_long_bayes_r20 1 0.487 1.293 0.79 2.024 1.077 0.497 1.452 0.827 NA 1 0.798 1.21 0.92 0 0.181 0.335 0.522 2.53 4.017 NA NA NA NA NA NA NA NA NA NA
cuts_wide_ml_r20 -999 -999 -999 -999 -999 -999 -999 -999 -999 -999 -999 -999 -999 -999 -999 -999 -999 -999 -999 -999 -999 -999 -999 -999 -999 -999 -999 -999 -999 -999
cuts_long_ml_r20 1 0.486 1.292 0.789 2.025 1.073 0.496 1.449 0.825 NA 1 0.797 1.209 0.92 4.013 3.383 5.194 4.215 2.442 NA 0 0.002 0.002 0.001 NA NA NA NA NA NA
cuts_wide_bayes_r20 1 0.487 1.293 0.79 2.025 1.075 0.496 1.449 0.825 NA 1 0.797 1.209 0.92 3.993 3.367 5.169 4.197 2.525 NA 0.003 0.004 0.007 0.003 NA NA NA NA NA NA
cuts_long_bayes_r20 1 0.487 1.293 0.79 2.022 1.076 0.496 1.449 0.824 NA 1 0.797 1.21 0.92 3.963 3.345 5.135 4.169 2.525 NA 0.002 0.004 0.006 0.003 NA NA NA NA NA NA
tso_wide_ml_r20 -999 -999 -999 -999 -999 -999 -999 -999 -999 -999 -999 -999 -999 -999 -999 -999 -999 -999 -999 -999 -999 -999 -999 -999 -999 -999 -999 -999 -999 -999
tso_wide_bayes_r20 1 0.487 1.293 0.79 2.024 1.075 0.496 1.448 0.823 0.026 NA NA NA NA 3.98 3.359 5.156 4.185 NA NA 2.713 1.72 3.967 2.294 2.154 3.275 2.604 2.492 1.979 3.007
tso_long_bayes_r20 1 0.487 1.293 0.79 2.023 1.076 0.495 1.449 0.824 0.026 NA NA NA NA 3.988 3.365 5.163 4.195 NA NA 2.707 1.715 3.961 2.289 2.148 3.267 2.599 2.484 1.975 2.999
msst_wide_ml_r21 1 0.526 1.309 0.807 2.017 1.037 0.488 1.534 0.8 NA 1 0.824 1.208 0.911 0 0.161 0.377 0.585 1.595 3.759 NA NA NA NA NA NA NA NA NA NA
msst_long_ml_r21 1 0.526 1.309 0.807 2.017 1.037 0.488 1.534 0.8 NA 1 0.824 1.208 0.911 0 0.161 0.377 0.585 1.596 3.759 NA NA NA NA NA NA NA NA NA NA
msst_wide_bayes_r21 1 0.526 1.309 0.808 2.016 1.04 0.489 1.538 0.802 NA 1 0.825 1.209 0.911 0 0.159 0.377 0.583 1.652 3.761 NA NA NA NA NA NA NA NA NA NA
msst_long_bayes_r21 1 0.526 1.31 0.808 2.015 1.039 0.488 1.536 0.8 NA 1 0.824 1.208 0.91 0 0.162 0.373 0.587 1.656 3.763 NA NA NA NA NA NA NA NA NA NA
cuts_wide_ml_r21 -999 -999 -999 -999 -999 -999 -999 -999 -999 -999 -999 -999 -999 -999 -999 -999 -999 -999 -999 -999 -999 -999 -999 -999 -999 -999 -999 -999 -999 -999
cuts_long_ml_r21 -999 -999 -999 -999 -999 -999 -999 -999 -999 -999 -999 -999 -999 -999 -999 -999 -999 -999 -999 -999 -999 -999 -999 -999 -999 -999 -999 -999 -999 -999
cuts_wide_bayes_r21 1 0.526 1.308 0.808 2.019 1.029 0.489 1.533 0.797 NA 1 0.824 1.209 0.91 3.748 3.249 4.907 3.997 1.646 NA 0.012 0.001 0.007 0.005 NA NA NA NA NA NA
cuts_long_bayes_r21 1 0.525 1.309 0.808 2.018 1.029 0.489 1.533 0.796 NA 1 0.825 1.21 0.911 3.754 3.255 4.915 4.003 1.647 NA 0.012 0.001 0.007 0.005 NA NA NA NA NA NA
tso_wide_ml_r21 -999 -999 -999 -999 -999 -999 -999 -999 -999 -999 -999 -999 -999 -999 -999 -999 -999 -999 -999 -999 -999 -999 -999 -999 -999 -999 -999 -999 -999 -999
tso_wide_bayes_r21 1 0.526 1.309 0.808 2.019 1.028 0.489 1.53 0.796 0.014 NA NA NA NA 3.736 3.239 4.89 3.985 NA NA 1.785 1.202 2.596 1.474 1.457 2.141 1.761 1.609 1.328 1.944
tso_long_bayes_r21 1 0.526 1.309 0.808 2.019 1.029 0.489 1.532 0.796 0.013 NA NA NA NA 3.761 3.263 4.923 4.012 NA NA 1.78 1.199 2.591 1.467 1.453 2.135 1.757 1.605 1.323 1.94
msst_wide_ml_r22 1 0.503 1.341 0.813 1.969 1.002 0.51 1.509 0.759 NA 1 0.832 1.237 0.924 0 0.091 0.255 0.51 2.214 4.018 NA NA NA NA NA NA NA NA NA NA
msst_long_ml_r22 1 0.503 1.341 0.813 1.969 1.002 0.51 1.509 0.759 NA 1 0.832 1.237 0.924 0 0.092 0.255 0.51 2.214 4.018 NA NA NA NA NA NA NA NA NA NA
msst_wide_bayes_r22 1 0.503 1.342 0.813 1.97 1.004 0.512 1.512 0.761 NA 1 0.832 1.237 0.924 0 0.09 0.255 0.508 2.295 4.02 NA NA NA NA NA NA NA NA NA NA
msst_long_bayes_r22 1 0.503 1.342 0.813 1.967 1.004 0.511 1.511 0.76 NA 1 0.832 1.239 0.924 0 0.091 0.249 0.509 2.298 4.023 NA NA NA NA NA NA NA NA NA NA
cuts_wide_ml_r22 -999 -999 -999 -999 -999 -999 -999 -999 -999 -999 -999 -999 -999 -999 -999 -999 -999 -999 -999 -999 -999 -999 -999 -999 -999 -999 -999 -999 -999 -999
cuts_long_ml_r22 1 0.503 1.341 0.813 1.97 1.001 0.51 1.508 0.759 NA 1 0.832 1.237 0.924 4.018 3.434 5.227 4.223 2.214 NA 0.001 0 0.001 0.001 NA NA NA NA NA NA
cuts_wide_bayes_r22 1 0.503 1.341 0.813 1.972 1 0.511 1.509 0.759 NA 1 0.831 1.237 0.923 4 3.419 5.204 4.206 2.287 NA 0.005 0.002 0.005 0.003 NA NA NA NA NA NA
cuts_long_bayes_r22 1 0.503 1.342 0.813 1.971 1.001 0.511 1.508 0.758 NA 1 0.832 1.238 0.925 3.989 3.409 5.191 4.195 2.29 NA 0.004 0.002 0.005 0.003 NA NA NA NA NA NA
tso_wide_ml_r22 -999 -999 -999 -999 -999 -999 -999 -999 -999 -999 -999 -999 -999 -999 -999 -999 -999 -999 -999 -999 -999 -999 -999 -999 -999 -999 -999 -999 -999 -999
tso_wide_bayes_r22 1 0.503 1.342 0.812 1.961 0.999 0.511 1.504 0.759 -0.047 NA NA NA NA 3.989 3.41 5.192 4.195 NA NA 2.468 1.701 3.774 2.107 2.044 3.041 2.528 2.274 1.889 2.815
tso_long_bayes_r22 1 0.503 1.342 0.812 1.961 0.998 0.511 1.505 0.759 -0.048 NA NA NA NA 4.005 3.423 5.21 4.212 NA NA 2.462 1.696 3.772 2.1 2.038 3.038 2.525 2.27 1.882 2.808
msst_wide_ml_r23 1 0.504 1.32 0.807 1.965 0.997 0.498 1.503 0.808 NA 1 0.819 1.212 0.902 0 0.152 0.365 0.604 2.007 4.004 NA NA NA NA NA NA NA NA NA NA
msst_long_ml_r23 1 0.505 1.32 0.807 1.965 0.996 0.498 1.503 0.808 NA 1 0.819 1.212 0.902 0 0.152 0.365 0.605 2.007 4.004 NA NA NA NA NA NA NA NA NA NA
msst_wide_bayes_r23 1 0.505 1.32 0.807 1.965 0.999 0.499 1.507 0.81 NA 1 0.819 1.212 0.903 0 0.15 0.366 0.603 2.082 4.006 NA NA NA NA NA NA NA NA NA NA
msst_long_bayes_r23 1 0.505 1.321 0.808 1.963 0.999 0.498 1.503 0.809 NA 1 0.819 1.212 0.902 0 0.154 0.361 0.605 2.083 4.009 NA NA NA NA NA NA NA NA NA NA
cuts_wide_ml_r23 -999 -999 -999 -999 -999 -999 -999 -999 -999 -999 -999 -999 -999 -999 -999 -999 -999 -999 -999 -999 -999 -999 -999 -999 -999 -999 -999 -999 -999 -999
cuts_long_ml_r23 1 0.505 1.319 0.807 1.964 0.996 0.498 1.497 0.808 NA 1 0.819 1.212 0.902 4.004 3.432 5.217 4.217 2.007 NA 0.001 0 0.006 0 NA NA NA NA NA NA
cuts_wide_bayes_r23 1 0.505 1.32 0.808 1.965 0.996 0.499 1.498 0.808 NA 1 0.819 1.212 0.902 3.989 3.419 5.199 4.203 2.075 NA 0.004 0.002 0.011 0.002 NA NA NA NA NA NA
cuts_long_bayes_r23 1 0.505 1.32 0.808 1.962 0.996 0.499 1.498 0.808 NA 1 0.819 1.213 0.903 3.988 3.42 5.199 4.204 2.078 NA 0.004 0.002 0.011 0.003 NA NA NA NA NA NA
tso_wide_ml_r23 -999 -999 -999 -999 -999 -999 -999 -999 -999 -999 -999 -999 -999 -999 -999 -999 -999 -999 -999 -999 -999 -999 -999 -999 -999 -999 -999 -999 -999 -999
tso_wide_bayes_r23 1 0.505 1.32 0.807 1.966 0.994 0.499 1.495 0.808 0.032 NA NA NA NA 3.976 3.409 5.185 4.192 NA NA 2.23 1.491 3.281 1.817 1.818 2.694 2.204 2.008 1.641 2.43
tso_long_bayes_r23 1 0.505 1.32 0.808 1.964 0.996 0.498 1.497 0.808 0.032 NA NA NA NA 3.999 3.428 5.209 4.215 NA NA 2.226 1.486 3.28 1.81 1.814 2.692 2.2 2.001 1.636 2.424
msst_wide_ml_r24 1 0.494 1.282 0.788 2.147 1.005 0.489 1.537 0.806 NA 1 0.778 1.237 0.883 0 0.287 0.211 0.642 1.994 3.965 NA NA NA NA NA NA NA NA NA NA
msst_long_ml_r24 1 0.494 1.282 0.788 2.147 1.005 0.488 1.537 0.806 NA 1 0.778 1.237 0.883 0 0.287 0.211 0.642 1.994 3.965 NA NA NA NA NA NA NA NA NA NA
msst_wide_bayes_r24 1 0.494 1.282 0.788 2.147 1.008 0.49 1.542 0.808 NA 1 0.779 1.238 0.883 0 0.284 0.209 0.64 2.066 3.967 NA NA NA NA NA NA NA NA NA NA
msst_long_bayes_r24 1 0.494 1.283 0.788 2.144 1.007 0.488 1.539 0.807 NA 1 0.778 1.237 0.882 0 0.289 0.21 0.644 2.074 3.97 NA NA NA NA NA NA NA NA NA NA
cuts_wide_ml_r24 -999 -999 -999 -999 -999 -999 -999 -999 -999 -999 -999 -999 -999 -999 -999 -999 -999 -999 -999 -999 -999 -999 -999 -999 -999 -999 -999 -999 -999 -999
cuts_long_ml_r24 1 0.494 1.282 0.788 2.146 1.005 0.488 1.537 0.806 NA 1 0.778 1.237 0.883 3.965 3.373 5.117 4.142 1.995 NA 0.001 0.001 0.001 0.001 NA NA NA NA NA NA
cuts_wide_bayes_r24 1 0.494 1.283 0.788 2.147 1.005 0.488 1.537 0.806 NA 1 0.778 1.238 0.883 3.951 3.361 5.098 4.128 2.06 NA 0.004 0.003 0.005 0.003 NA NA NA NA NA NA
cuts_long_bayes_r24 1 0.494 1.283 0.788 2.145 1.005 0.488 1.538 0.806 NA 1 0.777 1.237 0.882 3.931 3.348 5.075 4.11 2.063 NA 0.003 0.003 0.005 0.003 NA NA NA NA NA NA
tso_wide_ml_r24 -999 -999 -999 -999 -999 -999 -999 -999 -999 -999 -999 -999 -999 -999 -999 -999 -999 -999 -999 -999 -999 -999 -999 -999 -999 -999 -999 -999 -999 -999
tso_wide_bayes_r24 1 0.494 1.282 0.788 2.141 1.004 0.488 1.537 0.806 -0.024 NA NA NA NA 3.94 3.353 5.086 4.119 NA NA 2.221 1.342 3.402 1.734 1.721 2.743 2.131 1.96 1.521 2.423
tso_long_bayes_r24 1 0.495 1.282 0.788 2.14 1.005 0.488 1.538 0.806 -0.025 NA NA NA NA 3.954 3.364 5.103 4.134 NA NA 2.221 1.336 3.403 1.727 1.719 2.742 2.126 1.956 1.515 2.417
msst_wide_ml_r25 1 0.514 1.311 0.819 2.012 0.974 0.508 1.508 0.778 NA 1 0.806 1.186 0.894 0 0.181 0.432 0.663 1.913 4.007 NA NA NA NA NA NA NA NA NA NA
msst_long_ml_r25 1 0.514 1.311 0.819 2.012 0.974 0.508 1.508 0.778 NA 1 0.806 1.186 0.894 0 0.181 0.432 0.663 1.913 4.007 NA NA NA NA NA NA NA NA NA NA
msst_wide_bayes_r25 1 0.514 1.311 0.82 2.011 0.977 0.509 1.512 0.78 NA 1 0.806 1.186 0.895 0 0.179 0.431 0.66 1.981 4.008 NA NA NA NA NA NA NA NA NA NA
msst_long_bayes_r25 1 0.515 1.312 0.82 2.009 0.977 0.508 1.509 0.778 NA 1 0.806 1.187 0.894 0 0.183 0.426 0.66 1.985 4.011 NA NA NA NA NA NA NA NA NA NA
cuts_wide_ml_r25 -999 -999 -999 -999 -999 -999 -999 -999 -999 -999 -999 -999 -999 -999 -999 -999 -999 -999 -999 -999 -999 -999 -999 -999 -999 -999 -999 -999 -999 -999
cuts_long_ml_r25 1 0.514 1.311 0.82 2.012 0.974 0.508 1.491 0.776 NA 1 0.806 1.187 0.894 4.007 3.41 5.185 4.245 1.913 NA 0.001 0.001 0.017 0.001 NA NA NA NA NA NA
cuts_wide_bayes_r25 1 0.515 1.312 0.821 2.011 0.974 0.508 1.495 0.776 NA 1 0.805 1.186 0.894 3.994 3.399 5.169 4.234 1.976 NA 0.004 0.002 0.02 0.003 NA NA NA NA NA NA
cuts_long_bayes_r25 1 0.515 1.312 0.82 2.01 0.975 0.508 1.494 0.776 NA 1 0.806 1.188 0.894 3.993 3.4 5.17 4.233 1.98 NA 0.004 0.002 0.02 0.004 NA NA NA NA NA NA
tso_wide_ml_r25 -999 -999 -999 -999 -999 -999 -999 -999 -999 -999 -999 -999 -999 -999 -999 -999 -999 -999 -999 -999 -999 -999 -999 -999 -999 -999 -999 -999 -999 -999
tso_wide_bayes_r25 1 0.515 1.312 0.821 2.002 0.975 0.508 1.489 0.775 -0.038 NA NA NA NA 3.981 3.391 5.155 4.222 NA NA 2.136 1.379 3.024 1.708 1.71 2.524 2.032 1.904 1.531 2.254
tso_long_bayes_r25 1 0.515 1.312 0.821 2.002 0.975 0.508 1.491 0.775 -0.038 NA NA NA NA 4.006 3.41 5.182 4.246 NA NA 2.129 1.375 3.016 1.699 1.706 2.521 2.027 1.897 1.524 2.248
msst_wide_ml_r26 1 0.492 1.31 0.805 1.998 0.999 0.509 1.566 0.841 NA 1 0.799 1.216 0.91 0 0.195 0.299 0.559 1.999 3.978 NA NA NA NA NA NA NA NA NA NA
msst_long_ml_r26 1 0.492 1.31 0.805 1.997 0.999 0.509 1.566 0.841 NA 1 0.799 1.216 0.91 0 0.195 0.299 0.559 1.999 3.978 NA NA NA NA NA NA NA NA NA NA
msst_wide_bayes_r26 1 0.492 1.311 0.806 1.996 1.002 0.51 1.57 0.843 NA 1 0.799 1.216 0.911 0 0.193 0.297 0.556 2.069 3.98 NA NA NA NA NA NA NA NA NA NA
msst_long_bayes_r26 1 0.492 1.311 0.806 1.994 1 0.508 1.567 0.843 NA 1 0.797 1.215 0.909 0 0.201 0.302 0.563 2.078 3.983 NA NA NA NA NA NA NA NA NA NA
cuts_wide_ml_r26 -999 -999 -999 -999 -999 -999 -999 -999 -999 -999 -999 -999 -999 -999 -999 -999 -999 -999 -999 -999 -999 -999 -999 -999 -999 -999 -999 -999 -999 -999
cuts_long_ml_r26 1 0.492 1.31 0.805 1.996 0.993 0.507 1.564 0.84 NA 1 0.797 1.216 0.91 3.978 3.372 5.135 4.18 2 NA 0.006 0.003 0.003 0.002 NA NA NA NA NA NA
cuts_wide_bayes_r26 1 0.493 1.311 0.806 1.995 0.992 0.508 1.566 0.841 NA 1 0.797 1.216 0.91 3.964 3.362 5.119 4.167 2.066 NA 0.009 0.004 0.009 0.004 NA NA NA NA NA NA
cuts_long_bayes_r26 1 0.493 1.31 0.806 1.995 0.993 0.508 1.565 0.839 NA 1 0.797 1.216 0.91 3.972 3.368 5.129 4.173 2.068 NA 0.009 0.005 0.009 0.004 NA NA NA NA NA NA
tso_wide_ml_r26 -999 -999 -999 -999 -999 -999 -999 -999 -999 -999 -999 -999 -999 -999 -999 -999 -999 -999 -999 -999 -999 -999 -999 -999 -999 -999 -999 -999 -999 -999
tso_wide_bayes_r26 1 0.493 1.311 0.806 1.995 0.993 0.507 1.564 0.839 0.026 NA NA NA NA 3.952 3.351 5.104 4.156 NA NA 2.234 1.413 3.296 1.845 1.767 2.7 2.148 2.022 1.607 2.453
tso_long_bayes_r26 1 0.494 1.311 0.806 1.995 0.993 0.507 1.565 0.839 0.026 NA NA NA NA 3.967 3.364 5.12 4.172 NA NA 2.226 1.409 3.288 1.836 1.762 2.693 2.143 2.014 1.602 2.447
msst_wide_ml_r27 1 0.488 1.365 0.793 1.946 1.028 0.493 1.504 0.83 NA 1 0.77 1.18 0.903 0 0.339 0.47 0.63 1.743 3.837 NA NA NA NA NA NA NA NA NA NA
msst_long_ml_r27 1 0.488 1.365 0.793 1.946 1.028 0.493 1.504 0.83 NA 1 0.77 1.18 0.903 0 0.339 0.471 0.63 1.743 3.837 NA NA NA NA NA NA NA NA NA NA
msst_wide_bayes_r27 1 0.488 1.366 0.793 1.946 1.03 0.494 1.508 0.832 NA 1 0.771 1.18 0.904 0 0.337 0.469 0.628 1.804 3.839 NA NA NA NA NA NA NA NA NA NA
msst_long_bayes_r27 1 0.489 1.366 0.793 1.945 1.029 0.493 1.503 0.831 NA 1 0.771 1.183 0.903 0 0.336 0.457 0.627 1.805 3.842 NA NA NA NA NA NA NA NA NA NA
cuts_wide_ml_r27 -999 -999 -999 -999 -999 -999 -999 -999 -999 -999 -999 -999 -999 -999 -999 -999 -999 -999 -999 -999 -999 -999 -999 -999 -999 -999 -999 -999 -999 -999
cuts_long_ml_r27 1 0.488 1.364 0.792 1.948 1.024 0.492 1.494 0.83 NA 1 0.77 1.181 0.903 3.837 3.295 5 4.095 1.742 NA 0.003 0.001 0.01 0 NA NA NA NA NA NA
cuts_wide_bayes_r27 1 0.488 1.364 0.792 1.948 1.023 0.493 1.496 0.831 NA 1 0.77 1.182 0.903 3.826 3.285 4.986 4.084 1.796 NA 0.007 0.002 0.015 0.002 NA NA NA NA NA NA
cuts_long_bayes_r27 1 0.488 1.364 0.792 1.949 1.023 0.493 1.495 0.83 NA 1 0.771 1.183 0.905 3.831 3.292 4.994 4.09 1.801 NA 0.007 0.002 0.015 0.003 NA NA NA NA NA NA
tso_wide_ml_r27 -999 -999 -999 -999 -999 -999 -999 -999 -999 -999 -999 -999 -999 -999 -999 -999 -999 -999 -999 -999 -999 -999 -999 -999 -999 -999 -999 -999 -999 -999
tso_wide_bayes_r27 1 0.488 1.363 0.791 1.953 1.021 0.493 1.491 0.831 0.004 NA NA NA NA 3.816 3.277 4.974 4.075 NA NA 1.939 1.146 2.719 1.58 1.487 2.276 1.752 1.743 1.341 2.066
tso_long_bayes_r27 1 0.488 1.363 0.791 1.951 1.022 0.492 1.493 0.831 0.003 NA NA NA NA 3.839 3.297 5.001 4.098 NA NA 1.936 1.144 2.719 1.578 1.484 2.275 1.752 1.741 1.34 2.064
msst_wide_ml_r28 1 0.509 1.289 0.82 2.037 1.057 0.464 1.584 0.797 NA 1 0.816 1.203 0.904 0 0.156 0.356 0.6 2.883 4.082 NA NA NA NA NA NA NA NA NA NA
msst_long_ml_r28 1 0.509 1.289 0.82 2.037 1.057 0.464 1.584 0.797 NA 1 0.815 1.203 0.904 0 0.156 0.357 0.6 2.883 4.082 NA NA NA NA NA NA NA NA NA NA
msst_wide_bayes_r28 1 0.51 1.29 0.82 2.036 1.059 0.465 1.59 0.799 NA 1 0.816 1.203 0.904 0 0.155 0.355 0.598 2.99 4.085 NA NA NA NA NA NA NA NA NA NA
msst_long_bayes_r28 1 0.51 1.29 0.821 2.035 1.059 0.464 1.585 0.798 NA 1 0.815 1.203 0.903 0 0.158 0.351 0.601 2.997 4.087 NA NA NA NA NA NA NA NA NA NA
cuts_wide_ml_r28 -999 -999 -999 -999 -999 -999 -999 -999 -999 -999 -999 -999 -999 -999 -999 -999 -999 -999 -999 -999 -999 -999 -999 -999 -999 -999 -999 -999 -999 -999
cuts_long_ml_r28 1 0.509 1.289 0.82 2.037 1.056 0.464 1.582 0.796 NA 1 0.815 1.203 0.904 4.082 3.485 5.266 4.289 2.884 NA 0.001 0 0.003 0.002 NA NA NA NA NA NA
cuts_wide_bayes_r28 1 0.51 1.29 0.821 2.037 1.057 0.465 1.582 0.796 NA 1 0.815 1.203 0.904 4.059 3.466 5.239 4.268 2.977 NA 0.004 0.002 0.008 0.004 NA NA NA NA NA NA
cuts_long_bayes_r28 1 0.51 1.29 0.821 2.035 1.057 0.465 1.582 0.795 NA 1 0.816 1.203 0.904 4.019 3.436 5.192 4.232 2.993 NA 0.004 0.002 0.008 0.004 NA NA NA NA NA NA
tso_wide_ml_r28 -999 -999 -999 -999 -999 -999 -999 -999 -999 -999 -999 -999 -999 -999 -999 -999 -999 -999 -999 -999 -999 -999 -999 -999 -999 -999 -999 -999 -999 -999
tso_wide_bayes_r28 1 0.51 1.289 0.82 2.033 1.055 0.464 1.58 0.795 -0.026 NA NA NA NA 4.044 3.454 5.219 4.255 NA NA 3.208 2.125 4.645 2.622 2.606 3.848 3.135 2.893 2.356 3.481
tso_long_bayes_r28 1 0.51 1.29 0.82 2.033 1.055 0.464 1.581 0.795 -0.026 NA NA NA NA 4.055 3.463 5.231 4.265 NA NA 3.204 2.119 4.632 2.61 2.601 3.842 3.126 2.885 2.346 3.469
msst_wide_ml_r29 1 0.517 1.32 0.805 1.861 0.983 0.499 1.55 0.825 NA 1 0.766 1.175 0.864 0 0.288 0.508 0.688 1.497 3.937 NA NA NA NA NA NA NA NA NA NA
msst_long_ml_r29 1 0.517 1.32 0.805 1.861 0.983 0.499 1.55 0.825 NA 1 0.766 1.175 0.864 0 0.288 0.508 0.688 1.497 3.937 NA NA NA NA NA NA NA NA NA NA
msst_wide_bayes_r29 1 0.518 1.32 0.805 1.861 0.985 0.5 1.555 0.827 NA 1 0.767 1.175 0.865 0 0.286 0.508 0.685 1.548 3.939 NA NA NA NA NA NA NA NA NA NA
msst_long_bayes_r29 1 0.518 1.321 0.806 1.86 0.985 0.499 1.551 0.826 NA 1 0.766 1.174 0.864 0 0.288 0.509 0.689 1.553 3.941 NA NA NA NA NA NA NA NA NA NA
cuts_wide_ml_r29 -999 -999 -999 -999 -999 -999 -999 -999 -999 -999 -999 -999 -999 -999 -999 -999 -999 -999 -999 -999 -999 -999 -999 -999 -999 -999 -999 -999 -999 -999
cuts_long_ml_r29 1 0.517 1.32 0.805 1.861 0.982 0.499 1.548 0.824 NA 1 0.766 1.175 0.864 3.937 3.305 5.134 4.09 1.497 NA 0.002 0 0.003 0.001 NA NA NA NA NA NA
cuts_wide_bayes_r29 1 0.518 1.32 0.805 1.863 0.981 0.5 1.549 0.825 NA 1 0.766 1.176 0.865 3.927 3.296 5.123 4.08 1.541 NA 0.005 0.002 0.008 0.003 NA NA NA NA NA NA
cuts_long_bayes_r29 1 0.518 1.32 0.805 1.859 0.982 0.5 1.548 0.824 NA 1 0.767 1.177 0.865 3.925 3.297 5.122 4.081 1.544 NA 0.005 0.002 0.008 0.003 NA NA NA NA NA NA
tso_wide_ml_r29 -999 -999 -999 -999 -999 -999 -999 -999 -999 -999 -999 -999 -999 -999 -999 -999 -999 -999 -999 -999 -999 -999 -999 -999 -999 -999 -999 -999 -999 -999
tso_wide_bayes_r29 1 0.518 1.32 0.804 1.862 0.981 0.499 1.544 0.825 0.021 NA NA NA NA 3.92 3.292 5.115 4.075 NA NA 1.67 0.977 2.31 1.248 1.272 1.955 1.494 1.438 1.099 1.691
tso_long_bayes_r29 1 0.518 1.32 0.805 1.863 0.981 0.499 1.547 0.825 0.021 NA NA NA NA 3.941 3.31 5.14 4.096 NA NA 1.665 0.974 2.31 1.242 1.268 1.949 1.491 1.433 1.095 1.686
msst_wide_ml_r30 1 0.536 1.293 0.797 1.88 0.954 0.444 1.512 0.813 NA 1 0.834 1.224 0.919 0 0.07 0.316 0.548 2.415 4.019 NA NA NA NA NA NA NA NA NA NA
msst_long_ml_r30 1 0.536 1.293 0.797 1.88 0.953 0.444 1.512 0.813 NA 1 0.834 1.224 0.919 0 0.07 0.316 0.548 2.415 4.019 NA NA NA NA NA NA NA NA NA NA
msst_wide_bayes_r30 1 0.537 1.293 0.797 1.879 0.955 0.445 1.516 0.815 NA 1 0.835 1.224 0.92 0 0.068 0.315 0.546 2.504 4.022 NA NA NA NA NA NA NA NA NA NA
msst_long_bayes_r30 1 0.537 1.294 0.798 1.879 0.954 0.445 1.514 0.813 NA 1 0.834 1.224 0.919 0 0.07 0.311 0.547 2.512 4.024 NA NA NA NA NA NA NA NA NA NA
cuts_wide_ml_r30 -999 -999 -999 -999 -999 -999 -999 -999 -999 -999 -999 -999 -999 -999 -999 -999 -999 -999 -999 -999 -999 -999 -999 -999 -999 -999 -999 -999 -999 -999
cuts_long_ml_r30 1 0.536 1.293 0.798 1.88 0.951 0.444 1.512 0.812 NA 1 0.834 1.224 0.919 4.019 3.423 5.233 4.243 2.415 NA 0.003 0 0.001 0.001 NA NA NA NA NA NA
cuts_wide_bayes_r30 1 0.537 1.294 0.799 1.88 0.951 0.445 1.515 0.812 NA 1 0.835 1.224 0.919 3.999 3.406 5.209 4.224 2.497 NA 0.006 0.001 0.004 0.003 NA NA NA NA NA NA
cuts_long_bayes_r30 1 0.536 1.293 0.798 1.88 0.951 0.445 1.515 0.811 NA 1 0.834 1.224 0.92 4.006 3.413 5.216 4.231 2.5 NA 0.006 0.001 0.004 0.003 NA NA NA NA NA NA
tso_wide_ml_r30 -999 -999 -999 -999 -999 -999 -999 -999 -999 -999 -999 -999 -999 -999 -999 -999 -999 -999 -999 -999 -999 -999 -999 -999 -999 -999 -999 -999 -999 -999
tso_wide_bayes_r30 1 0.536 1.292 0.799 1.876 0.949 0.445 1.516 0.809 -0.024 NA NA NA NA 3.983 3.393 5.19 4.208 NA NA 2.692 1.865 4.027 2.268 2.236 3.283 2.736 2.462 2.054 3.014
tso_long_bayes_r30 1 0.536 1.293 0.799 1.875 0.949 0.445 1.516 0.81 -0.023 NA NA NA NA 3.999 3.407 5.207 4.225 NA NA 2.687 1.86 4.019 2.266 2.23 3.28 2.73 2.457 2.049 3.009
msst_wide_ml_r31 1 0.498 1.33 0.791 2.006 1.04 0.489 1.451 0.757 NA 1 0.808 1.208 0.923 0 0.184 0.422 0.535 1.753 3.77 NA NA NA NA NA NA NA NA NA NA
msst_long_ml_r31 1 0.498 1.33 0.791 2.005 1.04 0.489 1.451 0.757 NA 1 0.808 1.208 0.923 0 0.184 0.422 0.534 1.753 3.77 NA NA NA NA NA NA NA NA NA NA
msst_wide_bayes_r31 1 0.498 1.33 0.791 2.004 1.042 0.49 1.455 0.758 NA 1 0.809 1.208 0.923 0 0.182 0.421 0.531 1.812 3.772 NA NA NA NA NA NA NA NA NA NA
msst_long_bayes_r31 1 0.5 1.332 0.791 2.001 1.042 0.488 1.453 0.758 NA 1 0.806 1.207 0.921 0 0.191 0.423 0.538 1.825 3.775 NA NA NA NA NA NA NA NA NA NA
cuts_wide_ml_r31 -999 -999 -999 -999 -999 -999 -999 -999 -999 -999 -999 -999 -999 -999 -999 -999 -999 -999 -999 -999 -999 -999 -999 -999 -999 -999 -999 -999 -999 -999
cuts_long_ml_r31 1 0.502 1.33 0.79 1.996 1.04 0.483 1.45 0.756 NA 1 0.802 1.209 0.923 3.77 3.23 4.977 4.013 1.762 NA 0.001 0.011 0.001 0 NA NA NA NA NA NA
cuts_wide_bayes_r31 1 0.502 1.331 0.791 1.997 1.041 0.484 1.452 0.756 NA 1 0.802 1.209 0.923 3.757 3.219 4.961 4 1.817 NA 0.004 0.012 0.006 0.002 NA NA NA NA NA NA
cuts_long_bayes_r31 1 0.502 1.331 0.791 1.995 1.041 0.484 1.452 0.756 NA 1 0.803 1.211 0.923 3.746 3.211 4.947 3.99 1.825 NA 0.004 0.013 0.006 0.003 NA NA NA NA NA NA
tso_wide_ml_r31 -999 -999 -999 -999 -999 -999 -999 -999 -999 -999 -999 -999 -999 -999 -999 -999 -999 -999 -999 -999 -999 -999 -999 -999 -999 -999 -999 -999 -999 -999
tso_wide_bayes_r31 1 0.502 1.33 0.79 1.991 1.039 0.483 1.45 0.757 -0.029 NA NA NA NA 3.748 3.212 4.95 3.992 NA NA 1.961 1.269 2.878 1.673 1.568 2.37 1.894 1.807 1.447 2.186
tso_long_bayes_r31 1 0.503 1.33 0.791 1.99 1.04 0.483 1.45 0.757 -0.029 NA NA NA NA 3.775 3.234 4.981 4.019 NA NA 1.961 1.267 2.872 1.667 1.566 2.366 1.89 1.802 1.444 2.182
msst_wide_ml_r32 1 0.516 1.277 0.809 1.987 1.021 0.502 1.536 0.812 NA 1 0.807 1.213 0.894 0 0.154 0.328 0.62 1.746 4 NA NA NA NA NA NA NA NA NA NA
msst_long_ml_r32 1 0.516 1.277 0.809 1.987 1.02 0.502 1.536 0.812 NA 1 0.807 1.213 0.894 0 0.154 0.328 0.62 1.746 4 NA NA NA NA NA NA NA NA NA NA
msst_wide_bayes_r32 1 0.516 1.278 0.809 1.986 1.024 0.503 1.54 0.814 NA 1 0.808 1.213 0.895 0 0.153 0.327 0.617 1.81 4.003 NA NA NA NA NA NA NA NA NA NA
msst_long_bayes_r32 1 0.516 1.278 0.809 1.986 1.022 0.503 1.537 0.813 NA 1 0.806 1.212 0.893 0 0.156 0.331 0.622 1.813 4.005 NA NA NA NA NA NA NA NA NA NA
cuts_wide_ml_r32 -999 -999 -999 -999 -999 -999 -999 -999 -999 -999 -999 -999 -999 -999 -999 -999 -999 -999 -999 -999 -999 -999 -999 -999 -999 -999 -999 -999 -999 -999
cuts_long_ml_r32 1 0.516 1.277 0.809 1.987 1.019 0.502 1.535 0.812 NA 1 0.807 1.213 0.894 4 3.383 5.181 4.197 1.746 NA 0.002 0 0.001 0.001 NA NA NA NA NA NA
cuts_wide_bayes_r32 1 0.516 1.278 0.81 1.986 1.018 0.503 1.537 0.812 NA 1 0.807 1.214 0.895 3.989 3.373 5.166 4.185 1.802 NA 0.006 0.002 0.005 0.003 NA NA NA NA NA NA
cuts_long_bayes_r32 1 0.516 1.278 0.809 1.987 1.018 0.503 1.536 0.811 NA 1 0.808 1.215 0.895 3.98 3.368 5.158 4.178 1.803 NA 0.006 0.002 0.006 0.003 NA NA NA NA NA NA
tso_wide_ml_r32 -999 -999 -999 -999 -999 -999 -999 -999 -999 -999 -999 -999 -999 -999 -999 -999 -999 -999 -999 -999 -999 -999 -999 -999 -999 -999 -999 -999 -999 -999
tso_wide_bayes_r32 1 0.516 1.277 0.809 1.99 1.016 0.503 1.537 0.81 0.03 NA NA NA NA 3.977 3.365 5.154 4.176 NA NA 1.945 1.262 2.863 1.555 1.56 2.349 1.894 1.729 1.397 2.102
tso_long_bayes_r32 1 0.516 1.277 0.809 1.988 1.017 0.502 1.537 0.81 0.03 NA NA NA NA 3.997 3.381 5.177 4.196 NA NA 1.941 1.257 2.854 1.547 1.557 2.345 1.888 1.726 1.391 2.094
msst_wide_ml_r33 1 0.511 1.277 0.791 1.97 1.042 0.498 1.481 0.812 NA 1 0.773 1.112 0.851 0 0.299 0.742 0.787 1.86 4.132 NA NA NA NA NA NA NA NA NA NA
msst_long_ml_r33 1 0.511 1.277 0.791 1.97 1.042 0.498 1.481 0.812 NA 1 0.773 1.112 0.851 0 0.299 0.742 0.787 1.86 4.132 NA NA NA NA NA NA NA NA NA NA
msst_wide_bayes_r33 1 0.511 1.278 0.791 1.969 1.045 0.499 1.485 0.814 NA 1 0.774 1.112 0.851 0 0.296 0.742 0.786 1.926 4.134 NA NA NA NA NA NA NA NA NA NA
msst_long_bayes_r33 1 0.512 1.279 0.792 1.968 1.043 0.498 1.484 0.812 NA 1 0.773 1.112 0.852 0 0.297 0.739 0.783 1.929 4.136 NA NA NA NA NA NA NA NA NA NA
cuts_wide_ml_r33 -999 -999 -999 -999 -999 -999 -999 -999 -999 -999 -999 -999 -999 -999 -999 -999 -999 -999 -999 -999 -999 -999 -999 -999 -999 -999 -999 -999 -999 -999
cuts_long_ml_r33 1 0.511 1.276 0.79 1.974 1.029 0.497 1.48 0.81 NA 1 0.774 1.113 0.851 4.132 3.493 5.336 4.303 1.858 NA 0.013 0 0.002 0.002 NA NA NA NA NA NA
cuts_wide_bayes_r33 1 0.511 1.277 0.791 1.973 1.03 0.498 1.481 0.811 NA 1 0.773 1.113 0.852 4.121 3.484 5.324 4.292 1.92 NA 0.015 0.002 0.007 0.004 NA NA NA NA NA NA
cuts_long_bayes_r33 1 0.511 1.276 0.791 1.973 1.031 0.498 1.481 0.81 NA 1 0.773 1.114 0.852 4.133 3.494 5.338 4.303 1.921 NA 0.015 0.002 0.007 0.005 NA NA NA NA NA NA
tso_wide_ml_r33 -999 -999 -999 -999 -999 -999 -999 -999 -999 -999 -999 -999 -999 -999 -999 -999 -999 -999 -999 -999 -999 -999 -999 -999 -999 -999 -999 -999 -999 -999
tso_wide_bayes_r33 1 0.511 1.276 0.791 1.973 1.03 0.498 1.48 0.809 0.002 NA NA NA NA 4.107 3.474 5.308 4.281 NA NA 2.081 1.234 2.568 1.502 1.592 2.297 1.773 1.755 1.356 1.954
tso_long_bayes_r33 1 0.511 1.276 0.791 1.974 1.03 0.498 1.482 0.81 0.001 NA NA NA NA 4.136 3.497 5.34 4.308 NA NA 2.074 1.23 2.565 1.497 1.589 2.29 1.77 1.749 1.352 1.951
msst_wide_ml_r34 1 0.498 1.305 0.802 2.029 1.023 0.474 1.514 0.818 NA 1 0.815 1.209 0.92 0 0.111 0.373 0.504 2.164 4.062 NA NA NA NA NA NA NA NA NA NA
msst_long_ml_r34 1 0.498 1.305 0.802 2.029 1.023 0.473 1.514 0.818 NA 1 0.815 1.209 0.92 0 0.111 0.373 0.504 2.163 4.062 NA NA NA NA NA NA NA NA NA NA
msst_wide_bayes_r34 1 0.498 1.306 0.802 2.028 1.025 0.475 1.518 0.82 NA 1 0.815 1.209 0.92 0 0.11 0.372 0.502 2.242 4.064 NA NA NA NA NA NA NA NA NA NA
msst_long_bayes_r34 1 0.499 1.306 0.802 2.028 1.024 0.474 1.517 0.819 NA 1 0.816 1.21 0.92 0 0.109 0.363 0.501 2.239 4.067 NA NA NA NA NA NA NA NA NA NA
cuts_wide_ml_r34 -999 -999 -999 -999 -999 -999 -999 -999 -999 -999 -999 -999 -999 -999 -999 -999 -999 -999 -999 -999 -999 -999 -999 -999 -999 -999 -999 -999 -999 -999
cuts_long_ml_r34 1 0.498 1.305 0.802 2.029 1.022 0.473 1.514 0.817 NA 1 0.815 1.209 0.92 4.062 3.423 5.283 4.239 2.164 NA 0.001 0.001 0.001 0.001 NA NA NA NA NA NA
cuts_wide_bayes_r34 1 0.499 1.305 0.802 2.029 1.021 0.474 1.516 0.818 NA 1 0.815 1.209 0.92 4.045 3.409 5.262 4.223 2.236 NA 0.005 0.002 0.005 0.003 NA NA NA NA NA NA
cuts_long_bayes_r34 1 0.499 1.305 0.802 2.028 1.022 0.474 1.515 0.816 NA 1 0.815 1.21 0.92 4.017 3.388 5.229 4.196 2.243 NA 0.004 0.003 0.005 0.003 NA NA NA NA NA NA
tso_wide_ml_r34 -999 -999 -999 -999 -999 -999 -999 -999 -999 -999 -999 -999 -999 -999 -999 -999 -999 -999 -999 -999 -999 -999 -999 -999 -999 -999 -999 -999 -999 -999
tso_wide_bayes_r34 1 0.499 1.305 0.801 2.031 1.019 0.473 1.514 0.817 0.017 NA NA NA NA 4.033 3.402 5.248 4.213 NA NA 2.404 1.595 3.514 2.035 1.953 2.9 2.361 2.204 1.797 2.668
tso_long_bayes_r34 1 0.499 1.305 0.802 2.031 1.02 0.473 1.516 0.817 0.017 NA NA NA NA 4.052 3.416 5.271 4.232 NA NA 2.399 1.59 3.511 2.027 1.949 2.893 2.355 2.199 1.79 2.663
msst_wide_ml_r35 1 0.528 1.359 0.792 1.979 1.03 0.509 1.377 0.809 NA 1 0.793 1.197 0.881 0 0.224 0.415 0.691 2.43 4.018 NA NA NA NA NA NA NA NA NA NA
msst_long_ml_r35 1 0.528 1.359 0.792 1.979 1.03 0.509 1.377 0.809 NA 1 0.793 1.197 0.881 0 0.224 0.415 0.691 2.43 4.018 NA NA NA NA NA NA NA NA NA NA
msst_wide_bayes_r35 1 0.528 1.359 0.792 1.978 1.033 0.51 1.38 0.811 NA 1 0.793 1.197 0.881 0 0.223 0.415 0.689 2.519 4.02 NA NA NA NA NA NA NA NA NA NA
msst_long_bayes_r35 1 0.529 1.36 0.793 1.977 1.032 0.509 1.377 0.81 NA 1 0.792 1.196 0.88 0 0.226 0.417 0.691 2.519 4.022 NA NA NA NA NA NA NA NA NA NA
cuts_wide_ml_r35 -999 -999 -999 -999 -999 -999 -999 -999 -999 -999 -999 -999 -999 -999 -999 -999 -999 -999 -999 -999 -999 -999 -999 -999 -999 -999 -999 -999 -999 -999
cuts_long_ml_r35 1 0.528 1.359 0.792 1.979 1.03 0.509 1.374 0.808 NA 1 0.792 1.197 0.881 4.018 3.408 5.225 4.229 2.431 NA 0.001 0.001 0.003 0.001 NA NA NA NA NA NA
cuts_wide_bayes_r35 1 0.529 1.36 0.794 1.978 1.03 0.509 1.374 0.808 NA 1 0.792 1.197 0.88 4 3.393 5.204 4.213 2.512 NA 0.003 0.002 0.008 0.003 NA NA NA NA NA NA
cuts_long_bayes_r35 1 0.529 1.36 0.793 1.977 1.031 0.509 1.374 0.808 NA 1 0.792 1.198 0.88 3.972 3.376 5.176 4.19 2.52 NA 0.003 0.002 0.008 0.003 NA NA NA NA NA NA
tso_wide_ml_r35 -999 -999 -999 -999 -999 -999 -999 -999 -999 -999 -999 -999 -999 -999 -999 -999 -999 -999 -999 -999 -999 -999 -999 -999 -999 -999 -999 -999 -999 -999
tso_wide_bayes_r35 1 0.529 1.36 0.793 1.978 1.029 0.509 1.368 0.807 0.003 NA NA NA NA 3.984 3.383 5.186 4.199 NA NA 2.703 1.693 3.882 2.099 2.132 3.227 2.555 2.377 1.88 2.843
tso_long_bayes_r35 1 0.529 1.36 0.793 1.977 1.03 0.508 1.37 0.807 0.003 NA NA NA NA 3.992 3.389 5.193 4.208 NA NA 2.695 1.689 3.87 2.089 2.128 3.221 2.551 2.369 1.873 2.832
msst_wide_ml_r36 1 0.484 1.282 0.79 2.143 0.985 0.52 1.509 0.76 NA 1 0.773 1.125 0.854 0 0.321 0.676 0.792 1.913 3.868 NA NA NA NA NA NA NA NA NA NA
msst_long_ml_r36 1 0.484 1.282 0.79 2.143 0.985 0.52 1.509 0.76 NA 1 0.773 1.125 0.854 0 0.321 0.676 0.792 1.912 3.868 NA NA NA NA NA NA NA NA NA NA
msst_wide_bayes_r36 1 0.484 1.283 0.79 2.143 0.987 0.521 1.512 0.762 NA 1 0.773 1.126 0.855 0 0.318 0.675 0.79 1.983 3.87 NA NA NA NA NA NA NA NA NA NA
msst_long_bayes_r36 1 0.484 1.282 0.79 2.142 0.987 0.519 1.51 0.76 NA 1 0.771 1.126 0.853 0 0.326 0.674 0.794 1.986 3.872 NA NA NA NA NA NA NA NA NA NA
cuts_wide_ml_r36 -999 -999 -999 -999 -999 -999 -999 -999 -999 -999 -999 -999 -999 -999 -999 -999 -999 -999 -999 -999 -999 -999 -999 -999 -999 -999 -999 -999 -999 -999
cuts_long_ml_r36 1 0.485 1.281 0.789 2.141 0.984 0.518 1.508 0.758 NA 1 0.771 1.126 0.854 3.868 3.309 5.029 4.096 1.915 NA 0.002 0.004 0.002 0.002 NA NA NA NA NA NA
cuts_wide_bayes_r36 1 0.485 1.281 0.79 2.142 0.983 0.518 1.51 0.758 NA 1 0.771 1.126 0.855 3.854 3.298 5.014 4.083 1.976 NA 0.005 0.005 0.007 0.004 NA NA NA NA NA NA
cuts_long_bayes_r36 1 0.485 1.282 0.79 2.14 0.984 0.518 1.509 0.757 NA 1 0.771 1.126 0.854 3.851 3.296 5.012 4.08 1.982 NA 0.005 0.005 0.007 0.005 NA NA NA NA NA NA
tso_wide_ml_r36 -999 -999 -999 -999 -999 -999 -999 -999 -999 -999 -999 -999 -999 -999 -999 -999 -999 -999 -999 -999 -999 -999 -999 -999 -999 -999 -999 -999 -999 -999
tso_wide_bayes_r36 1 0.485 1.28 0.789 2.145 0.982 0.518 1.508 0.758 0.011 NA NA NA NA 3.845 3.292 5.003 4.077 NA NA 2.134 1.266 2.712 1.56 1.636 2.392 1.841 1.818 1.397 2.052
tso_long_bayes_r36 1 0.485 1.28 0.789 2.144 0.983 0.517 1.509 0.758 0.011 NA NA NA NA 3.871 3.312 5.033 4.1 NA NA 2.125 1.262 2.703 1.553 1.633 2.387 1.837 1.809 1.392 2.043
msst_wide_ml_r37 1 0.498 1.3 0.795 1.956 1.004 0.482 1.435 0.818 NA 1 0.815 1.189 0.895 0 0.119 0.444 0.604 1.919 3.858 NA NA NA NA NA NA NA NA NA NA
msst_long_ml_r37 1 0.498 1.3 0.795 1.956 1.004 0.482 1.435 0.818 NA 1 0.815 1.189 0.895 0 0.119 0.444 0.604 1.919 3.858 NA NA NA NA NA NA NA NA NA NA
msst_wide_bayes_r37 1 0.498 1.301 0.795 1.956 1.006 0.483 1.439 0.82 NA 1 0.816 1.189 0.896 0 0.118 0.444 0.602 1.988 3.86 NA NA NA NA NA NA NA NA NA NA
msst_long_bayes_r37 1 0.499 1.301 0.795 1.955 1.006 0.482 1.437 0.818 NA 1 0.815 1.191 0.896 0 0.119 0.435 0.6 1.99 3.863 NA NA NA NA NA NA NA NA NA NA
cuts_wide_ml_r37 -999 -999 -999 -999 -999 -999 -999 -999 -999 -999 -999 -999 -999 -999 -999 -999 -999 -999 -999 -999 -999 -999 -999 -999 -999 -999 -999 -999 -999 -999
cuts_long_ml_r37 1 0.499 1.3 0.795 1.956 1.003 0.482 1.435 0.816 NA 1 0.815 1.189 0.895 3.858 3.265 5.03 4.057 1.919 NA 0.001 0.001 0.001 0.002 NA NA NA NA NA NA
cuts_wide_bayes_r37 1 0.499 1.3 0.796 1.957 1.003 0.482 1.438 0.816 NA 1 0.815 1.189 0.895 3.844 3.253 5.013 4.044 1.984 NA 0.004 0.003 0.005 0.004 NA NA NA NA NA NA
cuts_long_bayes_r37 1 0.499 1.3 0.795 1.956 1.004 0.482 1.437 0.815 NA 1 0.815 1.189 0.896 3.825 3.24 4.992 4.029 1.985 NA 0.004 0.003 0.005 0.005 NA NA NA NA NA NA
tso_wide_ml_r37 -999 -999 -999 -999 -999 -999 -999 -999 -999 -999 -999 -999 -999 -999 -999 -999 -999 -999 -999 -999 -999 -999 -999 -999 -999 -999 -999 -999 -999 -999
tso_wide_bayes_r37 1 0.499 1.299 0.795 1.953 1.003 0.482 1.437 0.815 -0.021 NA NA NA NA 3.834 3.246 5.001 4.035 NA NA 2.135 1.416 3.02 1.717 1.735 2.529 2.06 1.907 1.552 2.269
tso_long_bayes_r37 1 0.499 1.3 0.795 1.952 1.004 0.481 1.437 0.815 -0.021 NA NA NA NA 3.858 3.265 5.031 4.059 NA NA 2.135 1.411 3.022 1.712 1.731 2.533 2.058 1.904 1.549 2.268
msst_wide_ml_r38 1 0.47 1.32 0.789 2.006 1.008 0.533 1.382 0.858 NA 1 0.824 1.228 0.902 0 0.13 0.305 0.577 1.942 3.707 NA NA NA NA NA NA NA NA NA NA
msst_long_ml_r38 1 0.47 1.32 0.789 2.006 1.008 0.533 1.382 0.858 NA 1 0.824 1.228 0.902 0 0.131 0.305 0.577 1.942 3.707 NA NA NA NA NA NA NA NA NA NA
msst_wide_bayes_r38 1 0.47 1.321 0.79 2.004 1.011 0.535 1.386 0.86 NA 1 0.824 1.228 0.903 0 0.128 0.305 0.575 2.015 3.709 NA NA NA NA NA NA NA NA NA NA
msst_long_bayes_r38 1 0.471 1.321 0.79 2.005 1.011 0.533 1.384 0.86 NA 1 0.823 1.229 0.902 0 0.131 0.301 0.575 2.017 3.711 NA NA NA NA NA NA NA NA NA NA
cuts_wide_ml_r38 -999 -999 -999 -999 -999 -999 -999 -999 -999 -999 -999 -999 -999 -999 -999 -999 -999 -999 -999 -999 -999 -999 -999 -999 -999 -999 -999 -999 -999 -999
cuts_long_ml_r38 1 0.471 1.32 0.789 2.004 1.008 0.533 1.381 0.858 NA 1 0.823 1.228 0.902 3.707 3.183 4.858 3.922 1.943 NA 0.001 0.002 0.002 0 NA NA NA NA NA NA
cuts_wide_bayes_r38 1 0.471 1.321 0.79 2.004 1.008 0.533 1.382 0.86 NA 1 0.822 1.229 0.903 3.692 3.172 4.84 3.909 2.005 NA 0.003 0.004 0.006 0.002 NA NA NA NA NA NA
cuts_long_bayes_r38 1 0.471 1.321 0.79 2.003 1.009 0.533 1.382 0.859 NA 1 0.823 1.229 0.903 3.679 3.161 4.824 3.897 2.009 NA 0.003 0.004 0.006 0.002 NA NA NA NA NA NA
tso_wide_ml_r38 -999 -999 -999 -999 -999 -999 -999 -999 -999 -999 -999 -999 -999 -999 -999 -999 -999 -999 -999 -999 -999 -999 -999 -999 -999 -999 -999 -999 -999 -999
tso_wide_bayes_r38 1 0.471 1.32 0.789 2.003 1.007 0.533 1.38 0.859 0.003 NA NA NA NA 3.684 3.164 4.829 3.901 NA NA 2.159 1.461 3.267 1.76 1.77 2.648 2.175 1.946 1.598 2.395
tso_long_bayes_r38 1 0.471 1.32 0.789 2.003 1.008 0.532 1.38 0.86 0.004 NA NA NA NA 3.698 3.176 4.845 3.915 NA NA 2.16 1.456 3.263 1.757 1.768 2.647 2.171 1.943 1.594 2.388
msst_wide_ml_r39 1 0.496 1.3 0.794 2.183 0.999 0.501 1.486 0.798 NA 1 0.806 1.209 0.888 0 0.143 0.384 0.652 1.797 4.073 NA NA NA NA NA NA NA NA NA NA
msst_long_ml_r39 1 0.496 1.3 0.794 2.183 0.999 0.501 1.486 0.798 NA 1 0.806 1.209 0.888 0 0.143 0.384 0.652 1.797 4.073 NA NA NA NA NA NA NA NA NA NA
msst_wide_bayes_r39 1 0.496 1.301 0.795 2.183 1.001 0.502 1.49 0.8 NA 1 0.807 1.209 0.889 0 0.14 0.382 0.65 1.863 4.074 NA NA NA NA NA NA NA NA NA NA
msst_long_bayes_r39 1 0.496 1.301 0.795 2.182 1 0.501 1.487 0.799 NA 1 0.805 1.209 0.887 0 0.148 0.381 0.654 1.868 4.077 NA NA NA NA NA NA NA NA NA NA
cuts_wide_ml_r39 -999 -999 -999 -999 -999 -999 -999 -999 -999 -999 -999 -999 -999 -999 -999 -999 -999 -999 -999 -999 -999 -999 -999 -999 -999 -999 -999 -999 -999 -999
cuts_long_ml_r39 1 0.496 1.3 0.794 2.183 0.995 0.501 1.478 0.798 NA 1 0.806 1.209 0.888 4.073 3.427 5.307 4.269 1.798 NA 0.004 0.001 0.008 0 NA NA NA NA NA NA
cuts_wide_bayes_r39 1 0.496 1.301 0.795 2.182 0.995 0.501 1.48 0.799 NA 1 0.806 1.209 0.888 4.06 3.417 5.292 4.258 1.858 NA 0.007 0.003 0.012 0.002 NA NA NA NA NA NA
cuts_long_bayes_r39 1 0.496 1.301 0.795 2.18 0.996 0.501 1.478 0.798 NA 1 0.806 1.21 0.889 4.067 3.424 5.301 4.264 1.861 NA 0.007 0.003 0.013 0.003 NA NA NA NA NA NA
tso_wide_ml_r39 -999 -999 -999 -999 -999 -999 -999 -999 -999 -999 -999 -999 -999 -999 -999 -999 -999 -999 -999 -999 -999 -999 -999 -999 -999 -999 -999 -999 -999 -999
tso_wide_bayes_r39 1 0.497 1.3 0.794 2.184 0.994 0.501 1.476 0.799 0.015 NA NA NA NA 4.049 3.408 5.28 4.248 NA NA 2.006 1.296 2.933 1.576 1.605 2.411 1.941 1.772 1.427 2.142
tso_long_bayes_r39 1 0.497 1.301 0.794 2.183 0.995 0.501 1.476 0.799 0.015 NA NA NA NA 4.066 3.422 5.297 4.265 NA NA 2.001 1.292 2.931 1.573 1.6 2.406 1.936 1.767 1.421 2.137
msst_wide_ml_r40 1 0.498 1.295 0.791 1.911 0.996 0.494 1.5 0.792 NA 1 0.788 1.17 0.903 0 0.234 0.556 0.576 1.938 3.93 NA NA NA NA NA NA NA NA NA NA
msst_long_ml_r40 1 0.498 1.295 0.791 1.911 0.996 0.494 1.5 0.792 NA 1 0.788 1.17 0.903 0 0.235 0.556 0.576 1.938 3.93 NA NA NA NA NA NA NA NA NA NA
msst_wide_bayes_r40 1 0.499 1.296 0.791 1.911 0.999 0.495 1.504 0.794 NA 1 0.788 1.17 0.904 0 0.232 0.555 0.573 2.007 3.932 NA NA NA NA NA NA NA NA NA NA
msst_long_bayes_r40 1 0.499 1.296 0.792 1.908 0.998 0.494 1.503 0.791 NA 1 0.787 1.17 0.902 0 0.237 0.553 0.576 2.017 3.935 NA NA NA NA NA NA NA NA NA NA
cuts_wide_ml_r40 -999 -999 -999 -999 -999 -999 -999 -999 -999 -999 -999 -999 -999 -999 -999 -999 -999 -999 -999 -999 -999 -999 -999 -999 -999 -999 -999 -999 -999 -999
cuts_long_ml_r40 1 0.499 1.295 0.791 1.911 0.995 0.493 1.501 0.788 NA 1 0.787 1.17 0.902 3.93 3.33 5.154 4.124 1.939 NA 0.001 0 0 0.004 NA NA NA NA NA NA
cuts_wide_bayes_r40 1 0.499 1.295 0.792 1.911 0.995 0.494 1.504 0.788 NA 1 0.787 1.169 0.902 3.916 3.318 5.137 4.111 2.005 NA 0.004 0.002 0.004 0.006 NA NA NA NA NA NA
cuts_long_bayes_r40 1 0.499 1.295 0.792 1.91 0.996 0.494 1.503 0.787 NA 1 0.788 1.172 0.903 3.889 3.299 5.105 4.088 2.009 NA 0.004 0.002 0.004 0.006 NA NA NA NA NA NA
tso_wide_ml_r40 -999 -999 -999 -999 -999 -999 -999 -999 -999 -999 -999 -999 -999 -999 -999 -999 -999 -999 -999 -999 -999 -999 -999 -999 -999 -999 -999 -999 -999 -999
tso_wide_bayes_r40 1 0.499 1.295 0.792 1.91 0.994 0.494 1.503 0.787 0.001 NA NA NA NA 3.906 3.311 5.125 4.102 NA NA 2.157 1.335 2.956 1.76 1.692 2.52 1.982 1.939 1.527 2.274
tso_long_bayes_r40 1 0.499 1.295 0.793 1.91 0.994 0.493 1.505 0.787 0 NA NA NA NA 3.923 3.325 5.147 4.121 NA NA 2.153 1.33 2.946 1.753 1.688 2.512 1.974 1.934 1.521 2.265
msst_wide_ml_r41 1 0.503 1.296 0.792 1.964 0.941 0.491 1.494 0.797 NA 1 0.794 1.19 0.91 0 0.21 0.42 0.537 1.98 4.14 NA NA NA NA NA NA NA NA NA NA
msst_long_ml_r41 1 0.503 1.296 0.793 1.964 0.94 0.491 1.494 0.797 NA 1 0.794 1.19 0.91 0 0.21 0.42 0.537 1.98 4.14 NA NA NA NA NA NA NA NA NA NA
msst_wide_bayes_r41 1 0.504 1.296 0.793 1.963 0.942 0.493 1.499 0.799 NA 1 0.794 1.19 0.91 0 0.208 0.419 0.535 2.049 4.142 NA NA NA NA NA NA NA NA NA NA
msst_long_bayes_r41 1 0.504 1.297 0.793 1.964 0.941 0.491 1.497 0.797 NA 1 0.794 1.191 0.91 0 0.209 0.412 0.535 2.053 4.145 NA NA NA NA NA NA NA NA NA NA
cuts_wide_ml_r41 -999 -999 -999 -999 -999 -999 -999 -999 -999 -999 -999 -999 -999 -999 -999 -999 -999 -999 -999 -999 -999 -999 -999 -999 -999 -999 -999 -999 -999 -999
cuts_long_ml_r41 1 0.503 1.295 0.793 1.964 0.932 0.491 1.492 0.793 NA 1 0.794 1.19 0.909 4.14 3.496 5.345 4.303 1.98 NA 0.008 0 0.004 0.004 NA NA NA NA NA NA
cuts_wide_bayes_r41 1 0.504 1.296 0.794 1.963 0.934 0.491 1.493 0.793 NA 1 0.793 1.19 0.909 4.128 3.486 5.33 4.29 2.045 NA 0.011 0.003 0.008 0.006 NA NA NA NA NA NA
cuts_long_bayes_r41 1 0.504 1.297 0.794 1.962 0.934 0.491 1.492 0.793 NA 1 0.793 1.19 0.909 4.129 3.489 5.335 4.293 2.051 NA 0.011 0.003 0.008 0.006 NA NA NA NA NA NA
tso_wide_ml_r41 -999 -999 -999 -999 -999 -999 -999 -999 -999 -999 -999 -999 -999 -999 -999 -999 -999 -999 -999 -999 -999 -999 -999 -999 -999 -999 -999 -999 -999 -999
tso_wide_bayes_r41 1 0.504 1.297 0.794 1.96 0.933 0.491 1.491 0.793 0.006 NA NA NA NA 4.111 3.473 5.311 4.277 NA NA 2.213 1.386 3.123 1.823 1.74 2.618 2.074 1.997 1.583 2.375
tso_long_bayes_r41 1 0.504 1.296 0.794 1.962 0.934 0.491 1.492 0.793 0.005 NA NA NA NA 4.135 3.493 5.339 4.301 NA NA 2.206 1.38 3.12 1.818 1.738 2.612 2.068 1.992 1.579 2.368
msst_wide_ml_r42 1 0.501 1.363 0.814 1.914 1.055 0.494 1.406 0.829 NA 1 0.81 1.211 0.914 0 0.171 0.357 0.551 1.741 3.85 NA NA NA NA NA NA NA NA NA NA
msst_long_ml_r42 1 0.501 1.363 0.814 1.914 1.055 0.494 1.406 0.829 NA 1 0.81 1.211 0.914 0 0.171 0.357 0.551 1.741 3.85 NA NA NA NA NA NA NA NA NA NA
msst_wide_bayes_r42 1 0.501 1.363 0.814 1.914 1.057 0.495 1.41 0.831 NA 1 0.81 1.211 0.914 0 0.169 0.356 0.549 1.802 3.852 NA NA NA NA NA NA NA NA NA NA
msst_long_bayes_r42 1 0.502 1.364 0.815 1.911 1.057 0.493 1.41 0.83 NA 1 0.81 1.212 0.913 0 0.172 0.351 0.551 1.809 3.855 NA NA NA NA NA NA NA NA NA NA
cuts_wide_ml_r42 -999 -999 -999 -999 -999 -999 -999 -999 -999 -999 -999 -999 -999 -999 -999 -999 -999 -999 -999 -999 -999 -999 -999 -999 -999 -999 -999 -999 -999 -999
cuts_long_ml_r42 1 0.503 1.363 0.814 1.906 1.053 0.49 1.407 0.828 NA 1 0.805 1.211 0.913 3.85 3.289 5.02 4.069 1.749 NA 0.001 0.008 0.001 0 NA NA NA NA NA NA
cuts_wide_bayes_r42 1 0.504 1.364 0.815 1.906 1.053 0.491 1.409 0.83 NA 1 0.806 1.211 0.913 3.836 3.278 5.004 4.056 1.804 NA 0.005 0.009 0.005 0.002 NA NA NA NA NA NA
cuts_long_bayes_r42 1 0.504 1.364 0.815 1.905 1.053 0.491 1.409 0.829 NA 1 0.806 1.212 0.915 3.822 3.267 4.988 4.043 1.807 NA 0.004 0.009 0.004 0.002 NA NA NA NA NA NA
tso_wide_ml_r42 -999 -999 -999 -999 -999 -999 -999 -999 -999 -999 -999 -999 -999 -999 -999 -999 -999 -999 -999 -999 -999 -999 -999 -999 -999 -999 -999 -999 -999 -999
tso_wide_bayes_r42 1 0.504 1.364 0.815 1.905 1.052 0.49 1.408 0.829 0.022 NA NA NA NA 3.828 3.271 4.994 4.047 NA NA 1.948 1.264 2.85 1.619 1.555 2.349 1.885 1.771 1.423 2.142
tso_long_bayes_r42 1 0.504 1.364 0.816 1.904 1.053 0.49 1.408 0.83 0.022 NA NA NA NA 3.859 3.296 5.029 4.077 NA NA 1.946 1.265 2.846 1.613 1.556 2.346 1.885 1.767 1.422 2.137
msst_wide_ml_r43 1 0.484 1.278 0.789 2.087 1.034 0.487 1.516 0.762 NA 1 0.804 1.216 0.887 0 0.18 0.35 0.675 1.657 4.104 NA NA NA NA NA NA NA NA NA NA
msst_long_ml_r43 1 0.484 1.278 0.789 2.087 1.034 0.487 1.516 0.762 NA 1 0.804 1.216 0.887 0 0.18 0.349 0.675 1.657 4.104 NA NA NA NA NA NA NA NA NA NA
msst_wide_bayes_r43 1 0.484 1.279 0.789 2.085 1.036 0.488 1.52 0.763 NA 1 0.805 1.217 0.888 0 0.178 0.349 0.673 1.714 4.105 NA NA NA NA NA NA NA NA NA NA
msst_long_bayes_r43 1 0.485 1.279 0.79 2.084 1.036 0.487 1.517 0.762 NA 1 0.804 1.218 0.887 0 0.182 0.341 0.673 1.717 4.108 NA NA NA NA NA NA NA NA NA NA
cuts_wide_ml_r43 -999 -999 -999 -999 -999 -999 -999 -999 -999 -999 -999 -999 -999 -999 -999 -999 -999 -999 -999 -999 -999 -999 -999 -999 -999 -999 -999 -999 -999 -999
cuts_long_ml_r43 1 0.484 1.278 0.789 2.086 1.033 0.487 1.514 0.761 NA 1 0.804 1.216 0.887 4.104 3.48 5.341 4.316 1.658 NA 0.001 0.001 0.002 0.001 NA NA NA NA NA NA
cuts_wide_bayes_r43 1 0.485 1.279 0.79 2.085 1.035 0.487 1.515 0.761 NA 1 0.803 1.217 0.887 4.091 3.469 5.325 4.303 1.71 NA 0.004 0.003 0.007 0.003 NA NA NA NA NA NA
cuts_long_bayes_r43 1 0.485 1.278 0.79 2.085 1.035 0.487 1.514 0.761 NA 1 0.804 1.218 0.888 4.077 3.46 5.312 4.294 1.717 NA 0.003 0.003 0.007 0.003 NA NA NA NA NA NA
tso_wide_ml_r43 -999 -999 -999 -999 -999 -999 -999 -999 -999 -999 -999 -999 -999 -999 -999 -999 -999 -999 -999 -999 -999 -999 -999 -999 -999 -999 -999 -999 -999 -999
tso_wide_bayes_r43 1 0.485 1.278 0.79 2.081 1.034 0.487 1.513 0.76 -0.011 NA NA NA NA 4.084 3.465 5.317 4.298 NA NA 1.848 1.189 2.744 1.452 1.477 2.243 1.799 1.632 1.312 1.988
tso_long_bayes_r43 1 0.485 1.278 0.79 2.081 1.035 0.486 1.514 0.76 -0.011 NA NA NA NA 4.101 3.478 5.337 4.315 NA NA 1.846 1.186 2.737 1.449 1.475 2.241 1.792 1.63 1.306 1.982
msst_wide_ml_r44 1 0.518 1.291 0.803 1.919 1.002 0.516 1.444 0.791 NA 1 0.792 1.195 0.914 0 0.204 0.433 0.541 1.795 3.959 NA NA NA NA NA NA NA NA NA NA
msst_long_ml_r44 1 0.518 1.291 0.803 1.919 1.002 0.516 1.444 0.791 NA 1 0.792 1.195 0.914 0 0.204 0.433 0.541 1.795 3.959 NA NA NA NA NA NA NA NA NA NA
msst_wide_bayes_r44 1 0.518 1.291 0.803 1.919 1.004 0.517 1.448 0.793 NA 1 0.793 1.195 0.915 0 0.202 0.432 0.539 1.858 3.962 NA NA NA NA NA NA NA NA NA NA
msst_long_bayes_r44 1 0.519 1.292 0.804 1.916 1.003 0.515 1.444 0.791 NA 1 0.792 1.196 0.914 0 0.206 0.428 0.541 1.864 3.964 NA NA NA NA NA NA NA NA NA NA
cuts_wide_ml_r44 -999 -999 -999 -999 -999 -999 -999 -999 -999 -999 -999 -999 -999 -999 -999 -999 -999 -999 -999 -999 -999 -999 -999 -999 -999 -999 -999 -999 -999 -999
cuts_long_ml_r44 1 0.519 1.29 0.803 1.917 0.998 0.514 1.442 0.789 NA 1 0.791 1.195 0.914 3.959 3.341 5.164 4.159 1.797 NA 0.004 0.003 0.003 0.002 NA NA NA NA NA NA
cuts_wide_bayes_r44 1 0.519 1.291 0.804 1.917 0.998 0.515 1.442 0.79 NA 1 0.791 1.195 0.914 3.946 3.33 5.148 4.147 1.853 NA 0.007 0.004 0.008 0.004 NA NA NA NA NA NA
cuts_long_bayes_r44 1 0.52 1.291 0.804 1.917 0.998 0.515 1.442 0.789 NA 1 0.792 1.196 0.915 3.945 3.329 5.146 4.145 1.856 NA 0.007 0.005 0.008 0.005 NA NA NA NA NA NA
tso_wide_ml_r44 -999 -999 -999 -999 -999 -999 -999 -999 -999 -999 -999 -999 -999 -999 -999 -999 -999 -999 -999 -999 -999 -999 -999 -999 -999 -999 -999 -999 -999 -999
tso_wide_bayes_r44 1 0.52 1.291 0.803 1.911 0.998 0.514 1.44 0.789 -0.027 NA NA NA NA 3.936 3.322 5.137 4.137 NA NA 2.01 1.251 2.869 1.676 1.578 2.392 1.887 1.826 1.441 2.185
tso_long_bayes_r44 1 0.52 1.291 0.803 1.911 0.999 0.514 1.441 0.789 -0.027 NA NA NA NA 3.961 3.343 5.165 4.162 NA NA 2.004 1.248 2.86 1.666 1.573 2.384 1.881 1.82 1.434 2.173
msst_wide_ml_r45 1 0.508 1.331 0.785 1.93 1.014 0.497 1.472 0.801 NA 1 0.802 1.167 0.895 0 0.179 0.486 0.59 1.863 3.838 NA NA NA NA NA NA NA NA NA NA
msst_long_ml_r45 1 0.508 1.331 0.785 1.93 1.014 0.497 1.472 0.801 NA 1 0.802 1.167 0.895 0 0.179 0.486 0.59 1.863 3.838 NA NA NA NA NA NA NA NA NA NA
msst_wide_bayes_r45 1 0.508 1.332 0.786 1.928 1.016 0.498 1.477 0.803 NA 1 0.802 1.167 0.895 0 0.178 0.487 0.588 1.927 3.84 NA NA NA NA NA NA NA NA NA NA
msst_long_bayes_r45 1 0.508 1.332 0.786 1.928 1.017 0.497 1.475 0.801 NA 1 0.802 1.169 0.895 0 0.181 0.477 0.589 1.932 3.842 NA NA NA NA NA NA NA NA NA NA
cuts_wide_ml_r45 -999 -999 -999 -999 -999 -999 -999 -999 -999 -999 -999 -999 -999 -999 -999 -999 -999 -999 -999 -999 -999 -999 -999 -999 -999 -999 -999 -999 -999 -999
cuts_long_ml_r45 1 0.508 1.331 0.786 1.929 1.014 0.496 1.471 0.797 NA 1 0.802 1.167 0.894 3.838 3.258 4.964 4.025 1.864 NA 0 0.001 0.002 0.004 NA NA NA NA NA NA
cuts_wide_bayes_r45 1 0.509 1.332 0.787 1.928 1.016 0.497 1.474 0.797 NA 1 0.801 1.167 0.895 3.824 3.246 4.947 4.012 1.925 NA 0.002 0.002 0.006 0.006 NA NA NA NA NA NA
cuts_long_bayes_r45 1 0.509 1.332 0.787 1.927 1.017 0.497 1.472 0.797 NA 1 0.801 1.167 0.895 3.79 3.22 4.909 3.983 1.936 NA 0.002 0.003 0.006 0.006 NA NA NA NA NA NA
tso_wide_ml_r45 -999 -999 -999 -999 -999 -999 -999 -999 -999 -999 -999 -999 -999 -999 -999 -999 -999 -999 -999 -999 -999 -999 -999 -999 -999 -999 -999 -999 -999 -999
tso_wide_bayes_r45 1 0.509 1.332 0.788 1.923 1.016 0.497 1.47 0.795 -0.011 NA NA NA NA 3.813 3.238 4.935 4.002 NA NA 2.074 1.329 2.834 1.662 1.654 2.417 1.933 1.85 1.481 2.16
tso_long_bayes_r45 1 0.509 1.332 0.788 1.923 1.016 0.496 1.47 0.796 -0.011 NA NA NA NA 3.831 3.252 4.955 4.02 NA NA 2.069 1.325 2.83 1.655 1.651 2.414 1.928 1.843 1.475 2.152
msst_wide_ml_r46 1 0.522 1.345 0.824 1.904 1.035 0.516 1.479 0.776 NA 1 0.805 1.212 0.899 0 0.17 0.418 0.605 1.614 4.146 NA NA NA NA NA NA NA NA NA NA
msst_long_ml_r46 1 0.522 1.345 0.824 1.904 1.035 0.515 1.479 0.776 NA 1 0.805 1.212 0.899 0 0.17 0.418 0.605 1.614 4.146 NA NA NA NA NA NA NA NA NA NA
msst_wide_bayes_r46 1 0.522 1.346 0.824 1.903 1.038 0.517 1.484 0.778 NA 1 0.805 1.212 0.9 0 0.167 0.418 0.602 1.671 4.148 NA NA NA NA NA NA NA NA NA NA
msst_long_bayes_r46 1 0.523 1.346 0.824 1.901 1.038 0.515 1.482 0.776 NA 1 0.804 1.212 0.899 0 0.174 0.417 0.605 1.677 4.15 NA NA NA NA NA NA NA NA NA NA
cuts_wide_ml_r46 -999 -999 -999 -999 -999 -999 -999 -999 -999 -999 -999 -999 -999 -999 -999 -999 -999 -999 -999 -999 -999 -999 -999 -999 -999 -999 -999 -999 -999 -999
cuts_long_ml_r46 1 0.523 1.345 0.824 1.901 1.035 0.513 1.48 0.775 NA 1 0.803 1.212 0.899 4.146 3.506 5.442 4.334 1.616 NA 0.001 0.004 0.001 0.001 NA NA NA NA NA NA
cuts_wide_bayes_r46 1 0.524 1.346 0.825 1.901 1.035 0.514 1.482 0.775 NA 1 0.803 1.212 0.899 4.134 3.496 5.428 4.322 1.668 NA 0.004 0.005 0.005 0.003 NA NA NA NA NA NA
cuts_long_bayes_r46 1 0.524 1.346 0.824 1.9 1.036 0.514 1.481 0.774 NA 1 0.803 1.212 0.899 4.121 3.487 5.413 4.311 1.675 NA 0.003 0.005 0.005 0.003 NA NA NA NA NA NA
tso_wide_ml_r46 -999 -999 -999 -999 -999 -999 -999 -999 -999 -999 -999 -999 -999 -999 -999 -999 -999 -999 -999 -999 -999 -999 -999 -999 -999 -999 -999 -999 -999 -999
tso_wide_bayes_r46 1 0.524 1.346 0.824 1.901 1.036 0.513 1.478 0.774 0.044 NA NA NA NA 4.126 3.49 5.418 4.315 NA NA 1.802 1.161 2.645 1.457 1.439 2.175 1.743 1.613 1.294 1.956
tso_long_bayes_r46 1 0.524 1.346 0.824 1.9 1.036 0.513 1.479 0.775 0.043 NA NA NA NA 4.148 3.508 5.444 4.337 NA NA 1.795 1.155 2.634 1.449 1.432 2.167 1.735 1.607 1.288 1.946
msst_wide_ml_r47 1 0.496 1.285 0.787 2.048 1.01 0.48 1.436 0.819 NA 1 0.795 1.187 0.917 0 0.204 0.433 0.55 1.977 3.83 NA NA NA NA NA NA NA NA NA NA
msst_long_ml_r47 1 0.496 1.285 0.787 2.048 1.01 0.48 1.436 0.819 NA 1 0.795 1.187 0.917 0 0.204 0.433 0.55 1.977 3.83 NA NA NA NA NA NA NA NA NA NA
msst_wide_bayes_r47 1 0.496 1.285 0.787 2.046 1.012 0.481 1.439 0.821 NA 1 0.795 1.188 0.917 0 0.203 0.433 0.548 2.046 3.832 NA NA NA NA NA NA NA NA NA NA
msst_long_bayes_r47 1 0.497 1.286 0.788 2.047 1.011 0.48 1.437 0.819 NA 1 0.795 1.189 0.917 0 0.203 0.426 0.549 2.049 3.835 NA NA NA NA NA NA NA NA NA NA
cuts_wide_ml_r47 -999 -999 -999 -999 -999 -999 -999 -999 -999 -999 -999 -999 -999 -999 -999 -999 -999 -999 -999 -999 -999 -999 -999 -999 -999 -999 -999 -999 -999 -999
cuts_long_ml_r47 1 0.496 1.284 0.787 2.05 1.003 0.48 1.433 0.815 NA 1 0.795 1.188 0.916 3.83 3.248 4.982 4.061 1.977 NA 0.007 0 0.003 0.004 NA NA NA NA NA NA
cuts_wide_bayes_r47 1 0.496 1.285 0.788 2.05 1.003 0.48 1.433 0.816 NA 1 0.794 1.188 0.916 3.816 3.236 4.966 4.048 2.041 NA 0.01 0.002 0.008 0.006 NA NA NA NA NA NA
cuts_long_bayes_r47 1 0.496 1.285 0.788 2.048 1.004 0.48 1.432 0.815 NA 1 0.796 1.189 0.918 3.823 3.242 4.973 4.053 2.039 NA 0.009 0.003 0.008 0.006 NA NA NA NA NA NA
tso_wide_ml_r47 -999 -999 -999 -999 -999 -999 -999 -999 -999 -999 -999 -999 -999 -999 -999 -999 -999 -999 -999 -999 -999 -999 -999 -999 -999 -999 -999 -999 -999 -999
tso_wide_bayes_r47 1 0.496 1.284 0.787 2.051 1.002 0.48 1.431 0.815 0.01 NA NA NA NA 3.805 3.229 4.952 4.038 NA NA 2.204 1.383 3.106 1.849 1.74 2.599 2.066 2.009 1.593 2.387
tso_long_bayes_r47 1 0.496 1.285 0.787 2.051 1.003 0.479 1.432 0.815 0.009 NA NA NA NA 3.82 3.241 4.97 4.054 NA NA 2.198 1.381 3.1 1.842 1.737 2.597 2.064 2.003 1.59 2.378
msst_wide_ml_r48 1 0.483 1.341 0.806 1.97 1.048 0.519 1.389 0.824 NA 1 0.82 1.205 0.919 0 0.091 0.337 0.547 1.842 3.743 NA NA NA NA NA NA NA NA NA NA
msst_long_ml_r48 1 0.483 1.341 0.806 1.97 1.048 0.519 1.389 0.824 NA 1 0.82 1.205 0.919 0 0.091 0.337 0.548 1.842 3.743 NA NA NA NA NA NA NA NA NA NA
msst_wide_bayes_r48 1 0.483 1.341 0.806 1.969 1.05 0.52 1.392 0.826 NA 1 0.821 1.205 0.919 0 0.089 0.335 0.546 1.909 3.745 NA NA NA NA NA NA NA NA NA NA
msst_long_bayes_r48 1 0.484 1.343 0.806 1.967 1.049 0.519 1.39 0.824 NA 1 0.82 1.206 0.919 0 0.09 0.333 0.544 1.909 3.748 NA NA NA NA NA NA NA NA NA NA
cuts_wide_ml_r48 1 0.483 1.341 0.805 1.97 1.043 0.518 1.387 0.821 NA 1 0.82 1.205 0.918 3.743 3.162 4.848 3.986 1.842 NA 0.004 0.001 0.002 0.003 NA NA NA NA NA NA
cuts_long_ml_r48 1 0.483 1.341 0.805 1.97 1.043 0.518 1.387 0.821 NA 1 0.82 1.205 0.918 3.743 3.162 4.848 3.986 1.842 NA 0.004 0.001 0.002 0.003 NA NA NA NA NA NA
cuts_wide_bayes_r48 1 0.484 1.341 0.806 1.971 1.043 0.518 1.385 0.822 NA 1 0.82 1.206 0.919 3.731 3.151 4.833 3.974 1.905 NA 0.008 0.004 0.009 0.005 NA NA NA NA NA NA
cuts_long_bayes_r48 1 0.484 1.341 0.806 1.97 1.043 0.518 1.386 0.821 NA 1 0.821 1.207 0.92 3.737 3.158 4.843 3.981 1.907 NA 0.008 0.004 0.009 0.006 NA NA NA NA NA NA
tso_wide_ml_r48 -999 -999 -999 -999 -999 -999 -999 -999 -999 -999 -999 -999 -999 -999 -999 -999 -999 -999 -999 -999 -999 -999 -999 -999 -999 -999 -999 -999 -999 -999
tso_wide_bayes_r48 1 0.484 1.34 0.805 1.968 1.041 0.518 1.384 0.821 -0.018 NA NA NA NA 3.719 3.142 4.819 3.963 NA NA 2.057 1.377 2.987 1.736 1.675 2.466 2.018 1.88 1.538 2.269
tso_long_bayes_r48 1 0.484 1.34 0.805 1.967 1.041 0.518 1.385 0.821 -0.019 NA NA NA NA 3.744 3.163 4.848 3.989 NA NA 2.052 1.372 2.987 1.73 1.672 2.463 2.016 1.874 1.533 2.266
msst_wide_ml_r49 1 0.48 1.237 0.761 2.202 0.93 0.496 1.475 0.78 NA 1 0.792 1.207 0.907 0 0.188 0.36 0.587 1.867 3.809 NA NA NA NA NA NA NA NA NA NA
msst_long_ml_r49 1 0.48 1.237 0.761 2.202 0.93 0.495 1.475 0.779 NA 1 0.792 1.207 0.907 0 0.188 0.36 0.587 1.867 3.809 NA NA NA NA NA NA NA NA NA NA
msst_wide_bayes_r49 1 0.48 1.238 0.762 2.2 0.933 0.497 1.479 0.782 NA 1 0.793 1.208 0.907 0 0.185 0.359 0.584 1.934 3.811 NA NA NA NA NA NA NA NA NA NA
msst_long_bayes_r49 1 0.48 1.238 0.762 2.201 0.932 0.496 1.477 0.78 NA 1 0.792 1.208 0.906 0 0.188 0.356 0.586 1.938 3.813 NA NA NA NA NA NA NA NA NA NA
cuts_wide_ml_r49 -999 -999 -999 -999 -999 -999 -999 -999 -999 -999 -999 -999 -999 -999 -999 -999 -999 -999 -999 -999 -999 -999 -999 -999 -999 -999 -999 -999 -999 -999
cuts_long_ml_r49 1 0.48 1.237 0.761 2.202 0.929 0.495 1.476 0.778 NA 1 0.792 1.207 0.907 3.809 3.206 4.958 4.04 1.867 NA 0.001 0.001 0 0.001 NA NA NA NA NA NA
cuts_wide_bayes_r49 1 0.48 1.237 0.762 2.205 0.929 0.496 1.478 0.778 NA 1 0.792 1.208 0.907 3.795 3.195 4.942 4.027 1.927 NA 0.004 0.002 0.004 0.003 NA NA NA NA NA NA
cuts_long_bayes_r49 1 0.48 1.237 0.761 2.203 0.929 0.496 1.478 0.778 NA 1 0.793 1.208 0.907 3.762 3.17 4.903 3.998 1.931 NA 0.004 0.002 0.004 0.004 NA NA NA NA NA NA
tso_wide_ml_r49 -999 -999 -999 -999 -999 -999 -999 -999 -999 -999 -999 -999 -999 -999 -999 -999 -999 -999 -999 -999 -999 -999 -999 -999 -999 -999 -999 -999 -999 -999
tso_wide_bayes_r49 1 0.48 1.236 0.761 2.204 0.927 0.495 1.477 0.777 -0.012 NA NA NA NA 3.784 3.189 4.931 4.019 NA NA 2.075 1.3 3.026 1.706 1.638 2.495 1.975 1.873 1.483 2.27
tso_long_bayes_r49 1 0.48 1.236 0.761 2.203 0.928 0.495 1.477 0.777 -0.012 NA NA NA NA 3.81 3.207 4.959 4.042 NA NA 2.074 1.297 3.026 1.707 1.637 2.496 1.975 1.873 1.481 2.268
msst_wide_ml_r50 1 0.498 1.287 0.777 2.11 0.993 0.499 1.558 0.807 NA 1 0.802 1.189 0.873 0 0.203 0.438 0.722 2.027 4.084 NA NA NA NA NA NA NA NA NA NA
msst_long_ml_r50 1 0.498 1.287 0.777 2.11 0.993 0.499 1.558 0.807 NA 1 0.802 1.189 0.873 0 0.203 0.438 0.722 2.027 4.084 NA NA NA NA NA NA NA NA NA NA
msst_wide_bayes_r50 1 0.498 1.286 0.777 2.11 0.995 0.5 1.563 0.809 NA 1 0.802 1.189 0.874 0 0.201 0.437 0.72 2.099 4.086 NA NA NA NA NA NA NA NA NA NA
msst_long_bayes_r50 1 0.499 1.287 0.777 2.109 0.994 0.499 1.561 0.807 NA 1 0.801 1.19 0.873 0 0.205 0.429 0.72 2.106 4.089 NA NA NA NA NA NA NA NA NA NA
cuts_wide_ml_r50 -999 -999 -999 -999 -999 -999 -999 -999 -999 -999 -999 -999 -999 -999 -999 -999 -999 -999 -999 -999 -999 -999 -999 -999 -999 -999 -999 -999 -999 -999
cuts_long_ml_r50 1 0.499 1.286 0.776 2.11 0.987 0.498 1.559 0.805 NA 1 0.801 1.19 0.873 4.084 3.479 5.294 4.288 2.028 NA 0.006 0.002 0 0.001 NA NA NA NA NA NA
cuts_wide_bayes_r50 1 0.499 1.286 0.777 2.111 0.987 0.499 1.561 0.806 NA 1 0.801 1.19 0.873 4.07 3.467 5.277 4.275 2.093 NA 0.009 0.004 0.005 0.003 NA NA NA NA NA NA
cuts_long_bayes_r50 1 0.499 1.286 0.777 2.11 0.987 0.499 1.56 0.805 NA 1 0.801 1.19 0.874 4.059 3.46 5.264 4.265 2.098 NA 0.009 0.004 0.005 0.004 NA NA NA NA NA NA
tso_wide_ml_r50 -999 -999 -999 -999 -999 -999 -999 -999 -999 -999 -999 -999 -999 -999 -999 -999 -999 -999 -999 -999 -999 -999 -999 -999 -999 -999 -999 -999 -999 -999
tso_wide_bayes_r50 1 0.499 1.285 0.776 2.095 0.986 0.499 1.559 0.804 -0.064 NA NA NA NA 4.06 3.459 5.266 4.266 NA NA 2.265 1.447 3.212 1.728 1.802 2.683 2.146 1.966 1.574 2.35
tso_long_bayes_r50 1 0.499 1.285 0.776 2.095 0.986 0.498 1.56 0.804 -0.063 NA NA NA NA 4.075 3.472 5.282 4.281 NA NA 2.263 1.443 3.204 1.722 1.801 2.68 2.139 1.962 1.569 2.343
