w_loading1 w_loading2 w_loading3 w_loading4 common_state_var unique_state_error_var1 unique_state_error_var2 unique_state_error_var3 unique_state_error_var4 ar_effect b_loading1 b_loading2 b_loading3 b_loading4 intercept1 intercept2 intercept3 intercept4 common_trait_var trait_mean unique_indicator_trait_var1 unique_indicator_trait_var2 unique_indicator_trait_var3 unique_indicator_trait_var4 cov12 cov13 cov23 cov14 cov24 cov34
msst_wide_ml_r1 0 0.013 0.03 0.024 0.117 0.056 0.019 0.085 0.061 NA 0 0.066 0.044 0.044 0 0.137 0.092 0.09 0.126 0.093 NA NA NA NA NA NA NA NA NA NA
msst_long_ml_r1 0 0.013 0.03 0.024 0.117 0.056 0.019 0.085 0.061 NA 0 0.066 0.044 0.044 0 0.137 0.092 0.09 0.126 0.093 NA NA NA NA NA NA NA NA NA NA
msst_wide_bayes_r1 0 0.013 0.03 0.024 0.119 0.056 0.019 0.086 0.061 NA 0 0.066 0.044 0.045 0 0.136 0.092 0.091 0.137 0.094 NA NA NA NA NA NA NA NA NA NA
msst_long_bayes_r1 0 0.013 0.031 0.024 0.116 0.056 0.018 0.085 0.06 NA 0 0.064 0.042 0.045 0 0.134 0.089 0.093 0.143 0.097 NA NA NA NA NA NA NA NA NA NA
cuts_wide_ml_r1 0 0.013 0.028 0.018 0.077 0.038 0.016 0.06 0.028 NA 0 0.087 0.1 0.106 0.145 0.129 0.156 0.146 0.302 NA 0.112 0.117 0.122 0.167 NA NA NA NA NA NA
cuts_long_ml_r1 0 0.013 0.028 0.018 0.077 0.038 0.016 0.06 0.028 NA 0 0.087 0.1 0.106 0.145 0.129 0.156 0.146 0.302 NA 0.112 0.117 0.122 0.167 NA NA NA NA NA NA
cuts_wide_bayes_r1 0 0.013 0.028 0.018 0.078 0.039 0.016 0.06 0.028 NA 0 0.095 0.112 0.119 0.149 0.133 0.16 0.145 0.329 NA 0.129 0.133 0.141 0.188 NA NA NA NA NA NA
cuts_long_bayes_r1 0 0.013 0.028 0.018 0.078 0.038 0.016 0.06 0.028 NA 0 0.093 0.108 0.113 0.147 0.133 0.159 0.151 0.326 NA 0.127 0.131 0.137 0.186 NA NA NA NA NA NA
tso_wide_ml_r1 0 0.013 0.028 0.018 0.077 0.038 0.016 0.06 0.028 0.022 NA NA NA NA 0.145 0.129 0.156 0.146 NA NA 0.297 0.235 0.345 0.303 0.228 0.289 0.244 0.247 0.212 0.276
tso_wide_bayes_r1 0 0.013 0.028 0.018 0.077 0.038 0.016 0.061 0.028 0.022 NA NA NA NA 0.155 0.142 0.166 0.153 NA NA 0.36 0.284 0.415 0.367 0.274 0.349 0.292 0.295 0.253 0.332
tso_long_bayes_r1 0 0.013 0.028 0.018 0.077 0.038 0.016 0.06 0.028 0.022 NA NA NA NA 0.132 0.119 0.155 0.139 NA NA 0.352 0.28 0.412 0.361 0.27 0.344 0.291 0.293 0.251 0.328
msst_wide_ml_r2 0 0.012 0.025 0.018 0.128 0.056 0.018 0.083 0.047 NA 0 0.222 0.089 0.074 0 0.476 0.192 0.158 0.057 0.063 NA NA NA NA NA NA NA NA NA NA
msst_long_ml_r2 0 0.012 0.025 0.018 0.128 0.056 0.018 0.083 0.047 NA 0 0.221 0.089 0.074 0 0.474 0.192 0.158 0.058 0.063 NA NA NA NA NA NA NA NA NA NA
msst_wide_bayes_r2 0 0.012 0.025 0.018 0.13 0.057 0.018 0.083 0.048 NA 0 0.25 0.096 0.079 0 0.531 0.206 0.17 0.062 0.063 NA NA NA NA NA NA NA NA NA NA
msst_long_bayes_r2 0 0.012 0.025 0.018 0.128 0.056 0.018 0.083 0.047 NA 0 0.233 0.094 0.079 0 0.507 0.204 0.171 0.065 0.064 NA NA NA NA NA NA NA NA NA NA
cuts_wide_ml_r2 0 0.013 0.028 0.018 0.082 0.039 0.016 0.063 0.029 NA 0 0.1 0.103 0.089 0.14 0.133 0.165 0.13 0.278 NA 0.095 0.147 0.119 0.107 NA NA NA NA NA NA
cuts_long_ml_r2 0 0.013 0.028 0.018 0.082 0.039 0.016 0.063 0.029 NA 0 0.1 0.103 0.089 0.14 0.133 0.165 0.13 0.278 NA 0.095 0.147 0.12 0.107 NA NA NA NA NA NA
cuts_wide_bayes_r2 0 0.013 0.028 0.018 0.082 0.039 0.016 0.063 0.03 NA 0 0.103 0.112 0.096 0.145 0.137 0.169 0.13 0.301 NA 0.107 0.165 0.134 0.12 NA NA NA NA NA NA
cuts_long_bayes_r2 0 0.013 0.027 0.018 0.082 0.04 0.016 0.063 0.029 NA 0 0.105 0.111 0.097 0.142 0.138 0.169 0.134 0.298 NA 0.108 0.164 0.131 0.119 NA NA NA NA NA NA
tso_wide_ml_r2 0 0.013 0.028 0.018 0.082 0.039 0.016 0.063 0.029 0.022 NA NA NA NA 0.14 0.133 0.165 0.13 NA NA 0.277 0.251 0.386 0.238 0.215 0.299 0.261 0.221 0.199 0.265
tso_wide_bayes_r2 0 0.013 0.028 0.018 0.082 0.04 0.016 0.064 0.029 0.022 NA NA NA NA 0.149 0.147 0.175 0.136 NA NA 0.336 0.303 0.463 0.287 0.257 0.36 0.312 0.265 0.236 0.318
tso_long_bayes_r2 0 0.013 0.028 0.018 0.082 0.039 0.016 0.063 0.029 0.022 NA NA NA NA 0.131 0.125 0.162 0.121 NA NA 0.33 0.298 0.46 0.283 0.255 0.355 0.31 0.262 0.235 0.315
msst_wide_ml_r3 0 0.013 0.029 0.022 0.124 0.059 0.019 0.089 0.059 NA 0 0.117 0.059 0.057 0 0.259 0.132 0.126 0.092 0.079 NA NA NA NA NA NA NA NA NA NA
msst_long_ml_r3 0 0.013 0.029 0.022 0.124 0.059 0.019 0.089 0.059 NA 0 0.116 0.059 0.057 0 0.258 0.132 0.126 0.093 0.079 NA NA NA NA NA NA NA NA NA NA
msst_wide_bayes_r3 0 0.013 0.029 0.022 0.126 0.058 0.019 0.089 0.059 NA 0 0.121 0.06 0.058 0 0.266 0.134 0.129 0.1 0.08 NA NA NA NA NA NA NA NA NA NA
msst_long_bayes_r3 0 0.013 0.029 0.022 0.125 0.059 0.019 0.089 0.058 NA 0 0.11 0.055 0.054 0 0.241 0.122 0.12 0.106 0.083 NA NA NA NA NA NA NA NA NA NA
cuts_wide_ml_r3 0 0.013 0.029 0.018 0.077 0.037 0.016 0.061 0.027 NA 0 0.106 0.104 0.112 0.145 0.144 0.159 0.165 0.298 NA 0.111 0.154 0.127 0.167 NA NA NA NA NA NA
cuts_long_ml_r3 0 0.013 0.029 0.018 0.077 0.037 0.016 0.061 0.027 NA 0 0.106 0.104 0.112 0.145 0.144 0.159 0.165 0.298 NA 0.111 0.154 0.127 0.167 NA NA NA NA NA NA
cuts_wide_bayes_r3 0 0.013 0.029 0.018 0.077 0.038 0.016 0.061 0.027 NA 0 0.111 0.113 0.123 0.148 0.147 0.161 0.162 0.321 NA 0.125 0.171 0.143 0.189 NA NA NA NA NA NA
cuts_long_bayes_r3 0 0.013 0.029 0.018 0.077 0.038 0.016 0.061 0.027 NA 0 0.113 0.114 0.122 0.147 0.15 0.163 0.171 0.32 NA 0.125 0.173 0.142 0.188 NA NA NA NA NA NA
tso_wide_ml_r3 0 0.013 0.029 0.018 0.077 0.037 0.016 0.061 0.027 0.022 NA NA NA NA 0.145 0.145 0.159 0.165 NA NA 0.296 0.295 0.357 0.385 0.247 0.29 0.277 0.294 0.276 0.322
tso_wide_bayes_r3 0 0.013 0.029 0.018 0.076 0.038 0.016 0.062 0.027 0.022 NA NA NA NA 0.153 0.16 0.169 0.172 NA NA 0.359 0.355 0.426 0.467 0.294 0.348 0.33 0.354 0.33 0.388
tso_long_bayes_r3 0 0.013 0.029 0.018 0.078 0.037 0.016 0.061 0.027 0.022 NA NA NA NA 0.132 0.132 0.156 0.15 NA NA 0.353 0.351 0.426 0.459 0.292 0.345 0.329 0.349 0.327 0.383
msst_wide_ml_r4 0 0.012 0.022 0.017 0.129 0.053 0.016 0.073 0.044 NA 0 0.317 0.09 0.072 0 0.69 0.197 0.156 0.048 0.059 NA NA NA NA NA NA NA NA NA NA
msst_long_ml_r4 0 0.012 0.022 0.017 0.129 0.053 0.016 0.073 0.044 NA 0 0.317 0.09 0.072 0 0.689 0.197 0.156 0.048 0.059 NA NA NA NA NA NA NA NA NA NA
msst_wide_bayes_r4 0 0.012 0.022 0.017 0.131 0.053 0.017 0.074 0.044 NA 0 0.34 0.095 0.075 0 0.729 0.207 0.162 0.049 0.059 NA NA NA NA NA NA NA NA NA NA
msst_long_bayes_r4 0 0.012 0.022 0.017 0.127 0.053 0.016 0.073 0.044 NA 0 0.352 0.093 0.074 0 0.755 0.204 0.161 0.051 0.058 NA NA NA NA NA NA NA NA NA NA
cuts_wide_ml_r4 0 0.012 0.026 0.017 0.08 0.036 0.015 0.059 0.027 NA 0 0.111 0.086 0.082 0.146 0.151 0.149 0.137 0.301 NA 0.098 0.207 0.094 0.092 NA NA NA NA NA NA
cuts_long_ml_r4 0 0.012 0.026 0.017 0.08 0.036 0.015 0.059 0.027 NA 0 0.111 0.086 0.082 0.146 0.151 0.149 0.137 0.301 NA 0.098 0.207 0.094 0.092 NA NA NA NA NA NA
cuts_wide_bayes_r4 0 0.012 0.026 0.017 0.08 0.037 0.015 0.058 0.028 NA 0 0.113 0.094 0.092 0.149 0.156 0.151 0.136 0.327 NA 0.111 0.231 0.107 0.106 NA NA NA NA NA NA
cuts_long_bayes_r4 0 0.012 0.027 0.017 0.08 0.037 0.015 0.059 0.027 NA 0 0.116 0.093 0.089 0.148 0.157 0.153 0.141 0.328 NA 0.111 0.231 0.105 0.104 NA NA NA NA NA NA
tso_wide_ml_r4 0 0.012 0.026 0.017 0.08 0.036 0.015 0.059 0.027 0.022 NA NA NA NA 0.146 0.151 0.149 0.137 NA NA 0.3 0.324 0.313 0.264 0.25 0.279 0.263 0.251 0.234 0.259
tso_wide_bayes_r4 0 0.012 0.026 0.017 0.079 0.036 0.015 0.059 0.027 0.022 NA NA NA NA 0.154 0.168 0.158 0.144 NA NA 0.364 0.392 0.373 0.319 0.299 0.334 0.313 0.301 0.279 0.31
tso_long_bayes_r4 0 0.012 0.026 0.017 0.08 0.037 0.015 0.059 0.028 0.022 NA NA NA NA 0.136 0.138 0.147 0.13 NA NA 0.358 0.384 0.375 0.316 0.296 0.332 0.311 0.299 0.277 0.309
msst_wide_ml_r5 0 0.013 0.027 0.02 0.122 0.059 0.017 0.085 0.053 NA 0 0.622 0.257 0.185 0 1.219 0.504 0.363 0.029 0.049 NA NA NA NA NA NA NA NA NA NA
msst_long_ml_r5 0 0.013 0.027 0.02 0.122 0.059 0.017 0.085 0.053 NA 0 0.621 0.257 0.185 0 1.217 0.503 0.363 0.029 0.049 NA NA NA NA NA NA NA NA NA NA
msst_wide_bayes_r5 0 0.013 0.027 0.02 0.125 0.059 0.018 0.086 0.053 NA 0 0.915 0.36 0.253 0 1.774 0.698 0.492 0.03 0.049 NA NA NA NA NA NA NA NA NA NA
msst_long_bayes_r5 0 0.013 0.027 0.02 0.124 0.059 0.017 0.085 0.052 NA 0 0.681 0.277 0.198 0 1.377 0.558 0.397 0.029 0.051 NA NA NA NA NA NA NA NA NA NA
cuts_wide_ml_r5 0 0.013 0.029 0.019 0.078 0.039 0.015 0.063 0.027 NA 0 0.123 0.143 0.125 0.132 0.13 0.161 0.142 0.244 NA 0.111 0.149 0.148 0.151 NA NA NA NA NA NA
cuts_long_ml_r5 0 0.013 0.029 0.019 0.078 0.039 0.015 0.063 0.027 NA 0 0.123 0.143 0.125 0.132 0.13 0.161 0.142 0.244 NA 0.111 0.149 0.148 0.151 NA NA NA NA NA NA
cuts_wide_bayes_r5 0 0.013 0.029 0.019 0.078 0.039 0.015 0.062 0.028 NA 0 0.132 0.16 0.135 0.136 0.132 0.163 0.14 0.266 NA 0.125 0.167 0.166 0.17 NA NA NA NA NA NA
cuts_long_bayes_r5 0 0.013 0.029 0.019 0.078 0.04 0.015 0.062 0.028 NA 0 0.132 0.153 0.137 0.134 0.135 0.165 0.146 0.26 NA 0.125 0.166 0.162 0.166 NA NA NA NA NA NA
tso_wide_ml_r5 0 0.013 0.029 0.019 0.078 0.039 0.015 0.063 0.027 0.022 NA NA NA NA 0.132 0.13 0.161 0.142 NA NA 0.248 0.239 0.368 0.285 0.19 0.268 0.247 0.224 0.207 0.277
tso_wide_bayes_r5 0 0.013 0.029 0.019 0.077 0.039 0.015 0.063 0.027 0.022 NA NA NA NA 0.14 0.143 0.171 0.148 NA NA 0.3 0.289 0.438 0.343 0.227 0.32 0.295 0.267 0.248 0.33
tso_long_bayes_r5 0 0.013 0.029 0.019 0.078 0.039 0.015 0.063 0.028 0.022 NA NA NA NA 0.127 0.124 0.161 0.134 NA NA 0.295 0.283 0.439 0.34 0.226 0.318 0.292 0.266 0.245 0.329
msst_wide_ml_r6 0 0.012 0.027 0.02 0.115 0.052 0.018 0.076 0.046 NA 0 0.075 0.047 0.04 0 0.158 0.1 0.084 0.117 0.09 NA NA NA NA NA NA NA NA NA NA
msst_long_ml_r6 0 0.012 0.027 0.02 0.115 0.052 0.018 0.076 0.046 NA 0 0.075 0.047 0.04 0 0.157 0.1 0.084 0.117 0.09 NA NA NA NA NA NA NA NA NA NA
msst_wide_bayes_r6 0 0.012 0.027 0.02 0.117 0.052 0.018 0.077 0.047 NA 0 0.077 0.048 0.04 0 0.16 0.1 0.085 0.128 0.091 NA NA NA NA NA NA NA NA NA NA
msst_long_bayes_r6 0 0.012 0.027 0.02 0.113 0.051 0.018 0.076 0.045 NA 0 0.074 0.044 0.04 0 0.157 0.095 0.086 0.13 0.093 NA NA NA NA NA NA NA NA NA NA
cuts_wide_ml_r6 0 0.013 0.027 0.018 0.078 0.036 0.015 0.061 0.028 NA 0 0.094 0.089 0.088 0.14 0.141 0.16 0.138 0.275 NA 0.083 0.117 0.084 0.1 NA NA NA NA NA NA
cuts_long_ml_r6 0 0.013 0.027 0.018 0.078 0.036 0.015 0.061 0.028 NA 0 0.094 0.089 0.088 0.14 0.141 0.16 0.138 0.275 NA 0.083 0.117 0.085 0.1 NA NA NA NA NA NA
cuts_wide_bayes_r6 0 0.013 0.027 0.018 0.078 0.037 0.015 0.06 0.028 NA 0 0.098 0.094 0.093 0.143 0.144 0.161 0.136 0.297 NA 0.091 0.132 0.093 0.112 NA NA NA NA NA NA
cuts_long_bayes_r6 0 0.013 0.027 0.018 0.078 0.037 0.016 0.061 0.028 NA 0 0.099 0.095 0.094 0.141 0.146 0.162 0.142 0.295 NA 0.093 0.131 0.092 0.111 NA NA NA NA NA NA
tso_wide_ml_r6 0 0.013 0.027 0.018 0.078 0.036 0.015 0.061 0.028 0.022 NA NA NA NA 0.14 0.141 0.16 0.138 NA NA 0.277 0.282 0.36 0.27 0.241 0.291 0.283 0.24 0.233 0.281
tso_wide_bayes_r6 0 0.013 0.027 0.018 0.078 0.037 0.016 0.061 0.028 0.022 NA NA NA NA 0.15 0.156 0.171 0.145 NA NA 0.336 0.339 0.432 0.327 0.288 0.35 0.339 0.289 0.278 0.338
tso_long_bayes_r6 0 0.012 0.027 0.018 0.079 0.036 0.015 0.061 0.028 0.022 NA NA NA NA 0.128 0.13 0.152 0.128 NA NA 0.33 0.335 0.429 0.323 0.286 0.347 0.336 0.285 0.276 0.334
msst_wide_ml_r7 0 0.013 0.026 0.02 0.13 0.058 0.018 0.085 0.056 NA 0 0.223 0.092 0.077 0 0.422 0.175 0.147 0.058 0.062 NA NA NA NA NA NA NA NA NA NA
msst_long_ml_r7 0 0.013 0.026 0.02 0.13 0.058 0.018 0.085 0.056 NA 0 0.222 0.092 0.077 0 0.421 0.174 0.147 0.058 0.062 NA NA NA NA NA NA NA NA NA NA
msst_wide_bayes_r7 0 0.013 0.026 0.02 0.132 0.057 0.018 0.085 0.056 NA 0 0.235 0.096 0.08 0 0.443 0.183 0.151 0.061 0.062 NA NA NA NA NA NA NA NA NA NA
msst_long_bayes_r7 0 0.013 0.026 0.02 0.13 0.058 0.018 0.085 0.056 NA 0 0.22 0.099 0.081 0 0.415 0.186 0.153 0.064 0.064 NA NA NA NA NA NA NA NA NA NA
cuts_wide_ml_r7 0 0.012 0.027 0.017 0.079 0.036 0.015 0.062 0.028 NA 0 0.092 0.115 0.106 0.144 0.119 0.161 0.141 0.293 NA 0.118 0.119 0.135 0.148 NA NA NA NA NA NA
cuts_long_ml_r7 0 0.012 0.027 0.017 0.079 0.036 0.015 0.062 0.028 NA 0 0.092 0.115 0.106 0.144 0.119 0.161 0.141 0.293 NA 0.118 0.119 0.135 0.148 NA NA NA NA NA NA
cuts_wide_bayes_r7 0 0.012 0.026 0.017 0.079 0.036 0.015 0.062 0.028 NA 0 0.1 0.126 0.114 0.148 0.122 0.164 0.14 0.317 NA 0.131 0.133 0.15 0.166 NA NA NA NA NA NA
cuts_long_bayes_r7 0 0.012 0.027 0.018 0.079 0.037 0.015 0.062 0.028 NA 0 0.099 0.125 0.116 0.145 0.123 0.165 0.146 0.318 NA 0.132 0.132 0.146 0.163 NA NA NA NA NA NA
tso_wide_ml_r7 0 0.012 0.027 0.018 0.079 0.036 0.015 0.062 0.028 0.022 NA NA NA NA 0.144 0.119 0.161 0.141 NA NA 0.291 0.199 0.367 0.282 0.196 0.294 0.225 0.239 0.187 0.275
tso_wide_bayes_r7 0 0.012 0.026 0.018 0.08 0.037 0.015 0.063 0.028 0.022 NA NA NA NA 0.153 0.131 0.171 0.148 NA NA 0.353 0.241 0.438 0.341 0.235 0.353 0.269 0.286 0.222 0.33
tso_long_bayes_r7 0 0.012 0.027 0.018 0.079 0.036 0.015 0.062 0.028 0.022 NA NA NA NA 0.135 0.113 0.16 0.134 NA NA 0.346 0.236 0.437 0.336 0.232 0.35 0.267 0.284 0.221 0.327
msst_wide_ml_r8 0 0.012 0.026 0.02 0.126 0.055 0.018 0.079 0.053 NA 0 0.07 0.044 0.038 0 0.151 0.095 0.081 0.132 0.095 NA NA NA NA NA NA NA NA NA NA
msst_long_ml_r8 0 0.012 0.026 0.02 0.126 0.055 0.018 0.079 0.053 NA 0 0.07 0.044 0.038 0 0.151 0.095 0.081 0.132 0.095 NA NA NA NA NA NA NA NA NA NA
msst_wide_bayes_r8 0 0.012 0.026 0.02 0.128 0.055 0.019 0.08 0.054 NA 0 0.071 0.044 0.038 0 0.153 0.096 0.082 0.144 0.096 NA NA NA NA NA NA NA NA NA NA
msst_long_bayes_r8 0 0.012 0.026 0.02 0.126 0.055 0.018 0.078 0.053 NA 0 0.068 0.045 0.039 0 0.154 0.099 0.084 0.148 0.099 NA NA NA NA NA NA NA NA NA NA
cuts_wide_ml_r8 0 0.013 0.027 0.018 0.079 0.037 0.016 0.06 0.027 NA 0 0.082 0.084 0.085 0.154 0.137 0.165 0.144 0.337 NA 0.104 0.122 0.107 0.134 NA NA NA NA NA NA
cuts_long_ml_r8 0 0.013 0.027 0.018 0.079 0.037 0.016 0.06 0.027 NA 0 0.082 0.084 0.085 0.154 0.137 0.165 0.144 0.337 NA 0.104 0.122 0.107 0.134 NA NA NA NA NA NA
cuts_wide_bayes_r8 0 0.013 0.027 0.018 0.079 0.038 0.016 0.06 0.027 NA 0 0.087 0.09 0.09 0.158 0.141 0.168 0.143 0.366 NA 0.116 0.138 0.119 0.151 NA NA NA NA NA NA
cuts_long_bayes_r8 0 0.013 0.028 0.018 0.079 0.037 0.016 0.06 0.027 NA 0 0.086 0.09 0.091 0.156 0.142 0.168 0.148 0.365 NA 0.116 0.136 0.118 0.149 NA NA NA NA NA NA
tso_wide_ml_r8 0 0.013 0.027 0.018 0.078 0.037 0.016 0.06 0.027 0.022 NA NA NA NA 0.154 0.137 0.165 0.144 NA NA 0.334 0.267 0.386 0.293 0.257 0.331 0.281 0.27 0.226 0.294
tso_wide_bayes_r8 0 0.013 0.027 0.018 0.079 0.038 0.016 0.061 0.027 0.022 NA NA NA NA 0.164 0.152 0.177 0.151 NA NA 0.403 0.322 0.46 0.355 0.307 0.396 0.337 0.324 0.27 0.352
tso_long_bayes_r8 0 0.013 0.027 0.018 0.078 0.037 0.016 0.061 0.027 0.022 NA NA NA NA 0.137 0.127 0.154 0.133 NA NA 0.397 0.317 0.462 0.35 0.304 0.395 0.335 0.321 0.268 0.35
msst_wide_ml_r9 0 0.012 0.024 0.019 0.135 0.059 0.018 0.081 0.053 NA 0 0.161 0.069 0.06 0 0.364 0.158 0.136 0.08 0.075 NA NA NA NA NA NA NA NA NA NA
msst_long_ml_r9 0 0.012 0.024 0.019 0.135 0.059 0.018 0.081 0.053 NA 0 0.16 0.069 0.06 0 0.364 0.158 0.136 0.08 0.075 NA NA NA NA NA NA NA NA NA NA
msst_wide_bayes_r9 0 0.012 0.025 0.019 0.137 0.059 0.018 0.081 0.053 NA 0 0.169 0.072 0.062 0 0.383 0.164 0.141 0.086 0.075 NA NA NA NA NA NA NA NA NA NA
msst_long_bayes_r9 0 0.012 0.024 0.019 0.134 0.059 0.018 0.08 0.053 NA 0 0.172 0.069 0.061 0 0.401 0.161 0.141 0.091 0.077 NA NA NA NA NA NA NA NA NA NA
cuts_wide_ml_r9 0 0.012 0.026 0.017 0.082 0.039 0.016 0.06 0.028 NA 0 0.107 0.099 0.095 0.152 0.158 0.176 0.154 0.324 NA 0.109 0.191 0.121 0.135 NA NA NA NA NA NA
cuts_long_ml_r9 0 0.012 0.026 0.017 0.082 0.039 0.016 0.06 0.028 NA 0 0.107 0.099 0.095 0.152 0.158 0.176 0.154 0.324 NA 0.109 0.191 0.121 0.135 NA NA NA NA NA NA
cuts_wide_bayes_r9 0 0.012 0.026 0.017 0.083 0.039 0.016 0.06 0.029 NA 0 0.113 0.108 0.103 0.156 0.162 0.177 0.151 0.355 NA 0.12 0.213 0.132 0.152 NA NA NA NA NA NA
cuts_long_bayes_r9 0 0.012 0.026 0.017 0.083 0.039 0.016 0.06 0.029 NA 0 0.113 0.105 0.102 0.154 0.164 0.179 0.157 0.348 NA 0.123 0.212 0.134 0.15 NA NA NA NA NA NA
tso_wide_ml_r9 0 0.012 0.026 0.017 0.082 0.039 0.016 0.06 0.028 0.022 NA NA NA NA 0.152 0.158 0.176 0.154 NA NA 0.327 0.354 0.437 0.334 0.28 0.346 0.335 0.286 0.282 0.341
tso_wide_bayes_r9 0 0.012 0.026 0.017 0.082 0.039 0.016 0.061 0.028 0.022 NA NA NA NA 0.161 0.176 0.187 0.161 NA NA 0.397 0.425 0.522 0.404 0.335 0.416 0.4 0.344 0.337 0.409
tso_long_bayes_r9 0 0.012 0.026 0.017 0.082 0.039 0.016 0.06 0.029 0.022 NA NA NA NA 0.138 0.146 0.165 0.139 NA NA 0.391 0.419 0.52 0.398 0.332 0.412 0.398 0.341 0.334 0.405
msst_wide_ml_r10 0 0.012 0.024 0.018 0.133 0.057 0.017 0.079 0.051 NA 0 0.168 0.065 0.052 0 0.367 0.143 0.114 0.076 0.072 NA NA NA NA NA NA NA NA NA NA
msst_long_ml_r10 0 0.012 0.024 0.018 0.133 0.056 0.017 0.079 0.051 NA 0 0.168 0.065 0.052 0 0.367 0.142 0.114 0.076 0.072 NA NA NA NA NA NA NA NA NA NA
msst_wide_bayes_r10 0 0.012 0.024 0.018 0.136 0.056 0.017 0.08 0.051 NA 0 0.175 0.067 0.053 0 0.381 0.147 0.117 0.081 0.073 NA NA NA NA NA NA NA NA NA NA
msst_long_bayes_r10 0 0.012 0.024 0.018 0.133 0.056 0.017 0.079 0.051 NA 0 0.17 0.067 0.053 0 0.381 0.15 0.117 0.082 0.074 NA NA NA NA NA NA NA NA NA NA
cuts_wide_ml_r10 0 0.012 0.026 0.017 0.083 0.038 0.015 0.058 0.028 NA 0 0.103 0.099 0.089 0.152 0.152 0.176 0.149 0.327 NA 0.11 0.195 0.13 0.119 NA NA NA NA NA NA
cuts_long_ml_r10 0 0.012 0.026 0.017 0.083 0.038 0.015 0.058 0.028 NA 0 0.103 0.099 0.089 0.152 0.152 0.176 0.149 0.327 NA 0.11 0.195 0.131 0.119 NA NA NA NA NA NA
cuts_wide_bayes_r10 0 0.012 0.026 0.017 0.083 0.039 0.015 0.058 0.029 NA 0 0.109 0.109 0.096 0.156 0.157 0.179 0.148 0.36 NA 0.124 0.218 0.149 0.135 NA NA NA NA NA NA
cuts_long_bayes_r10 0 0.012 0.026 0.017 0.083 0.039 0.015 0.059 0.028 NA 0 0.109 0.108 0.096 0.155 0.158 0.18 0.153 0.352 NA 0.125 0.217 0.146 0.133 NA NA NA NA NA NA
tso_wide_ml_r10 0 0.012 0.026 0.017 0.083 0.038 0.015 0.058 0.028 0.022 NA NA NA NA 0.152 0.152 0.176 0.149 NA NA 0.326 0.329 0.437 0.313 0.27 0.344 0.316 0.28 0.256 0.331
tso_wide_bayes_r10 0 0.012 0.025 0.017 0.082 0.038 0.016 0.059 0.028 0.022 NA NA NA NA 0.161 0.169 0.186 0.155 NA NA 0.392 0.398 0.518 0.378 0.323 0.409 0.378 0.335 0.307 0.395
tso_long_bayes_r10 0 0.012 0.026 0.017 0.083 0.039 0.015 0.059 0.028 0.022 NA NA NA NA 0.137 0.142 0.167 0.137 NA NA 0.39 0.389 0.521 0.373 0.32 0.41 0.375 0.334 0.303 0.394
msst_wide_ml_r11 0 0.012 0.023 0.017 0.13 0.054 0.016 0.08 0.048 NA 0 0.233 0.078 0.061 0 0.403 0.136 0.107 0.056 0.063 NA NA NA NA NA NA NA NA NA NA
msst_long_ml_r11 0 0.012 0.023 0.017 0.13 0.054 0.016 0.08 0.048 NA 0 0.232 0.078 0.061 0 0.403 0.136 0.107 0.057 0.063 NA NA NA NA NA NA NA NA NA NA
msst_wide_bayes_r11 0 0.012 0.024 0.017 0.131 0.054 0.016 0.081 0.049 NA 0 0.253 0.081 0.063 0 0.436 0.142 0.109 0.061 0.064 NA NA NA NA NA NA NA NA NA NA
msst_long_bayes_r11 0 0.011 0.023 0.017 0.13 0.053 0.016 0.079 0.048 NA 0 0.26 0.08 0.061 0 0.447 0.139 0.106 0.067 0.064 NA NA NA NA NA NA NA NA NA NA
cuts_wide_ml_r11 0 0.012 0.026 0.017 0.083 0.038 0.015 0.06 0.028 NA 0 0.098 0.095 0.083 0.145 0.139 0.168 0.135 0.303 NA 0.098 0.173 0.127 0.111 NA NA NA NA NA NA
cuts_long_ml_r11 0 0.012 0.026 0.017 0.083 0.038 0.015 0.06 0.028 NA 0 0.098 0.095 0.083 0.145 0.139 0.168 0.135 0.303 NA 0.098 0.173 0.127 0.111 NA NA NA NA NA NA
cuts_wide_bayes_r11 0 0.012 0.026 0.017 0.083 0.038 0.015 0.06 0.028 NA 0 0.104 0.104 0.089 0.149 0.144 0.172 0.135 0.329 NA 0.111 0.194 0.146 0.127 NA NA NA NA NA NA
cuts_long_bayes_r11 0 0.012 0.027 0.017 0.083 0.038 0.015 0.06 0.028 NA 0 0.102 0.101 0.089 0.148 0.145 0.172 0.139 0.328 NA 0.111 0.192 0.141 0.125 NA NA NA NA NA NA
tso_wide_ml_r11 0 0.012 0.026 0.017 0.083 0.038 0.015 0.06 0.028 0.022 NA NA NA NA 0.145 0.139 0.168 0.135 NA NA 0.297 0.275 0.4 0.257 0.234 0.316 0.272 0.241 0.21 0.281
tso_wide_bayes_r11 0 0.012 0.026 0.017 0.082 0.038 0.015 0.061 0.028 0.022 NA NA NA NA 0.154 0.154 0.178 0.141 NA NA 0.36 0.333 0.476 0.311 0.281 0.379 0.326 0.288 0.251 0.336
tso_long_bayes_r11 0 0.012 0.027 0.017 0.083 0.038 0.015 0.06 0.028 0.022 NA NA NA NA 0.135 0.128 0.166 0.127 NA NA 0.353 0.327 0.476 0.307 0.277 0.375 0.323 0.286 0.248 0.335
msst_wide_ml_r12 0 0.012 0.024 0.02 0.136 0.06 0.017 0.077 0.065 NA 0 0.227 0.083 0.08 0 0.415 0.153 0.145 0.059 0.063 NA NA NA NA NA NA NA NA NA NA
msst_long_ml_r12 0 0.012 0.024 0.02 0.136 0.06 0.017 0.077 0.065 NA 0 0.227 0.083 0.08 0 0.415 0.153 0.145 0.059 0.063 NA NA NA NA NA NA NA NA NA NA
msst_wide_bayes_r12 0 0.013 0.024 0.021 0.138 0.06 0.018 0.077 0.065 NA 0 0.252 0.088 0.085 0 0.457 0.162 0.154 0.063 0.064 NA NA NA NA NA NA NA NA NA NA
msst_long_bayes_r12 0 0.013 0.024 0.02 0.135 0.059 0.018 0.076 0.065 NA 0 0.26 0.091 0.089 0 0.479 0.168 0.162 0.068 0.064 NA NA NA NA NA NA NA NA NA NA
cuts_wide_ml_r12 0 0.012 0.025 0.017 0.084 0.038 0.016 0.058 0.028 NA 0 0.094 0.104 0.112 0.148 0.127 0.154 0.155 0.312 NA 0.124 0.137 0.119 0.186 NA NA NA NA NA NA
cuts_long_ml_r12 0 0.012 0.025 0.017 0.084 0.038 0.016 0.058 0.028 NA 0 0.094 0.104 0.112 0.148 0.127 0.154 0.155 0.312 NA 0.124 0.137 0.119 0.186 NA NA NA NA NA NA
cuts_wide_bayes_r12 0 0.012 0.025 0.017 0.083 0.039 0.016 0.057 0.028 NA 0 0.101 0.11 0.119 0.153 0.131 0.157 0.153 0.34 NA 0.131 0.152 0.117 0.206 NA NA NA NA NA NA
cuts_long_bayes_r12 0 0.012 0.025 0.017 0.085 0.039 0.016 0.059 0.028 NA 0 0.099 0.105 0.12 0.15 0.132 0.157 0.159 0.335 NA 0.133 0.151 0.116 0.204 NA NA NA NA NA NA
tso_wide_ml_r12 0 0.012 0.025 0.017 0.084 0.038 0.016 0.058 0.028 0.022 NA NA NA NA 0.148 0.127 0.154 0.155 NA NA 0.311 0.228 0.336 0.339 0.217 0.294 0.232 0.268 0.215 0.288
tso_wide_bayes_r12 0 0.012 0.025 0.017 0.084 0.039 0.016 0.059 0.029 0.022 NA NA NA NA 0.157 0.14 0.164 0.161 NA NA 0.375 0.276 0.399 0.41 0.26 0.351 0.278 0.32 0.256 0.344
tso_long_bayes_r12 0 0.012 0.026 0.017 0.084 0.039 0.016 0.059 0.029 0.022 NA NA NA NA 0.139 0.12 0.152 0.148 NA NA 0.369 0.271 0.401 0.405 0.258 0.35 0.276 0.319 0.254 0.344
msst_wide_ml_r13 0 0.012 0.026 0.019 0.137 0.061 0.019 0.083 0.052 NA 0 0.125 0.057 0.061 0 0.249 0.116 0.122 0.096 0.08 NA NA NA NA NA NA NA NA NA NA
msst_long_ml_r13 0 0.012 0.026 0.019 0.136 0.061 0.019 0.083 0.052 NA 0 0.124 0.057 0.061 0 0.248 0.115 0.122 0.096 0.08 NA NA NA NA NA NA NA NA NA NA
msst_wide_bayes_r13 0 0.012 0.026 0.019 0.137 0.061 0.019 0.084 0.052 NA 0 0.128 0.058 0.063 0 0.256 0.117 0.127 0.103 0.081 NA NA NA NA NA NA NA NA NA NA
msst_long_bayes_r13 0 0.012 0.026 0.019 0.136 0.061 0.019 0.083 0.052 NA 0 0.128 0.059 0.063 0 0.256 0.119 0.128 0.107 0.083 NA NA NA NA NA NA NA NA NA NA
cuts_wide_ml_r13 0 0.013 0.028 0.018 0.078 0.038 0.015 0.062 0.027 NA 0 0.091 0.086 0.091 0.157 0.144 0.172 0.16 0.348 NA 0.106 0.161 0.108 0.142 NA NA NA NA NA NA
cuts_long_ml_r13 0 0.013 0.028 0.018 0.078 0.038 0.015 0.062 0.027 NA 0 0.091 0.086 0.091 0.157 0.144 0.172 0.16 0.348 NA 0.106 0.161 0.108 0.142 NA NA NA NA NA NA
cuts_wide_bayes_r13 0 0.013 0.027 0.018 0.078 0.038 0.015 0.061 0.027 NA 0 0.098 0.091 0.098 0.161 0.148 0.175 0.159 0.376 NA 0.118 0.18 0.118 0.16 NA NA NA NA NA NA
cuts_long_bayes_r13 0 0.013 0.028 0.018 0.079 0.038 0.015 0.062 0.027 NA 0 0.096 0.093 0.099 0.159 0.15 0.176 0.165 0.381 NA 0.119 0.179 0.117 0.158 NA NA NA NA NA NA
tso_wide_ml_r13 0 0.013 0.028 0.018 0.078 0.038 0.015 0.062 0.027 0.022 NA NA NA NA 0.157 0.144 0.172 0.16 NA NA 0.35 0.295 0.42 0.363 0.265 0.354 0.298 0.309 0.273 0.35
tso_wide_bayes_r13 0 0.013 0.027 0.018 0.077 0.038 0.015 0.062 0.027 0.022 NA NA NA NA 0.166 0.159 0.182 0.168 NA NA 0.423 0.355 0.501 0.439 0.317 0.425 0.355 0.371 0.326 0.419
tso_long_bayes_r13 0 0.013 0.028 0.018 0.078 0.038 0.015 0.062 0.027 0.022 NA NA NA NA 0.143 0.135 0.163 0.145 NA NA 0.418 0.35 0.504 0.434 0.315 0.424 0.355 0.369 0.324 0.418
msst_wide_ml_r14 0 0.012 0.024 0.019 0.128 0.058 0.017 0.078 0.052 NA 0 0.168 0.073 0.057 0 0.342 0.149 0.116 0.069 0.069 NA NA NA NA NA NA NA NA NA NA
msst_long_ml_r14 0 0.012 0.024 0.019 0.128 0.058 0.017 0.078 0.052 NA 0 0.168 0.073 0.057 0 0.341 0.149 0.116 0.069 0.069 NA NA NA NA NA NA NA NA NA NA
msst_wide_bayes_r14 0 0.012 0.024 0.019 0.129 0.058 0.017 0.079 0.052 NA 0 0.177 0.076 0.058 0 0.358 0.156 0.119 0.074 0.07 NA NA NA NA NA NA NA NA NA NA
msst_long_bayes_r14 0 0.012 0.024 0.019 0.126 0.058 0.017 0.077 0.052 NA 0 0.158 0.073 0.055 0 0.324 0.15 0.113 0.076 0.072 NA NA NA NA NA NA NA NA NA NA
cuts_wide_ml_r14 0 0.012 0.027 0.017 0.082 0.039 0.015 0.06 0.027 NA 0 0.105 0.099 0.097 0.142 0.141 0.151 0.139 0.289 NA 0.107 0.155 0.11 0.136 NA NA NA NA NA NA
cuts_long_ml_r14 0 0.012 0.027 0.017 0.082 0.039 0.015 0.06 0.027 NA 0 0.105 0.099 0.097 0.142 0.141 0.151 0.139 0.289 NA 0.107 0.155 0.11 0.136 NA NA NA NA NA NA
cuts_wide_bayes_r14 0 0.012 0.027 0.017 0.082 0.039 0.015 0.06 0.027 NA 0 0.108 0.108 0.104 0.146 0.144 0.154 0.137 0.313 NA 0.12 0.174 0.123 0.151 NA NA NA NA NA NA
cuts_long_bayes_r14 0 0.012 0.027 0.018 0.082 0.04 0.015 0.061 0.027 NA 0 0.112 0.107 0.106 0.145 0.146 0.154 0.143 0.313 NA 0.121 0.173 0.122 0.149 NA NA NA NA NA NA
tso_wide_ml_r14 0 0.012 0.027 0.017 0.082 0.039 0.015 0.06 0.027 0.022 NA NA NA NA 0.142 0.141 0.151 0.139 NA NA 0.286 0.28 0.322 0.272 0.233 0.275 0.255 0.239 0.219 0.254
tso_wide_bayes_r14 0 0.012 0.026 0.017 0.081 0.04 0.015 0.061 0.027 0.022 NA NA NA NA 0.152 0.156 0.161 0.146 NA NA 0.346 0.339 0.385 0.328 0.279 0.331 0.307 0.285 0.263 0.303
tso_long_bayes_r14 0 0.012 0.027 0.018 0.083 0.04 0.015 0.061 0.027 0.022 NA NA NA NA 0.132 0.13 0.148 0.132 NA NA 0.34 0.331 0.384 0.325 0.275 0.328 0.303 0.284 0.259 0.302
msst_wide_ml_r15 0 0.011 0.026 0.018 0.132 0.061 0.018 0.081 0.049 NA 0 0.139 0.057 0.069 0 0.252 0.104 0.125 0.079 0.074 NA NA NA NA NA NA NA NA NA NA
msst_long_ml_r15 0 0.011 0.026 0.018 0.132 0.061 0.018 0.081 0.049 NA 0 0.139 0.057 0.069 0 0.252 0.104 0.125 0.079 0.074 NA NA NA NA NA NA NA NA NA NA
msst_wide_bayes_r15 0 0.011 0.026 0.019 0.133 0.062 0.018 0.081 0.049 NA 0 0.145 0.059 0.071 0 0.263 0.107 0.129 0.085 0.074 NA NA NA NA NA NA NA NA NA NA
msst_long_bayes_r15 0 0.011 0.026 0.018 0.131 0.061 0.018 0.08 0.049 NA 0 0.133 0.056 0.068 0 0.25 0.104 0.127 0.085 0.076 NA NA NA NA NA NA NA NA NA NA
cuts_wide_ml_r15 0 0.012 0.026 0.017 0.084 0.039 0.016 0.06 0.027 NA 0 0.102 0.088 0.099 0.144 0.136 0.141 0.139 0.295 NA 0.106 0.151 0.094 0.132 NA NA NA NA NA NA
cuts_long_ml_r15 0 0.012 0.026 0.017 0.084 0.039 0.016 0.06 0.027 NA 0 0.102 0.088 0.099 0.144 0.136 0.141 0.139 0.295 NA 0.106 0.151 0.095 0.132 NA NA NA NA NA NA
cuts_wide_bayes_r15 0 0.012 0.026 0.017 0.084 0.039 0.016 0.06 0.028 NA 0 0.107 0.093 0.104 0.148 0.14 0.143 0.138 0.319 NA 0.12 0.17 0.108 0.15 NA NA NA NA NA NA
cuts_long_bayes_r15 0 0.012 0.026 0.017 0.084 0.04 0.016 0.06 0.028 NA 0 0.109 0.097 0.108 0.146 0.141 0.144 0.143 0.318 NA 0.122 0.167 0.108 0.148 NA NA NA NA NA NA
tso_wide_ml_r15 0 0.012 0.026 0.017 0.084 0.039 0.016 0.06 0.027 0.022 NA NA NA NA 0.144 0.136 0.141 0.138 NA NA 0.294 0.261 0.281 0.271 0.228 0.261 0.225 0.238 0.221 0.237
tso_wide_bayes_r15 0 0.012 0.026 0.017 0.084 0.039 0.016 0.061 0.028 0.022 NA NA NA NA 0.154 0.15 0.15 0.146 NA NA 0.357 0.315 0.337 0.327 0.272 0.314 0.268 0.284 0.264 0.284
tso_long_bayes_r15 0 0.012 0.026 0.017 0.084 0.039 0.016 0.06 0.028 0.022 NA NA NA NA 0.135 0.125 0.141 0.129 NA NA 0.35 0.311 0.336 0.323 0.27 0.311 0.268 0.283 0.262 0.283
msst_wide_ml_r16 0 0.013 0.026 0.02 0.126 0.058 0.017 0.078 0.055 NA 0 0.342 0.134 0.102 0 0.711 0.278 0.211 0.044 0.056 NA NA NA NA NA NA NA NA NA NA
msst_long_ml_r16 0 0.013 0.026 0.02 0.126 0.058 0.017 0.078 0.055 NA 0 0.341 0.133 0.101 0 0.709 0.278 0.211 0.044 0.056 NA NA NA NA NA NA NA NA NA NA
msst_wide_bayes_r16 0 0.013 0.026 0.02 0.127 0.058 0.018 0.079 0.055 NA 0 0.395 0.149 0.112 0 0.824 0.312 0.234 0.047 0.056 NA NA NA NA NA NA NA NA NA NA
msst_long_bayes_r16 0 0.013 0.026 0.02 0.127 0.058 0.018 0.077 0.055 NA 0 0.408 0.152 0.112 0 0.827 0.31 0.231 0.051 0.057 NA NA NA NA NA NA NA NA NA NA
cuts_wide_ml_r16 0 0.013 0.029 0.019 0.078 0.038 0.016 0.061 0.029 NA 0 0.105 0.119 0.112 0.141 0.13 0.161 0.146 0.274 NA 0.111 0.139 0.117 0.143 NA NA NA NA NA NA
cuts_long_ml_r16 0 0.013 0.029 0.019 0.078 0.038 0.016 0.061 0.029 NA 0 0.105 0.119 0.112 0.141 0.13 0.161 0.146 0.274 NA 0.111 0.139 0.117 0.143 NA NA NA NA NA NA
cuts_wide_bayes_r16 0 0.013 0.029 0.019 0.078 0.039 0.016 0.061 0.029 NA 0 0.106 0.121 0.122 0.145 0.133 0.162 0.144 0.298 NA 0.115 0.154 0.098 0.153 NA NA NA NA NA NA
cuts_long_bayes_r16 0 0.013 0.029 0.019 0.078 0.039 0.016 0.061 0.029 NA 0 0.11 0.117 0.119 0.142 0.134 0.163 0.149 0.292 NA 0.116 0.154 0.098 0.152 NA NA NA NA NA NA
tso_wide_ml_r16 0 0.013 0.029 0.019 0.078 0.038 0.016 0.061 0.029 0.022 NA NA NA NA 0.141 0.13 0.161 0.146 NA NA 0.281 0.239 0.366 0.302 0.208 0.292 0.25 0.245 0.213 0.293
tso_wide_bayes_r16 0 0.013 0.028 0.019 0.078 0.039 0.016 0.062 0.029 0.022 NA NA NA NA 0.149 0.143 0.171 0.152 NA NA 0.341 0.288 0.439 0.364 0.249 0.351 0.299 0.294 0.254 0.351
tso_long_bayes_r16 0 0.013 0.029 0.019 0.078 0.038 0.016 0.062 0.029 0.022 NA NA NA NA 0.134 0.123 0.158 0.138 NA NA 0.335 0.284 0.437 0.361 0.247 0.347 0.297 0.292 0.252 0.348
msst_wide_ml_r17 0 0.012 0.025 0.02 0.131 0.057 0.019 0.081 0.057 NA 0 0.116 0.058 0.056 0 0.246 0.123 0.119 0.094 0.08 NA NA NA NA NA NA NA NA NA NA
msst_long_ml_r17 0 0.012 0.025 0.02 0.131 0.057 0.019 0.081 0.057 NA 0 0.115 0.058 0.056 0 0.245 0.123 0.119 0.094 0.08 NA NA NA NA NA NA NA NA NA NA
msst_wide_bayes_r17 0 0.012 0.025 0.02 0.134 0.057 0.019 0.082 0.057 NA 0 0.12 0.059 0.056 0 0.253 0.126 0.12 0.102 0.081 NA NA NA NA NA NA NA NA NA NA
msst_long_bayes_r17 0 0.012 0.025 0.02 0.13 0.056 0.019 0.08 0.057 NA 0 0.101 0.054 0.054 0 0.211 0.115 0.114 0.103 0.084 NA NA NA NA NA NA NA NA NA NA
cuts_wide_ml_r17 0 0.012 0.026 0.017 0.083 0.039 0.016 0.062 0.029 NA 0 0.092 0.086 0.097 0.147 0.144 0.168 0.16 0.307 NA 0.09 0.147 0.103 0.155 NA NA NA NA NA NA
cuts_long_ml_r17 0 0.012 0.026 0.017 0.083 0.039 0.016 0.062 0.029 NA 0 0.093 0.086 0.097 0.147 0.144 0.168 0.16 0.307 NA 0.09 0.147 0.104 0.155 NA NA NA NA NA NA
cuts_wide_bayes_r17 0 0.012 0.026 0.017 0.082 0.039 0.016 0.061 0.029 NA 0 0.099 0.093 0.106 0.15 0.146 0.169 0.157 0.335 NA 0.1 0.164 0.113 0.175 NA NA NA NA NA NA
cuts_long_bayes_r17 0 0.012 0.027 0.018 0.084 0.039 0.016 0.062 0.029 NA 0 0.096 0.091 0.103 0.15 0.149 0.172 0.165 0.33 NA 0.101 0.163 0.112 0.171 NA NA NA NA NA NA
tso_wide_ml_r17 0 0.012 0.026 0.017 0.083 0.039 0.016 0.062 0.029 0.022 NA NA NA NA 0.147 0.144 0.168 0.16 NA NA 0.306 0.291 0.398 0.363 0.251 0.324 0.294 0.29 0.268 0.335
tso_wide_bayes_r17 0 0.012 0.026 0.018 0.083 0.039 0.016 0.062 0.029 0.022 NA NA NA NA 0.156 0.159 0.179 0.168 NA NA 0.372 0.351 0.475 0.439 0.3 0.388 0.351 0.348 0.321 0.402
tso_long_bayes_r17 0 0.012 0.027 0.017 0.083 0.039 0.016 0.062 0.029 0.022 NA NA NA NA 0.134 0.134 0.158 0.146 NA NA 0.366 0.345 0.474 0.433 0.297 0.386 0.349 0.345 0.317 0.399
msst_wide_ml_r18 0 0.012 0.028 0.021 0.127 0.061 0.019 0.086 0.056 NA 0 0.115 0.057 0.056 0 0.216 0.108 0.105 0.092 0.08 NA NA NA NA NA NA NA NA NA NA
msst_long_ml_r18 0 0.012 0.028 0.021 0.127 0.061 0.019 0.086 0.056 NA 0 0.115 0.057 0.056 0 0.216 0.108 0.105 0.092 0.08 NA NA NA NA NA NA NA NA NA NA
msst_wide_bayes_r18 0 0.012 0.028 0.021 0.129 0.061 0.019 0.086 0.057 NA 0 0.119 0.058 0.057 0 0.222 0.11 0.107 0.1 0.08 NA NA NA NA NA NA NA NA NA NA
msst_long_bayes_r18 0 0.012 0.028 0.021 0.126 0.061 0.019 0.086 0.056 NA 0 0.121 0.056 0.058 0 0.219 0.104 0.105 0.104 0.083 NA NA NA NA NA NA NA NA NA NA
cuts_wide_ml_r18 0 0.013 0.027 0.017 0.081 0.038 0.016 0.061 0.027 NA 0 0.114 0.106 0.116 0.144 0.146 0.147 0.153 0.291 NA 0.12 0.153 0.112 0.155 NA NA NA NA NA NA
cuts_long_ml_r18 0 0.013 0.027 0.017 0.081 0.038 0.016 0.061 0.027 NA 0 0.114 0.106 0.116 0.144 0.146 0.147 0.153 0.292 NA 0.12 0.153 0.112 0.155 NA NA NA NA NA NA
cuts_wide_bayes_r18 0 0.013 0.027 0.017 0.082 0.038 0.016 0.061 0.027 NA 0 0.121 0.118 0.127 0.148 0.149 0.149 0.151 0.318 NA 0.135 0.172 0.128 0.176 NA NA NA NA NA NA
cuts_long_bayes_r18 0 0.012 0.027 0.017 0.081 0.038 0.016 0.061 0.027 NA 0 0.123 0.117 0.127 0.146 0.151 0.151 0.158 0.312 NA 0.134 0.172 0.126 0.171 NA NA NA NA NA NA
tso_wide_ml_r18 0 0.013 0.027 0.017 0.082 0.038 0.016 0.061 0.027 0.022 NA NA NA NA 0.144 0.146 0.147 0.153 NA NA 0.293 0.3 0.306 0.33 0.247 0.265 0.259 0.264 0.259 0.274
tso_wide_bayes_r18 0 0.013 0.027 0.017 0.082 0.038 0.016 0.062 0.028 0.022 NA NA NA NA 0.154 0.161 0.157 0.161 NA NA 0.356 0.362 0.366 0.399 0.296 0.318 0.309 0.317 0.309 0.329
tso_long_bayes_r18 0 0.012 0.027 0.017 0.082 0.038 0.016 0.062 0.028 0.022 NA NA NA NA 0.132 0.133 0.146 0.143 NA NA 0.35 0.354 0.367 0.394 0.293 0.316 0.308 0.315 0.306 0.327
msst_wide_ml_r19 0 0.012 0.028 0.02 0.126 0.057 0.018 0.085 0.05 NA 0 0.069 0.041 0.035 0 0.13 0.078 0.066 0.142 0.099 NA NA NA NA NA NA NA NA NA NA
msst_long_ml_r19 0 0.012 0.028 0.02 0.126 0.057 0.018 0.085 0.05 NA 0 0.069 0.041 0.035 0 0.13 0.078 0.066 0.142 0.099 NA NA NA NA NA NA NA NA NA NA
msst_wide_bayes_r19 0 0.012 0.028 0.02 0.126 0.057 0.018 0.086 0.051 NA 0 0.07 0.041 0.035 0 0.132 0.079 0.066 0.155 0.1 NA NA NA NA NA NA NA NA NA NA
msst_long_bayes_r19 0 0.012 0.028 0.02 0.123 0.057 0.017 0.084 0.049 NA 0 0.067 0.04 0.034 0 0.129 0.077 0.064 0.16 0.104 NA NA NA NA NA NA NA NA NA NA
cuts_wide_ml_r19 0 0.012 0.027 0.018 0.08 0.039 0.015 0.058 0.028 NA 0 0.09 0.091 0.082 0.157 0.153 0.175 0.149 0.353 NA 0.111 0.162 0.138 0.119 NA NA NA NA NA NA
cuts_long_ml_r19 0 0.012 0.027 0.018 0.08 0.039 0.015 0.058 0.028 NA 0 0.09 0.091 0.082 0.157 0.153 0.175 0.149 0.353 NA 0.111 0.162 0.138 0.119 NA NA NA NA NA NA
cuts_wide_bayes_r19 0 0.013 0.027 0.018 0.08 0.039 0.015 0.059 0.028 NA 0 0.095 0.096 0.088 0.16 0.156 0.178 0.147 0.381 NA 0.124 0.182 0.157 0.132 NA NA NA NA NA NA
cuts_long_bayes_r19 0 0.012 0.027 0.018 0.081 0.039 0.015 0.058 0.028 NA 0 0.095 0.098 0.088 0.16 0.158 0.18 0.154 0.381 NA 0.125 0.182 0.154 0.133 NA NA NA NA NA NA
tso_wide_ml_r19 0 0.012 0.027 0.018 0.08 0.039 0.015 0.058 0.028 0.022 NA NA NA NA 0.157 0.153 0.175 0.149 NA NA 0.348 0.33 0.434 0.313 0.293 0.352 0.321 0.291 0.267 0.328
tso_wide_bayes_r19 0 0.013 0.027 0.018 0.08 0.039 0.015 0.059 0.028 0.022 NA NA NA NA 0.168 0.169 0.186 0.156 NA NA 0.421 0.399 0.519 0.379 0.351 0.423 0.384 0.35 0.32 0.394
tso_long_bayes_r19 0 0.012 0.028 0.018 0.08 0.039 0.015 0.059 0.028 0.022 NA NA NA NA 0.138 0.138 0.167 0.135 NA NA 0.416 0.392 0.521 0.374 0.347 0.421 0.383 0.347 0.317 0.392
msst_wide_ml_r20 0 0.012 0.025 0.02 0.134 0.058 0.017 0.084 0.055 NA 0 0.133 0.063 0.048 0 0.261 0.124 0.094 0.09 0.079 NA NA NA NA NA NA NA NA NA NA
msst_long_ml_r20 0 0.012 0.025 0.02 0.134 0.058 0.017 0.084 0.055 NA 0 0.133 0.063 0.048 0 0.261 0.124 0.094 0.09 0.079 NA NA NA NA NA NA NA NA NA NA
msst_wide_bayes_r20 0 0.012 0.025 0.02 0.135 0.058 0.017 0.083 0.055 NA 0 0.138 0.064 0.049 0 0.269 0.127 0.096 0.097 0.079 NA NA NA NA NA NA NA NA NA NA
msst_long_bayes_r20 0 0.012 0.025 0.019 0.133 0.058 0.017 0.083 0.055 NA 0 0.148 0.062 0.046 0 0.285 0.124 0.093 0.105 0.081 NA NA NA NA NA NA NA NA NA NA
cuts_wide_ml_r20 0 0.012 0.027 0.018 0.078 0.037 0.015 0.06 0.028 NA 0 0.1 0.107 0.093 0.159 0.152 0.184 0.152 0.355 NA 0.131 0.178 0.147 0.139 NA NA NA NA NA NA
cuts_long_ml_r20 0 0.012 0.027 0.018 0.078 0.037 0.015 0.06 0.028 NA 0 0.1 0.107 0.093 0.159 0.152 0.184 0.152 0.355 NA 0.131 0.178 0.147 0.139 NA NA NA NA NA NA
cuts_wide_bayes_r20 0 0.012 0.027 0.018 0.078 0.037 0.015 0.06 0.029 NA 0 0.105 0.118 0.103 0.163 0.155 0.186 0.15 0.386 NA 0.146 0.198 0.163 0.157 NA NA NA NA NA NA
cuts_long_bayes_r20 0 0.012 0.027 0.018 0.078 0.037 0.015 0.06 0.028 NA 0 0.105 0.114 0.101 0.161 0.157 0.187 0.156 0.382 NA 0.145 0.197 0.16 0.153 NA NA NA NA NA NA
tso_wide_ml_r20 0 0.012 0.027 0.018 0.078 0.037 0.015 0.06 0.028 0.022 NA NA NA NA 0.159 0.152 0.184 0.152 NA NA 0.355 0.325 0.477 0.327 0.282 0.373 0.335 0.294 0.26 0.35
tso_wide_bayes_r20 0 0.012 0.027 0.018 0.078 0.037 0.015 0.061 0.028 0.022 NA NA NA NA 0.168 0.168 0.195 0.158 NA NA 0.431 0.393 0.569 0.396 0.337 0.448 0.4 0.353 0.31 0.421
tso_long_bayes_r20 0 0.012 0.027 0.018 0.079 0.037 0.015 0.06 0.028 0.022 NA NA NA NA 0.143 0.141 0.174 0.14 NA NA 0.425 0.385 0.57 0.391 0.335 0.446 0.4 0.352 0.309 0.418
msst_wide_ml_r21 0 0.012 0.026 0.019 0.124 0.06 0.017 0.081 0.05 NA 0 0.368 0.115 0.114 0 0.718 0.224 0.222 0.042 0.056 NA NA NA NA NA NA NA NA NA NA
msst_long_ml_r21 0 0.012 0.026 0.019 0.124 0.06 0.017 0.081 0.05 NA 0 0.365 0.114 0.113 0 0.713 0.223 0.221 0.042 0.056 NA NA NA NA NA NA NA NA NA NA
msst_wide_bayes_r21 0 0.012 0.026 0.02 0.125 0.059 0.017 0.081 0.05 NA 0 0.421 0.125 0.126 0 0.817 0.244 0.245 0.044 0.056 NA NA NA NA NA NA NA NA NA NA
msst_long_bayes_r21 0 0.013 0.026 0.019 0.125 0.059 0.017 0.081 0.049 NA 0 0.399 0.12 0.122 0 0.771 0.235 0.237 0.048 0.058 NA NA NA NA NA NA NA NA NA NA
cuts_wide_ml_r21 0 0.013 0.028 0.018 0.078 0.039 0.015 0.059 0.027 NA 0 0.129 0.117 0.113 0.138 0.147 0.15 0.139 0.267 NA 0.112 0.197 0.122 0.135 NA NA NA NA NA NA
cuts_long_ml_r21 0 0.013 0.028 0.018 0.078 0.039 0.015 0.059 0.027 NA 0 0.129 0.117 0.113 0.138 0.147 0.15 0.139 0.267 NA 0.112 0.197 0.122 0.135 NA NA NA NA NA NA
cuts_wide_bayes_r21 0 0.013 0.028 0.018 0.078 0.039 0.015 0.059 0.027 NA 0 0.137 0.13 0.124 0.141 0.152 0.152 0.138 0.294 NA 0.127 0.221 0.139 0.153 NA NA NA NA NA NA
cuts_long_bayes_r21 0 0.013 0.029 0.018 0.079 0.039 0.015 0.06 0.027 NA 0 0.139 0.129 0.123 0.14 0.153 0.154 0.144 0.288 NA 0.128 0.218 0.136 0.15 NA NA NA NA NA NA
tso_wide_ml_r21 0 0.013 0.028 0.018 0.078 0.039 0.015 0.059 0.027 0.022 NA NA NA NA 0.138 0.147 0.15 0.139 NA NA 0.268 0.307 0.32 0.274 0.227 0.261 0.257 0.229 0.233 0.255
tso_wide_bayes_r21 0 0.013 0.028 0.018 0.078 0.039 0.016 0.06 0.027 0.022 NA NA NA NA 0.146 0.163 0.16 0.146 NA NA 0.326 0.371 0.383 0.33 0.272 0.313 0.307 0.274 0.278 0.304
tso_long_bayes_r21 0 0.013 0.029 0.018 0.078 0.039 0.015 0.059 0.027 0.022 NA NA NA NA 0.13 0.136 0.151 0.132 NA NA 0.318 0.366 0.382 0.326 0.269 0.31 0.305 0.271 0.275 0.302
msst_wide_ml_r22 0 0.012 0.024 0.02 0.133 0.058 0.019 0.078 0.057 NA 0 0.245 0.096 0.092 0 0.484 0.19 0.182 0.059 0.063 NA NA NA NA NA NA NA NA NA NA
msst_long_ml_r22 0 0.012 0.024 0.02 0.133 0.058 0.019 0.078 0.057 NA 0 0.244 0.095 0.092 0 0.482 0.189 0.182 0.059 0.063 NA NA NA NA NA NA NA NA NA NA
msst_wide_bayes_r22 0 0.013 0.024 0.02 0.136 0.058 0.019 0.078 0.057 NA 0 0.274 0.103 0.098 0 0.536 0.204 0.194 0.063 0.064 NA NA NA NA NA NA NA NA NA NA
msst_long_bayes_r22 0 0.012 0.024 0.02 0.133 0.058 0.019 0.077 0.057 NA 0 0.219 0.092 0.088 0 0.435 0.183 0.177 0.059 0.065 NA NA NA NA NA NA NA NA NA NA
cuts_wide_ml_r22 0 0.013 0.028 0.018 0.08 0.039 0.016 0.061 0.028 NA 0 0.094 0.091 0.102 0.148 0.135 0.165 0.163 0.307 NA 0.098 0.152 0.101 0.16 NA NA NA NA NA NA
cuts_long_ml_r22 0 0.013 0.028 0.018 0.08 0.039 0.016 0.061 0.028 NA 0 0.094 0.091 0.102 0.148 0.135 0.165 0.163 0.307 NA 0.098 0.152 0.101 0.16 NA NA NA NA NA NA
cuts_wide_bayes_r22 0 0.013 0.027 0.018 0.08 0.039 0.016 0.061 0.028 NA 0 0.098 0.09 0.104 0.151 0.138 0.165 0.16 0.334 NA 0.101 0.169 0.088 0.172 NA NA NA NA NA NA
cuts_long_bayes_r22 0 0.013 0.028 0.018 0.08 0.04 0.016 0.061 0.028 NA 0 0.098 0.092 0.109 0.15 0.14 0.167 0.167 0.333 NA 0.104 0.168 0.09 0.169 NA NA NA NA NA NA
tso_wide_ml_r22 0 0.013 0.028 0.018 0.08 0.039 0.016 0.061 0.028 0.022 NA NA NA NA 0.148 0.135 0.165 0.163 NA NA 0.31 0.258 0.384 0.378 0.227 0.32 0.265 0.295 0.251 0.34
tso_wide_bayes_r22 0 0.013 0.028 0.018 0.08 0.039 0.016 0.061 0.028 0.022 NA NA NA NA 0.156 0.149 0.174 0.17 NA NA 0.373 0.312 0.458 0.458 0.271 0.383 0.317 0.354 0.3 0.408
tso_long_bayes_r22 0 0.013 0.028 0.018 0.08 0.039 0.016 0.062 0.028 0.022 NA NA NA NA 0.137 0.129 0.155 0.15 NA NA 0.368 0.306 0.456 0.449 0.27 0.38 0.314 0.35 0.297 0.403
msst_wide_ml_r23 0 0.012 0.026 0.02 0.118 0.055 0.016 0.083 0.051 NA 0 0.452 0.163 0.134 0 0.852 0.307 0.252 0.034 0.051 NA NA NA NA NA NA NA NA NA NA
msst_long_ml_r23 0 0.012 0.026 0.02 0.118 0.055 0.016 0.082 0.051 NA 0 0.452 0.163 0.134 0 0.851 0.307 0.252 0.034 0.051 NA NA NA NA NA NA NA NA NA NA
msst_wide_bayes_r23 0 0.012 0.026 0.02 0.119 0.055 0.016 0.083 0.052 NA 0 0.505 0.179 0.146 0 0.943 0.336 0.274 0.035 0.052 NA NA NA NA NA NA NA NA NA NA
msst_long_bayes_r23 0 0.012 0.026 0.019 0.117 0.054 0.016 0.082 0.052 NA 0 0.487 0.177 0.139 0 0.915 0.332 0.264 0.037 0.05 NA NA NA NA NA NA NA NA NA NA
cuts_wide_ml_r23 0 0.012 0.027 0.018 0.08 0.037 0.015 0.061 0.029 NA 0 0.138 0.145 0.125 0.126 0.141 0.161 0.137 0.22 NA 0.096 0.178 0.139 0.133 NA NA NA NA NA NA
cuts_long_ml_r23 0 0.012 0.027 0.018 0.08 0.037 0.015 0.061 0.029 NA 0 0.138 0.145 0.125 0.126 0.141 0.161 0.138 0.221 NA 0.096 0.179 0.139 0.133 NA NA NA NA NA NA
cuts_wide_bayes_r23 0 0.012 0.026 0.017 0.08 0.038 0.015 0.06 0.029 NA 0 0.154 0.158 0.139 0.13 0.145 0.163 0.136 0.24 NA 0.108 0.2 0.153 0.149 NA NA NA NA NA NA
cuts_long_bayes_r23 0 0.012 0.027 0.018 0.081 0.038 0.015 0.061 0.029 NA 0 0.15 0.161 0.139 0.128 0.147 0.165 0.142 0.24 NA 0.11 0.198 0.153 0.146 NA NA NA NA NA NA
tso_wide_ml_r23 0 0.012 0.027 0.018 0.08 0.037 0.015 0.061 0.029 0.022 NA NA NA NA 0.126 0.141 0.161 0.137 NA NA 0.225 0.283 0.366 0.267 0.199 0.255 0.266 0.206 0.22 0.271
tso_wide_bayes_r23 0 0.012 0.026 0.017 0.08 0.038 0.015 0.061 0.029 0.022 NA NA NA NA 0.134 0.157 0.171 0.144 NA NA 0.273 0.341 0.437 0.323 0.237 0.306 0.316 0.246 0.262 0.323
tso_long_bayes_r23 0 0.012 0.027 0.018 0.081 0.038 0.015 0.061 0.029 0.022 NA NA NA NA 0.121 0.132 0.161 0.13 NA NA 0.268 0.335 0.437 0.319 0.236 0.304 0.315 0.245 0.259 0.323
msst_wide_ml_r24 0 0.012 0.022 0.018 0.127 0.052 0.016 0.077 0.051 NA 0 0.328 0.097 0.075 0 0.607 0.181 0.139 0.045 0.057 NA NA NA NA NA NA NA NA NA NA
msst_long_ml_r24 0 0.012 0.022 0.018 0.127 0.052 0.016 0.077 0.051 NA 0 0.327 0.097 0.075 0 0.606 0.181 0.139 0.045 0.057 NA NA NA NA NA NA NA NA NA NA
msst_wide_bayes_r24 0 0.012 0.023 0.018 0.128 0.052 0.016 0.078 0.051 NA 0 0.371 0.103 0.079 0 0.679 0.19 0.145 0.048 0.057 NA NA NA NA NA NA NA NA NA NA
msst_long_bayes_r24 0 0.012 0.022 0.017 0.125 0.051 0.016 0.077 0.051 NA 0 0.368 0.103 0.078 0 0.685 0.192 0.143 0.052 0.057 NA NA NA NA NA NA NA NA NA NA
cuts_wide_ml_r24 0 0.012 0.026 0.017 0.081 0.037 0.015 0.058 0.027 NA 0 0.102 0.095 0.091 0.14 0.139 0.161 0.147 0.284 NA 0.092 0.181 0.127 0.128 NA NA NA NA NA NA
cuts_long_ml_r24 0 0.012 0.026 0.017 0.081 0.037 0.015 0.058 0.027 NA 0 0.102 0.095 0.091 0.14 0.139 0.161 0.147 0.284 NA 0.092 0.181 0.127 0.128 NA NA NA NA NA NA
cuts_wide_bayes_r24 0 0.012 0.026 0.017 0.081 0.038 0.015 0.058 0.027 NA 0 0.112 0.105 0.098 0.143 0.144 0.164 0.145 0.312 NA 0.107 0.203 0.146 0.145 NA NA NA NA NA NA
cuts_long_bayes_r24 0 0.012 0.026 0.017 0.082 0.038 0.015 0.058 0.027 NA 0 0.107 0.102 0.099 0.143 0.145 0.165 0.152 0.309 NA 0.104 0.2 0.144 0.143 NA NA NA NA NA NA
tso_wide_ml_r24 0 0.012 0.026 0.017 0.081 0.037 0.015 0.058 0.027 0.022 NA NA NA NA 0.14 0.139 0.161 0.147 NA NA 0.276 0.275 0.368 0.304 0.223 0.29 0.26 0.256 0.225 0.291
tso_wide_bayes_r24 0 0.012 0.026 0.017 0.081 0.037 0.015 0.059 0.027 0.022 NA NA NA NA 0.148 0.154 0.17 0.153 NA NA 0.334 0.332 0.438 0.367 0.266 0.348 0.31 0.307 0.268 0.349
tso_long_bayes_r24 0 0.012 0.026 0.017 0.081 0.037 0.015 0.058 0.027 0.022 NA NA NA NA 0.13 0.129 0.161 0.138 NA NA 0.329 0.327 0.44 0.363 0.264 0.346 0.308 0.304 0.265 0.347
msst_wide_ml_r25 0 0.014 0.032 0.024 0.112 0.062 0.017 0.087 0.059 NA 0 0.485 0.166 0.124 0 0.907 0.312 0.232 0.031 0.05 NA NA NA NA NA NA NA NA NA NA
msst_long_ml_r25 0 0.014 0.031 0.024 0.112 0.062 0.017 0.087 0.059 NA 0 0.484 0.166 0.124 0 0.906 0.311 0.232 0.031 0.05 NA NA NA NA NA NA NA NA NA NA
msst_wide_bayes_r25 0 0.014 0.032 0.025 0.114 0.062 0.017 0.087 0.059 NA 0 0.554 0.184 0.135 0 1.043 0.346 0.253 0.032 0.05 NA NA NA NA NA NA NA NA NA NA
msst_long_bayes_r25 0 0.014 0.031 0.024 0.112 0.061 0.017 0.087 0.059 NA 0 0.49 0.171 0.127 0 0.909 0.318 0.239 0.03 0.047 NA NA NA NA NA NA NA NA NA NA
cuts_wide_ml_r25 0 0.013 0.03 0.019 0.077 0.039 0.016 0.064 0.029 NA 0 0.178 0.2 0.178 0.123 0.138 0.141 0.139 0.199 NA 0.124 0.178 0.142 0.162 NA NA NA NA NA NA
cuts_long_ml_r25 0 0.013 0.03 0.019 0.077 0.039 0.016 0.064 0.029 NA 0 0.178 0.2 0.178 0.123 0.138 0.141 0.139 0.2 NA 0.124 0.178 0.142 0.162 NA NA NA NA NA NA
cuts_wide_bayes_r25 0 0.013 0.03 0.019 0.077 0.04 0.016 0.064 0.029 NA 0 0.189 0.218 0.194 0.127 0.141 0.142 0.138 0.213 NA 0.138 0.201 0.154 0.18 NA NA NA NA NA NA
cuts_long_bayes_r25 0 0.013 0.03 0.019 0.078 0.04 0.016 0.064 0.029 NA 0 0.202 0.227 0.206 0.124 0.143 0.144 0.144 0.21 NA 0.138 0.198 0.149 0.179 NA NA NA NA NA NA
tso_wide_ml_r25 0 0.013 0.03 0.019 0.077 0.039 0.016 0.064 0.029 0.022 NA NA NA NA 0.123 0.138 0.141 0.139 NA NA 0.213 0.268 0.282 0.274 0.186 0.207 0.225 0.194 0.209 0.235
tso_wide_bayes_r25 0 0.013 0.03 0.019 0.077 0.039 0.016 0.065 0.029 0.022 NA NA NA NA 0.131 0.152 0.15 0.146 NA NA 0.259 0.325 0.337 0.332 0.225 0.25 0.27 0.232 0.251 0.282
tso_long_bayes_r25 0 0.013 0.03 0.019 0.077 0.039 0.016 0.064 0.03 0.023 NA NA NA NA 0.117 0.129 0.143 0.131 NA NA 0.254 0.32 0.339 0.328 0.222 0.248 0.269 0.231 0.248 0.281
msst_wide_ml_r26 0 0.012 0.026 0.019 0.125 0.059 0.017 0.077 0.049 NA 0 0.316 0.126 0.078 0 0.69 0.276 0.171 0.044 0.057 NA NA NA NA NA NA NA NA NA NA
msst_long_ml_r26 0 0.012 0.026 0.019 0.125 0.059 0.017 0.077 0.049 NA 0 0.316 0.126 0.078 0 0.688 0.276 0.171 0.044 0.057 NA NA NA NA NA NA NA NA NA NA
msst_wide_bayes_r26 0 0.012 0.026 0.019 0.126 0.059 0.017 0.078 0.049 NA 0 0.347 0.136 0.083 0 0.761 0.297 0.18 0.045 0.057 NA NA NA NA NA NA NA NA NA NA
msst_long_bayes_r26 0 0.012 0.026 0.019 0.125 0.059 0.017 0.076 0.048 NA 0 0.378 0.149 0.08 0 0.829 0.327 0.175 0.051 0.056 NA NA NA NA NA NA NA NA NA NA
cuts_wide_ml_r26 0 0.013 0.027 0.017 0.081 0.039 0.016 0.06 0.027 NA 0 0.116 0.13 0.102 0.136 0.131 0.149 0.117 0.255 NA 0.114 0.144 0.125 0.122 NA NA NA NA NA NA
cuts_long_ml_r26 0 0.013 0.027 0.017 0.081 0.039 0.016 0.06 0.027 NA 0 0.116 0.13 0.102 0.136 0.131 0.149 0.117 0.255 NA 0.114 0.144 0.125 0.122 NA NA NA NA NA NA
cuts_wide_bayes_r26 0 0.013 0.027 0.017 0.081 0.039 0.016 0.06 0.027 NA 0 0.12 0.127 0.109 0.14 0.135 0.152 0.117 0.272 NA 0.116 0.159 0.105 0.133 NA NA NA NA NA NA
cuts_long_bayes_r26 0 0.013 0.027 0.017 0.08 0.039 0.016 0.06 0.027 NA 0 0.122 0.124 0.11 0.137 0.136 0.151 0.121 0.271 NA 0.118 0.159 0.104 0.132 NA NA NA NA NA NA
tso_wide_ml_r26 0 0.013 0.027 0.017 0.081 0.039 0.016 0.06 0.027 0.022 NA NA NA NA 0.136 0.131 0.149 0.117 NA NA 0.26 0.244 0.314 0.195 0.201 0.258 0.234 0.181 0.168 0.206
tso_wide_bayes_r26 0 0.013 0.027 0.017 0.081 0.039 0.016 0.061 0.027 0.022 NA NA NA NA 0.145 0.145 0.159 0.123 NA NA 0.316 0.294 0.375 0.235 0.242 0.31 0.28 0.217 0.2 0.245
tso_long_bayes_r26 0 0.013 0.027 0.017 0.081 0.039 0.016 0.06 0.027 0.022 NA NA NA NA 0.13 0.125 0.148 0.114 NA NA 0.311 0.291 0.377 0.233 0.24 0.308 0.278 0.217 0.2 0.246
msst_wide_ml_r27 0 0.012 0.027 0.019 0.118 0.056 0.016 0.083 0.047 NA 0 0.155 0.077 0.052 0 0.344 0.171 0.115 0.066 0.068 NA NA NA NA NA NA NA NA NA NA
msst_long_ml_r27 0 0.012 0.027 0.019 0.118 0.056 0.016 0.083 0.047 NA 0 0.155 0.077 0.052 0 0.343 0.171 0.115 0.066 0.068 NA NA NA NA NA NA NA NA NA NA
msst_wide_bayes_r27 0 0.012 0.027 0.02 0.12 0.056 0.017 0.083 0.047 NA 0 0.168 0.081 0.053 0 0.371 0.178 0.117 0.073 0.069 NA NA NA NA NA NA NA NA NA NA
msst_long_bayes_r27 0 0.012 0.027 0.019 0.116 0.055 0.016 0.083 0.047 NA 0 0.148 0.074 0.051 0 0.335 0.165 0.114 0.072 0.07 NA NA NA NA NA NA NA NA NA NA
cuts_wide_ml_r27 0 0.012 0.027 0.018 0.081 0.038 0.015 0.063 0.027 NA 0 0.11 0.124 0.093 0.133 0.134 0.159 0.111 0.251 NA 0.102 0.141 0.135 0.109 NA NA NA NA NA NA
cuts_long_ml_r27 0 0.012 0.027 0.018 0.081 0.038 0.015 0.063 0.027 NA 0 0.11 0.124 0.093 0.133 0.134 0.159 0.111 0.251 NA 0.102 0.141 0.135 0.109 NA NA NA NA NA NA
cuts_wide_bayes_r27 0 0.012 0.027 0.017 0.08 0.039 0.015 0.063 0.027 NA 0 0.112 0.134 0.1 0.137 0.138 0.163 0.111 0.27 NA 0.11 0.157 0.143 0.122 NA NA NA NA NA NA
cuts_long_bayes_r27 0 0.012 0.028 0.018 0.081 0.039 0.015 0.063 0.027 NA 0 0.118 0.131 0.1 0.134 0.14 0.163 0.115 0.269 NA 0.11 0.157 0.138 0.121 NA NA NA NA NA NA
tso_wide_ml_r27 0 0.012 0.027 0.018 0.081 0.038 0.015 0.063 0.027 0.022 NA NA NA NA 0.133 0.134 0.159 0.112 NA NA 0.249 0.255 0.359 0.176 0.208 0.271 0.257 0.17 0.163 0.208
tso_wide_bayes_r27 0 0.012 0.027 0.017 0.08 0.039 0.015 0.064 0.027 0.022 NA NA NA NA 0.142 0.149 0.171 0.117 NA NA 0.301 0.308 0.427 0.211 0.249 0.325 0.307 0.203 0.194 0.247
tso_long_bayes_r27 0 0.012 0.028 0.018 0.081 0.039 0.015 0.063 0.027 0.022 NA NA NA NA 0.125 0.126 0.158 0.109 NA NA 0.297 0.303 0.431 0.211 0.247 0.324 0.306 0.204 0.193 0.248
msst_wide_ml_r28 0 0.012 0.025 0.019 0.133 0.06 0.018 0.077 0.051 NA 0 0.166 0.08 0.069 0 0.349 0.169 0.144 0.074 0.071 NA NA NA NA NA NA NA NA NA NA
msst_long_ml_r28 0 0.012 0.025 0.019 0.133 0.06 0.018 0.077 0.051 NA 0 0.165 0.08 0.068 0 0.347 0.168 0.144 0.074 0.071 NA NA NA NA NA NA NA NA NA NA
msst_wide_bayes_r28 0 0.012 0.026 0.019 0.136 0.061 0.018 0.079 0.052 NA 0 0.176 0.083 0.071 0 0.366 0.175 0.15 0.08 0.071 NA NA NA NA NA NA NA NA NA NA
msst_long_bayes_r28 0 0.012 0.025 0.019 0.131 0.06 0.018 0.076 0.051 NA 0 0.137 0.072 0.062 0 0.292 0.154 0.133 0.078 0.074 NA NA NA NA NA NA NA NA NA NA
cuts_wide_ml_r28 0 0.013 0.028 0.018 0.078 0.038 0.016 0.059 0.028 NA 0 0.097 0.097 0.097 0.15 0.137 0.16 0.148 0.314 NA 0.113 0.135 0.102 0.134 NA NA NA NA NA NA
cuts_long_ml_r28 0 0.013 0.028 0.018 0.078 0.038 0.016 0.059 0.028 NA 0 0.097 0.097 0.097 0.15 0.137 0.16 0.148 0.314 NA 0.113 0.135 0.102 0.134 NA NA NA NA NA NA
cuts_wide_bayes_r28 0 0.013 0.028 0.018 0.079 0.039 0.016 0.06 0.028 NA 0 0.105 0.108 0.109 0.154 0.139 0.161 0.146 0.347 NA 0.123 0.152 0.105 0.147 NA NA NA NA NA NA
cuts_long_bayes_r28 0 0.013 0.028 0.018 0.08 0.039 0.016 0.059 0.028 NA 0 0.102 0.102 0.105 0.152 0.141 0.163 0.152 0.338 NA 0.123 0.15 0.102 0.144 NA NA NA NA NA NA
tso_wide_ml_r28 0 0.013 0.028 0.018 0.078 0.038 0.016 0.059 0.028 0.022 NA NA NA NA 0.15 0.137 0.16 0.148 NA NA 0.318 0.264 0.361 0.308 0.237 0.309 0.267 0.27 0.234 0.295
tso_wide_bayes_r28 0 0.013 0.028 0.018 0.078 0.038 0.016 0.06 0.028 0.022 NA NA NA NA 0.159 0.151 0.17 0.155 NA NA 0.387 0.318 0.431 0.373 0.283 0.371 0.319 0.326 0.28 0.355
tso_long_bayes_r28 0 0.013 0.028 0.018 0.079 0.038 0.016 0.06 0.028 0.022 NA NA NA NA 0.14 0.128 0.154 0.137 NA NA 0.379 0.314 0.43 0.368 0.281 0.368 0.317 0.322 0.277 0.352
msst_wide_ml_r29 0 0.012 0.026 0.019 0.129 0.057 0.017 0.079 0.05 NA 0 0.114 0.053 0.051 0 0.248 0.116 0.111 0.094 0.08 NA NA NA NA NA NA NA NA NA NA
msst_long_ml_r29 0 0.012 0.026 0.019 0.129 0.057 0.017 0.079 0.05 NA 0 0.114 0.053 0.051 0 0.248 0.116 0.111 0.094 0.08 NA NA NA NA NA NA NA NA NA NA
msst_wide_bayes_r29 0 0.012 0.026 0.019 0.131 0.057 0.017 0.079 0.05 NA 0 0.118 0.054 0.052 0 0.257 0.119 0.113 0.102 0.08 NA NA NA NA NA NA NA NA NA NA
msst_long_bayes_r29 0 0.011 0.027 0.019 0.129 0.056 0.017 0.077 0.05 NA 0 0.106 0.052 0.051 0 0.234 0.114 0.111 0.103 0.083 NA NA NA NA NA NA NA NA NA NA
cuts_wide_ml_r29 0 0.013 0.028 0.019 0.078 0.037 0.015 0.059 0.029 NA 0 0.089 0.084 0.083 0.153 0.14 0.166 0.136 0.332 NA 0.1 0.153 0.103 0.119 NA NA NA NA NA NA
cuts_long_ml_r29 0 0.013 0.028 0.019 0.078 0.037 0.015 0.059 0.029 NA 0 0.089 0.084 0.083 0.153 0.14 0.166 0.136 0.332 NA 0.1 0.153 0.103 0.119 NA NA NA NA NA NA
cuts_wide_bayes_r29 0 0.013 0.028 0.019 0.078 0.038 0.015 0.059 0.029 NA 0 0.094 0.089 0.088 0.157 0.143 0.168 0.135 0.36 NA 0.11 0.17 0.107 0.133 NA NA NA NA NA NA
cuts_long_bayes_r29 0 0.012 0.029 0.019 0.079 0.038 0.015 0.06 0.029 NA 0 0.093 0.089 0.089 0.156 0.145 0.169 0.14 0.361 NA 0.112 0.168 0.106 0.132 NA NA NA NA NA NA
tso_wide_ml_r29 0 0.013 0.028 0.019 0.078 0.037 0.015 0.059 0.029 0.022 NA NA NA NA 0.153 0.14 0.166 0.136 NA NA 0.332 0.276 0.389 0.261 0.253 0.334 0.277 0.248 0.221 0.28
tso_wide_bayes_r29 0 0.013 0.028 0.018 0.078 0.038 0.015 0.06 0.029 0.022 NA NA NA NA 0.164 0.155 0.176 0.143 NA NA 0.4 0.332 0.463 0.314 0.302 0.399 0.33 0.294 0.264 0.333
tso_long_bayes_r29 0 0.013 0.028 0.019 0.079 0.038 0.015 0.06 0.029 0.022 NA NA NA NA 0.14 0.13 0.157 0.126 NA NA 0.397 0.327 0.465 0.312 0.301 0.399 0.33 0.295 0.263 0.334
msst_wide_ml_r30 0 0.013 0.027 0.019 0.12 0.056 0.018 0.083 0.047 NA 0 0.241 0.087 0.083 0 0.492 0.179 0.169 0.053 0.062 NA NA NA NA NA NA NA NA NA NA
msst_long_ml_r30 0 0.013 0.027 0.019 0.12 0.056 0.018 0.083 0.047 NA 0 0.24 0.087 0.082 0 0.491 0.178 0.169 0.053 0.062 NA NA NA NA NA NA NA NA NA NA
msst_wide_bayes_r30 0 0.013 0.027 0.019 0.121 0.056 0.018 0.083 0.048 NA 0 0.253 0.091 0.085 0 0.518 0.186 0.175 0.057 0.062 NA NA NA NA NA NA NA NA NA NA
msst_long_bayes_r30 0 0.013 0.027 0.019 0.12 0.056 0.018 0.082 0.047 NA 0 0.223 0.088 0.081 0 0.45 0.18 0.166 0.055 0.062 NA NA NA NA NA NA NA NA NA NA
cuts_wide_ml_r30 0 0.013 0.027 0.018 0.08 0.039 0.016 0.06 0.029 NA 0 0.13 0.122 0.108 0.133 0.149 0.159 0.134 0.247 NA 0.099 0.188 0.13 0.108 NA NA NA NA NA NA
cuts_long_ml_r30 0 0.013 0.027 0.018 0.08 0.039 0.016 0.06 0.029 NA 0 0.13 0.122 0.108 0.133 0.149 0.159 0.134 0.247 NA 0.099 0.188 0.13 0.108 NA NA NA NA NA NA
cuts_wide_bayes_r30 0 0.013 0.027 0.018 0.081 0.039 0.016 0.06 0.029 NA 0 0.132 0.128 0.113 0.136 0.152 0.161 0.133 0.264 NA 0.111 0.21 0.148 0.122 NA NA NA NA NA NA
cuts_long_bayes_r30 0 0.013 0.027 0.018 0.081 0.039 0.016 0.06 0.029 NA 0 0.14 0.135 0.118 0.135 0.155 0.164 0.139 0.266 NA 0.113 0.209 0.148 0.122 NA NA NA NA NA NA
tso_wide_ml_r30 0 0.013 0.027 0.018 0.08 0.039 0.016 0.06 0.029 0.022 NA NA NA NA 0.133 0.149 0.159 0.134 NA NA 0.249 0.315 0.36 0.254 0.227 0.266 0.277 0.216 0.233 0.265
tso_wide_bayes_r30 0 0.013 0.028 0.018 0.08 0.039 0.016 0.061 0.029 0.022 NA NA NA NA 0.141 0.165 0.169 0.141 NA NA 0.301 0.38 0.428 0.308 0.271 0.319 0.332 0.26 0.279 0.318
tso_long_bayes_r30 0 0.013 0.027 0.018 0.08 0.039 0.016 0.061 0.029 0.022 NA NA NA NA 0.125 0.136 0.16 0.126 NA NA 0.295 0.373 0.429 0.303 0.268 0.316 0.329 0.257 0.275 0.316
msst_wide_ml_r31 0 0.011 0.025 0.018 0.13 0.057 0.018 0.085 0.049 NA 0 0.15 0.063 0.068 0 0.254 0.107 0.115 0.08 0.075 NA NA NA NA NA NA NA NA NA NA
msst_long_ml_r31 0 0.011 0.025 0.018 0.13 0.057 0.018 0.085 0.049 NA 0 0.15 0.063 0.068 0 0.253 0.107 0.115 0.08 0.075 NA NA NA NA NA NA NA NA NA NA
msst_wide_bayes_r31 0 0.011 0.025 0.018 0.132 0.057 0.018 0.085 0.049 NA 0 0.162 0.065 0.072 0 0.273 0.11 0.121 0.088 0.075 NA NA NA NA NA NA NA NA NA NA
msst_long_bayes_r31 0 0.011 0.025 0.018 0.129 0.057 0.018 0.083 0.049 NA 0 0.145 0.063 0.065 0 0.239 0.106 0.108 0.09 0.077 NA NA NA NA NA NA NA NA NA NA
cuts_wide_ml_r31 0 0.012 0.027 0.017 0.082 0.038 0.015 0.064 0.028 NA 0 0.105 0.089 0.09 0.147 0.157 0.171 0.148 0.305 NA 0.09 0.189 0.113 0.13 NA NA NA NA NA NA
cuts_long_ml_r31 0 0.012 0.027 0.017 0.082 0.038 0.015 0.064 0.028 NA 0 0.105 0.089 0.09 0.147 0.157 0.171 0.148 0.305 NA 0.09 0.189 0.113 0.13 NA NA NA NA NA NA
cuts_wide_bayes_r31 0 0.012 0.026 0.017 0.082 0.038 0.015 0.063 0.028 NA 0 0.108 0.098 0.097 0.15 0.161 0.173 0.146 0.333 NA 0.104 0.212 0.131 0.148 NA NA NA NA NA NA
cuts_long_bayes_r31 0 0.012 0.027 0.017 0.082 0.039 0.016 0.064 0.028 NA 0 0.111 0.097 0.098 0.149 0.163 0.175 0.152 0.332 NA 0.104 0.21 0.128 0.144 NA NA NA NA NA NA
tso_wide_ml_r31 0 0.012 0.027 0.017 0.082 0.038 0.015 0.064 0.028 0.022 NA NA NA NA 0.147 0.157 0.171 0.147 NA NA 0.305 0.348 0.413 0.308 0.269 0.328 0.32 0.265 0.276 0.313
tso_wide_bayes_r31 0 0.012 0.027 0.017 0.082 0.038 0.015 0.064 0.028 0.022 NA NA NA NA 0.156 0.174 0.182 0.156 NA NA 0.371 0.419 0.491 0.371 0.322 0.394 0.381 0.318 0.331 0.375
tso_long_bayes_r31 0 0.012 0.027 0.017 0.082 0.038 0.016 0.064 0.029 0.022 NA NA NA NA 0.135 0.144 0.163 0.133 NA NA 0.364 0.412 0.493 0.368 0.319 0.392 0.379 0.316 0.328 0.374
msst_wide_ml_r32 0 0.012 0.026 0.019 0.127 0.057 0.017 0.081 0.051 NA 0 0.118 0.054 0.045 0 0.257 0.119 0.099 0.089 0.078 NA NA NA NA NA NA NA NA NA NA
msst_long_ml_r32 0 0.012 0.026 0.019 0.127 0.057 0.017 0.081 0.051 NA 0 0.117 0.054 0.045 0 0.256 0.119 0.099 0.089 0.079 NA NA NA NA NA NA NA NA NA NA
msst_wide_bayes_r32 0 0.012 0.026 0.02 0.129 0.057 0.017 0.081 0.051 NA 0 0.122 0.055 0.047 0 0.266 0.121 0.102 0.097 0.079 NA NA NA NA NA NA NA NA NA NA
msst_long_bayes_r32 0 0.012 0.026 0.019 0.125 0.057 0.017 0.081 0.051 NA 0 0.115 0.055 0.046 0 0.25 0.12 0.102 0.098 0.081 NA NA NA NA NA NA NA NA NA NA
cuts_wide_ml_r32 0 0.012 0.027 0.018 0.083 0.039 0.015 0.062 0.029 NA 0 0.099 0.099 0.088 0.147 0.142 0.16 0.13 0.31 NA 0.113 0.166 0.122 0.117 NA NA NA NA NA NA
cuts_long_ml_r32 0 0.012 0.027 0.018 0.083 0.039 0.015 0.062 0.029 NA 0 0.099 0.099 0.088 0.147 0.142 0.16 0.13 0.31 NA 0.113 0.166 0.122 0.117 NA NA NA NA NA NA
cuts_wide_bayes_r32 0 0.012 0.027 0.018 0.083 0.04 0.015 0.061 0.029 NA 0 0.109 0.107 0.094 0.151 0.146 0.163 0.13 0.335 NA 0.127 0.187 0.137 0.132 NA NA NA NA NA NA
cuts_long_bayes_r32 0 0.012 0.027 0.018 0.083 0.04 0.015 0.062 0.029 NA 0 0.105 0.108 0.095 0.149 0.147 0.163 0.134 0.337 NA 0.127 0.185 0.133 0.131 NA NA NA NA NA NA
tso_wide_ml_r32 0 0.012 0.027 0.018 0.083 0.039 0.015 0.062 0.029 0.022 NA NA NA NA 0.147 0.142 0.16 0.13 NA NA 0.305 0.284 0.363 0.24 0.246 0.303 0.268 0.228 0.205 0.257
tso_wide_bayes_r32 0 0.012 0.027 0.018 0.082 0.04 0.016 0.062 0.029 0.022 NA NA NA NA 0.157 0.157 0.17 0.137 NA NA 0.368 0.343 0.431 0.29 0.294 0.362 0.319 0.271 0.244 0.306
tso_long_bayes_r32 0 0.012 0.027 0.018 0.082 0.039 0.015 0.062 0.029 0.022 NA NA NA NA 0.135 0.129 0.158 0.125 NA NA 0.363 0.337 0.432 0.287 0.292 0.361 0.318 0.271 0.243 0.306
msst_wide_ml_r33 0 0.013 0.029 0.022 0.122 0.06 0.017 0.081 0.053 NA 0 0.094 0.053 0.044 0 0.216 0.122 0.101 0.105 0.085 NA NA NA NA NA NA NA NA NA NA
msst_long_ml_r33 0 0.013 0.029 0.022 0.122 0.06 0.017 0.081 0.053 NA 0 0.094 0.053 0.044 0 0.215 0.122 0.101 0.105 0.085 NA NA NA NA NA NA NA NA NA NA
msst_wide_bayes_r33 0 0.013 0.029 0.022 0.123 0.059 0.018 0.081 0.053 NA 0 0.095 0.053 0.045 0 0.218 0.123 0.103 0.115 0.086 NA NA NA NA NA NA NA NA NA NA
msst_long_bayes_r33 0 0.013 0.029 0.022 0.12 0.059 0.017 0.081 0.053 NA 0 0.091 0.052 0.044 0 0.212 0.119 0.102 0.116 0.088 NA NA NA NA NA NA NA NA NA NA
cuts_wide_ml_r33 0 0.013 0.027 0.018 0.082 0.039 0.015 0.062 0.029 NA 0 0.113 0.116 0.109 0.145 0.146 0.158 0.146 0.291 NA 0.123 0.148 0.107 0.118 NA NA NA NA NA NA
cuts_long_ml_r33 0 0.013 0.027 0.018 0.082 0.039 0.015 0.062 0.029 NA 0 0.113 0.116 0.109 0.145 0.146 0.158 0.146 0.291 NA 0.123 0.148 0.107 0.118 NA NA NA NA NA NA
cuts_wide_bayes_r33 0 0.013 0.027 0.018 0.082 0.04 0.015 0.061 0.029 NA 0 0.123 0.131 0.121 0.148 0.148 0.159 0.144 0.314 NA 0.139 0.167 0.121 0.134 NA NA NA NA NA NA
cuts_long_bayes_r33 0 0.013 0.028 0.018 0.083 0.04 0.015 0.062 0.029 NA 0 0.121 0.126 0.119 0.147 0.15 0.161 0.15 0.31 NA 0.137 0.164 0.118 0.131 NA NA NA NA NA NA
tso_wide_ml_r33 0 0.013 0.027 0.018 0.082 0.039 0.015 0.062 0.029 0.022 NA NA NA NA 0.145 0.146 0.158 0.146 NA NA 0.296 0.301 0.353 0.303 0.252 0.287 0.282 0.257 0.247 0.294
tso_wide_bayes_r33 0 0.013 0.027 0.018 0.081 0.04 0.016 0.062 0.029 0.022 NA NA NA NA 0.155 0.162 0.169 0.153 NA NA 0.36 0.363 0.423 0.366 0.303 0.346 0.338 0.309 0.295 0.353
tso_long_bayes_r33 0 0.012 0.027 0.018 0.082 0.039 0.015 0.062 0.029 0.022 NA NA NA NA 0.131 0.133 0.154 0.138 NA NA 0.353 0.358 0.422 0.361 0.3 0.343 0.337 0.306 0.292 0.35
msst_wide_ml_r34 0 0.012 0.024 0.019 0.138 0.054 0.021 0.076 0.051 NA 0 0.063 0.037 0.034 0 0.124 0.075 0.067 0.162 0.104 NA NA NA NA NA NA NA NA NA NA
msst_long_ml_r34 0 0.012 0.024 0.019 0.137 0.054 0.021 0.076 0.051 NA 0 0.063 0.037 0.034 0 0.124 0.075 0.067 0.162 0.104 NA NA NA NA NA NA NA NA NA NA
msst_wide_bayes_r34 0 0.012 0.024 0.019 0.139 0.054 0.021 0.077 0.052 NA 0 0.065 0.037 0.034 0 0.126 0.075 0.068 0.178 0.105 NA NA NA NA NA NA NA NA NA NA
msst_long_bayes_r34 0 0.012 0.025 0.019 0.137 0.054 0.021 0.076 0.052 NA 0 0.062 0.035 0.033 0 0.125 0.071 0.066 0.188 0.11 NA NA NA NA NA NA NA NA NA NA
cuts_wide_ml_r34 0 0.013 0.028 0.019 0.079 0.039 0.016 0.06 0.029 NA 0 0.069 0.063 0.068 0.165 0.134 0.177 0.156 0.387 NA 0.085 0.127 0.091 0.112 NA NA NA NA NA NA
cuts_long_ml_r34 0 0.013 0.028 0.019 0.079 0.039 0.016 0.06 0.029 NA 0 0.069 0.063 0.068 0.165 0.134 0.177 0.156 0.387 NA 0.085 0.127 0.091 0.112 NA NA NA NA NA NA
cuts_wide_bayes_r34 0 0.013 0.028 0.019 0.08 0.04 0.016 0.061 0.029 NA 0 0.071 0.068 0.072 0.167 0.137 0.178 0.154 0.422 NA 0.096 0.142 0.103 0.126 NA NA NA NA NA NA
cuts_long_bayes_r34 0 0.013 0.028 0.019 0.08 0.04 0.016 0.061 0.029 NA 0 0.071 0.067 0.072 0.167 0.139 0.18 0.16 0.423 NA 0.097 0.141 0.101 0.125 NA NA NA NA NA NA
tso_wide_ml_r34 0 0.013 0.028 0.019 0.079 0.039 0.016 0.06 0.029 0.022 NA NA NA NA 0.165 0.134 0.177 0.156 NA NA 0.384 0.256 0.442 0.343 0.269 0.39 0.289 0.327 0.242 0.354
tso_wide_bayes_r34 0 0.013 0.028 0.019 0.079 0.04 0.016 0.061 0.029 0.022 NA NA NA NA 0.174 0.148 0.186 0.162 NA NA 0.466 0.309 0.527 0.415 0.322 0.469 0.345 0.395 0.289 0.427
tso_long_bayes_r34 0 0.013 0.028 0.019 0.08 0.04 0.016 0.061 0.029 0.022 NA NA NA NA 0.148 0.125 0.165 0.141 NA NA 0.459 0.303 0.528 0.409 0.32 0.466 0.345 0.39 0.288 0.423
msst_wide_ml_r35 0 0.014 0.026 0.021 0.121 0.058 0.017 0.085 0.059 NA 0 0.509 0.154 0.117 0 1.089 0.329 0.25 0.033 0.05 NA NA NA NA NA NA NA NA NA NA
msst_long_ml_r35 0 0.014 0.026 0.021 0.121 0.058 0.017 0.085 0.059 NA 0 0.508 0.153 0.117 0 1.086 0.329 0.25 0.033 0.05 NA NA NA NA NA NA NA NA NA NA
msst_wide_bayes_r35 0 0.014 0.026 0.021 0.122 0.058 0.018 0.086 0.059 NA 0 0.637 0.179 0.132 0 1.357 0.382 0.281 0.035 0.051 NA NA NA NA NA NA NA NA NA NA
msst_long_bayes_r35 0 0.014 0.026 0.021 0.122 0.057 0.018 0.084 0.059 NA 0 0.506 0.165 0.13 0 1.075 0.35 0.28 0.028 0.049 NA NA NA NA NA NA NA NA NA NA
cuts_wide_ml_r35 0 0.014 0.029 0.019 0.077 0.04 0.016 0.061 0.029 NA 0 0.11 0.125 0.111 0.135 0.128 0.157 0.142 0.268 NA 0.116 0.157 0.156 0.153 NA NA NA NA NA NA
cuts_long_ml_r35 0 0.014 0.029 0.019 0.077 0.04 0.016 0.061 0.029 NA 0 0.11 0.125 0.111 0.135 0.128 0.157 0.142 0.268 NA 0.116 0.157 0.156 0.153 NA NA NA NA NA NA
cuts_wide_bayes_r35 0 0.014 0.029 0.019 0.077 0.04 0.016 0.062 0.029 NA 0 0.114 0.142 0.119 0.139 0.131 0.16 0.141 0.293 NA 0.135 0.175 0.18 0.174 NA NA NA NA NA NA
cuts_long_bayes_r35 0 0.014 0.03 0.019 0.078 0.04 0.016 0.062 0.03 NA 0 0.117 0.137 0.122 0.137 0.133 0.161 0.147 0.29 NA 0.133 0.174 0.173 0.17 NA NA NA NA NA NA
tso_wide_ml_r35 0 0.014 0.029 0.019 0.078 0.04 0.016 0.061 0.029 0.022 NA NA NA NA 0.135 0.128 0.157 0.142 NA NA 0.258 0.231 0.349 0.286 0.195 0.266 0.231 0.231 0.195 0.266
tso_wide_bayes_r35 0 0.014 0.029 0.019 0.077 0.04 0.016 0.063 0.029 0.022 NA NA NA NA 0.143 0.141 0.166 0.148 NA NA 0.314 0.281 0.42 0.346 0.235 0.321 0.278 0.278 0.234 0.318
tso_long_bayes_r35 0 0.014 0.029 0.019 0.078 0.04 0.016 0.062 0.03 0.023 NA NA NA NA 0.127 0.121 0.16 0.137 NA NA 0.307 0.275 0.417 0.342 0.23 0.315 0.275 0.275 0.232 0.317
msst_wide_ml_r36 0 0.013 0.029 0.022 0.11 0.053 0.018 0.082 0.051 NA 0 0.123 0.069 0.057 0 0.264 0.15 0.122 0.079 0.074 NA NA NA NA NA NA NA NA NA NA
msst_long_ml_r36 0 0.013 0.029 0.022 0.11 0.053 0.018 0.082 0.051 NA 0 0.123 0.069 0.057 0 0.264 0.15 0.122 0.079 0.074 NA NA NA NA NA NA NA NA NA NA
msst_wide_bayes_r36 0 0.013 0.03 0.022 0.111 0.053 0.018 0.083 0.051 NA 0 0.124 0.071 0.058 0 0.266 0.152 0.124 0.086 0.075 NA NA NA NA NA NA NA NA NA NA
msst_long_bayes_r36 0 0.013 0.03 0.022 0.11 0.053 0.018 0.081 0.05 NA 0 0.125 0.07 0.058 0 0.272 0.153 0.126 0.087 0.077 NA NA NA NA NA NA NA NA NA NA
cuts_wide_ml_r36 0 0.013 0.028 0.018 0.079 0.039 0.015 0.063 0.028 NA 0 0.119 0.124 0.114 0.127 0.145 0.171 0.148 0.225 NA 0.081 0.144 0.114 0.117 NA NA NA NA NA NA
cuts_long_ml_r36 0 0.013 0.028 0.018 0.079 0.039 0.015 0.063 0.028 NA 0 0.119 0.124 0.114 0.127 0.145 0.172 0.148 0.225 NA 0.081 0.144 0.114 0.117 NA NA NA NA NA NA
cuts_wide_bayes_r36 0 0.013 0.028 0.018 0.079 0.039 0.015 0.063 0.028 NA 0 0.125 0.132 0.122 0.13 0.147 0.172 0.146 0.242 NA 0.089 0.161 0.126 0.131 NA NA NA NA NA NA
cuts_long_bayes_r36 0 0.013 0.029 0.019 0.079 0.039 0.015 0.063 0.028 NA 0 0.126 0.136 0.124 0.128 0.149 0.174 0.152 0.244 NA 0.092 0.161 0.124 0.13 NA NA NA NA NA NA
tso_wide_ml_r36 0 0.013 0.028 0.018 0.079 0.039 0.015 0.063 0.028 0.022 NA NA NA NA 0.127 0.145 0.171 0.148 NA NA 0.229 0.296 0.416 0.309 0.219 0.28 0.305 0.231 0.25 0.322
tso_wide_bayes_r36 0 0.013 0.029 0.019 0.08 0.04 0.015 0.063 0.028 0.022 NA NA NA NA 0.135 0.16 0.183 0.155 NA NA 0.277 0.356 0.496 0.372 0.262 0.335 0.364 0.276 0.298 0.386
tso_long_bayes_r36 0 0.013 0.028 0.018 0.079 0.039 0.015 0.063 0.028 0.022 NA NA NA NA 0.116 0.133 0.163 0.135 NA NA 0.273 0.351 0.497 0.369 0.259 0.334 0.362 0.275 0.296 0.385
msst_wide_ml_r37 0 0.013 0.027 0.02 0.121 0.057 0.017 0.086 0.052 NA 0 0.307 0.088 0.097 0 0.608 0.176 0.193 0.045 0.057 NA NA NA NA NA NA NA NA NA NA
msst_long_ml_r37 0 0.013 0.027 0.02 0.121 0.057 0.017 0.086 0.052 NA 0 0.307 0.088 0.097 0 0.609 0.176 0.193 0.045 0.057 NA NA NA NA NA NA NA NA NA NA
msst_wide_bayes_r37 0 0.013 0.027 0.02 0.122 0.057 0.018 0.087 0.052 NA 0 0.358 0.093 0.107 0 0.705 0.185 0.212 0.048 0.058 NA NA NA NA NA NA NA NA NA NA
msst_long_bayes_r37 0 0.013 0.027 0.02 0.12 0.056 0.018 0.086 0.051 NA 0 0.308 0.09 0.103 0 0.616 0.18 0.205 0.048 0.057 NA NA NA NA NA NA NA NA NA NA
cuts_wide_ml_r37 0 0.013 0.028 0.018 0.08 0.039 0.016 0.064 0.027 NA 0 0.123 0.112 0.116 0.134 0.142 0.151 0.147 0.254 NA 0.1 0.194 0.123 0.136 NA NA NA NA NA NA
cuts_long_ml_r37 0 0.013 0.028 0.018 0.08 0.039 0.016 0.064 0.027 NA 0 0.123 0.112 0.116 0.134 0.142 0.151 0.147 0.254 NA 0.1 0.194 0.123 0.136 NA NA NA NA NA NA
cuts_wide_bayes_r37 0 0.013 0.028 0.018 0.08 0.039 0.016 0.063 0.028 NA 0 0.132 0.124 0.132 0.137 0.146 0.153 0.146 0.278 NA 0.114 0.218 0.143 0.156 NA NA NA NA NA NA
cuts_long_bayes_r37 0 0.013 0.029 0.018 0.08 0.039 0.016 0.064 0.027 NA 0 0.131 0.124 0.129 0.136 0.148 0.155 0.152 0.277 NA 0.115 0.215 0.139 0.153 NA NA NA NA NA NA
tso_wide_ml_r37 0 0.013 0.028 0.018 0.08 0.039 0.016 0.064 0.027 0.022 NA NA NA NA 0.134 0.142 0.152 0.147 NA NA 0.252 0.287 0.325 0.306 0.215 0.255 0.242 0.239 0.237 0.275
tso_wide_bayes_r37 0 0.013 0.028 0.018 0.08 0.039 0.016 0.065 0.027 0.022 NA NA NA NA 0.142 0.157 0.16 0.154 NA NA 0.305 0.346 0.389 0.37 0.256 0.306 0.29 0.285 0.284 0.329
tso_long_bayes_r37 0 0.013 0.029 0.018 0.08 0.039 0.016 0.064 0.028 0.022 NA NA NA NA 0.125 0.13 0.155 0.139 NA NA 0.302 0.341 0.391 0.366 0.255 0.306 0.288 0.285 0.281 0.329
msst_wide_ml_r38 0 0.013 0.028 0.022 0.124 0.06 0.018 0.082 0.06 NA 0 0.145 0.058 0.06 0 0.293 0.118 0.122 0.079 0.074 NA NA NA NA NA NA NA NA NA NA
msst_long_ml_r38 0 0.013 0.028 0.022 0.124 0.06 0.018 0.082 0.06 NA 0 0.145 0.058 0.06 0 0.293 0.118 0.122 0.079 0.074 NA NA NA NA NA NA NA NA NA NA
msst_wide_bayes_r38 0 0.013 0.028 0.022 0.126 0.06 0.019 0.083 0.061 NA 0 0.149 0.059 0.061 0 0.302 0.12 0.123 0.085 0.074 NA NA NA NA NA NA NA NA NA NA
msst_long_bayes_r38 0 0.013 0.028 0.022 0.123 0.06 0.018 0.082 0.06 NA 0 0.138 0.058 0.06 0 0.277 0.12 0.122 0.084 0.076 NA NA NA NA NA NA NA NA NA NA
cuts_wide_ml_r38 0 0.013 0.029 0.018 0.079 0.039 0.016 0.062 0.028 NA 0 0.11 0.096 0.111 0.144 0.147 0.149 0.153 0.291 NA 0.106 0.186 0.102 0.173 NA NA NA NA NA NA
cuts_long_ml_r38 0 0.013 0.029 0.018 0.079 0.039 0.016 0.062 0.028 NA 0 0.11 0.096 0.111 0.144 0.147 0.149 0.153 0.291 NA 0.106 0.186 0.102 0.173 NA NA NA NA NA NA
cuts_wide_bayes_r38 0 0.013 0.028 0.018 0.079 0.04 0.017 0.062 0.028 NA 0 0.114 0.098 0.116 0.148 0.151 0.151 0.15 0.312 NA 0.113 0.206 0.099 0.194 NA NA NA NA NA NA
cuts_long_bayes_r38 0 0.013 0.029 0.018 0.079 0.04 0.017 0.063 0.028 NA 0 0.115 0.1 0.12 0.145 0.153 0.152 0.157 0.311 NA 0.114 0.202 0.099 0.191 NA NA NA NA NA NA
tso_wide_ml_r38 0 0.013 0.029 0.018 0.079 0.039 0.016 0.062 0.028 0.022 NA NA NA NA 0.143 0.147 0.149 0.153 NA NA 0.291 0.305 0.315 0.331 0.245 0.278 0.259 0.255 0.252 0.278
tso_wide_bayes_r38 0 0.013 0.028 0.018 0.079 0.04 0.017 0.063 0.028 0.022 NA NA NA NA 0.153 0.163 0.159 0.16 NA NA 0.353 0.37 0.376 0.401 0.294 0.334 0.309 0.304 0.301 0.332
tso_long_bayes_r38 0 0.013 0.029 0.018 0.079 0.039 0.016 0.063 0.028 0.023 NA NA NA NA 0.134 0.133 0.147 0.145 NA NA 0.346 0.362 0.376 0.395 0.291 0.331 0.306 0.303 0.297 0.33
msst_wide_ml_r39 0 0.012 0.025 0.019 0.136 0.063 0.017 0.079 0.051 NA 0 0.139 0.065 0.056 0 0.283 0.134 0.115 0.089 0.078 NA NA NA NA NA NA NA NA NA NA
msst_long_ml_r39 0 0.012 0.025 0.019 0.136 0.063 0.017 0.078 0.051 NA 0 0.138 0.065 0.056 0 0.283 0.134 0.115 0.089 0.078 NA NA NA NA NA NA NA NA NA NA
msst_wide_bayes_r39 0 0.012 0.025 0.019 0.136 0.063 0.018 0.079 0.051 NA 0 0.144 0.067 0.058 0 0.293 0.138 0.118 0.096 0.079 NA NA NA NA NA NA NA NA NA NA
msst_long_bayes_r39 0 0.012 0.025 0.019 0.135 0.062 0.017 0.077 0.051 NA 0 0.148 0.066 0.058 0 0.304 0.137 0.119 0.1 0.08 NA NA NA NA NA NA NA NA NA NA
cuts_wide_ml_r39 0 0.013 0.027 0.018 0.077 0.037 0.015 0.059 0.027 NA 0 0.1 0.095 0.091 0.159 0.152 0.166 0.143 0.351 NA 0.125 0.168 0.11 0.137 NA NA NA NA NA NA
cuts_long_ml_r39 0 0.013 0.027 0.018 0.077 0.037 0.015 0.059 0.027 NA 0 0.1 0.095 0.091 0.159 0.152 0.166 0.143 0.351 NA 0.125 0.168 0.11 0.137 NA NA NA NA NA NA
cuts_wide_bayes_r39 0 0.013 0.027 0.018 0.077 0.037 0.015 0.06 0.027 NA 0 0.108 0.1 0.097 0.164 0.156 0.168 0.14 0.383 NA 0.132 0.185 0.102 0.15 NA NA NA NA NA NA
cuts_long_bayes_r39 0 0.013 0.027 0.018 0.077 0.038 0.015 0.059 0.028 NA 0 0.107 0.099 0.098 0.16 0.157 0.168 0.146 0.38 NA 0.136 0.185 0.1 0.146 NA NA NA NA NA NA
tso_wide_ml_r39 0 0.013 0.027 0.018 0.077 0.037 0.015 0.059 0.027 0.022 NA NA NA NA 0.159 0.152 0.166 0.143 NA NA 0.358 0.328 0.39 0.288 0.281 0.343 0.31 0.27 0.252 0.294
tso_wide_bayes_r39 0 0.013 0.027 0.018 0.077 0.037 0.015 0.06 0.027 0.022 NA NA NA NA 0.169 0.169 0.177 0.15 NA NA 0.434 0.396 0.467 0.347 0.336 0.412 0.37 0.324 0.301 0.352
tso_long_bayes_r39 0 0.013 0.028 0.018 0.077 0.037 0.015 0.06 0.027 0.022 NA NA NA NA 0.146 0.142 0.155 0.131 NA NA 0.425 0.389 0.463 0.342 0.332 0.406 0.367 0.32 0.298 0.348
msst_wide_ml_r40 0 0.011 0.026 0.019 0.139 0.066 0.018 0.082 0.051 NA 0 0.19 0.097 0.107 0 0.392 0.201 0.221 0.069 0.069 NA NA NA NA NA NA NA NA NA NA
msst_long_ml_r40 0 0.011 0.026 0.019 0.139 0.066 0.018 0.082 0.051 NA 0 0.189 0.097 0.107 0 0.391 0.201 0.22 0.069 0.069 NA NA NA NA NA NA NA NA NA NA
msst_wide_bayes_r40 0 0.012 0.026 0.019 0.141 0.066 0.019 0.082 0.051 NA 0 0.198 0.1 0.111 0 0.407 0.207 0.228 0.073 0.069 NA NA NA NA NA NA NA NA NA NA
msst_long_bayes_r40 0 0.011 0.026 0.019 0.137 0.065 0.018 0.081 0.05 NA 0 0.169 0.089 0.096 0 0.346 0.185 0.2 0.072 0.071 NA NA NA NA NA NA NA NA NA NA
cuts_wide_ml_r40 0 0.012 0.026 0.017 0.081 0.038 0.015 0.059 0.027 NA 0 0.109 0.113 0.115 0.149 0.141 0.164 0.155 0.304 NA 0.123 0.14 0.113 0.146 NA NA NA NA NA NA
cuts_long_ml_r40 0 0.012 0.026 0.017 0.081 0.038 0.015 0.059 0.027 NA 0 0.109 0.113 0.115 0.149 0.141 0.164 0.155 0.304 NA 0.123 0.14 0.113 0.146 NA NA NA NA NA NA
cuts_wide_bayes_r40 0 0.012 0.026 0.017 0.082 0.038 0.015 0.059 0.027 NA 0 0.118 0.123 0.126 0.154 0.143 0.166 0.152 0.334 NA 0.138 0.155 0.119 0.162 NA NA NA NA NA NA
cuts_long_bayes_r40 0 0.012 0.026 0.017 0.083 0.038 0.015 0.059 0.027 NA 0 0.118 0.125 0.127 0.151 0.146 0.167 0.159 0.329 NA 0.139 0.153 0.117 0.157 NA NA NA NA NA NA
tso_wide_ml_r40 0 0.012 0.026 0.017 0.081 0.038 0.015 0.059 0.027 0.022 NA NA NA NA 0.15 0.141 0.164 0.154 NA NA 0.317 0.282 0.381 0.337 0.242 0.313 0.285 0.276 0.261 0.319
tso_wide_bayes_r40 0 0.012 0.026 0.017 0.081 0.038 0.015 0.06 0.027 0.022 NA NA NA NA 0.158 0.156 0.175 0.162 NA NA 0.384 0.339 0.457 0.409 0.289 0.376 0.341 0.331 0.313 0.383
tso_long_bayes_r40 0 0.012 0.026 0.017 0.082 0.037 0.015 0.059 0.027 0.022 NA NA NA NA 0.141 0.132 0.159 0.141 NA NA 0.377 0.334 0.454 0.401 0.287 0.373 0.337 0.328 0.309 0.378
msst_wide_ml_r41 0 0.014 0.031 0.022 0.116 0.058 0.018 0.091 0.051 NA 0 0.17 0.084 0.078 0 0.319 0.157 0.146 0.067 0.069 NA NA NA NA NA NA NA NA NA NA
msst_long_ml_r41 0 0.014 0.031 0.022 0.116 0.058 0.018 0.091 0.051 NA 0 0.169 0.084 0.078 0 0.318 0.157 0.146 0.067 0.069 NA NA NA NA NA NA NA NA NA NA
msst_wide_bayes_r41 0 0.014 0.031 0.023 0.117 0.058 0.018 0.091 0.051 NA 0 0.178 0.086 0.08 0 0.333 0.162 0.15 0.073 0.069 NA NA NA NA NA NA NA NA NA NA
msst_long_bayes_r41 0 0.013 0.031 0.022 0.115 0.058 0.018 0.089 0.05 NA 0 0.14 0.074 0.072 0 0.271 0.142 0.138 0.07 0.071 NA NA NA NA NA NA NA NA NA NA
cuts_wide_ml_r41 0 0.013 0.029 0.019 0.078 0.038 0.015 0.062 0.027 NA 0 0.134 0.147 0.133 0.134 0.149 0.176 0.156 0.245 NA 0.108 0.167 0.15 0.128 NA NA NA NA NA NA
cuts_long_ml_r41 0 0.013 0.029 0.019 0.078 0.038 0.015 0.062 0.027 NA 0 0.134 0.147 0.133 0.134 0.149 0.176 0.156 0.245 NA 0.108 0.167 0.15 0.128 NA NA NA NA NA NA
cuts_wide_bayes_r41 0 0.013 0.028 0.019 0.078 0.038 0.015 0.062 0.028 NA 0 0.139 0.156 0.145 0.137 0.152 0.177 0.153 0.263 NA 0.119 0.186 0.168 0.144 NA NA NA NA NA NA
cuts_long_bayes_r41 0 0.013 0.029 0.019 0.078 0.039 0.015 0.063 0.028 NA 0 0.146 0.163 0.147 0.136 0.154 0.181 0.161 0.265 NA 0.123 0.186 0.168 0.145 NA NA NA NA NA NA
tso_wide_ml_r41 0 0.013 0.029 0.019 0.077 0.038 0.015 0.062 0.027 0.022 NA NA NA NA 0.134 0.149 0.176 0.156 NA NA 0.253 0.312 0.438 0.345 0.231 0.292 0.312 0.255 0.275 0.348
tso_wide_bayes_r41 0 0.013 0.029 0.018 0.078 0.038 0.015 0.063 0.027 0.022 NA NA NA NA 0.142 0.164 0.186 0.163 NA NA 0.307 0.377 0.523 0.417 0.275 0.351 0.373 0.306 0.328 0.417
tso_long_bayes_r41 0 0.013 0.029 0.019 0.078 0.038 0.015 0.063 0.028 0.022 NA NA NA NA 0.122 0.138 0.169 0.141 NA NA 0.303 0.371 0.523 0.412 0.274 0.348 0.372 0.303 0.326 0.415
msst_wide_ml_r42 0 0.012 0.026 0.019 0.124 0.056 0.018 0.082 0.049 NA 0 0.15 0.076 0.06 0 0.308 0.156 0.124 0.071 0.069 NA NA NA NA NA NA NA NA NA NA
msst_long_ml_r42 0 0.012 0.026 0.019 0.124 0.056 0.018 0.082 0.048 NA 0 0.15 0.076 0.06 0 0.308 0.156 0.123 0.071 0.069 NA NA NA NA NA NA NA NA NA NA
msst_wide_bayes_r42 0 0.012 0.026 0.019 0.125 0.056 0.018 0.082 0.049 NA 0 0.16 0.079 0.062 0 0.329 0.162 0.127 0.077 0.07 NA NA NA NA NA NA NA NA NA NA
msst_long_bayes_r42 0 0.012 0.026 0.019 0.123 0.056 0.018 0.081 0.049 NA 0 0.156 0.077 0.062 0 0.316 0.159 0.128 0.08 0.072 NA NA NA NA NA NA NA NA NA NA
cuts_wide_ml_r42 0 0.013 0.028 0.018 0.079 0.039 0.016 0.064 0.028 NA 0 0.095 0.099 0.092 0.138 0.127 0.157 0.132 0.269 NA 0.092 0.122 0.105 0.116 NA NA NA NA NA NA
cuts_long_ml_r42 0 0.013 0.028 0.018 0.079 0.039 0.016 0.064 0.028 NA 0 0.095 0.099 0.092 0.138 0.127 0.157 0.132 0.269 NA 0.092 0.122 0.105 0.116 NA NA NA NA NA NA
cuts_wide_bayes_r42 0 0.013 0.028 0.018 0.08 0.039 0.016 0.064 0.029 NA 0 0.098 0.106 0.098 0.141 0.13 0.159 0.131 0.294 NA 0.102 0.136 0.116 0.13 NA NA NA NA NA NA
cuts_long_bayes_r42 0 0.013 0.029 0.018 0.08 0.039 0.016 0.065 0.028 NA 0 0.1 0.107 0.1 0.14 0.132 0.16 0.136 0.29 NA 0.103 0.135 0.115 0.128 NA NA NA NA NA NA
tso_wide_ml_r42 0 0.013 0.028 0.018 0.079 0.039 0.016 0.064 0.028 0.022 NA NA NA NA 0.138 0.127 0.157 0.132 NA NA 0.269 0.229 0.348 0.245 0.205 0.281 0.242 0.22 0.192 0.253
tso_wide_bayes_r42 0 0.013 0.028 0.018 0.08 0.039 0.016 0.065 0.028 0.022 NA NA NA NA 0.147 0.141 0.168 0.138 NA NA 0.324 0.277 0.414 0.295 0.244 0.334 0.289 0.263 0.23 0.302
tso_long_bayes_r42 0 0.013 0.028 0.018 0.079 0.039 0.016 0.065 0.029 0.022 NA NA NA NA 0.13 0.121 0.154 0.125 NA NA 0.322 0.272 0.418 0.292 0.244 0.336 0.288 0.263 0.227 0.303
msst_wide_ml_r43 0 0.012 0.027 0.021 0.113 0.053 0.017 0.075 0.051 NA 0 0.135 0.061 0.054 0 0.304 0.139 0.122 0.073 0.072 NA NA NA NA NA NA NA NA NA NA
msst_long_ml_r43 0 0.012 0.027 0.021 0.113 0.052 0.017 0.075 0.051 NA 0 0.135 0.061 0.054 0 0.304 0.139 0.122 0.074 0.072 NA NA NA NA NA NA NA NA NA NA
msst_wide_bayes_r43 0 0.012 0.027 0.021 0.114 0.052 0.017 0.076 0.051 NA 0 0.141 0.063 0.055 0 0.317 0.142 0.123 0.079 0.072 NA NA NA NA NA NA NA NA NA NA
msst_long_bayes_r43 0 0.012 0.027 0.021 0.113 0.052 0.017 0.074 0.051 NA 0 0.133 0.062 0.056 0 0.302 0.141 0.127 0.08 0.074 NA NA NA NA NA NA NA NA NA NA
cuts_wide_ml_r43 0 0.013 0.028 0.018 0.079 0.038 0.015 0.061 0.028 NA 0 0.111 0.095 0.104 0.13 0.141 0.143 0.139 0.238 NA 0.081 0.146 0.082 0.121 NA NA NA NA NA NA
cuts_long_ml_r43 0 0.013 0.028 0.018 0.079 0.038 0.015 0.061 0.028 NA 0 0.111 0.095 0.104 0.13 0.141 0.143 0.139 0.238 NA 0.081 0.146 0.082 0.121 NA NA NA NA NA NA
cuts_wide_bayes_r43 0 0.013 0.028 0.018 0.078 0.039 0.015 0.061 0.028 NA 0 0.113 0.097 0.109 0.133 0.143 0.144 0.137 0.254 NA 0.088 0.164 0.086 0.137 NA NA NA NA NA NA
cuts_long_bayes_r43 0 0.013 0.028 0.018 0.079 0.039 0.015 0.061 0.028 NA 0 0.116 0.101 0.111 0.131 0.145 0.144 0.142 0.257 NA 0.089 0.163 0.085 0.133 NA NA NA NA NA NA
tso_wide_ml_r43 0 0.013 0.028 0.018 0.079 0.038 0.015 0.061 0.028 0.022 NA NA NA NA 0.13 0.141 0.143 0.139 NA NA 0.239 0.28 0.288 0.273 0.216 0.24 0.243 0.219 0.223 0.247
tso_wide_bayes_r43 0 0.013 0.028 0.018 0.078 0.039 0.015 0.062 0.028 0.022 NA NA NA NA 0.139 0.156 0.153 0.146 NA NA 0.29 0.338 0.345 0.33 0.26 0.29 0.292 0.263 0.266 0.296
tso_long_bayes_r43 0 0.013 0.028 0.018 0.079 0.039 0.015 0.061 0.028 0.022 NA NA NA NA 0.121 0.13 0.139 0.132 NA NA 0.284 0.332 0.345 0.325 0.256 0.287 0.29 0.26 0.264 0.294
msst_wide_ml_r44 0 0.013 0.025 0.019 0.122 0.057 0.017 0.079 0.05 NA 0 0.411 0.117 0.08 0 0.91 0.259 0.178 0.039 0.055 NA NA NA NA NA NA NA NA NA NA
msst_long_ml_r44 0 0.013 0.025 0.019 0.122 0.057 0.017 0.079 0.05 NA 0 0.411 0.117 0.08 0 0.909 0.259 0.178 0.039 0.055 NA NA NA NA NA NA NA NA NA NA
msst_wide_bayes_r44 0 0.013 0.025 0.019 0.124 0.057 0.017 0.08 0.05 NA 0 0.474 0.128 0.086 0 1.05 0.285 0.19 0.041 0.055 NA NA NA NA NA NA NA NA NA NA
msst_long_bayes_r44 0 0.013 0.026 0.019 0.123 0.056 0.017 0.079 0.05 NA 0 0.461 0.127 0.086 0 1.029 0.283 0.191 0.041 0.053 NA NA NA NA NA NA NA NA NA NA
cuts_wide_ml_r44 0 0.013 0.028 0.018 0.079 0.038 0.016 0.06 0.027 NA 0 0.134 0.125 0.107 0.137 0.153 0.155 0.134 0.265 NA 0.114 0.222 0.13 0.128 NA NA NA NA NA NA
cuts_long_ml_r44 0 0.013 0.028 0.018 0.079 0.038 0.016 0.06 0.027 NA 0 0.134 0.125 0.107 0.137 0.153 0.155 0.134 0.265 NA 0.114 0.222 0.13 0.128 NA NA NA NA NA NA
cuts_wide_bayes_r44 0 0.013 0.028 0.018 0.08 0.039 0.016 0.06 0.028 NA 0 0.141 0.132 0.116 0.141 0.157 0.157 0.133 0.286 NA 0.125 0.249 0.137 0.142 NA NA NA NA NA NA
cuts_long_bayes_r44 0 0.013 0.028 0.018 0.079 0.039 0.016 0.061 0.027 NA 0 0.143 0.136 0.117 0.138 0.159 0.158 0.138 0.287 NA 0.126 0.246 0.136 0.141 NA NA NA NA NA NA
tso_wide_ml_r44 0 0.013 0.028 0.018 0.079 0.038 0.016 0.06 0.027 0.022 NA NA NA NA 0.137 0.153 0.155 0.134 NA NA 0.265 0.332 0.338 0.253 0.235 0.268 0.274 0.218 0.223 0.253
tso_wide_bayes_r44 0 0.013 0.028 0.018 0.079 0.039 0.016 0.061 0.027 0.022 NA NA NA NA 0.145 0.17 0.164 0.14 NA NA 0.321 0.403 0.406 0.305 0.282 0.323 0.329 0.261 0.266 0.303
tso_long_bayes_r44 0 0.013 0.028 0.018 0.08 0.039 0.016 0.061 0.028 0.022 NA NA NA NA 0.129 0.141 0.155 0.13 NA NA 0.315 0.395 0.406 0.302 0.278 0.32 0.326 0.26 0.264 0.303
msst_wide_ml_r45 0 0.013 0.025 0.02 0.136 0.061 0.018 0.08 0.054 NA 0 0.195 0.087 0.065 0 0.441 0.197 0.148 0.071 0.07 NA NA NA NA NA NA NA NA NA NA
msst_long_ml_r45 0 0.013 0.025 0.02 0.136 0.061 0.018 0.08 0.054 NA 0 0.194 0.087 0.065 0 0.439 0.197 0.148 0.071 0.07 NA NA NA NA NA NA NA NA NA NA
msst_wide_bayes_r45 0 0.013 0.025 0.02 0.138 0.061 0.019 0.08 0.054 NA 0 0.198 0.089 0.066 0 0.447 0.201 0.151 0.074 0.07 NA NA NA NA NA NA NA NA NA NA
msst_long_bayes_r45 0 0.013 0.025 0.02 0.135 0.061 0.019 0.079 0.054 NA 0 0.21 0.094 0.069 0 0.475 0.215 0.158 0.077 0.071 NA NA NA NA NA NA NA NA NA NA
cuts_wide_ml_r45 0 0.013 0.027 0.018 0.084 0.041 0.016 0.062 0.028 NA 0 0.105 0.107 0.101 0.152 0.15 0.179 0.157 0.318 NA 0.113 0.17 0.118 0.138 NA NA NA NA NA NA
cuts_long_ml_r45 0 0.013 0.027 0.018 0.084 0.041 0.016 0.062 0.028 NA 0 0.105 0.107 0.101 0.152 0.15 0.179 0.157 0.318 NA 0.113 0.17 0.118 0.138 NA NA NA NA NA NA
cuts_wide_bayes_r45 0 0.013 0.028 0.018 0.086 0.041 0.016 0.062 0.028 NA 0 0.109 0.108 0.107 0.154 0.152 0.178 0.153 0.347 NA 0.117 0.189 0.099 0.147 NA NA NA NA NA NA
cuts_long_bayes_r45 0 0.013 0.027 0.018 0.085 0.042 0.016 0.063 0.028 NA 0 0.11 0.11 0.109 0.153 0.155 0.181 0.161 0.343 NA 0.119 0.188 0.1 0.146 NA NA NA NA NA NA
tso_wide_ml_r45 0 0.013 0.027 0.018 0.084 0.041 0.016 0.062 0.028 0.022 NA NA NA NA 0.152 0.151 0.179 0.157 NA NA 0.325 0.32 0.452 0.35 0.264 0.352 0.327 0.291 0.271 0.359
tso_wide_bayes_r45 0 0.013 0.027 0.018 0.084 0.042 0.016 0.063 0.028 0.022 NA NA NA NA 0.16 0.167 0.19 0.164 NA NA 0.392 0.387 0.538 0.423 0.314 0.42 0.39 0.349 0.323 0.431
tso_long_bayes_r45 0 0.013 0.028 0.018 0.085 0.041 0.016 0.063 0.028 0.022 NA NA NA NA 0.139 0.141 0.167 0.144 NA NA 0.389 0.379 0.539 0.419 0.313 0.42 0.388 0.348 0.321 0.428
msst_wide_ml_r46 0 0.012 0.022 0.018 0.134 0.056 0.016 0.078 0.056 NA 0 0.53 0.125 0.122 0 1.057 0.25 0.242 0.035 0.052 NA NA NA NA NA NA NA NA NA NA
msst_long_ml_r46 0 0.012 0.022 0.018 0.134 0.056 0.016 0.078 0.056 NA 0 0.528 0.125 0.121 0 1.052 0.25 0.242 0.035 0.052 NA NA NA NA NA NA NA NA NA NA
msst_wide_bayes_r46 0 0.012 0.023 0.018 0.136 0.055 0.016 0.079 0.056 NA 0 0.716 0.146 0.145 0 1.431 0.291 0.289 0.036 0.052 NA NA NA NA NA NA NA NA NA NA
msst_long_bayes_r46 0 0.012 0.022 0.018 0.133 0.055 0.016 0.078 0.056 NA 0 0.564 0.131 0.141 0 1.126 0.26 0.28 0.035 0.049 NA NA NA NA NA NA NA NA NA NA
cuts_wide_ml_r46 0 0.012 0.026 0.017 0.082 0.037 0.015 0.059 0.028 NA 0 0.091 0.102 0.097 0.148 0.125 0.164 0.145 0.314 NA 0.116 0.146 0.132 0.149 NA NA NA NA NA NA
cuts_long_ml_r46 0 0.012 0.026 0.017 0.082 0.037 0.015 0.059 0.028 NA 0 0.091 0.102 0.097 0.148 0.125 0.164 0.145 0.314 NA 0.116 0.146 0.132 0.149 NA NA NA NA NA NA
cuts_wide_bayes_r46 0 0.012 0.026 0.017 0.082 0.038 0.015 0.059 0.028 NA 0 0.093 0.108 0.103 0.152 0.128 0.167 0.145 0.338 NA 0.128 0.162 0.142 0.167 NA NA NA NA NA NA
cuts_long_bayes_r46 0 0.012 0.026 0.017 0.082 0.038 0.015 0.059 0.028 NA 0 0.095 0.11 0.106 0.15 0.129 0.167 0.15 0.34 NA 0.128 0.161 0.14 0.165 NA NA NA NA NA NA
tso_wide_ml_r46 0 0.012 0.026 0.017 0.082 0.037 0.015 0.059 0.028 0.022 NA NA NA NA 0.148 0.125 0.164 0.145 NA NA 0.308 0.219 0.378 0.299 0.209 0.313 0.235 0.257 0.196 0.291
tso_wide_bayes_r46 0 0.012 0.026 0.017 0.081 0.038 0.015 0.06 0.028 0.022 NA NA NA NA 0.156 0.137 0.172 0.151 NA NA 0.372 0.265 0.453 0.362 0.252 0.375 0.281 0.308 0.233 0.349
tso_long_bayes_r46 0 0.012 0.026 0.017 0.083 0.038 0.015 0.059 0.028 0.022 NA NA NA NA 0.138 0.117 0.162 0.138 NA NA 0.367 0.261 0.449 0.357 0.248 0.371 0.278 0.306 0.232 0.346
msst_wide_ml_r47 0 0.011 0.024 0.018 0.137 0.06 0.018 0.079 0.05 NA 0 0.155 0.062 0.062 0 0.291 0.118 0.118 0.082 0.076 NA NA NA NA NA NA NA NA NA NA
msst_long_ml_r47 0 0.011 0.024 0.018 0.137 0.06 0.018 0.079 0.05 NA 0 0.155 0.062 0.062 0 0.291 0.118 0.118 0.083 0.076 NA NA NA NA NA NA NA NA NA NA
msst_wide_bayes_r47 0 0.011 0.025 0.018 0.139 0.06 0.018 0.08 0.05 NA 0 0.16 0.063 0.064 0 0.3 0.12 0.121 0.088 0.076 NA NA NA NA NA NA NA NA NA NA
msst_long_bayes_r47 0 0.011 0.025 0.018 0.136 0.059 0.018 0.078 0.05 NA 0 0.147 0.061 0.061 0 0.283 0.117 0.117 0.09 0.078 NA NA NA NA NA NA NA NA NA NA
cuts_wide_ml_r47 0 0.012 0.027 0.017 0.082 0.038 0.015 0.059 0.026 NA 0 0.1 0.088 0.089 0.156 0.156 0.17 0.145 0.342 NA 0.107 0.191 0.11 0.14 NA NA NA NA NA NA
cuts_long_ml_r47 0 0.012 0.027 0.017 0.082 0.038 0.015 0.059 0.026 NA 0 0.1 0.088 0.089 0.156 0.156 0.17 0.145 0.342 NA 0.107 0.191 0.11 0.14 NA NA NA NA NA NA
cuts_wide_bayes_r47 0 0.012 0.026 0.017 0.081 0.038 0.016 0.059 0.026 NA 0 0.108 0.093 0.096 0.159 0.16 0.171 0.143 0.372 NA 0.117 0.213 0.113 0.155 NA NA NA NA NA NA
cuts_long_bayes_r47 0 0.012 0.026 0.017 0.082 0.038 0.016 0.058 0.026 NA 0 0.106 0.092 0.095 0.158 0.162 0.173 0.15 0.369 NA 0.119 0.211 0.11 0.153 NA NA NA NA NA NA
tso_wide_ml_r47 0 0.012 0.027 0.017 0.082 0.038 0.015 0.059 0.026 0.022 NA NA NA NA 0.156 0.156 0.17 0.145 NA NA 0.344 0.343 0.408 0.299 0.282 0.347 0.317 0.27 0.264 0.305
tso_wide_bayes_r47 0 0.012 0.027 0.017 0.082 0.038 0.015 0.059 0.026 0.022 NA NA NA NA 0.166 0.173 0.18 0.153 NA NA 0.414 0.414 0.483 0.361 0.337 0.413 0.377 0.323 0.316 0.365
tso_long_bayes_r47 0 0.012 0.027 0.017 0.081 0.038 0.015 0.059 0.026 0.022 NA NA NA NA 0.142 0.144 0.159 0.133 NA NA 0.41 0.406 0.487 0.356 0.334 0.414 0.376 0.321 0.313 0.363
msst_wide_ml_r48 0 0.014 0.027 0.021 0.116 0.054 0.017 0.084 0.053 NA 0 0.287 0.096 0.09 0 0.606 0.202 0.189 0.044 0.056 NA NA NA NA NA NA NA NA NA NA
msst_long_ml_r48 0 0.014 0.027 0.021 0.116 0.054 0.017 0.084 0.053 NA 0 0.287 0.096 0.09 0 0.605 0.202 0.189 0.044 0.056 NA NA NA NA NA NA NA NA NA NA
msst_wide_bayes_r48 0 0.014 0.028 0.021 0.118 0.054 0.017 0.084 0.054 NA 0 0.321 0.1 0.094 0 0.677 0.212 0.198 0.046 0.056 NA NA NA NA NA NA NA NA NA NA
msst_long_bayes_r48 0 0.014 0.028 0.02 0.116 0.054 0.017 0.083 0.054 NA 0 0.323 0.098 0.097 0 0.675 0.207 0.206 0.051 0.056 NA NA NA NA NA NA NA NA NA NA
cuts_wide_ml_r48 0 0.013 0.028 0.018 0.078 0.038 0.016 0.062 0.028 NA 0 0.11 0.135 0.115 0.133 0.123 0.16 0.136 0.25 NA 0.108 0.155 0.143 0.131 NA NA NA NA NA NA
cuts_long_ml_r48 0 0.013 0.028 0.018 0.078 0.038 0.016 0.062 0.028 NA 0 0.11 0.135 0.115 0.133 0.123 0.16 0.136 0.25 NA 0.108 0.155 0.143 0.131 NA NA NA NA NA NA
cuts_wide_bayes_r48 0 0.013 0.028 0.018 0.078 0.039 0.016 0.062 0.028 NA 0 0.114 0.147 0.128 0.137 0.127 0.163 0.135 0.273 NA 0.118 0.172 0.151 0.147 NA NA NA NA NA NA
cuts_long_bayes_r48 0 0.013 0.029 0.018 0.078 0.039 0.016 0.062 0.028 NA 0 0.116 0.144 0.126 0.135 0.129 0.164 0.14 0.268 NA 0.12 0.17 0.15 0.147 NA NA NA NA NA NA
tso_wide_ml_r48 0 0.013 0.028 0.018 0.078 0.038 0.016 0.062 0.028 0.022 NA NA NA NA 0.133 0.123 0.16 0.136 NA NA 0.249 0.215 0.362 0.261 0.187 0.27 0.222 0.209 0.181 0.267
tso_wide_bayes_r48 0 0.013 0.028 0.018 0.078 0.039 0.016 0.062 0.028 0.022 NA NA NA NA 0.141 0.136 0.168 0.141 NA NA 0.301 0.261 0.433 0.314 0.226 0.324 0.266 0.249 0.215 0.32
tso_long_bayes_r48 0 0.013 0.029 0.018 0.078 0.038 0.016 0.062 0.028 0.022 NA NA NA NA 0.125 0.115 0.162 0.132 NA NA 0.294 0.256 0.432 0.312 0.221 0.319 0.262 0.248 0.214 0.318
msst_wide_ml_r49 0 0.012 0.028 0.02 0.127 0.057 0.019 0.082 0.05 NA 0 0.077 0.048 0.043 0 0.154 0.096 0.086 0.121 0.09 NA NA NA NA NA NA NA NA NA NA
msst_long_ml_r49 0 0.012 0.028 0.02 0.127 0.057 0.019 0.082 0.05 NA 0 0.077 0.048 0.043 0 0.153 0.096 0.086 0.121 0.09 NA NA NA NA NA NA NA NA NA NA
msst_wide_bayes_r49 0 0.012 0.028 0.021 0.129 0.057 0.02 0.082 0.051 NA 0 0.081 0.049 0.043 0 0.161 0.098 0.087 0.133 0.091 NA NA NA NA NA NA NA NA NA NA
msst_long_bayes_r49 0 0.012 0.028 0.02 0.126 0.056 0.019 0.081 0.05 NA 0 0.076 0.045 0.042 0 0.15 0.092 0.085 0.139 0.095 NA NA NA NA NA NA NA NA NA NA
cuts_wide_ml_r49 0 0.013 0.027 0.018 0.08 0.038 0.016 0.058 0.027 NA 0 0.082 0.092 0.089 0.149 0.127 0.165 0.148 0.314 NA 0.101 0.113 0.116 0.121 NA NA NA NA NA NA
cuts_long_ml_r49 0 0.013 0.027 0.018 0.08 0.038 0.016 0.058 0.027 NA 0 0.082 0.092 0.089 0.149 0.127 0.165 0.148 0.314 NA 0.101 0.113 0.116 0.121 NA NA NA NA NA NA
cuts_wide_bayes_r49 0 0.013 0.027 0.018 0.081 0.038 0.016 0.058 0.027 NA 0 0.086 0.099 0.095 0.152 0.13 0.167 0.147 0.341 NA 0.113 0.125 0.133 0.135 NA NA NA NA NA NA
cuts_long_bayes_r49 0 0.013 0.027 0.018 0.08 0.038 0.016 0.059 0.027 NA 0 0.086 0.099 0.095 0.151 0.132 0.169 0.153 0.339 NA 0.115 0.126 0.13 0.134 NA NA NA NA NA NA
tso_wide_ml_r49 0 0.013 0.027 0.018 0.08 0.038 0.016 0.058 0.028 0.022 NA NA NA NA 0.149 0.127 0.165 0.148 NA NA 0.312 0.229 0.383 0.309 0.228 0.314 0.254 0.273 0.22 0.305
tso_wide_bayes_r49 0 0.013 0.026 0.018 0.079 0.038 0.016 0.059 0.027 0.022 NA NA NA NA 0.158 0.14 0.174 0.155 NA NA 0.376 0.276 0.457 0.375 0.271 0.376 0.303 0.327 0.263 0.365
tso_long_bayes_r49 0 0.013 0.027 0.018 0.08 0.038 0.016 0.058 0.028 0.022 NA NA NA NA 0.136 0.118 0.162 0.137 NA NA 0.371 0.271 0.457 0.368 0.269 0.374 0.301 0.324 0.26 0.363
msst_wide_ml_r50 0 0.011 0.025 0.018 0.136 0.063 0.016 0.082 0.049 NA 0 0.298 0.107 0.105 0 0.704 0.252 0.248 0.05 0.06 NA NA NA NA NA NA NA NA NA NA
msst_long_ml_r50 0 0.011 0.025 0.018 0.136 0.063 0.016 0.082 0.049 NA 0 0.298 0.106 0.105 0 0.702 0.251 0.247 0.05 0.06 NA NA NA NA NA NA NA NA NA NA
msst_wide_bayes_r50 0 0.012 0.025 0.019 0.138 0.063 0.017 0.083 0.049 NA 0 0.357 0.12 0.12 0 0.833 0.281 0.282 0.055 0.06 NA NA NA NA NA NA NA NA NA NA
msst_long_bayes_r50 0 0.011 0.025 0.018 0.137 0.062 0.017 0.081 0.048 NA 0 0.33 0.111 0.117 0 0.797 0.267 0.281 0.056 0.062 NA NA NA NA NA NA NA NA NA NA
cuts_wide_ml_r50 0 0.012 0.027 0.018 0.081 0.039 0.015 0.062 0.029 NA 0 0.108 0.106 0.098 0.149 0.14 0.16 0.138 0.308 NA 0.119 0.169 0.119 0.119 NA NA NA NA NA NA
cuts_long_ml_r50 0 0.012 0.027 0.018 0.081 0.039 0.015 0.062 0.029 NA 0 0.108 0.106 0.098 0.149 0.14 0.16 0.138 0.308 NA 0.119 0.169 0.119 0.119 NA NA NA NA NA NA
cuts_wide_bayes_r50 0 0.012 0.027 0.018 0.081 0.039 0.015 0.061 0.029 NA 0 0.112 0.114 0.104 0.153 0.144 0.163 0.138 0.33 NA 0.133 0.19 0.132 0.134 NA NA NA NA NA NA
cuts_long_bayes_r50 0 0.012 0.027 0.018 0.081 0.039 0.015 0.062 0.029 NA 0 0.115 0.115 0.106 0.15 0.145 0.163 0.142 0.334 NA 0.136 0.189 0.128 0.13 NA NA NA NA NA NA
tso_wide_ml_r50 0 0.012 0.027 0.018 0.081 0.039 0.015 0.062 0.029 0.022 NA NA NA NA 0.149 0.14 0.16 0.138 NA NA 0.313 0.277 0.362 0.27 0.235 0.304 0.262 0.248 0.224 0.276
tso_wide_bayes_r50 0 0.012 0.027 0.018 0.081 0.039 0.015 0.063 0.029 0.022 NA NA NA NA 0.158 0.155 0.17 0.146 NA NA 0.379 0.334 0.433 0.327 0.28 0.364 0.314 0.297 0.268 0.33
tso_long_bayes_r50 0 0.012 0.027 0.018 0.081 0.039 0.015 0.062 0.029 0.022 NA NA NA NA 0.14 0.13 0.158 0.13 NA NA 0.373 0.329 0.432 0.323 0.278 0.362 0.311 0.295 0.265 0.329
