w_loading1 w_loading2 w_loading3 w_loading4 common_state_var unique_state_error_var1 unique_state_error_var2 unique_state_error_var3 unique_state_error_var4 ar_effect b_loading1 b_loading2 b_loading3 b_loading4 intercept1 intercept2 intercept3 intercept4 common_trait_var trait_mean unique_indicator_trait_var1 unique_indicator_trait_var2 unique_indicator_trait_var3 unique_indicator_trait_var4 cov12 cov13 cov23 cov14 cov24 cov34
msst_wide_ml_r1 -999 -999 -999 -999 -999 -999 -999 -999 -999 -999 -999 -999 -999 -999 -999 -999 -999 -999 -999 -999 -999 -999 -999 -999 -999 -999 -999 -999 -999 -999
msst_long_ml_r1 0 0.015 0.028 0.021 0.131 0.065 0.02 0.087 0.052 NA 0 0.593 0.189 0.17 0 1.217 0.387 0.35 0.034 0.051 NA NA NA NA NA NA NA NA NA NA
msst_wide_bayes_r1 0 0.015 0.029 0.022 0.134 0.065 0.021 0.087 0.052 NA 0 0.823 0.241 0.219 0 1.67 0.492 0.447 0.036 0.051 NA NA NA NA NA NA NA NA NA NA
msst_long_bayes_r1 0 0.015 0.029 0.021 0.131 0.065 0.02 0.087 0.052 NA 0 0.635 0.196 0.177 0 1.226 0.383 0.346 0.038 0.056 NA NA NA NA NA NA NA NA NA NA
cuts_wide_ml_r1 -999 -999 -999 -999 -999 -999 -999 -999 -999 -999 -999 -999 -999 -999 -999 -999 -999 -999 -999 -999 -999 -999 -999 -999 -999 -999 -999 -999 -999 -999
cuts_long_ml_r1 0 0.015 0.031 0.021 0.083 0.043 0.018 0.068 0.031 NA 0 0.124 0.125 0.117 0.138 0.136 0.154 0.142 0.261 NA 0.115 0.172 0.11 0.105 NA NA NA NA NA NA
cuts_wide_bayes_r1 0 0.015 0.031 0.021 0.083 0.042 0.018 0.068 0.031 NA 0 0.135 0.145 0.131 0.142 0.143 0.16 0.146 0.279 NA 0.129 0.189 0.128 0.12 NA NA NA NA NA NA
cuts_long_bayes_r1 0 0.015 0.031 0.02 0.083 0.043 0.018 0.068 0.031 NA 0 0.134 0.142 0.131 0.139 0.139 0.156 0.145 0.285 NA 0.128 0.19 0.121 0.118 NA NA NA NA NA NA
tso_wide_ml_r1 -999 -999 -999 -999 -999 -999 -999 -999 -999 -999 -999 -999 -999 -999 -999 -999 -999 -999 -999 -999 -999 -999 -999 -999 -999 -999 -999 -999 -999 -999
tso_wide_bayes_r1 0 0.015 0.031 0.021 0.083 0.043 0.018 0.067 0.031 0.023 NA NA NA NA 0.148 0.145 0.164 0.152 NA NA 0.324 0.314 0.403 0.343 0.245 0.316 0.289 0.287 0.261 0.335
tso_long_bayes_r1 0 0.015 0.032 0.021 0.084 0.043 0.018 0.068 0.032 0.023 NA NA NA NA 0.149 0.139 0.178 0.16 NA NA 0.324 0.312 0.401 0.343 0.247 0.318 0.289 0.287 0.262 0.336
msst_wide_ml_r2 0 0.013 0.027 0.02 0.136 0.065 0.019 0.088 0.054 NA 0 0.207 0.082 0.066 0 0.404 0.161 0.129 0.066 0.068 NA NA NA NA NA NA NA NA NA NA
msst_long_ml_r2 0 0.013 0.027 0.02 0.136 0.065 0.019 0.088 0.054 NA 0 0.207 0.082 0.066 0 0.403 0.161 0.129 0.066 0.068 NA NA NA NA NA NA NA NA NA NA
msst_wide_bayes_r2 0 0.013 0.027 0.02 0.135 0.064 0.019 0.088 0.054 NA 0 0.22 0.085 0.068 0 0.43 0.166 0.133 0.069 0.069 NA NA NA NA NA NA NA NA NA NA
msst_long_bayes_r2 0 0.013 0.027 0.02 0.134 0.064 0.019 0.089 0.053 NA 0 0.19 0.08 0.061 0 0.365 0.156 0.12 0.069 0.07 NA NA NA NA NA NA NA NA NA NA
cuts_wide_ml_r2 0 0.013 0.028 0.018 0.088 0.042 0.017 0.065 0.029 NA 0 0.121 0.112 0.103 0.144 0.152 0.157 0.138 0.293 NA 0.119 0.194 0.124 0.134 NA NA NA NA NA NA
cuts_long_ml_r2 0 0.013 0.028 0.018 0.088 0.042 0.017 0.065 0.029 NA 0 0.121 0.112 0.103 0.144 0.152 0.157 0.138 0.293 NA 0.119 0.194 0.124 0.134 NA NA NA NA NA NA
cuts_wide_bayes_r2 0 0.013 0.028 0.018 0.087 0.042 0.017 0.066 0.03 NA 0 0.128 0.125 0.113 0.144 0.152 0.157 0.136 0.312 NA 0.134 0.21 0.136 0.151 NA NA NA NA NA NA
cuts_long_bayes_r2 0 0.013 0.028 0.018 0.087 0.042 0.017 0.065 0.029 NA 0 0.131 0.121 0.11 0.145 0.156 0.159 0.142 0.319 NA 0.131 0.215 0.137 0.151 NA NA NA NA NA NA
tso_wide_ml_r2 0 0.013 0.028 0.018 0.088 0.042 0.017 0.065 0.029 0.022 NA NA NA NA 0.144 0.152 0.157 0.138 NA NA 0.295 0.326 0.349 0.271 0.25 0.288 0.282 0.239 0.237 0.266
tso_wide_bayes_r2 0 0.013 0.028 0.018 0.088 0.042 0.017 0.065 0.03 0.022 NA NA NA NA 0.149 0.162 0.164 0.142 NA NA 0.356 0.399 0.415 0.327 0.301 0.344 0.338 0.286 0.285 0.317
tso_long_bayes_r2 0 0.013 0.028 0.018 0.089 0.042 0.017 0.066 0.03 0.022 NA NA NA NA 0.156 0.156 0.168 0.131 NA NA 0.357 0.394 0.427 0.324 0.304 0.35 0.345 0.286 0.285 0.321
msst_wide_ml_r3 -999 -999 -999 -999 -999 -999 -999 -999 -999 -999 -999 -999 -999 -999 -999 -999 -999 -999 -999 -999 -999 -999 -999 -999 -999 -999 -999 -999 -999 -999
msst_long_ml_r3 0 0.013 0.028 0.021 0.129 0.06 0.019 0.088 0.053 NA 0 0.156 0.07 0.052 0 0.322 0.144 0.107 0.077 0.073 NA NA NA NA NA NA NA NA NA NA
msst_wide_bayes_r3 0 0.013 0.028 0.021 0.129 0.06 0.019 0.088 0.053 NA 0 0.166 0.071 0.053 0 0.339 0.147 0.11 0.08 0.074 NA NA NA NA NA NA NA NA NA NA
msst_long_bayes_r3 0 0.013 0.028 0.021 0.128 0.059 0.019 0.088 0.053 NA 0 0.168 0.074 0.053 0 0.345 0.154 0.108 0.084 0.075 NA NA NA NA NA NA NA NA NA NA
cuts_wide_ml_r3 -999 -999 -999 -999 -999 -999 -999 -999 -999 -999 -999 -999 -999 -999 -999 -999 -999 -999 -999 -999 -999 -999 -999 -999 -999 -999 -999 -999 -999 -999
cuts_long_ml_r3 0 0.014 0.029 0.019 0.086 0.042 0.017 0.066 0.03 NA 0 0.116 0.11 0.096 0.14 0.152 0.162 0.138 0.279 NA 0.104 0.186 0.128 0.113 NA NA NA NA NA NA
cuts_wide_bayes_r3 0 0.014 0.029 0.019 0.086 0.042 0.017 0.066 0.03 NA 0 0.128 0.12 0.104 0.139 0.152 0.164 0.141 0.298 NA 0.117 0.205 0.143 0.127 NA NA NA NA NA NA
cuts_long_bayes_r3 0 0.014 0.03 0.019 0.086 0.042 0.017 0.067 0.03 NA 0 0.123 0.12 0.103 0.144 0.157 0.169 0.143 0.301 NA 0.118 0.208 0.142 0.126 NA NA NA NA NA NA
tso_wide_ml_r3 -999 -999 -999 -999 -999 -999 -999 -999 -999 -999 -999 -999 -999 -999 -999 -999 -999 -999 -999 -999 -999 -999 -999 -999 -999 -999 -999 -999 -999 -999
tso_wide_bayes_r3 0 0.014 0.03 0.019 0.086 0.043 0.017 0.066 0.03 0.022 NA NA NA NA 0.154 0.168 0.178 0.148 NA NA 0.333 0.388 0.449 0.325 0.297 0.345 0.348 0.284 0.279 0.335
tso_long_bayes_r3 0 0.014 0.03 0.019 0.086 0.042 0.017 0.066 0.03 0.022 NA NA NA NA 0.139 0.152 0.161 0.139 NA NA 0.329 0.391 0.44 0.323 0.297 0.34 0.346 0.282 0.279 0.331
msst_wide_ml_r4 -999 -999 -999 -999 -999 -999 -999 -999 -999 -999 -999 -999 -999 -999 -999 -999 -999 -999 -999 -999 -999 -999 -999 -999 -999 -999 -999 -999 -999 -999
msst_long_ml_r4 0 0.013 0.031 0.021 0.129 0.065 0.019 0.094 0.05 NA 0 0.165 0.075 0.069 0 0.31 0.141 0.129 0.074 0.072 NA NA NA NA NA NA NA NA NA NA
msst_wide_bayes_r4 0 0.014 0.032 0.021 0.13 0.066 0.019 0.095 0.05 NA 0 0.18 0.079 0.071 0 0.338 0.148 0.135 0.079 0.073 NA NA NA NA NA NA NA NA NA NA
msst_long_bayes_r4 0 0.013 0.031 0.021 0.129 0.065 0.019 0.092 0.049 NA 0 0.198 0.084 0.079 0 0.384 0.16 0.149 0.086 0.074 NA NA NA NA NA NA NA NA NA NA
cuts_wide_ml_r4 -999 -999 -999 -999 -999 -999 -999 -999 -999 -999 -999 -999 -999 -999 -999 -999 -999 -999 -999 -999 -999 -999 -999 -999 -999 -999 -999 -999 -999 -999
cuts_long_ml_r4 0 0.014 0.031 0.02 0.084 0.043 0.017 0.068 0.031 NA 0 0.117 0.111 0.097 0.141 0.15 0.166 0.133 0.277 NA 0.103 0.181 0.123 0.109 NA NA NA NA NA NA
cuts_wide_bayes_r4 0 0.014 0.032 0.02 0.085 0.043 0.017 0.068 0.031 NA 0 0.121 0.118 0.101 0.143 0.151 0.167 0.131 0.292 NA 0.115 0.202 0.14 0.121 NA NA NA NA NA NA
cuts_long_bayes_r4 0 0.014 0.031 0.02 0.084 0.043 0.017 0.068 0.031 NA 0 0.128 0.123 0.105 0.142 0.153 0.166 0.135 0.299 NA 0.117 0.204 0.139 0.122 NA NA NA NA NA NA
tso_wide_ml_r4 -999 -999 -999 -999 -999 -999 -999 -999 -999 -999 -999 -999 -999 -999 -999 -999 -999 -999 -999 -999 -999 -999 -999 -999 -999 -999 -999 -999 -999 -999
tso_wide_bayes_r4 0 0.014 0.031 0.02 0.083 0.044 0.017 0.068 0.031 0.023 NA NA NA NA 0.143 0.159 0.169 0.137 NA NA 0.332 0.385 0.468 0.298 0.292 0.356 0.353 0.267 0.28 0.326
tso_long_bayes_r4 0 0.014 0.031 0.02 0.085 0.044 0.017 0.067 0.031 0.022 NA NA NA NA 0.133 0.13 0.148 0.125 NA NA 0.335 0.376 0.469 0.296 0.288 0.359 0.349 0.265 0.277 0.327
msst_wide_ml_r5 0 0.013 0.028 0.021 0.13 0.059 0.02 0.089 0.056 NA 0 0.108 0.057 0.047 0 0.22 0.116 0.096 0.105 0.085 NA NA NA NA NA NA NA NA NA NA
msst_long_ml_r5 0 0.013 0.028 0.021 0.13 0.059 0.02 0.089 0.056 NA 0 0.108 0.057 0.047 0 0.22 0.116 0.096 0.105 0.085 NA NA NA NA NA NA NA NA NA NA
msst_wide_bayes_r5 0 0.013 0.028 0.021 0.132 0.06 0.02 0.09 0.057 NA 0 0.111 0.057 0.048 0 0.223 0.117 0.099 0.113 0.086 NA NA NA NA NA NA NA NA NA NA
msst_long_bayes_r5 0 0.013 0.028 0.021 0.13 0.059 0.02 0.089 0.056 NA 0 0.108 0.056 0.046 0 0.22 0.115 0.095 0.119 0.088 NA NA NA NA NA NA NA NA NA NA
cuts_wide_ml_r5 0 0.014 0.03 0.019 0.083 0.04 0.017 0.069 0.03 NA 0 0.103 0.091 0.091 0.148 0.157 0.171 0.15 0.308 NA 0.095 0.173 0.105 0.131 NA NA NA NA NA NA
cuts_long_ml_r5 0 0.014 0.03 0.019 0.083 0.04 0.017 0.069 0.03 NA 0 0.103 0.091 0.091 0.148 0.157 0.171 0.15 0.308 NA 0.095 0.173 0.105 0.131 NA NA NA NA NA NA
cuts_wide_bayes_r5 0 0.014 0.03 0.019 0.083 0.04 0.018 0.069 0.031 NA 0 0.11 0.1 0.097 0.155 0.164 0.179 0.158 0.335 NA 0.105 0.191 0.11 0.145 NA NA NA NA NA NA
cuts_long_bayes_r5 0 0.014 0.03 0.019 0.083 0.04 0.018 0.069 0.031 NA 0 0.11 0.098 0.097 0.149 0.159 0.171 0.152 0.332 NA 0.106 0.192 0.11 0.145 NA NA NA NA NA NA
tso_wide_ml_r5 0 0.014 0.03 0.019 0.083 0.04 0.017 0.069 0.03 0.022 NA NA NA NA 0.148 0.157 0.171 0.15 NA NA 0.309 0.349 0.413 0.317 0.276 0.331 0.329 0.272 0.272 0.322
tso_wide_bayes_r5 0 0.014 0.03 0.019 0.084 0.04 0.017 0.069 0.03 0.022 NA NA NA NA 0.157 0.166 0.181 0.158 NA NA 0.365 0.422 0.489 0.38 0.327 0.391 0.391 0.324 0.326 0.383
tso_long_bayes_r5 0 0.014 0.03 0.019 0.084 0.04 0.018 0.069 0.031 0.022 NA NA NA NA 0.137 0.148 0.162 0.152 NA NA 0.369 0.415 0.498 0.382 0.329 0.396 0.395 0.325 0.327 0.387
msst_wide_ml_r6 -999 -999 -999 -999 -999 -999 -999 -999 -999 -999 -999 -999 -999 -999 -999 -999 -999 -999 -999 -999 -999 -999 -999 -999 -999 -999 -999 -999 -999 -999
msst_long_ml_r6 0 0.013 0.028 0.02 0.132 0.061 0.02 0.09 0.057 NA 0 0.307 0.117 0.115 0 0.639 0.246 0.239 0.051 0.059 NA NA NA NA NA NA NA NA NA NA
msst_wide_bayes_r6 0 0.013 0.028 0.02 0.133 0.062 0.02 0.091 0.057 NA 0 0.353 0.13 0.127 0 0.732 0.269 0.264 0.053 0.059 NA NA NA NA NA NA NA NA NA NA
msst_long_bayes_r6 0 0.013 0.028 0.02 0.132 0.061 0.02 0.09 0.057 NA 0 0.267 0.109 0.105 0 0.534 0.223 0.212 0.053 0.061 NA NA NA NA NA NA NA NA NA NA
cuts_wide_ml_r6 -999 -999 -999 -999 -999 -999 -999 -999 -999 -999 -999 -999 -999 -999 -999 -999 -999 -999 -999 -999 -999 -999 -999 -999 -999 -999 -999 -999 -999 -999
cuts_long_ml_r6 0 0.014 0.031 0.02 0.082 0.041 0.017 0.068 0.031 NA 0 0.099 0.102 0.101 0.141 0.132 0.167 0.145 0.278 NA 0.092 0.152 0.117 0.15 NA NA NA NA NA NA
cuts_wide_bayes_r6 0 0.014 0.031 0.02 0.083 0.041 0.017 0.068 0.031 NA 0 0.102 0.102 0.106 0.144 0.132 0.17 0.154 0.299 NA 0.095 0.169 0.104 0.163 NA NA NA NA NA NA
cuts_long_bayes_r6 0 0.014 0.031 0.02 0.082 0.042 0.017 0.069 0.031 NA 0 0.105 0.103 0.108 0.142 0.136 0.171 0.148 0.297 NA 0.095 0.166 0.103 0.163 NA NA NA NA NA NA
tso_wide_ml_r6 -999 -999 -999 -999 -999 -999 -999 -999 -999 -999 -999 -999 -999 -999 -999 -999 -999 -999 -999 -999 -999 -999 -999 -999 -999 -999 -999 -999 -999 -999
tso_wide_bayes_r6 0 0.014 0.031 0.02 0.082 0.042 0.017 0.069 0.031 0.022 NA NA NA NA 0.148 0.136 0.175 0.154 NA NA 0.337 0.295 0.474 0.359 0.251 0.37 0.312 0.292 0.26 0.359
tso_long_bayes_r6 0 0.014 0.031 0.02 0.083 0.041 0.017 0.069 0.031 0.022 NA NA NA NA 0.13 0.125 0.152 0.14 NA NA 0.337 0.298 0.475 0.36 0.252 0.37 0.312 0.292 0.262 0.359
msst_wide_ml_r7 -999 -999 -999 -999 -999 -999 -999 -999 -999 -999 -999 -999 -999 -999 -999 -999 -999 -999 -999 -999 -999 -999 -999 -999 -999 -999 -999 -999 -999 -999
msst_long_ml_r7 0 0.013 0.028 0.021 0.115 0.056 0.018 0.085 0.051 NA 0 0.139 0.073 0.052 0 0.324 0.17 0.12 0.073 0.071 NA NA NA NA NA NA NA NA NA NA
msst_wide_bayes_r7 0 0.013 0.029 0.021 0.115 0.056 0.018 0.086 0.051 NA 0 0.145 0.075 0.054 0 0.336 0.174 0.124 0.077 0.072 NA NA NA NA NA NA NA NA NA NA
msst_long_bayes_r7 0 0.013 0.029 0.021 0.115 0.056 0.018 0.086 0.049 NA 0 0.159 0.078 0.053 0 0.374 0.182 0.123 0.082 0.073 NA NA NA NA NA NA NA NA NA NA
cuts_wide_ml_r7 -999 -999 -999 -999 -999 -999 -999 -999 -999 -999 -999 -999 -999 -999 -999 -999 -999 -999 -999 -999 -999 -999 -999 -999 -999 -999 -999 -999 -999 -999
cuts_long_ml_r7 0 0.014 0.029 0.019 0.083 0.042 0.016 0.067 0.031 NA 0 0.118 0.113 0.096 0.124 0.142 0.155 0.122 0.222 NA 0.08 0.148 0.115 0.104 NA NA NA NA NA NA
cuts_wide_bayes_r7 0 0.014 0.03 0.019 0.084 0.042 0.016 0.067 0.032 NA 0 0.126 0.122 0.102 0.129 0.144 0.16 0.126 0.238 NA 0.089 0.165 0.127 0.117 NA NA NA NA NA NA
cuts_long_bayes_r7 0 0.014 0.03 0.019 0.084 0.042 0.016 0.067 0.032 NA 0 0.127 0.125 0.105 0.128 0.147 0.159 0.125 0.242 NA 0.09 0.167 0.131 0.116 NA NA NA NA NA NA
tso_wide_ml_r7 -999 -999 -999 -999 -999 -999 -999 -999 -999 -999 -999 -999 -999 -999 -999 -999 -999 -999 -999 -999 -999 -999 -999 -999 -999 -999 -999 -999 -999 -999
tso_wide_bayes_r7 0 0.014 0.03 0.019 0.083 0.042 0.016 0.068 0.032 0.022 NA NA NA NA 0.13 0.148 0.161 0.126 NA NA 0.263 0.341 0.404 0.254 0.248 0.294 0.318 0.221 0.232 0.274
tso_long_bayes_r7 0 0.014 0.029 0.02 0.083 0.042 0.017 0.067 0.031 0.022 NA NA NA NA 0.099 0.133 0.117 0.117 NA NA 0.262 0.341 0.403 0.247 0.249 0.292 0.315 0.217 0.23 0.269
msst_wide_ml_r8 -999 -999 -999 -999 -999 -999 -999 -999 -999 -999 -999 -999 -999 -999 -999 -999 -999 -999 -999 -999 -999 -999 -999 -999 -999 -999 -999 -999 -999 -999
msst_long_ml_r8 0 0.013 0.03 0.022 0.132 0.065 0.022 0.094 0.056 NA 0 0.142 0.078 0.077 0 0.234 0.131 0.128 0.082 0.075 NA NA NA NA NA NA NA NA NA NA
msst_wide_bayes_r8 0 0.013 0.03 0.022 0.132 0.065 0.022 0.094 0.055 NA 0 0.151 0.082 0.08 0 0.248 0.136 0.132 0.088 0.076 NA NA NA NA NA NA NA NA NA NA
msst_long_bayes_r8 0 0.013 0.031 0.022 0.132 0.065 0.022 0.092 0.055 NA 0 0.11 0.067 0.061 0 0.19 0.113 0.105 0.085 0.077 NA NA NA NA NA NA NA NA NA NA
cuts_wide_ml_r8 -999 -999 -999 -999 -999 -999 -999 -999 -999 -999 -999 -999 -999 -999 -999 -999 -999 -999 -999 -999 -999 -999 -999 -999 -999 -999 -999 -999 -999 -999
cuts_long_ml_r8 0 0.014 0.03 0.02 0.082 0.042 0.017 0.068 0.032 NA 0 0.102 0.113 0.108 0.141 0.134 0.172 0.151 0.278 NA 0.101 0.136 0.121 0.131 NA NA NA NA NA NA
cuts_wide_bayes_r8 0 0.014 0.03 0.02 0.082 0.042 0.017 0.068 0.032 NA 0 0.114 0.125 0.116 0.147 0.14 0.18 0.157 0.301 NA 0.113 0.153 0.132 0.146 NA NA NA NA NA NA
cuts_long_bayes_r8 0 0.014 0.03 0.02 0.082 0.042 0.017 0.068 0.032 NA 0 0.109 0.125 0.116 0.145 0.138 0.178 0.157 0.305 NA 0.115 0.152 0.133 0.146 NA NA NA NA NA NA
tso_wide_ml_r8 -999 -999 -999 -999 -999 -999 -999 -999 -999 -999 -999 -999 -999 -999 -999 -999 -999 -999 -999 -999 -999 -999 -999 -999 -999 -999 -999 -999 -999 -999
tso_wide_bayes_r8 0 0.014 0.03 0.02 0.083 0.042 0.017 0.068 0.032 0.023 NA NA NA NA 0.152 0.144 0.182 0.157 NA NA 0.342 0.304 0.506 0.391 0.262 0.378 0.332 0.314 0.285 0.396
tso_long_bayes_r8 0 0.014 0.03 0.02 0.083 0.042 0.017 0.068 0.032 0.023 NA NA NA NA 0.154 0.144 0.189 0.169 NA NA 0.344 0.306 0.516 0.395 0.266 0.383 0.337 0.317 0.29 0.401
msst_wide_ml_r9 -999 -999 -999 -999 -999 -999 -999 -999 -999 -999 -999 -999 -999 -999 -999 -999 -999 -999 -999 -999 -999 -999 -999 -999 -999 -999 -999 -999 -999 -999
msst_long_ml_r9 0 0.014 0.034 0.024 0.118 0.062 0.02 0.095 0.054 NA 0 0.066 0.043 0.036 0 0.136 0.09 0.076 0.139 0.098 NA NA NA NA NA NA NA NA NA NA
msst_wide_bayes_r9 0 0.014 0.034 0.024 0.118 0.063 0.02 0.096 0.055 NA 0 0.067 0.043 0.037 0 0.14 0.09 0.077 0.148 0.099 NA NA NA NA NA NA NA NA NA NA
msst_long_bayes_r9 0 0.014 0.034 0.024 0.118 0.062 0.02 0.095 0.054 NA 0 0.063 0.045 0.038 0 0.128 0.092 0.079 0.151 0.102 NA NA NA NA NA NA NA NA NA NA
cuts_wide_ml_r9 -999 -999 -999 -999 -999 -999 -999 -999 -999 -999 -999 -999 -999 -999 -999 -999 -999 -999 -999 -999 -999 -999 -999 -999 -999 -999 -999 -999 -999 -999
cuts_long_ml_r9 0 0.014 0.031 0.02 0.08 0.042 0.017 0.069 0.031 NA 0 0.097 0.094 0.091 0.147 0.142 0.145 0.131 0.31 NA 0.117 0.145 0.115 0.119 NA NA NA NA NA NA
cuts_wide_bayes_r9 0 0.014 0.031 0.02 0.08 0.042 0.017 0.069 0.031 NA 0 0.109 0.103 0.099 0.151 0.145 0.148 0.133 0.337 NA 0.133 0.162 0.128 0.132 NA NA NA NA NA NA
cuts_long_bayes_r9 0 0.014 0.031 0.021 0.081 0.042 0.017 0.069 0.03 NA 0 0.105 0.102 0.098 0.15 0.148 0.151 0.135 0.337 NA 0.13 0.162 0.128 0.132 NA NA NA NA NA NA
tso_wide_ml_r9 -999 -999 -999 -999 -999 -999 -999 -999 -999 -999 -999 -999 -999 -999 -999 -999 -999 -999 -999 -999 -999 -999 -999 -999 -999 -999 -999 -999 -999 -999
tso_wide_bayes_r9 0 0.014 0.031 0.02 0.081 0.042 0.017 0.069 0.031 0.023 NA NA NA NA 0.159 0.157 0.156 0.142 NA NA 0.365 0.345 0.36 0.293 0.305 0.321 0.297 0.274 0.256 0.277
tso_long_bayes_r9 0 0.014 0.031 0.02 0.081 0.042 0.017 0.069 0.031 0.023 NA NA NA NA 0.155 0.156 0.169 0.145 NA NA 0.363 0.347 0.36 0.291 0.305 0.32 0.296 0.277 0.258 0.279
msst_wide_ml_r10 -999 -999 -999 -999 -999 -999 -999 -999 -999 -999 -999 -999 -999 -999 -999 -999 -999 -999 -999 -999 -999 -999 -999 -999 -999 -999 -999 -999 -999 -999
msst_long_ml_r10 0 0.014 0.028 0.021 0.126 0.06 0.018 0.084 0.053 NA 0 0.212 0.073 0.06 0 0.435 0.15 0.122 0.063 0.067 NA NA NA NA NA NA NA NA NA NA
msst_wide_bayes_r10 0 0.014 0.028 0.021 0.127 0.061 0.018 0.084 0.054 NA 0 0.218 0.074 0.061 0 0.451 0.152 0.126 0.066 0.067 NA NA NA NA NA NA NA NA NA NA
msst_long_bayes_r10 0 0.013 0.028 0.021 0.127 0.061 0.018 0.083 0.053 NA 0 0.228 0.078 0.063 0 0.447 0.156 0.129 0.069 0.067 NA NA NA NA NA NA NA NA NA NA
cuts_wide_ml_r10 -999 -999 -999 -999 -999 -999 -999 -999 -999 -999 -999 -999 -999 -999 -999 -999 -999 -999 -999 -999 -999 -999 -999 -999 -999 -999 -999 -999 -999 -999
cuts_long_ml_r10 0 0.013 0.029 0.019 0.086 0.042 0.016 0.063 0.03 NA 0 0.137 0.12 0.109 0.137 0.162 0.158 0.141 0.263 NA 0.108 0.241 0.12 0.113 NA NA NA NA NA NA
cuts_wide_bayes_r10 0 0.014 0.029 0.019 0.086 0.042 0.016 0.064 0.031 NA 0 0.149 0.133 0.12 0.143 0.172 0.166 0.147 0.285 NA 0.12 0.27 0.135 0.129 NA NA NA NA NA NA
cuts_long_bayes_r10 0 0.013 0.029 0.019 0.086 0.042 0.016 0.064 0.031 NA 0 0.147 0.133 0.119 0.14 0.167 0.163 0.145 0.285 NA 0.121 0.271 0.137 0.127 NA NA NA NA NA NA
tso_wide_ml_r10 -999 -999 -999 -999 -999 -999 -999 -999 -999 -999 -999 -999 -999 -999 -999 -999 -999 -999 -999 -999 -999 -999 -999 -999 -999 -999 -999 -999 -999 -999
tso_wide_bayes_r10 0 0.013 0.028 0.019 0.086 0.042 0.016 0.063 0.03 0.022 NA NA NA NA 0.144 0.175 0.168 0.149 NA NA 0.323 0.445 0.423 0.336 0.308 0.331 0.352 0.281 0.302 0.337
tso_long_bayes_r10 0 0.014 0.029 0.019 0.087 0.043 0.016 0.063 0.03 0.022 NA NA NA NA 0.144 0.175 0.151 0.132 NA NA 0.32 0.442 0.425 0.337 0.304 0.328 0.35 0.281 0.299 0.337
msst_wide_ml_r11 -999 -999 -999 -999 -999 -999 -999 -999 -999 -999 -999 -999 -999 -999 -999 -999 -999 -999 -999 -999 -999 -999 -999 -999 -999 -999 -999 -999 -999 -999
msst_long_ml_r11 0 0.013 0.029 0.022 0.133 0.061 0.021 0.092 0.061 NA 0 0.064 0.04 0.036 0 0.136 0.086 0.078 0.158 0.104 NA NA NA NA NA NA NA NA NA NA
msst_wide_bayes_r11 0 0.013 0.029 0.022 0.133 0.061 0.02 0.093 0.062 NA 0 0.065 0.04 0.037 0 0.138 0.087 0.079 0.171 0.107 NA NA NA NA NA NA NA NA NA NA
msst_long_bayes_r11 0 0.013 0.03 0.022 0.134 0.061 0.021 0.091 0.061 NA 0 0.063 0.04 0.036 0 0.135 0.085 0.078 0.181 0.109 NA NA NA NA NA NA NA NA NA NA
cuts_wide_ml_r11 -999 -999 -999 -999 -999 -999 -999 -999 -999 -999 -999 -999 -999 -999 -999 -999 -999 -999 -999 -999 -999 -999 -999 -999 -999 -999 -999 -999 -999 -999
cuts_long_ml_r11 0 0.014 0.03 0.02 0.082 0.041 0.017 0.067 0.031 NA 0 0.082 0.079 0.084 0.161 0.148 0.17 0.159 0.371 NA 0.109 0.153 0.119 0.146 NA NA NA NA NA NA
cuts_wide_bayes_r11 0 0.014 0.03 0.02 0.082 0.041 0.017 0.068 0.03 NA 0 0.088 0.085 0.088 0.168 0.155 0.176 0.166 0.401 NA 0.123 0.17 0.136 0.165 NA NA NA NA NA NA
cuts_long_bayes_r11 0 0.014 0.03 0.02 0.082 0.04 0.017 0.068 0.03 NA 0 0.087 0.086 0.09 0.165 0.154 0.177 0.164 0.403 NA 0.121 0.172 0.132 0.162 NA NA NA NA NA NA
tso_wide_ml_r11 -999 -999 -999 -999 -999 -999 -999 -999 -999 -999 -999 -999 -999 -999 -999 -999 -999 -999 -999 -999 -999 -999 -999 -999 -999 -999 -999 -999 -999 -999
tso_wide_bayes_r11 0 0.014 0.03 0.02 0.082 0.041 0.017 0.067 0.031 0.023 NA NA NA NA 0.166 0.155 0.177 0.168 NA NA 0.432 0.377 0.487 0.43 0.346 0.422 0.367 0.377 0.321 0.403
tso_long_bayes_r11 0 0.014 0.03 0.019 0.082 0.041 0.017 0.067 0.031 0.023 NA NA NA NA 0.12 0.119 0.12 0.117 NA NA 0.431 0.368 0.484 0.426 0.346 0.421 0.365 0.377 0.324 0.401
msst_wide_ml_r12 -999 -999 -999 -999 -999 -999 -999 -999 -999 -999 -999 -999 -999 -999 -999 -999 -999 -999 -999 -999 -999 -999 -999 -999 -999 -999 -999 -999 -999 -999
msst_long_ml_r12 0 0.013 0.03 0.022 0.123 0.061 0.018 0.086 0.053 NA 0 0.122 0.067 0.05 0 0.278 0.154 0.115 0.091 0.079 NA NA NA NA NA NA NA NA NA NA
msst_wide_bayes_r12 0 0.013 0.03 0.022 0.122 0.062 0.019 0.087 0.053 NA 0 0.121 0.068 0.051 0 0.28 0.156 0.117 0.096 0.082 NA NA NA NA NA NA NA NA NA NA
msst_long_bayes_r12 0 0.013 0.03 0.022 0.123 0.061 0.018 0.087 0.052 NA 0 0.12 0.069 0.051 0 0.274 0.159 0.117 0.1 0.082 NA NA NA NA NA NA NA NA NA NA
cuts_wide_ml_r12 -999 -999 -999 -999 -999 -999 -999 -999 -999 -999 -999 -999 -999 -999 -999 -999 -999 -999 -999 -999 -999 -999 -999 -999 -999 -999 -999 -999 -999 -999
cuts_long_ml_r12 0 0.014 0.03 0.02 0.085 0.043 0.016 0.062 0.03 NA 0 0.115 0.117 0.1 0.138 0.152 0.175 0.142 0.267 NA 0.097 0.166 0.129 0.114 NA NA NA NA NA NA
cuts_wide_bayes_r12 0 0.014 0.03 0.02 0.086 0.044 0.016 0.062 0.031 NA 0 0.122 0.129 0.11 0.143 0.159 0.18 0.145 0.289 NA 0.109 0.183 0.147 0.128 NA NA NA NA NA NA
cuts_long_bayes_r12 0 0.014 0.03 0.02 0.086 0.043 0.016 0.063 0.031 NA 0 0.125 0.131 0.109 0.139 0.156 0.18 0.145 0.291 NA 0.107 0.185 0.145 0.128 NA NA NA NA NA NA
tso_wide_ml_r12 -999 -999 -999 -999 -999 -999 -999 -999 -999 -999 -999 -999 -999 -999 -999 -999 -999 -999 -999 -999 -999 -999 -999 -999 -999 -999 -999 -999 -999 -999
tso_wide_bayes_r12 0 0.014 0.029 0.019 0.084 0.043 0.016 0.062 0.03 0.022 NA NA NA NA 0.15 0.165 0.19 0.154 NA NA 0.324 0.397 0.528 0.34 0.302 0.374 0.394 0.288 0.302 0.378
tso_long_bayes_r12 0 0.014 0.03 0.02 0.086 0.044 0.016 0.063 0.031 0.022 NA NA NA NA 0.118 0.151 0.15 0.127 NA NA 0.325 0.397 0.522 0.35 0.301 0.374 0.39 0.292 0.301 0.378
msst_wide_ml_r13 -999 -999 -999 -999 -999 -999 -999 -999 -999 -999 -999 -999 -999 -999 -999 -999 -999 -999 -999 -999 -999 -999 -999 -999 -999 -999 -999 -999 -999 -999
msst_long_ml_r13 0 0.013 0.027 0.02 0.128 0.062 0.018 0.088 0.058 NA 0 0.986 0.353 0.244 0 1.892 0.677 0.467 0.023 0.046 NA NA NA NA NA NA NA NA NA NA
msst_wide_bayes_r13 0 0.013 0.027 0.02 0.129 0.062 0.019 0.088 0.058 NA 0 1.587 0.546 0.358 0 3.082 1.059 0.694 0.023 0.046 NA NA NA NA NA NA NA NA NA NA
msst_long_bayes_r13 0 0.013 0.027 0.02 0.127 0.061 0.018 0.088 0.057 NA 0 1.539 0.518 0.343 0 3.002 1.012 0.67 0.022 0.037 NA NA NA NA NA NA NA NA NA NA
cuts_wide_ml_r13 -999 -999 -999 -999 -999 -999 -999 -999 -999 -999 -999 -999 -999 -999 -999 -999 -999 -999 -999 -999 -999 -999 -999 -999 -999 -999 -999 -999 -999 -999
cuts_long_ml_r13 0 0.014 0.03 0.02 0.084 0.043 0.017 0.064 0.031 NA 0 0.122 0.145 0.117 0.129 0.132 0.16 0.129 0.235 NA 0.103 0.161 0.158 0.158 NA NA NA NA NA NA
cuts_wide_bayes_r13 0 0.014 0.03 0.02 0.084 0.044 0.017 0.063 0.031 NA 0 0.135 0.143 0.124 0.133 0.135 0.163 0.129 0.252 NA 0.106 0.181 0.137 0.17 NA NA NA NA NA NA
cuts_long_bayes_r13 0 0.014 0.03 0.02 0.084 0.044 0.017 0.065 0.03 NA 0 0.129 0.14 0.124 0.132 0.136 0.165 0.132 0.252 NA 0.104 0.18 0.136 0.168 NA NA NA NA NA NA
tso_wide_ml_r13 -999 -999 -999 -999 -999 -999 -999 -999 -999 -999 -999 -999 -999 -999 -999 -999 -999 -999 -999 -999 -999 -999 -999 -999 -999 -999 -999 -999 -999 -999
tso_wide_bayes_r13 0 0.014 0.03 0.02 0.083 0.043 0.017 0.065 0.031 0.022 NA NA NA NA 0.137 0.137 0.168 0.132 NA NA 0.29 0.293 0.446 0.285 0.225 0.325 0.296 0.229 0.223 0.289
tso_long_bayes_r13 0 0.014 0.03 0.02 0.085 0.043 0.017 0.064 0.031 0.022 NA NA NA NA 0.108 0.124 0.129 0.124 NA NA 0.281 0.298 0.43 0.282 0.223 0.313 0.294 0.226 0.225 0.285
msst_wide_ml_r14 0 0.013 0.026 0.021 0.128 0.058 0.018 0.087 0.058 NA 0 0.177 0.069 0.057 0 0.377 0.148 0.122 0.071 0.071 NA NA NA NA NA NA NA NA NA NA
msst_long_ml_r14 0 0.013 0.026 0.021 0.128 0.058 0.018 0.087 0.058 NA 0 0.177 0.069 0.057 0 0.377 0.148 0.122 0.071 0.071 NA NA NA NA NA NA NA NA NA NA
msst_wide_bayes_r14 0 0.013 0.027 0.021 0.129 0.058 0.018 0.088 0.059 NA 0 0.184 0.071 0.058 0 0.394 0.151 0.123 0.075 0.071 NA NA NA NA NA NA NA NA NA NA
msst_long_bayes_r14 0 0.013 0.027 0.021 0.128 0.058 0.018 0.087 0.057 NA 0 0.2 0.074 0.06 0 0.419 0.156 0.125 0.079 0.072 NA NA NA NA NA NA NA NA NA NA
cuts_wide_ml_r14 0 0.013 0.03 0.02 0.085 0.043 0.016 0.07 0.031 NA 0 0.111 0.096 0.094 0.141 0.155 0.161 0.144 0.288 NA 0.099 0.209 0.121 0.132 NA NA NA NA NA NA
cuts_long_ml_r14 0 0.013 0.03 0.02 0.085 0.043 0.016 0.07 0.031 NA 0 0.111 0.096 0.094 0.141 0.155 0.161 0.144 0.288 NA 0.099 0.209 0.121 0.132 NA NA NA NA NA NA
cuts_wide_bayes_r14 0 0.013 0.031 0.02 0.085 0.043 0.016 0.07 0.031 NA 0 0.121 0.109 0.103 0.143 0.163 0.165 0.15 0.315 NA 0.111 0.231 0.134 0.148 NA NA NA NA NA NA
cuts_long_bayes_r14 0 0.014 0.03 0.02 0.085 0.043 0.016 0.07 0.031 NA 0 0.118 0.105 0.101 0.145 0.159 0.166 0.15 0.315 NA 0.11 0.23 0.132 0.15 NA NA NA NA NA NA
tso_wide_ml_r14 0 0.013 0.03 0.02 0.085 0.043 0.016 0.07 0.031 0.022 NA NA NA NA 0.141 0.155 0.161 0.144 NA NA 0.282 0.341 0.366 0.295 0.256 0.294 0.294 0.25 0.244 0.288
tso_wide_bayes_r14 0 0.014 0.031 0.02 0.085 0.044 0.016 0.07 0.03 0.022 NA NA NA NA 0.149 0.169 0.168 0.149 NA NA 0.337 0.415 0.437 0.353 0.305 0.351 0.347 0.298 0.292 0.344
tso_long_bayes_r14 0 0.014 0.03 0.02 0.085 0.043 0.016 0.07 0.031 0.023 NA NA NA NA 0.155 0.163 0.175 0.161 NA NA 0.342 0.415 0.442 0.355 0.31 0.356 0.354 0.301 0.295 0.347
msst_wide_ml_r15 -999 -999 -999 -999 -999 -999 -999 -999 -999 -999 -999 -999 -999 -999 -999 -999 -999 -999 -999 -999 -999 -999 -999 -999 -999 -999 -999 -999 -999 -999
msst_long_ml_r15 0 0.014 0.026 0.022 0.134 0.064 0.02 0.081 0.058 NA 0 0.385 0.249 0.132 0 0.745 0.483 0.256 0.046 0.057 NA NA NA NA NA NA NA NA NA NA
msst_wide_bayes_r15 0 0.014 0.026 0.022 0.134 0.064 0.02 0.081 0.058 NA 0 0.442 0.283 0.145 0 0.846 0.542 0.28 0.048 0.058 NA NA NA NA NA NA NA NA NA NA
msst_long_bayes_r15 0 0.014 0.027 0.022 0.134 0.064 0.02 0.08 0.058 NA 0 0.39 0.26 0.141 0 0.756 0.503 0.275 0.056 0.065 NA NA NA NA NA NA NA NA NA NA
cuts_wide_ml_r15 -999 -999 -999 -999 -999 -999 -999 -999 -999 -999 -999 -999 -999 -999 -999 -999 -999 -999 -999 -999 -999 -999 -999 -999 -999 -999 -999 -999 -999 -999
cuts_long_ml_r15 0 0.014 0.031 0.02 0.079 0.041 0.017 0.065 0.03 NA 0 0.124 0.159 0.133 0.145 0.142 0.179 0.161 0.282 NA 0.14 0.126 0.143 0.168 NA NA NA NA NA NA
cuts_wide_bayes_r15 0 0.014 0.031 0.02 0.079 0.041 0.017 0.064 0.031 NA 0 0.13 0.151 0.137 0.145 0.14 0.177 0.161 0.304 NA 0.139 0.15 0.107 0.16 NA NA NA NA NA NA
cuts_long_bayes_r15 0 0.014 0.031 0.02 0.078 0.041 0.017 0.064 0.03 NA 0 0.128 0.153 0.138 0.147 0.145 0.184 0.167 0.3 NA 0.141 0.15 0.11 0.162 NA NA NA NA NA NA
tso_wide_ml_r15 -999 -999 -999 -999 -999 -999 -999 -999 -999 -999 -999 -999 -999 -999 -999 -999 -999 -999 -999 -999 -999 -999 -999 -999 -999 -999 -999 -999 -999 -999
tso_wide_bayes_r15 0 0.014 0.031 0.02 0.079 0.041 0.017 0.065 0.031 0.023 NA NA NA NA 0.145 0.142 0.173 0.159 NA NA 0.356 0.34 0.541 0.441 0.273 0.39 0.378 0.346 0.311 0.438
tso_long_bayes_r15 0 0.014 0.032 0.02 0.079 0.041 0.017 0.065 0.03 0.023 NA NA NA NA 0.158 0.15 0.198 0.166 NA NA 0.36 0.341 0.543 0.444 0.273 0.393 0.38 0.351 0.312 0.442
msst_wide_ml_r16 -999 -999 -999 -999 -999 -999 -999 -999 -999 -999 -999 -999 -999 -999 -999 -999 -999 -999 -999 -999 -999 -999 -999 -999 -999 -999 -999 -999 -999 -999
msst_long_ml_r16 0 0.013 0.031 0.022 0.136 0.064 0.021 0.093 0.056 NA 0 0.074 0.044 0.041 0 0.159 0.097 0.088 0.146 0.1 NA NA NA NA NA NA NA NA NA NA
msst_wide_bayes_r16 0 0.013 0.031 0.022 0.137 0.064 0.021 0.094 0.056 NA 0 0.076 0.045 0.041 0 0.163 0.098 0.09 0.159 0.102 NA NA NA NA NA NA NA NA NA NA
msst_long_bayes_r16 0 0.013 0.031 0.022 0.135 0.063 0.021 0.093 0.055 NA 0 0.072 0.046 0.04 0 0.157 0.099 0.087 0.16 0.102 NA NA NA NA NA NA NA NA NA NA
cuts_wide_ml_r16 -999 -999 -999 -999 -999 -999 -999 -999 -999 -999 -999 -999 -999 -999 -999 -999 -999 -999 -999 -999 -999 -999 -999 -999 -999 -999 -999 -999 -999 -999
cuts_long_ml_r16 0 0.013 0.03 0.019 0.087 0.043 0.017 0.068 0.03 NA 0 0.091 0.088 0.086 0.159 0.153 0.188 0.161 0.353 NA 0.101 0.171 0.111 0.121 NA NA NA NA NA NA
cuts_wide_bayes_r16 0 0.013 0.03 0.019 0.087 0.043 0.016 0.068 0.03 NA 0 0.095 0.091 0.091 0.158 0.151 0.188 0.161 0.383 NA 0.112 0.187 0.119 0.137 NA NA NA NA NA NA
cuts_long_bayes_r16 0 0.013 0.03 0.019 0.087 0.043 0.017 0.068 0.031 NA 0 0.097 0.093 0.092 0.163 0.159 0.193 0.167 0.387 NA 0.112 0.189 0.119 0.136 NA NA NA NA NA NA
tso_wide_ml_r16 -999 -999 -999 -999 -999 -999 -999 -999 -999 -999 -999 -999 -999 -999 -999 -999 -999 -999 -999 -999 -999 -999 -999 -999 -999 -999 -999 -999 -999 -999
tso_wide_bayes_r16 0 0.013 0.03 0.019 0.087 0.044 0.017 0.069 0.03 0.022 NA NA NA NA 0.153 0.147 0.182 0.155 NA NA 0.424 0.396 0.595 0.441 0.352 0.467 0.418 0.378 0.351 0.469
tso_long_bayes_r16 0 0.013 0.03 0.019 0.087 0.043 0.017 0.068 0.031 0.022 NA NA NA NA 0.144 0.134 0.178 0.142 NA NA 0.424 0.394 0.602 0.437 0.348 0.47 0.416 0.378 0.346 0.469
msst_wide_ml_r17 -999 -999 -999 -999 -999 -999 -999 -999 -999 -999 -999 -999 -999 -999 -999 -999 -999 -999 -999 -999 -999 -999 -999 -999 -999 -999 -999 -999 -999 -999
msst_long_ml_r17 0 0.013 0.03 0.023 0.139 0.067 0.021 0.096 0.063 NA 0 0.07 0.042 0.038 0 0.159 0.097 0.086 0.158 0.104 NA NA NA NA NA NA NA NA NA NA
msst_wide_bayes_r17 0 0.013 0.03 0.022 0.14 0.067 0.02 0.096 0.063 NA 0 0.07 0.042 0.038 0 0.159 0.097 0.087 0.17 0.107 NA NA NA NA NA NA NA NA NA NA
msst_long_bayes_r17 0 0.013 0.031 0.023 0.138 0.068 0.021 0.096 0.062 NA 0 0.07 0.043 0.038 0 0.159 0.097 0.085 0.179 0.108 NA NA NA NA NA NA NA NA NA NA
cuts_wide_ml_r17 -999 -999 -999 -999 -999 -999 -999 -999 -999 -999 -999 -999 -999 -999 -999 -999 -999 -999 -999 -999 -999 -999 -999 -999 -999 -999 -999 -999 -999 -999
cuts_long_ml_r17 0 0.014 0.032 0.021 0.08 0.042 0.017 0.069 0.031 NA 0 0.085 0.077 0.084 0.167 0.157 0.179 0.161 0.396 NA 0.112 0.172 0.116 0.162 NA NA NA NA NA NA
cuts_wide_bayes_r17 0 0.014 0.032 0.021 0.081 0.043 0.017 0.069 0.031 NA 0 0.091 0.083 0.087 0.166 0.158 0.176 0.164 0.423 NA 0.124 0.192 0.126 0.18 NA NA NA NA NA NA
cuts_long_bayes_r17 0 0.014 0.032 0.021 0.08 0.043 0.017 0.07 0.031 NA 0 0.09 0.083 0.089 0.169 0.16 0.181 0.166 0.429 NA 0.125 0.192 0.126 0.179 NA NA NA NA NA NA
tso_wide_ml_r17 -999 -999 -999 -999 -999 -999 -999 -999 -999 -999 -999 -999 -999 -999 -999 -999 -999 -999 -999 -999 -999 -999 -999 -999 -999 -999 -999 -999 -999 -999
tso_wide_bayes_r17 0 0.014 0.032 0.021 0.081 0.042 0.017 0.069 0.031 0.023 NA NA NA NA 0.175 0.165 0.189 0.167 NA NA 0.48 0.42 0.554 0.442 0.379 0.48 0.413 0.396 0.348 0.433
tso_long_bayes_r17 0 0.014 0.032 0.021 0.08 0.043 0.017 0.068 0.031 0.023 NA NA NA NA 0.104 0.126 0.113 0.116 NA NA 0.469 0.415 0.542 0.436 0.378 0.471 0.408 0.387 0.347 0.426
msst_wide_ml_r18 -999 -999 -999 -999 -999 -999 -999 -999 -999 -999 -999 -999 -999 -999 -999 -999 -999 -999 -999 -999 -999 -999 -999 -999 -999 -999 -999 -999 -999 -999
msst_long_ml_r18 0 0.014 0.026 0.02 0.135 0.063 0.02 0.089 0.053 NA 0 0.479 0.146 0.147 0 1.025 0.314 0.316 0.041 0.054 NA NA NA NA NA NA NA NA NA NA
msst_wide_bayes_r18 0 0.015 0.027 0.02 0.137 0.063 0.02 0.088 0.054 NA 0 0.828 0.207 0.22 0 1.791 0.447 0.477 0.044 0.051 NA NA NA NA NA NA NA NA NA NA
msst_long_bayes_r18 0 0.014 0.027 0.02 0.136 0.063 0.02 0.089 0.052 NA 0 0.475 0.152 0.154 0 1.019 0.326 0.331 0.049 0.058 NA NA NA NA NA NA NA NA NA NA
cuts_wide_ml_r18 -999 -999 -999 -999 -999 -999 -999 -999 -999 -999 -999 -999 -999 -999 -999 -999 -999 -999 -999 -999 -999 -999 -999 -999 -999 -999 -999 -999 -999 -999
cuts_long_ml_r18 0 0.014 0.031 0.02 0.083 0.043 0.017 0.069 0.031 NA 0 0.096 0.096 0.096 0.142 0.124 0.153 0.147 0.286 NA 0.099 0.142 0.109 0.114 NA NA NA NA NA NA
cuts_wide_bayes_r18 0 0.014 0.032 0.021 0.082 0.043 0.017 0.07 0.031 NA 0 0.105 0.105 0.106 0.14 0.123 0.151 0.146 0.306 NA 0.113 0.157 0.125 0.127 NA NA NA NA NA NA
cuts_long_bayes_r18 0 0.014 0.031 0.02 0.083 0.043 0.017 0.069 0.031 NA 0 0.103 0.106 0.106 0.145 0.127 0.157 0.15 0.312 NA 0.112 0.157 0.123 0.129 NA NA NA NA NA NA
tso_wide_ml_r18 -999 -999 -999 -999 -999 -999 -999 -999 -999 -999 -999 -999 -999 -999 -999 -999 -999 -999 -999 -999 -999 -999 -999 -999 -999 -999 -999 -999 -999 -999
tso_wide_bayes_r18 0 0.015 0.031 0.02 0.084 0.043 0.017 0.07 0.031 0.023 NA NA NA NA 0.157 0.141 0.169 0.163 NA NA 0.343 0.265 0.395 0.367 0.235 0.329 0.263 0.311 0.251 0.338
tso_long_bayes_r18 0 0.014 0.032 0.02 0.082 0.043 0.017 0.069 0.031 0.023 NA NA NA NA 0.128 0.114 0.139 0.148 NA NA 0.342 0.266 0.4 0.372 0.237 0.333 0.264 0.315 0.254 0.343
msst_wide_ml_r19 -999 -999 -999 -999 -999 -999 -999 -999 -999 -999 -999 -999 -999 -999 -999 -999 -999 -999 -999 -999 -999 -999 -999 -999 -999 -999 -999 -999 -999 -999
msst_long_ml_r19 0 0.012 0.032 0.022 0.138 0.068 0.021 0.096 0.057 NA 0 0.082 0.049 0.054 0 0.2 0.119 0.132 0.13 0.094 NA NA NA NA NA NA NA NA NA NA
msst_wide_bayes_r19 0 0.013 0.032 0.022 0.138 0.068 0.021 0.096 0.057 NA 0 0.086 0.05 0.055 0 0.206 0.121 0.134 0.14 0.096 NA NA NA NA NA NA NA NA NA NA
msst_long_bayes_r19 0 0.013 0.032 0.022 0.137 0.067 0.021 0.095 0.056 NA 0 0.083 0.048 0.054 0 0.208 0.119 0.134 0.144 0.097 NA NA NA NA NA NA NA NA NA NA
cuts_wide_ml_r19 -999 -999 -999 -999 -999 -999 -999 -999 -999 -999 -999 -999 -999 -999 -999 -999 -999 -999 -999 -999 -999 -999 -999 -999 -999 -999 -999 -999 -999 -999
cuts_long_ml_r19 0 0.014 0.031 0.02 0.083 0.041 0.016 0.068 0.031 NA 0 0.09 0.086 0.093 0.156 0.146 0.173 0.158 0.34 NA 0.101 0.146 0.105 0.147 NA NA NA NA NA NA
cuts_wide_bayes_r19 0 0.014 0.031 0.02 0.083 0.042 0.016 0.068 0.031 NA 0 0.098 0.094 0.103 0.161 0.151 0.182 0.167 0.374 NA 0.113 0.161 0.113 0.164 NA NA NA NA NA NA
cuts_long_bayes_r19 0 0.014 0.032 0.02 0.085 0.042 0.017 0.068 0.032 NA 0 0.095 0.093 0.099 0.159 0.152 0.178 0.16 0.364 NA 0.113 0.162 0.111 0.162 NA NA NA NA NA NA
tso_wide_ml_r19 -999 -999 -999 -999 -999 -999 -999 -999 -999 -999 -999 -999 -999 -999 -999 -999 -999 -999 -999 -999 -999 -999 -999 -999 -999 -999 -999 -999 -999 -999
tso_wide_bayes_r19 0 0.014 0.031 0.02 0.083 0.041 0.017 0.068 0.031 0.023 NA NA NA NA 0.163 0.147 0.181 0.165 NA NA 0.412 0.364 0.514 0.424 0.327 0.427 0.375 0.355 0.337 0.414
tso_long_bayes_r19 0 0.014 0.031 0.02 0.083 0.041 0.017 0.069 0.032 0.023 NA NA NA NA 0.134 0.125 0.144 0.137 NA NA 0.415 0.358 0.511 0.417 0.323 0.427 0.37 0.352 0.327 0.409
msst_wide_ml_r20 0 0.013 0.029 0.022 0.131 0.063 0.02 0.092 0.057 NA 0 0.109 0.061 0.056 0 0.237 0.133 0.122 0.097 0.082 NA NA NA NA NA NA NA NA NA NA
msst_long_ml_r20 0 0.013 0.029 0.022 0.131 0.063 0.02 0.092 0.057 NA 0 0.109 0.061 0.056 0 0.236 0.132 0.122 0.098 0.082 NA NA NA NA NA NA NA NA NA NA
msst_wide_bayes_r20 0 0.013 0.029 0.022 0.129 0.064 0.02 0.092 0.057 NA 0 0.114 0.062 0.057 0 0.249 0.136 0.125 0.106 0.083 NA NA NA NA NA NA NA NA NA NA
msst_long_bayes_r20 0 0.013 0.03 0.022 0.132 0.062 0.021 0.092 0.056 NA 0 0.109 0.061 0.057 0 0.233 0.133 0.124 0.109 0.084 NA NA NA NA NA NA NA NA NA NA
cuts_wide_ml_r20 0 0.013 0.03 0.019 0.086 0.042 0.016 0.068 0.029 NA 0 0.101 0.098 0.103 0.141 0.141 0.158 0.156 0.283 NA 0.097 0.14 0.112 0.142 NA NA NA NA NA NA
cuts_long_ml_r20 0 0.013 0.03 0.019 0.086 0.042 0.016 0.068 0.029 NA 0 0.101 0.098 0.103 0.141 0.141 0.158 0.156 0.283 NA 0.097 0.14 0.112 0.142 NA NA NA NA NA NA
cuts_wide_bayes_r20 0 0.013 0.03 0.019 0.086 0.043 0.016 0.068 0.029 NA 0 0.11 0.108 0.109 0.141 0.145 0.16 0.158 0.303 NA 0.108 0.156 0.127 0.159 NA NA NA NA NA NA
cuts_long_bayes_r20 0 0.014 0.03 0.019 0.087 0.042 0.016 0.069 0.029 NA 0 0.107 0.106 0.11 0.143 0.146 0.161 0.161 0.305 NA 0.108 0.157 0.126 0.16 NA NA NA NA NA NA
tso_wide_ml_r20 0 0.013 0.03 0.019 0.086 0.042 0.016 0.068 0.029 0.022 NA NA NA NA 0.141 0.141 0.158 0.156 NA NA 0.282 0.283 0.352 0.342 0.237 0.284 0.273 0.273 0.258 0.304
tso_wide_bayes_r20 0 0.014 0.03 0.019 0.086 0.042 0.016 0.068 0.029 0.023 NA NA NA NA 0.163 0.159 0.181 0.18 NA NA 0.345 0.344 0.429 0.411 0.288 0.348 0.332 0.332 0.311 0.366
tso_long_bayes_r20 0 0.014 0.029 0.019 0.084 0.042 0.016 0.068 0.029 0.022 NA NA NA NA 0.116 0.13 0.142 0.147 NA NA 0.336 0.339 0.424 0.413 0.282 0.341 0.326 0.326 0.308 0.366
msst_wide_ml_r21 -999 -999 -999 -999 -999 -999 -999 -999 -999 -999 -999 -999 -999 -999 -999 -999 -999 -999 -999 -999 -999 -999 -999 -999 -999 -999 -999 -999 -999 -999
msst_long_ml_r21 0 0.013 0.028 0.022 0.128 0.061 0.019 0.086 0.061 NA 0 0.098 0.054 0.044 0 0.205 0.114 0.092 0.11 0.087 NA NA NA NA NA NA NA NA NA NA
msst_wide_bayes_r21 0 0.013 0.028 0.022 0.128 0.062 0.019 0.087 0.062 NA 0 0.098 0.054 0.045 0 0.207 0.113 0.094 0.119 0.089 NA NA NA NA NA NA NA NA NA NA
msst_long_bayes_r21 0 0.013 0.028 0.022 0.128 0.062 0.019 0.085 0.061 NA 0 0.1 0.056 0.045 0 0.207 0.116 0.092 0.121 0.089 NA NA NA NA NA NA NA NA NA NA
cuts_wide_ml_r21 -999 -999 -999 -999 -999 -999 -999 -999 -999 -999 -999 -999 -999 -999 -999 -999 -999 -999 -999 -999 -999 -999 -999 -999 -999 -999 -999 -999 -999 -999
cuts_long_ml_r21 0 0.014 0.031 0.02 0.083 0.043 0.017 0.068 0.031 NA 0 0.1 0.091 0.094 0.147 0.153 0.16 0.144 0.308 NA 0.104 0.157 0.106 0.149 NA NA NA NA NA NA
cuts_wide_bayes_r21 0 0.014 0.03 0.02 0.082 0.043 0.017 0.068 0.031 NA 0 0.102 0.094 0.097 0.147 0.153 0.158 0.148 0.324 NA 0.112 0.175 0.111 0.165 NA NA NA NA NA NA
cuts_long_bayes_r21 0 0.014 0.031 0.02 0.082 0.043 0.017 0.068 0.032 NA 0 0.107 0.097 0.1 0.148 0.155 0.161 0.149 0.329 NA 0.113 0.176 0.111 0.164 NA NA NA NA NA NA
tso_wide_ml_r21 -999 -999 -999 -999 -999 -999 -999 -999 -999 -999 -999 -999 -999 -999 -999 -999 -999 -999 -999 -999 -999 -999 -999 -999 -999 -999 -999 -999 -999 -999
tso_wide_bayes_r21 0 0.014 0.031 0.02 0.083 0.042 0.017 0.068 0.031 0.023 NA NA NA NA 0.154 0.162 0.169 0.15 NA NA 0.371 0.398 0.44 0.358 0.324 0.372 0.364 0.311 0.295 0.341
tso_long_bayes_r21 0 0.014 0.03 0.02 0.082 0.043 0.017 0.067 0.032 0.022 NA NA NA NA 0.1 0.128 0.11 0.112 NA NA 0.362 0.394 0.432 0.352 0.323 0.365 0.36 0.303 0.293 0.335
msst_wide_ml_r22 -999 -999 -999 -999 -999 -999 -999 -999 -999 -999 -999 -999 -999 -999 -999 -999 -999 -999 -999 -999 -999 -999 -999 -999 -999 -999 -999 -999 -999 -999
msst_long_ml_r22 0 0.013 0.03 0.021 0.134 0.062 0.021 0.092 0.052 NA 0 0.052 0.037 0.031 0 0.117 0.083 0.07 0.184 0.112 NA NA NA NA NA NA NA NA NA NA
msst_wide_bayes_r22 0 0.012 0.03 0.021 0.134 0.062 0.021 0.092 0.052 NA 0 0.053 0.037 0.031 0 0.118 0.084 0.07 0.197 0.116 NA NA NA NA NA NA NA NA NA NA
msst_long_bayes_r22 0 0.013 0.03 0.021 0.133 0.062 0.021 0.093 0.052 NA 0 0.052 0.036 0.03 0 0.117 0.082 0.069 0.206 0.118 NA NA NA NA NA NA NA NA NA NA
cuts_wide_ml_r22 -999 -999 -999 -999 -999 -999 -999 -999 -999 -999 -999 -999 -999 -999 -999 -999 -999 -999 -999 -999 -999 -999 -999 -999 -999 -999 -999 -999 -999 -999
cuts_long_ml_r22 0 0.014 0.031 0.021 0.081 0.041 0.017 0.069 0.033 NA 0 0.074 0.068 0.065 0.164 0.146 0.17 0.135 0.387 NA 0.096 0.133 0.103 0.106 NA NA NA NA NA NA
cuts_wide_bayes_r22 0 0.014 0.031 0.021 0.081 0.041 0.017 0.069 0.033 NA 0 0.077 0.074 0.069 0.167 0.148 0.173 0.138 0.422 NA 0.108 0.147 0.115 0.119 NA NA NA NA NA NA
cuts_long_bayes_r22 0 0.014 0.031 0.021 0.08 0.04 0.017 0.069 0.032 NA 0 0.077 0.074 0.068 0.17 0.153 0.177 0.141 0.427 NA 0.108 0.148 0.117 0.118 NA NA NA NA NA NA
tso_wide_ml_r22 -999 -999 -999 -999 -999 -999 -999 -999 -999 -999 -999 -999 -999 -999 -999 -999 -999 -999 -999 -999 -999 -999 -999 -999 -999 -999 -999 -999 -999 -999
tso_wide_bayes_r22 0 0.014 0.031 0.021 0.081 0.041 0.017 0.07 0.033 0.023 NA NA NA NA 0.161 0.144 0.169 0.136 NA NA 0.459 0.368 0.495 0.306 0.355 0.445 0.369 0.328 0.279 0.337
tso_long_bayes_r22 0 0.014 0.031 0.021 0.081 0.041 0.017 0.068 0.033 0.023 NA NA NA NA 0.13 0.104 0.142 0.102 NA NA 0.455 0.363 0.494 0.305 0.352 0.443 0.369 0.329 0.279 0.341
msst_wide_ml_r23 -999 -999 -999 -999 -999 -999 -999 -999 -999 -999 -999 -999 -999 -999 -999 -999 -999 -999 -999 -999 -999 -999 -999 -999 -999 -999 -999 -999 -999 -999
msst_long_ml_r23 0 0.014 0.03 0.023 0.125 0.064 0.018 0.094 0.057 NA 0 0.58 0.24 0.179 0 1.312 0.542 0.406 0.032 0.051 NA NA NA NA NA NA NA NA NA NA
msst_wide_bayes_r23 0 0.014 0.03 0.022 0.124 0.064 0.018 0.095 0.057 NA 0 0.691 0.279 0.206 0 1.576 0.636 0.468 0.032 0.052 NA NA NA NA NA NA NA NA NA NA
msst_long_bayes_r23 0 0.014 0.031 0.023 0.125 0.064 0.018 0.093 0.055 NA 0 0.519 0.227 0.179 0 1.188 0.517 0.407 0.03 0.048 NA NA NA NA NA NA NA NA NA NA
cuts_wide_ml_r23 -999 -999 -999 -999 -999 -999 -999 -999 -999 -999 -999 -999 -999 -999 -999 -999 -999 -999 -999 -999 -999 -999 -999 -999 -999 -999 -999 -999 -999 -999
cuts_long_ml_r23 0 0.014 0.032 0.021 0.081 0.042 0.016 0.07 0.031 NA 0 0.15 0.156 0.137 0.131 0.146 0.158 0.144 0.234 NA 0.115 0.189 0.146 0.148 NA NA NA NA NA NA
cuts_wide_bayes_r23 0 0.014 0.033 0.021 0.082 0.042 0.016 0.071 0.031 NA 0 0.165 0.179 0.153 0.131 0.154 0.161 0.147 0.254 NA 0.128 0.21 0.157 0.162 NA NA NA NA NA NA
cuts_long_bayes_r23 0 0.014 0.032 0.021 0.08 0.042 0.016 0.071 0.031 NA 0 0.164 0.176 0.152 0.135 0.151 0.165 0.15 0.249 NA 0.128 0.213 0.157 0.167 NA NA NA NA NA NA
tso_wide_ml_r23 -999 -999 -999 -999 -999 -999 -999 -999 -999 -999 -999 -999 -999 -999 -999 -999 -999 -999 -999 -999 -999 -999 -999 -999 -999 -999 -999 -999 -999 -999
tso_wide_bayes_r23 0 0.014 0.033 0.021 0.08 0.042 0.016 0.071 0.031 0.022 NA NA NA NA 0.137 0.16 0.168 0.15 NA NA 0.29 0.365 0.423 0.347 0.248 0.304 0.325 0.267 0.28 0.33
tso_long_bayes_r23 0 0.014 0.032 0.021 0.081 0.042 0.016 0.07 0.031 0.023 NA NA NA NA 0.133 0.148 0.15 0.161 NA NA 0.293 0.365 0.424 0.349 0.251 0.307 0.327 0.269 0.283 0.334
msst_wide_ml_r24 0 0.013 0.027 0.02 0.146 0.066 0.02 0.09 0.057 NA 0 0.096 0.051 0.044 0 0.206 0.111 0.094 0.13 0.094 NA NA NA NA NA NA NA NA NA NA
msst_long_ml_r24 0 0.013 0.027 0.02 0.146 0.066 0.02 0.09 0.057 NA 0 0.096 0.051 0.044 0 0.206 0.11 0.094 0.13 0.094 NA NA NA NA NA NA NA NA NA NA
msst_wide_bayes_r24 0 0.013 0.027 0.02 0.146 0.066 0.02 0.091 0.056 NA 0 0.098 0.052 0.044 0 0.21 0.112 0.095 0.139 0.096 NA NA NA NA NA NA NA NA NA NA
msst_long_bayes_r24 0 0.013 0.027 0.02 0.145 0.066 0.021 0.089 0.057 NA 0 0.095 0.051 0.042 0 0.199 0.11 0.087 0.146 0.097 NA NA NA NA NA NA NA NA NA NA
cuts_wide_ml_r24 0 0.014 0.031 0.02 0.081 0.041 0.017 0.067 0.03 NA 0 0.088 0.077 0.078 0.169 0.161 0.184 0.161 0.403 NA 0.11 0.183 0.113 0.14 NA NA NA NA NA NA
cuts_long_ml_r24 0 0.014 0.031 0.02 0.081 0.041 0.017 0.067 0.03 NA 0 0.088 0.077 0.078 0.169 0.161 0.184 0.161 0.403 NA 0.11 0.183 0.113 0.14 NA NA NA NA NA NA
cuts_wide_bayes_r24 0 0.014 0.031 0.02 0.081 0.042 0.017 0.068 0.03 NA 0 0.093 0.084 0.085 0.164 0.155 0.18 0.161 0.441 NA 0.122 0.203 0.125 0.156 NA NA NA NA NA NA
cuts_long_bayes_r24 0 0.014 0.031 0.02 0.081 0.042 0.017 0.067 0.031 NA 0 0.093 0.082 0.083 0.17 0.165 0.185 0.163 0.432 NA 0.122 0.206 0.123 0.157 NA NA NA NA NA NA
tso_wide_ml_r24 0 0.014 0.031 0.02 0.081 0.041 0.017 0.067 0.03 0.023 NA NA NA NA 0.169 0.161 0.184 0.161 NA NA 0.402 0.368 0.477 0.365 0.322 0.409 0.363 0.339 0.304 0.374
tso_wide_bayes_r24 0 0.014 0.031 0.02 0.081 0.042 0.017 0.068 0.031 0.023 NA NA NA NA 0.171 0.165 0.188 0.17 NA NA 0.491 0.447 0.582 0.439 0.391 0.499 0.442 0.411 0.369 0.455
tso_long_bayes_r24 0 0.014 0.031 0.02 0.081 0.041 0.017 0.068 0.03 0.023 NA NA NA NA 0.166 0.171 0.182 0.156 NA NA 0.489 0.442 0.576 0.439 0.388 0.496 0.436 0.409 0.363 0.45
msst_wide_ml_r25 -999 -999 -999 -999 -999 -999 -999 -999 -999 -999 -999 -999 -999 -999 -999 -999 -999 -999 -999 -999 -999 -999 -999 -999 -999 -999 -999 -999 -999 -999
msst_long_ml_r25 0 0.013 0.028 0.021 0.124 0.062 0.019 0.085 0.05 NA 0 0.187 0.091 0.068 0 0.389 0.191 0.141 0.064 0.067 NA NA NA NA NA NA NA NA NA NA
msst_wide_bayes_r25 0 0.013 0.028 0.021 0.124 0.061 0.019 0.085 0.051 NA 0 0.193 0.093 0.069 0 0.401 0.195 0.145 0.068 0.068 NA NA NA NA NA NA NA NA NA NA
msst_long_bayes_r25 0 0.013 0.028 0.021 0.124 0.061 0.019 0.086 0.05 NA 0 0.19 0.091 0.067 0 0.394 0.191 0.141 0.071 0.067 NA NA NA NA NA NA NA NA NA NA
cuts_wide_ml_r25 -999 -999 -999 -999 -999 -999 -999 -999 -999 -999 -999 -999 -999 -999 -999 -999 -999 -999 -999 -999 -999 -999 -999 -999 -999 -999 -999 -999 -999 -999
cuts_long_ml_r25 0 0.014 0.031 0.021 0.081 0.043 0.017 0.068 0.032 NA 0 0.115 0.106 0.093 0.134 0.143 0.153 0.125 0.254 NA 0.092 0.156 0.108 0.11 NA NA NA NA NA NA
cuts_wide_bayes_r25 0 0.014 0.031 0.021 0.082 0.043 0.017 0.067 0.032 NA 0 0.124 0.116 0.099 0.134 0.146 0.156 0.128 0.276 NA 0.103 0.176 0.119 0.123 NA NA NA NA NA NA
cuts_long_bayes_r25 0 0.014 0.031 0.021 0.081 0.043 0.017 0.067 0.032 NA 0 0.125 0.115 0.102 0.137 0.147 0.158 0.128 0.277 NA 0.104 0.174 0.117 0.121 NA NA NA NA NA NA
tso_wide_ml_r25 -999 -999 -999 -999 -999 -999 -999 -999 -999 -999 -999 -999 -999 -999 -999 -999 -999 -999 -999 -999 -999 -999 -999 -999 -999 -999 -999 -999 -999 -999
tso_wide_bayes_r25 0 0.014 0.031 0.02 0.081 0.042 0.017 0.068 0.032 0.023 NA NA NA NA 0.138 0.152 0.157 0.126 NA NA 0.307 0.347 0.4 0.266 0.266 0.319 0.321 0.245 0.248 0.28
tso_long_bayes_r25 0 0.014 0.03 0.021 0.081 0.043 0.017 0.068 0.032 0.023 NA NA NA NA 0.147 0.154 0.176 0.151 NA NA 0.309 0.352 0.406 0.268 0.266 0.322 0.323 0.247 0.25 0.284
msst_wide_ml_r26 -999 -999 -999 -999 -999 -999 -999 -999 -999 -999 -999 -999 -999 -999 -999 -999 -999 -999 -999 -999 -999 -999 -999 -999 -999 -999 -999 -999 -999 -999
msst_long_ml_r26 0 0.013 0.031 0.022 0.134 0.068 0.021 0.096 0.056 NA 0 0.144 0.077 0.077 0 0.276 0.149 0.148 0.08 0.074 NA NA NA NA NA NA NA NA NA NA
msst_wide_bayes_r26 0 0.013 0.032 0.022 0.135 0.069 0.021 0.096 0.056 NA 0 0.145 0.078 0.078 0 0.279 0.151 0.15 0.083 0.074 NA NA NA NA NA NA NA NA NA NA
msst_long_bayes_r26 0 0.013 0.031 0.022 0.134 0.067 0.022 0.095 0.055 NA 0 0.149 0.077 0.077 0 0.284 0.145 0.148 0.091 0.074 NA NA NA NA NA NA NA NA NA NA
cuts_wide_ml_r26 -999 -999 -999 -999 -999 -999 -999 -999 -999 -999 -999 -999 -999 -999 -999 -999 -999 -999 -999 -999 -999 -999 -999 -999 -999 -999 -999 -999 -999 -999
cuts_long_ml_r26 0 0.014 0.029 0.019 0.086 0.043 0.018 0.066 0.03 NA 0 0.116 0.122 0.117 0.139 0.139 0.163 0.146 0.268 NA 0.11 0.145 0.128 0.144 NA NA NA NA NA NA
cuts_wide_bayes_r26 0 0.014 0.029 0.019 0.086 0.043 0.018 0.066 0.03 NA 0 0.125 0.135 0.123 0.139 0.14 0.165 0.15 0.284 NA 0.123 0.163 0.146 0.16 NA NA NA NA NA NA
cuts_long_bayes_r26 0 0.014 0.029 0.019 0.086 0.042 0.018 0.066 0.03 NA 0 0.126 0.136 0.128 0.141 0.143 0.165 0.151 0.287 NA 0.123 0.162 0.146 0.162 NA NA NA NA NA NA
tso_wide_ml_r26 -999 -999 -999 -999 -999 -999 -999 -999 -999 -999 -999 -999 -999 -999 -999 -999 -999 -999 -999 -999 -999 -999 -999 -999 -999 -999 -999 -999 -999 -999
tso_wide_bayes_r26 0 0.014 0.03 0.019 0.087 0.043 0.018 0.066 0.03 0.022 NA NA NA NA 0.148 0.146 0.172 0.154 NA NA 0.335 0.33 0.457 0.365 0.272 0.35 0.33 0.292 0.29 0.355
tso_long_bayes_r26 0 0.014 0.029 0.019 0.086 0.043 0.018 0.066 0.03 0.022 NA NA NA NA 0.12 0.138 0.137 0.136 NA NA 0.331 0.328 0.45 0.357 0.269 0.344 0.327 0.289 0.284 0.347
msst_wide_ml_r27 -999 -999 -999 -999 -999 -999 -999 -999 -999 -999 -999 -999 -999 -999 -999 -999 -999 -999 -999 -999 -999 -999 -999 -999 -999 -999 -999 -999 -999 -999
msst_long_ml_r27 0 0.014 0.033 0.024 0.13 0.065 0.022 0.093 0.056 NA 0 0.068 0.048 0.04 0 0.135 0.096 0.08 0.144 0.099 NA NA NA NA NA NA NA NA NA NA
msst_wide_bayes_r27 0 0.014 0.033 0.024 0.128 0.065 0.022 0.094 0.056 NA 0 0.07 0.049 0.04 0 0.139 0.097 0.08 0.157 0.102 NA NA NA NA NA NA NA NA NA NA
msst_long_bayes_r27 0 0.014 0.034 0.025 0.127 0.064 0.022 0.092 0.056 NA 0 0.063 0.046 0.038 0 0.128 0.092 0.077 0.158 0.103 NA NA NA NA NA NA NA NA NA NA
cuts_wide_ml_r27 -999 -999 -999 -999 -999 -999 -999 -999 -999 -999 -999 -999 -999 -999 -999 -999 -999 -999 -999 -999 -999 -999 -999 -999 -999 -999 -999 -999 -999 -999
cuts_long_ml_r27 0 0.015 0.031 0.02 0.079 0.04 0.017 0.067 0.03 NA 0 0.088 0.1 0.091 0.155 0.136 0.173 0.143 0.337 NA 0.12 0.125 0.122 0.129 NA NA NA NA NA NA
cuts_wide_bayes_r27 0 0.014 0.031 0.02 0.078 0.041 0.017 0.068 0.03 NA 0 0.097 0.112 0.102 0.16 0.143 0.18 0.147 0.37 NA 0.135 0.139 0.135 0.144 NA NA NA NA NA NA
cuts_long_bayes_r27 0 0.015 0.031 0.02 0.079 0.041 0.017 0.067 0.03 NA 0 0.094 0.111 0.098 0.158 0.14 0.178 0.148 0.368 NA 0.133 0.14 0.131 0.143 NA NA NA NA NA NA
tso_wide_ml_r27 -999 -999 -999 -999 -999 -999 -999 -999 -999 -999 -999 -999 -999 -999 -999 -999 -999 -999 -999 -999 -999 -999 -999 -999 -999 -999 -999 -999 -999 -999
tso_wide_bayes_r27 0 0.015 0.031 0.02 0.08 0.041 0.017 0.067 0.03 0.022 NA NA NA NA 0.167 0.147 0.183 0.148 NA NA 0.409 0.317 0.505 0.348 0.307 0.415 0.349 0.319 0.269 0.369
tso_long_bayes_r27 0 0.014 0.031 0.02 0.08 0.041 0.017 0.067 0.03 0.022 NA NA NA NA 0.169 0.147 0.189 0.158 NA NA 0.413 0.317 0.517 0.35 0.31 0.421 0.353 0.323 0.273 0.374
msst_wide_ml_r28 -999 -999 -999 -999 -999 -999 -999 -999 -999 -999 -999 -999 -999 -999 -999 -999 -999 -999 -999 -999 -999 -999 -999 -999 -999 -999 -999 -999 -999 -999
msst_long_ml_r28 0 0.013 0.03 0.022 0.129 0.063 0.02 0.088 0.053 NA 0 0.128 0.061 0.059 0 0.261 0.126 0.121 0.089 0.079 NA NA NA NA NA NA NA NA NA NA
msst_wide_bayes_r28 0 0.013 0.03 0.022 0.128 0.064 0.02 0.088 0.053 NA 0 0.134 0.063 0.061 0 0.275 0.129 0.126 0.097 0.079 NA NA NA NA NA NA NA NA NA NA
msst_long_bayes_r28 0 0.013 0.029 0.021 0.128 0.063 0.02 0.087 0.052 NA 0 0.116 0.063 0.06 0 0.239 0.127 0.122 0.092 0.081 NA NA NA NA NA NA NA NA NA NA
cuts_wide_ml_r28 -999 -999 -999 -999 -999 -999 -999 -999 -999 -999 -999 -999 -999 -999 -999 -999 -999 -999 -999 -999 -999 -999 -999 -999 -999 -999 -999 -999 -999 -999
cuts_long_ml_r28 0 0.014 0.03 0.02 0.083 0.042 0.017 0.067 0.031 NA 0 0.109 0.096 0.096 0.143 0.149 0.161 0.142 0.285 NA 0.094 0.175 0.099 0.121 NA NA NA NA NA NA
cuts_wide_bayes_r28 0 0.014 0.03 0.02 0.082 0.042 0.017 0.068 0.031 NA 0 0.109 0.099 0.101 0.145 0.16 0.165 0.143 0.305 NA 0.105 0.195 0.097 0.135 NA NA NA NA NA NA
cuts_long_bayes_r28 0 0.014 0.03 0.02 0.081 0.042 0.017 0.068 0.031 NA 0 0.115 0.102 0.104 0.145 0.152 0.162 0.145 0.309 NA 0.102 0.19 0.096 0.135 NA NA NA NA NA NA
tso_wide_ml_r28 -999 -999 -999 -999 -999 -999 -999 -999 -999 -999 -999 -999 -999 -999 -999 -999 -999 -999 -999 -999 -999 -999 -999 -999 -999 -999 -999 -999 -999 -999
tso_wide_bayes_r28 0 0.014 0.03 0.02 0.082 0.042 0.017 0.068 0.031 0.023 NA NA NA NA 0.157 0.164 0.179 0.156 NA NA 0.349 0.386 0.443 0.344 0.3 0.361 0.347 0.29 0.301 0.344
tso_long_bayes_r28 0 0.014 0.031 0.02 0.082 0.042 0.017 0.068 0.031 0.022 NA NA NA NA 0.158 0.15 0.183 0.164 NA NA 0.345 0.377 0.44 0.345 0.298 0.358 0.345 0.291 0.298 0.346
msst_wide_ml_r29 -999 -999 -999 -999 -999 -999 -999 -999 -999 -999 -999 -999 -999 -999 -999 -999 -999 -999 -999 -999 -999 -999 -999 -999 -999 -999 -999 -999 -999 -999
msst_long_ml_r29 0 0.014 0.03 0.022 0.129 0.063 0.02 0.088 0.057 NA 0 0.188 0.082 0.078 0 0.369 0.161 0.154 0.064 0.066 NA NA NA NA NA NA NA NA NA NA
msst_wide_bayes_r29 0 0.014 0.03 0.022 0.13 0.063 0.02 0.089 0.058 NA 0 0.214 0.087 0.084 0 0.421 0.171 0.165 0.07 0.066 NA NA NA NA NA NA NA NA NA NA
msst_long_bayes_r29 0 0.014 0.03 0.022 0.128 0.062 0.02 0.088 0.056 NA 0 0.19 0.078 0.08 0 0.364 0.153 0.155 0.076 0.068 NA NA NA NA NA NA NA NA NA NA
cuts_wide_ml_r29 -999 -999 -999 -999 -999 -999 -999 -999 -999 -999 -999 -999 -999 -999 -999 -999 -999 -999 -999 -999 -999 -999 -999 -999 -999 -999 -999 -999 -999 -999
cuts_long_ml_r29 0 0.014 0.031 0.02 0.083 0.042 0.017 0.067 0.029 NA 0 0.099 0.1 0.11 0.134 0.121 0.142 0.146 0.257 NA 0.096 0.126 0.097 0.139 NA NA NA NA NA NA
cuts_wide_bayes_r29 0 0.014 0.031 0.02 0.082 0.042 0.017 0.067 0.03 NA 0 0.107 0.109 0.118 0.134 0.122 0.141 0.147 0.279 NA 0.107 0.143 0.109 0.156 NA NA NA NA NA NA
cuts_long_bayes_r29 0 0.014 0.032 0.02 0.083 0.043 0.017 0.067 0.029 NA 0 0.106 0.11 0.117 0.139 0.125 0.147 0.15 0.28 NA 0.108 0.14 0.109 0.156 NA NA NA NA NA NA
tso_wide_ml_r29 -999 -999 -999 -999 -999 -999 -999 -999 -999 -999 -999 -999 -999 -999 -999 -999 -999 -999 -999 -999 -999 -999 -999 -999 -999 -999 -999 -999 -999 -999
tso_wide_bayes_r29 0 0.014 0.031 0.02 0.083 0.043 0.017 0.067 0.029 0.022 NA NA NA NA 0.138 0.124 0.145 0.148 NA NA 0.311 0.248 0.348 0.361 0.224 0.298 0.243 0.286 0.238 0.307
tso_long_bayes_r29 0 0.014 0.031 0.02 0.084 0.043 0.017 0.068 0.029 0.023 NA NA NA NA 0.144 0.134 0.147 0.161 NA NA 0.308 0.253 0.344 0.365 0.225 0.295 0.241 0.287 0.242 0.307
msst_wide_ml_r30 -999 -999 -999 -999 -999 -999 -999 -999 -999 -999 -999 -999 -999 -999 -999 -999 -999 -999 -999 -999 -999 -999 -999 -999 -999 -999 -999 -999 -999 -999
msst_long_ml_r30 0 0.014 0.03 0.024 0.129 0.063 0.02 0.09 0.064 NA 0 0.096 0.056 0.052 0 0.206 0.122 0.112 0.106 0.084 NA NA NA NA NA NA NA NA NA NA
msst_wide_bayes_r30 0 0.014 0.03 0.024 0.13 0.063 0.02 0.09 0.064 NA 0 0.099 0.057 0.054 0 0.213 0.123 0.115 0.112 0.087 NA NA NA NA NA NA NA NA NA NA
msst_long_bayes_r30 0 0.014 0.03 0.024 0.127 0.063 0.02 0.089 0.063 NA 0 0.079 0.053 0.055 0 0.168 0.111 0.116 0.112 0.087 NA NA NA NA NA NA NA NA NA NA
cuts_wide_ml_r30 -999 -999 -999 -999 -999 -999 -999 -999 -999 -999 -999 -999 -999 -999 -999 -999 -999 -999 -999 -999 -999 -999 -999 -999 -999 -999 -999 -999 -999 -999
cuts_long_ml_r30 0 0.014 0.031 0.02 0.083 0.043 0.017 0.069 0.031 NA 0 0.09 0.101 0.1 0.148 0.127 0.154 0.144 0.311 NA 0.121 0.121 0.112 0.145 NA NA NA NA NA NA
cuts_wide_bayes_r30 0 0.014 0.031 0.02 0.083 0.043 0.017 0.069 0.031 NA 0 0.097 0.107 0.106 0.15 0.133 0.157 0.148 0.333 NA 0.13 0.134 0.118 0.16 NA NA NA NA NA NA
cuts_long_bayes_r30 0 0.014 0.031 0.02 0.083 0.043 0.017 0.069 0.031 NA 0 0.096 0.108 0.108 0.153 0.132 0.161 0.15 0.331 NA 0.13 0.135 0.116 0.164 NA NA NA NA NA NA
tso_wide_ml_r30 -999 -999 -999 -999 -999 -999 -999 -999 -999 -999 -999 -999 -999 -999 -999 -999 -999 -999 -999 -999 -999 -999 -999 -999 -999 -999 -999 -999 -999 -999
tso_wide_bayes_r30 0 0.014 0.032 0.02 0.083 0.043 0.017 0.069 0.031 0.022 NA NA NA NA 0.155 0.138 0.163 0.148 NA NA 0.369 0.274 0.402 0.348 0.264 0.347 0.283 0.3 0.24 0.323
tso_long_bayes_r30 0 0.014 0.031 0.02 0.084 0.043 0.017 0.068 0.032 0.023 NA NA NA NA 0.149 0.125 0.149 0.163 NA NA 0.372 0.275 0.4 0.351 0.267 0.348 0.284 0.303 0.242 0.326
msst_wide_ml_r31 -999 -999 -999 -999 -999 -999 -999 -999 -999 -999 -999 -999 -999 -999 -999 -999 -999 -999 -999 -999 -999 -999 -999 -999 -999 -999 -999 -999 -999 -999
msst_long_ml_r31 0 0.013 0.029 0.021 0.136 0.068 0.019 0.088 0.051 NA 0 0.154 0.071 0.055 0 0.318 0.148 0.115 0.085 0.077 NA NA NA NA NA NA NA NA NA NA
msst_wide_bayes_r31 0 0.013 0.03 0.021 0.139 0.068 0.019 0.088 0.052 NA 0 0.161 0.074 0.056 0 0.332 0.152 0.117 0.09 0.078 NA NA NA NA NA NA NA NA NA NA
msst_long_bayes_r31 0 0.013 0.029 0.021 0.135 0.069 0.019 0.087 0.051 NA 0 0.178 0.08 0.063 0 0.357 0.164 0.128 0.097 0.078 NA NA NA NA NA NA NA NA NA NA
cuts_wide_ml_r31 -999 -999 -999 -999 -999 -999 -999 -999 -999 -999 -999 -999 -999 -999 -999 -999 -999 -999 -999 -999 -999 -999 -999 -999 -999 -999 -999 -999 -999 -999
cuts_long_ml_r31 0 0.014 0.032 0.02 0.082 0.044 0.016 0.067 0.03 NA 0 0.109 0.103 0.089 0.153 0.155 0.169 0.135 0.324 NA 0.118 0.19 0.11 0.11 NA NA NA NA NA NA
cuts_wide_bayes_r31 0 0.014 0.032 0.021 0.083 0.044 0.016 0.068 0.03 NA 0 0.112 0.101 0.095 0.156 0.154 0.166 0.134 0.35 NA 0.121 0.209 0.088 0.117 NA NA NA NA NA NA
cuts_long_bayes_r31 0 0.014 0.032 0.021 0.083 0.044 0.016 0.068 0.031 NA 0 0.115 0.103 0.093 0.158 0.161 0.174 0.14 0.354 NA 0.121 0.206 0.088 0.119 NA NA NA NA NA NA
tso_wide_ml_r31 -999 -999 -999 -999 -999 -999 -999 -999 -999 -999 -999 -999 -999 -999 -999 -999 -999 -999 -999 -999 -999 -999 -999 -999 -999 -999 -999 -999 -999 -999
tso_wide_bayes_r31 0 0.014 0.033 0.021 0.083 0.044 0.016 0.067 0.03 0.022 NA NA NA NA 0.165 0.171 0.183 0.147 NA NA 0.4 0.413 0.482 0.31 0.326 0.4 0.377 0.298 0.288 0.345
tso_long_bayes_r31 0 0.014 0.032 0.021 0.084 0.043 0.017 0.066 0.031 0.023 NA NA NA NA 0.12 0.144 0.146 0.129 NA NA 0.393 0.406 0.481 0.309 0.321 0.397 0.374 0.293 0.287 0.344
msst_wide_ml_r32 -999 -999 -999 -999 -999 -999 -999 -999 -999 -999 -999 -999 -999 -999 -999 -999 -999 -999 -999 -999 -999 -999 -999 -999 -999 -999 -999 -999 -999 -999
msst_long_ml_r32 0 0.014 0.028 0.023 0.124 0.062 0.019 0.088 0.062 NA 0 0.157 0.082 0.063 0 0.322 0.168 0.129 0.069 0.069 NA NA NA NA NA NA NA NA NA NA
msst_wide_bayes_r32 0 0.014 0.029 0.023 0.125 0.063 0.019 0.088 0.062 NA 0 0.171 0.086 0.064 0 0.35 0.176 0.131 0.075 0.07 NA NA NA NA NA NA NA NA NA NA
msst_long_bayes_r32 0 0.014 0.028 0.023 0.123 0.063 0.019 0.088 0.061 NA 0 0.151 0.08 0.063 0 0.311 0.168 0.13 0.072 0.073 NA NA NA NA NA NA NA NA NA NA
cuts_wide_ml_r32 -999 -999 -999 -999 -999 -999 -999 -999 -999 -999 -999 -999 -999 -999 -999 -999 -999 -999 -999 -999 -999 -999 -999 -999 -999 -999 -999 -999 -999 -999
cuts_long_ml_r32 0 0.014 0.029 0.019 0.085 0.042 0.017 0.067 0.03 NA 0 0.111 0.121 0.114 0.133 0.131 0.149 0.134 0.251 NA 0.107 0.132 0.122 0.154 NA NA NA NA NA NA
cuts_wide_bayes_r32 0 0.014 0.029 0.019 0.084 0.041 0.017 0.066 0.03 NA 0 0.115 0.129 0.121 0.134 0.134 0.151 0.136 0.269 NA 0.117 0.148 0.131 0.173 NA NA NA NA NA NA
cuts_long_bayes_r32 0 0.014 0.029 0.019 0.085 0.042 0.017 0.067 0.03 NA 0 0.122 0.132 0.122 0.135 0.137 0.154 0.139 0.272 NA 0.117 0.15 0.13 0.169 NA NA NA NA NA NA
tso_wide_ml_r32 -999 -999 -999 -999 -999 -999 -999 -999 -999 -999 -999 -999 -999 -999 -999 -999 -999 -999 -999 -999 -999 -999 -999 -999 -999 -999 -999 -999 -999 -999
tso_wide_bayes_r32 0 0.014 0.03 0.019 0.084 0.042 0.017 0.067 0.03 0.022 NA NA NA NA 0.135 0.129 0.152 0.144 NA NA 0.298 0.289 0.377 0.312 0.242 0.301 0.281 0.25 0.23 0.284
tso_long_bayes_r32 0 0.014 0.029 0.019 0.084 0.042 0.017 0.068 0.03 0.022 NA NA NA NA 0.139 0.124 0.152 0.137 NA NA 0.299 0.291 0.377 0.31 0.242 0.3 0.282 0.248 0.229 0.283
msst_wide_ml_r33 -999 -999 -999 -999 -999 -999 -999 -999 -999 -999 -999 -999 -999 -999 -999 -999 -999 -999 -999 -999 -999 -999 -999 -999 -999 -999 -999 -999 -999 -999
msst_long_ml_r33 0 0.013 0.026 0.02 0.144 0.067 0.019 0.091 0.062 NA 0 0.331 0.143 0.097 0 0.627 0.273 0.184 0.051 0.059 NA NA NA NA NA NA NA NA NA NA
msst_wide_bayes_r33 0 0.013 0.026 0.02 0.144 0.068 0.019 0.092 0.062 NA 0 0.431 0.174 0.109 0 0.815 0.329 0.206 0.055 0.058 NA NA NA NA NA NA NA NA NA NA
msst_long_bayes_r33 0 0.013 0.026 0.02 0.142 0.066 0.02 0.092 0.061 NA 0 0.359 0.148 0.102 0 0.706 0.294 0.199 0.058 0.059 NA NA NA NA NA NA NA NA NA NA
cuts_wide_ml_r33 -999 -999 -999 -999 -999 -999 -999 -999 -999 -999 -999 -999 -999 -999 -999 -999 -999 -999 -999 -999 -999 -999 -999 -999 -999 -999 -999 -999 -999 -999
cuts_long_ml_r33 0 0.013 0.03 0.019 0.085 0.043 0.017 0.069 0.03 NA 0 0.096 0.105 0.102 0.147 0.126 0.159 0.15 0.314 NA 0.123 0.14 0.138 0.169 NA NA NA NA NA NA
cuts_wide_bayes_r33 0 0.013 0.03 0.019 0.086 0.043 0.017 0.069 0.03 NA 0 0.106 0.119 0.112 0.143 0.123 0.156 0.151 0.339 NA 0.137 0.156 0.152 0.189 NA NA NA NA NA NA
cuts_long_bayes_r33 0 0.013 0.03 0.019 0.086 0.042 0.017 0.068 0.03 NA 0 0.105 0.115 0.109 0.15 0.129 0.162 0.154 0.338 NA 0.137 0.154 0.154 0.188 NA NA NA NA NA NA
tso_wide_ml_r33 -999 -999 -999 -999 -999 -999 -999 -999 -999 -999 -999 -999 -999 -999 -999 -999 -999 -999 -999 -999 -999 -999 -999 -999 -999 -999 -999 -999 -999 -999
tso_wide_bayes_r33 0 0.014 0.031 0.019 0.086 0.043 0.017 0.068 0.029 0.022 NA NA NA NA 0.152 0.129 0.164 0.159 NA NA 0.369 0.269 0.429 0.38 0.249 0.358 0.283 0.321 0.251 0.34
tso_long_bayes_r33 0 0.013 0.03 0.019 0.086 0.043 0.017 0.069 0.03 0.022 NA NA NA NA 0.144 0.118 0.142 0.154 NA NA 0.364 0.269 0.426 0.381 0.25 0.355 0.283 0.32 0.251 0.339
msst_wide_ml_r34 -999 -999 -999 -999 -999 -999 -999 -999 -999 -999 -999 -999 -999 -999 -999 -999 -999 -999 -999 -999 -999 -999 -999 -999 -999 -999 -999 -999 -999 -999
msst_long_ml_r34 0 0.014 0.022 0.016 0.146 0.06 0.017 0.08 0.05 NA 0 357.547 85.723 19.489 0 668.786 160.344 36.454 0.002 0.043 NA NA NA NA NA NA NA NA NA NA
msst_wide_bayes_r34 -999 -999 -999 -999 -999 -999 -999 -999 -999 -999 -999 -999 -999 -999 -999 -999 -999 -999 -999 -999 -999 -999 -999 -999 -999 -999 -999 -999 -999 -999
msst_long_bayes_r34 Within Within Within Within Within Within Within Within Within NA Between Between Between Between Between Between Between Between Between Between NA NA NA NA NA NA NA NA NA NA
cuts_wide_ml_r34 -999 -999 -999 -999 -999 -999 -999 -999 -999 -999 -999 -999 -999 -999 -999 -999 -999 -999 -999 -999 -999 -999 -999 -999 -999 -999 -999 -999 -999 -999
cuts_long_ml_r34 0 0.013 0.029 0.018 0.085 0.04 0.017 0.068 0.029 NA 0 0.082 0.083 0.077 0.155 0.116 0.154 0.14 0.344 NA 0.113 0.134 0.106 0.105 NA NA NA NA NA NA
cuts_wide_bayes_r34 0 0.013 0.029 0.018 0.085 0.04 0.017 0.067 0.03 NA 0 0.087 0.09 0.084 0.155 0.115 0.154 0.141 0.374 NA 0.128 0.148 0.117 0.119 NA NA NA NA NA NA
cuts_long_bayes_r34 0 0.013 0.029 0.018 0.086 0.04 0.017 0.067 0.03 NA 0 0.086 0.091 0.083 0.157 0.12 0.156 0.144 0.374 NA 0.129 0.147 0.117 0.119 NA NA NA NA NA NA
tso_wide_ml_r34 -999 -999 -999 -999 -999 -999 -999 -999 -999 -999 -999 -999 -999 -999 -999 -999 -999 -999 -999 -999 -999 -999 -999 -999 -999 -999 -999 -999 -999 -999
tso_wide_bayes_r34 0 0.013 0.029 0.018 0.085 0.04 0.017 0.068 0.03 0.022 NA NA NA NA 0.159 0.125 0.16 0.145 NA NA 0.408 0.229 0.408 0.33 0.24 0.371 0.25 0.325 0.214 0.326
tso_long_bayes_r34 0 0.013 0.029 0.018 0.087 0.041 0.017 0.068 0.03 0.022 NA NA NA NA 0.181 0.138 0.191 0.174 NA NA 0.411 0.232 0.41 0.336 0.242 0.375 0.253 0.331 0.214 0.33
msst_wide_ml_r35 -999 -999 -999 -999 -999 -999 -999 -999 -999 -999 -999 -999 -999 -999 -999 -999 -999 -999 -999 -999 -999 -999 -999 -999 -999 -999 -999 -999 -999 -999
msst_long_ml_r35 0 0.015 0.032 0.026 0.124 0.066 0.02 0.094 0.065 NA 0 0.106 0.06 0.055 0 0.244 0.139 0.127 0.095 0.081 NA NA NA NA NA NA NA NA NA NA
msst_wide_bayes_r35 0 0.015 0.032 0.026 0.123 0.067 0.02 0.095 0.065 NA 0 0.107 0.061 0.057 0 0.246 0.14 0.13 0.101 0.081 NA NA NA NA NA NA NA NA NA NA
msst_long_bayes_r35 0 0.015 0.032 0.026 0.123 0.065 0.019 0.093 0.065 NA 0 0.114 0.062 0.053 0 0.259 0.142 0.122 0.109 0.082 NA NA NA NA NA NA NA NA NA NA
cuts_wide_ml_r35 -999 -999 -999 -999 -999 -999 -999 -999 -999 -999 -999 -999 -999 -999 -999 -999 -999 -999 -999 -999 -999 -999 -999 -999 -999 -999 -999 -999 -999 -999
cuts_long_ml_r35 0 0.014 0.031 0.02 0.084 0.044 0.017 0.07 0.032 NA 0 0.112 0.135 0.118 0.143 0.135 0.157 0.14 0.286 NA 0.135 0.154 0.139 0.145 NA NA NA NA NA NA
cuts_wide_bayes_r35 0 0.014 0.031 0.02 0.084 0.043 0.017 0.071 0.032 NA 0 0.119 0.147 0.127 0.146 0.146 0.166 0.144 0.308 NA 0.142 0.165 0.134 0.163 NA NA NA NA NA NA
cuts_long_bayes_r35 0 0.014 0.031 0.02 0.084 0.044 0.017 0.071 0.032 NA 0 0.12 0.144 0.128 0.146 0.141 0.164 0.144 0.303 NA 0.144 0.167 0.135 0.165 NA NA NA NA NA NA
tso_wide_ml_r35 -999 -999 -999 -999 -999 -999 -999 -999 -999 -999 -999 -999 -999 -999 -999 -999 -999 -999 -999 -999 -999 -999 -999 -999 -999 -999 -999 -999 -999 -999
tso_wide_bayes_r35 0 0.014 0.031 0.02 0.084 0.043 0.017 0.071 0.032 0.023 NA NA NA NA 0.152 0.145 0.167 0.149 NA NA 0.347 0.309 0.421 0.332 0.273 0.34 0.302 0.274 0.246 0.321
tso_long_bayes_r35 0 0.014 0.031 0.02 0.084 0.043 0.017 0.071 0.032 0.023 NA NA NA NA 0.14 0.132 0.148 0.126 NA NA 0.346 0.309 0.418 0.329 0.272 0.336 0.3 0.27 0.244 0.32
msst_wide_ml_r36 -999 -999 -999 -999 -999 -999 -999 -999 -999 -999 -999 -999 -999 -999 -999 -999 -999 -999 -999 -999 -999 -999 -999 -999 -999 -999 -999 -999 -999 -999
msst_long_ml_r36 0 0.014 0.027 0.022 0.135 0.063 0.02 0.091 0.065 NA 0 0.187 0.078 0.065 0 0.407 0.171 0.141 0.071 0.07 NA NA NA NA NA NA NA NA NA NA
msst_wide_bayes_r36 0 0.014 0.027 0.022 0.136 0.064 0.02 0.092 0.066 NA 0 0.199 0.081 0.068 0 0.43 0.177 0.147 0.076 0.071 NA NA NA NA NA NA NA NA NA NA
msst_long_bayes_r36 0 0.014 0.028 0.021 0.135 0.063 0.02 0.092 0.064 NA 0 0.199 0.078 0.064 0 0.451 0.177 0.14 0.083 0.071 NA NA NA NA NA NA NA NA NA NA
cuts_wide_ml_r36 -999 -999 -999 -999 -999 -999 -999 -999 -999 -999 -999 -999 -999 -999 -999 -999 -999 -999 -999 -999 -999 -999 -999 -999 -999 -999 -999 -999 -999 -999
cuts_long_ml_r36 0 0.014 0.03 0.019 0.083 0.041 0.017 0.067 0.029 NA 0 0.1 0.099 0.102 0.149 0.143 0.164 0.152 0.319 NA 0.116 0.171 0.131 0.177 NA NA NA NA NA NA
cuts_wide_bayes_r36 0 0.014 0.031 0.02 0.084 0.042 0.017 0.068 0.03 NA 0 0.109 0.106 0.108 0.152 0.144 0.167 0.162 0.347 NA 0.127 0.191 0.138 0.198 NA NA NA NA NA NA
cuts_long_bayes_r36 0 0.014 0.031 0.019 0.083 0.042 0.017 0.067 0.03 NA 0 0.105 0.106 0.107 0.15 0.147 0.167 0.156 0.349 NA 0.126 0.192 0.139 0.196 NA NA NA NA NA NA
tso_wide_ml_r36 -999 -999 -999 -999 -999 -999 -999 -999 -999 -999 -999 -999 -999 -999 -999 -999 -999 -999 -999 -999 -999 -999 -999 -999 -999 -999 -999 -999 -999 -999
tso_wide_bayes_r36 0 0.014 0.031 0.019 0.083 0.041 0.017 0.068 0.03 0.022 NA NA NA NA 0.156 0.147 0.171 0.162 NA NA 0.379 0.348 0.458 0.391 0.295 0.382 0.334 0.323 0.284 0.36
tso_long_bayes_r36 0 0.014 0.031 0.02 0.082 0.042 0.017 0.068 0.03 0.023 NA NA NA NA 0.142 0.137 0.141 0.137 NA NA 0.378 0.352 0.456 0.396 0.295 0.381 0.333 0.326 0.287 0.361
msst_wide_ml_r37 0 0.013 0.029 0.022 0.136 0.066 0.02 0.088 0.056 NA 0 0.103 0.06 0.056 0 0.226 0.133 0.124 0.108 0.086 NA NA NA NA NA NA NA NA NA NA
msst_long_ml_r37 0 0.013 0.029 0.022 0.136 0.066 0.02 0.088 0.056 NA 0 0.103 0.06 0.056 0 0.225 0.133 0.124 0.108 0.086 NA NA NA NA NA NA NA NA NA NA
msst_wide_bayes_r37 0 0.013 0.029 0.022 0.137 0.066 0.02 0.089 0.056 NA 0 0.105 0.061 0.058 0 0.231 0.135 0.127 0.115 0.087 NA NA NA NA NA NA NA NA NA NA
msst_long_bayes_r37 0 0.012 0.03 0.022 0.134 0.066 0.021 0.089 0.055 NA 0 0.104 0.06 0.058 0 0.221 0.128 0.124 0.12 0.089 NA NA NA NA NA NA NA NA NA NA
cuts_wide_ml_r37 0 0.014 0.031 0.02 0.083 0.041 0.016 0.068 0.031 NA 0 0.101 0.095 0.102 0.148 0.145 0.157 0.159 0.308 NA 0.109 0.137 0.096 0.135 NA NA NA NA NA NA
cuts_long_ml_r37 0 0.014 0.031 0.02 0.083 0.041 0.016 0.068 0.031 NA 0 0.101 0.095 0.102 0.148 0.145 0.157 0.159 0.308 NA 0.109 0.137 0.096 0.135 NA NA NA NA NA NA
cuts_wide_bayes_r37 0 0.014 0.031 0.02 0.084 0.042 0.016 0.068 0.031 NA 0 0.106 0.102 0.109 0.158 0.154 0.168 0.167 0.332 NA 0.124 0.153 0.107 0.148 NA NA NA NA NA NA
cuts_long_bayes_r37 0 0.014 0.031 0.02 0.083 0.042 0.016 0.068 0.031 NA 0 0.109 0.103 0.11 0.152 0.148 0.161 0.164 0.334 NA 0.12 0.152 0.105 0.149 NA NA NA NA NA NA
tso_wide_ml_r37 0 0.014 0.031 0.02 0.083 0.041 0.016 0.068 0.031 0.022 NA NA NA NA 0.149 0.145 0.157 0.159 NA NA 0.312 0.297 0.349 0.357 0.253 0.3 0.283 0.295 0.274 0.317
tso_wide_bayes_r37 0 0.014 0.031 0.02 0.083 0.042 0.016 0.068 0.031 0.023 NA NA NA NA 0.154 0.15 0.163 0.164 NA NA 0.379 0.359 0.425 0.436 0.305 0.363 0.345 0.356 0.333 0.385
tso_long_bayes_r37 0 0.014 0.031 0.02 0.082 0.042 0.016 0.068 0.031 0.023 NA NA NA NA 0.147 0.144 0.157 0.162 NA NA 0.377 0.358 0.421 0.434 0.305 0.362 0.34 0.357 0.331 0.383
msst_wide_ml_r38 -999 -999 -999 -999 -999 -999 -999 -999 -999 -999 -999 -999 -999 -999 -999 -999 -999 -999 -999 -999 -999 -999 -999 -999 -999 -999 -999 -999 -999 -999
msst_long_ml_r38 0 0.014 0.031 0.024 0.121 0.063 0.019 0.088 0.059 NA 0 0.143 0.083 0.058 0 0.289 0.168 0.117 0.076 0.073 NA NA NA NA NA NA NA NA NA NA
msst_wide_bayes_r38 0 0.014 0.031 0.025 0.121 0.063 0.019 0.088 0.059 NA 0 0.151 0.085 0.059 0 0.304 0.173 0.12 0.082 0.074 NA NA NA NA NA NA NA NA NA NA
msst_long_bayes_r38 0 0.014 0.031 0.025 0.122 0.063 0.019 0.088 0.058 NA 0 0.163 0.093 0.06 0 0.324 0.187 0.121 0.087 0.073 NA NA NA NA NA NA NA NA NA NA
cuts_wide_ml_r38 -999 -999 -999 -999 -999 -999 -999 -999 -999 -999 -999 -999 -999 -999 -999 -999 -999 -999 -999 -999 -999 -999 -999 -999 -999 -999 -999 -999 -999 -999
cuts_long_ml_r38 0 0.014 0.03 0.019 0.084 0.042 0.017 0.066 0.03 NA 0 0.144 0.153 0.133 0.13 0.146 0.156 0.139 0.23 NA 0.114 0.144 0.124 0.141 NA NA NA NA NA NA
cuts_wide_bayes_r38 0 0.014 0.03 0.02 0.083 0.042 0.017 0.066 0.03 NA 0 0.165 0.182 0.15 0.131 0.149 0.161 0.142 0.247 NA 0.126 0.162 0.134 0.157 NA NA NA NA NA NA
cuts_long_bayes_r38 0 0.014 0.03 0.019 0.083 0.042 0.017 0.066 0.03 NA 0 0.161 0.176 0.149 0.133 0.151 0.162 0.143 0.25 NA 0.127 0.161 0.136 0.157 NA NA NA NA NA NA
tso_wide_ml_r38 -999 -999 -999 -999 -999 -999 -999 -999 -999 -999 -999 -999 -999 -999 -999 -999 -999 -999 -999 -999 -999 -999 -999 -999 -999 -999 -999 -999 -999 -999
tso_wide_bayes_r38 0 0.014 0.03 0.02 0.084 0.042 0.017 0.066 0.03 0.023 NA NA NA NA 0.139 0.156 0.164 0.146 NA NA 0.284 0.368 0.414 0.334 0.268 0.298 0.34 0.258 0.28 0.32
tso_long_bayes_r38 0 0.014 0.03 0.019 0.084 0.041 0.017 0.067 0.03 0.022 NA NA NA NA 0.12 0.138 0.147 0.13 NA NA 0.282 0.359 0.409 0.327 0.262 0.296 0.335 0.253 0.271 0.314
msst_wide_ml_r39 0 0.014 0.026 0.021 0.131 0.06 0.019 0.083 0.057 NA 0 0.316 0.11 0.081 0 0.707 0.245 0.181 0.048 0.058 NA NA NA NA NA NA NA NA NA NA
msst_long_ml_r39 0 0.014 0.026 0.021 0.131 0.06 0.019 0.083 0.057 NA 0 0.316 0.109 0.081 0 0.705 0.245 0.181 0.048 0.058 NA NA NA NA NA NA NA NA NA NA
msst_wide_bayes_r39 0 0.014 0.026 0.021 0.131 0.06 0.019 0.083 0.057 NA 0 0.35 0.116 0.084 0 0.787 0.262 0.187 0.05 0.059 NA NA NA NA NA NA NA NA NA NA
msst_long_bayes_r39 0 0.014 0.026 0.021 0.131 0.06 0.019 0.082 0.057 NA 0 0.242 0.094 0.076 0 0.517 0.211 0.173 0.047 0.063 NA NA NA NA NA NA NA NA NA NA
cuts_wide_ml_r39 0 0.014 0.029 0.019 0.086 0.043 0.017 0.063 0.03 NA 0 0.11 0.111 0.102 0.137 0.138 0.16 0.139 0.268 NA 0.101 0.168 0.126 0.136 NA NA NA NA NA NA
cuts_long_ml_r39 0 0.014 0.029 0.019 0.086 0.043 0.017 0.063 0.03 NA 0 0.11 0.111 0.102 0.137 0.138 0.16 0.139 0.268 NA 0.101 0.168 0.126 0.136 NA NA NA NA NA NA
cuts_wide_bayes_r39 0 0.014 0.029 0.02 0.087 0.043 0.017 0.064 0.03 NA 0 0.112 0.116 0.109 0.147 0.139 0.169 0.148 0.288 NA 0.109 0.185 0.136 0.153 NA NA NA NA NA NA
cuts_long_bayes_r39 0 0.014 0.029 0.019 0.086 0.043 0.017 0.064 0.03 NA 0 0.116 0.122 0.11 0.14 0.142 0.164 0.143 0.291 NA 0.11 0.187 0.139 0.151 NA NA NA NA NA NA
tso_wide_ml_r39 0 0.014 0.029 0.019 0.086 0.043 0.017 0.063 0.03 0.022 NA NA NA NA 0.137 0.138 0.16 0.139 NA NA 0.265 0.269 0.36 0.274 0.215 0.281 0.258 0.229 0.211 0.271
tso_wide_bayes_r39 0 0.014 0.028 0.019 0.086 0.043 0.017 0.064 0.03 0.022 NA NA NA NA 0.143 0.149 0.167 0.146 NA NA 0.32 0.328 0.44 0.333 0.261 0.342 0.316 0.283 0.259 0.332
tso_long_bayes_r39 0 0.014 0.029 0.019 0.085 0.043 0.017 0.064 0.03 0.023 NA NA NA NA 0.126 0.136 0.147 0.141 NA NA 0.315 0.32 0.428 0.328 0.255 0.336 0.305 0.272 0.251 0.321
msst_wide_ml_r40 -999 -999 -999 -999 -999 -999 -999 -999 -999 -999 -999 -999 -999 -999 -999 -999 -999 -999 -999 -999 -999 -999 -999 -999 -999 -999 -999 -999 -999 -999
msst_long_ml_r40 0 0.013 0.028 0.022 0.128 0.059 0.019 0.087 0.062 NA 0 0.15 0.067 0.061 0 0.304 0.136 0.122 0.075 0.072 NA NA NA NA NA NA NA NA NA NA
msst_wide_bayes_r40 0 0.013 0.028 0.022 0.129 0.06 0.019 0.087 0.062 NA 0 0.158 0.069 0.063 0 0.318 0.139 0.126 0.08 0.073 NA NA NA NA NA NA NA NA NA NA
msst_long_bayes_r40 0 0.013 0.027 0.022 0.128 0.058 0.019 0.085 0.06 NA 0 0.161 0.072 0.062 0 0.312 0.147 0.126 0.085 0.072 NA NA NA NA NA NA NA NA NA NA
cuts_wide_ml_r40 -999 -999 -999 -999 -999 -999 -999 -999 -999 -999 -999 -999 -999 -999 -999 -999 -999 -999 -999 -999 -999 -999 -999 -999 -999 -999 -999 -999 -999 -999
cuts_long_ml_r40 0 0.013 0.028 0.018 0.089 0.043 0.017 0.065 0.031 NA 0 0.108 0.107 0.111 0.134 0.139 0.158 0.151 0.258 NA 0.094 0.161 0.121 0.149 NA NA NA NA NA NA
cuts_wide_bayes_r40 0 0.013 0.028 0.018 0.089 0.043 0.017 0.065 0.031 NA 0 0.113 0.118 0.118 0.138 0.147 0.163 0.16 0.281 NA 0.105 0.181 0.135 0.165 NA NA NA NA NA NA
cuts_long_bayes_r40 0 0.013 0.028 0.018 0.089 0.042 0.017 0.065 0.031 NA 0 0.115 0.117 0.118 0.137 0.144 0.162 0.157 0.279 NA 0.104 0.18 0.133 0.167 NA NA NA NA NA NA
tso_wide_ml_r40 -999 -999 -999 -999 -999 -999 -999 -999 -999 -999 -999 -999 -999 -999 -999 -999 -999 -999 -999 -999 -999 -999 -999 -999 -999 -999 -999 -999 -999 -999
tso_wide_bayes_r40 0 0.013 0.028 0.018 0.089 0.043 0.017 0.065 0.031 0.022 NA NA NA NA 0.138 0.146 0.164 0.159 NA NA 0.309 0.327 0.43 0.399 0.263 0.33 0.31 0.3 0.276 0.362
tso_long_bayes_r40 0 0.013 0.028 0.019 0.089 0.043 0.017 0.065 0.031 0.022 NA NA NA NA 0.142 0.148 0.169 0.174 NA NA 0.306 0.328 0.428 0.389 0.264 0.328 0.311 0.295 0.28 0.356
msst_wide_ml_r41 -999 -999 -999 -999 -999 -999 -999 -999 -999 -999 -999 -999 -999 -999 -999 -999 -999 -999 -999 -999 -999 -999 -999 -999 -999 -999 -999 -999 -999 -999
msst_long_ml_r41 0 0.013 0.028 0.021 0.143 0.066 0.021 0.093 0.056 NA 0 0.127 0.068 0.053 0 0.252 0.136 0.107 0.098 0.079 NA NA NA NA NA NA NA NA NA NA
msst_wide_bayes_r41 0 0.013 0.028 0.021 0.143 0.066 0.021 0.094 0.056 NA 0 0.138 0.071 0.055 0 0.275 0.142 0.11 0.105 0.08 NA NA NA NA NA NA NA NA NA NA
msst_long_bayes_r41 0 0.013 0.028 0.021 0.145 0.065 0.021 0.092 0.055 NA 0 0.135 0.067 0.055 0 0.274 0.137 0.11 0.115 0.084 NA NA NA NA NA NA NA NA NA NA
cuts_wide_ml_r41 -999 -999 -999 -999 -999 -999 -999 -999 -999 -999 -999 -999 -999 -999 -999 -999 -999 -999 -999 -999 -999 -999 -999 -999 -999 -999 -999 -999 -999 -999
cuts_long_ml_r41 0 0.014 0.029 0.019 0.083 0.041 0.017 0.064 0.031 NA 0 0.086 0.104 0.089 0.154 0.125 0.174 0.143 0.339 NA 0.123 0.126 0.142 0.124 NA NA NA NA NA NA
cuts_wide_bayes_r41 0 0.014 0.029 0.019 0.082 0.041 0.017 0.065 0.031 NA 0 0.093 0.118 0.098 0.16 0.129 0.178 0.147 0.374 NA 0.14 0.14 0.161 0.14 NA NA NA NA NA NA
cuts_long_bayes_r41 0 0.013 0.029 0.02 0.083 0.041 0.017 0.065 0.031 NA 0 0.092 0.115 0.095 0.159 0.13 0.179 0.147 0.371 NA 0.14 0.142 0.16 0.141 NA NA NA NA NA NA
tso_wide_ml_r41 -999 -999 -999 -999 -999 -999 -999 -999 -999 -999 -999 -999 -999 -999 -999 -999 -999 -999 -999 -999 -999 -999 -999 -999 -999 -999 -999 -999 -999 -999
tso_wide_bayes_r41 0 0.014 0.029 0.019 0.083 0.041 0.017 0.064 0.031 0.023 NA NA NA NA 0.166 0.135 0.186 0.151 NA NA 0.405 0.272 0.517 0.348 0.272 0.411 0.314 0.324 0.246 0.371
tso_long_bayes_r41 0 0.014 0.029 0.019 0.083 0.041 0.017 0.064 0.031 0.022 NA NA NA NA 0.156 0.133 0.199 0.162 NA NA 0.409 0.268 0.514 0.344 0.273 0.412 0.311 0.325 0.245 0.368
msst_wide_ml_r42 -999 -999 -999 -999 -999 -999 -999 -999 -999 -999 -999 -999 -999 -999 -999 -999 -999 -999 -999 -999 -999 -999 -999 -999 -999 -999 -999 -999 -999 -999
msst_long_ml_r42 0 0.013 0.033 0.022 0.121 0.06 0.019 0.095 0.054 NA 0 0.077 0.046 0.041 0 0.149 0.09 0.08 0.123 0.092 NA NA NA NA NA NA NA NA NA NA
msst_wide_bayes_r42 0 0.013 0.033 0.022 0.12 0.061 0.019 0.096 0.055 NA 0 0.079 0.047 0.042 0 0.15 0.091 0.081 0.131 0.093 NA NA NA NA NA NA NA NA NA NA
msst_long_bayes_r42 0 0.013 0.033 0.022 0.121 0.06 0.019 0.094 0.053 NA 0 0.075 0.048 0.043 0 0.149 0.093 0.084 0.135 0.095 NA NA NA NA NA NA NA NA NA NA
cuts_wide_ml_r42 -999 -999 -999 -999 -999 -999 -999 -999 -999 -999 -999 -999 -999 -999 -999 -999 -999 -999 -999 -999 -999 -999 -999 -999 -999 -999 -999 -999 -999 -999
cuts_long_ml_r42 0 0.014 0.031 0.02 0.08 0.041 0.016 0.066 0.031 NA 0 0.096 0.094 0.093 0.147 0.147 0.157 0.133 0.317 NA 0.115 0.165 0.138 0.14 NA NA NA NA NA NA
cuts_wide_bayes_r42 0 0.014 0.031 0.02 0.08 0.041 0.016 0.067 0.031 NA 0 0.103 0.103 0.103 0.143 0.146 0.154 0.133 0.342 NA 0.13 0.186 0.155 0.156 NA NA NA NA NA NA
cuts_long_bayes_r42 0 0.014 0.031 0.02 0.081 0.041 0.016 0.066 0.031 NA 0 0.104 0.102 0.1 0.149 0.151 0.16 0.137 0.345 NA 0.13 0.186 0.157 0.156 NA NA NA NA NA NA
tso_wide_ml_r42 -999 -999 -999 -999 -999 -999 -999 -999 -999 -999 -999 -999 -999 -999 -999 -999 -999 -999 -999 -999 -999 -999 -999 -999 -999 -999 -999 -999 -999 -999
tso_wide_bayes_r42 0 0.014 0.031 0.02 0.081 0.042 0.016 0.066 0.032 0.023 NA NA NA NA 0.154 0.151 0.168 0.14 NA NA 0.367 0.367 0.419 0.302 0.314 0.353 0.318 0.276 0.274 0.302
tso_long_bayes_r42 0 0.014 0.031 0.021 0.08 0.042 0.016 0.066 0.032 0.023 NA NA NA NA 0.154 0.137 0.155 0.126 NA NA 0.374 0.368 0.421 0.303 0.317 0.356 0.32 0.276 0.275 0.302
msst_wide_ml_r43 -999 -999 -999 -999 -999 -999 -999 -999 -999 -999 -999 -999 -999 -999 -999 -999 -999 -999 -999 -999 -999 -999 -999 -999 -999 -999 -999 -999 -999 -999
msst_long_ml_r43 0 0.015 0.029 0.023 0.118 0.059 0.019 0.087 0.059 NA 0 0.913 0.389 0.16 0 1.951 0.832 0.341 0.024 0.045 NA NA NA NA NA NA NA NA NA NA
msst_wide_bayes_r43 0 0.016 0.029 0.023 0.119 0.059 0.02 0.087 0.058 NA 0 1.524 0.618 0.202 0 3.247 1.318 0.431 0.025 0.045 NA NA NA NA NA NA NA NA NA NA
msst_long_bayes_r43 0 0.015 0.029 0.023 0.118 0.058 0.019 0.088 0.058 NA 0 0.954 0.411 0.177 0 2.023 0.872 0.378 0.023 0.043 NA NA NA NA NA NA NA NA NA NA
cuts_wide_ml_r43 -999 -999 -999 -999 -999 -999 -999 -999 -999 -999 -999 -999 -999 -999 -999 -999 -999 -999 -999 -999 -999 -999 -999 -999 -999 -999 -999 -999 -999 -999
cuts_long_ml_r43 0 0.014 0.031 0.02 0.079 0.04 0.018 0.067 0.031 NA 0 0.128 0.171 0.134 0.124 0.121 0.159 0.137 0.215 NA 0.108 0.131 0.155 0.146 NA NA NA NA NA NA
cuts_wide_bayes_r43 0 0.014 0.031 0.02 0.08 0.041 0.018 0.067 0.031 NA 0 0.137 0.178 0.147 0.124 0.124 0.163 0.139 0.228 NA 0.114 0.15 0.146 0.155 NA NA NA NA NA NA
cuts_long_bayes_r43 0 0.014 0.031 0.02 0.078 0.04 0.018 0.067 0.031 NA 0 0.139 0.182 0.148 0.128 0.125 0.162 0.141 0.233 NA 0.111 0.147 0.146 0.157 NA NA NA NA NA NA
tso_wide_ml_r43 -999 -999 -999 -999 -999 -999 -999 -999 -999 -999 -999 -999 -999 -999 -999 -999 -999 -999 -999 -999 -999 -999 -999 -999 -999 -999 -999 -999 -999 -999
tso_wide_bayes_r43 0 0.014 0.031 0.02 0.08 0.04 0.018 0.067 0.031 0.023 NA NA NA NA 0.133 0.13 0.168 0.144 NA NA 0.262 0.254 0.432 0.325 0.201 0.297 0.275 0.245 0.219 0.322
tso_long_bayes_r43 0 0.014 0.031 0.02 0.08 0.04 0.018 0.068 0.031 0.023 NA NA NA NA 0.117 0.122 0.155 0.13 NA NA 0.261 0.248 0.43 0.317 0.197 0.294 0.27 0.241 0.212 0.317
msst_wide_ml_r44 -999 -999 -999 -999 -999 -999 -999 -999 -999 -999 -999 -999 -999 -999 -999 -999 -999 -999 -999 -999 -999 -999 -999 -999 -999 -999 -999 -999 -999 -999
msst_long_ml_r44 0 0.013 0.026 0.02 0.144 0.061 0.02 0.086 0.055 NA 0 0.085 0.047 0.041 0 0.166 0.093 0.08 0.131 0.094 NA NA NA NA NA NA NA NA NA NA
msst_wide_bayes_r44 0 0.013 0.025 0.02 0.145 0.061 0.02 0.086 0.055 NA 0 0.086 0.047 0.041 0 0.167 0.093 0.081 0.141 0.095 NA NA NA NA NA NA NA NA NA NA
msst_long_bayes_r44 0 0.012 0.026 0.02 0.143 0.06 0.02 0.086 0.055 NA 0 0.08 0.046 0.039 0 0.158 0.091 0.076 0.147 0.098 NA NA NA NA NA NA NA NA NA NA
cuts_wide_ml_r44 -999 -999 -999 -999 -999 -999 -999 -999 -999 -999 -999 -999 -999 -999 -999 -999 -999 -999 -999 -999 -999 -999 -999 -999 -999 -999 -999 -999 -999 -999
cuts_long_ml_r44 0 0.013 0.028 0.018 0.086 0.04 0.017 0.065 0.029 NA 0 0.083 0.083 0.079 0.164 0.144 0.168 0.144 0.385 NA 0.125 0.155 0.122 0.126 NA NA NA NA NA NA
cuts_wide_bayes_r44 0 0.013 0.027 0.018 0.086 0.04 0.017 0.066 0.029 NA 0 0.088 0.09 0.083 0.166 0.144 0.172 0.147 0.415 NA 0.138 0.172 0.136 0.14 NA NA NA NA NA NA
cuts_long_bayes_r44 0 0.013 0.028 0.018 0.086 0.039 0.017 0.065 0.03 NA 0 0.088 0.089 0.083 0.168 0.147 0.171 0.147 0.417 NA 0.137 0.171 0.134 0.14 NA NA NA NA NA NA
tso_wide_ml_r44 -999 -999 -999 -999 -999 -999 -999 -999 -999 -999 -999 -999 -999 -999 -999 -999 -999 -999 -999 -999 -999 -999 -999 -999 -999 -999 -999 -999 -999 -999
tso_wide_bayes_r44 0 0.013 0.028 0.018 0.085 0.04 0.017 0.065 0.029 0.022 NA NA NA NA 0.174 0.155 0.177 0.153 NA NA 0.453 0.35 0.488 0.358 0.339 0.43 0.353 0.348 0.28 0.369
tso_long_bayes_r44 0 0.013 0.028 0.018 0.086 0.04 0.017 0.065 0.03 0.022 NA NA NA NA 0.168 0.163 0.173 0.134 NA NA 0.464 0.349 0.487 0.353 0.341 0.435 0.353 0.352 0.279 0.366
msst_wide_ml_r45 -999 -999 -999 -999 -999 -999 -999 -999 -999 -999 -999 -999 -999 -999 -999 -999 -999 -999 -999 -999 -999 -999 -999 -999 -999 -999 -999 -999 -999 -999
msst_long_ml_r45 0 0.014 0.039 0.027 0.138 0.07 0.024 0.102 0.064 NA 0 0.053 0.041 0.042 0 0.113 0.088 0.09 0.179 0.11 NA NA NA NA NA NA NA NA NA NA
msst_wide_bayes_r45 0 0.014 0.04 0.027 0.14 0.07 0.025 0.103 0.065 NA 0 0.055 0.042 0.042 0 0.116 0.09 0.091 0.195 0.111 NA NA NA NA NA NA NA NA NA NA
msst_long_bayes_r45 0 0.014 0.04 0.027 0.137 0.069 0.024 0.104 0.063 NA 0 0.052 0.044 0.045 0 0.107 0.093 0.097 0.202 0.115 NA NA NA NA NA NA NA NA NA NA
cuts_wide_ml_r45 -999 -999 -999 -999 -999 -999 -999 -999 -999 -999 -999 -999 -999 -999 -999 -999 -999 -999 -999 -999 -999 -999 -999 -999 -999 -999 -999 -999 -999 -999
cuts_long_ml_r45 0 0.014 0.031 0.021 0.081 0.041 0.017 0.065 0.032 NA 0 0.08 0.092 0.099 0.158 0.129 0.164 0.156 0.351 NA 0.122 0.103 0.11 0.167 NA NA NA NA NA NA
cuts_wide_bayes_r45 0 0.015 0.031 0.02 0.08 0.042 0.017 0.065 0.032 NA 0 0.087 0.099 0.105 0.161 0.13 0.17 0.159 0.382 NA 0.137 0.114 0.121 0.187 NA NA NA NA NA NA
cuts_long_bayes_r45 0 0.014 0.031 0.02 0.081 0.041 0.017 0.065 0.032 NA 0 0.087 0.1 0.107 0.163 0.133 0.171 0.164 0.38 NA 0.135 0.115 0.12 0.185 NA NA NA NA NA NA
tso_wide_ml_r45 -999 -999 -999 -999 -999 -999 -999 -999 -999 -999 -999 -999 -999 -999 -999 -999 -999 -999 -999 -999 -999 -999 -999 -999 -999 -999 -999 -999 -999 -999
tso_wide_bayes_r45 0 0.014 0.031 0.021 0.081 0.041 0.017 0.065 0.031 0.022 NA NA NA NA 0.157 0.128 0.162 0.161 NA NA 0.418 0.283 0.452 0.42 0.293 0.395 0.314 0.35 0.282 0.378
tso_long_bayes_r45 0 0.014 0.031 0.02 0.081 0.042 0.017 0.065 0.032 0.022 NA NA NA NA 0.154 0.123 0.166 0.136 NA NA 0.424 0.284 0.461 0.413 0.297 0.403 0.318 0.352 0.282 0.378
msst_wide_ml_r46 -999 -999 -999 -999 -999 -999 -999 -999 -999 -999 -999 -999 -999 -999 -999 -999 -999 -999 -999 -999 -999 -999 -999 -999 -999 -999 -999 -999 -999 -999
msst_long_ml_r46 0 0.012 0.031 0.021 0.138 0.065 0.022 0.093 0.051 NA 0 0.068 0.049 0.045 0 0.146 0.107 0.097 0.145 0.099 NA NA NA NA NA NA NA NA NA NA
msst_wide_bayes_r46 0 0.012 0.03 0.021 0.138 0.065 0.022 0.094 0.052 NA 0 0.069 0.05 0.045 0 0.149 0.109 0.099 0.154 0.101 NA NA NA NA NA NA NA NA NA NA
msst_long_bayes_r46 0 0.012 0.031 0.021 0.138 0.065 0.022 0.093 0.05 NA 0 0.067 0.051 0.045 0 0.144 0.109 0.099 0.162 0.103 NA NA NA NA NA NA NA NA NA NA
cuts_wide_ml_r46 -999 -999 -999 -999 -999 -999 -999 -999 -999 -999 -999 -999 -999 -999 -999 -999 -999 -999 -999 -999 -999 -999 -999 -999 -999 -999 -999 -999 -999 -999
cuts_long_ml_r46 0 0.014 0.03 0.02 0.084 0.042 0.016 0.066 0.03 NA 0 0.08 0.087 0.083 0.153 0.134 0.177 0.155 0.331 NA 0.094 0.114 0.119 0.116 NA NA NA NA NA NA
cuts_wide_bayes_r46 0 0.014 0.03 0.02 0.083 0.043 0.016 0.066 0.03 NA 0 0.084 0.092 0.086 0.152 0.136 0.18 0.156 0.356 NA 0.105 0.129 0.134 0.131 NA NA NA NA NA NA
cuts_long_bayes_r46 0 0.014 0.03 0.02 0.084 0.043 0.016 0.067 0.03 NA 0 0.085 0.094 0.09 0.155 0.138 0.18 0.158 0.358 NA 0.106 0.128 0.132 0.13 NA NA NA NA NA NA
tso_wide_ml_r46 -999 -999 -999 -999 -999 -999 -999 -999 -999 -999 -999 -999 -999 -999 -999 -999 -999 -999 -999 -999 -999 -999 -999 -999 -999 -999 -999 -999 -999 -999
tso_wide_bayes_r46 0 0.014 0.03 0.02 0.084 0.042 0.016 0.067 0.03 0.023 NA NA NA NA 0.155 0.14 0.179 0.155 NA NA 0.4 0.306 0.534 0.41 0.297 0.425 0.355 0.363 0.304 0.418
tso_long_bayes_r46 0 0.014 0.03 0.02 0.084 0.043 0.016 0.066 0.031 0.023 NA NA NA NA 0.17 0.149 0.2 0.182 NA NA 0.4 0.31 0.54 0.411 0.298 0.427 0.357 0.363 0.306 0.421
msst_wide_ml_r47 0 0.013 0.029 0.021 0.129 0.065 0.019 0.089 0.052 NA 0 0.315 0.117 0.116 0 0.684 0.255 0.251 0.047 0.059 NA NA NA NA NA NA NA NA NA NA
msst_long_ml_r47 0 0.013 0.029 0.021 0.129 0.065 0.019 0.089 0.052 NA 0 0.315 0.117 0.116 0 0.683 0.255 0.251 0.047 0.059 NA NA NA NA NA NA NA NA NA NA
msst_wide_bayes_r47 0 0.013 0.03 0.021 0.13 0.065 0.019 0.09 0.053 NA 0 0.347 0.126 0.125 0 0.75 0.274 0.271 0.048 0.059 NA NA NA NA NA NA NA NA NA NA
msst_long_bayes_r47 0 0.013 0.029 0.021 0.129 0.065 0.019 0.088 0.052 NA 0 0.327 0.119 0.121 0 0.694 0.252 0.255 0.052 0.059 NA NA NA NA NA NA NA NA NA NA
cuts_wide_ml_r47 0 0.014 0.029 0.02 0.086 0.044 0.017 0.064 0.031 NA 0 0.133 0.136 0.117 0.133 0.143 0.16 0.132 0.242 NA 0.105 0.184 0.134 0.127 NA NA NA NA NA NA
cuts_long_ml_r47 0 0.014 0.029 0.02 0.086 0.044 0.017 0.064 0.031 NA 0 0.133 0.136 0.117 0.133 0.143 0.16 0.132 0.242 NA 0.105 0.184 0.134 0.127 NA NA NA NA NA NA
cuts_wide_bayes_r47 0 0.014 0.03 0.02 0.086 0.044 0.017 0.064 0.031 NA 0 0.143 0.152 0.128 0.133 0.151 0.16 0.131 0.268 NA 0.115 0.202 0.139 0.139 NA NA NA NA NA NA
cuts_long_bayes_r47 0 0.014 0.029 0.02 0.086 0.044 0.017 0.064 0.031 NA 0 0.144 0.15 0.127 0.135 0.148 0.163 0.136 0.267 NA 0.115 0.204 0.141 0.139 NA NA NA NA NA NA
tso_wide_ml_r47 0 0.014 0.029 0.02 0.086 0.044 0.017 0.064 0.031 0.022 NA NA NA NA 0.133 0.143 0.16 0.132 NA NA 0.25 0.29 0.363 0.246 0.214 0.27 0.268 0.203 0.217 0.258
tso_wide_bayes_r47 0 0.014 0.03 0.02 0.086 0.043 0.017 0.065 0.031 0.022 NA NA NA NA 0.139 0.152 0.167 0.136 NA NA 0.302 0.352 0.437 0.297 0.256 0.324 0.322 0.245 0.262 0.311
tso_long_bayes_r47 0 0.014 0.029 0.02 0.086 0.044 0.017 0.065 0.031 0.022 NA NA NA NA 0.135 0.142 0.163 0.132 NA NA 0.301 0.353 0.438 0.296 0.257 0.324 0.324 0.243 0.262 0.31
msst_wide_ml_r48 0 0.013 0.032 0.024 0.129 0.064 0.021 0.089 0.058 NA 0 0.083 0.055 0.052 0 0.169 0.115 0.108 0.113 0.087 NA NA NA NA NA NA NA NA NA NA
msst_long_ml_r48 0 0.013 0.032 0.024 0.129 0.064 0.021 0.089 0.057 NA 0 0.082 0.055 0.052 0 0.169 0.115 0.108 0.114 0.087 NA NA NA NA NA NA NA NA NA NA
msst_wide_bayes_r48 0 0.013 0.032 0.024 0.129 0.065 0.021 0.089 0.058 NA 0 0.085 0.056 0.054 0 0.173 0.115 0.11 0.12 0.089 NA NA NA NA NA NA NA NA NA NA
msst_long_bayes_r48 0 0.013 0.032 0.024 0.127 0.063 0.021 0.089 0.057 NA 0 0.071 0.053 0.05 0 0.148 0.112 0.104 0.119 0.091 NA NA NA NA NA NA NA NA NA NA
cuts_wide_ml_r48 0 0.013 0.03 0.02 0.082 0.041 0.016 0.066 0.032 NA 0 0.087 0.098 0.1 0.144 0.121 0.156 0.14 0.289 NA 0.103 0.104 0.099 0.133 NA NA NA NA NA NA
cuts_long_ml_r48 0 0.013 0.03 0.02 0.082 0.041 0.016 0.066 0.032 NA 0 0.087 0.098 0.1 0.144 0.121 0.156 0.14 0.289 NA 0.103 0.104 0.099 0.133 NA NA NA NA NA NA
cuts_wide_bayes_r48 0 0.013 0.03 0.02 0.082 0.041 0.017 0.067 0.032 NA 0 0.089 0.103 0.106 0.145 0.124 0.159 0.145 0.316 NA 0.111 0.113 0.1 0.15 NA NA NA NA NA NA
cuts_long_bayes_r48 0 0.013 0.031 0.021 0.082 0.042 0.016 0.066 0.032 NA 0 0.092 0.104 0.106 0.149 0.125 0.161 0.146 0.314 NA 0.111 0.114 0.1 0.147 NA NA NA NA NA NA
tso_wide_ml_r48 0 0.013 0.03 0.02 0.082 0.041 0.016 0.066 0.032 0.023 NA NA NA NA 0.144 0.121 0.156 0.14 NA NA 0.293 0.207 0.343 0.278 0.206 0.29 0.231 0.239 0.196 0.27
tso_wide_bayes_r48 0 0.014 0.03 0.02 0.082 0.041 0.017 0.065 0.032 0.023 NA NA NA NA 0.149 0.122 0.161 0.145 NA NA 0.356 0.249 0.417 0.336 0.248 0.352 0.279 0.29 0.238 0.327
tso_long_bayes_r48 0 0.013 0.03 0.02 0.082 0.041 0.016 0.066 0.032 0.022 NA NA NA NA 0.159 0.14 0.182 0.163 NA NA 0.354 0.251 0.418 0.336 0.249 0.351 0.28 0.289 0.237 0.326
msst_wide_ml_r49 -999 -999 -999 -999 -999 -999 -999 -999 -999 -999 -999 -999 -999 -999 -999 -999 -999 -999 -999 -999 -999 -999 -999 -999 -999 -999 -999 -999 -999 -999
msst_long_ml_r49 0 0.013 0.028 0.021 0.131 0.061 0.02 0.087 0.052 NA 0 0.159 0.075 0.065 0 0.319 0.15 0.13 0.075 0.071 NA NA NA NA NA NA NA NA NA NA
msst_wide_bayes_r49 0 0.013 0.028 0.021 0.132 0.061 0.02 0.087 0.052 NA 0 0.167 0.077 0.066 0 0.334 0.154 0.134 0.08 0.071 NA NA NA NA NA NA NA NA NA NA
msst_long_bayes_r49 0 0.013 0.028 0.021 0.129 0.06 0.02 0.087 0.051 NA 0 0.145 0.075 0.064 0 0.288 0.151 0.129 0.082 0.072 NA NA NA NA NA NA NA NA NA NA
cuts_wide_ml_r49 -999 -999 -999 -999 -999 -999 -999 -999 -999 -999 -999 -999 -999 -999 -999 -999 -999 -999 -999 -999 -999 -999 -999 -999 -999 -999 -999 -999 -999 -999
cuts_long_ml_r49 0 0.014 0.03 0.019 0.083 0.041 0.017 0.069 0.03 NA 0 0.097 0.097 0.094 0.14 0.13 0.157 0.139 0.275 NA 0.093 0.135 0.097 0.109 NA NA NA NA NA NA
cuts_wide_bayes_r49 0 0.014 0.03 0.019 0.083 0.041 0.017 0.069 0.03 NA 0 0.101 0.102 0.102 0.134 0.129 0.151 0.133 0.299 NA 0.102 0.151 0.102 0.12 NA NA NA NA NA NA
cuts_long_bayes_r49 0 0.014 0.03 0.019 0.084 0.041 0.017 0.069 0.03 NA 0 0.104 0.103 0.1 0.144 0.134 0.164 0.145 0.302 NA 0.102 0.151 0.101 0.122 NA NA NA NA NA NA
tso_wide_ml_r49 -999 -999 -999 -999 -999 -999 -999 -999 -999 -999 -999 -999 -999 -999 -999 -999 -999 -999 -999 -999 -999 -999 -999 -999 -999 -999 -999 -999 -999 -999
tso_wide_bayes_r49 0 0.014 0.029 0.019 0.082 0.041 0.017 0.07 0.03 0.022 NA NA NA NA 0.152 0.144 0.171 0.149 NA NA 0.331 0.286 0.418 0.33 0.25 0.339 0.29 0.285 0.248 0.331
tso_long_bayes_r49 0 0.014 0.03 0.019 0.083 0.041 0.017 0.069 0.03 0.022 NA NA NA NA 0.127 0.12 0.136 0.121 NA NA 0.329 0.286 0.417 0.326 0.251 0.337 0.291 0.282 0.247 0.329
msst_wide_ml_r50 -999 -999 -999 -999 -999 -999 -999 -999 -999 -999 -999 -999 -999 -999 -999 -999 -999 -999 -999 -999 -999 -999 -999 -999 -999 -999 -999 -999 -999 -999
msst_long_ml_r50 0 0.013 0.029 0.023 0.112 0.053 0.019 0.085 0.06 NA 0 0.156 0.069 0.063 0 0.343 0.153 0.138 0.067 0.069 NA NA NA NA NA NA NA NA NA NA
msst_wide_bayes_r50 0 0.014 0.029 0.023 0.113 0.053 0.019 0.085 0.061 NA 0 0.163 0.071 0.064 0 0.36 0.157 0.142 0.071 0.07 NA NA NA NA NA NA NA NA NA NA
msst_long_bayes_r50 0 0.014 0.029 0.022 0.112 0.053 0.019 0.085 0.06 NA 0 0.141 0.071 0.063 0 0.319 0.156 0.137 0.067 0.069 NA NA NA NA NA NA NA NA NA NA
cuts_wide_ml_r50 -999 -999 -999 -999 -999 -999 -999 -999 -999 -999 -999 -999 -999 -999 -999 -999 -999 -999 -999 -999 -999 -999 -999 -999 -999 -999 -999 -999 -999 -999
cuts_long_ml_r50 0 0.014 0.03 0.02 0.082 0.041 0.017 0.065 0.031 NA 0 0.12 0.103 0.115 0.121 0.145 0.15 0.145 0.21 NA 0.069 0.165 0.105 0.153 NA NA NA NA NA NA
cuts_wide_bayes_r50 0 0.014 0.03 0.02 0.082 0.041 0.017 0.065 0.031 NA 0 0.128 0.114 0.124 0.13 0.157 0.162 0.156 0.226 NA 0.079 0.181 0.116 0.171 NA NA NA NA NA NA
cuts_long_bayes_r50 0 0.014 0.031 0.02 0.082 0.041 0.017 0.065 0.031 NA 0 0.127 0.111 0.123 0.123 0.149 0.152 0.149 0.226 NA 0.077 0.184 0.115 0.171 NA NA NA NA NA NA
tso_wide_ml_r50 -999 -999 -999 -999 -999 -999 -999 -999 -999 -999 -999 -999 -999 -999 -999 -999 -999 -999 -999 -999 -999 -999 -999 -999 -999 -999 -999 -999 -999 -999
tso_wide_bayes_r50 0 0.014 0.031 0.02 0.083 0.04 0.017 0.065 0.031 0.022 NA NA NA NA 0.128 0.153 0.16 0.157 NA NA 0.248 0.36 0.383 0.362 0.25 0.282 0.312 0.255 0.285 0.316
tso_long_bayes_r50 0 0.014 0.031 0.02 0.082 0.04 0.017 0.065 0.03 0.022 NA NA NA NA 0.108 0.132 0.127 0.131 NA NA 0.249 0.358 0.38 0.36 0.251 0.282 0.311 0.255 0.286 0.313
