w_loading1 w_loading2 w_loading3 w_loading4 common_state_var unique_state_error_var1 unique_state_error_var2 unique_state_error_var3 unique_state_error_var4 ar_effect b_loading1 b_loading2 b_loading3 b_loading4 intercept1 intercept2 intercept3 intercept4 common_trait_var trait_mean unique_indicator_trait_var1 unique_indicator_trait_var2 unique_indicator_trait_var3 unique_indicator_trait_var4 cov12 cov13 cov23 cov14 cov24 cov34
msst_wide_ml_r1 -999 -999 -999 -999 -999 -999 -999 -999 -999 -999 -999 -999 -999 -999 -999 -999 -999 -999 -999 -999 -999 -999 -999 -999 -999 -999 -999 -999 -999 -999
msst_long_ml_r1 0 0.013 0.029 0.019 0.088 0.042 0.015 0.067 0.03 NA 0 0.016 0.024 0.018 0 0.069 0.103 0.076 0.303 0.146 NA NA NA NA NA NA NA NA NA NA
msst_wide_bayes_r1 0 0.013 0.029 0.019 0.087 0.042 0.015 0.068 0.03 NA 0 0.016 0.024 0.018 0 0.069 0.103 0.076 0.332 0.149 NA NA NA NA NA NA NA NA NA NA
msst_long_bayes_r1 0 0.013 0.029 0.019 0.088 0.042 0.015 0.067 0.03 NA 0 0.017 0.025 0.019 0 0.071 0.104 0.078 0.329 0.151 NA NA NA NA NA NA NA NA NA NA
cuts_wide_ml_r1 -999 -999 -999 -999 -999 -999 -999 -999 -999 -999 -999 -999 -999 -999 -999 -999 -999 -999 -999 -999 -999 -999 -999 -999 -999 -999 -999 -999 -999 -999
cuts_long_ml_r1 0 0.013 0.029 0.019 0.087 0.042 0.015 0.068 0.03 NA 0 0.017 0.025 0.019 0.146 0.118 0.175 0.132 0.303 NA 0.009 0.005 0.014 0.007 NA NA NA NA NA NA
cuts_wide_bayes_r1 0 0.013 0.029 0.019 0.088 0.043 0.015 0.067 0.03 NA 0 0.018 0.027 0.02 0.152 0.122 0.182 0.137 0.327 NA 0.008 0.004 0.01 0.006 NA NA NA NA NA NA
cuts_long_bayes_r1 0 0.013 0.029 0.019 0.087 0.042 0.015 0.067 0.03 NA 0 0.018 0.027 0.02 0.137 0.11 0.163 0.122 0.329 NA 0.008 0.004 0.01 0.006 NA NA NA NA NA NA
tso_wide_ml_r1 -999 -999 -999 -999 -999 -999 -999 -999 -999 -999 -999 -999 -999 -999 -999 -999 -999 -999 -999 -999 -999 -999 -999 -999 -999 -999 -999 -999 -999 -999
tso_wide_bayes_r1 0 0.013 0.029 0.019 0.087 0.042 0.015 0.066 0.03 0.023 NA NA NA NA 0.149 0.119 0.178 0.133 NA NA 0.369 0.236 0.524 0.296 0.292 0.435 0.348 0.327 0.262 0.389
tso_long_bayes_r1 0 0.013 0.029 0.019 0.087 0.042 0.015 0.068 0.03 0.022 NA NA NA NA 0.129 0.104 0.155 0.116 NA NA 0.361 0.232 0.513 0.289 0.286 0.425 0.341 0.32 0.256 0.381
msst_wide_ml_r2 -999 -999 -999 -999 -999 -999 -999 -999 -999 -999 -999 -999 -999 -999 -999 -999 -999 -999 -999 -999 -999 -999 -999 -999 -999 -999 -999 -999 -999 -999
msst_long_ml_r2 0 0.014 0.03 0.019 0.083 0.041 0.018 0.068 0.031 NA 0 0.017 0.026 0.019 0 0.069 0.107 0.077 0.269 0.138 NA NA NA NA NA NA NA NA NA NA
msst_wide_bayes_r2 0 0.014 0.03 0.019 0.082 0.042 0.018 0.069 0.03 NA 0 0.017 0.026 0.019 0 0.069 0.108 0.078 0.289 0.143 NA NA NA NA NA NA NA NA NA NA
msst_long_bayes_r2 0 0.014 0.03 0.019 0.083 0.041 0.018 0.069 0.031 NA 0 0.017 0.025 0.019 0 0.071 0.106 0.079 0.29 0.141 NA NA NA NA NA NA NA NA NA NA
cuts_wide_ml_r2 -999 -999 -999 -999 -999 -999 -999 -999 -999 -999 -999 -999 -999 -999 -999 -999 -999 -999 -999 -999 -999 -999 -999 -999 -999 -999 -999 -999 -999 -999
cuts_long_ml_r2 -999 -999 -999 -999 -999 -999 -999 -999 -999 -999 -999 -999 -999 -999 -999 -999 -999 -999 -999 -999 -999 -999 -999 -999 -999 -999 -999 -999 -999 -999
cuts_wide_bayes_r2 0 0.014 0.03 0.019 0.082 0.041 0.018 0.069 0.03 NA 0 0.018 0.028 0.02 0.143 0.11 0.171 0.122 0.293 NA 0.007 0.002 0.011 0.005 NA NA NA NA NA NA
cuts_long_bayes_r2 0 0.014 0.03 0.02 0.084 0.042 0.018 0.069 0.031 NA 0 0.018 0.029 0.02 0.142 0.109 0.172 0.121 0.293 NA 0.006 0.002 0.01 0.005 NA NA NA NA NA NA
tso_wide_ml_r2 -999 -999 -999 -999 -999 -999 -999 -999 -999 -999 -999 -999 -999 -999 -999 -999 -999 -999 -999 -999 -999 -999 -999 -999 -999 -999 -999 -999 -999 -999
tso_wide_bayes_r2 0 0.014 0.03 0.019 0.083 0.041 0.018 0.068 0.031 0.023 NA NA NA NA 0.142 0.109 0.171 0.121 NA NA 0.325 0.193 0.471 0.236 0.247 0.387 0.297 0.274 0.211 0.329
tso_long_bayes_r2 0 0.014 0.03 0.019 0.084 0.041 0.018 0.069 0.031 0.022 NA NA NA NA 0.138 0.106 0.164 0.118 NA NA 0.325 0.192 0.469 0.235 0.247 0.386 0.296 0.273 0.21 0.328
msst_wide_ml_r3 -999 -999 -999 -999 -999 -999 -999 -999 -999 -999 -999 -999 -999 -999 -999 -999 -999 -999 -999 -999 -999 -999 -999 -999 -999 -999 -999 -999 -999 -999
msst_long_ml_r3 0 0.013 0.03 0.019 0.084 0.041 0.017 0.069 0.03 NA 0 0.018 0.028 0.021 0 0.078 0.122 0.09 0.223 0.126 NA NA NA NA NA NA NA NA NA NA
msst_wide_bayes_r3 0 0.014 0.03 0.019 0.084 0.041 0.017 0.07 0.03 NA 0 0.018 0.029 0.021 0 0.078 0.123 0.091 0.244 0.128 NA NA NA NA NA NA NA NA NA NA
msst_long_bayes_r3 0 0.014 0.03 0.019 0.084 0.041 0.017 0.07 0.03 NA 0 0.019 0.029 0.022 0 0.082 0.126 0.096 0.24 0.129 NA NA NA NA NA NA NA NA NA NA
cuts_wide_ml_r3 -999 -999 -999 -999 -999 -999 -999 -999 -999 -999 -999 -999 -999 -999 -999 -999 -999 -999 -999 -999 -999 -999 -999 -999 -999 -999 -999 -999 -999 -999
cuts_long_ml_r3 0 0.014 0.03 0.019 0.084 0.041 0.017 0.07 0.03 NA 0 0.019 0.029 0.021 0.126 0.097 0.151 0.115 0.223 NA 0.011 0.005 0.014 0.007 NA NA NA NA NA NA
cuts_wide_bayes_r3 0 0.014 0.03 0.019 0.083 0.041 0.017 0.069 0.03 NA 0 0.019 0.031 0.022 0.129 0.099 0.155 0.118 0.24 NA 0.003 0.003 0.009 0.005 NA NA NA NA NA NA
cuts_long_bayes_r3 0 0.014 0.03 0.019 0.083 0.041 0.017 0.071 0.03 NA 0 0.019 0.03 0.023 0.126 0.097 0.153 0.116 0.247 NA 0.003 0.003 0.009 0.005 NA NA NA NA NA NA
tso_wide_ml_r3 -999 -999 -999 -999 -999 -999 -999 -999 -999 -999 -999 -999 -999 -999 -999 -999 -999 -999 -999 -999 -999 -999 -999 -999 -999 -999 -999 -999 -999 -999
tso_wide_bayes_r3 0 0.014 0.03 0.019 0.084 0.041 0.017 0.07 0.03 0.022 NA NA NA NA 0.133 0.103 0.16 0.122 NA NA 0.267 0.159 0.387 0.223 0.204 0.318 0.244 0.241 0.186 0.289
tso_long_bayes_r3 0 0.014 0.03 0.019 0.084 0.041 0.017 0.07 0.03 0.022 NA NA NA NA 0.122 0.093 0.145 0.111 NA NA 0.268 0.158 0.386 0.223 0.203 0.317 0.243 0.241 0.185 0.288
msst_wide_ml_r4 -999 -999 -999 -999 -999 -999 -999 -999 -999 -999 -999 -999 -999 -999 -999 -999 -999 -999 -999 -999 -999 -999 -999 -999 -999 -999 -999 -999 -999 -999
msst_long_ml_r4 0 0.014 0.031 0.02 0.083 0.041 0.017 0.068 0.031 NA 0 0.017 0.025 0.019 0 0.07 0.106 0.078 0.282 0.141 NA NA NA NA NA NA NA NA NA NA
msst_wide_bayes_r4 0 0.014 0.031 0.02 0.083 0.041 0.017 0.069 0.031 NA 0 0.017 0.025 0.019 0 0.07 0.106 0.078 0.305 0.146 NA NA NA NA NA NA NA NA NA NA
msst_long_bayes_r4 0 0.014 0.031 0.02 0.084 0.041 0.017 0.068 0.031 NA 0 0.017 0.025 0.019 0 0.07 0.104 0.079 0.304 0.145 NA NA NA NA NA NA NA NA NA NA
cuts_wide_ml_r4 -999 -999 -999 -999 -999 -999 -999 -999 -999 -999 -999 -999 -999 -999 -999 -999 -999 -999 -999 -999 -999 -999 -999 -999 -999 -999 -999 -999 -999 -999
cuts_long_ml_r4 0 0.014 0.031 0.02 0.083 0.041 0.017 0.069 0.031 NA 0 0.017 0.026 0.019 0.141 0.114 0.172 0.128 0.281 NA 0.008 0.006 0.018 0.007 NA NA NA NA NA NA
cuts_wide_bayes_r4 0 0.014 0.031 0.019 0.083 0.041 0.016 0.069 0.031 NA 0 0.018 0.028 0.02 0.149 0.121 0.182 0.135 0.308 NA 0.006 0.003 0.006 0.004 NA NA NA NA NA NA
cuts_long_bayes_r4 0 0.014 0.031 0.02 0.083 0.041 0.017 0.069 0.031 NA 0 0.018 0.027 0.02 0.152 0.123 0.185 0.138 0.307 NA 0.006 0.003 0.006 0.004 NA NA NA NA NA NA
tso_wide_ml_r4 -999 -999 -999 -999 -999 -999 -999 -999 -999 -999 -999 -999 -999 -999 -999 -999 -999 -999 -999 -999 -999 -999 -999 -999 -999 -999 -999 -999 -999 -999
tso_wide_bayes_r4 0 0.014 0.031 0.02 0.082 0.04 0.016 0.069 0.031 0.023 NA NA NA NA 0.147 0.119 0.18 0.133 NA NA 0.334 0.219 0.5 0.275 0.268 0.404 0.328 0.3 0.243 0.367
tso_long_bayes_r4 0 0.014 0.031 0.02 0.082 0.041 0.017 0.069 0.031 0.023 NA NA NA NA 0.145 0.117 0.175 0.132 NA NA 0.338 0.222 0.505 0.277 0.271 0.409 0.331 0.303 0.246 0.37
msst_wide_ml_r5 0 0.014 0.031 0.02 0.084 0.043 0.017 0.069 0.031 NA 0 0.016 0.024 0.018 0 0.063 0.094 0.071 0.313 0.149 NA NA NA NA NA NA NA NA NA NA
msst_long_ml_r5 0 0.014 0.031 0.02 0.084 0.043 0.017 0.069 0.031 NA 0 0.016 0.024 0.018 0 0.064 0.094 0.071 0.312 0.149 NA NA NA NA NA NA NA NA NA NA
msst_wide_bayes_r5 0 0.014 0.032 0.02 0.084 0.043 0.017 0.069 0.031 NA 0 0.016 0.023 0.018 0 0.063 0.094 0.071 0.341 0.154 NA NA NA NA NA NA NA NA NA NA
msst_long_bayes_r5 0 0.014 0.032 0.02 0.085 0.043 0.017 0.069 0.031 NA 0 0.017 0.025 0.019 0 0.067 0.1 0.076 0.335 0.152 NA NA NA NA NA NA NA NA NA NA
cuts_wide_ml_r5 -999 -999 -999 -999 -999 -999 -999 -999 -999 -999 -999 -999 -999 -999 -999 -999 -999 -999 -999 -999 -999 -999 -999 -999 -999 -999 -999 -999 -999 -999
cuts_long_ml_r5 0 0.014 0.031 0.02 0.084 0.043 0.017 0.07 0.031 NA 0 0.016 0.024 0.018 0.149 0.119 0.179 0.136 0.313 NA 0.01 0.006 0.013 0.008 NA NA NA NA NA NA
cuts_wide_bayes_r5 0 0.014 0.031 0.02 0.083 0.043 0.017 0.07 0.031 NA 0 0.017 0.026 0.019 0.151 0.12 0.182 0.138 0.339 NA 0.004 0.004 0.011 0.003 NA NA NA NA NA NA
cuts_long_bayes_r5 0 0.014 0.031 0.02 0.083 0.042 0.017 0.07 0.031 NA 0 0.017 0.026 0.019 0.128 0.103 0.155 0.117 0.334 NA 0.004 0.004 0.011 0.003 NA NA NA NA NA NA
tso_wide_ml_r5 -999 -999 -999 -999 -999 -999 -999 -999 -999 -999 -999 -999 -999 -999 -999 -999 -999 -999 -999 -999 -999 -999 -999 -999 -999 -999 -999 -999 -999 -999
tso_wide_bayes_r5 0 0.014 0.031 0.02 0.084 0.043 0.017 0.069 0.031 0.023 NA NA NA NA 0.144 0.114 0.173 0.131 NA NA 0.375 0.238 0.544 0.313 0.296 0.447 0.356 0.34 0.271 0.408
tso_long_bayes_r5 0 0.014 0.032 0.02 0.084 0.043 0.017 0.07 0.031 0.022 NA NA NA NA 0.106 0.085 0.129 0.097 NA NA 0.373 0.238 0.546 0.312 0.295 0.446 0.357 0.338 0.27 0.409
msst_wide_ml_r6 -999 -999 -999 -999 -999 -999 -999 -999 -999 -999 -999 -999 -999 -999 -999 -999 -999 -999 -999 -999 -999 -999 -999 -999 -999 -999 -999 -999 -999 -999
msst_long_ml_r6 0 0.014 0.031 0.02 0.08 0.04 0.017 0.066 0.03 NA 0 0.016 0.025 0.019 0 0.066 0.103 0.077 0.282 0.141 NA NA NA NA NA NA NA NA NA NA
msst_wide_bayes_r6 0 0.014 0.031 0.02 0.08 0.04 0.017 0.067 0.03 NA 0 0.016 0.025 0.019 0 0.066 0.103 0.077 0.307 0.146 NA NA NA NA NA NA NA NA NA NA
msst_long_bayes_r6 0 0.014 0.031 0.02 0.079 0.04 0.017 0.066 0.03 NA 0 0.017 0.026 0.02 0 0.07 0.107 0.082 0.307 0.145 NA NA NA NA NA NA NA NA NA NA
cuts_wide_ml_r6 -999 -999 -999 -999 -999 -999 -999 -999 -999 -999 -999 -999 -999 -999 -999 -999 -999 -999 -999 -999 -999 -999 -999 -999 -999 -999 -999 -999 -999 -999
cuts_long_ml_r6 0 0.014 0.031 0.02 0.08 0.04 0.017 0.067 0.03 NA 0 0.017 0.027 0.02 0.141 0.11 0.17 0.13 0.282 NA 0.009 0.006 0.014 0.007 NA NA NA NA NA NA
cuts_wide_bayes_r6 0 0.014 0.031 0.02 0.08 0.041 0.017 0.067 0.03 NA 0 0.018 0.028 0.021 0.15 0.117 0.18 0.138 0.311 NA 0.009 0.003 0.012 0.004 NA NA NA NA NA NA
cuts_long_bayes_r6 0 0.014 0.031 0.02 0.08 0.04 0.017 0.066 0.03 NA 0 0.018 0.028 0.021 0.136 0.106 0.163 0.125 0.309 NA 0.009 0.003 0.012 0.004 NA NA NA NA NA NA
tso_wide_ml_r6 -999 -999 -999 -999 -999 -999 -999 -999 -999 -999 -999 -999 -999 -999 -999 -999 -999 -999 -999 -999 -999 -999 -999 -999 -999 -999 -999 -999 -999 -999
tso_wide_bayes_r6 0 0.014 0.03 0.02 0.079 0.04 0.016 0.066 0.03 0.022 NA NA NA NA 0.151 0.117 0.181 0.139 NA NA 0.339 0.205 0.491 0.29 0.261 0.403 0.313 0.31 0.241 0.373
tso_long_bayes_r6 0 0.014 0.031 0.02 0.08 0.04 0.017 0.066 0.03 0.022 NA NA NA NA 0.141 0.109 0.168 0.13 NA NA 0.342 0.206 0.493 0.29 0.262 0.405 0.315 0.311 0.242 0.374
msst_wide_ml_r7 -999 -999 -999 -999 -999 -999 -999 -999 -999 -999 -999 -999 -999 -999 -999 -999 -999 -999 -999 -999 -999 -999 -999 -999 -999 -999 -999 -999 -999 -999
msst_long_ml_r7 0 0.014 0.031 0.02 0.082 0.041 0.017 0.064 0.03 NA 0 0.015 0.023 0.017 0 0.067 0.101 0.075 0.315 0.15 NA NA NA NA NA NA NA NA NA NA
msst_wide_bayes_r7 0 0.014 0.03 0.02 0.083 0.041 0.017 0.065 0.03 NA 0 0.015 0.023 0.017 0 0.066 0.1 0.075 0.344 0.152 NA NA NA NA NA NA NA NA NA NA
msst_long_bayes_r7 0 0.014 0.03 0.02 0.082 0.042 0.017 0.065 0.03 NA 0 0.016 0.024 0.018 0 0.071 0.102 0.08 0.342 0.153 NA NA NA NA NA NA NA NA NA NA
cuts_wide_ml_r7 -999 -999 -999 -999 -999 -999 -999 -999 -999 -999 -999 -999 -999 -999 -999 -999 -999 -999 -999 -999 -999 -999 -999 -999 -999 -999 -999 -999 -999 -999
cuts_long_ml_r7 0 0.014 0.03 0.02 0.082 0.042 0.017 0.065 0.031 NA 0 0.016 0.024 0.018 0.15 0.117 0.176 0.131 0.317 NA 0.009 0.007 0.016 0.007 NA NA NA NA NA NA
cuts_wide_bayes_r7 0 0.014 0.03 0.02 0.083 0.042 0.017 0.065 0.031 NA 0 0.017 0.026 0.019 0.16 0.126 0.189 0.141 0.343 NA 0.008 0.002 0.007 0.005 NA NA NA NA NA NA
cuts_long_bayes_r7 0 0.014 0.031 0.02 0.082 0.041 0.017 0.065 0.03 NA 0 0.016 0.025 0.019 0.139 0.109 0.164 0.122 0.343 NA 0.008 0.002 0.006 0.005 NA NA NA NA NA NA
tso_wide_ml_r7 -999 -999 -999 -999 -999 -999 -999 -999 -999 -999 -999 -999 -999 -999 -999 -999 -999 -999 -999 -999 -999 -999 -999 -999 -999 -999 -999 -999 -999 -999
tso_wide_bayes_r7 0 0.014 0.03 0.02 0.082 0.041 0.017 0.064 0.031 0.022 NA NA NA NA 0.162 0.128 0.191 0.142 NA NA 0.382 0.235 0.529 0.292 0.297 0.445 0.349 0.33 0.26 0.389
tso_long_bayes_r7 0 0.014 0.03 0.02 0.082 0.042 0.017 0.065 0.03 0.023 NA NA NA NA 0.124 0.098 0.147 0.109 NA NA 0.378 0.232 0.524 0.289 0.293 0.441 0.345 0.327 0.256 0.385
msst_wide_ml_r8 -999 -999 -999 -999 -999 -999 -999 -999 -999 -999 -999 -999 -999 -999 -999 -999 -999 -999 -999 -999 -999 -999 -999 -999 -999 -999 -999 -999 -999 -999
msst_long_ml_r8 0 0.014 0.03 0.019 0.081 0.04 0.017 0.063 0.029 NA 0 0.016 0.024 0.018 0 0.07 0.103 0.076 0.296 0.145 NA NA NA NA NA NA NA NA NA NA
msst_wide_bayes_r8 0 0.014 0.03 0.019 0.081 0.041 0.017 0.063 0.029 NA 0 0.016 0.024 0.018 0 0.071 0.103 0.077 0.323 0.149 NA NA NA NA NA NA NA NA NA NA
msst_long_bayes_r8 0 0.014 0.03 0.019 0.082 0.041 0.017 0.063 0.029 NA 0 0.018 0.025 0.019 0 0.076 0.108 0.084 0.324 0.146 NA NA NA NA NA NA NA NA NA NA
cuts_wide_ml_r8 -999 -999 -999 -999 -999 -999 -999 -999 -999 -999 -999 -999 -999 -999 -999 -999 -999 -999 -999 -999 -999 -999 -999 -999 -999 -999 -999 -999 -999 -999
cuts_long_ml_r8 -999 -999 -999 -999 -999 -999 -999 -999 -999 -999 -999 -999 -999 -999 -999 -999 -999 -999 -999 -999 -999 -999 -999 -999 -999 -999 -999 -999 -999 -999
cuts_wide_bayes_r8 0 0.014 0.03 0.019 0.079 0.041 0.017 0.064 0.028 NA 0 0.017 0.026 0.02 0.151 0.123 0.184 0.137 0.318 NA 0.004 0.004 0.011 0.006 NA NA NA NA NA NA
cuts_long_bayes_r8 0 0.014 0.03 0.02 0.081 0.041 0.017 0.064 0.029 NA 0 0.017 0.026 0.019 0.146 0.118 0.178 0.132 0.322 NA 0.004 0.004 0.011 0.006 NA NA NA NA NA NA
tso_wide_ml_r8 -999 -999 -999 -999 -999 -999 -999 -999 -999 -999 -999 -999 -999 -999 -999 -999 -999 -999 -999 -999 -999 -999 -999 -999 -999 -999 -999 -999 -999 -999
tso_wide_bayes_r8 0 0.014 0.03 0.019 0.081 0.04 0.017 0.064 0.029 0.023 NA NA NA NA 0.159 0.129 0.193 0.143 NA NA 0.356 0.234 0.528 0.292 0.286 0.429 0.348 0.319 0.259 0.388
tso_long_bayes_r8 0 0.014 0.03 0.019 0.081 0.04 0.017 0.064 0.029 0.022 NA NA NA NA 0.153 0.123 0.185 0.138 NA NA 0.36 0.235 0.532 0.293 0.288 0.433 0.35 0.322 0.26 0.39
msst_wide_ml_r9 -999 -999 -999 -999 -999 -999 -999 -999 -999 -999 -999 -999 -999 -999 -999 -999 -999 -999 -999 -999 -999 -999 -999 -999 -999 -999 -999 -999 -999 -999
msst_long_ml_r9 0 0.014 0.031 0.02 0.081 0.04 0.017 0.064 0.029 NA 0 0.016 0.024 0.018 0 0.068 0.101 0.076 0.297 0.145 NA NA NA NA NA NA NA NA NA NA
msst_wide_bayes_r9 0 0.014 0.031 0.02 0.08 0.04 0.017 0.064 0.029 NA 0 0.016 0.024 0.018 0 0.068 0.102 0.075 0.324 0.15 NA NA NA NA NA NA NA NA NA NA
msst_long_bayes_r9 0 0.014 0.031 0.02 0.081 0.041 0.017 0.064 0.03 NA 0 0.017 0.024 0.019 0 0.074 0.104 0.082 0.32 0.148 NA NA NA NA NA NA NA NA NA NA
cuts_wide_ml_r9 -999 -999 -999 -999 -999 -999 -999 -999 -999 -999 -999 -999 -999 -999 -999 -999 -999 -999 -999 -999 -999 -999 -999 -999 -999 -999 -999 -999 -999 -999
cuts_long_ml_r9 -999 -999 -999 -999 -999 -999 -999 -999 -999 -999 -999 -999 -999 -999 -999 -999 -999 -999 -999 -999 -999 -999 -999 -999 -999 -999 -999 -999 -999 -999
cuts_wide_bayes_r9 0 0.014 0.031 0.02 0.08 0.041 0.017 0.064 0.03 NA 0 0.018 0.027 0.02 0.146 0.117 0.176 0.132 0.324 NA 0.007 0.002 0.008 0.005 NA NA NA NA NA NA
cuts_long_bayes_r9 0 0.014 0.031 0.02 0.08 0.041 0.017 0.065 0.029 NA 0 0.018 0.027 0.02 0.137 0.109 0.166 0.124 0.326 NA 0.007 0.002 0.008 0.005 NA NA NA NA NA NA
tso_wide_ml_r9 -999 -999 -999 -999 -999 -999 -999 -999 -999 -999 -999 -999 -999 -999 -999 -999 -999 -999 -999 -999 -999 -999 -999 -999 -999 -999 -999 -999 -999 -999
tso_wide_bayes_r9 0 0.014 0.031 0.02 0.08 0.041 0.017 0.064 0.03 0.023 NA NA NA NA 0.14 0.112 0.169 0.127 NA NA 0.353 0.227 0.515 0.291 0.28 0.422 0.338 0.317 0.254 0.383
tso_long_bayes_r9 0 0.014 0.031 0.02 0.08 0.041 0.017 0.064 0.03 0.022 NA NA NA NA 0.123 0.099 0.149 0.112 NA NA 0.355 0.228 0.517 0.291 0.281 0.424 0.34 0.318 0.255 0.384
msst_wide_ml_r10 -999 -999 -999 -999 -999 -999 -999 -999 -999 -999 -999 -999 -999 -999 -999 -999 -999 -999 -999 -999 -999 -999 -999 -999 -999 -999 -999 -999 -999 -999
msst_long_ml_r10 0 0.014 0.03 0.02 0.081 0.041 0.017 0.06 0.029 NA 0 0.016 0.025 0.018 0 0.069 0.104 0.075 0.277 0.14 NA NA NA NA NA NA NA NA NA NA
msst_wide_bayes_r10 0 0.014 0.03 0.02 0.081 0.042 0.017 0.06 0.028 NA 0 0.017 0.025 0.018 0 0.07 0.105 0.075 0.3 0.142 NA NA NA NA NA NA NA NA NA NA
msst_long_bayes_r10 0 0.014 0.031 0.02 0.082 0.042 0.017 0.061 0.029 NA 0 0.017 0.025 0.018 0 0.07 0.104 0.077 0.304 0.144 NA NA NA NA NA NA NA NA NA NA
cuts_wide_ml_r10 -999 -999 -999 -999 -999 -999 -999 -999 -999 -999 -999 -999 -999 -999 -999 -999 -999 -999 -999 -999 -999 -999 -999 -999 -999 -999 -999 -999 -999 -999
cuts_long_ml_r10 0 0.014 0.03 0.02 0.081 0.042 0.017 0.061 0.029 NA 0 0.017 0.025 0.018 0.14 0.109 0.166 0.12 0.278 NA 0.009 0.005 0.014 0.006 NA NA NA NA NA NA
cuts_wide_bayes_r10 0 0.015 0.03 0.02 0.082 0.042 0.017 0.061 0.029 NA 0 0.018 0.026 0.019 0.14 0.109 0.165 0.12 0.305 NA 0.005 0.004 0.006 0.003 NA NA NA NA NA NA
cuts_long_bayes_r10 0 0.014 0.03 0.02 0.08 0.041 0.017 0.06 0.029 NA 0 0.018 0.027 0.019 0.131 0.102 0.155 0.112 0.3 NA 0.005 0.004 0.006 0.003 NA NA NA NA NA NA
tso_wide_ml_r10 -999 -999 -999 -999 -999 -999 -999 -999 -999 -999 -999 -999 -999 -999 -999 -999 -999 -999 -999 -999 -999 -999 -999 -999 -999 -999 -999 -999 -999 -999
tso_wide_bayes_r10 0 0.014 0.03 0.02 0.082 0.042 0.017 0.061 0.029 0.022 NA NA NA NA 0.145 0.113 0.172 0.125 NA NA 0.339 0.205 0.472 0.249 0.261 0.396 0.308 0.288 0.224 0.34
tso_long_bayes_r10 0 0.015 0.03 0.02 0.082 0.042 0.017 0.06 0.029 0.022 NA NA NA NA 0.125 0.098 0.148 0.108 NA NA 0.335 0.202 0.467 0.247 0.257 0.391 0.304 0.285 0.221 0.336
msst_wide_ml_r11 -999 -999 -999 -999 -999 -999 -999 -999 -999 -999 -999 -999 -999 -999 -999 -999 -999 -999 -999 -999 -999 -999 -999 -999 -999 -999 -999 -999 -999 -999
msst_long_ml_r11 0 0.013 0.029 0.019 0.085 0.042 0.016 0.066 0.029 NA 0 0.018 0.028 0.021 0 0.081 0.126 0.091 0.23 0.127 NA NA NA NA NA NA NA NA NA NA
msst_wide_bayes_r11 0 0.014 0.03 0.019 0.085 0.042 0.016 0.066 0.029 NA 0 0.018 0.028 0.021 0 0.083 0.127 0.092 0.253 0.129 NA NA NA NA NA NA NA NA NA NA
msst_long_bayes_r11 0 0.013 0.029 0.019 0.085 0.042 0.016 0.067 0.029 NA 0 0.018 0.028 0.02 0 0.082 0.125 0.09 0.251 0.13 NA NA NA NA NA NA NA NA NA NA
cuts_wide_ml_r11 -999 -999 -999 -999 -999 -999 -999 -999 -999 -999 -999 -999 -999 -999 -999 -999 -999 -999 -999 -999 -999 -999 -999 -999 -999 -999 -999 -999 -999 -999
cuts_long_ml_r11 0 0.013 0.029 0.019 0.085 0.043 0.016 0.066 0.029 NA 0 0.019 0.029 0.021 0.128 0.1 0.156 0.112 0.23 NA 0.009 0.005 0.016 0.006 NA NA NA NA NA NA
cuts_wide_bayes_r11 0 0.013 0.029 0.019 0.084 0.042 0.016 0.065 0.029 NA 0 0.02 0.03 0.023 0.135 0.106 0.164 0.118 0.252 NA 0.007 0.003 0.006 0.005 NA NA NA NA NA NA
cuts_long_bayes_r11 0 0.014 0.03 0.019 0.086 0.043 0.016 0.065 0.029 NA 0 0.021 0.032 0.023 0.102 0.08 0.125 0.089 0.249 NA 0.007 0.003 0.006 0.004 NA NA NA NA NA NA
tso_wide_ml_r11 -999 -999 -999 -999 -999 -999 -999 -999 -999 -999 -999 -999 -999 -999 -999 -999 -999 -999 -999 -999 -999 -999 -999 -999 -999 -999 -999 -999 -999 -999
tso_wide_bayes_r11 0 0.014 0.03 0.019 0.084 0.043 0.016 0.066 0.029 0.023 NA NA NA NA 0.131 0.103 0.16 0.115 NA NA 0.275 0.17 0.408 0.211 0.214 0.331 0.26 0.238 0.187 0.29
tso_long_bayes_r11 0 0.013 0.03 0.019 0.084 0.042 0.016 0.066 0.029 0.023 NA NA NA NA 0.136 0.106 0.166 0.118 NA NA 0.278 0.172 0.413 0.213 0.216 0.334 0.263 0.24 0.189 0.293
msst_wide_ml_r12 -999 -999 -999 -999 -999 -999 -999 -999 -999 -999 -999 -999 -999 -999 -999 -999 -999 -999 -999 -999 -999 -999 -999 -999 -999 -999 -999 -999 -999 -999
msst_long_ml_r12 0 0.014 0.032 0.02 0.077 0.04 0.016 0.066 0.03 NA 0 0.016 0.024 0.018 0 0.067 0.101 0.076 0.302 0.146 NA NA NA NA NA NA NA NA NA NA
msst_wide_bayes_r12 0 0.014 0.033 0.021 0.077 0.04 0.016 0.066 0.03 NA 0 0.016 0.024 0.018 0 0.066 0.101 0.076 0.329 0.149 NA NA NA NA NA NA NA NA NA NA
msst_long_bayes_r12 0 0.014 0.033 0.02 0.077 0.04 0.016 0.067 0.031 NA 0 0.016 0.024 0.018 0 0.069 0.101 0.076 0.331 0.148 NA NA NA NA NA NA NA NA NA NA
cuts_wide_ml_r12 -999 -999 -999 -999 -999 -999 -999 -999 -999 -999 -999 -999 -999 -999 -999 -999 -999 -999 -999 -999 -999 -999 -999 -999 -999 -999 -999 -999 -999 -999
cuts_long_ml_r12 0 0.014 0.032 0.02 0.077 0.04 0.016 0.066 0.031 NA 0 0.016 0.024 0.018 0.146 0.115 0.173 0.131 0.302 NA 0.008 0.006 0.017 0.007 NA NA NA NA NA NA
cuts_wide_bayes_r12 0 0.014 0.032 0.021 0.077 0.041 0.016 0.066 0.031 NA 0 0.017 0.026 0.019 0.14 0.111 0.166 0.126 0.326 NA 0.006 0.003 0.005 0.003 NA NA NA NA NA NA
cuts_long_bayes_r12 0 0.014 0.032 0.02 0.077 0.04 0.016 0.066 0.03 NA 0 0.016 0.025 0.019 0.138 0.11 0.164 0.125 0.329 NA 0.006 0.003 0.005 0.003 NA NA NA NA NA NA
tso_wide_ml_r12 -999 -999 -999 -999 -999 -999 -999 -999 -999 -999 -999 -999 -999 -999 -999 -999 -999 -999 -999 -999 -999 -999 -999 -999 -999 -999 -999 -999 -999 -999
tso_wide_bayes_r12 0 0.014 0.032 0.02 0.077 0.04 0.016 0.066 0.03 0.023 NA NA NA NA 0.155 0.122 0.183 0.139 NA NA 0.364 0.226 0.513 0.294 0.285 0.428 0.337 0.324 0.256 0.385
tso_long_bayes_r12 0 0.014 0.032 0.02 0.077 0.04 0.016 0.066 0.03 0.023 NA NA NA NA 0.105 0.083 0.125 0.095 NA NA 0.359 0.225 0.507 0.291 0.282 0.422 0.334 0.32 0.254 0.38
msst_wide_ml_r13 0 0.013 0.029 0.019 0.087 0.043 0.017 0.065 0.03 NA 0 0.016 0.024 0.017 0 0.067 0.1 0.074 0.314 0.149 NA NA NA NA NA NA NA NA NA NA
msst_long_ml_r13 0 0.013 0.029 0.019 0.087 0.043 0.017 0.065 0.03 NA 0 0.016 0.024 0.017 0 0.067 0.1 0.074 0.315 0.149 NA NA NA NA NA NA NA NA NA NA
msst_wide_bayes_r13 0 0.013 0.029 0.019 0.088 0.044 0.017 0.065 0.03 NA 0 0.016 0.024 0.017 0 0.067 0.1 0.074 0.342 0.154 NA NA NA NA NA NA NA NA NA NA
msst_long_bayes_r13 0 0.013 0.029 0.019 0.087 0.043 0.017 0.066 0.03 NA 0 0.017 0.024 0.019 0 0.07 0.098 0.077 0.341 0.153 NA NA NA NA NA NA NA NA NA NA
cuts_wide_ml_r13 -999 -999 -999 -999 -999 -999 -999 -999 -999 -999 -999 -999 -999 -999 -999 -999 -999 -999 -999 -999 -999 -999 -999 -999 -999 -999 -999 -999 -999 -999
cuts_long_ml_r13 0 0.013 0.029 0.019 0.087 0.044 0.017 0.066 0.031 NA 0 0.016 0.024 0.018 0.149 0.116 0.179 0.132 0.314 NA 0.009 0.006 0.014 0.007 NA NA NA NA NA NA
cuts_wide_bayes_r13 0 0.013 0.029 0.019 0.086 0.043 0.017 0.066 0.03 NA 0 0.017 0.025 0.019 0.159 0.124 0.191 0.14 0.346 NA 0.005 0.003 0.008 0.006 NA NA NA NA NA NA
cuts_long_bayes_r13 0 0.013 0.029 0.019 0.088 0.044 0.017 0.065 0.03 NA 0 0.017 0.026 0.019 0.127 0.099 0.152 0.112 0.346 NA 0.005 0.003 0.008 0.006 NA NA NA NA NA NA
tso_wide_ml_r13 -999 -999 -999 -999 -999 -999 -999 -999 -999 -999 -999 -999 -999 -999 -999 -999 -999 -999 -999 -999 -999 -999 -999 -999 -999 -999 -999 -999 -999 -999
tso_wide_bayes_r13 0 0.013 0.029 0.019 0.087 0.043 0.017 0.065 0.031 0.022 NA NA NA NA 0.161 0.125 0.193 0.143 NA NA 0.379 0.229 0.547 0.296 0.292 0.451 0.351 0.332 0.258 0.398
tso_long_bayes_r13 0 0.013 0.029 0.019 0.087 0.043 0.017 0.066 0.03 0.022 NA NA NA NA 0.144 0.112 0.172 0.128 NA NA 0.381 0.23 0.548 0.298 0.293 0.453 0.352 0.334 0.259 0.4
msst_wide_ml_r14 -999 -999 -999 -999 -999 -999 -999 -999 -999 -999 -999 -999 -999 -999 -999 -999 -999 -999 -999 -999 -999 -999 -999 -999 -999 -999 -999 -999 -999 -999
msst_long_ml_r14 0 0.014 0.03 0.02 0.083 0.041 0.017 0.066 0.032 NA 0 0.018 0.026 0.02 0 0.078 0.114 0.087 0.265 0.137 NA NA NA NA NA NA NA NA NA NA
msst_wide_bayes_r14 0 0.014 0.03 0.02 0.083 0.041 0.017 0.067 0.032 NA 0 0.018 0.026 0.02 0 0.079 0.114 0.088 0.286 0.14 NA NA NA NA NA NA NA NA NA NA
msst_long_bayes_r14 0 0.014 0.03 0.02 0.083 0.042 0.017 0.066 0.032 NA 0 0.018 0.026 0.02 0 0.081 0.112 0.088 0.286 0.142 NA NA NA NA NA NA NA NA NA NA
cuts_wide_ml_r14 -999 -999 -999 -999 -999 -999 -999 -999 -999 -999 -999 -999 -999 -999 -999 -999 -999 -999 -999 -999 -999 -999 -999 -999 -999 -999 -999 -999 -999 -999
cuts_long_ml_r14 0 0.014 0.03 0.02 0.083 0.042 0.017 0.067 0.032 NA 0 0.018 0.027 0.02 0.137 0.111 0.168 0.126 0.265 NA 0.009 0.006 0.013 0.007 NA NA NA NA NA NA
cuts_wide_bayes_r14 0 0.014 0.03 0.02 0.082 0.042 0.017 0.068 0.032 NA 0 0.019 0.028 0.021 0.14 0.113 0.171 0.128 0.29 NA 0.005 0.005 0.011 0.005 NA NA NA NA NA NA
cuts_long_bayes_r14 0 0.014 0.03 0.02 0.083 0.041 0.017 0.066 0.032 NA 0 0.019 0.029 0.021 0.138 0.112 0.169 0.127 0.286 NA 0.005 0.005 0.011 0.005 NA NA NA NA NA NA
tso_wide_ml_r14 -999 -999 -999 -999 -999 -999 -999 -999 -999 -999 -999 -999 -999 -999 -999 -999 -999 -999 -999 -999 -999 -999 -999 -999 -999 -999 -999 -999 -999 -999
tso_wide_bayes_r14 0 0.014 0.031 0.02 0.083 0.042 0.017 0.067 0.032 0.023 NA NA NA NA 0.149 0.121 0.183 0.136 NA NA 0.319 0.21 0.479 0.269 0.256 0.386 0.313 0.29 0.236 0.354
tso_long_bayes_r14 0 0.014 0.03 0.02 0.083 0.041 0.017 0.067 0.032 0.022 NA NA NA NA 0.123 0.1 0.15 0.112 NA NA 0.321 0.213 0.485 0.272 0.259 0.39 0.317 0.292 0.238 0.359
msst_wide_ml_r15 -999 -999 -999 -999 -999 -999 -999 -999 -999 -999 -999 -999 -999 -999 -999 -999 -999 -999 -999 -999 -999 -999 -999 -999 -999 -999 -999 -999 -999 -999
msst_long_ml_r15 0 0.013 0.029 0.019 0.083 0.04 0.016 0.064 0.03 NA 0 0.016 0.024 0.018 0 0.066 0.099 0.074 0.3 0.146 NA NA NA NA NA NA NA NA NA NA
msst_wide_bayes_r15 0 0.013 0.029 0.019 0.083 0.04 0.016 0.064 0.03 NA 0 0.016 0.024 0.018 0 0.066 0.1 0.073 0.335 0.15 NA NA NA NA NA NA NA NA NA NA
msst_long_bayes_r15 0 0.013 0.029 0.019 0.084 0.04 0.016 0.064 0.03 NA 0 0.016 0.024 0.018 0 0.066 0.101 0.076 0.321 0.15 NA NA NA NA NA NA NA NA NA NA
cuts_wide_ml_r15 -999 -999 -999 -999 -999 -999 -999 -999 -999 -999 -999 -999 -999 -999 -999 -999 -999 -999 -999 -999 -999 -999 -999 -999 -999 -999 -999 -999 -999 -999
cuts_long_ml_r15 0 0.013 0.029 0.019 0.083 0.04 0.016 0.065 0.03 NA 0 0.017 0.025 0.018 0.146 0.117 0.179 0.133 0.302 NA 0.008 0.005 0.013 0.007 NA NA NA NA NA NA
cuts_wide_bayes_r15 0 0.013 0.029 0.019 0.084 0.04 0.016 0.066 0.03 NA 0 0.018 0.027 0.019 0.147 0.117 0.18 0.133 0.33 NA 0.007 0.004 0.011 0.004 NA NA NA NA NA NA
cuts_long_bayes_r15 0 0.013 0.029 0.019 0.083 0.04 0.016 0.064 0.03 NA 0 0.018 0.027 0.02 0.154 0.124 0.19 0.141 0.327 NA 0.007 0.004 0.011 0.004 NA NA NA NA NA NA
tso_wide_ml_r15 -999 -999 -999 -999 -999 -999 -999 -999 -999 -999 -999 -999 -999 -999 -999 -999 -999 -999 -999 -999 -999 -999 -999 -999 -999 -999 -999 -999 -999 -999
tso_wide_bayes_r15 0 0.013 0.029 0.019 0.083 0.04 0.016 0.065 0.03 0.022 NA NA NA NA 0.156 0.125 0.192 0.143 NA NA 0.365 0.234 0.551 0.301 0.289 0.443 0.355 0.328 0.263 0.404
tso_long_bayes_r15 0 0.013 0.029 0.019 0.083 0.04 0.016 0.065 0.03 0.022 NA NA NA NA 0.095 0.077 0.117 0.087 NA NA 0.36 0.231 0.541 0.298 0.285 0.436 0.35 0.324 0.26 0.397
msst_wide_ml_r16 -999 -999 -999 -999 -999 -999 -999 -999 -999 -999 -999 -999 -999 -999 -999 -999 -999 -999 -999 -999 -999 -999 -999 -999 -999 -999 -999 -999 -999 -999
msst_long_ml_r16 0 0.014 0.032 0.02 0.079 0.04 0.017 0.066 0.03 NA 0 0.016 0.024 0.018 0 0.068 0.102 0.075 0.296 0.145 NA NA NA NA NA NA NA NA NA NA
msst_wide_bayes_r16 0 0.014 0.032 0.02 0.08 0.041 0.017 0.067 0.03 NA 0 0.016 0.024 0.018 0 0.067 0.102 0.076 0.319 0.148 NA NA NA NA NA NA NA NA NA NA
msst_long_bayes_r16 0 0.014 0.032 0.02 0.08 0.04 0.017 0.067 0.029 NA 0 0.016 0.024 0.018 0 0.069 0.104 0.078 0.322 0.148 NA NA NA NA NA NA NA NA NA NA
cuts_wide_ml_r16 -999 -999 -999 -999 -999 -999 -999 -999 -999 -999 -999 -999 -999 -999 -999 -999 -999 -999 -999 -999 -999 -999 -999 -999 -999 -999 -999 -999 -999 -999
cuts_long_ml_r16 0 0.014 0.032 0.02 0.08 0.041 0.017 0.067 0.03 NA 0 0.016 0.024 0.018 0.145 0.115 0.176 0.127 0.296 NA 0.009 0.006 0.014 0.006 NA NA NA NA NA NA
cuts_wide_bayes_r16 0 0.014 0.031 0.02 0.079 0.04 0.017 0.067 0.03 NA 0 0.017 0.026 0.019 0.145 0.116 0.177 0.128 0.32 NA 0.005 0.003 0.008 0.005 NA NA NA NA NA NA
cuts_long_bayes_r16 0 0.014 0.032 0.02 0.081 0.041 0.017 0.067 0.03 NA 0 0.017 0.026 0.019 0.128 0.102 0.154 0.112 0.323 NA 0.005 0.003 0.008 0.005 NA NA NA NA NA NA
tso_wide_ml_r16 -999 -999 -999 -999 -999 -999 -999 -999 -999 -999 -999 -999 -999 -999 -999 -999 -999 -999 -999 -999 -999 -999 -999 -999 -999 -999 -999 -999 -999 -999
tso_wide_bayes_r16 0 0.014 0.032 0.02 0.08 0.04 0.017 0.067 0.03 0.022 NA NA NA NA 0.151 0.12 0.184 0.133 NA NA 0.356 0.225 0.525 0.275 0.28 0.428 0.34 0.31 0.246 0.375
tso_long_bayes_r16 0 0.014 0.032 0.02 0.08 0.04 0.017 0.067 0.03 0.022 NA NA NA NA 0.143 0.113 0.172 0.124 NA NA 0.355 0.226 0.523 0.274 0.28 0.427 0.34 0.309 0.247 0.375
msst_wide_ml_r17 -999 -999 -999 -999 -999 -999 -999 -999 -999 -999 -999 -999 -999 -999 -999 -999 -999 -999 -999 -999 -999 -999 -999 -999 -999 -999 -999 -999 -999 -999
msst_long_ml_r17 0 0.013 0.029 0.019 0.081 0.039 0.016 0.063 0.03 NA 0 0.019 0.028 0.022 0 0.079 0.118 0.091 0.213 0.123 NA NA NA NA NA NA NA NA NA NA
msst_wide_bayes_r17 0 0.013 0.029 0.019 0.082 0.04 0.016 0.063 0.03 NA 0 0.019 0.028 0.022 0 0.08 0.119 0.092 0.231 0.127 NA NA NA NA NA NA NA NA NA NA
msst_long_bayes_r17 0 0.013 0.029 0.019 0.082 0.039 0.016 0.063 0.03 NA 0 0.019 0.029 0.022 0 0.081 0.122 0.093 0.229 0.126 NA NA NA NA NA NA NA NA NA NA
cuts_wide_ml_r17 -999 -999 -999 -999 -999 -999 -999 -999 -999 -999 -999 -999 -999 -999 -999 -999 -999 -999 -999 -999 -999 -999 -999 -999 -999 -999 -999 -999 -999 -999
cuts_long_ml_r17 0 0.013 0.029 0.019 0.081 0.04 0.016 0.063 0.03 NA 0 0.019 0.029 0.022 0.123 0.097 0.147 0.114 0.213 NA 0.008 0.005 0.013 0.007 NA NA NA NA NA NA
cuts_wide_bayes_r17 0 0.013 0.029 0.019 0.082 0.04 0.016 0.063 0.03 NA 0 0.02 0.03 0.023 0.125 0.099 0.15 0.117 0.231 NA 0.005 0.004 0.009 0.005 NA NA NA NA NA NA
cuts_long_bayes_r17 0 0.013 0.029 0.019 0.081 0.039 0.016 0.063 0.03 NA 0 0.021 0.03 0.024 0.118 0.092 0.141 0.109 0.234 NA 0.005 0.004 0.009 0.005 NA NA NA NA NA NA
tso_wide_ml_r17 -999 -999 -999 -999 -999 -999 -999 -999 -999 -999 -999 -999 -999 -999 -999 -999 -999 -999 -999 -999 -999 -999 -999 -999 -999 -999 -999 -999 -999 -999
tso_wide_bayes_r17 0 0.013 0.029 0.019 0.081 0.039 0.016 0.063 0.03 0.023 NA NA NA NA 0.137 0.108 0.164 0.127 NA NA 0.257 0.159 0.365 0.219 0.199 0.303 0.237 0.234 0.184 0.279
tso_long_bayes_r17 0 0.013 0.029 0.019 0.081 0.039 0.016 0.062 0.03 0.022 NA NA NA NA 0.106 0.084 0.127 0.099 NA NA 0.26 0.161 0.37 0.224 0.202 0.306 0.24 0.238 0.187 0.283
msst_wide_ml_r18 0 0.013 0.029 0.018 0.083 0.04 0.016 0.066 0.028 NA 0 0.014 0.021 0.015 0 0.061 0.092 0.067 0.378 0.164 NA NA NA NA NA NA NA NA NA NA
msst_long_ml_r18 0 0.013 0.029 0.018 0.082 0.04 0.016 0.066 0.028 NA 0 0.014 0.021 0.015 0 0.061 0.092 0.067 0.376 0.164 NA NA NA NA NA NA NA NA NA NA
msst_wide_bayes_r18 0 0.013 0.029 0.018 0.082 0.04 0.016 0.066 0.028 NA 0 0.014 0.021 0.015 0 0.061 0.094 0.067 0.412 0.167 NA NA NA NA NA NA NA NA NA NA
msst_long_bayes_r18 0 0.013 0.029 0.018 0.083 0.039 0.016 0.066 0.028 NA 0 0.014 0.021 0.016 0 0.063 0.093 0.07 0.412 0.168 NA NA NA NA NA NA NA NA NA NA
cuts_wide_ml_r18 -999 -999 -999 -999 -999 -999 -999 -999 -999 -999 -999 -999 -999 -999 -999 -999 -999 -999 -999 -999 -999 -999 -999 -999 -999 -999 -999 -999 -999 -999
cuts_long_ml_r18 0 0.013 0.029 0.018 0.082 0.04 0.016 0.067 0.029 NA 0 0.015 0.023 0.016 0.164 0.133 0.199 0.148 0.38 NA 0.009 0.006 0.014 0.007 NA NA NA NA NA NA
cuts_wide_bayes_r18 0 0.013 0.029 0.018 0.082 0.04 0.016 0.066 0.028 NA 0 0.016 0.024 0.017 0.174 0.141 0.211 0.157 0.415 NA 0.009 0.004 0.012 0.004 NA NA NA NA NA NA
cuts_long_bayes_r18 0 0.013 0.029 0.018 0.082 0.04 0.016 0.066 0.028 NA 0 0.016 0.024 0.018 0.193 0.157 0.234 0.175 0.417 NA 0.009 0.004 0.011 0.004 NA NA NA NA NA NA
tso_wide_ml_r18 -999 -999 -999 -999 -999 -999 -999 -999 -999 -999 -999 -999 -999 -999 -999 -999 -999 -999 -999 -999 -999 -999 -999 -999 -999 -999 -999 -999 -999 -999
tso_wide_bayes_r18 0 0.013 0.029 0.018 0.082 0.04 0.016 0.067 0.029 0.022 NA NA NA NA 0.176 0.143 0.214 0.159 NA NA 0.455 0.299 0.671 0.371 0.366 0.548 0.444 0.408 0.331 0.495
tso_long_bayes_r18 0 0.013 0.029 0.019 0.083 0.04 0.016 0.066 0.029 0.022 NA NA NA NA 0.17 0.137 0.205 0.153 NA NA 0.455 0.299 0.67 0.372 0.365 0.547 0.443 0.408 0.331 0.495
msst_wide_ml_r19 -999 -999 -999 -999 -999 -999 -999 -999 -999 -999 -999 -999 -999 -999 -999 -999 -999 -999 -999 -999 -999 -999 -999 -999 -999 -999 -999 -999 -999 -999
msst_long_ml_r19 0 0.014 0.031 0.02 0.082 0.042 0.017 0.07 0.03 NA 0 0.017 0.026 0.019 0 0.071 0.107 0.078 0.26 0.136 NA NA NA NA NA NA NA NA NA NA
msst_wide_bayes_r19 0 0.014 0.031 0.02 0.081 0.042 0.017 0.071 0.031 NA 0 0.017 0.026 0.019 0 0.071 0.107 0.078 0.286 0.138 NA NA NA NA NA NA NA NA NA NA
msst_long_bayes_r19 0 0.014 0.031 0.02 0.081 0.042 0.017 0.07 0.03 NA 0 0.018 0.028 0.02 0 0.075 0.113 0.082 0.287 0.14 NA NA NA NA NA NA NA NA NA NA
cuts_wide_ml_r19 -999 -999 -999 -999 -999 -999 -999 -999 -999 -999 -999 -999 -999 -999 -999 -999 -999 -999 -999 -999 -999 -999 -999 -999 -999 -999 -999 -999 -999 -999
cuts_long_ml_r19 0 0.014 0.031 0.02 0.082 0.043 0.017 0.07 0.031 NA 0 0.018 0.027 0.021 0.136 0.109 0.162 0.123 0.261 NA 0.009 0.006 0.014 0.007 NA NA NA NA NA NA
cuts_wide_bayes_r19 0 0.014 0.031 0.02 0.082 0.043 0.017 0.071 0.031 NA 0 0.019 0.028 0.021 0.136 0.11 0.163 0.124 0.282 NA 0.005 0.004 0.009 0.007 NA NA NA NA NA NA
cuts_long_bayes_r19 0 0.014 0.031 0.02 0.081 0.043 0.017 0.069 0.031 NA 0 0.019 0.028 0.022 0.134 0.108 0.16 0.122 0.279 NA 0.005 0.004 0.009 0.007 NA NA NA NA NA NA
tso_wide_ml_r19 -999 -999 -999 -999 -999 -999 -999 -999 -999 -999 -999 -999 -999 -999 -999 -999 -999 -999 -999 -999 -999 -999 -999 -999 -999 -999 -999 -999 -999 -999
tso_wide_bayes_r19 0 0.014 0.031 0.02 0.082 0.043 0.017 0.071 0.031 0.022 NA NA NA NA 0.144 0.116 0.171 0.13 NA NA 0.316 0.203 0.45 0.259 0.251 0.373 0.299 0.283 0.227 0.337
tso_long_bayes_r19 0 0.014 0.031 0.02 0.082 0.042 0.017 0.07 0.031 0.023 NA NA NA NA 0.144 0.115 0.172 0.129 NA NA 0.314 0.202 0.447 0.257 0.249 0.37 0.297 0.281 0.225 0.335
msst_wide_ml_r20 -999 -999 -999 -999 -999 -999 -999 -999 -999 -999 -999 -999 -999 -999 -999 -999 -999 -999 -999 -999 -999 -999 -999 -999 -999 -999 -999 -999 -999 -999
msst_long_ml_r20 0 0.014 0.031 0.02 0.082 0.042 0.016 0.067 0.032 NA 0 0.013 0.02 0.015 0 0.058 0.089 0.068 0.414 0.171 NA NA NA NA NA NA NA NA NA NA
msst_wide_bayes_r20 0 0.014 0.032 0.02 0.082 0.042 0.016 0.068 0.032 NA 0 0.013 0.02 0.015 0 0.058 0.089 0.068 0.454 0.174 NA NA NA NA NA NA NA NA NA NA
msst_long_bayes_r20 0 0.014 0.031 0.02 0.081 0.042 0.016 0.067 0.032 NA 0 0.013 0.019 0.016 0 0.059 0.086 0.069 0.444 0.175 NA NA NA NA NA NA NA NA NA NA
cuts_wide_ml_r20 -999 -999 -999 -999 -999 -999 -999 -999 -999 -999 -999 -999 -999 -999 -999 -999 -999 -999 -999 -999 -999 -999 -999 -999 -999 -999 -999 -999 -999 -999
cuts_long_ml_r20 0 0.014 0.031 0.02 0.082 0.042 0.016 0.068 0.032 NA 0 0.014 0.021 0.016 0.171 0.135 0.207 0.155 0.415 NA 0.009 0.005 0.014 0.007 NA NA NA NA NA NA
cuts_wide_bayes_r20 0 0.014 0.031 0.02 0.082 0.043 0.016 0.068 0.032 NA 0 0.015 0.022 0.017 0.167 0.131 0.202 0.151 0.449 NA 0.007 0.005 0.008 0.004 NA NA NA NA NA NA
cuts_long_bayes_r20 0 0.014 0.031 0.02 0.083 0.042 0.016 0.067 0.032 NA 0 0.015 0.022 0.017 0.149 0.117 0.179 0.134 0.44 NA 0.007 0.005 0.007 0.004 NA NA NA NA NA NA
tso_wide_ml_r20 -999 -999 -999 -999 -999 -999 -999 -999 -999 -999 -999 -999 -999 -999 -999 -999 -999 -999 -999 -999 -999 -999 -999 -999 -999 -999 -999 -999 -999 -999
tso_wide_bayes_r20 0 0.014 0.031 0.02 0.082 0.042 0.016 0.068 0.032 0.022 NA NA NA NA 0.183 0.144 0.222 0.165 NA NA 0.502 0.312 0.738 0.409 0.393 0.604 0.476 0.45 0.355 0.545
tso_long_bayes_r20 0 0.014 0.031 0.02 0.082 0.042 0.016 0.068 0.032 0.022 NA NA NA NA 0.155 0.122 0.188 0.14 NA NA 0.501 0.31 0.735 0.408 0.391 0.602 0.474 0.448 0.353 0.543
msst_wide_ml_r21 -999 -999 -999 -999 -999 -999 -999 -999 -999 -999 -999 -999 -999 -999 -999 -999 -999 -999 -999 -999 -999 -999 -999 -999 -999 -999 -999 -999 -999 -999
msst_long_ml_r21 0 0.014 0.03 0.019 0.084 0.041 0.017 0.067 0.03 NA 0 0.015 0.023 0.017 0 0.068 0.104 0.076 0.319 0.15 NA NA NA NA NA NA NA NA NA NA
msst_wide_bayes_r21 0 0.014 0.03 0.019 0.085 0.041 0.017 0.066 0.03 NA 0 0.015 0.024 0.017 0 0.068 0.105 0.076 0.348 0.154 NA NA NA NA NA NA NA NA NA NA
msst_long_bayes_r21 0 0.014 0.03 0.019 0.085 0.042 0.017 0.067 0.03 NA 0 0.016 0.025 0.018 0 0.072 0.11 0.078 0.345 0.154 NA NA NA NA NA NA NA NA NA NA
cuts_wide_ml_r21 -999 -999 -999 -999 -999 -999 -999 -999 -999 -999 -999 -999 -999 -999 -999 -999 -999 -999 -999 -999 -999 -999 -999 -999 -999 -999 -999 -999 -999 -999
cuts_long_ml_r21 -999 -999 -999 -999 -999 -999 -999 -999 -999 -999 -999 -999 -999 -999 -999 -999 -999 -999 -999 -999 -999 -999 -999 -999 -999 -999 -999 -999 -999 -999
cuts_wide_bayes_r21 0 0.014 0.03 0.019 0.085 0.042 0.017 0.066 0.03 NA 0 0.017 0.026 0.019 0.159 0.125 0.191 0.14 0.347 NA 0.007 0.004 0.011 0.003 NA NA NA NA NA NA
cuts_long_bayes_r21 0 0.014 0.03 0.019 0.084 0.042 0.017 0.067 0.03 NA 0 0.017 0.026 0.019 0.155 0.122 0.187 0.137 0.35 NA 0.008 0.004 0.011 0.003 NA NA NA NA NA NA
tso_wide_ml_r21 -999 -999 -999 -999 -999 -999 -999 -999 -999 -999 -999 -999 -999 -999 -999 -999 -999 -999 -999 -999 -999 -999 -999 -999 -999 -999 -999 -999 -999 -999
tso_wide_bayes_r21 0 0.014 0.03 0.019 0.085 0.042 0.017 0.066 0.03 0.022 NA NA NA NA 0.163 0.128 0.196 0.144 NA NA 0.388 0.238 0.56 0.302 0.301 0.461 0.361 0.339 0.266 0.407
tso_long_bayes_r21 0 0.014 0.03 0.019 0.085 0.041 0.017 0.068 0.029 0.022 NA NA NA NA 0.114 0.09 0.138 0.101 NA NA 0.386 0.238 0.557 0.302 0.3 0.459 0.36 0.338 0.266 0.406
msst_wide_ml_r22 0 0.014 0.032 0.021 0.081 0.042 0.017 0.068 0.031 NA 0 0.016 0.025 0.018 0 0.07 0.108 0.078 0.277 0.14 NA NA NA NA NA NA NA NA NA NA
msst_long_ml_r22 0 0.014 0.032 0.021 0.081 0.042 0.017 0.068 0.031 NA 0 0.016 0.025 0.018 0 0.07 0.108 0.079 0.277 0.14 NA NA NA NA NA NA NA NA NA NA
msst_wide_bayes_r22 0 0.014 0.032 0.021 0.081 0.042 0.017 0.068 0.031 NA 0 0.016 0.025 0.018 0 0.07 0.108 0.079 0.299 0.145 NA NA NA NA NA NA NA NA NA NA
msst_long_bayes_r22 0 0.015 0.032 0.021 0.081 0.042 0.017 0.068 0.031 NA 0 0.017 0.025 0.018 0 0.072 0.106 0.078 0.299 0.143 NA NA NA NA NA NA NA NA NA NA
cuts_wide_ml_r22 -999 -999 -999 -999 -999 -999 -999 -999 -999 -999 -999 -999 -999 -999 -999 -999 -999 -999 -999 -999 -999 -999 -999 -999 -999 -999 -999 -999 -999 -999
cuts_long_ml_r22 0 0.014 0.032 0.021 0.081 0.042 0.017 0.068 0.031 NA 0 0.017 0.027 0.019 0.14 0.109 0.168 0.122 0.278 NA 0.009 0.006 0.015 0.008 NA NA NA NA NA NA
cuts_wide_bayes_r22 0 0.014 0.032 0.021 0.081 0.042 0.017 0.068 0.031 NA 0 0.018 0.029 0.019 0.146 0.114 0.176 0.127 0.303 NA 0.006 0.003 0.015 0.003 NA NA NA NA NA NA
cuts_long_bayes_r22 0 0.014 0.032 0.021 0.082 0.042 0.017 0.068 0.031 NA 0 0.018 0.029 0.02 0.153 0.119 0.183 0.133 0.304 NA 0.006 0.003 0.015 0.003 NA NA NA NA NA NA
tso_wide_ml_r22 -999 -999 -999 -999 -999 -999 -999 -999 -999 -999 -999 -999 -999 -999 -999 -999 -999 -999 -999 -999 -999 -999 -999 -999 -999 -999 -999 -999 -999 -999
tso_wide_bayes_r22 0 0.014 0.031 0.021 0.081 0.042 0.017 0.068 0.031 0.022 NA NA NA NA 0.152 0.119 0.184 0.133 NA NA 0.333 0.203 0.481 0.253 0.257 0.395 0.308 0.288 0.224 0.345
tso_long_bayes_r22 0 0.014 0.031 0.021 0.08 0.042 0.017 0.068 0.031 0.023 NA NA NA NA 0.144 0.113 0.173 0.127 NA NA 0.333 0.202 0.482 0.254 0.257 0.396 0.308 0.288 0.224 0.345
msst_wide_ml_r23 -999 -999 -999 -999 -999 -999 -999 -999 -999 -999 -999 -999 -999 -999 -999 -999 -999 -999 -999 -999 -999 -999 -999 -999 -999 -999 -999 -999 -999 -999
msst_long_ml_r23 0 0.013 0.03 0.019 0.081 0.04 0.016 0.068 0.03 NA 0 0.016 0.025 0.018 0 0.071 0.11 0.079 0.274 0.139 NA NA NA NA NA NA NA NA NA NA
msst_wide_bayes_r23 0 0.013 0.03 0.019 0.083 0.04 0.016 0.068 0.03 NA 0 0.016 0.026 0.018 0 0.071 0.111 0.079 0.301 0.143 NA NA NA NA NA NA NA NA NA NA
msst_long_bayes_r23 0 0.014 0.031 0.019 0.082 0.04 0.016 0.069 0.03 NA 0 0.018 0.027 0.02 0 0.076 0.117 0.085 0.302 0.142 NA NA NA NA NA NA NA NA NA NA
cuts_wide_ml_r23 -999 -999 -999 -999 -999 -999 -999 -999 -999 -999 -999 -999 -999 -999 -999 -999 -999 -999 -999 -999 -999 -999 -999 -999 -999 -999 -999 -999 -999 -999
cuts_long_ml_r23 0 0.014 0.03 0.019 0.081 0.04 0.016 0.069 0.03 NA 0 0.017 0.026 0.019 0.139 0.112 0.173 0.124 0.275 NA 0.008 0.005 0.013 0.007 NA NA NA NA NA NA
cuts_wide_bayes_r23 0 0.014 0.03 0.019 0.081 0.04 0.016 0.068 0.03 NA 0 0.018 0.028 0.02 0.136 0.109 0.169 0.121 0.298 NA 0.005 0.004 0.011 0.004 NA NA NA NA NA NA
cuts_long_bayes_r23 0 0.014 0.03 0.019 0.08 0.04 0.016 0.067 0.03 NA 0 0.018 0.028 0.02 0.149 0.119 0.184 0.133 0.302 NA 0.005 0.004 0.01 0.003 NA NA NA NA NA NA
tso_wide_ml_r23 -999 -999 -999 -999 -999 -999 -999 -999 -999 -999 -999 -999 -999 -999 -999 -999 -999 -999 -999 -999 -999 -999 -999 -999 -999 -999 -999 -999 -999 -999
tso_wide_bayes_r23 0 0.014 0.03 0.019 0.082 0.04 0.016 0.069 0.03 0.022 NA NA NA NA 0.147 0.117 0.181 0.13 NA NA 0.334 0.213 0.513 0.265 0.264 0.409 0.327 0.295 0.235 0.365
tso_long_bayes_r23 0 0.014 0.03 0.019 0.082 0.04 0.016 0.069 0.03 0.022 NA NA NA NA 0.155 0.124 0.192 0.138 NA NA 0.333 0.212 0.511 0.263 0.263 0.408 0.325 0.293 0.234 0.363
msst_wide_ml_r24 0 0.014 0.03 0.019 0.084 0.042 0.017 0.066 0.029 NA 0 0.015 0.024 0.017 0 0.063 0.099 0.071 0.309 0.148 NA NA NA NA NA NA NA NA NA NA
msst_long_ml_r24 0 0.014 0.03 0.019 0.084 0.042 0.017 0.066 0.029 NA 0 0.015 0.024 0.017 0 0.063 0.098 0.072 0.31 0.148 NA NA NA NA NA NA NA NA NA NA
msst_wide_bayes_r24 0 0.014 0.03 0.019 0.084 0.042 0.017 0.067 0.03 NA 0 0.015 0.024 0.017 0 0.064 0.098 0.072 0.337 0.153 NA NA NA NA NA NA NA NA NA NA
msst_long_bayes_r24 0 0.014 0.03 0.019 0.085 0.042 0.017 0.067 0.03 NA 0 0.015 0.024 0.018 0 0.064 0.1 0.073 0.335 0.152 NA NA NA NA NA NA NA NA NA NA
cuts_wide_ml_r24 -999 -999 -999 -999 -999 -999 -999 -999 -999 -999 -999 -999 -999 -999 -999 -999 -999 -999 -999 -999 -999 -999 -999 -999 -999 -999 -999 -999 -999 -999
cuts_long_ml_r24 -999 -999 -999 -999 -999 -999 -999 -999 -999 -999 -999 -999 -999 -999 -999 -999 -999 -999 -999 -999 -999 -999 -999 -999 -999 -999 -999 -999 -999 -999
cuts_wide_bayes_r24 0 0.014 0.03 0.019 0.085 0.043 0.017 0.067 0.03 NA 0 0.017 0.027 0.02 0.155 0.118 0.185 0.134 0.34 NA 0.009 0.002 0.008 0.006 NA NA NA NA NA NA
cuts_long_bayes_r24 0 0.014 0.03 0.019 0.084 0.042 0.017 0.066 0.03 NA 0 0.016 0.026 0.019 0.167 0.126 0.198 0.144 0.338 NA 0.008 0.002 0.008 0.006 NA NA NA NA NA NA
tso_wide_ml_r24 -999 -999 -999 -999 -999 -999 -999 -999 -999 -999 -999 -999 -999 -999 -999 -999 -999 -999 -999 -999 -999 -999 -999 -999 -999 -999 -999 -999 -999 -999
tso_wide_bayes_r24 0 0.014 0.03 0.019 0.083 0.042 0.017 0.067 0.03 0.023 NA NA NA NA 0.155 0.117 0.184 0.133 NA NA 0.369 0.211 0.521 0.276 0.276 0.434 0.328 0.316 0.239 0.375
tso_long_bayes_r24 0 0.014 0.03 0.019 0.085 0.042 0.017 0.066 0.03 0.023 NA NA NA NA 0.15 0.113 0.176 0.131 NA NA 0.372 0.213 0.524 0.277 0.278 0.437 0.33 0.317 0.24 0.376
msst_wide_ml_r25 -999 -999 -999 -999 -999 -999 -999 -999 -999 -999 -999 -999 -999 -999 -999 -999 -999 -999 -999 -999 -999 -999 -999 -999 -999 -999 -999 -999 -999 -999
msst_long_ml_r25 0 0.014 0.031 0.021 0.079 0.041 0.016 0.063 0.03 NA 0 0.016 0.024 0.018 0 0.069 0.105 0.078 0.296 0.145 NA NA NA NA NA NA NA NA NA NA
msst_wide_bayes_r25 0 0.014 0.031 0.021 0.079 0.041 0.016 0.062 0.03 NA 0 0.016 0.024 0.018 0 0.069 0.104 0.078 0.32 0.148 NA NA NA NA NA NA NA NA NA NA
msst_long_bayes_r25 0 0.015 0.031 0.021 0.079 0.041 0.016 0.063 0.031 NA 0 0.016 0.024 0.018 0 0.071 0.105 0.078 0.322 0.15 NA NA NA NA NA NA NA NA NA NA
cuts_wide_ml_r25 -999 -999 -999 -999 -999 -999 -999 -999 -999 -999 -999 -999 -999 -999 -999 -999 -999 -999 -999 -999 -999 -999 -999 -999 -999 -999 -999 -999 -999 -999
cuts_long_ml_r25 0 0.014 0.031 0.021 0.079 0.041 0.016 0.063 0.031 NA 0 0.016 0.024 0.018 0.145 0.116 0.173 0.128 0.295 NA 0.01 0.005 0.013 0.007 NA NA NA NA NA NA
cuts_wide_bayes_r25 0 0.015 0.031 0.021 0.079 0.041 0.016 0.063 0.031 NA 0 0.017 0.026 0.019 0.159 0.128 0.191 0.141 0.325 NA 0.004 0.004 0.009 0.004 NA NA NA NA NA NA
cuts_long_bayes_r25 0 0.014 0.031 0.021 0.079 0.041 0.016 0.063 0.03 NA 0 0.018 0.026 0.019 0.153 0.123 0.184 0.137 0.317 NA 0.004 0.004 0.009 0.004 NA NA NA NA NA NA
tso_wide_ml_r25 -999 -999 -999 -999 -999 -999 -999 -999 -999 -999 -999 -999 -999 -999 -999 -999 -999 -999 -999 -999 -999 -999 -999 -999 -999 -999 -999 -999 -999 -999
tso_wide_bayes_r25 0 0.014 0.031 0.021 0.079 0.041 0.016 0.063 0.031 0.022 NA NA NA NA 0.15 0.121 0.18 0.133 NA NA 0.354 0.231 0.509 0.28 0.283 0.42 0.339 0.312 0.252 0.374
tso_long_bayes_r25 0 0.014 0.031 0.021 0.078 0.041 0.016 0.063 0.031 0.022 NA NA NA NA 0.167 0.134 0.201 0.149 NA NA 0.358 0.232 0.515 0.283 0.285 0.425 0.342 0.315 0.254 0.378
msst_wide_ml_r26 -999 -999 -999 -999 -999 -999 -999 -999 -999 -999 -999 -999 -999 -999 -999 -999 -999 -999 -999 -999 -999 -999 -999 -999 -999 -999 -999 -999 -999 -999
msst_long_ml_r26 0 0.014 0.03 0.02 0.082 0.041 0.016 0.065 0.029 NA 0 0.016 0.024 0.017 0 0.066 0.1 0.072 0.305 0.147 NA NA NA NA NA NA NA NA NA NA
msst_wide_bayes_r26 0 0.014 0.03 0.02 0.082 0.042 0.016 0.066 0.029 NA 0 0.016 0.024 0.017 0 0.066 0.1 0.072 0.336 0.152 NA NA NA NA NA NA NA NA NA NA
msst_long_bayes_r26 0 0.014 0.03 0.02 0.082 0.041 0.016 0.066 0.029 NA 0 0.016 0.024 0.018 0 0.067 0.102 0.074 0.33 0.15 NA NA NA NA NA NA NA NA NA NA
cuts_wide_ml_r26 -999 -999 -999 -999 -999 -999 -999 -999 -999 -999 -999 -999 -999 -999 -999 -999 -999 -999 -999 -999 -999 -999 -999 -999 -999 -999 -999 -999 -999 -999
cuts_long_ml_r26 0 0.014 0.03 0.02 0.082 0.042 0.016 0.066 0.03 NA 0 0.016 0.025 0.018 0.147 0.117 0.174 0.13 0.305 NA 0.008 0.005 0.013 0.006 NA NA NA NA NA NA
cuts_wide_bayes_r26 0 0.014 0.03 0.02 0.083 0.042 0.016 0.065 0.029 NA 0 0.017 0.026 0.019 0.158 0.125 0.187 0.14 0.336 NA 0.007 0.004 0.01 0.004 NA NA NA NA NA NA
cuts_long_bayes_r26 0 0.014 0.03 0.02 0.082 0.041 0.016 0.066 0.029 NA 0 0.018 0.027 0.019 0.156 0.123 0.185 0.138 0.332 NA 0.007 0.004 0.01 0.004 NA NA NA NA NA NA
tso_wide_ml_r26 -999 -999 -999 -999 -999 -999 -999 -999 -999 -999 -999 -999 -999 -999 -999 -999 -999 -999 -999 -999 -999 -999 -999 -999 -999 -999 -999 -999 -999 -999
tso_wide_bayes_r26 0 0.014 0.03 0.02 0.082 0.041 0.016 0.066 0.029 0.023 NA NA NA NA 0.173 0.137 0.205 0.153 NA NA 0.372 0.235 0.524 0.291 0.292 0.437 0.347 0.326 0.259 0.387
tso_long_bayes_r26 0 0.014 0.03 0.02 0.081 0.041 0.016 0.065 0.029 0.023 NA NA NA NA 0.129 0.103 0.155 0.115 NA NA 0.366 0.231 0.515 0.288 0.288 0.429 0.342 0.321 0.256 0.381
msst_wide_ml_r27 -999 -999 -999 -999 -999 -999 -999 -999 -999 -999 -999 -999 -999 -999 -999 -999 -999 -999 -999 -999 -999 -999 -999 -999 -999 -999 -999 -999 -999 -999
msst_long_ml_r27 0 0.013 0.029 0.019 0.084 0.041 0.016 0.068 0.031 NA 0 0.014 0.022 0.017 0 0.06 0.093 0.07 0.359 0.159 NA NA NA NA NA NA NA NA NA NA
msst_wide_bayes_r27 0 0.013 0.029 0.019 0.084 0.041 0.016 0.068 0.031 NA 0 0.014 0.022 0.016 0 0.06 0.094 0.07 0.389 0.163 NA NA NA NA NA NA NA NA NA NA
msst_long_bayes_r27 0 0.013 0.029 0.019 0.084 0.041 0.016 0.069 0.031 NA 0 0.015 0.023 0.017 0 0.06 0.095 0.071 0.396 0.161 NA NA NA NA NA NA NA NA NA NA
cuts_wide_ml_r27 -999 -999 -999 -999 -999 -999 -999 -999 -999 -999 -999 -999 -999 -999 -999 -999 -999 -999 -999 -999 -999 -999 -999 -999 -999 -999 -999 -999 -999 -999
cuts_long_ml_r27 0 0.013 0.029 0.019 0.084 0.041 0.016 0.069 0.031 NA 0 0.015 0.022 0.017 0.159 0.126 0.194 0.145 0.358 NA 0.008 0.007 0.016 0.007 NA NA NA NA NA NA
cuts_wide_bayes_r27 0 0.014 0.03 0.019 0.085 0.041 0.016 0.068 0.031 NA 0 0.015 0.024 0.018 0.167 0.133 0.204 0.153 0.387 NA 0.005 0.002 0.007 0.005 NA NA NA NA NA NA
cuts_long_bayes_r27 0 0.013 0.03 0.019 0.084 0.041 0.016 0.069 0.031 NA 0 0.015 0.024 0.018 0.144 0.114 0.175 0.131 0.39 NA 0.006 0.002 0.007 0.005 NA NA NA NA NA NA
tso_wide_ml_r27 -999 -999 -999 -999 -999 -999 -999 -999 -999 -999 -999 -999 -999 -999 -999 -999 -999 -999 -999 -999 -999 -999 -999 -999 -999 -999 -999 -999 -999 -999
tso_wide_bayes_r27 0 0.013 0.029 0.019 0.084 0.041 0.016 0.068 0.031 0.022 NA NA NA NA 0.16 0.126 0.194 0.146 NA NA 0.435 0.273 0.64 0.361 0.342 0.523 0.415 0.393 0.312 0.476
tso_long_bayes_r27 0 0.013 0.03 0.019 0.084 0.041 0.016 0.068 0.031 0.022 NA NA NA NA 0.166 0.132 0.202 0.152 NA NA 0.433 0.273 0.639 0.36 0.341 0.522 0.414 0.392 0.311 0.476
msst_wide_ml_r28 -999 -999 -999 -999 -999 -999 -999 -999 -999 -999 -999 -999 -999 -999 -999 -999 -999 -999 -999 -999 -999 -999 -999 -999 -999 -999 -999 -999 -999 -999
msst_long_ml_r28 0 0.014 0.03 0.019 0.082 0.04 0.017 0.065 0.03 NA 0 0.017 0.026 0.019 0 0.074 0.111 0.083 0.257 0.135 NA NA NA NA NA NA NA NA NA NA
msst_wide_bayes_r28 0 0.014 0.03 0.019 0.082 0.04 0.017 0.066 0.03 NA 0 0.017 0.026 0.019 0 0.074 0.112 0.084 0.278 0.138 NA NA NA NA NA NA NA NA NA NA
msst_long_bayes_r28 0 0.014 0.03 0.019 0.081 0.04 0.017 0.066 0.03 NA 0 0.017 0.027 0.02 0 0.075 0.116 0.085 0.278 0.138 NA NA NA NA NA NA NA NA NA NA
cuts_wide_ml_r28 -999 -999 -999 -999 -999 -999 -999 -999 -999 -999 -999 -999 -999 -999 -999 -999 -999 -999 -999 -999 -999 -999 -999 -999 -999 -999 -999 -999 -999 -999
cuts_long_ml_r28 0 0.014 0.03 0.019 0.082 0.04 0.017 0.066 0.03 NA 0 0.018 0.027 0.02 0.135 0.107 0.164 0.121 0.257 NA 0.008 0.006 0.014 0.008 NA NA NA NA NA NA
cuts_wide_bayes_r28 0 0.014 0.03 0.019 0.082 0.04 0.017 0.065 0.03 NA 0 0.018 0.029 0.021 0.136 0.109 0.165 0.122 0.278 NA 0.006 0.004 0.013 0.003 NA NA NA NA NA NA
cuts_long_bayes_r28 0 0.014 0.03 0.019 0.082 0.04 0.017 0.066 0.03 NA 0 0.019 0.029 0.021 0.133 0.105 0.162 0.118 0.276 NA 0.006 0.004 0.013 0.003 NA NA NA NA NA NA
tso_wide_ml_r28 -999 -999 -999 -999 -999 -999 -999 -999 -999 -999 -999 -999 -999 -999 -999 -999 -999 -999 -999 -999 -999 -999 -999 -999 -999 -999 -999 -999 -999 -999
tso_wide_bayes_r28 0 0.014 0.029 0.019 0.081 0.039 0.017 0.065 0.03 0.023 NA NA NA NA 0.142 0.114 0.175 0.128 NA NA 0.312 0.199 0.467 0.252 0.246 0.377 0.301 0.277 0.221 0.339
tso_long_bayes_r28 0 0.014 0.03 0.019 0.082 0.04 0.017 0.066 0.031 0.022 NA NA NA NA 0.12 0.096 0.147 0.108 NA NA 0.307 0.194 0.455 0.246 0.241 0.369 0.293 0.271 0.216 0.331
msst_wide_ml_r29 0 0.013 0.029 0.019 0.086 0.043 0.017 0.066 0.029 NA 0 0.015 0.023 0.017 0 0.065 0.097 0.072 0.331 0.153 NA NA NA NA NA NA NA NA NA NA
msst_long_ml_r29 0 0.013 0.029 0.019 0.086 0.043 0.017 0.066 0.029 NA 0 0.015 0.023 0.017 0 0.065 0.097 0.072 0.332 0.153 NA NA NA NA NA NA NA NA NA NA
msst_wide_bayes_r29 0 0.013 0.029 0.019 0.087 0.042 0.017 0.066 0.029 NA 0 0.015 0.023 0.017 0 0.065 0.098 0.072 0.356 0.159 NA NA NA NA NA NA NA NA NA NA
msst_long_bayes_r29 0 0.014 0.029 0.019 0.087 0.043 0.017 0.066 0.029 NA 0 0.016 0.025 0.017 0 0.069 0.104 0.074 0.354 0.156 NA NA NA NA NA NA NA NA NA NA
cuts_wide_ml_r29 -999 -999 -999 -999 -999 -999 -999 -999 -999 -999 -999 -999 -999 -999 -999 -999 -999 -999 -999 -999 -999 -999 -999 -999 -999 -999 -999 -999 -999 -999
cuts_long_ml_r29 0 0.014 0.029 0.019 0.086 0.043 0.017 0.067 0.03 NA 0 0.015 0.023 0.017 0.153 0.12 0.185 0.137 0.332 NA 0.011 0.006 0.015 0.006 NA NA NA NA NA NA
cuts_wide_bayes_r29 0 0.014 0.029 0.019 0.087 0.043 0.017 0.066 0.03 NA 0 0.016 0.024 0.018 0.152 0.119 0.183 0.136 0.36 NA 0.004 0.003 0.007 0.005 NA NA NA NA NA NA
cuts_long_bayes_r29 0 0.013 0.03 0.019 0.087 0.042 0.017 0.066 0.03 NA 0 0.016 0.024 0.018 0.155 0.121 0.186 0.138 0.362 NA 0.004 0.003 0.007 0.005 NA NA NA NA NA NA
tso_wide_ml_r29 -999 -999 -999 -999 -999 -999 -999 -999 -999 -999 -999 -999 -999 -999 -999 -999 -999 -999 -999 -999 -999 -999 -999 -999 -999 -999 -999 -999 -999 -999
tso_wide_bayes_r29 0 0.014 0.029 0.019 0.087 0.043 0.017 0.065 0.03 0.022 NA NA NA NA 0.155 0.122 0.187 0.139 NA NA 0.398 0.245 0.581 0.317 0.309 0.476 0.373 0.352 0.276 0.425
tso_long_bayes_r29 0 0.013 0.029 0.019 0.087 0.042 0.017 0.067 0.03 0.023 NA NA NA NA 0.137 0.108 0.164 0.123 NA NA 0.401 0.245 0.583 0.32 0.31 0.479 0.374 0.355 0.277 0.428
msst_wide_ml_r30 0 0.014 0.029 0.019 0.083 0.041 0.017 0.064 0.031 NA 0 0.015 0.022 0.017 0 0.066 0.099 0.076 0.341 0.155 NA NA NA NA NA NA NA NA NA NA
msst_long_ml_r30 0 0.014 0.029 0.019 0.083 0.041 0.017 0.064 0.031 NA 0 0.015 0.022 0.017 0 0.067 0.099 0.076 0.34 0.155 NA NA NA NA NA NA NA NA NA NA
msst_wide_bayes_r30 0 0.014 0.029 0.02 0.083 0.042 0.017 0.064 0.03 NA 0 0.015 0.022 0.017 0 0.067 0.099 0.076 0.368 0.161 NA NA NA NA NA NA NA NA NA NA
msst_long_bayes_r30 0 0.014 0.029 0.019 0.084 0.041 0.017 0.064 0.03 NA 0 0.015 0.023 0.017 0 0.068 0.101 0.077 0.374 0.158 NA NA NA NA NA NA NA NA NA NA
cuts_wide_ml_r30 -999 -999 -999 -999 -999 -999 -999 -999 -999 -999 -999 -999 -999 -999 -999 -999 -999 -999 -999 -999 -999 -999 -999 -999 -999 -999 -999 -999 -999 -999
cuts_long_ml_r30 0 0.014 0.029 0.019 0.083 0.041 0.017 0.064 0.031 NA 0 0.017 0.025 0.019 0.156 0.123 0.19 0.143 0.343 NA 0.01 0.007 0.014 0.007 NA NA NA NA NA NA
cuts_wide_bayes_r30 0 0.013 0.029 0.019 0.082 0.042 0.017 0.064 0.031 NA 0 0.017 0.026 0.02 0.149 0.118 0.181 0.136 0.375 NA 0.011 0.003 0.007 0.005 NA NA NA NA NA NA
cuts_long_bayes_r30 0 0.014 0.029 0.019 0.083 0.041 0.017 0.064 0.031 NA 0 0.017 0.026 0.02 0.143 0.113 0.175 0.131 0.374 NA 0.011 0.002 0.007 0.005 NA NA NA NA NA NA
tso_wide_ml_r30 -999 -999 -999 -999 -999 -999 -999 -999 -999 -999 -999 -999 -999 -999 -999 -999 -999 -999 -999 -999 -999 -999 -999 -999 -999 -999 -999 -999 -999 -999
tso_wide_bayes_r30 0 0.014 0.029 0.019 0.083 0.041 0.017 0.064 0.031 0.022 NA NA NA NA 0.166 0.131 0.202 0.152 NA NA 0.413 0.258 0.613 0.345 0.323 0.498 0.394 0.373 0.296 0.456
tso_long_bayes_r30 0 0.014 0.029 0.019 0.083 0.041 0.017 0.064 0.031 0.022 NA NA NA NA 0.148 0.118 0.181 0.137 NA NA 0.412 0.258 0.612 0.347 0.323 0.498 0.394 0.374 0.297 0.457
msst_wide_ml_r31 -999 -999 -999 -999 -999 -999 -999 -999 -999 -999 -999 -999 -999 -999 -999 -999 -999 -999 -999 -999 -999 -999 -999 -999 -999 -999 -999 -999 -999 -999
msst_long_ml_r31 0 0.013 0.028 0.018 0.086 0.04 0.017 0.067 0.03 NA 0 0.015 0.022 0.016 0 0.064 0.095 0.07 0.345 0.157 NA NA NA NA NA NA NA NA NA NA
msst_wide_bayes_r31 0 0.013 0.028 0.018 0.087 0.04 0.017 0.067 0.03 NA 0 0.015 0.022 0.016 0 0.064 0.095 0.07 0.375 0.16 NA NA NA NA NA NA NA NA NA NA
msst_long_bayes_r31 0 0.013 0.028 0.018 0.086 0.04 0.017 0.068 0.03 NA 0 0.015 0.022 0.017 0 0.064 0.096 0.073 0.378 0.161 NA NA NA NA NA NA NA NA NA NA
cuts_wide_ml_r31 -999 -999 -999 -999 -999 -999 -999 -999 -999 -999 -999 -999 -999 -999 -999 -999 -999 -999 -999 -999 -999 -999 -999 -999 -999 -999 -999 -999 -999 -999
cuts_long_ml_r31 0 0.013 0.028 0.018 0.086 0.041 0.017 0.067 0.03 NA 0 0.015 0.022 0.017 0.157 0.125 0.189 0.141 0.347 NA 0.011 0.006 0.018 0.007 NA NA NA NA NA NA
cuts_wide_bayes_r31 0 0.013 0.028 0.018 0.085 0.04 0.017 0.066 0.03 NA 0 0.016 0.023 0.018 0.149 0.118 0.18 0.134 0.372 NA 0.003 0.003 0.006 0.006 NA NA NA NA NA NA
cuts_long_bayes_r31 0 0.013 0.028 0.018 0.087 0.04 0.017 0.067 0.03 NA 0 0.016 0.023 0.018 0.148 0.118 0.178 0.133 0.372 NA 0.003 0.003 0.005 0.006 NA NA NA NA NA NA
tso_wide_ml_r31 -999 -999 -999 -999 -999 -999 -999 -999 -999 -999 -999 -999 -999 -999 -999 -999 -999 -999 -999 -999 -999 -999 -999 -999 -999 -999 -999 -999 -999 -999
tso_wide_bayes_r31 0 0.013 0.028 0.018 0.087 0.041 0.017 0.068 0.03 0.022 NA NA NA NA 0.176 0.14 0.212 0.158 NA NA 0.426 0.272 0.62 0.346 0.338 0.51 0.406 0.381 0.304 0.459
tso_long_bayes_r31 0 0.013 0.028 0.018 0.086 0.04 0.017 0.067 0.03 0.022 NA NA NA NA 0.142 0.114 0.172 0.128 NA NA 0.414 0.263 0.604 0.336 0.328 0.496 0.395 0.37 0.295 0.446
msst_wide_ml_r32 -999 -999 -999 -999 -999 -999 -999 -999 -999 -999 -999 -999 -999 -999 -999 -999 -999 -999 -999 -999 -999 -999 -999 -999 -999 -999 -999 -999 -999 -999
msst_long_ml_r32 0 0.014 0.031 0.02 0.084 0.043 0.016 0.066 0.03 NA 0 0.016 0.024 0.018 0 0.067 0.102 0.075 0.313 0.149 NA NA NA NA NA NA NA NA NA NA
msst_wide_bayes_r32 0 0.014 0.031 0.02 0.084 0.043 0.016 0.066 0.03 NA 0 0.016 0.024 0.018 0 0.067 0.104 0.076 0.341 0.151 NA NA NA NA NA NA NA NA NA NA
msst_long_bayes_r32 0 0.014 0.031 0.02 0.084 0.043 0.016 0.066 0.03 NA 0 0.016 0.024 0.018 0 0.068 0.103 0.077 0.337 0.15 NA NA NA NA NA NA NA NA NA NA
cuts_wide_ml_r32 -999 -999 -999 -999 -999 -999 -999 -999 -999 -999 -999 -999 -999 -999 -999 -999 -999 -999 -999 -999 -999 -999 -999 -999 -999 -999 -999 -999 -999 -999
cuts_long_ml_r32 0 0.014 0.031 0.02 0.084 0.043 0.016 0.066 0.03 NA 0 0.016 0.025 0.018 0.149 0.117 0.18 0.13 0.313 NA 0.009 0.005 0.014 0.008 NA NA NA NA NA NA
cuts_wide_bayes_r32 0 0.014 0.031 0.02 0.083 0.043 0.016 0.067 0.03 NA 0 0.017 0.026 0.019 0.148 0.116 0.178 0.129 0.342 NA 0.007 0.003 0.007 0.003 NA NA NA NA NA NA
cuts_long_bayes_r32 0 0.014 0.031 0.02 0.084 0.043 0.016 0.066 0.03 NA 0 0.017 0.026 0.02 0.142 0.111 0.171 0.125 0.342 NA 0.007 0.003 0.007 0.003 NA NA NA NA NA NA
tso_wide_ml_r32 -999 -999 -999 -999 -999 -999 -999 -999 -999 -999 -999 -999 -999 -999 -999 -999 -999 -999 -999 -999 -999 -999 -999 -999 -999 -999 -999 -999 -999 -999
tso_wide_bayes_r32 0 0.014 0.031 0.02 0.083 0.043 0.016 0.066 0.03 0.022 NA NA NA NA 0.155 0.123 0.188 0.136 NA NA 0.378 0.234 0.553 0.29 0.295 0.452 0.356 0.328 0.259 0.397
tso_long_bayes_r32 0 0.014 0.031 0.02 0.083 0.043 0.016 0.065 0.03 0.022 NA NA NA NA 0.13 0.102 0.156 0.113 NA NA 0.378 0.233 0.551 0.291 0.294 0.452 0.355 0.328 0.258 0.397
msst_wide_ml_r33 -999 -999 -999 -999 -999 -999 -999 -999 -999 -999 -999 -999 -999 -999 -999 -999 -999 -999 -999 -999 -999 -999 -999 -999 -999 -999 -999 -999 -999 -999
msst_long_ml_r33 0 0.015 0.032 0.02 0.078 0.041 0.017 0.067 0.029 NA 0 0.014 0.021 0.015 0 0.06 0.091 0.067 0.388 0.166 NA NA NA NA NA NA NA NA NA NA
msst_wide_bayes_r33 0 0.015 0.033 0.02 0.078 0.041 0.017 0.068 0.03 NA 0 0.014 0.021 0.015 0 0.06 0.091 0.067 0.421 0.172 NA NA NA NA NA NA NA NA NA NA
msst_long_bayes_r33 0 0.015 0.032 0.021 0.078 0.041 0.017 0.068 0.03 NA 0 0.014 0.021 0.015 0 0.062 0.09 0.068 0.426 0.171 NA NA NA NA NA NA NA NA NA NA
cuts_wide_ml_r33 -999 -999 -999 -999 -999 -999 -999 -999 -999 -999 -999 -999 -999 -999 -999 -999 -999 -999 -999 -999 -999 -999 -999 -999 -999 -999 -999 -999 -999 -999
cuts_long_ml_r33 -999 -999 -999 -999 -999 -999 -999 -999 -999 -999 -999 -999 -999 -999 -999 -999 -999 -999 -999 -999 -999 -999 -999 -999 -999 -999 -999 -999 -999 -999
cuts_wide_bayes_r33 0 0.015 0.033 0.02 0.078 0.041 0.018 0.068 0.03 NA 0 0.015 0.023 0.017 0.173 0.134 0.207 0.153 0.428 NA 0.006 0.005 0.007 0.006 NA NA NA NA NA NA
cuts_long_bayes_r33 0 0.014 0.032 0.02 0.077 0.041 0.017 0.068 0.03 NA 0 0.015 0.023 0.017 0.177 0.137 0.21 0.156 0.423 NA 0.006 0.005 0.007 0.006 NA NA NA NA NA NA
tso_wide_ml_r33 -999 -999 -999 -999 -999 -999 -999 -999 -999 -999 -999 -999 -999 -999 -999 -999 -999 -999 -999 -999 -999 -999 -999 -999 -999 -999 -999 -999 -999 -999
tso_wide_bayes_r33 0 0.014 0.032 0.02 0.079 0.041 0.017 0.068 0.029 0.022 NA NA NA NA 0.178 0.138 0.212 0.156 NA NA 0.469 0.281 0.665 0.365 0.361 0.554 0.429 0.41 0.318 0.489
tso_long_bayes_r33 0 0.015 0.032 0.02 0.078 0.041 0.018 0.068 0.03 0.023 NA NA NA NA 0.133 0.104 0.159 0.119 NA NA 0.466 0.28 0.662 0.363 0.358 0.551 0.427 0.408 0.316 0.486
msst_wide_ml_r34 -999 -999 -999 -999 -999 -999 -999 -999 -999 -999 -999 -999 -999 -999 -999 -999 -999 -999 -999 -999 -999 -999 -999 -999 -999 -999 -999 -999 -999 -999
msst_long_ml_r34 0 0.014 0.03 0.02 0.083 0.041 0.017 0.065 0.03 NA 0 0.017 0.025 0.019 0 0.072 0.109 0.08 0.272 0.139 NA NA NA NA NA NA NA NA NA NA
msst_wide_bayes_r34 0 0.014 0.03 0.02 0.083 0.041 0.017 0.065 0.03 NA 0 0.017 0.025 0.019 0 0.073 0.109 0.079 0.293 0.143 NA NA NA NA NA NA NA NA NA NA
msst_long_bayes_r34 0 0.014 0.03 0.019 0.083 0.041 0.017 0.065 0.03 NA 0 0.017 0.026 0.02 0 0.073 0.112 0.084 0.297 0.142 NA NA NA NA NA NA NA NA NA NA
cuts_wide_ml_r34 -999 -999 -999 -999 -999 -999 -999 -999 -999 -999 -999 -999 -999 -999 -999 -999 -999 -999 -999 -999 -999 -999 -999 -999 -999 -999 -999 -999 -999 -999
cuts_long_ml_r34 0 0.014 0.03 0.02 0.083 0.041 0.017 0.065 0.03 NA 0 0.017 0.027 0.019 0.139 0.112 0.167 0.124 0.273 NA 0.01 0.007 0.014 0.007 NA NA NA NA NA NA
cuts_wide_bayes_r34 0 0.014 0.03 0.019 0.083 0.041 0.017 0.066 0.03 NA 0 0.018 0.028 0.02 0.15 0.12 0.18 0.134 0.3 NA 0.004 0.002 0.015 0.004 NA NA NA NA NA NA
cuts_long_bayes_r34 0 0.014 0.03 0.02 0.084 0.041 0.017 0.066 0.03 NA 0 0.018 0.029 0.02 0.144 0.115 0.173 0.128 0.296 NA 0.004 0.002 0.015 0.004 NA NA NA NA NA NA
tso_wide_ml_r34 -999 -999 -999 -999 -999 -999 -999 -999 -999 -999 -999 -999 -999 -999 -999 -999 -999 -999 -999 -999 -999 -999 -999 -999 -999 -999 -999 -999 -999 -999
tso_wide_bayes_r34 0 0.014 0.029 0.02 0.082 0.041 0.017 0.066 0.03 0.022 NA NA NA NA 0.14 0.112 0.168 0.125 NA NA 0.329 0.212 0.478 0.262 0.261 0.391 0.314 0.29 0.233 0.349
tso_long_bayes_r34 0 0.014 0.03 0.02 0.083 0.041 0.017 0.066 0.03 0.022 NA NA NA NA 0.112 0.09 0.133 0.1 NA NA 0.325 0.21 0.471 0.259 0.258 0.386 0.31 0.287 0.231 0.345
msst_wide_ml_r35 0 0.014 0.031 0.02 0.082 0.043 0.017 0.065 0.031 NA 0 0.015 0.023 0.018 0 0.066 0.099 0.076 0.339 0.155 NA NA NA NA NA NA NA NA NA NA
msst_long_ml_r35 0 0.014 0.031 0.02 0.082 0.043 0.017 0.065 0.031 NA 0 0.015 0.023 0.018 0 0.067 0.099 0.076 0.34 0.155 NA NA NA NA NA NA NA NA NA NA
msst_wide_bayes_r35 0 0.014 0.031 0.02 0.082 0.043 0.017 0.065 0.031 NA 0 0.015 0.023 0.018 0 0.066 0.099 0.076 0.367 0.157 NA NA NA NA NA NA NA NA NA NA
msst_long_bayes_r35 0 0.014 0.031 0.02 0.082 0.042 0.017 0.066 0.031 NA 0 0.016 0.023 0.018 0 0.069 0.101 0.08 0.371 0.157 NA NA NA NA NA NA NA NA NA NA
cuts_wide_ml_r35 -999 -999 -999 -999 -999 -999 -999 -999 -999 -999 -999 -999 -999 -999 -999 -999 -999 -999 -999 -999 -999 -999 -999 -999 -999 -999 -999 -999 -999 -999
cuts_long_ml_r35 -999 -999 -999 -999 -999 -999 -999 -999 -999 -999 -999 -999 -999 -999 -999 -999 -999 -999 -999 -999 -999 -999 -999 -999 -999 -999 -999 -999 -999 -999
cuts_wide_bayes_r35 0 0.014 0.031 0.02 0.081 0.043 0.017 0.065 0.031 NA 0 0.017 0.028 0.02 0.145 0.117 0.179 0.135 0.367 NA 0.01 0.002 0.015 0.005 NA NA NA NA NA NA
cuts_long_bayes_r35 0 0.014 0.031 0.02 0.081 0.043 0.017 0.065 0.031 NA 0 0.018 0.028 0.02 0.161 0.13 0.198 0.15 0.368 NA 0.01 0.002 0.015 0.005 NA NA NA NA NA NA
tso_wide_ml_r35 -999 -999 -999 -999 -999 -999 -999 -999 -999 -999 -999 -999 -999 -999 -999 -999 -999 -999 -999 -999 -999 -999 -999 -999 -999 -999 -999 -999 -999 -999
tso_wide_bayes_r35 0 0.014 0.03 0.02 0.081 0.043 0.017 0.064 0.032 0.022 NA NA NA NA 0.167 0.135 0.206 0.156 NA NA 0.415 0.268 0.626 0.36 0.33 0.504 0.406 0.382 0.308 0.47
tso_long_bayes_r35 0 0.014 0.031 0.02 0.081 0.043 0.017 0.065 0.031 0.023 NA NA NA NA 0.127 0.102 0.156 0.118 NA NA 0.402 0.259 0.609 0.347 0.319 0.489 0.393 0.37 0.297 0.455
msst_wide_ml_r36 -999 -999 -999 -999 -999 -999 -999 -999 -999 -999 -999 -999 -999 -999 -999 -999 -999 -999 -999 -999 -999 -999 -999 -999 -999 -999 -999 -999 -999 -999
msst_long_ml_r36 0 0.014 0.031 0.02 0.083 0.043 0.017 0.066 0.03 NA 0 0.017 0.026 0.019 0 0.073 0.114 0.084 0.27 0.138 NA NA NA NA NA NA NA NA NA NA
msst_wide_bayes_r36 0 0.014 0.031 0.02 0.083 0.043 0.016 0.068 0.03 NA 0 0.017 0.027 0.019 0 0.075 0.116 0.084 0.291 0.143 NA NA NA NA NA NA NA NA NA NA
msst_long_bayes_r36 0 0.014 0.031 0.02 0.083 0.043 0.017 0.067 0.03 NA 0 0.018 0.027 0.02 0 0.076 0.115 0.087 0.296 0.142 NA NA NA NA NA NA NA NA NA NA
cuts_wide_ml_r36 -999 -999 -999 -999 -999 -999 -999 -999 -999 -999 -999 -999 -999 -999 -999 -999 -999 -999 -999 -999 -999 -999 -999 -999 -999 -999 -999 -999 -999 -999
cuts_long_ml_r36 0 0.014 0.031 0.02 0.083 0.044 0.017 0.067 0.031 NA 0 0.017 0.027 0.019 0.138 0.109 0.17 0.125 0.269 NA 0.008 0.005 0.013 0.006 NA NA NA NA NA NA
cuts_wide_bayes_r36 0 0.014 0.03 0.02 0.082 0.043 0.017 0.067 0.03 NA 0 0.018 0.029 0.021 0.14 0.11 0.171 0.127 0.29 NA 0.006 0.004 0.011 0.005 NA NA NA NA NA NA
cuts_long_bayes_r36 0 0.014 0.031 0.02 0.084 0.043 0.017 0.067 0.03 NA 0 0.019 0.029 0.021 0.122 0.097 0.151 0.111 0.292 NA 0.007 0.004 0.011 0.005 NA NA NA NA NA NA
tso_wide_ml_r36 -999 -999 -999 -999 -999 -999 -999 -999 -999 -999 -999 -999 -999 -999 -999 -999 -999 -999 -999 -999 -999 -999 -999 -999 -999 -999 -999 -999 -999 -999
tso_wide_bayes_r36 0 0.014 0.031 0.02 0.084 0.043 0.017 0.067 0.031 0.023 NA NA NA NA 0.145 0.114 0.178 0.131 NA NA 0.323 0.201 0.493 0.267 0.252 0.394 0.311 0.29 0.229 0.359
tso_long_bayes_r36 0 0.014 0.031 0.02 0.083 0.043 0.017 0.066 0.03 0.022 NA NA NA NA 0.094 0.075 0.116 0.085 NA NA 0.32 0.199 0.488 0.263 0.249 0.39 0.307 0.286 0.226 0.354
msst_wide_ml_r37 -999 -999 -999 -999 -999 -999 -999 -999 -999 -999 -999 -999 -999 -999 -999 -999 -999 -999 -999 -999 -999 -999 -999 -999 -999 -999 -999 -999 -999 -999
msst_long_ml_r37 0 0.014 0.031 0.02 0.082 0.042 0.016 0.064 0.029 NA 0 0.016 0.024 0.018 0 0.065 0.099 0.071 0.295 0.144 NA NA NA NA NA NA NA NA NA NA
msst_wide_bayes_r37 0 0.014 0.031 0.02 0.082 0.042 0.016 0.065 0.029 NA 0 0.016 0.025 0.017 0 0.065 0.1 0.071 0.319 0.147 NA NA NA NA NA NA NA NA NA NA
msst_long_bayes_r37 0 0.014 0.031 0.02 0.082 0.042 0.016 0.066 0.029 NA 0 0.017 0.025 0.018 0 0.067 0.101 0.073 0.317 0.147 NA NA NA NA NA NA NA NA NA NA
cuts_wide_ml_r37 -999 -999 -999 -999 -999 -999 -999 -999 -999 -999 -999 -999 -999 -999 -999 -999 -999 -999 -999 -999 -999 -999 -999 -999 -999 -999 -999 -999 -999 -999
cuts_long_ml_r37 0 0.014 0.031 0.02 0.081 0.042 0.016 0.065 0.03 NA 0 0.017 0.026 0.019 0.145 0.114 0.172 0.124 0.296 NA 0.01 0.006 0.014 0.006 NA NA NA NA NA NA
cuts_wide_bayes_r37 0 0.014 0.031 0.02 0.082 0.042 0.016 0.064 0.029 NA 0 0.018 0.028 0.02 0.146 0.115 0.174 0.125 0.321 NA 0.01 0.003 0.008 0.006 NA NA NA NA NA NA
cuts_long_bayes_r37 0 0.014 0.03 0.02 0.081 0.042 0.016 0.064 0.029 NA 0 0.018 0.027 0.02 0.147 0.117 0.175 0.126 0.325 NA 0.01 0.003 0.008 0.006 NA NA NA NA NA NA
tso_wide_ml_r37 -999 -999 -999 -999 -999 -999 -999 -999 -999 -999 -999 -999 -999 -999 -999 -999 -999 -999 -999 -999 -999 -999 -999 -999 -999 -999 -999 -999 -999 -999
tso_wide_bayes_r37 0 0.014 0.031 0.02 0.081 0.042 0.016 0.065 0.029 0.022 NA NA NA NA 0.152 0.12 0.181 0.13 NA NA 0.361 0.225 0.511 0.263 0.282 0.424 0.336 0.304 0.241 0.362
tso_long_bayes_r37 0 0.014 0.031 0.02 0.081 0.042 0.016 0.064 0.029 0.023 NA NA NA NA 0.147 0.117 0.174 0.126 NA NA 0.358 0.224 0.506 0.262 0.28 0.421 0.333 0.302 0.239 0.36
msst_wide_ml_r38 -999 -999 -999 -999 -999 -999 -999 -999 -999 -999 -999 -999 -999 -999 -999 -999 -999 -999 -999 -999 -999 -999 -999 -999 -999 -999 -999 -999 -999 -999
msst_long_ml_r38 0 0.013 0.03 0.019 0.082 0.041 0.016 0.066 0.03 NA 0 0.018 0.027 0.02 0 0.077 0.113 0.085 0.244 0.132 NA NA NA NA NA NA NA NA NA NA
msst_wide_bayes_r38 0 0.014 0.031 0.019 0.083 0.041 0.016 0.066 0.03 NA 0 0.018 0.027 0.02 0 0.077 0.114 0.086 0.262 0.133 NA NA NA NA NA NA NA NA NA NA
msst_long_bayes_r38 0 0.013 0.03 0.019 0.083 0.041 0.016 0.067 0.03 NA 0 0.018 0.029 0.021 0 0.078 0.123 0.087 0.263 0.134 NA NA NA NA NA NA NA NA NA NA
cuts_wide_ml_r38 -999 -999 -999 -999 -999 -999 -999 -999 -999 -999 -999 -999 -999 -999 -999 -999 -999 -999 -999 -999 -999 -999 -999 -999 -999 -999 -999 -999 -999 -999
cuts_long_ml_r38 -999 -999 -999 -999 -999 -999 -999 -999 -999 -999 -999 -999 -999 -999 -999 -999 -999 -999 -999 -999 -999 -999 -999 -999 -999 -999 -999 -999 -999 -999
cuts_wide_bayes_r38 0 0.013 0.03 0.019 0.082 0.041 0.016 0.066 0.03 NA 0 0.02 0.029 0.023 0.131 0.107 0.158 0.117 0.27 NA 0.006 0.005 0.006 0.008 NA NA NA NA NA NA
cuts_long_bayes_r38 0 0.014 0.031 0.019 0.083 0.041 0.016 0.066 0.03 NA 0 0.02 0.028 0.023 0.15 0.123 0.18 0.134 0.267 NA 0.006 0.005 0.006 0.008 NA NA NA NA NA NA
tso_wide_ml_r38 -999 -999 -999 -999 -999 -999 -999 -999 -999 -999 -999 -999 -999 -999 -999 -999 -999 -999 -999 -999 -999 -999 -999 -999 -999 -999 -999 -999 -999 -999
tso_wide_bayes_r38 0 0.014 0.031 0.019 0.084 0.041 0.016 0.067 0.03 0.022 NA NA NA NA 0.148 0.121 0.177 0.133 NA NA 0.293 0.197 0.423 0.237 0.237 0.348 0.285 0.26 0.212 0.312
tso_long_bayes_r38 0 0.013 0.03 0.019 0.083 0.042 0.016 0.066 0.03 0.022 NA NA NA NA 0.117 0.095 0.139 0.105 NA NA 0.298 0.199 0.43 0.241 0.241 0.354 0.289 0.264 0.216 0.318
msst_wide_ml_r39 -999 -999 -999 -999 -999 -999 -999 -999 -999 -999 -999 -999 -999 -999 -999 -999 -999 -999 -999 -999 -999 -999 -999 -999 -999 -999 -999 -999 -999 -999
msst_long_ml_r39 0 0.014 0.03 0.02 0.086 0.044 0.017 0.067 0.031 NA 0 0.015 0.023 0.017 0 0.067 0.1 0.074 0.342 0.156 NA NA NA NA NA NA NA NA NA NA
msst_wide_bayes_r39 0 0.014 0.031 0.02 0.087 0.044 0.017 0.067 0.031 NA 0 0.015 0.023 0.017 0 0.067 0.101 0.074 0.367 0.161 NA NA NA NA NA NA NA NA NA NA
msst_long_bayes_r39 0 0.014 0.03 0.02 0.087 0.044 0.017 0.067 0.031 NA 0 0.016 0.022 0.018 0 0.069 0.098 0.077 0.374 0.161 NA NA NA NA NA NA NA NA NA NA
cuts_wide_ml_r39 -999 -999 -999 -999 -999 -999 -999 -999 -999 -999 -999 -999 -999 -999 -999 -999 -999 -999 -999 -999 -999 -999 -999 -999 -999 -999 -999 -999 -999 -999
cuts_long_ml_r39 0 0.014 0.03 0.02 0.086 0.044 0.017 0.068 0.031 NA 0 0.016 0.023 0.017 0.156 0.125 0.188 0.141 0.342 NA 0.009 0.007 0.013 0.007 NA NA NA NA NA NA
cuts_wide_bayes_r39 0 0.014 0.03 0.02 0.086 0.044 0.017 0.067 0.031 NA 0 0.017 0.025 0.019 0.15 0.121 0.182 0.136 0.375 NA 0.006 0.002 0.009 0.005 NA NA NA NA NA NA
cuts_long_bayes_r39 0 0.014 0.03 0.02 0.087 0.045 0.017 0.068 0.031 NA 0 0.016 0.025 0.019 0.164 0.132 0.198 0.147 0.375 NA 0.006 0.002 0.009 0.005 NA NA NA NA NA NA
tso_wide_ml_r39 -999 -999 -999 -999 -999 -999 -999 -999 -999 -999 -999 -999 -999 -999 -999 -999 -999 -999 -999 -999 -999 -999 -999 -999 -999 -999 -999 -999 -999 -999
tso_wide_bayes_r39 0 0.014 0.03 0.02 0.086 0.044 0.017 0.068 0.031 0.022 NA NA NA NA 0.174 0.14 0.21 0.157 NA NA 0.414 0.269 0.603 0.339 0.33 0.495 0.399 0.371 0.299 0.448
tso_long_bayes_r39 0 0.014 0.03 0.02 0.086 0.044 0.017 0.068 0.031 0.022 NA NA NA NA 0.149 0.119 0.179 0.134 NA NA 0.408 0.265 0.594 0.333 0.326 0.488 0.393 0.365 0.294 0.441
msst_wide_ml_r40 0 0.013 0.031 0.02 0.085 0.043 0.016 0.07 0.032 NA 0 0.014 0.022 0.017 0 0.059 0.092 0.068 0.358 0.159 NA NA NA NA NA NA NA NA NA NA
msst_long_ml_r40 0 0.013 0.031 0.02 0.085 0.043 0.016 0.07 0.032 NA 0 0.014 0.022 0.017 0 0.059 0.092 0.068 0.358 0.159 NA NA NA NA NA NA NA NA NA NA
msst_wide_bayes_r40 0 0.014 0.031 0.02 0.086 0.043 0.016 0.072 0.032 NA 0 0.014 0.022 0.017 0 0.059 0.091 0.068 0.39 0.162 NA NA NA NA NA NA NA NA NA NA
msst_long_bayes_r40 0 0.013 0.031 0.02 0.085 0.043 0.016 0.071 0.032 NA 0 0.015 0.022 0.017 0 0.061 0.091 0.069 0.388 0.165 NA NA NA NA NA NA NA NA NA NA
cuts_wide_ml_r40 -999 -999 -999 -999 -999 -999 -999 -999 -999 -999 -999 -999 -999 -999 -999 -999 -999 -999 -999 -999 -999 -999 -999 -999 -999 -999 -999 -999 -999 -999
cuts_long_ml_r40 0 0.014 0.031 0.02 0.085 0.043 0.016 0.071 0.032 NA 0 0.015 0.023 0.017 0.159 0.125 0.187 0.143 0.358 NA 0.01 0.006 0.014 0.007 NA NA NA NA NA NA
cuts_wide_bayes_r40 0 0.014 0.031 0.02 0.085 0.043 0.016 0.07 0.032 NA 0 0.015 0.024 0.017 0.167 0.131 0.196 0.149 0.385 NA 0.004 0.003 0.01 0.004 NA NA NA NA NA NA
cuts_long_bayes_r40 0 0.013 0.031 0.02 0.084 0.042 0.016 0.071 0.032 NA 0 0.015 0.023 0.017 0.154 0.122 0.181 0.138 0.389 NA 0.004 0.003 0.01 0.004 NA NA NA NA NA NA
tso_wide_ml_r40 -999 -999 -999 -999 -999 -999 -999 -999 -999 -999 -999 -999 -999 -999 -999 -999 -999 -999 -999 -999 -999 -999 -999 -999 -999 -999 -999 -999 -999 -999
tso_wide_bayes_r40 0 0.013 0.031 0.02 0.085 0.043 0.016 0.069 0.032 0.022 NA NA NA NA 0.16 0.125 0.188 0.143 NA NA 0.432 0.267 0.596 0.347 0.337 0.503 0.395 0.384 0.302 0.451
tso_long_bayes_r40 0 0.013 0.031 0.02 0.086 0.043 0.016 0.071 0.032 0.022 NA NA NA NA 0.144 0.114 0.171 0.13 NA NA 0.425 0.263 0.59 0.342 0.332 0.496 0.39 0.378 0.297 0.445
msst_wide_ml_r41 -999 -999 -999 -999 -999 -999 -999 -999 -999 -999 -999 -999 -999 -999 -999 -999 -999 -999 -999 -999 -999 -999 -999 -999 -999 -999 -999 -999 -999 -999
msst_long_ml_r41 0 0.013 0.03 0.019 0.087 0.044 0.016 0.069 0.031 NA 0 0.015 0.023 0.017 0 0.069 0.105 0.079 0.34 0.155 NA NA NA NA NA NA NA NA NA NA
msst_wide_bayes_r41 0 0.013 0.03 0.019 0.087 0.044 0.016 0.07 0.031 NA 0 0.015 0.023 0.017 0 0.07 0.106 0.08 0.376 0.161 NA NA NA NA NA NA NA NA NA NA
msst_long_bayes_r41 0 0.013 0.03 0.019 0.087 0.044 0.016 0.069 0.031 NA 0 0.015 0.023 0.017 0 0.07 0.11 0.078 0.371 0.159 NA NA NA NA NA NA NA NA NA NA
cuts_wide_ml_r41 -999 -999 -999 -999 -999 -999 -999 -999 -999 -999 -999 -999 -999 -999 -999 -999 -999 -999 -999 -999 -999 -999 -999 -999 -999 -999 -999 -999 -999 -999
cuts_long_ml_r41 0 0.013 0.03 0.019 0.087 0.044 0.016 0.07 0.031 NA 0 0.015 0.024 0.018 0.155 0.122 0.181 0.142 0.341 NA 0.009 0.006 0.014 0.007 NA NA NA NA NA NA
cuts_wide_bayes_r41 0 0.013 0.03 0.019 0.088 0.044 0.016 0.069 0.031 NA 0 0.016 0.025 0.019 0.167 0.132 0.196 0.153 0.379 NA 0.007 0.003 0.012 0.006 NA NA NA NA NA NA
cuts_long_bayes_r41 0 0.013 0.03 0.019 0.087 0.044 0.016 0.07 0.031 NA 0 0.016 0.026 0.019 0.134 0.106 0.157 0.122 0.37 NA 0.007 0.003 0.012 0.006 NA NA NA NA NA NA
tso_wide_ml_r41 -999 -999 -999 -999 -999 -999 -999 -999 -999 -999 -999 -999 -999 -999 -999 -999 -999 -999 -999 -999 -999 -999 -999 -999 -999 -999 -999 -999 -999 -999
tso_wide_bayes_r41 0 0.013 0.03 0.019 0.087 0.044 0.016 0.07 0.031 0.023 NA NA NA NA 0.185 0.146 0.216 0.168 NA NA 0.417 0.259 0.568 0.347 0.326 0.482 0.38 0.377 0.298 0.44
tso_long_bayes_r41 0 0.013 0.03 0.019 0.088 0.044 0.016 0.07 0.031 0.022 NA NA NA NA 0.136 0.107 0.16 0.124 NA NA 0.41 0.255 0.561 0.342 0.32 0.474 0.374 0.371 0.293 0.433
msst_wide_ml_r42 -999 -999 -999 -999 -999 -999 -999 -999 -999 -999 -999 -999 -999 -999 -999 -999 -999 -999 -999 -999 -999 -999 -999 -999 -999 -999 -999 -999 -999 -999
msst_long_ml_r42 0 0.013 0.03 0.019 0.088 0.043 0.017 0.068 0.031 NA 0 0.017 0.025 0.019 0 0.071 0.106 0.079 0.277 0.14 NA NA NA NA NA NA NA NA NA NA
msst_wide_bayes_r42 0 0.013 0.03 0.019 0.088 0.044 0.017 0.069 0.031 NA 0 0.017 0.026 0.019 0 0.071 0.107 0.079 0.301 0.146 NA NA NA NA NA NA NA NA NA NA
msst_long_bayes_r42 0 0.013 0.03 0.019 0.087 0.044 0.017 0.068 0.031 NA 0 0.018 0.026 0.019 0 0.073 0.106 0.08 0.3 0.144 NA NA NA NA NA NA NA NA NA NA
cuts_wide_ml_r42 -999 -999 -999 -999 -999 -999 -999 -999 -999 -999 -999 -999 -999 -999 -999 -999 -999 -999 -999 -999 -999 -999 -999 -999 -999 -999 -999 -999 -999 -999
cuts_long_ml_r42 0 0.013 0.029 0.019 0.087 0.044 0.017 0.069 0.031 NA 0 0.018 0.026 0.02 0.14 0.109 0.168 0.124 0.279 NA 0.009 0.006 0.014 0.007 NA NA NA NA NA NA
cuts_wide_bayes_r42 0 0.013 0.029 0.019 0.087 0.044 0.017 0.068 0.031 NA 0 0.019 0.028 0.021 0.143 0.111 0.171 0.127 0.301 NA 0.008 0.005 0.009 0.007 NA NA NA NA NA NA
cuts_long_bayes_r42 0 0.013 0.03 0.019 0.087 0.044 0.017 0.068 0.031 NA 0 0.019 0.028 0.022 0.149 0.116 0.178 0.132 0.303 NA 0.008 0.005 0.008 0.007 NA NA NA NA NA NA
tso_wide_ml_r42 -999 -999 -999 -999 -999 -999 -999 -999 -999 -999 -999 -999 -999 -999 -999 -999 -999 -999 -999 -999 -999 -999 -999 -999 -999 -999 -999 -999 -999 -999
tso_wide_bayes_r42 0 0.013 0.03 0.019 0.088 0.044 0.017 0.068 0.031 0.023 NA NA NA NA 0.146 0.113 0.175 0.129 NA NA 0.336 0.203 0.482 0.263 0.258 0.398 0.309 0.293 0.228 0.352
tso_long_bayes_r42 0 0.013 0.03 0.019 0.088 0.044 0.017 0.068 0.031 0.022 NA NA NA NA 0.087 0.069 0.106 0.077 NA NA 0.331 0.201 0.476 0.259 0.254 0.392 0.305 0.289 0.225 0.346
msst_wide_ml_r43 -999 -999 -999 -999 -999 -999 -999 -999 -999 -999 -999 -999 -999 -999 -999 -999 -999 -999 -999 -999 -999 -999 -999 -999 -999 -999 -999 -999 -999 -999
msst_long_ml_r43 0 0.013 0.03 0.019 0.083 0.041 0.016 0.064 0.03 NA 0 0.016 0.023 0.017 0 0.066 0.097 0.073 0.328 0.152 NA NA NA NA NA NA NA NA NA NA
msst_wide_bayes_r43 0 0.013 0.03 0.019 0.083 0.041 0.016 0.065 0.03 NA 0 0.016 0.023 0.017 0 0.066 0.098 0.074 0.355 0.156 NA NA NA NA NA NA NA NA NA NA
msst_long_bayes_r43 0 0.013 0.03 0.019 0.083 0.041 0.016 0.064 0.03 NA 0 0.016 0.024 0.017 0 0.068 0.099 0.073 0.358 0.157 NA NA NA NA NA NA NA NA NA NA
cuts_wide_ml_r43 -999 -999 -999 -999 -999 -999 -999 -999 -999 -999 -999 -999 -999 -999 -999 -999 -999 -999 -999 -999 -999 -999 -999 -999 -999 -999 -999 -999 -999 -999
cuts_long_ml_r43 -999 -999 -999 -999 -999 -999 -999 -999 -999 -999 -999 -999 -999 -999 -999 -999 -999 -999 -999 -999 -999 -999 -999 -999 -999 -999 -999 -999 -999 -999
cuts_wide_bayes_r43 0 0.014 0.03 0.02 0.084 0.041 0.016 0.064 0.03 NA 0 0.016 0.024 0.019 0.156 0.13 0.195 0.143 0.356 NA 0.002 0.003 0.009 0.006 NA NA NA NA NA NA
cuts_long_bayes_r43 0 0.014 0.029 0.019 0.082 0.041 0.016 0.064 0.03 NA 0 0.016 0.024 0.019 0.155 0.128 0.194 0.142 0.355 NA 0.003 0.003 0.009 0.006 NA NA NA NA NA NA
tso_wide_ml_r43 -999 -999 -999 -999 -999 -999 -999 -999 -999 -999 -999 -999 -999 -999 -999 -999 -999 -999 -999 -999 -999 -999 -999 -999 -999 -999 -999 -999 -999 -999
tso_wide_bayes_r43 0 0.013 0.03 0.019 0.083 0.042 0.016 0.063 0.03 0.022 NA NA NA NA 0.158 0.131 0.197 0.144 NA NA 0.39 0.268 0.609 0.329 0.321 0.484 0.401 0.355 0.295 0.443
tso_long_bayes_r43 0 0.014 0.03 0.019 0.083 0.041 0.016 0.064 0.03 0.022 NA NA NA NA 0.188 0.155 0.235 0.172 NA NA 0.397 0.272 0.621 0.333 0.326 0.493 0.407 0.361 0.298 0.45
msst_wide_ml_r44 0 0.014 0.03 0.02 0.084 0.041 0.017 0.066 0.031 NA 0 0.017 0.025 0.019 0 0.072 0.109 0.081 0.277 0.14 NA NA NA NA NA NA NA NA NA NA
msst_long_ml_r44 0 0.014 0.03 0.02 0.084 0.041 0.017 0.066 0.031 NA 0 0.017 0.025 0.019 0 0.072 0.109 0.081 0.277 0.14 NA NA NA NA NA NA NA NA NA NA
msst_wide_bayes_r44 0 0.014 0.03 0.02 0.085 0.042 0.017 0.065 0.031 NA 0 0.017 0.025 0.019 0 0.071 0.109 0.082 0.3 0.142 NA NA NA NA NA NA NA NA NA NA
msst_long_bayes_r44 0 0.014 0.031 0.02 0.084 0.042 0.017 0.067 0.031 NA 0 0.017 0.026 0.019 0 0.075 0.112 0.083 0.306 0.145 NA NA NA NA NA NA NA NA NA NA
cuts_wide_ml_r44 -999 -999 -999 -999 -999 -999 -999 -999 -999 -999 -999 -999 -999 -999 -999 -999 -999 -999 -999 -999 -999 -999 -999 -999 -999 -999 -999 -999 -999 -999
cuts_long_ml_r44 0 0.014 0.03 0.02 0.084 0.042 0.017 0.066 0.031 NA 0 0.018 0.026 0.02 0.14 0.108 0.164 0.125 0.278 NA 0.009 0.006 0.016 0.008 NA NA NA NA NA NA
cuts_wide_bayes_r44 0 0.014 0.03 0.02 0.084 0.042 0.017 0.067 0.031 NA 0 0.019 0.028 0.021 0.142 0.11 0.167 0.127 0.301 NA 0.008 0.003 0.006 0.003 NA NA NA NA NA NA
cuts_long_bayes_r44 0 0.014 0.03 0.02 0.084 0.042 0.017 0.066 0.031 NA 0 0.018 0.027 0.02 0.135 0.105 0.159 0.12 0.302 NA 0.009 0.003 0.006 0.003 NA NA NA NA NA NA
tso_wide_ml_r44 -999 -999 -999 -999 -999 -999 -999 -999 -999 -999 -999 -999 -999 -999 -999 -999 -999 -999 -999 -999 -999 -999 -999 -999 -999 -999 -999 -999 -999 -999
tso_wide_bayes_r44 0 0.014 0.03 0.02 0.084 0.042 0.017 0.067 0.031 0.022 NA NA NA NA 0.142 0.11 0.166 0.126 NA NA 0.333 0.199 0.459 0.264 0.255 0.386 0.299 0.293 0.227 0.344
tso_long_bayes_r44 0 0.014 0.03 0.02 0.084 0.042 0.017 0.067 0.031 0.022 NA NA NA NA 0.109 0.084 0.128 0.096 NA NA 0.333 0.199 0.456 0.262 0.254 0.385 0.297 0.292 0.226 0.342
msst_wide_ml_r45 -999 -999 -999 -999 -999 -999 -999 -999 -999 -999 -999 -999 -999 -999 -999 -999 -999 -999 -999 -999 -999 -999 -999 -999 -999 -999 -999 -999 -999 -999
msst_long_ml_r45 0 0.013 0.031 0.019 0.084 0.042 0.017 0.068 0.029 NA 0 0.015 0.022 0.017 0 0.062 0.095 0.07 0.348 0.157 NA NA NA NA NA NA NA NA NA NA
msst_wide_bayes_r45 0 0.013 0.031 0.019 0.084 0.042 0.017 0.068 0.029 NA 0 0.014 0.022 0.016 0 0.061 0.095 0.07 0.384 0.161 NA NA NA NA NA NA NA NA NA NA
msst_long_bayes_r45 0 0.014 0.031 0.019 0.084 0.042 0.016 0.068 0.029 NA 0 0.015 0.023 0.016 0 0.064 0.098 0.069 0.387 0.162 NA NA NA NA NA NA NA NA NA NA
cuts_wide_ml_r45 -999 -999 -999 -999 -999 -999 -999 -999 -999 -999 -999 -999 -999 -999 -999 -999 -999 -999 -999 -999 -999 -999 -999 -999 -999 -999 -999 -999 -999 -999
cuts_long_ml_r45 0 0.014 0.031 0.019 0.084 0.043 0.017 0.069 0.03 NA 0 0.015 0.023 0.017 0.157 0.124 0.192 0.141 0.35 NA 0.01 0.005 0.013 0.007 NA NA NA NA NA NA
cuts_wide_bayes_r45 0 0.013 0.031 0.019 0.084 0.043 0.017 0.069 0.03 NA 0 0.016 0.025 0.018 0.158 0.125 0.193 0.142 0.379 NA 0.004 0.003 0.011 0.005 NA NA NA NA NA NA
cuts_long_bayes_r45 0 0.013 0.03 0.019 0.084 0.043 0.017 0.068 0.029 NA 0 0.016 0.024 0.018 0.144 0.114 0.176 0.13 0.375 NA 0.004 0.004 0.01 0.005 NA NA NA NA NA NA
tso_wide_ml_r45 -999 -999 -999 -999 -999 -999 -999 -999 -999 -999 -999 -999 -999 -999 -999 -999 -999 -999 -999 -999 -999 -999 -999 -999 -999 -999 -999 -999 -999 -999
tso_wide_bayes_r45 0 0.014 0.03 0.019 0.084 0.043 0.017 0.069 0.029 0.023 NA NA NA NA 0.164 0.13 0.2 0.148 NA NA 0.422 0.261 0.623 0.341 0.329 0.508 0.399 0.376 0.296 0.457
tso_long_bayes_r45 0 0.013 0.03 0.019 0.084 0.043 0.016 0.069 0.03 0.023 NA NA NA NA 0.152 0.12 0.186 0.136 NA NA 0.419 0.259 0.62 0.338 0.327 0.505 0.397 0.373 0.294 0.453
msst_wide_ml_r46 -999 -999 -999 -999 -999 -999 -999 -999 -999 -999 -999 -999 -999 -999 -999 -999 -999 -999 -999 -999 -999 -999 -999 -999 -999 -999 -999 -999 -999 -999
msst_long_ml_r46 0 0.013 0.029 0.019 0.084 0.041 0.016 0.064 0.029 NA 0 0.017 0.024 0.018 0 0.073 0.105 0.08 0.285 0.142 NA NA NA NA NA NA NA NA NA NA
msst_wide_bayes_r46 0 0.013 0.029 0.019 0.083 0.041 0.016 0.065 0.03 NA 0 0.017 0.025 0.019 0 0.074 0.107 0.081 0.311 0.146 NA NA NA NA NA NA NA NA NA NA
msst_long_bayes_r46 0 0.013 0.029 0.019 0.085 0.041 0.016 0.063 0.03 NA 0 0.017 0.025 0.019 0 0.075 0.11 0.082 0.307 0.146 NA NA NA NA NA NA NA NA NA NA
cuts_wide_ml_r46 -999 -999 -999 -999 -999 -999 -999 -999 -999 -999 -999 -999 -999 -999 -999 -999 -999 -999 -999 -999 -999 -999 -999 -999 -999 -999 -999 -999 -999 -999
cuts_long_ml_r46 0 0.013 0.029 0.019 0.084 0.041 0.016 0.065 0.029 NA 0 0.018 0.025 0.02 0.142 0.117 0.178 0.131 0.286 NA 0.008 0.006 0.014 0.007 NA NA NA NA NA NA
cuts_wide_bayes_r46 0 0.013 0.029 0.019 0.085 0.041 0.016 0.065 0.03 NA 0 0.018 0.026 0.021 0.142 0.117 0.178 0.131 0.314 NA 0.006 0.003 0.008 0.007 NA NA NA NA NA NA
cuts_long_bayes_r46 0 0.013 0.029 0.019 0.083 0.042 0.016 0.065 0.029 NA 0 0.018 0.026 0.021 0.15 0.124 0.188 0.138 0.315 NA 0.006 0.003 0.007 0.007 NA NA NA NA NA NA
tso_wide_ml_r46 -999 -999 -999 -999 -999 -999 -999 -999 -999 -999 -999 -999 -999 -999 -999 -999 -999 -999 -999 -999 -999 -999 -999 -999 -999 -999 -999 -999 -999 -999
tso_wide_bayes_r46 0 0.013 0.029 0.019 0.084 0.041 0.016 0.064 0.03 0.023 NA NA NA NA 0.143 0.118 0.18 0.132 NA NA 0.347 0.233 0.545 0.294 0.281 0.43 0.353 0.316 0.259 0.396
tso_long_bayes_r46 0 0.013 0.029 0.019 0.084 0.041 0.016 0.064 0.029 0.022 NA NA NA NA 0.149 0.121 0.186 0.135 NA NA 0.342 0.23 0.538 0.289 0.277 0.425 0.348 0.311 0.255 0.39
msst_wide_ml_r47 -999 -999 -999 -999 -999 -999 -999 -999 -999 -999 -999 -999 -999 -999 -999 -999 -999 -999 -999 -999 -999 -999 -999 -999 -999 -999 -999 -999 -999 -999
msst_long_ml_r47 0 0.014 0.03 0.02 0.082 0.041 0.017 0.066 0.03 NA 0 0.015 0.022 0.017 0 0.064 0.096 0.071 0.342 0.156 NA NA NA NA NA NA NA NA NA NA
msst_wide_bayes_r47 0 0.014 0.03 0.019 0.082 0.041 0.018 0.065 0.03 NA 0 0.015 0.023 0.017 0 0.064 0.097 0.071 0.378 0.159 NA NA NA NA NA NA NA NA NA NA
msst_long_bayes_r47 0 0.014 0.03 0.02 0.083 0.041 0.017 0.065 0.031 NA 0 0.016 0.023 0.017 0 0.068 0.098 0.071 0.375 0.159 NA NA NA NA NA NA NA NA NA NA
cuts_wide_ml_r47 -999 -999 -999 -999 -999 -999 -999 -999 -999 -999 -999 -999 -999 -999 -999 -999 -999 -999 -999 -999 -999 -999 -999 -999 -999 -999 -999 -999 -999 -999
cuts_long_ml_r47 0 0.014 0.03 0.02 0.082 0.041 0.018 0.066 0.031 NA 0 0.016 0.023 0.017 0.156 0.124 0.192 0.141 0.344 NA 0.008 0.006 0.014 0.007 NA NA NA NA NA NA
cuts_wide_bayes_r47 0 0.014 0.029 0.02 0.083 0.041 0.018 0.066 0.031 NA 0 0.017 0.024 0.018 0.157 0.125 0.194 0.142 0.375 NA 0.006 0.005 0.008 0.004 NA NA NA NA NA NA
cuts_long_bayes_r47 0 0.014 0.029 0.019 0.082 0.041 0.017 0.066 0.031 NA 0 0.016 0.024 0.018 0.157 0.126 0.194 0.143 0.374 NA 0.006 0.005 0.008 0.004 NA NA NA NA NA NA
tso_wide_ml_r47 -999 -999 -999 -999 -999 -999 -999 -999 -999 -999 -999 -999 -999 -999 -999 -999 -999 -999 -999 -999 -999 -999 -999 -999 -999 -999 -999 -999 -999 -999
tso_wide_bayes_r47 0 0.014 0.03 0.02 0.082 0.041 0.017 0.066 0.03 0.023 NA NA NA NA 0.157 0.125 0.194 0.142 NA NA 0.412 0.259 0.625 0.336 0.323 0.503 0.399 0.369 0.293 0.454
tso_long_bayes_r47 0 0.014 0.03 0.02 0.082 0.041 0.018 0.066 0.031 0.022 NA NA NA NA 0.143 0.113 0.175 0.128 NA NA 0.412 0.26 0.627 0.336 0.324 0.504 0.4 0.369 0.293 0.455
msst_wide_ml_r48 -999 -999 -999 -999 -999 -999 -999 -999 -999 -999 -999 -999 -999 -999 -999 -999 -999 -999 -999 -999 -999 -999 -999 -999 -999 -999 -999 -999 -999 -999
msst_long_ml_r48 0 0.013 0.03 0.019 0.081 0.041 0.016 0.066 0.029 NA 0 0.017 0.025 0.019 0 0.072 0.106 0.078 0.266 0.137 NA NA NA NA NA NA NA NA NA NA
msst_wide_bayes_r48 0 0.013 0.03 0.019 0.08 0.041 0.016 0.066 0.029 NA 0 0.017 0.025 0.018 0 0.071 0.105 0.077 0.291 0.14 NA NA NA NA NA NA NA NA NA NA
msst_long_bayes_r48 0 0.013 0.03 0.019 0.082 0.041 0.016 0.066 0.03 NA 0 0.018 0.027 0.019 0 0.075 0.113 0.081 0.294 0.141 NA NA NA NA NA NA NA NA NA NA
cuts_wide_ml_r48 -999 -999 -999 -999 -999 -999 -999 -999 -999 -999 -999 -999 -999 -999 -999 -999 -999 -999 -999 -999 -999 -999 -999 -999 -999 -999 -999 -999 -999 -999
cuts_long_ml_r48 0 0.013 0.03 0.019 0.082 0.041 0.016 0.066 0.03 NA 0 0.017 0.026 0.019 0.137 0.112 0.166 0.121 0.266 NA 0.01 0.006 0.012 0.006 NA NA NA NA NA NA
cuts_wide_bayes_r48 0 0.013 0.03 0.019 0.081 0.041 0.016 0.066 0.03 NA 0 0.018 0.028 0.02 0.138 0.113 0.167 0.122 0.289 NA 0.004 0.003 0.011 0.005 NA NA NA NA NA NA
cuts_long_bayes_r48 0 0.013 0.03 0.019 0.081 0.041 0.016 0.066 0.03 NA 0 0.018 0.027 0.02 0.129 0.106 0.157 0.115 0.287 NA 0.004 0.003 0.01 0.005 NA NA NA NA NA NA
tso_wide_ml_r48 -999 -999 -999 -999 -999 -999 -999 -999 -999 -999 -999 -999 -999 -999 -999 -999 -999 -999 -999 -999 -999 -999 -999 -999 -999 -999 -999 -999 -999 -999
tso_wide_bayes_r48 0 0.013 0.03 0.019 0.081 0.041 0.016 0.066 0.029 0.022 NA NA NA NA 0.146 0.12 0.177 0.13 NA NA 0.322 0.215 0.47 0.251 0.26 0.385 0.314 0.281 0.23 0.34
tso_long_bayes_r48 0 0.013 0.03 0.02 0.082 0.041 0.016 0.065 0.03 0.022 NA NA NA NA 0.141 0.115 0.171 0.124 NA NA 0.322 0.214 0.471 0.252 0.26 0.385 0.314 0.282 0.23 0.34
msst_wide_ml_r49 -999 -999 -999 -999 -999 -999 -999 -999 -999 -999 -999 -999 -999 -999 -999 -999 -999 -999 -999 -999 -999 -999 -999 -999 -999 -999 -999 -999 -999 -999
msst_long_ml_r49 0 0.014 0.032 0.021 0.08 0.042 0.016 0.066 0.03 NA 0 0.019 0.029 0.021 0 0.081 0.12 0.089 0.229 0.127 NA NA NA NA NA NA NA NA NA NA
msst_wide_bayes_r49 0 0.014 0.031 0.021 0.08 0.042 0.016 0.066 0.031 NA 0 0.019 0.029 0.021 0 0.081 0.121 0.089 0.251 0.132 NA NA NA NA NA NA NA NA NA NA
msst_long_bayes_r49 0 0.014 0.032 0.021 0.081 0.042 0.016 0.065 0.031 NA 0 0.021 0.03 0.022 0 0.087 0.125 0.095 0.246 0.13 NA NA NA NA NA NA NA NA NA NA
cuts_wide_ml_r49 -999 -999 -999 -999 -999 -999 -999 -999 -999 -999 -999 -999 -999 -999 -999 -999 -999 -999 -999 -999 -999 -999 -999 -999 -999 -999 -999 -999 -999 -999
cuts_long_ml_r49 -999 -999 -999 -999 -999 -999 -999 -999 -999 -999 -999 -999 -999 -999 -999 -999 -999 -999 -999 -999 -999 -999 -999 -999 -999 -999 -999 -999 -999 -999
cuts_wide_bayes_r49 0 0.014 0.032 0.021 0.08 0.042 0.016 0.066 0.031 NA 0 0.021 0.031 0.024 0.128 0.108 0.158 0.12 0.251 NA 0.004 0.005 0.009 0.007 NA NA NA NA NA NA
cuts_long_bayes_r49 0 0.014 0.032 0.021 0.08 0.042 0.016 0.066 0.03 NA 0 0.021 0.031 0.024 0.118 0.1 0.147 0.112 0.252 NA 0.004 0.005 0.009 0.006 NA NA NA NA NA NA
tso_wide_ml_r49 -999 -999 -999 -999 -999 -999 -999 -999 -999 -999 -999 -999 -999 -999 -999 -999 -999 -999 -999 -999 -999 -999 -999 -999 -999 -999 -999 -999 -999 -999
tso_wide_bayes_r49 0 0.014 0.032 0.021 0.081 0.043 0.017 0.066 0.031 0.023 NA NA NA NA 0.125 0.105 0.155 0.118 NA NA 0.273 0.195 0.421 0.242 0.228 0.335 0.282 0.254 0.214 0.315
tso_long_bayes_r49 0 0.014 0.032 0.021 0.08 0.042 0.016 0.066 0.031 0.023 NA NA NA NA 0.11 0.094 0.138 0.105 NA NA 0.273 0.195 0.423 0.243 0.228 0.335 0.283 0.254 0.215 0.316
msst_wide_ml_r50 -999 -999 -999 -999 -999 -999 -999 -999 -999 -999 -999 -999 -999 -999 -999 -999 -999 -999 -999 -999 -999 -999 -999 -999 -999 -999 -999 -999 -999 -999
msst_long_ml_r50 0 0.014 0.032 0.02 0.085 0.044 0.016 0.069 0.03 NA 0 0.016 0.023 0.018 0 0.066 0.099 0.075 0.33 0.153 NA NA NA NA NA NA NA NA NA NA
msst_wide_bayes_r50 0 0.014 0.032 0.02 0.086 0.045 0.016 0.07 0.03 NA 0 0.015 0.023 0.018 0 0.064 0.099 0.075 0.362 0.158 NA NA NA NA NA NA NA NA NA NA
msst_long_bayes_r50 0 0.014 0.032 0.02 0.084 0.044 0.016 0.069 0.03 NA 0 0.016 0.025 0.018 0 0.068 0.107 0.077 0.355 0.157 NA NA NA NA NA NA NA NA NA NA
cuts_wide_ml_r50 -999 -999 -999 -999 -999 -999 -999 -999 -999 -999 -999 -999 -999 -999 -999 -999 -999 -999 -999 -999 -999 -999 -999 -999 -999 -999 -999 -999 -999 -999
cuts_long_ml_r50 0 0.014 0.031 0.02 0.085 0.044 0.017 0.07 0.03 NA 0 0.017 0.026 0.02 0.153 0.119 0.182 0.14 0.332 NA 0.01 0.007 0.017 0.007 NA NA NA NA NA NA
cuts_wide_bayes_r50 0 0.014 0.031 0.02 0.086 0.044 0.016 0.069 0.03 NA 0 0.017 0.026 0.02 0.164 0.128 0.195 0.15 0.366 NA 0.011 0.003 0.006 0.006 NA NA NA NA NA NA
cuts_long_bayes_r50 0 0.014 0.031 0.019 0.085 0.044 0.017 0.07 0.03 NA 0 0.018 0.027 0.021 0.17 0.134 0.202 0.156 0.361 NA 0.011 0.003 0.006 0.006 NA NA NA NA NA NA
tso_wide_ml_r50 -999 -999 -999 -999 -999 -999 -999 -999 -999 -999 -999 -999 -999 -999 -999 -999 -999 -999 -999 -999 -999 -999 -999 -999 -999 -999 -999 -999 -999 -999
tso_wide_bayes_r50 0 0.014 0.031 0.02 0.085 0.044 0.016 0.069 0.03 0.023 NA NA NA NA 0.182 0.142 0.216 0.166 NA NA 0.405 0.245 0.571 0.336 0.311 0.476 0.37 0.365 0.284 0.434
tso_long_bayes_r50 0 0.014 0.031 0.02 0.086 0.045 0.017 0.07 0.03 0.022 NA NA NA NA 0.133 0.104 0.16 0.122 NA NA 0.399 0.242 0.563 0.331 0.307 0.469 0.365 0.359 0.281 0.428
