1	1	0.812612762067094	-0.177029064310733	1.53322642242912	3.76780732151821	1.29403157000861
1	2	0.238373980611401	0.245360301063943	1.99405633438875	5.95089362525078	-1.20801147880565
1	3	0.635882133891977	0.536260353094261	1.93669291372139	4.56492025832831	0.876384438266361
1	4	-0.947474531844686	1.3848573262835	-0.519267093774572	3.45380449505847	2.72917492578666
1	5	2.03235709121531	2.0538228141256	2.95227774951526	2.65179627077576	1.78564231794223
1	6	2.54574690360653	1.70052824499277	1.50782910766292	4.96718659450012	2.81639107394402
1	7	-2.16229306093437	0.0860058196103632	1.03417037811247	3.45589179450003	-0.883770404889505
1	8	1.8470224150359	1.21805154987049	2.01933276168906	5.42216977392984	2.35086029941287
1	9	3.9579378077809	2.14888167041311	5.81829383174278	6.49139838474143	5.06309866872685
1	10	4.93197935838035	1.68806019997169	6.74312927152652	8.08889207432932	6.79840504436408
1	11	4.8147583164723	2.365526170776	3.69727840440945	6.16982551765236	6.59045746715542
1	12	1.94993694511818	1.39686869495925	5.4004731233736	5.39577823124522	2.44102321781726
1	13	0.166854631892084	0.256112552860829	-0.525942369055441	2.66815340286622	0.726250792301138
1	14	1.67857263101072	0.57046647413599	2.50421882513347	4.82532123660891	1.87574078973985
1	15	0.832331560003701	0.523674287992097	2.22773483035872	4.20967266663726	2.7441844359818
2	1	1.71691204786819	2.87388813134736	5.44003185722411	5.89612047309603	3.25683055085195
2	2	0.459318671370909	2.19719488214214	2.91521006633136	3.20206573050749	3.17806308644287
2	3	0.375694693837607	2.41534144262485	2.1348045644212	1.85926653745931	0.0708754996155492
2	4	4.00893078556895	3.87036511478942	5.74839700559493	6.43979684378701	6.63562958055647
2	5	4.76591028829566	3.48162533233425	5.40429751001767	6.13136893463641	3.67388694884039
2	6	2.56882076792857	1.82182932011098	3.98309511860555	4.3241458587634	3.73156122191727
2	7	3.04862653796033	4.4511023890413	6.35590970985615	5.2818112443388	2.85725948786606
2	8	-1.22094930650357	1.69739229203641	-0.138993847402756	0.365874569832581	1.56812406480982
2	9	2.05004504877813	2.39314487611549	4.51546142972225	5.50257561216697	5.53403861065627
2	10	1.30128431433977	2.38013084079379	1.41101443126823	3.0209941600349	3.31842247211425
2	11	2.21393323911412	3.6303276495384	5.45283170766173	5.55378371683916	5.51049317394137
2	12	2.12612058301799	1.50994164530199	2.1913331622968	5.62786480795137	1.7126161721202
2	13	2.25870926860626	4.17401366120145	6.36816591504262	4.69268984280687	4.0917892538296
2	14	3.48105291116831	3.36396572808825	6.50625417066287	6.55427584728998	5.29381807298514
2	15	0.977705767746876	3.32929908351639	3.07954523454302	4.29194673033242	4.09286936768724
3	1	7.22279483248255	4.5511432137263	8.82082060190459	6.46189125292533	7.25588971704022
3	2	2.53062822366465	2.7051159196768	3.18426715291167	2.60262704217751	3.78528542763072
3	3	3.0888368768525	1.97278833146566	4.83597783110067	4.5382756193846	6.57248013568528
3	4	4.33534189944482	4.07683404212252	8.91273002430346	7.86695678598464	9.41514348430431
3	5	5.07220511196257	4.01814572099285	6.68471235979295	7.01495875394716	4.51972502604491
3	6	-0.0471989118623459	2.91476360817768	0.968929183516038	1.59711444379956	2.24290631210302
3	7	1.05814418401228	1.48545626401074	1.43306140513461	3.9150752355541	2.6479366762512
3	8	4.51309995839478	4.61113425252793	3.04411561172077	4.29941664383756	8.79960215640998
3	9	4.65040235181122	5.3819582644778	6.50564830545346	6.42801818768521	6.66205613235759
3	10	1.98624906067194	2.90003511393625	6.12171623640836	4.70607438730532	6.955857229099
3	11	6.53134452097065	4.55585825701974	6.3275736355749	5.46530487779567	6.93320350342312
3	12	2.85753750895007	3.72775004130233	5.76209091355587	6.67604413028256	7.46781558159594
3	13	6.81474595499292	4.8736085798259	11.1861106690922	7.53897072154198	8.99879194599309
3	14	4.97517489568821	4.47679766456969	6.43554681429168	5.29395485421958	5.78761927030484
3	15	3.17422463930674	4.3577762274387	7.76132182577548	5.33721263599985	6.68830770175926
4	1	1.01893774661471	0.381358086912399	0.813687520396974	2.41851049087566	2.04484002416829
4	2	3.63370356562679	2.01838318975697	1.98514325431803	4.42492846907336	2.46756841442842
4	3	3.28600779195611	1.12693029887288	0.995483213261294	3.49819109809853	2.66074835080135
4	4	2.16074457263096	1.77290607671833	-1.00384633576411	3.7805474810507	2.07047312230565
4	5	2.55479313556596	0.991895696130041	3.1274526167549	4.49497941261787	3.32470313567178
4	6	5.40544120443361	1.08000058353087	6.40583379609553	5.9219590868676	6.90482322626653
4	7	1.03655316396922	1.85176949526475	-2.23966752031446	2.79913202162735	2.68794843041444
4	8	1.51326954953852	3.52699726541111	0.293386320036959	4.07149776564536	2.48450813664871
4	9	1.81826534088663	1.98225894542244	3.84680560826748	4.05868100557015	4.9335389298832
4	10	1.95119402696849	2.12812883324185	-0.948126924755782	2.07856587026581	1.48805961692306
4	11	3.25235044158485	2.45234099889255	5.51867212505303	4.00482540734378	4.06816116220083
4	12	2.6504134076999	3.55496340545863	4.00844019954987	3.75093533425816	5.12596843557011
4	13	3.09131324157955	2.5900200734569	0.390269972121469	3.7591965037403	3.90063431333671
4	14	-1.75320044897231	0.62190006952572	-1.54749843832161	0.803883763983745	-0.422452124237202
4	15	6.85192008284691	2.76765514038826	7.40770436529351	6.79691849443854	6.78176528376572
5	1	1.08343491381879	2.29565383368101	-0.276028406292928	2.12383960260647	4.64360150817323
5	2	3.87679094035737	1.88742924006306	4.27052537522821	3.45205028813634	6.37502306688051
5	3	4.81035372132608	0.876221811236259	2.90865545777893	3.89969137547747	6.34627232785313
5	4	2.53182783761139	2.25691862785211	3.92171288158668	4.62225352729573	5.93910353494537
5	5	4.21270954502505	2.16358386792961	4.92020230419092	3.83557827829383	7.21923387094647
5	6	2.52715767534103	2.27568321351207	3.78100998287542	3.94045508078155	3.70321137607675
5	7	2.4633160636217	1.11698837060345	5.93498470281172	2.23189032334782	5.29455057619765
5	8	0.208043930597645	0.612238439349058	-1.83767672522377	2.63409755919442	4.32714781207855
5	9	4.78588014637825	3.33325278973302	5.61075444862661	5.64550998541309	5.87894199654335
5	10	-0.6587641942431	2.30977546784396	1.11059068899878	2.38551766371357	3.73328324345904
5	11	4.7733391581329	4.20649074421552	8.98397969150937	6.35284653858343	9.0122620199225
5	12	-1.77307888846377	1.68246400384038	0.512762350567598	0.904616562857894	2.77488263880715
5	13	2.7378366827928	1.49124018871728	4.04126022004192	2.72728063733837	5.60637427130945
5	14	2.97526025899627	1.84723482235718	2.82602461158977	4.93522175619382	6.33282349131813
5	15	2.19546546255143	2.42836376548056	4.66825092280778	3.03154281377576	4.23495533734706
6	1	7.52321608928741	4.46719017457763	4.64478878829699	3.80132869875343	4.61249183114182
6	2	3.71312558242095	5.1372519440055	4.81784642002416	4.31280352804852	4.00667103661143
6	3	4.93339388381953	2.84809333076774	5.34953451202224	5.49977482081619	5.45138150794389
6	4	5.45245520704379	4.3184758622512	6.74186651182508	5.66998697126266	6.57831448666977
6	5	1.07255906769488	3.33247559935283	1.53068604778414	4.0595172157559	6.20346610665851
6	6	5.71198892505799	4.12121012704053	4.90485666108251	5.69216446543963	7.1716594836734
6	7	5.34568678599759	3.16835238304824	5.74785895550663	4.2158542980781	6.37425444247636
6	8	5.88844925749722	4.78325644183016	4.378711064116	5.29972375789536	7.07149400083653
6	9	2.69843364852945	2.83847939675675	2.86823259728119	3.41392700153282	6.18719583033585
6	10	4.82319399217557	4.82976107862256	7.60187348378776	5.49794137609116	6.64984809527337
6	11	6.42900161574488	5.75191817040973	9.92458069975157	7.34468507209229	9.12039748836218
6	12	5.0500498305832	5.36588847599314	7.57049973208601	5.72767067509584	7.57321068227925
6	13	4.86590904525645	2.23082754928663	2.75893616080794	3.81853016617146	4.34704296156445
6	14	6.13587352483417	4.59224504315032	4.95617376139826	4.36418669031272	5.63218150205446
6	15	5.50539617437083	3.84485147827318	6.12397006107143	5.7111728622178	7.50046545090169
7	1	0.195373881304436	0.797694573401765	1.25420141840686	1.51646347993948	4.34988611689289
7	2	-1.9110403910312	1.57037803871781	0.334242642026519	0.484564279600119	1.65677243613411
7	3	2.78912712925011	3.60248728929425	4.60189410559811	5.74903162714525	6.11008391860183
7	4	0.393216894830492	1.40863782046544	1.16179767120929	2.91533669601719	4.41356453620016
7	5	0.948268823180354	2.29820736517307	3.81984914338394	1.79354236172409	4.43267192446001
7	6	2.84952884584279	2.62177549115225	5.88361945929794	3.90532129077722	7.31749730987397
7	7	-0.472331498336974	1.51250075501798	2.38609667358157	1.56881039149956	4.37435198009705
7	8	3.86249382718215	2.69844951106831	4.34807313785748	4.7784505413761	5.85399302061957
7	9	-0.862131037006719	1.07674872925516	1.7365481543424	2.26383575829734	2.54502694046168
7	10	1.27101816953556	2.43508619529005	3.93694841689176	2.39303205026931	6.33832365602048
7	11	1.30837669551336	3.20174210340966	4.46602640577741	2.88972602712946	4.30529238291001
7	12	-1.14120093708456	1.01805918187082	0.520311582921599	2.85548209150795	3.91312941296593
7	13	1.16276345365821	1.69477152249688	4.35957808560494	2.30991579207725	3.33694497577043
7	14	1.6016879073555	3.30366750118044	5.76125267707539	3.2178331220618	5.08770875063103
7	15	3.81766184059867	2.4082851970361	5.67554744630726	4.37682809978474	6.85617441198208
8	1	-1.35275863475094	-3.41588944627747	-1.90486644943538	-0.456740421456052	-0.931844448946426
8	2	0.0378341408709821	-0.291315917330427	0.388464160109922	0.520589261500733	2.84943782552835
8	3	2.21202224502461	-0.499411163785713	2.64281857480793	2.06014890503336	4.15819741365666
8	4	-1.08357578294461	-1.49451263279883	0.407188452812322	-0.00275054540783226	1.55668036925265
8	5	0.349552352516016	0.757945118980903	1.52219932041001	2.25063603400829	3.36417390229492
8	6	2.07039665837396	1.67161040702527	2.6424719719152	3.3220245753142	3.58963097717487
8	7	0.909662097598418	-0.953293074258259	1.01793206535307	2.09521448676856	2.23855850191504
8	8	1.72189201134224	0.783524088694392	3.52091322135375	3.03972242942788	2.22751913773644
8	9	0.575249125665092	-0.560784445085317	0.665005222292976	0.852496741199992	2.66706717727649
8	10	-0.371532467069829	-0.599684195793652	-1.97405807813395	0.980201081181732	0.997549000171029
8	11	-4.89265866675214	-1.41218043170358	-4.04474805381073	-1.53840547557471	-1.40866084271596
8	12	1.08140360900405	-0.322072267313439	1.31337020440618	0.188963979868145	0.791736249087111
8	13	2.23416104858264	-0.705192732197953	3.23429795330431	2.14003844208045	2.39335732331719
8	14	0.332459154346342	-0.361488898096393	1.99481539229054	2.60809609156336	3.87266312183701
8	15	1.56112763080113	-0.314913939679359	-2.46020245171055	1.55675019065683	3.02297888354073
9	1	4.14811064091761	1.05333224929685	5.80314092727037	7.40955343907611	5.94799522477019
9	2	2.99306426177177	2.4237852523849	1.58350319000398	3.22639351163182	2.35052588559573
9	3	0.467825796877044	0.427974211572644	1.56239537840805	4.91487331127827	2.73582503685905
9	4	3.21239689077935	2.36193394398448	3.60854949652614	6.30029506791662	6.17150398122703
9	5	0.130280034708521	0.804161412443075	0.225913799200718	3.21881443868278	2.44482199520048
9	6	1.37799111021099	2.04269858081225	3.09040248793149	4.24887498861941	3.15590000682701
9	7	4.06100891246267	3.27558941102108	5.91489895369178	5.66673051361292	7.81569498537103
9	8	1.25200004349748	1.52674925081916	2.00836783380109	4.42387063561215	3.42511140471751
9	9	1.77791413582007	3.0955617464495	5.75449145656364	3.26894910350772	6.7508039781243
9	10	-1.56561838172846	-0.155167530716794	0.971472543838352	2.87114791769824	-0.30959064041128
9	11	1.10196110630006	1.17356074130068	1.35884253193905	5.43645571764962	3.02617334260978
9	12	1.07520939240513	2.54706190635416	2.20945739466926	6.02685187086007	3.21110818874614
9	13	1.62710776199723	2.14224599559575	2.4420891604809	2.18009322321531	3.68204732572804
9	14	-0.643751742995619	-0.166206715726597	-0.758249283057196	3.56031397802921	2.88180085272042
9	15	1.88052553148213	1.91151951069212	3.68786082452324	3.92850838692305	3.57614150971156
10	1	1.25165694408245	1.24638442400197	-2.5133088444579	1.71910557765101	-0.0501354650768858
10	2	1.79228483104607	3.06322656694449	2.80384791553348	1.78459752994839	3.04080173224578
10	3	2.83393862095542	4.60564067626242	2.36915284633675	4.53210939406767	2.96104492255034
10	4	-0.0999749827712999	-0.182694357300499	-4.34730527839869	-0.0279637415519661	-1.24398497154136
10	5	1.15548273448165	2.59815306771879	4.44674072909931	4.69288027277277	3.69067708256004
10	6	-0.468068215291068	3.02499730161631	1.74216065051948	1.38532345988698	1.25218245247061
10	7	4.31471668743381	2.72776377036478	4.97794747932661	2.5577692469752	2.48336907296807
10	8	4.73370486511605	4.32839413625739	2.66380592388427	4.0050502563375	4.12034853245778
10	9	1.4807799528134	2.72202452842603	0.918761052645612	3.26653221801463	2.79423487329817
10	10	-0.169066322336199	2.82865746872086	0.294629475873983	2.27915730683601	0.835228009003566
10	11	2.00612818522105	3.67431347230305	3.31348982388794	3.6547062489886	4.13549273038391
10	12	1.57468049737103	2.83215418943041	-0.190819892217535	3.04187874794029	3.02780595789915
10	13	4.30886764529007	3.3915499458395	4.06714932152632	5.10893963094766	2.97464012438216
10	14	-2.10205391755235	1.23759941715262	-2.1300121782471	0.318301404589568	-0.795516505708379
10	15	-0.334406623521754	3.81651625018803	-1.77973457906062	0.590627569963176	-1.31548361411922
11	1	6.41037802137069	4.22465000351882	5.54839678850633	7.50586971412484	8.21893234252381
11	2	4.49028010590366	4.19840210076158	7.04773817442177	7.13723160088025	5.92818608660335
11	3	5.234749772846	3.19084998828934	4.15621447146185	6.05719543268572	7.37417458790543
11	4	4.03111858817999	3.45873905863173	6.67171056505993	5.9622844497948	4.1209981362154
11	5	5.69495459349376	4.74747073999362	5.9657986304764	7.42009965236905	5.48877142664605
11	6	1.10118207932906	1.00281986448159	0.540302102150236	1.041490111211	0.770557328801572
11	7	4.34935956191908	3.92332634051341	7.98145128892784	7.22971285631578	6.24023125041338
11	8	4.18975256058187	3.04761784444815	3.86702898125513	5.94062492741105	6.00166197270938
11	9	3.60424213462118	2.98179929733337	4.54742591923342	5.26568274274698	5.57318336368349
11	10	3.64457077963064	4.30056282734123	4.08375012835222	5.14587804973396	5.21013208722595
11	11	5.20261569250441	2.73050221378723	6.16132059343729	6.48777524666208	7.41196476135527
11	12	2.84762270647885	4.29979503354238	2.90607858487244	5.62924592725801	4.90599460013828
11	13	4.76901148410191	3.24202788034752	5.37281872175787	4.77440194388274	7.13995741975119
11	14	1.98469063541292	3.80737586771925	4.42048175948967	5.31505967323104	5.15454290267092
11	15	2.08606219215929	0.937654210185887	3.09608999745726	2.19104897759767	4.34549806484329
12	1	4.62248792544544	4.99216616171288	5.58234006650501	7.34118241221208	4.39285241819161
12	2	0.9591500143788	4.60413434656274	5.89850451781564	4.44178364798014	4.05710372118076
12	3	3.03603267564626	3.78085981460233	6.53283769542237	5.78254302643062	4.38177277748826
12	4	1.01568783680028	2.96329219662069	4.88140483005251	4.41983998996703	3.96226664521377
12	5	2.0873882660134	4.39284823468912	4.22890663462808	4.26905499735262	7.45686164854898
12	6	5.29873127616203	5.66615443074626	8.24014620477814	6.11436402643545	6.13960169021867
12	7	0.694479644892075	2.71982721911083	3.16343419828445	3.8511081674827	4.04560849457398
12	8	-1.94999867204232	2.36655971692216	-0.937597119355281	2.31374829825373	2.56337176333738
12	9	1.10942082179923	4.40237139080864	3.00667263666146	5.65614990803874	4.02730635720116
12	10	1.39214854333237	2.51200354269519	1.04479026315801	2.27428545892843	3.49403713245142
12	11	3.15677791970444	4.23795429794548	4.39313538053668	4.19191742528137	3.69717405138401
12	12	3.40329660514671	4.98861792441121	5.44114132926753	7.10621779497764	6.10453449615047
12	13	2.78553595897414	2.44796092379057	2.0653752623039	2.99769455842587	3.65011568063085
12	14	3.01135477799788	3.25200867509676	2.80766014007763	4.41229772143904	6.14229905004189
12	15	2.1258420844257	3.85337232653031	1.49186520049703	5.59510452607233	2.91492025387388
13	1	1.4316255772229	1.46529325247224	5.02108093033966	3.397051096765	4.47085441626353
13	2	4.65304206517696	2.50456047408642	4.69089137302106	4.68067434326384	5.17057216078738
13	3	3.96933798296277	1.78845561271814	6.16765264207411	5.47493262401858	7.50643747801282
13	4	0.601902088815382	0.14825068571847	3.21200267142427	5.74443555808736	4.50859012429039
13	5	3.05948438361017	2.51977267831641	5.1111616038183	5.07591855843317	6.3807769894357
13	6	1.4222599247593	1.39516824976661	5.14114195331116	6.34371602405628	4.14530349171546
13	7	3.23840422853492	2.00672750032103	6.54448970596664	5.50143946335801	6.78329091169017
13	8	1.02068600913916	2.08417935547467	2.88386620418226	4.25784217824958	3.7852912030083
13	9	5.23781674606869	2.24810077893143	5.63725167347901	7.65054629025298	5.90388423744064
13	10	2.72597157653163	2.10111550081565	1.93522640718688	4.73565497141729	1.42786068524889
13	11	1.37952320870538	0.424195926019841	2.13104458238902	3.18861758740346	4.00850249865354
13	12	5.04696537741114	2.92204025123264	5.03462395417071	6.15330766128307	7.49016012132568
13	13	5.50966369876975	2.36436041644842	4.98806275410369	7.14646610627459	6.93589995309915
13	14	-0.070395715501905	-0.0169252813978481	2.39258713184725	5.47470064411794	2.47871656528961
13	15	0.368116361976803	-0.247665910837761	-1.5579721425729	3.05922054174519	3.26993439110022
14	1	0.145481066777633	1.64677284743409	1.58148033783859	1.41944482640383	3.12669713529243
14	2	1.85553526418714	2.8618986223322	5.10943740494564	3.29318116295966	4.52715660673212
14	3	2.1972116796487	2.86562912670551	3.66925248827946	2.69168952446923	5.3846875043064
14	4	3.3349367518251	3.18996700383899	7.59026226493515	2.3357051083297	5.75790675281804
14	5	2.58326857575398	2.61770650310759	5.66646301317641	5.42978557762572	5.1356268279387
14	6	1.61581277244879	1.76552353125564	2.46335410196792	3.80171927433138	4.34928003316528
14	7	0.632919966055125	2.01777387426953	2.01896834415551	0.777910846320543	3.86286275126648
14	8	3.30103026991277	2.89596980554051	7.89404324723086	2.63701953663961	7.24235450498469
14	9	2.86356204666465	3.94608918263385	8.60772939737027	3.76206572556489	7.01578282688696
14	10	0.572356047648958	1.60887527109031	2.0110942554092	1.83798006189589	3.17025379290901
14	11	0.278497839033826	2.05054469917065	4.89401691147373	2.93758340706689	5.25064448494794
14	12	-0.956927763117612	0.641687456596403	2.12896690769485	3.15681646742125	3.57018704811649
14	13	-0.921221716701073	0.633491106409571	2.74338472276327	0.597131571033691	2.3387528105291
14	14	1.50792878953916	4.10578927297422	6.09892325607239	2.28776463870181	3.91163703637484
14	15	1.37729946631348	2.10035445805736	1.93949020019182	4.43022698825468	5.66198578542269
15	1	1.1649420151404	1.81480509309117	0.985504929156206	1.68010676221138	4.13517686122886
15	2	1.62034648065013	3.08934287571603	2.06541881328499	1.99014238339082	7.76950072695986
15	3	1.54668927709402	3.4108348036378	2.21993976433334	2.7626068344333	5.59214976583246
15	4	0.539580486877704	3.15165773313241	1.99811790596976	2.28228619171758	2.02920642214767
15	5	-0.236807743672427	1.84235230828807	-0.566718348052168	-0.771704388074095	5.41670677314383
15	6	0.585220298250402	2.74905121606518	1.04390998636553	1.77941647649685	3.07374155362693
15	7	0.80098876584585	1.55243801520045	2.12352411721162	2.495558979481	5.31711991436882
15	8	2.43280331445352	2.65945036008097	3.51796962314716	2.9131455862948	5.60217305248679
15	9	-0.916601349099704	1.2417289056488	0.553384845501999	0.45560141837698	4.45619838732352
15	10	1.42638107988255	2.82583933896663	3.56829666170139	1.87988987195048	3.59641608954146
15	11	2.81229036543051	3.25068624213665	3.26014023702006	1.81050046822481	5.07477476915074
15	12	1.0203178639856	3.18291286364241	-0.881556380665363	2.19887978903888	5.87078255315257
15	13	-0.0116496969308555	3.43651827402292	0.702156615942872	0.478618084053964	2.73606612710764
15	14	-0.108762220156906	2.37913212112941	2.24334142134747	2.86525591614082	2.76326408621505
15	15	2.02867915760546	2.88494082562509	3.51260657522552	2.43258649506359	7.45882083726286
16	1	5.41041498610204	4.35858907528748	8.51652101930309	5.74905207893862	8.28584976478332
16	2	6.20095243995641	5.24043225395339	9.40397433899859	8.52202035004575	11.9211327773674
16	3	5.54307840502455	4.60110462967832	6.70358167924836	5.66740784953226	8.09445999744773
16	4	4.87403934311738	6.25048846566379	6.62929908328942	6.60273236954605	7.75311357991966
16	5	3.54298559951156	3.35867383800999	4.08740310571332	7.05577680133662	5.94586770637692
16	6	4.7749441832416	4.20700376455813	6.68581117018918	9.32801348491294	10.2888011243224
16	7	3.54873976955136	3.90545562765803	5.4333014905848	6.16065289399826	5.38311207659279
16	8	2.32539121525917	3.96293930160411	4.36318746814496	6.23033526857799	5.9676357865618
16	9	2.27041347460255	5.22308198021662	5.66220851613274	5.88130615071534	8.31606898681255
16	10	5.7901573458048	5.2858813306337	8.47504071295372	10.7177371056836	9.90122567221737
16	11	5.46331687191447	5.20812534278812	10.2940098996913	7.87003135378583	10.4298939941005
16	12	5.78577323334184	5.34559218039913	8.5669537459348	7.58923795283875	8.49536236732411
16	13	3.70976916286922	5.65085143752705	5.34262604724704	7.73002332750391	8.03858717317562
16	14	1.55097186944579	4.89182383102337	5.81095428412226	5.55613222482412	6.97960187610709
16	15	3.7627588804668	4.18814184535444	5.49329615278622	6.78465120860379	9.73191309416436
17	1	3.19373658094218	2.93277496511969	4.5905967135479	3.43606019963153	4.82535307017445
17	2	4.03706904047255	3.22359184363931	3.28209534498813	4.16960008210683	5.74425193827019
17	3	3.88405812319759	2.42219365567051	5.30338647300321	3.94407731899928	4.87388870098388
17	4	2.7265291302861	2.02740949432974	1.99000145618877	1.96380073800601	0.801867319968264
17	5	4.23492088544467	4.11257793169956	6.17869727222741	4.74526204106703	6.89855280537133
17	6	4.26430026403275	3.33453512858635	4.92187699876458	5.43449052724622	4.13696922405077
17	7	1.55638931078419	2.2035454854247	1.07405820336747	3.99356455785398	1.24162526968663
17	8	2.96047300499318	3.53080260756264	5.02973570214839	5.79283065342035	6.24044316866755
17	9	6.31181327228538	4.30019770071641	8.75806924247096	7.26254355290477	8.29600705943457
17	10	3.04709800086027	1.99625376831576	2.66721796867384	1.3215963127999	4.63760112564064
17	11	3.37182124404776	3.54957809144257	6.02191411922761	5.45739050932691	7.46088866222008
17	12	1.49886546531791	2.29498209403243	1.2929459614299	3.44309676132316	4.35960327063988
17	13	3.3496843948399	4.46865390292981	4.36981042444219	4.28667525806302	6.7232448289068
17	14	3.63432969737966	4.35191089053377	6.85687883186908	3.43153292501153	5.56990400366979
17	15	5.68763292690946	4.25311823015897	7.60465880341833	4.29850108456697	7.30498876620404
18	1	-1.78607346859835	-0.817333855904869	-3.3238459124682	-0.976333021846007	-0.289692963592299
18	2	-1.66348082621663	-0.153653658665562	-0.592489648779892	0.708551304003258	0.0860717732091448
18	3	-1.00907432409806	-0.0149561712383579	-0.162472948704423	-1.47904471045358	0.172961427359809
18	4	-1.59415697329747	-0.0525771331415636	-0.775559081242072	-0.952044812982806	-1.22823504219767
18	5	-1.26186807362454	-0.34547054404425	-1.07747731218138	0.129303447158624	-0.827924096449665
18	6	-0.20773360890443	0.129743953813534	-2.01252681699952	-1.17633295018597	-3.37696442577867
18	7	-0.0562128843230986	-0.356583104672531	0.29458932009903	1.07264869679029	1.16073426163661
18	8	-1.19251270350435	0.18716933434184	-1.41726662258879	0.356398374746743	-3.21372118584532
18	9	0.977943457884209	1.22863865967912	2.74634971270159	1.98356906361467	2.27153660512599
18	10	-2.52720227959746	-0.778503679964776	-0.741728579032623	-0.542863487711115	-1.99985637873415
18	11	0.210544628942815	-0.392266488214416	-1.34779496438015	1.35064663992162	1.33051888981887
18	12	-0.296476220848465	0.193411953158597	0.658869136346076	0.282610391802104	0.234090303285944
18	13	-1.24432038949724	0.611530166709656	0.667438959572251	2.46082566399674	0.293657813465218
18	14	0.46730958235249	-1.74022288762178	-2.02648931615771	1.16434237724642	-2.52225301522526
18	15	0.101665409488824	-0.436713278605052	1.21298230392398	1.91404729796021	0.911753046591874
19	1	4.28691698401808	3.43155633177073	5.94960080173993	3.87366793122462	7.35792745615908
19	2	-0.542709016328393	1.0993742941376	-0.0607595988381042	0.209797206378617	2.15658692414224
19	3	4.30778649317086	1.218649381649	2.15144328341496	2.74008806556313	5.07538919690159
19	4	7.35461174365968	2.11453602416708	3.54917633118187	4.08305344924688	4.71953512840758
19	5	3.089587325358	2.18967267518118	4.76877206180534	4.93628895357242	2.8800642083043
19	6	6.29840850035614	2.1502193376952	9.94700634233472	6.25527135689719	7.05221362945099
19	7	5.68780868061651	3.42959576495663	4.72650762649795	3.51322355645579	6.46909563475297
19	8	2.91137839054462	0.854842472499085	4.33359418355271	2.34848592246693	3.14616689317222
19	9	1.02763654728167	0.915421075652342	1.8845014001413	2.01692428251578	0.532704817761012
19	10	1.82091388005803	1.79931486613999	7.67964428860632	4.97966686377997	4.76142422320544
19	11	2.32706577963974	1.23084780749494	0.87971690955059	1.75111666701325	4.70403428452715
19	12	3.98879357946954	1.50291578530886	3.4962490257977	2.35343382275795	1.94250141330493
19	13	1.54943055117576	1.67882413946579	0.668488533945857	3.39373179791764	0.962861815852822
19	14	4.0021210584535	2.60539274333726	4.95186479804298	5.37472471274062	5.78284631185856
19	15	1.92925778396626	1.39009320789092	2.0658711260056	2.16589906246954	4.02729427177509
20	1	0.686986754602473	-0.788358772464561	1.19749792752763	0.124652381271747	2.65691245106363
20	2	4.24762744664203	0.34590476287314	5.45484723607957	1.77601559066344	5.33448145629008
20	3	0.319028387269718	0.365754650694593	1.38159477382515	1.98749558866823	1.53489144180606
20	4	3.4864841216049	0.804004693426997	6.51057964207692	4.41570871225383	4.15044096963936
20	5	0.570189604280943	-0.481682018259354	1.09557688677106	0.326109457340172	2.85668483611352
20	6	-1.32163534369386	-0.232041245894365	-4.20816089004892	-1.91390750541445	-1.03419992311766
20	7	4.98810991473536	1.46557385916617	2.43923032128165	2.62887986621829	4.17778830111976
20	8	3.47722283644846	0.868873928948459	4.38694764581125	2.91031697970392	3.74793943043632
20	9	1.68323586086373	0.479090759997063	1.27393239084737	0.693039955165128	3.05486061229721
20	10	2.06386812280881	1.16764603732048	3.86797089433876	2.92952240659675	3.50460411283084
20	11	0.430169023005091	-0.285765621319278	1.27931948373694	1.76565229365028	-0.343246042682069
20	12	1.52457993978341	0.24103564039992	2.78923905142923	1.69765439814024	2.16520790231462
20	13	0.532804508615915	-0.396859699259388	-1.22707291062074	0.192882057546188	0.144404533947733
20	14	3.67801772164127	2.37195695840908	3.89063521073048	3.3915966957528	5.44286113203627
20	15	5.80493313158835	2.48819630056072	4.34754718547098	4.34685755549388	7.48944228235335
21	1	1.71743214204759	2.18931335353127	3.70471410334978	2.83362792951969	4.87190476280663
21	2	-1.12725970545314	1.82629041069535	2.39200640908551	2.85006542350314	2.97681268750623
21	3	-0.492767082558103	2.10921426114202	1.15380551886555	1.97921411433239	4.31878023115881
21	4	-0.913954013827612	0.400017241337632	-0.551609748642628	-0.355397716203561	3.44603565186534
21	5	2.36582668403196	2.45258709462247	5.49391863901293	3.26770900502061	4.29488033180282
21	6	2.05252706316047	0.612343371994909	3.29366492852718	2.42740649431457	4.12151476784146
21	7	-0.587378135188257	0.930480240582723	-0.500882813586426	0.999952766803081	2.66985607425572
21	8	-3.1477559151304	0.275748537212078	-0.613738001871309	-2.18335582563383	0.879020832599988
21	9	-0.847368290013399	1.49778891431474	-0.098478213370133	2.93387943220209	0.588376505625429
21	10	-0.447288342334636	1.22368347621032	0.596522857557123	0.177604675455895	0.778191578920276
21	11	1.68362731362079	1.2032432266465	0.51124562160035	1.04811950472147	1.93140469503653
21	12	-1.26696036755113	0.168628830237381	-0.585899069945203	1.87978227935954	0.048609563217572
21	13	3.87197568487821	2.10729605112992	3.36317907997035	2.02122312821231	4.51210921146549
21	14	1.09042723893224	1.757025628086	2.75951744076046	0.801763909666085	2.68169036170083
21	15	0.697087210217207	3.29092680388409	3.18582080556221	2.35542449993752	5.87388638598816
22	1	-3.75026424085514	-1.0573139375787	-2.61389875140056	-0.30528793753134	-0.668352088578507
22	2	0.764550389040627	0.746401449378081	1.78837037067482	4.28655228796165	3.81139401520289
22	3	0.0210272619932483	1.09514281636392	1.56711551752254	4.17925477610337	3.11377872313245
22	4	-1.16547527676289	0.0820391832150295	2.47182445498103	2.87689022565509	3.35332066209078
22	5	2.76455725728068	2.51853688777052	4.19845890255499	5.16924802044967	6.83501468488001
22	6	-2.39270881541915	0.304543478926116	3.12507879082337	1.83231642670302	2.00107472691124
22	7	-0.768906118637972	1.01519760736111	2.35364906913736	3.66459348284838	4.24230160141734
22	8	2.59267483589251	2.52539304297327	4.48545383170785	4.30079772409623	6.68072190844304
22	9	-1.06801314021464	2.06338396000236	0.522306671135865	4.44592755017031	5.91222576067904
22	10	-2.07648671621163	1.44423136538999	0.304721281816344	3.63550736992323	3.04667021893695
22	11	2.06018181114067	2.9010681675259	5.34195403426814	4.46890808616374	9.43511885393133
22	12	-0.920739200161377	1.10152659424485	3.64781004667226	4.29078809522694	4.64904390605197
22	13	-1.95567620572397	0.258509578619535	1.26303518806418	0.47534758688869	5.93542421318032
22	14	-3.04558992483067	0.542164584096139	-0.408159459784421	2.30990844577722	2.08099479325517
22	15	3.67193502473925	3.26002103832598	4.29388347959375	5.38762502089459	5.91249715690302
23	1	0.941335510933103	0.284241474111203	-1.08792114201815	3.5766633017997	0.485370007594139
23	2	-0.747719060993714	-0.607269676835151	-2.21948040688455	2.32303795065722	-0.739612767580323
23	3	2.65117823987285	0.944054929213798	3.21516052527355	2.00045294054888	5.55069847100664
23	4	2.4505484266173	2.27160853323823	3.06943661800392	4.53767537157989	5.45012899300728
23	5	0.179316457843814	-1.72667926783715	-1.38652655387981	1.32405247476891	1.43111320745394
23	6	-3.26184602320304	-0.488205612232248	-2.28426692046348	1.01690647940023	0.417035602213397
23	7	1.14127788619487	0.94894989336922	1.06015703010385	4.03380632899453	2.33249747415861
23	8	3.17838434586354	1.06058531606733	3.63902878841753	5.2672337760642	4.13285046430257
23	9	3.07886228521242	1.72651249025355	4.52553829783347	3.34887956548846	3.30478009865727
23	10	-0.430034021997847	-0.735332828308296	-0.322863696253096	3.09032541371286	1.38115637426933
23	11	-0.224749655836002	1.08957240960284	-0.310990321158097	2.00020300027411	1.21247903135483
23	12	0.764274137612517	0.0196672001600675	2.06819796507797	4.78811451458147	2.84118523087052
23	13	2.73434229508614	-0.442135544585864	0.123684493144669	2.13420121562442	3.92539491198513
23	14	3.62419032042641	0.909519894620899	1.50311330145762	4.80739222179162	4.92561791355245
23	15	1.68250474075977	0.838904338431707	0.991032289806543	4.15818393902906	4.24210619701273
24	1	0.655288853516732	1.70495496100473	5.27104719697159	2.01292388403841	0.748151940290274
24	2	-0.117179276319489	0.546795080042778	2.96344539201094	2.96885727372773	1.28135268545054
24	3	1.2888019251794	1.5316242703488	1.91648414483507	2.63082360202979	1.16834405478188
24	4	1.82142446407128	1.30482212303935	6.23718242382671	4.26617233679152	2.89203632835022
24	5	1.43973547906749	2.16905401357382	3.8557340284823	4.20791440738062	1.77305332656586
24	6	-3.22176434345204	0.511105148017644	-2.42438288248085	1.75531398684028	-1.02020603672262
24	7	0.0921008684770646	2.76094340222705	0.908251342271126	4.28100229628714	1.34809161844815
24	8	2.18160542751123	2.29923861581964	5.56596067114403	4.54871756666177	3.36816848744143
24	9	-1.87762298446233	1.71637600140975	0.800636671568779	1.59295956906765	-1.44455867632085
24	10	1.51313571838601	2.19002932545565	3.81844003726966	3.4938642163748	6.55398871610456
24	11	0.729544047145396	0.94184370654175	1.21237280312451	2.26697838507673	-0.113667525766123
24	12	2.62700412400308	0.655559896490157	6.9130247384417	4.28044017979345	3.30941864397885
24	13	2.732014911046	1.04454310163908	5.55563813045745	4.1220868960264	1.52305120169791
24	14	-0.00816208022477616	1.84800463058857	3.27911454178458	3.46199377039264	2.8715711049904
24	15	0.4958601696832	2.11875589763264	1.61285303461493	3.98889414786375	4.5571696569498
25	1	2.0344421522648	4.11409122479393	4.59234602355038	2.56997394280064	4.67842597696262
25	2	3.27892246466846	5.09203990622859	4.89998864607396	2.72006490834531	6.57474479877034
25	3	2.359478792982	4.36957017949369	4.66441878483173	4.94089162978562	5.78801026529998
25	4	1.51401898798126	3.51753377723027	2.1086859707152	2.82509408588372	5.39974389658531
25	5	-2.12525767419133	2.29457825497276	-4.93743490678042	0.858425055989515	0.773074418125376
25	6	1.0563813209334	3.49961926831445	0.918668378636925	3.17086253182158	3.02273416180985
25	7	1.54718304455723	3.95658887615806	2.58602965965903	2.91492251590145	4.3309347679007
25	8	0.411940867404266	3.14731486897749	1.30044003034101	2.92860505197627	3.09327477038092
25	9	2.47721837740878	4.39799387835303	1.15013773158678	2.25173409597382	5.2000351845971
25	10	2.82553506240362	4.38879387321962	4.7768879487527	2.60903200556152	4.44431974206822
25	11	-0.134756347917582	3.33191329408285	2.14748898177163	0.812577014408656	3.46035935275666
25	12	1.3724542231104	2.14549373099662	-0.0166595193186574	2.19304829019284	5.03550339909466
25	13	1.60318333638052	3.53641239664926	2.17961183086665	3.52751691837887	5.76090664655432
25	14	0.638608325950283	2.28904672229604	1.55857876661993	2.67396752084043	3.23687865060304
25	15	0.282884733971573	2.6605727536075	2.90097274652244	3.91609293148665	4.26622652595176
26	1	-0.534422166606992	-1.54092992284736	-4.3333611253137	-0.230722951673793	-1.1780769448853
26	2	-0.928346830687314	-0.710155390735105	-3.21412240642108	0.312570067363469	0.653861086734731
26	3	-0.370467544059977	-0.542894344996868	-2.09764406342056	-0.399398034573475	-0.23085028950648
26	4	-0.647903246806373	0.363471028296325	-3.99522621457081	0.955730441670483	0.747902112219247
26	5	-0.600691085073782	0.0194330431388879	-2.51745217785796	0.852304244237697	1.03204927318248
26	6	1.9845188509951	1.18140727251585	1.57108166250945	1.83597427753864	2.25615336657241
26	7	0.463720371520346	0.517736103331344	-0.36035022945216	2.19983606874684	3.72891256690675
26	8	0.109109984072674	-0.536578787173906	-2.88714863190746	-0.0283635518658546	0.343707107648723
26	9	-0.356757347225314	0.257893585470584	-2.20679109941389	-0.312719204142601	0.968981686425965
26	10	-3.5090803931194	-0.540296735378462	-2.36430929385277	1.82947528977863	-0.67772295368804
26	11	0.441479817063803	-1.2858360195771	-2.98969407743742	1.44935568985209	0.979207216451193
26	12	-1.84703640916872	-0.572189310441594	0.10518487247473	1.03915149170916	1.075611171705
26	13	2.00316234040927	1.24987932860593	-0.441128048980589	0.828929223850915	0.987545447728238
26	14	-0.24891619494208	-0.463632518537249	-0.863555064349681	1.50321489558247	2.22527441345185
26	15	-2.97494505034264	-1.0384983364501	-4.14123148638094	-1.10209097714488	-3.09486178580119
27	1	2.6885565659569	3.5016500494234	4.93708062919718	3.61298779862225	6.53974617729896
27	2	5.87669819535621	4.04473689543172	6.35379396282448	4.95112668330099	5.92866997550925
27	3	3.87456605932873	4.15079278175087	6.27817829296034	5.83552559293101	6.03016510677267
27	4	2.26705127236069	3.2753538952226	4.82813215584115	2.83925838308753	4.96800445984637
27	5	0.976981750565005	2.60999820247049	1.86191181796898	1.8829390406019	2.75496478069132
27	6	5.12141431726613	6.16740175195117	9.53475523574861	8.69656685449151	7.05482654134837
27	7	0.853989130462986	3.30010329960538	4.53500857150961	4.58192315703617	6.6465323674689
27	8	0.694307810869614	2.83453177438744	4.77293265576675	3.7992959494053	2.37464331415321
27	9	3.9707663947872	3.97094895010244	6.66114064758237	3.61507961878291	5.14792274605521
27	10	0.507371910390975	2.91369548186136	1.21467455695176	3.021826070539	1.0759826538413
27	11	3.64542482186296	4.65491251826043	3.21059535338916	2.13518461418523	3.49726679587907
27	12	1.21987102832561	2.1391162074407	3.8322184204952	2.0074560749185	2.95306641324594
27	13	2.69422254961941	2.83538815580369	2.3285873718158	3.7716864452818	3.80870930269981
27	14	4.32717252704869	4.26430305457642	6.05164667256711	3.55983165575197	4.80307047653926
27	15	0.394000739529433	3.49725767773483	0.999484303301255	1.92082266100548	2.94986804270318
28	1	2.66912460218486	2.67965754706071	6.57462359297279	4.0888728938388	5.47199646809629
28	2	2.6026526872192	3.4027546012874	3.11143830074539	3.47966139312159	3.77201889725173
28	3	1.41526370269868	1.68923191426241	0.73569146991163	1.78161838430501	0.579823290731552
28	4	2.40738811657488	2.20790832305807	5.08089098043218	3.09634683241442	3.59720853038627
28	5	2.80375886602186	3.69799118488495	5.95259426680935	4.09832753030372	3.33696461499948
28	6	1.95705641809115	3.55384814711827	6.02197374375925	4.64550626940103	6.60599841668873
28	7	1.75321260579791	2.85302724401223	3.33873828864258	3.94437184249046	5.97688453207668
28	8	1.69250861576205	2.25154603016974	3.51953624020344	2.54664853084506	2.85888752513822
28	9	1.83628311519592	3.93616013299314	5.75260447672091	4.10710938986322	3.15450140806399
28	10	3.78684497785734	4.21793224631472	4.29107475597849	3.34785768172692	5.54263178337956
28	11	2.7139190512242	3.25903867142831	4.25587799905398	3.72344979424276	6.87318247204744
28	12	2.42782128238326	3.81516474253018	3.3628771498598	2.76150462986082	5.59170347223974
28	13	1.60566802435358	1.66626321636866	4.04387956401119	2.97924316186365	4.34796099104969
28	14	2.02413977239216	2.89475270139115	3.78081616472682	3.82626356109186	5.68507319440393
28	15	1.06489524888916	4.00572841572922	3.97768190070163	2.26201986675006	5.15820460933453
29	1	-1.02903407671486	-0.447102343330442	1.83538373385262	1.90101330702779	1.63955113875323
29	2	-3.02904386621714	-0.155280461863012	-2.32022796514467	0.263980628951706	-1.19269778590456
29	3	0.67492637061093	0.719921278325337	5.22377836697117	4.20457508347643	3.70020703981997
29	4	-1.57310922097425	-2.28333443350742	-2.97142770617431	-0.0842537511278432	-0.284516885515698
29	5	-1.06147791784912	-0.19821224767817	3.18348873645795	3.81205237779634	1.34268982680484
29	6	-0.600365068249822	0.75745131221395	2.42219671694278	3.28012425004231	1.87817556989175
29	7	2.63426765362322	1.84458315125297	2.12710199451949	2.74808863692489	4.6737111094474
29	8	0.42554377338794	0.137347375155279	1.70295569382474	3.17686435353533	1.63943973457711
29	9	-2.153829978217	0.0999421989951908	1.85894793197638	1.96997157720643	1.18646737569774
29	10	2.01634228053361	0.438237190684892	5.4665199779479	3.82668224008182	5.38021076632024
29	11	4.51414226381678	0.933658090185298	2.70712533790146	3.66449064253589	5.83480461060594
29	12	2.6427028628294	0.496443106172364	7.37637650974997	3.51023296394308	4.85484262367003
29	13	-1.57308072338079	0.0167058037238191	1.1503442443921	0.682701910984328	0.108836196161931
29	14	3.89731907868771	2.07755091711225	3.49608519146181	3.29349941499777	4.78358433320461
29	15	-0.116502977012543	0.803148583451885	1.38447189305831	3.24374100286178	0.272567046326708
30	1	4.90942245427443	4.81709621142303	4.74403398094798	5.79569478396445	5.85623738657489
30	2	3.72999459266257	3.79690475519261	5.62135862445705	5.37693976600338	5.16440747082917
30	3	3.30142180036675	4.12590925417939	5.32005091051561	3.15005204261117	5.14203276572193
30	4	5.54541945450349	3.75218579576713	4.57989041295903	3.30099984420351	7.83969108196763
30	5	5.84813251537119	3.63600112601398	6.70052410165042	4.71018622221214	7.44346624873769
30	6	5.21175717353379	3.57270344121214	7.71109328470669	5.32068265495096	6.02581910318926
30	7	3.72950675686939	4.39278854618931	3.71306541269819	5.05867592778451	8.22061190275276
30	8	6.02112370056667	5.48756066544794	8.37073211461122	5.82435900484829	9.95184763109725
30	9	6.66113477577937	3.89975287499956	5.99005505626054	3.37301002986189	6.65218100871068
30	10	2.63737285140738	3.0991895360831	4.01383417042443	4.70854502424957	5.77986340984156
30	11	0.525564418903764	0.615537096228402	1.82688047798332	0.538874279997416	2.1083020508601
30	12	8.13662187908306	5.86119074510415	8.99469227468267	7.46353730892822	9.81569915759402
30	13	3.77354223474053	3.10708194764299	3.17864030864937	3.49293956521372	5.63440404307371
30	14	7.88488642207111	5.72468103430305	10.4137997989883	7.30594669189008	9.54067270899395
30	15	3.80408939506904	2.82897705261441	6.30223824742287	5.37618699164728	5.60216351598206
31	1	3.88106791794775	4.56399083994982	5.6886453271537	6.18644884928273	6.70270182031853
31	2	2.06397470589518	4.2060983172793	2.4412452933182	6.50920009986633	2.45972550589616
31	3	2.34761663253539	3.72505316032026	2.21105866152862	6.91281058181934	5.62532076237561
31	4	3.45603678272658	3.11152977656136	2.58372537287653	5.68601677836349	2.65456761696134
31	5	3.38352637415731	4.78487717083151	5.88467297482423	5.49071134427907	3.92529867381329
31	6	4.48333673590999	4.91427828218833	2.77719893259152	6.019573702938	4.58601623216527
31	7	4.32486420014337	4.350286504349	6.02523191046488	7.45560809822032	6.3098931485479
31	8	1.36669954213223	4.02757279156858	2.44798995294958	3.95793613695147	2.95919653063264
31	9	0.669142406568373	2.11969971223932	0.0450096260328723	4.71841374653534	0.983835129725274
31	10	3.15411542430065	4.44763175526881	2.61964924110555	4.23806358207041	0.749056811612084
31	11	3.05151626231172	4.72310262259482	5.70721350608963	4.46820054935696	4.72181115927055
31	12	1.84033089381788	4.18349738937837	3.56088173251196	7.26988465139367	4.23472017141497
31	13	4.15965422801684	4.25092356228903	2.08474759612872	5.06450461200335	5.01168732153072
31	14	1.26253723893999	2.41489747898556	1.03396745260053	3.60407292087676	0.882305290219056
31	15	2.75275795177443	4.93170196255196	3.43112462773175	4.93175892836461	5.38746486485454
32	1	3.81604953833888	3.75053826368255	6.82989870920122	2.58384983645455	5.44195232360416
32	2	3.44051150882342	3.83127961786018	5.75750326684532	4.14281227056219	6.91291702166063
32	3	2.27521906342424	1.90730956359351	4.62508565080593	3.41824710825647	3.65722859638365
32	4	1.33853152308409	1.17176913771011	3.09535662583451	3.01233624872867	4.34085983591305
32	5	3.67049167533965	4.08984022629854	5.56609967905544	4.20261744387864	5.08900333421009
32	6	-0.336138866400349	1.3577914106142	1.08043504385549	1.19282844026418	2.19303177829474
32	7	1.00987090602204	2.32565418799571	1.89265822009693	2.51147481655419	3.01693234925456
32	8	1.96697901125043	3.71569346029399	6.16264430064013	3.59048546163229	5.2673974466941
32	9	-0.692767432289911	0.886644319158572	0.463497415662416	0.864716283006181	0.647726488795095
32	10	2.29834846194886	3.66906197699566	1.28624277854946	3.73317336219522	5.15159203526349
32	11	4.77424300638897	3.69807409992683	6.13233338555333	4.25012919023402	10.321577926776
32	12	3.43772808927008	2.15522296408404	1.25150570661758	3.42703486126388	5.80449404609551
32	13	0.159255809251643	2.32001300189143	0.0783492872747518	2.47535689573532	4.76403363424745
32	14	2.38305463516988	3.27399311320798	4.20384032741733	3.33109990589915	4.18394759934679
32	15	2.14790257777852	2.31853681235584	3.53860632138503	3.40952339615552	4.04498767411326
33	1	5.74654708472549	3.3566795302598	4.68691398644454	5.21638547522787	6.57079569665009
33	2	4.53928360335213	3.85866738486391	4.15934081675887	4.82048772887565	4.71126426272119
33	3	2.82425750796221	1.62275994507048	3.39166375929053	3.60557492900627	5.21998911561674
33	4	0.862553422796578	2.22665430940721	0.0617291844461376	3.94568573716916	3.30163915752683
33	5	1.38426687375498	2.8085673610125	2.56152779333945	1.10020768692859	3.33003733732522
33	6	2.98463734385579	2.87927617925128	3.73745648747229	3.63475930750159	3.97362075201061
33	7	3.77801234832404	4.46882773129997	3.63619038942497	5.74299244810713	7.43336842294485
33	8	0.228645431558221	2.37725468873204	-0.240392277869127	1.23330163809009	4.53433999936501
33	9	0.383474062239899	2.54098125342215	1.93865515384372	2.55065442800889	3.81041831936442
33	10	2.63889767984868	3.41987505398551	2.71626000038229	4.53837332786246	5.18504652811822
33	11	4.50334329058957	2.46779039754955	4.86078991673704	3.49294816424452	6.15275218329582
33	12	1.82138766212177	2.775225962315	2.95549135080174	2.85142958103005	4.14067804411329
33	13	4.01208618375601	5.19793129551809	6.52202950710141	7.25801732573982	8.1263528469879
33	14	4.70032380591061	3.31424717632328	6.2142826012069	4.47021105042399	7.40147061546875
33	15	2.75741759583504	3.61779261846346	4.7565276223322	3.62140202246901	4.56499438149202
34	1	6.26698234707796	3.61828836338654	3.63475547962316	3.96661275719618	7.30944944907445
34	2	4.01844113514139	3.60637751770347	4.08664661011995	3.85829922006902	4.30331694198424
34	3	3.51440811312159	2.43021673361445	3.3669234235275	3.46915518717807	2.99499022586855
34	4	2.31188979282444	2.64290086441865	4.1078310819076	3.43947883913331	7.10281788901974
34	5	4.3344627236808	3.4466398432287	2.33804378601927	4.72038250889092	6.04295369928014
34	6	4.01319871073922	3.33677240106031	3.54304830211155	4.83831549094365	5.58644761609686
34	7	1.84222013466991	2.34156155692368	3.8493557346245	3.36361759373361	5.04403669621833
34	8	3.70467818489941	3.56484594179481	5.58236403886028	5.44559661762986	6.11015028415357
34	9	6.10978986163661	4.04401352099809	4.13266308059217	4.39544877630698	5.8612678522001
34	10	4.83600247107847	2.58440547587035	4.58890556953937	4.01016701672624	5.57653957117563
34	11	2.43619528555731	3.84566593966218	3.8870834982268	4.56457486965617	3.34765457167432
34	12	3.84856129238849	4.44059225962667	4.5003410300277	3.77097708951161	4.35998866659649
34	13	5.47529079616299	5.51078846290109	10.3702379922986	6.44298438097614	8.18586808863633
34	14	2.87082845920777	2.81195739865587	2.46793547750978	4.16548778962915	3.84479221230051
34	15	3.83268339838477	1.53698802547648	2.90693247443346	3.79189783144896	4.95134583888907
35	1	-1.38243569613202	-0.483307390199711	-0.702642969848337	1.03240239885922	0.486317318705423
35	2	1.63015695422606	0.767360364459099	-1.4159846202002	1.13761626905043	3.97579454308486
35	3	2.77899677848428	1.74701582712257	3.89702003782043	3.95960817016191	4.76169345362881
35	4	3.67821248498496	0.528044185879775	3.73084325943336	3.71795832272142	4.31617801883588
35	5	2.71824976162884	0.660398084164245	7.32512385718214	5.48930071557795	5.88315856716607
35	6	2.86088436869362	1.92719930490902	2.01460244645798	4.3476046088295	6.41005830421385
35	7	3.49049894371968	1.55715443106995	5.5438033913164	3.80828560167655	4.93252648237335
35	8	4.80607911057166	2.72783442335024	7.54562438122843	3.50106740569478	7.31586631035554
35	9	1.30803142792007	1.17740061292255	3.28417008149344	2.25996016446409	3.32521980854774
35	10	1.21055891508943	-0.287225525298923	2.03616933478118	1.78366818892607	2.95273265233939
35	11	2.43817909547889	-0.545441844997818	0.948044397134456	3.6030856361816	3.98838952773842
35	12	3.20191955743901	0.353551428583604	6.79686987195948	4.59653346466049	8.12713501141994
35	13	1.98364472163481	1.55014263247627	2.84079637520078	3.92769526014497	2.9519057277713
35	14	3.34767583728185	2.39578346355029	6.38102556477688	5.05402632920907	6.2704286161424
35	15	0.886734352835056	1.29991982487794	4.07901501911968	3.11393984203718	5.84712546059161
36	1	3.06058019509593	3.138619111868	4.13402947974607	2.68041104651815	2.80999914363472
36	2	2.74945433526835	5.15414265009792	2.49626750596538	4.01191486025116	5.72768699952825
36	3	0.66519003149777	2.73433300148621	-0.213463549846513	1.53695110323475	1.72511087430734
36	4	1.3805807776192	4.736991316355	2.12374788725007	2.39680294385903	3.9783383800733
36	5	0.528508500286947	3.67629172877481	1.62733054409762	0.703196847483057	4.39367918903802
36	6	3.7456321383664	5.89325926589677	7.52523800854667	4.43406719030169	7.64701126078343
36	7	3.08511798287691	4.11745902684721	3.40040510734827	2.66766789402531	5.42351702850822
36	8	2.76829405384785	4.81858049544271	5.53288903355812	3.38832387156893	3.83208706440897
36	9	5.66295441409258	4.6624052916065	7.72412103953007	4.90183010989231	5.98673578730528
36	10	2.01419170928059	3.77552966971287	2.88573807704245	4.62930147526276	5.36116233683322
36	11	3.76178950998367	4.47348653820797	5.76460940200915	2.53061601612803	4.46643067962212
36	12	-0.139060060748033	3.26732887795711	-0.567558391842736	1.59455738457029	1.69395911825592
36	13	1.39689831084557	3.70368762742676	2.81313084384847	1.1944187790798	5.26531732192298
36	14	4.92687961543405	4.21996880982126	1.91699180608452	3.45952804129098	5.23759181787245
36	15	4.16926926996274	4.64729433976081	4.7557947047814	2.48763451412007	5.53744239560407
37	1	0.235141968410956	0.674323587802237	1.10552649098156	3.61581881245057	3.45216114156615
37	2	7.3773665352776	3.10160316856338	9.07456095966608	5.84999765570231	7.32878652133928
37	3	2.35391562159152	0.228616731622531	1.42684317992154	3.44666012239648	2.12937968074676
37	4	2.4082180307149	2.22591752324178	3.75675698161776	5.21934660436737	4.76392150284278
37	5	4.58272047109073	2.07474460464506	4.66603911645778	4.48312228741522	6.30196874926197
37	6	3.54715971925884	1.50455695773601	5.05364047912264	3.82235195727413	3.4172258366001
37	7	2.21534180980845	0.603106733017852	2.52588240762974	4.4747861980999	1.92105317469014
37	8	6.90497912355106	2.14602631738489	5.40245591776886	6.95090094705319	7.92589719554313
37	9	3.49002614930278	1.95597769976027	8.88820675881689	7.99569119980649	7.97112053530214
37	10	4.25021588011039	0.819124091730503	6.4117339432922	3.56128949702405	5.38444844479815
37	11	3.96013294449725	0.622765415580512	6.79496817586284	3.63934361105874	6.78184454545545
37	12	3.9727414434636	2.2073709943086	2.41653543646261	4.41915407169852	5.35868580099534
37	13	4.4374771631919	2.38989860723044	7.85432224232083	5.48654979667873	5.32752092429254
37	14	1.22505793763035	-0.0251277795414773	0.791784764909007	3.78842468697014	4.47343482924764
37	15	5.02580244816191	4.04610357528533	8.60074570764616	6.70706210814846	7.11366632591737
38	1	1.16892322899657	3.19417864768491	2.74536648542787	3.26752935768761	3.61370327427184
38	2	2.64751490720622	2.67266789778331	0.0114021460582844	3.50995299186905	3.17284339941335
38	3	2.72532319084197	2.77150639674593	2.12607387582027	3.55437655946852	4.83876317065051
38	4	4.11494301702742	2.98400957143685	3.37870301626829	4.58269716109659	5.95065433199052
38	5	5.44300618357954	4.25802636497617	6.46442945632287	6.07678918291748	8.56286515232531
38	6	4.66480152422499	4.10976871970723	5.13445950889951	4.79764498211823	5.60740278773531
38	7	3.3362367943802	3.84564503693388	1.10297581522212	3.48932948140324	3.88815326929125
38	8	0.742259720654619	3.32069786313335	0.185762614941538	1.9325726855436	1.63612819915971
38	9	0.424602635168215	2.206938373983	1.71453425534663	1.08388044858816	4.35892098551671
38	10	1.46803923019422	2.34571406787416	3.37873137057311	4.76525492718289	4.31591114204551
38	11	4.24157789158089	5.05586659463988	7.26041728715048	5.26821463600467	9.50074394029552
38	12	-0.404683045232545	4.00085750146203	-1.32513451053594	1.17355998485076	3.47890125145568
38	13	4.73080223749007	3.67598591450122	3.35989379716	4.75491391627638	6.10050520355111
38	14	2.51819445260569	3.61659471048071	1.09350993777494	4.28826568254858	5.26961771970674
38	15	4.68309336321532	4.18542374115525	5.86947124017947	5.7431025938478	6.9620740576652
39	1	-0.763895250121195	2.96540494044421	0.090980579271185	3.00849541764658	2.3364146302948
39	2	4.8884367320657	3.70853880519725	3.9557479953244	3.35213521507105	3.69366133906063
39	3	0.5764910393895	3.18245017072885	1.39193626102754	3.7037305436931	0.790799589442817
39	4	4.0931458512819	5.90912213121183	2.65414141570566	4.91060927853591	5.87676892991542
39	5	3.15550579829231	5.3719510078768	6.07988677276812	5.6210327313764	6.53270181086046
39	6	4.11558383901922	5.83328438613979	7.21314776053193	6.44468949658354	5.51600840610646
39	7	2.97139012744274	5.26638720672839	4.10965290067742	3.02944634428865	4.71498485994451
39	8	5.67809981065212	6.87765114738694	6.31969405240767	5.5288177868309	9.06350716233617
39	9	2.84604041305447	5.53912274751345	4.72548164907782	5.05476759583329	4.54826530263426
39	10	2.06192174036	3.00695284701551	2.36156783976244	2.61783012173187	3.04513515950626
39	11	-0.0253767397657865	3.7158359989436	2.60699588676623	4.00340471034661	5.71179731365277
39	12	-0.487056468083826	2.29810441919415	1.69712203540746	1.70794071764025	0.700846297591559
39	13	-0.159119134095905	1.96413815922243	1.12276293828403	3.43982878110938	5.75241469615397
39	14	4.23487151528457	5.88536103742109	4.48488673163043	3.23777689494592	4.60129007240931
39	15	1.9958436509452	4.1429527954816	2.83950607418223	4.31958981158871	3.70374933027764
40	1	2.60277660931097	1.28600982845911	1.94153983031222	2.3299310382006	4.27550978625553
40	2	2.24731060043484	0.784783412071776	-0.192616713490861	2.04725054789623	3.16855841572317
40	3	2.60771179934994	-0.106052860391385	0.461656028690035	-0.0671417288367751	6.21021995762359
40	4	0.367012352092573	0.0472282763946657	-0.0956351638081118	1.55456270294153	2.94625911685275
40	5	3.33324901821521	1.2105078232215	2.58370136012753	2.63122923218289	4.89995389378838
40	6	-0.282884143069699	0.142648980422149	-1.59477072843884	2.1021890323845	0.560768741019242
40	7	2.66558128236433	0.53322262775234	3.3366448053592	1.60426294612723	4.63531605969136
40	8	2.38407615621702	0.410661971392171	0.888694353143588	0.627709673507901	-0.715486443865875
40	9	6.38241027452016	2.3621117818959	3.95759441325046	5.08704495457763	6.16786394237763
40	10	4.10674303869289	0.805045726662948	1.28344976479919	3.4508610579505	5.923685241328
40	11	0.784077048030968	-0.676715325856253	3.61219816389993	1.90721046107713	2.29878170904575
40	12	0.805808706704942	1.30160260689454	2.90384343058278	2.91240806959182	3.91809740308833
40	13	0.672207471608276	1.44350969501529	1.58452105240474	0.490446244832975	3.10074503245809
40	14	3.82378875304913	1.92193743355756	2.60657684445876	3.56270975179684	4.04809413587549
40	15	2.40018913766972	1.47257236982066	3.21844788548204	2.85011239605546	4.09470910196194
41	1	-1.74510765820765	1.46239819607307	0.277634538720311	-0.741582436957152	0.65718478422069
41	2	0.552400196895939	1.58585086803781	-0.0269657673113871	0.978471095631087	2.1324857066832
41	3	3.68560317741755	2.31740213723059	2.11757340466879	3.22090751855949	3.98211734618602
41	4	4.81311258344246	3.38898365216631	4.68790435501771	4.51274244052776	7.06417130450506
41	5	2.56429604424649	3.78952329146218	3.69898061766833	2.69134577925595	5.80468728445512
41	6	-0.577513939739878	2.26077727492781	0.0275572923267334	2.13403745961902	2.08765408016446
41	7	2.19315864748059	1.79248381332109	4.93039107381353	2.60825044007229	6.10513204403228
41	8	1.81751615228441	1.1711361461138	2.12206633579139	2.31556580326241	5.15835185137369
41	9	3.16587005783334	2.71802807160479	1.70359873591176	3.20028251511593	2.95745166980054
41	10	0.279941100662017	2.81123936835713	3.29924759450556	2.67278741225478	4.49685096789387
41	11	6.51711224447528	2.71060052559942	7.26029727561059	4.35887401807083	7.0761924362963
41	12	0.18088071945945	1.10567216224899	-0.251176889156343	1.42129345326087	1.38017946904365
41	13	2.56417570706755	2.61196308165885	2.77296687596421	3.46451156543963	4.50718148250884
41	14	-2.3188490804618	2.29611801031677	-2.28608149183391	-0.81603283600151	2.04345489187201
41	15	2.0191740858339	1.51487714120897	2.93732153276408	2.53324374106154	5.22425988645895
42	1	3.23573397297816	1.92177213895289	3.30896800372509	4.96000903929377	5.58533818992983
42	2	5.221496085207	2.29243129121267	3.72453939236707	3.69517416022053	7.95176853303869
42	3	0.43873711163123	0.79682650891799	-1.42862782102971	-0.894270936373106	2.60086364758816
42	4	3.1519642692361	2.55989678213233	3.48124245923961	2.84616186140802	4.02361270219476
42	5	5.99070716567044	2.93400718211122	4.32776363066359	5.57822852507525	7.28706923444529
42	6	1.03221154062465	0.601244041627913	1.54102701032906	1.13515972152722	2.55090172716681
42	7	2.845640622961	1.43820504492916	-0.115276048310996	2.35952812758673	5.74200568299513
42	8	2.04551812395793	1.61192685514387	1.90227543436647	3.64067802269156	4.7043052351289
42	9	1.98200196154272	2.14894664910076	4.62143500852147	3.27658351923626	6.20213245863306
42	10	3.99718774467923	3.65197819003351	2.32927829539077	4.08124906432773	5.92524452875736
42	11	5.37791008629481	2.48737706653668	3.47833430126776	5.76511489910431	6.39675228527314
42	12	2.87634015966125	2.02049316996888	2.07176146545594	3.51928114113237	5.13888354569268
42	13	1.90130520740302	1.67408360080446	3.53227549243699	3.57247900595812	3.56202131361081
42	14	5.181902295889	2.91639266294064	8.6046342626683	6.0756386198821	6.76629977818274
42	15	4.12047138659277	2.78860206115155	6.55930854174315	2.27325220498689	4.44454674432332
43	1	1.23878475049296	-0.921412372948531	2.51996855688096	4.40745870564011	3.687466775113
43	2	-0.449623315535911	0.673001437422488	-0.45326439657082	2.40960857742247	0.563843999617102
43	3	0.2843582145387	-0.244502900968935	3.68100074333066	3.80754902843157	2.59998776424702
43	4	1.56705362586905	-0.425869824156438	0.41660162210344	3.24406800461504	3.76949644003456
43	5	-0.205355170365404	-0.366839463757486	0.910454200481113	2.29395170225353	2.53774901677733
43	6	0.430609225473081	0.584798234675275	0.44435915652174	2.9296761021055	3.27738109500882
43	7	-1.16945783918183	-0.328158955921493	-1.80988046182186	3.78873206646742	1.18991356366728
43	8	-2.86288172518583	-0.999115421603205	-2.38100752796071	2.08071343902955	1.70283277374711
43	9	-1.02729156862743	-1.28827263047364	3.01055456792503	1.5898957300915	1.8661852191848
43	10	2.69014808209853	-0.0790498830604476	3.00311848476222	6.63515592150531	4.76649380623951
43	11	2.98557642193114	-0.125229305904885	2.55999536665015	4.12550891818593	3.46447747992129
43	12	-1.64136264008587	0.292583114746581	-0.685863382283713	4.05600901575153	3.03471668255777
43	13	-3.01664924703531	-1.63772742389943	-1.73100721395684	2.09408208042078	1.77754676707143
43	14	1.18914579430524	-1.44460526303175	0.363308883892466	3.97049559203025	2.10159727476499
43	15	-0.46224936733026	-0.0755892619358908	0.0704873598318933	2.88776453297486	4.26864402669846
44	1	4.86468745359441	4.13493555102198	5.90583617597073	4.72206790413468	4.87831128477838
44	2	2.74841753330636	2.1508244820303	5.6443154641263	5.67326472431549	4.65966886135208
44	3	6.75171321368203	4.21478920717667	9.37333994118645	9.07269959350626	10.2101096260422
44	4	3.91462081734378	3.16209707206099	4.50923021512243	4.85039703821254	6.78401128851056
44	5	2.50660615952533	2.2486526012604	3.39124888513823	3.65203507139692	4.98348047618564
44	6	3.82008654647121	3.29792384321322	4.40594907220721	5.37769878469598	8.2062782995038
44	7	2.32080595416785	3.61167859835161	3.97371323879875	3.13455065079059	6.78502476882222
44	8	1.38539767977887	3.17818551970022	4.88464930122516	5.49547990493696	5.15806136180415
44	9	6.4114843765127	3.07718393804444	7.83402373903779	4.25273101987737	6.41993308328798
44	10	6.50572208172662	3.70514477054912	3.30567299584573	5.00976824507703	5.4959875794466
44	11	0.817685362487347	1.92874767733255	3.20702333002245	3.74958293189111	2.86155227126421
44	12	4.35644642945646	3.71042988460788	5.50535445841575	4.44084068791488	7.12902537024149
44	13	6.02673906956117	3.17161633928776	8.70179636557691	5.98580769159475	7.3816228399823
44	14	3.20096023349524	2.41920900100766	2.79745654911305	3.71490257627714	3.44806000404843
44	15	6.84011371398463	2.68028036610357	8.04383671960478	7.23679178703851	8.33031480805784
45	1	4.47881000972707	2.64634395351964	5.97290577121444	7.49556805959607	7.46593874363447
45	2	10.270992820492	3.34307665548837	8.58851301510877	6.75844270988747	10.8939462882939
45	3	3.52972336569443	1.35098505279921	4.98003829462232	5.19803930717827	7.41107596274557
45	4	5.2615793657704	1.82298159248921	6.58961951808108	6.11833633961413	6.80493901943646
45	5	4.71944081239181	2.41335668295529	5.37091131690947	4.95865816142527	6.14188260390211
45	6	4.13652586742645	2.19664854725455	4.42621187036647	4.16549547516674	6.64215162724307
45	7	1.44802076871264	1.26531947307485	2.8516222674984	1.68778945326939	4.70583382093126
45	8	1.0868444721421	1.56567099609029	1.69931748280872	4.03328314507535	3.90234621362448
45	9	5.95457497276191	2.61300424039883	4.71131783070619	6.90868285901218	6.5661606617773
45	10	3.70933169296662	1.44169485400115	4.51394365441962	3.07721557496177	4.96756608572877
45	11	4.77819892076138	1.18157635015899	4.35532513738244	4.83214700064034	6.65296002245448
45	12	1.66550515405397	0.390943520774285	1.06451038130207	0.880268828654411	3.73186035135064
45	13	1.94692168493613	1.84935162831358	0.965887290346322	3.03808442482028	3.91323284601115
45	14	1.74981777262205	1.21725686581473	2.18521841385503	3.15041584340506	4.9106124438292
45	15	6.08979505465047	1.62152846175571	5.91877683337043	5.77616886207252	7.3715555094972
46	1	-3.44710801795523	0.439386971967796	-0.359766012558347	5.30999171905968	1.64591047400517
46	2	-2.34921952112822	0.502610903427726	3.46533562577862	1.80799017824634	3.7110266129349
46	3	-0.763407159129153	0.641886265795567	1.90563231068173	4.44041569706463	2.19252913750912
46	4	-1.33508024661014	0.763045249210705	1.41419207492788	5.23758787880775	2.54322280756398
46	5	0.514284874565571	1.94051218312142	4.33455116443444	3.58269176158924	4.49482120093926
46	6	5.05836836360622	3.4172716225407	6.65584097299536	5.83859234316259	5.69878844217891
46	7	-2.90572301009108	-0.249189213759979	1.80639120761733	2.7344202945199	0.358309391766331
46	8	0.201707611104794	0.66021783830777	1.13783643133135	4.78120387332329	2.76794616791869
46	9	0.368767429170848	-0.524924109994417	1.47751460484454	3.07200804584964	0.686959414953768
46	10	1.34934882017048	1.42350204631955	4.91646455691568	4.7571393054285	4.69716461330993
46	11	-0.940984517353671	1.74460869229823	-0.158304728849957	3.15608253373523	0.73109141824071
46	12	0.907553388171074	1.86988489659586	1.92089835451	2.06589166085295	1.34618141938197
46	13	1.05769682838939	1.26315624151506	3.08788552413573	3.53440765777401	4.21943288202293
46	14	-1.51772654202739	-0.369507050453578	1.54725224312259	3.73765820513699	0.735247609715741
46	15	2.84852977610677	1.07271373860621	5.12991611201195	6.24654960568796	7.48553673971777
47	1	3.94890597585351	2.62468137577229	3.8778926394516	1.78565367296725	2.71415889468366
47	2	0.978436410353236	-0.0350238158665808	-0.251898954341678	2.3026840240121	3.81308697538017
47	3	3.55750193954351	0.544949256238717	3.83619942225584	1.41842174399732	4.58473361061169
47	4	4.63442479375631	1.25497730415434	0.370533212752983	2.32448684140974	4.13191296349928
47	5	4.36988791336699	0.0874610961976426	-0.300071838074833	3.58784780164596	4.07183724571189
47	6	2.01140563955674	1.09363590551542	4.87413762478485	1.586135467603	5.27092678123914
47	7	3.32226753189961	2.41931781686705	5.63247657781951	5.3104321473421	7.92740725139227
47	8	0.782520126009318	-0.460485483497216	1.03031721308998	2.5232887052218	3.21126598178416
47	9	3.64292993613199	1.3001642926471	-0.963066725528349	1.77071450312933	2.96539979108585
47	10	2.99351713859942	0.920940455949012	3.10808333668574	3.68634270376584	6.15821108631873
47	11	0.943469557361849	-0.540625995101497	1.54279059152945	2.01477910961659	3.04883650519041
47	12	2.46476289694666	0.314240673185773	0.729862711274507	2.37050138618892	3.35529740735193
47	13	2.89444856747996	0.132618557346456	3.71431013342271	3.54541936561099	4.69538044398269
47	14	1.74564449149522	0.172453825708887	3.86631455851985	1.66747257967571	4.33527524898369
47	15	-0.0908758166970308	-0.611585450640227	-2.09962449665686	-1.73086230980516	0.900148659625184
48	1	5.50792151953924	3.13017120507027	5.92442257924032	4.91911919509509	2.90591886586619
48	2	3.29981943647333	2.88999976822428	3.29841727521101	2.25883498632116	4.06784218649987
48	3	6.12121922338781	5.15975392540265	7.57051287234137	4.83895236400971	6.88283480379084
48	4	2.8249591283856	2.36272401971956	2.50259289927325	1.47753095528207	3.56835108501649
48	5	2.44848822994321	3.54268492552317	0.64649321188337	2.27664776354919	2.75641500407175
48	6	5.39772358003683	6.15262457441709	5.64181923291554	6.57950598517255	5.4290028504281
48	7	4.86440904588309	5.16787985831113	7.33471733775994	6.34020765272781	8.01068934635921
48	8	0.745314067920969	2.16728077694505	-0.288417814333377	-1.41946093385232	0.752446183406132
48	9	3.14090346313615	2.71132232122531	2.60291377222941	1.36933155933028	3.69697392815047
48	10	4.57849289030034	2.92847778777052	0.406768776343952	1.61780998494355	1.58824986298399
48	11	1.56036857605887	2.50799991012554	1.68859584773625	2.60423869654194	1.85010403108644
48	12	3.00488595174708	3.09535361112957	4.47839764007861	1.5403076552024	2.17171837452682
48	13	1.53264196030454	1.35287349108635	-1.82914898255187	-0.426246116514208	1.58818233742838
48	14	3.966663117404	3.4901177643709	1.65650307362462	2.29797563881129	4.05523950556077
48	15	4.97527047587782	4.45646604032661	3.1259152741537	2.90526293283474	6.84054807618234
49	1	1.81327850557214	6.12721943631566	1.99030821092532	5.40726375732689	4.74244306647487
49	2	2.49239574048611	6.65074291078427	3.16080925243521	1.94804133816753	3.98394892538288
49	3	6.70622844755364	5.89615190812009	5.90357680832066	5.80252577635905	8.85429506891094
49	4	4.54185611243335	6.68277663778627	4.70769494071108	2.99599457457198	4.7631278512599
49	5	-1.58720784591597	3.18942320812694	-0.166922122597627	1.45794975004475	2.32711542849043
49	6	4.53528045631127	5.2024398810215	3.99093964229298	5.35135891669269	6.08200790652823
49	7	5.66756454251955	7.20209593008856	8.24045602244886	6.63926004716421	6.36471842076671
49	8	4.75652419302271	5.8429470922633	5.97529931949027	4.11427357161518	5.55827574672188
49	9	3.36463058884301	5.905671072928	3.01203485414037	2.9200033747174	6.25478908171964
49	10	3.65876348339001	5.23758513766863	3.8281931814479	4.6330842325651	7.96334987377977
49	11	1.35243042689478	4.25607706388651	-0.843792541840662	1.5585987656676	2.42067289261358
49	12	2.7091761556416	5.54769284620862	2.26839965433761	4.46763652193913	4.78028848964085
49	13	1.71580957922352	4.25644349702198	1.14142852234266	1.80524755478205	2.54937240512802
49	14	1.20950156776332	3.66452267361058	1.77364477398863	1.80681849472732	5.97954868525771
49	15	4.31188325018079	6.19778233575724	4.1243831834477	4.43890468419731	5.74557535265697
50	1	0.671132747591677	0.663185103775156	2.57432222045011	1.46109834883777	2.08554229866297
50	2	2.05879050853078	1.41669636231002	4.86357085850788	5.1162190031383	4.30596327607867
50	3	2.81160764031809	1.08856451327565	6.1563848246001	4.02745652108436	4.79381837256619
50	4	0.158893475128606	1.80665359142926	3.28012261357834	3.87059339983238	4.20216242685229
50	5	3.80386191396429	3.18169969941146	5.38072387252637	7.1387230934901	8.27049713184872
50	6	0.343537829642438	-1.27006263269173	-0.929132067557923	4.34734522155342	3.5116340326443
50	7	0.961297753001087	2.35507816640164	1.99435790530088	4.48071134678879	6.23448470442969
50	8	2.61215250690759	-0.189928832067067	1.45611813440935	4.03984486238371	3.94281332369426
50	9	-0.231575523272007	0.703214708584115	3.31693600408426	4.71810791744111	5.15941256409815
50	10	1.99294781004574	0.675143082986827	3.89763656765858	4.21132887042037	2.15987597996511
50	11	-0.119127039596255	-0.0357993944795845	1.44158595627275	1.75441451783842	4.41947169375484
50	12	-0.56372481323745	1.13371224776312	-0.415767326215069	3.2455531134157	2.94717728355183
50	13	0.26237884036115	1.15959211595884	-0.583741359301675	1.91919751540332	3.55850772124606
50	14	4.09940049076179	2.71920289991679	5.84848514546923	5.60483926028524	8.01751551596942
50	15	0.219803793109638	-0.298646034488827	2.06783619088242	3.54570555618387	3.51839316748887
