1	1	0	0	3	1
1	2	2	1	2	4
1	3	-1	0	1	1
1	4	1	-1	0	0
1	5	2	0	3	3
2	1	0	0	3	3
2	2	1	0	4	2
2	3	2	1	4	2
2	4	-1	1	-1	2
2	5	2	1	5	4
3	1	6	5	8	7
3	2	6	3	5	5
3	3	5	5	6	6
3	4	3	2	2	5
3	5	4	3	3	5
4	1	2	2	3	3
4	2	2	2	3	3
4	3	0	1	2	3
4	4	5	2	3	4
4	5	2	1	3	6
5	1	1	1	5	4
5	2	3	1	10	6
5	3	0	0	4	3
5	4	1	0	5	5
5	5	-1	0	2	3
6	1	2	5	5	4
6	2	6	6	7	6
6	3	3	3	5	3
6	4	5	6	5	5
6	5	1	5	5	2
7	1	1	3	3	0
7	2	2	3	2	2
7	3	1	2	0	1
7	4	0	1	4	0
7	5	1	3	3	1
8	1	0	4	2	2
8	2	-1	4	0	3
8	3	-2	3	1	2
8	4	1	5	1	2
8	5	2	3	3	1
9	1	0	-1	0	3
9	2	3	3	3	6
9	3	-1	1	-1	2
9	4	1	1	3	2
9	5	-1	1	2	2
10	1	0	0	1	0
10	2	3	1	3	2
10	3	0	2	4	3
10	4	3	0	2	3
10	5	-2	0	-1	0
11	1	1	6	6	4
11	2	4	6	3	4
11	3	4	7	7	5
11	4	2	5	3	3
11	5	4	6	6	5
12	1	0	3	0	4
12	2	5	8	5	5
12	3	2	5	1	4
12	4	2	5	3	3
12	5	3	5	3	7
13	1	1	1	1	2
13	2	4	2	6	4
13	3	4	1	5	3
13	4	4	2	4	5
13	5	5	2	3	3
14	1	3	3	4	4
14	2	3	3	5	4
14	3	3	3	5	5
14	4	1	2	4	3
14	5	2	3	4	4
15	1	1	2	1	2
15	2	2	2	4	3
15	3	0	0	0	3
15	4	1	1	1	2
15	5	0	1	0	1
16	1	4	5	8	8
16	2	3	3	7	6
16	3	7	5	7	8
16	4	5	6	6	8
16	5	4	4	4	5
17	1	5	4	4	5
17	2	3	3	3	2
17	3	3	2	4	4
17	4	3	2	4	2
17	5	3	4	3	4
18	1	-1	0	0	0
18	2	-2	-2	-4	-1
18	3	-2	0	-1	-1
18	4	-2	0	0	1
18	5	1	1	2	2
19	1	2	2	3	1
19	2	0	3	1	3
19	3	6	5	7	5
19	4	2	2	4	2
19	5	5	4	8	6
20	1	3	5	4	4
20	2	1	3	0	3
20	3	1	2	1	3
20	4	0	2	-1	0
20	5	2	2	0	4
21	1	3	3	4	3
21	2	0	0	0	1
21	3	0	1	0	1
21	4	3	1	4	3
21	5	0	0	0	0
22	1	3	2	5	7
22	2	3	1	4	3
22	3	0	1	0	1
22	4	1	3	3	4
22	5	0	2	2	4
23	1	-2	1	-4	2
23	2	0	3	2	4
23	3	-1	2	0	4
23	4	-2	2	0	1
23	5	0	2	0	4
24	1	1	1	0	3
24	2	4	2	4	3
24	3	-3	1	-2	1
24	4	0	2	5	3
24	5	0	2	0	2
25	1	4	1	1	4
25	2	2	0	2	4
25	3	3	1	3	4
25	4	0	0	0	0
25	5	1	1	2	0
26	1	0	1	1	1
26	2	0	1	3	1
26	3	0	0	0	1
26	4	2	2	4	3
26	5	0	0	-1	-1
27	1	2	5	4	3
27	2	2	4	4	3
27	3	1	3	0	3
27	4	1	4	3	3
27	5	5	6	4	5
28	1	5	5	3	5
28	2	5	4	4	6
28	3	0	3	2	1
28	4	2	3	3	4
28	5	2	5	1	5
29	1	0	0	0	3
29	2	0	1	3	4
29	3	0	0	0	2
29	4	0	0	0	2
29	5	2	2	0	4
30	1	0	2	3	3
30	2	2	4	4	5
30	3	2	3	4	3
30	4	2	3	4	4
30	5	3	5	5	4
31	1	3	1	5	4
31	2	1	1	3	2
31	3	5	1	7	3
31	4	4	2	7	4
31	5	3	2	5	3
32	1	1	1	3	2
32	2	2	3	1	2
32	3	3	2	6	3
32	4	2	2	3	1
32	5	1	2	3	3
33	1	4	2	3	4
33	2	1	2	3	4
33	3	3	3	6	5
33	4	3	3	5	4
33	5	0	0	1	2
34	1	2	3	3	4
34	2	3	3	5	6
34	3	4	5	6	6
34	4	5	2	5	5
34	5	0	1	1	3
35	1	5	3	5	3
35	2	2	1	0	2
35	3	4	2	2	1
35	4	3	3	2	3
35	5	2	3	4	3
36	1	5	2	6	6
36	2	2	1	2	3
36	3	3	2	6	4
36	4	3	3	6	2
36	5	5	1	6	4
37	1	2	3	3	3
37	2	3	3	0	4
37	3	3	3	3	2
37	4	0	3	0	2
37	5	4	3	5	4
38	1	-1	1	-2	1
38	2	2	3	0	4
38	3	-1	1	-1	3
38	4	-2	2	0	1
38	5	2	2	1	4
39	1	4	2	4	5
39	2	3	2	4	5
39	3	1	2	1	2
39	4	1	1	2	3
39	5	0	2	1	3
40	1	3	6	2	3
40	2	-2	1	-1	1
40	3	2	5	3	3
40	4	1	4	3	2
40	5	0	3	1	0
41	1	0	-1	0	0
41	2	0	2	1	3
41	3	0	-1	0	2
41	4	-1	0	2	1
41	5	-1	0	0	2
42	1	1	1	3	3
42	2	1	3	3	5
42	3	-1	1	3	3
42	4	0	2	2	3
42	5	2	4	1	4
43	1	-1	0	0	0
43	2	0	0	0	-1
43	3	0	1	-2	0
43	4	0	0	1	0
43	5	0	0	0	0
44	1	4	4	8	5
44	2	5	5	10	7
44	3	2	3	8	4
44	4	5	5	10	7
44	5	3	4	6	5
45	1	6	4	10	8
45	2	6	4	6	5
45	3	2	3	3	6
45	4	4	3	7	5
45	5	0	3	1	4
46	1	2	0	3	1
46	2	-1	0	0	1
46	3	2	0	0	1
46	4	0	0	0	0
46	5	0	0	0	0
47	1	3	1	4	5
47	2	0	2	5	4
47	3	2	0	4	3
47	4	0	0	2	2
47	5	2	1	3	2
48	1	2	1	6	5
48	2	3	2	3	4
48	3	3	1	4	5
48	4	1	1	3	0
48	5	1	0	2	4
49	1	3	4	1	2
49	2	4	5	3	3
49	3	4	5	2	4
49	4	7	6	4	5
49	5	0	4	0	0
50	1	0	1	1	0
50	2	3	1	2	2
50	3	-1	0	1	0
50	4	4	4	6	1
50	5	1	0	3	1
51	1	0	2	0	2
51	2	0	2	2	2
51	3	2	5	5	4
51	4	4	4	7	6
51	5	2	1	3	1
52	1	2	2	2	4
52	2	0	2	1	2
52	3	4	2	4	7
52	4	1	2	3	5
52	5	-1	0	0	2
53	1	1	2	2	3
53	2	2	2	1	3
53	3	1	2	0	3
53	4	3	4	3	4
53	5	1	2	0	1
54	1	5	4	6	7
54	2	4	2	6	7
54	3	4	3	8	7
54	4	4	2	6	6
54	5	4	4	8	7
55	1	1	4	3	1
55	2	0	2	0	0
55	3	3	3	3	1
55	4	4	4	6	5
55	5	1	2	1	3
56	1	4	5	6	6
56	2	6	4	5	6
56	3	2	5	6	5
56	4	3	4	4	5
56	5	2	3	3	4
57	1	0	0	-3	2
57	2	0	0	1	2
57	3	1	0	2	3
57	4	2	0	3	2
57	5	-1	0	-1	1
58	1	5	5	8	7
58	2	3	4	4	5
58	3	0	2	1	1
58	4	4	3	5	5
58	5	3	3	4	6
59	1	2	3	3	5
59	2	2	4	1	5
59	3	1	3	1	3
59	4	2	4	0	3
59	5	0	4	3	3
60	1	0	3	2	3
60	2	1	2	4	2
60	3	3	3	3	4
60	4	1	2	4	4
60	5	0	2	1	3
61	1	2	5	4	6
61	2	0	3	0	3
61	3	0	3	0	3
61	4	4	5	8	5
61	5	1	5	2	4
62	1	3	1	2	1
62	2	1	0	2	1
62	3	3	2	5	3
62	4	2	2	4	0
62	5	1	1	0	0
63	1	2	3	3	3
63	2	-1	2	0	5
63	3	0	4	3	4
63	4	2	3	4	4
63	5	1	6	6	5
64	1	0	0	1	0
64	2	1	2	3	1
64	3	2	3	-1	1
64	4	1	1	0	0
64	5	2	4	3	4
65	1	0	1	1	2
65	2	-1	0	-2	1
65	3	0	0	0	1
65	4	-2	0	0	1
65	5	0	2	0	3
66	1	4	3	7	6
66	2	1	2	1	2
66	3	2	1	3	4
66	4	5	1	2	4
66	5	6	3	7	6
67	1	0	0	1	1
67	2	1	1	0	3
67	3	0	1	2	2
67	4	1	0	3	4
67	5	1	0	2	2
68	1	1	2	0	2
68	2	1	3	5	4
68	3	1	3	3	3
68	4	6	4	9	6
68	5	3	3	5	4
69	1	1	2	1	0
69	2	1	2	2	1
69	3	4	4	5	2
69	4	1	3	3	1
69	5	4	5	5	2
70	1	5	6	7	5
70	2	5	5	6	6
70	3	3	7	4	3
70	4	4	5	3	4
70	5	2	6	2	4
71	1	5	2	3	3
71	2	3	5	4	4
71	3	2	3	5	3
71	4	2	2	5	4
71	5	5	4	8	5
72	1	1	1	3	1
72	2	-1	0	-2	1
72	3	0	0	0	1
72	4	-3	0	-2	0
72	5	0	0	0	0
73	1	1	2	4	4
73	2	3	2	3	4
73	3	2	3	5	3
73	4	2	3	5	5
73	5	2	1	3	4
74	1	0	1	0	2
74	2	0	0	0	2
74	3	1	2	2	2
74	4	5	1	5	4
74	5	-1	0	1	1
75	1	3	2	4	5
75	2	0	2	0	2
75	3	1	2	4	2
75	4	-1	0	-1	0
75	5	0	1	0	4
76	1	4	3	5	3
76	2	7	3	5	3
76	3	4	3	4	5
76	4	2	2	5	4
76	5	0	3	1	0
77	1	0	0	0	2
77	2	1	3	0	1
77	3	4	4	6	4
77	4	3	2	4	4
77	5	1	1	1	3
78	1	-1	0	0	-1
78	2	0	0	0	0
78	3	0	2	0	0
78	4	1	2	3	1
78	5	-1	0	1	0
79	1	0	1	3	1
79	2	2	2	4	0
79	3	0	1	0	1
79	4	0	1	0	2
79	5	2	2	0	2
80	1	2	0	4	3
80	2	4	2	3	4
80	3	0	1	3	2
80	4	5	1	4	4
80	5	0	0	1	1
81	1	-1	3	0	0
81	2	0	2	-1	0
81	3	5	3	5	3
81	4	2	4	4	3
81	5	1	4	2	1
82	1	2	3	5	3
82	2	4	3	6	6
82	3	4	4	7	4
82	4	1	3	3	1
82	5	1	1	1	2
83	1	1	3	5	4
83	2	1	4	2	4
83	3	0	1	0	2
83	4	0	2	2	3
83	5	0	-1	-1	1
84	1	1	0	1	3
84	2	2	2	3	6
84	3	3	0	2	3
84	4	3	0	1	2
84	5	3	1	7	5
85	1	1	3	4	4
85	2	0	1	0	2
85	3	1	2	2	2
85	4	1	3	4	4
85	5	2	3	1	4
86	1	2	1	2	2
86	2	0	1	1	0
86	3	3	1	5	4
86	4	0	0	0	1
86	5	0	0	2	0
87	1	6	3	7	4
87	2	1	1	2	0
87	3	2	2	2	3
87	4	2	1	3	3
87	5	3	2	4	3
88	1	0	1	-2	1
88	2	2	4	2	6
88	3	1	2	0	3
88	4	0	3	4	4
88	5	3	4	3	5
89	1	5	3	6	3
89	2	1	0	4	1
89	3	2	0	3	0
89	4	6	3	7	3
89	5	1	2	4	1
90	1	3	1	7	2
90	2	5	2	4	2
90	3	2	1	6	4
90	4	5	2	5	5
90	5	2	2	2	3
91	1	1	5	1	6
91	2	4	7	4	6
91	3	0	5	1	6
91	4	3	6	4	5
91	5	0	5	4	5
92	1	3	1	7	5
92	2	2	0	2	2
92	3	2	0	1	3
92	4	4	1	7	6
92	5	3	2	5	5
93	1	3	2	3	3
93	2	1	3	3	3
93	3	1	3	3	3
93	4	6	5	6	4
93	5	-1	3	3	0
94	1	0	2	0	0
94	2	-1	1	0	0
94	3	1	2	2	2
94	4	0	2	2	2
94	5	0	3	2	2
95	1	7	3	6	4
95	2	5	2	3	1
95	3	8	5	10	5
95	4	3	2	0	2
95	5	7	5	6	5
96	1	1	2	2	2
96	2	0	2	0	0
96	3	0	1	3	0
96	4	0	3	3	4
96	5	2	2	4	4
97	1	1	2	0	2
97	2	8	7	12	9
97	3	9	6	10	7
97	4	4	4	4	5
97	5	4	4	5	4
98	1	1	4	6	3
98	2	3	3	5	5
98	3	4	5	6	6
98	4	1	3	6	6
98	5	0	5	7	6
99	1	3	3	1	4
99	2	-1	1	-4	1
99	3	1	4	0	2
99	4	4	1	2	4
99	5	2	1	0	3
100	1	4	1	3	3
100	2	2	0	0	1
100	3	1	0	2	1
100	4	2	2	5	3
100	5	2	1	2	4
101	1	0	2	2	1
101	2	0	3	0	0
101	3	-1	0	0	1
101	4	1	2	0	1
101	5	4	4	6	5
102	1	2	3	4	5
102	2	5	3	8	2
102	3	1	3	3	3
102	4	2	4	3	4
102	5	3	2	4	4
103	1	3	2	4	6
103	2	0	1	1	4
103	3	-2	0	-1	2
103	4	3	3	4	5
103	5	0	0	0	4
104	1	2	1	3	5
104	2	0	0	2	3
104	3	3	2	6	5
104	4	1	1	3	3
104	5	1	1	2	3
105	1	2	1	0	4
105	2	1	2	0	2
105	3	3	2	2	4
105	4	1	2	1	2
105	5	-1	0	-1	0
106	1	0	2	0	0
106	2	-1	1	0	0
106	3	-1	0	-3	-1
106	4	0	2	1	0
106	5	2	2	4	4
107	1	0	0	3	2
107	2	-2	0	0	0
107	3	0	0	0	2
107	4	-3	0	0	0
107	5	2	1	5	3
108	1	0	1	3	1
108	2	-1	0	-1	0
108	3	-1	0	1	1
108	4	2	1	3	4
108	5	0	0	0	1
109	1	1	1	3	5
109	2	2	1	5	4
109	3	2	0	3	5
109	4	2	0	4	5
109	5	3	1	4	4
110	1	1	2	2	3
110	2	2	4	4	5
110	3	2	4	5	5
110	4	2	1	6	5
110	5	0	1	0	0
111	1	1	0	3	1
111	2	2	1	6	4
111	3	0	0	4	2
111	4	0	0	0	1
111	5	1	1	3	3
112	1	2	4	1	3
112	2	1	5	3	4
112	3	4	5	7	6
112	4	0	3	1	1
112	5	0	2	5	4
113	1	3	2	0	0
113	2	-2	1	-2	0
113	3	1	3	-1	0
113	4	-1	2	2	0
113	5	6	5	4	3
114	1	-1	0	-5	2
114	2	3	3	6	5
114	3	3	1	5	5
114	4	2	0	4	3
114	5	0	1	4	4
115	1	1	2	1	3
115	2	4	3	7	7
115	3	3	3	1	5
115	4	4	5	2	6
115	5	3	5	6	6
116	1	1	4	6	4
116	2	0	3	2	1
116	3	-1	4	0	3
116	4	1	3	4	2
116	5	0	3	2	4
117	1	4	3	7	4
117	2	3	4	6	3
117	3	1	2	2	2
117	4	3	2	5	2
117	5	-1	2	3	2
118	1	2	1	5	5
118	2	0	0	0	2
118	3	1	2	2	3
118	4	0	0	0	0
118	5	0	0	3	4
119	1	0	1	-1	0
119	2	-1	2	0	2
119	3	-4	2	0	1
119	4	1	2	1	2
119	5	0	4	0	0
120	1	3	0	2	3
120	2	1	-2	1	1
120	3	0	0	0	2
120	4	4	0	3	3
120	5	5	1	3	4
121	1	1	2	4	4
121	2	-2	0	0	1
121	3	2	2	5	5
121	4	0	1	1	2
121	5	-1	0	4	4
122	1	1	0	3	2
122	2	0	-1	3	3
122	3	0	0	2	2
122	4	0	0	4	1
122	5	2	1	1	1
123	1	2	4	6	4
123	2	0	1	0	1
123	3	3	3	2	3
123	4	1	4	3	3
123	5	1	4	2	3
124	1	0	1	2	5
124	2	0	0	2	2
124	3	0	1	0	1
124	4	0	1	3	1
124	5	0	2	2	2
125	1	2	2	5	4
125	2	5	4	6	6
125	3	2	4	4	8
125	4	2	3	2	4
125	5	4	2	6	7
126	1	4	4	3	4
126	2	1	4	3	5
126	3	2	5	2	4
126	4	0	5	2	3
126	5	1	6	1	3
127	1	0	1	1	1
127	2	4	2	3	3
127	3	0	1	2	1
127	4	2	3	2	3
127	5	0	0	2	1
128	1	0	0	2	2
128	2	2	3	2	3
128	3	0	2	3	2
128	4	0	0	1	1
128	5	1	2	1	2
129	1	-1	1	-2	1
129	2	1	1	0	2
129	3	0	2	1	3
129	4	0	1	-1	2
129	5	-4	1	0	1
130	1	7	3	6	5
130	2	4	2	3	4
130	3	3	1	2	5
130	4	3	0	2	4
130	5	3	1	5	4
131	1	2	2	4	5
131	2	3	3	3	3
131	3	2	3	3	4
131	4	3	3	1	3
131	5	2	3	3	6
132	1	0	5	1	4
132	2	4	2	5	5
132	3	1	2	4	3
132	4	1	2	2	3
132	5	0	2	4	2
133	1	3	5	3	4
133	2	1	2	2	3
133	3	4	3	1	3
133	4	2	2	1	1
133	5	2	3	3	3
134	1	0	0	0	4
134	2	1	0	0	1
134	3	1	0	0	4
134	4	0	0	3	5
134	5	1	0	1	2
135	1	0	0	-1	0
135	2	-4	0	-4	-1
135	3	0	0	-2	0
135	4	1	0	3	0
135	5	-3	-1	-3	0
136	1	1	2	2	3
136	2	2	3	3	4
136	3	2	3	5	4
136	4	0	4	5	6
136	5	5	4	10	8
137	1	1	1	2	1
137	2	1	1	3	3
137	3	3	2	5	3
137	4	0	0	1	1
137	5	1	0	1	0
138	1	4	4	5	2
138	2	0	3	1	1
138	3	0	2	-1	0
138	4	6	5	9	4
138	5	2	4	3	0
139	1	2	5	3	5
139	2	3	5	2	6
139	3	5	5	5	5
139	4	4	6	4	6
139	5	4	4	6	4
140	1	0	1	0	0
140	2	0	1	2	1
140	3	0	0	1	0
140	4	0	0	-1	0
140	5	0	1	2	0
141	1	0	1	3	2
141	2	2	2	1	5
141	3	0	1	0	4
141	4	3	2	6	5
141	5	0	1	0	2
142	1	2	2	0	2
142	2	0	1	4	0
142	3	3	2	4	3
142	4	2	2	1	2
142	5	1	2	3	3
143	1	0	0	1	-1
143	2	1	0	1	0
143	3	0	1	2	0
143	4	4	2	6	2
143	5	0	1	4	0
144	1	0	1	0	1
144	2	3	3	4	3
144	3	2	1	4	2
144	4	0	1	4	2
144	5	2	1	2	0
145	1	0	1	3	3
145	2	0	1	1	1
145	3	-1	1	0	0
145	4	0	0	1	3
145	5	0	1	1	1
146	1	0	0	-1	2
146	2	5	3	4	4
146	3	1	0	1	2
146	4	2	2	-1	0
146	5	5	1	4	4
147	1	0	0	-1	0
147	2	2	2	1	3
147	3	-1	1	-1	0
147	4	0	1	1	1
147	5	-2	0	-1	1
148	1	1	4	0	2
148	2	3	4	3	4
148	3	3	4	1	3
148	4	4	4	5	4
148	5	2	3	4	3
149	1	3	4	5	4
149	2	2	2	6	6
149	3	5	4	6	4
149	4	3	2	4	1
149	5	0	3	0	1
150	1	2	3	6	3
150	2	0	2	3	2
150	3	2	2	1	3
150	4	-1	0	-6	0
150	5	1	1	3	2
151	1	4	3	3	6
151	2	1	3	1	4
151	3	3	4	4	5
151	4	2	2	5	7
151	5	2	3	2	5
152	1	6	4	8	6
152	2	4	3	4	7
152	3	5	4	6	5
152	4	2	2	1	3
152	5	0	2	4	5
153	1	1	2	2	4
153	2	4	3	3	4
153	3	1	2	4	4
153	4	1	4	5	3
153	5	1	1	4	2
154	1	0	1	2	4
154	2	3	3	5	5
154	3	-1	1	2	2
154	4	0	1	0	2
154	5	-1	0	-2	2
155	1	1	3	0	2
155	2	2	3	3	4
155	3	0	3	1	2
155	4	0	3	1	2
155	5	2	3	2	3
156	1	-1	1	0	2
156	2	0	3	3	4
156	3	0	2	0	3
156	4	0	0	2	2
156	5	0	2	-1	0
157	1	1	2	0	1
157	2	2	2	1	-1
157	3	3	1	0	2
157	4	1	1	2	1
157	5	1	2	2	0
158	1	5	4	6	3
158	2	2	4	4	4
158	3	4	4	6	3
158	4	3	3	4	2
158	5	1	3	1	0
159	1	0	1	3	4
159	2	3	1	2	3
159	3	3	1	3	5
159	4	4	2	9	5
159	5	4	1	4	7
160	1	2	1	3	4
160	2	1	1	0	4
160	3	0	0	-1	1
160	4	1	2	1	2
160	5	1	0	0	4
161	1	4	3	3	3
161	2	7	5	8	6
161	3	6	4	7	5
161	4	4	4	5	3
161	5	1	3	2	2
162	1	2	2	2	3
162	2	2	3	5	2
162	3	2	1	5	1
162	4	4	2	1	3
162	5	2	1	1	4
163	1	2	1	1	0
163	2	1	1	0	0
163	3	0	0	1	1
163	4	4	2	1	2
163	5	1	1	1	0
164	1	6	5	6	6
164	2	5	5	6	5
164	3	2	5	3	4
164	4	6	5	8	7
164	5	6	6	7	8
165	1	0	0	1	3
165	2	0	1	0	2
165	3	-2	-1	-2	0
165	4	-1	2	4	3
165	5	0	1	2	0
166	1	2	1	4	3
166	2	5	2	4	5
166	3	1	1	1	3
166	4	4	0	6	4
166	5	1	0	3	3
167	1	2	4	4	5
167	2	0	2	3	4
167	3	2	3	3	4
167	4	4	4	6	5
167	5	5	4	6	7
168	1	0	1	-2	0
168	2	1	4	4	3
168	3	1	1	1	1
168	4	0	2	4	2
168	5	1	2	3	1
169	1	3	2	3	4
169	2	4	3	6	5
169	3	3	1	4	4
169	4	2	1	4	4
169	5	2	1	3	5
170	1	2	3	6	3
170	2	4	4	5	3
170	3	2	4	3	4
170	4	2	3	6	4
170	5	4	4	6	5
171	1	3	3	4	2
171	2	0	4	7	4
171	3	3	3	2	4
171	4	2	2	2	3
171	5	-1	1	1	1
172	1	0	4	2	3
172	2	0	3	1	2
172	3	1	3	3	1
172	4	0	3	3	0
172	5	0	4	1	2
173	1	3	0	0	1
173	2	2	1	1	2
173	3	4	2	3	2
173	4	1	3	5	2
173	5	1	0	1	2
174	1	4	4	7	6
174	2	2	3	0	1
174	3	4	4	5	3
174	4	8	6	8	6
174	5	3	3	4	4
175	1	1	2	2	1
175	2	0	1	1	0
175	3	1	2	2	2
175	4	1	2	3	2
175	5	-1	1	0	1
176	1	-1	0	1	0
176	2	0	2	1	3
176	3	-1	2	3	1
176	4	0	1	3	2
176	5	2	3	4	3
177	1	3	2	3	3
177	2	0	0	1	3
177	3	1	2	4	3
177	4	0	2	5	2
177	5	1	2	4	5
178	1	3	3	4	7
178	2	0	4	6	3
178	3	2	2	1	5
178	4	0	2	3	4
178	5	2	3	4	4
179	1	-1	0	2	3
179	2	1	1	3	5
179	3	5	2	6	8
179	4	2	1	3	4
179	5	-1	0	0	3
180	1	0	0	2	1
180	2	-1	1	1	3
180	3	0	1	3	4
180	4	0	2	5	3
180	5	0	0	3	3
181	1	0	1	1	1
181	2	2	1	1	4
181	3	0	2	1	3
181	4	1	0	4	4
181	5	1	3	0	3
182	1	2	2	4	4
182	2	3	1	5	3
182	3	2	2	4	3
182	4	2	0	3	2
182	5	4	3	6	3
183	1	2	3	4	4
183	2	2	1	3	3
183	3	2	2	4	3
183	4	0	0	0	1
183	5	0	2	0	1
184	1	0	0	2	2
184	2	-1	0	-2	0
184	3	0	2	1	3
184	4	1	2	3	4
184	5	3	0	6	4
185	1	3	4	1	5
185	2	0	0	0	1
185	3	2	5	2	4
185	4	3	4	1	3
185	5	0	1	0	1
186	1	1	3	4	2
186	2	0	3	0	0
186	3	1	2	3	2
186	4	-4	2	-3	-2
186	5	0	4	3	1
187	1	4	4	5	4
187	2	7	3	8	5
187	3	1	2	0	0
187	4	4	3	6	3
187	5	1	3	2	4
188	1	3	1	1	4
188	2	-1	1	-1	1
188	3	3	1	3	4
188	4	2	1	-1	4
188	5	4	2	0	4
189	1	2	5	2	3
189	2	0	4	0	2
189	3	3	4	5	3
189	4	4	4	3	5
189	5	3	4	4	3
190	1	1	0	3	4
190	2	0	0	3	1
190	3	0	0	1	3
190	4	0	0	0	4
190	5	-2	-2	2	1
191	1	4	3	6	6
191	2	4	2	5	5
191	3	3	2	6	4
191	4	2	2	3	3
191	5	2	2	9	4
192	1	0	3	0	1
192	2	4	6	2	4
192	3	4	6	4	3
192	4	3	3	2	3
192	5	2	4	4	2
193	1	4	3	4	3
193	2	4	5	3	3
193	3	1	5	-1	3
193	4	4	6	4	5
193	5	2	3	0	1
194	1	3	2	8	5
194	2	0	1	2	1
194	3	1	0	3	3
194	4	0	2	2	3
194	5	0	0	0	2
195	1	-1	0	0	3
195	2	0	0	2	1
195	3	-2	0	1	0
195	4	2	1	3	5
195	5	-2	-1	-2	1
196	1	7	2	4	5
196	2	7	5	5	8
196	3	2	4	3	6
196	4	7	4	5	6
196	5	8	6	9	8
197	1	0	1	1	0
197	2	0	2	0	4
197	3	0	1	1	0
197	4	5	2	5	3
197	5	1	2	2	3
198	1	1	3	1	3
198	2	0	2	1	1
198	3	-1	2	3	1
198	4	1	3	2	1
198	5	1	2	1	1
199	1	0	1	0	2
199	2	0	0	2	3
199	3	2	1	4	4
199	4	4	3	4	4
199	5	3	1	0	0
200	1	0	1	0	1
200	2	-3	1	0	4
200	3	-1	0	-1	1
200	4	-2	1	0	1
200	5	2	2	2	4
201	1	5	6	9	8
201	2	3	4	3	6
201	3	0	3	3	5
201	4	3	4	4	8
201	5	5	5	7	8
202	1	1	3	4	3
202	2	4	3	7	5
202	3	3	2	3	3
202	4	0	2	1	4
202	5	3	4	5	6
203	1	1	3	0	3
203	2	0	2	0	2
203	3	0	4	0	2
203	4	1	2	0	1
203	5	-1	1	-2	0
204	1	4	3	6	5
204	2	3	3	6	5
204	3	3	1	6	5
204	4	1	1	5	4
204	5	2	2	5	5
205	1	0	3	1	2
205	2	0	4	5	3
205	3	0	3	2	3
205	4	2	4	5	6
205	5	-1	2	2	3
206	1	0	1	-1	0
206	2	2	3	2	0
206	3	-1	1	-2	0
206	4	0	1	0	1
206	5	2	4	2	3
207	1	3	1	4	5
207	2	0	1	0	3
207	3	4	0	2	5
207	4	-1	-2	-1	0
207	5	4	1	7	4
208	1	0	1	4	1
208	2	0	2	0	2
208	3	0	3	6	2
208	4	0	2	0	2
208	5	0	3	3	2
209	1	5	3	7	3
209	2	5	3	9	7
209	3	5	3	6	5
209	4	3	4	4	4
209	5	3	2	4	3
210	1	3	3	6	6
210	2	5	3	7	6
210	3	6	2	6	6
210	4	3	3	5	3
210	5	0	1	-2	3
211	1	4	4	4	6
211	2	4	3	5	4
211	3	1	2	1	2
211	4	3	3	3	1
211	5	0	1	0	1
212	1	1	2	4	4
212	2	1	2	4	4
212	3	0	1	1	1
212	4	0	0	1	3
212	5	1	2	3	4
213	1	1	2	1	3
213	2	2	3	2	3
213	3	6	4	4	4
213	4	4	3	2	3
213	5	2	3	2	4
214	1	2	2	6	5
214	2	-1	0	1	4
214	3	2	1	6	5
214	4	2	1	3	4
214	5	2	1	3	4
215	1	1	1	0	3
215	2	0	0	0	1
215	3	2	0	3	2
215	4	3	1	1	2
215	5	6	3	3	8
216	1	5	5	7	5
216	2	3	4	4	4
216	3	3	5	4	2
216	4	6	7	5	5
216	5	7	7	6	7
217	1	0	-1	0	2
217	2	2	0	0	2
217	3	4	1	5	5
217	4	6	2	5	6
217	5	0	0	1	3
218	1	0	0	-1	1
218	2	-2	1	1	1
218	3	3	0	2	2
218	4	5	2	4	5
218	5	0	1	2	1
219	1	0	0	0	1
219	2	1	0	0	2
219	3	1	0	0	0
219	4	0	-1	1	0
219	5	2	0	2	1
220	1	2	0	3	4
220	2	-1	0	3	3
220	3	2	0	3	4
220	4	0	0	1	3
220	5	2	0	1	5
221	1	0	1	2	2
221	2	2	4	3	4
221	3	0	2	2	3
221	4	-1	1	2	3
221	5	0	2	2	4
222	1	2	2	6	7
222	2	-1	1	4	3
222	3	0	0	0	2
222	4	3	3	7	6
222	5	0	1	2	4
223	1	4	0	4	3
223	2	6	2	8	6
223	3	1	0	-2	2
223	4	1	0	2	1
223	5	1	1	3	2
224	1	0	0	1	0
224	2	3	3	5	4
224	3	3	4	6	3
224	4	1	2	3	2
224	5	0	2	4	2
225	1	-1	2	2	1
225	2	0	1	0	0
225	3	0	1	2	3
225	4	2	0	5	2
225	5	1	2	3	3
226	1	1	2	0	2
226	2	2	4	1	3
226	3	-1	1	-4	0
226	4	0	4	1	3
226	5	0	3	-1	1
227	1	3	0	4	6
227	2	3	1	3	5
227	3	-1	0	-3	0
227	4	0	0	1	5
227	5	0	-1	0	3
228	1	-1	3	1	1
228	2	4	3	2	2
228	3	2	2	4	2
228	4	1	3	-2	0
228	5	1	2	1	2
229	1	3	4	3	5
229	2	3	5	6	4
229	3	1	3	0	3
229	4	3	4	6	5
229	5	5	4	5	8
230	1	-3	0	-2	-1
230	2	4	3	2	1
230	3	1	2	0	0
230	4	1	2	0	1
230	5	0	3	2	0
231	1	5	3	8	5
231	2	5	3	6	7
231	3	4	5	7	5
231	4	5	2	5	5
231	5	6	4	4	4
232	1	2	4	2	3
232	2	0	3	0	2
232	3	2	4	1	2
232	4	2	3	1	0
232	5	4	4	3	3
233	1	1	1	2	3
233	2	0	0	2	3
233	3	-2	3	4	5
233	4	2	2	2	6
233	5	2	3	5	6
234	1	1	0	5	6
234	2	2	0	2	3
234	3	2	0	6	4
234	4	0	0	0	3
234	5	0	-1	0	1
235	1	-1	0	0	2
235	2	0	1	3	3
235	3	0	2	1	3
235	4	2	2	5	4
235	5	3	2	6	4
236	1	1	0	3	3
236	2	1	0	1	2
236	3	-2	-2	-3	2
236	4	1	0	1	1
236	5	0	0	1	0
237	1	2	1	3	3
237	2	1	1	2	3
237	3	0	0	3	2
237	4	0	1	2	2
237	5	5	3	5	5
238	1	2	3	3	3
238	2	0	2	1	3
238	3	1	1	2	2
238	4	3	1	4	6
238	5	1	2	4	4
239	1	3	3	0	4
239	2	1	3	2	5
239	3	2	4	2	3
239	4	1	3	3	3
239	5	2	2	4	2
240	1	5	4	5	3
240	2	3	3	5	2
240	3	3	1	3	2
240	4	0	1	2	0
240	5	3	3	3	2
241	1	1	0	0	0
241	2	1	1	3	2
241	3	1	0	3	4
241	4	0	0	3	1
241	5	0	1	2	1
242	1	2	2	4	2
242	2	2	3	0	1
242	3	0	3	2	3
242	4	0	2	1	0
242	5	1	3	4	3
243	1	6	6	4	6
243	2	8	7	7	7
243	3	4	5	4	4
243	4	6	7	8	6
243	5	3	4	2	2
244	1	0	0	3	0
244	2	0	0	0	1
244	3	1	0	1	2
244	4	2	1	0	0
244	5	0	0	0	-1
245	1	2	2	4	3
245	2	0	0	2	1
245	3	0	3	4	4
245	4	0	1	0	0
245	5	2	2	4	4
246	1	2	4	6	3
246	2	1	4	2	1
246	3	4	4	7	3
246	4	1	3	4	2
246	5	1	4	7	1
247	1	3	1	0	1
247	2	3	1	1	4
247	3	3	0	0	3
247	4	0	1	0	1
247	5	4	2	2	3
248	1	3	2	2	4
248	2	1	0	0	3
248	3	-2	1	0	0
248	4	0	0	0	1
248	5	0	2	1	1
249	1	5	3	4	3
249	2	3	3	1	3
249	3	1	2	0	2
249	4	2	2	0	0
249	5	4	4	4	4
250	1	1	3	1	0
250	2	2	3	6	2
250	3	3	3	3	3
250	4	4	3	5	3
250	5	3	3	6	4
251	1	0	2	0	1
251	2	3	2	2	4
251	3	1	2	3	1
251	4	2	3	2	1
251	5	1	2	0	1
252	1	2	4	2	3
252	2	0	3	5	4
252	3	0	2	1	0
252	4	4	3	5	2
252	5	1	1	-3	0
253	1	-2	2	0	0
253	2	4	3	4	1
253	3	0	1	0	0
253	4	1	2	1	2
253	5	0	1	-1	0
254	1	0	2	-1	0
254	2	0	2	1	1
254	3	2	3	2	3
254	4	3	1	4	1
254	5	-1	1	1	1
255	1	3	3	5	7
255	2	3	4	4	5
255	3	4	6	6	5
255	4	3	6	4	5
255	5	2	5	7	7
256	1	1	1	1	2
256	2	3	1	3	5
256	3	2	1	2	3
256	4	0	1	1	3
256	5	4	1	6	5
257	1	4	3	6	4
257	2	3	1	2	1
257	3	1	0	3	1
257	4	4	3	6	4
257	5	0	0	0	0
258	1	0	3	3	2
258	2	2	3	4	4
258	3	1	2	0	2
258	4	2	4	3	4
258	5	3	4	5	4
259	1	0	1	0	1
259	2	-1	0	0	1
259	3	3	3	7	5
259	4	0	1	1	1
259	5	-2	1	1	0
260	1	-3	0	-1	1
260	2	0	0	0	2
260	3	0	1	1	1
260	4	1	0	0	1
260	5	0	2	2	1
261	1	2	3	3	3
261	2	0	2	1	3
261	3	1	4	4	4
261	4	0	1	0	3
261	5	4	2	1	2
262	1	1	3	0	1
262	2	2	2	1	2
262	3	3	3	1	1
262	4	1	3	0	1
262	5	2	4	2	2
263	1	1	3	2	2
263	2	0	2	2	2
263	3	2	2	2	1
263	4	1	1	2	0
263	5	5	3	4	6
264	1	0	2	4	4
264	2	1	4	6	5
264	3	0	2	1	2
264	4	1	3	2	3
264	5	0	2	2	3
265	1	6	5	9	7
265	2	5	4	6	7
265	3	4	4	7	6
265	4	6	5	9	6
265	5	3	5	7	5
266	1	3	5	7	6
266	2	7	5	8	6
266	3	2	5	5	6
266	4	4	4	4	4
266	5	3	4	4	4
267	1	3	3	2	4
267	2	3	2	5	4
267	3	1	2	4	2
267	4	4	3	1	2
267	5	7	4	5	7
268	1	0	2	0	-1
268	2	0	1	1	2
268	3	-2	0	0	-1
268	4	-1	3	2	1
268	5	-2	1	-1	0
269	1	2	2	3	2
269	2	0	1	2	0
269	3	1	3	2	0
269	4	3	3	6	2
269	5	0	1	3	1
270	1	2	3	0	4
270	2	4	3	3	5
270	3	5	5	5	6
270	4	6	5	9	7
270	5	1	3	1	3
271	1	1	3	1	2
271	2	4	4	4	6
271	3	1	4	1	2
271	4	4	4	7	5
271	5	2	4	5	5
272	1	3	4	4	4
272	2	5	6	5	5
272	3	3	2	6	5
272	4	3	6	6	6
272	5	2	3	6	4
273	1	3	4	5	6
273	2	3	3	4	3
273	3	2	3	5	4
273	4	0	2	1	3
273	5	3	2	8	7
274	1	-2	1	0	0
274	2	-1	0	0	0
274	3	-1	1	1	1
274	4	1	1	3	2
274	5	-1	0	2	2
275	1	4	4	6	6
275	2	3	3	3	6
275	3	3	5	5	7
275	4	2	3	3	7
275	5	2	2	3	5
276	1	2	2	5	3
276	2	2	2	0	1
276	3	3	1	2	2
276	4	3	3	4	2
276	5	1	1	2	3
277	1	3	1	3	2
277	2	0	1	2	3
277	3	0	3	1	3
277	4	-3	1	3	0
277	5	2	1	3	2
278	1	1	2	1	2
278	2	2	5	3	3
278	3	0	1	0	3
278	4	1	4	3	2
278	5	1	2	2	3
279	1	5	3	4	5
279	2	2	1	-1	2
279	3	3	3	4	2
279	4	4	2	4	3
279	5	2	3	4	6
280	1	2	3	4	4
280	2	2	2	2	5
280	3	0	2	0	1
280	4	4	2	2	5
280	5	0	2	2	5
281	1	-3	-1	-4	0
281	2	0	0	1	1
281	3	0	0	2	1
281	4	2	0	2	1
281	5	0	0	1	0
282	1	2	2	2	5
282	2	2	2	2	3
282	3	4	4	4	3
282	4	4	3	6	5
282	5	2	3	3	4
283	1	1	1	1	1
283	2	4	1	4	3
283	3	4	4	6	3
283	4	2	2	1	1
283	5	3	3	3	0
284	1	0	1	3	3
284	2	0	-2	0	3
284	3	-1	0	-1	1
284	4	0	-1	0	2
284	5	4	0	2	3
285	1	0	0	2	1
285	2	0	0	4	3
285	3	1	1	4	5
285	4	1	1	3	5
285	5	2	1	3	4
286	1	5	2	7	5
286	2	4	4	3	4
286	3	2	3	5	5
286	4	2	2	2	3
286	5	0	0	0	2
287	1	5	3	7	6
287	2	3	4	4	5
287	3	3	1	4	5
287	4	1	2	3	4
287	5	1	0	0	3
288	1	2	2	7	4
288	2	4	4	7	7
288	3	1	1	5	5
288	4	0	0	4	4
288	5	6	3	11	8
289	1	0	0	0	3
289	2	3	1	4	6
289	3	0	0	4	4
289	4	0	0	4	5
289	5	0	0	0	4
290	1	2	2	3	4
290	2	4	3	8	5
290	3	3	4	6	6
290	4	1	2	4	3
290	5	1	2	1	4
291	1	6	5	7	5
291	2	3	3	3	2
291	3	5	3	6	2
291	4	2	3	2	0
291	5	2	3	3	4
292	1	4	5	8	3
292	2	2	3	4	3
292	3	4	4	4	5
292	4	4	6	5	5
292	5	4	5	5	6
293	1	8	5	9	8
293	2	4	2	5	6
293	3	3	5	6	7
293	4	7	4	10	7
293	5	5	5	7	7
294	1	1	3	-1	1
294	2	0	1	-1	0
294	3	2	4	3	2
294	4	3	5	7	4
294	5	0	2	-1	0
295	1	4	4	5	7
295	2	3	3	2	3
295	3	4	3	5	5
295	4	3	2	4	7
295	5	5	4	7	5
296	1	6	5	7	7
296	2	0	2	-1	0
296	3	3	1	5	2
296	4	6	3	8	4
296	5	0	1	3	3
297	1	3	3	3	4
297	2	4	5	7	6
297	3	6	6	7	7
297	4	4	4	5	6
297	5	3	3	2	4
298	1	1	0	1	3
298	2	-3	0	-4	0
298	3	-2	0	-3	0
298	4	2	1	1	2
298	5	0	0	3	1
299	1	0	0	-2	2
299	2	4	3	5	1
299	3	-2	0	0	0
299	4	2	2	4	1
299	5	2	2	6	2
300	1	0	2	0	4
300	2	6	4	7	7
300	3	5	5	4	6
300	4	2	4	2	4
300	5	5	5	7	5
301	1	2	2	0	2
301	2	2	1	2	3
301	3	4	1	4	2
301	4	1	0	0	1
301	5	-2	1	-3	1
302	1	5	2	6	5
302	2	2	2	0	4
302	3	0	0	2	2
302	4	0	1	0	1
302	5	3	2	2	3
303	1	4	1	6	4
303	2	4	1	5	4
303	3	-2	0	-2	0
303	4	1	0	0	3
303	5	0	0	3	1
304	1	2	2	1	2
304	2	1	0	1	1
304	3	0	0	-1	3
304	4	3	1	2	3
304	5	0	1	2	2
305	1	4	3	7	5
305	2	0	1	2	0
305	3	2	3	4	2
305	4	1	1	0	0
305	5	0	3	0	2
306	1	5	4	4	4
306	2	4	4	6	7
306	3	1	1	-1	2
306	4	0	3	0	2
306	5	2	3	3	5
307	1	-2	-1	0	2
307	2	-1	0	1	4
307	3	-2	-1	0	2
307	4	-3	-1	-3	2
307	5	0	-1	0	3
308	1	1	2	0	4
308	2	6	2	5	6
308	3	3	3	1	3
308	4	2	2	3	4
308	5	6	3	8	6
309	1	6	4	8	5
309	2	2	2	5	4
309	3	4	3	6	5
309	4	5	4	7	6
309	5	3	3	6	4
310	1	2	3	2	3
310	2	5	4	4	4
310	3	1	3	3	2
310	4	4	4	4	4
310	5	3	4	3	3
311	1	0	3	4	5
311	2	0	2	-1	2
311	3	0	6	2	2
311	4	3	6	8	6
311	5	2	4	5	5
312	1	2	1	2	5
312	2	0	2	4	3
312	3	0	1	3	4
312	4	3	3	4	4
312	5	2	3	2	6
313	1	2	3	4	4
313	2	-2	0	0	0
313	3	0	2	1	1
313	4	0	1	0	1
313	5	0	0	1	2
314	1	0	0	0	-1
314	2	1	1	0	2
314	3	0	0	-1	0
314	4	1	0	4	2
314	5	1	0	0	0
315	1	0	2	1	4
315	2	0	0	0	0
315	3	2	1	4	0
315	4	1	1	3	2
315	5	2	2	3	2
316	1	6	5	5	5
316	2	0	3	1	2
316	3	3	2	5	4
316	4	2	3	5	3
316	5	4	4	5	5
317	1	2	1	2	4
317	2	1	0	1	3
317	3	5	3	3	5
317	4	4	2	3	4
317	5	0	1	0	3
318	1	2	-1	0	1
318	2	0	0	0	3
318	3	5	1	7	6
318	4	0	-1	0	2
318	5	3	1	4	4
319	1	3	4	6	6
319	2	2	5	4	5
319	3	3	5	4	7
319	4	2	5	6	4
319	5	4	6	8	8
320	1	2	3	8	5
320	2	0	2	2	2
320	3	0	3	1	4
320	4	0	2	2	5
320	5	3	3	3	2
321	1	2	2	5	5
321	2	4	3	5	4
321	3	0	1	0	0
321	4	2	2	2	2
321	5	0	2	1	0
322	1	3	1	5	3
322	2	2	1	7	4
322	3	3	1	3	3
322	4	2	0	5	4
322	5	3	0	1	1
323	1	0	3	1	2
323	2	0	3	2	2
323	3	0	3	1	2
323	4	0	2	0	1
323	5	1	3	1	2
324	1	1	5	1	4
324	2	2	6	5	3
324	3	4	5	4	5
324	4	1	5	1	4
324	5	2	6	1	5
325	1	2	1	1	3
325	2	1	2	3	2
325	3	2	2	2	4
325	4	0	2	1	1
325	5	0	0	0	0
326	1	0	3	3	3
326	2	0	4	6	3
326	3	0	3	3	1
326	4	2	5	4	3
326	5	5	5	7	5
327	1	2	4	5	5
327	2	1	3	0	6
327	3	0	4	3	4
327	4	2	3	4	8
327	5	0	3	3	5
328	1	2	3	6	4
328	2	2	1	6	3
328	3	0	1	6	4
328	4	2	2	3	5
328	5	2	3	5	5
329	1	2	3	3	7
329	2	2	2	4	5
329	3	2	1	4	5
329	4	3	2	5	8
329	5	2	3	3	6
330	1	0	1	2	2
330	2	2	0	3	5
330	3	-1	0	1	1
330	4	0	0	1	3
330	5	4	3	7	3
331	1	2	3	1	4
331	2	4	2	4	4
331	3	3	1	4	4
331	4	5	3	5	5
331	5	3	4	6	4
332	1	0	0	0	1
332	2	0	1	2	4
332	3	1	2	2	1
332	4	0	1	0	1
332	5	0	0	0	2
333	1	1	1	0	3
333	2	0	2	-1	1
333	3	-1	0	-3	0
333	4	1	2	2	2
333	5	0	0	-1	0
334	1	4	3	2	3
334	2	2	3	0	1
334	3	5	3	1	2
334	4	6	3	2	4
334	5	6	4	7	4
335	1	2	2	4	2
335	2	2	1	0	2
335	3	1	2	4	2
335	4	3	2	4	5
335	5	1	3	3	3
336	1	1	-1	1	2
336	2	1	0	0	1
336	3	0	0	1	1
336	4	1	0	2	3
336	5	0	-2	-1	0
337	1	0	2	1	3
337	2	-1	1	0	1
337	3	0	2	0	2
337	4	0	2	2	3
337	5	0	1	-1	2
338	1	0	0	5	2
338	2	0	-1	1	3
338	3	1	1	0	3
338	4	0	0	5	4
338	5	0	0	2	1
339	1	4	2	4	6
339	2	1	2	4	4
339	3	4	4	5	6
339	4	3	3	6	5
339	5	3	2	5	1
340	1	2	3	3	3
340	2	3	2	1	4
340	3	0	1	1	2
340	4	1	1	0	4
340	5	0	1	0	2
341	1	4	3	3	3
341	2	0	0	1	2
341	3	4	3	8	4
341	4	-1	3	1	1
341	5	0	2	1	1
342	1	4	5	1	4
342	2	4	4	3	3
342	3	6	6	5	6
342	4	4	5	3	5
342	5	6	5	3	4
343	1	5	3	5	5
343	2	5	3	6	4
343	3	4	3	6	3
343	4	3	4	8	3
343	5	3	4	6	4
344	1	-1	1	0	2
344	2	2	0	0	3
344	3	-3	0	0	1
344	4	0	0	3	3
344	5	3	1	7	6
345	1	0	0	0	3
345	2	2	1	6	3
345	3	4	1	4	3
345	4	4	1	2	3
345	5	0	0	2	2
346	1	0	0	-1	0
346	2	-2	0	0	0
346	3	0	0	-1	1
346	4	0	0	3	3
346	5	0	0	-2	0
347	1	0	1	2	4
347	2	1	2	3	4
347	3	2	2	3	4
347	4	0	1	2	3
347	5	2	2	3	2
348	1	3	1	-2	0
348	2	3	2	3	4
348	3	1	1	2	2
348	4	0	0	-1	1
348	5	-1	0	-3	0
349	1	1	0	0	1
349	2	2	1	0	1
349	3	3	1	2	1
349	4	2	0	1	0
349	5	2	0	1	0
350	1	3	2	1	1
350	2	0	1	1	3
350	3	0	1	5	2
350	4	2	1	0	1
350	5	0	1	-1	1
351	1	4	3	3	3
351	2	4	4	5	3
351	3	5	5	2	4
351	4	3	4	4	2
351	5	4	3	5	4
352	1	-1	0	2	2
352	2	0	0	0	1
352	3	0	0	1	2
352	4	-3	0	0	0
352	5	1	-1	1	3
353	1	1	1	4	2
353	2	3	2	7	6
353	3	2	1	1	2
353	4	-1	-1	0	0
353	5	3	1	6	4
354	1	1	3	3	2
354	2	0	4	1	3
354	3	1	3	3	3
354	4	3	3	4	4
354	5	-2	2	0	1
355	1	0	1	1	0
355	2	3	3	2	5
355	3	1	0	0	3
355	4	1	1	0	2
355	5	3	3	4	4
356	1	1	4	1	4
356	2	5	6	7	7
356	3	1	4	2	4
356	4	0	3	1	2
356	5	-1	3	1	2
357	1	3	3	8	6
357	2	0	2	0	3
357	3	2	2	6	6
357	4	1	3	5	4
357	5	0	4	1	4
358	1	5	2	6	4
358	2	1	1	3	1
358	3	2	0	3	4
358	4	1	0	5	3
358	5	4	1	7	6
359	1	-1	0	0	1
359	2	1	1	0	3
359	3	-1	0	0	0
359	4	-3	-2	-5	-1
359	5	0	0	0	1
360	1	1	3	3	5
360	2	4	4	3	4
360	3	6	5	7	6
360	4	4	4	7	5
360	5	7	5	8	7
361	1	4	5	5	5
361	2	2	4	3	5
361	3	2	5	5	4
361	4	1	3	3	3
361	5	1	5	3	4
362	1	7	3	8	7
362	2	3	3	3	3
362	3	2	4	4	6
362	4	1	1	1	3
362	5	3	2	4	7
363	1	-1	2	-2	1
363	2	2	3	0	2
363	3	1	2	-1	3
363	4	0	3	2	5
363	5	1	3	1	5
364	1	5	5	6	4
364	2	2	4	3	2
364	3	2	3	1	3
364	4	1	2	0	1
364	5	3	4	6	4
365	1	2	2	6	3
365	2	3	1	3	3
365	3	3	2	4	5
365	4	1	1	3	2
365	5	1	0	3	2
366	1	1	2	5	2
366	2	4	2	3	5
366	3	2	0	1	3
366	4	0	1	1	2
366	5	2	2	5	4
367	1	1	4	4	6
367	2	-2	2	-3	3
367	3	0	2	0	2
367	4	0	5	0	7
367	5	1	5	5	6
368	1	1	1	2	1
368	2	3	4	3	3
368	3	1	2	-2	2
368	4	2	1	2	3
368	5	2	2	4	4
369	1	3	3	6	5
369	2	1	4	4	5
369	3	1	3	3	4
369	4	0	2	6	7
369	5	2	3	4	4
370	1	-1	0	-1	0
370	2	1	1	2	1
370	3	2	3	3	1
370	4	1	2	4	5
370	5	5	3	5	2
371	1	5	3	7	6
371	2	4	4	7	5
371	3	4	4	8	6
371	4	6	6	13	8
371	5	2	3	5	5
372	1	1	0	4	2
372	2	0	0	0	1
372	3	0	0	1	0
372	4	-1	-1	-2	-1
372	5	-1	-2	0	0
373	1	0	1	0	2
373	2	-1	2	-1	2
373	3	-2	1	0	2
373	4	0	3	0	2
373	5	2	3	4	3
374	1	2	0	0	5
374	2	4	2	5	5
374	3	4	2	4	7
374	4	4	2	4	4
374	5	4	2	5	5
375	1	2	0	6	3
375	2	4	1	3	4
375	3	4	2	6	3
375	4	5	2	5	5
375	5	4	2	3	4
376	1	7	4	8	5
376	2	4	3	3	2
376	3	7	5	6	7
376	4	3	2	1	2
376	5	1	1	0	1
377	1	-1	0	0	1
377	2	1	0	1	1
377	3	2	1	4	5
377	4	4	0	4	4
377	5	1	0	5	5
378	1	4	2	3	5
378	2	2	1	1	6
378	3	2	1	-1	5
378	4	4	2	-2	4
378	5	1	1	1	3
379	1	3	1	2	4
379	2	1	1	2	2
379	3	3	1	4	5
379	4	3	1	5	5
379	5	7	3	6	4
380	1	-2	-1	-5	-2
380	2	0	1	1	3
380	3	0	1	2	2
380	4	0	2	0	0
380	5	-3	0	-3	-1
381	1	0	3	0	2
381	2	1	1	1	0
381	3	2	2	4	2
381	4	0	1	2	2
381	5	6	5	10	6
382	1	0	2	2	0
382	2	2	2	3	3
382	3	0	2	0	0
382	4	2	3	0	3
382	5	4	4	7	4
383	1	1	3	5	0
383	2	5	3	4	1
383	3	1	1	3	1
383	4	3	3	7	2
383	5	1	4	3	2
384	1	0	2	0	3
384	2	2	3	1	2
384	3	0	1	1	2
384	4	3	2	1	3
384	5	0	2	-1	1
385	1	2	4	5	3
385	2	3	5	5	6
385	3	3	5	5	5
385	4	3	3	5	4
385	5	2	3	3	5
386	1	3	1	6	6
386	2	5	2	6	6
386	3	3	1	6	5
386	4	5	2	7	4
386	5	4	2	8	4
387	1	1	2	5	6
387	2	1	4	5	6
387	3	2	2	3	5
387	4	3	1	5	5
387	5	0	2	4	3
388	1	-1	0	2	1
388	2	0	1	0	1
388	3	0	1	-2	1
388	4	2	1	1	4
388	5	0	0	-2	1
389	1	1	3	7	4
389	2	-1	1	0	2
389	3	-1	3	0	2
389	4	3	4	4	3
389	5	0	3	0	3
390	1	0	1	1	2
390	2	4	4	5	6
390	3	-1	0	-1	1
390	4	1	1	2	4
390	5	2	0	3	0
391	1	-1	0	0	2
391	2	1	1	0	2
391	3	0	1	1	1
391	4	1	1	-1	3
391	5	0	1	0	1
392	1	0	0	1	1
392	2	-2	-3	0	0
392	3	-4	-1	-3	-3
392	4	-1	0	0	0
392	5	-3	-3	-3	-3
393	1	2	4	6	6
393	2	5	6	9	8
393	3	0	4	3	3
393	4	-2	5	3	4
393	5	0	3	3	5
394	1	3	4	6	3
394	2	2	3	1	3
394	3	3	2	2	4
394	4	2	3	3	4
394	5	3	3	3	3
395	1	1	3	3	2
395	2	0	2	0	0
395	3	2	2	1	1
395	4	1	2	3	2
395	5	0	1	0	1
396	1	1	2	2	3
396	2	3	3	7	4
396	3	1	2	0	1
396	4	4	2	5	4
396	5	5	3	7	5
397	1	2	1	2	2
397	2	2	2	3	4
397	3	1	2	1	2
397	4	0	2	1	2
397	5	-1	2	-3	0
398	1	2	4	3	4
398	2	0	2	1	3
398	3	3	3	3	5
398	4	6	5	9	9
398	5	4	5	6	6
399	1	0	1	-1	1
399	2	1	1	3	3
399	3	1	1	2	5
399	4	-1	1	1	2
399	5	0	1	1	2
400	1	0	0	1	1
400	2	1	1	2	3
400	3	2	0	3	5
400	4	1	2	2	3
400	5	0	0	1	3
401	1	0	1	5	3
401	2	0	0	3	2
401	3	4	1	4	4
401	4	0	0	2	2
401	5	3	2	5	3
402	1	1	2	4	4
402	2	1	1	1	2
402	3	0	0	1	2
402	4	1	0	2	2
402	5	-2	0	-3	0
403	1	1	2	3	4
403	2	1	1	1	2
403	3	2	3	5	4
403	4	1	3	2	1
403	5	4	3	4	4
404	1	2	3	3	3
404	2	3	4	4	4
404	3	4	2	3	3
404	4	3	2	3	2
404	5	1	2	1	1
405	1	2	4	2	6
405	2	2	4	2	4
405	3	6	3	5	5
405	4	2	2	1	3
405	5	5	4	5	3
406	1	4	4	7	4
406	2	0	3	3	3
406	3	1	3	1	3
406	4	-2	0	-1	0
406	5	0	1	-1	3
407	1	0	2	1	1
407	2	0	0	1	0
407	3	2	2	1	1
407	4	1	2	3	1
407	5	1	3	3	1
408	1	2	5	1	2
408	2	4	4	5	1
408	3	7	6	6	4
408	4	7	5	5	4
408	5	3	4	4	3
409	1	2	0	3	2
409	2	2	0	2	2
409	3	3	0	4	2
409	4	3	0	4	4
409	5	0	1	-1	1
410	1	4	3	5	3
410	2	1	1	1	4
410	3	0	2	0	1
410	4	3	5	6	5
410	5	2	1	3	3
411	1	5	2	4	3
411	2	7	3	5	3
411	3	3	1	2	1
411	4	3	2	5	1
411	5	6	3	5	2
412	1	-1	1	0	0
412	2	0	4	3	2
412	3	1	3	1	3
412	4	1	2	0	2
412	5	0	4	4	3
413	1	1	2	2	3
413	2	4	2	4	6
413	3	2	1	3	4
413	4	0	0	1	3
413	5	3	1	5	4
414	1	0	2	3	3
414	2	0	3	2	4
414	3	1	3	2	5
414	4	0	3	0	3
414	5	0	2	1	5
415	1	1	1	4	2
415	2	3	2	4	4
415	3	0	1	0	0
415	4	0	1	2	0
415	5	3	2	2	1
416	1	-1	-1	0	-3
416	2	1	0	2	1
416	3	-2	0	0	-2
416	4	0	0	0	-1
416	5	0	0	4	2
417	1	3	3	3	3
417	2	3	3	5	5
417	3	-2	2	-2	0
417	4	1	2	0	1
417	5	3	3	3	2
418	1	-1	1	2	4
418	2	-1	1	1	3
418	3	1	3	4	6
418	4	0	1	3	4
418	5	2	3	1	5
419	1	2	3	1	4
419	2	0	1	-1	1
419	3	1	1	1	2
419	4	1	4	2	3
419	5	5	2	4	4
420	1	0	2	0	0
420	2	1	1	-2	-1
420	3	3	2	3	3
420	4	3	2	4	4
420	5	2	2	3	3
421	1	5	3	7	4
421	2	3	4	5	4
421	3	1	2	2	2
421	4	4	4	6	4
421	5	3	2	4	2
422	1	1	3	2	2
422	2	3	4	4	4
422	3	1	4	4	4
422	4	2	4	5	3
422	5	3	4	3	4
423	1	0	1	0	2
423	2	0	1	0	1
423	3	0	3	-1	1
423	4	2	4	4	3
423	5	2	2	0	1
424	1	6	3	3	5
424	2	5	5	5	7
424	3	3	4	5	3
424	4	5	4	7	5
424	5	2	4	6	3
425	1	2	0	2	4
425	2	1	1	1	3
425	3	0	1	1	3
425	4	2	1	4	6
425	5	3	2	1	4
426	1	1	2	1	0
426	2	2	3	2	2
426	3	5	6	5	6
426	4	1	3	1	1
426	5	0	3	1	0
427	1	6	4	9	7
427	2	1	4	5	5
427	3	7	6	10	9
427	4	2	4	5	4
427	5	5	5	5	3
428	1	1	4	2	2
428	2	3	4	7	5
428	3	7	5	8	7
428	4	3	3	4	4
428	5	2	3	3	4
429	1	1	1	3	1
429	2	6	3	9	4
429	3	2	2	0	0
429	4	4	4	4	3
429	5	7	4	8	3
430	1	0	1	0	0
430	2	0	0	0	3
430	3	0	1	-1	1
430	4	1	1	0	1
430	5	0	0	-1	3
431	1	0	0	-1	0
431	2	1	2	1	2
431	3	1	3	0	1
431	4	0	4	4	2
431	5	3	3	1	1
432	1	0	0	2	5
432	2	3	4	6	8
432	3	2	2	5	7
432	4	0	0	0	6
432	5	1	1	5	6
433	1	1	3	1	3
433	2	0	3	3	2
433	3	2	3	3	3
433	4	4	4	3	3
433	5	4	3	5	5
434	1	-1	1	0	0
434	2	3	2	2	2
434	3	1	3	1	3
434	4	0	0	0	-1
434	5	1	2	1	2
435	1	1	-1	1	0
435	2	3	1	5	6
435	3	3	0	0	3
435	4	2	0	4	4
435	5	3	-1	3	5
436	1	0	1	0	3
436	2	0	2	1	5
436	3	0	0	0	2
436	4	-1	1	-2	2
436	5	-1	0	0	1
437	1	3	0	4	6
437	2	1	1	3	5
437	3	2	1	3	6
437	4	4	1	6	5
437	5	0	-1	3	4
438	1	4	4	6	5
438	2	1	2	6	5
438	3	2	4	6	2
438	4	0	3	3	2
438	5	1	4	4	3
439	1	-2	-1	-2	-3
439	2	0	0	0	0
439	3	1	0	2	1
439	4	0	0	0	1
439	5	1	0	0	3
440	1	1	2	-1	0
440	2	2	1	3	4
440	3	6	2	8	4
440	4	4	3	6	5
440	5	5	2	4	3
441	1	4	2	5	3
441	2	3	1	8	3
441	3	0	0	1	0
441	4	0	1	1	0
441	5	-1	0	0	0
442	1	0	4	2	4
442	2	1	5	5	5
442	3	2	4	3	5
442	4	1	2	0	3
442	5	2	4	3	5
443	1	1	2	0	2
443	2	3	1	4	5
443	3	1	1	4	3
443	4	1	2	4	3
443	5	0	2	0	2
444	1	0	2	0	1
444	2	1	2	4	3
444	3	0	2	1	1
444	4	1	3	2	3
444	5	0	1	1	0
445	1	0	2	3	1
445	2	0	1	1	3
445	3	0	0	1	2
445	4	-1	1	5	2
445	5	0	1	0	2
446	1	4	2	7	4
446	2	5	3	9	9
446	3	3	1	1	3
446	4	2	1	5	6
446	5	5	2	4	7
447	1	2	0	4	2
447	2	3	0	2	2
447	3	4	1	3	4
447	4	1	0	0	2
447	5	2	0	5	2
448	1	4	2	3	2
448	2	3	0	4	3
448	3	5	1	3	4
448	4	5	0	5	4
448	5	7	2	6	7
449	1	-2	0	-5	-1
449	2	0	0	2	2
449	3	-3	0	0	0
449	4	0	0	0	0
449	5	-3	0	0	1
450	1	0	1	5	1
450	2	0	2	5	4
450	3	1	1	3	0
450	4	-1	0	0	0
450	5	0	3	5	4
451	1	4	5	4	4
451	2	4	4	3	4
451	3	4	5	4	4
451	4	4	6	3	6
451	5	3	5	5	5
452	1	1	3	2	5
452	2	1	4	5	6
452	3	3	4	5	7
452	4	3	5	5	6
452	5	4	3	6	7
453	1	1	2	0	1
453	2	4	4	6	3
453	3	3	4	2	4
453	4	2	4	1	5
453	5	1	4	2	4
454	1	1	4	2	3
454	2	2	3	2	4
454	3	4	5	2	6
454	4	4	4	4	4
454	5	5	4	3	5
455	1	4	3	3	3
455	2	4	2	4	3
455	3	4	2	9	7
455	4	1	1	2	3
455	5	2	3	3	5
456	1	0	1	0	2
456	2	-3	0	-2	0
456	3	-3	-1	-3	0
456	4	-2	0	-1	1
456	5	0	2	0	1
457	1	4	3	3	3
457	2	1	4	3	5
457	3	1	4	3	4
457	4	5	5	4	7
457	5	1	2	3	4
458	1	1	2	0	1
458	2	0	3	0	2
458	3	0	4	0	0
458	4	0	3	1	2
458	5	2	3	3	1
459	1	2	3	3	5
459	2	0	3	5	4
459	3	1	2	1	3
459	4	1	3	4	5
459	5	-2	0	-3	0
460	1	4	4	6	1
460	2	1	4	3	2
460	3	1	2	2	0
460	4	3	2	3	2
460	5	0	1	2	0
461	1	2	3	2	4
461	2	4	2	6	3
461	3	1	0	0	4
461	4	3	2	4	2
461	5	3	4	2	5
462	1	1	2	2	1
462	2	1	1	0	0
462	3	7	4	4	4
462	4	0	0	0	0
462	5	0	1	1	0
463	1	3	3	1	1
463	2	5	3	7	5
463	3	4	3	2	3
463	4	3	3	5	3
463	5	2	2	2	3
464	1	2	1	3	3
464	2	1	2	6	3
464	3	2	4	5	3
464	4	3	3	6	3
464	5	2	1	0	3
465	1	1	1	1	3
465	2	2	3	1	3
465	3	1	1	0	2
465	4	0	2	-1	2
465	5	0	2	3	4
466	1	1	1	5	3
466	2	1	3	5	2
466	3	4	4	7	7
466	4	0	1	3	2
466	5	5	3	3	5
467	1	1	3	6	6
467	2	1	2	3	3
467	3	2	3	6	6
467	4	1	3	2	6
467	5	2	2	5	6
468	1	2	4	4	6
468	2	2	4	4	4
468	3	0	3	4	2
468	4	1	3	2	6
468	5	1	4	3	5
469	1	1	2	0	3
469	2	2	3	3	5
469	3	0	2	3	3
469	4	2	1	4	4
469	5	2	4	1	4
470	1	2	2	5	6
470	2	5	5	3	4
470	3	1	2	1	3
470	4	2	3	3	3
470	5	0	1	3	3
471	1	4	4	4	4
471	2	4	3	5	4
471	3	2	4	5	5
471	4	5	5	10	3
471	5	1	3	3	4
472	1	-1	-1	-2	0
472	2	0	0	0	0
472	3	0	-1	0	2
472	4	1	1	3	5
472	5	-1	0	1	3
473	1	0	1	3	5
473	2	0	0	0	2
473	3	-2	0	-1	2
473	4	0	0	0	6
473	5	-3	-1	-1	2
474	1	1	3	4	2
474	2	0	1	2	3
474	3	0	0	3	2
474	4	1	2	2	2
474	5	2	3	6	5
475	1	3	1	6	2
475	2	3	1	2	1
475	3	2	1	1	2
475	4	5	1	4	3
475	5	3	1	3	3
476	1	0	0	1	3
476	2	3	2	5	5
476	3	0	0	0	4
476	4	0	0	3	3
476	5	3	0	4	5
477	1	0	4	2	3
477	2	4	4	4	4
477	3	-1	4	2	3
477	4	1	4	0	2
477	5	3	4	4	5
478	1	1	2	3	2
478	2	2	2	4	4
478	3	2	2	1	4
478	4	0	1	0	1
478	5	-1	0	0	0
479	1	2	2	3	4
479	2	4	1	5	6
479	3	3	1	4	4
479	4	2	1	2	3
479	5	1	1	2	5
480	1	5	2	4	5
480	2	-1	0	-2	2
480	3	3	1	4	5
480	4	2	0	3	5
480	5	2	0	3	3
481	1	5	3	3	5
481	2	3	3	3	2
481	3	3	3	3	4
481	4	3	3	1	6
481	5	3	3	2	5
482	1	0	1	1	2
482	2	1	4	4	3
482	3	1	3	4	2
482	4	3	3	2	2
482	5	0	1	0	3
483	1	2	3	0	4
483	2	1	3	5	3
483	3	4	5	8	6
483	4	5	4	6	6
483	5	3	3	4	5
484	1	4	5	6	4
484	2	3	5	3	4
484	3	2	4	5	4
484	4	0	2	0	2
484	5	4	5	4	3
485	1	2	3	3	4
485	2	3	3	3	2
485	3	3	2	5	2
485	4	4	2	3	3
485	5	2	1	2	1
486	1	2	4	5	7
486	2	2	3	2	6
486	3	2	4	3	5
486	4	3	3	1	6
486	5	0	3	2	5
487	1	4	2	5	6
487	2	1	2	4	6
487	3	2	3	2	5
487	4	2	3	6	7
487	5	2	0	0	3
488	1	2	1	4	2
488	2	3	2	6	4
488	3	3	3	4	5
488	4	7	3	7	6
488	5	0	1	3	1
489	1	2	5	2	3
489	2	3	6	6	5
489	3	1	5	2	4
489	4	6	8	7	4
489	5	1	5	1	3
490	1	3	1	5	3
490	2	2	2	3	2
490	3	-1	1	-1	1
490	4	4	2	4	2
490	5	3	2	0	0
491	1	2	3	4	5
491	2	-3	1	-2	2
491	3	4	3	2	3
491	4	1	1	0	2
491	5	2	4	3	5
492	1	1	2	4	3
492	2	3	2	6	5
492	3	2	1	5	4
492	4	2	1	8	4
492	5	6	4	8	5
493	1	4	3	3	3
493	2	7	4	8	7
493	3	5	4	7	5
493	4	6	4	7	6
493	5	0	1	1	0
494	1	0	3	0	3
494	2	-1	4	-1	0
494	3	1	3	2	5
494	4	1	3	2	5
494	5	0	4	0	0
495	1	0	0	0	2
495	2	0	-1	-3	1
495	3	1	0	1	2
495	4	2	0	4	2
495	5	-1	-1	-2	0
496	1	0	1	-4	0
496	2	2	2	4	5
496	3	2	2	3	4
496	4	1	0	0	1
496	5	0	1	3	3
497	1	3	1	0	4
497	2	3	4	2	6
497	3	0	3	3	5
497	4	5	4	4	7
497	5	1	2	3	4
498	1	-1	2	-2	0
498	2	0	3	3	3
498	3	0	3	1	1
498	4	1	4	3	3
498	5	0	3	0	1
499	1	1	3	1	5
499	2	3	4	4	5
499	3	2	3	2	4
499	4	0	3	0	2
499	5	1	2	1	4
500	1	0	1	0	3
500	2	4	3	3	7
500	3	3	2	4	4
500	4	3	4	8	6
500	5	1	2	4	3
