1	0	0	3	1	2	1	2	4	-1	0	1	1	1	-1	0	0	2	0	3	3
2	0	0	3	3	1	0	4	2	2	1	4	2	-1	1	-1	2	2	1	5	4
3	6	5	8	7	6	3	5	5	5	5	6	6	3	2	2	5	4	3	3	5
4	2	2	3	3	2	2	3	3	0	1	2	3	5	2	3	4	2	1	3	6
5	1	1	5	4	3	1	10	6	0	0	4	3	1	0	5	5	-1	0	2	3
6	2	5	5	4	6	6	7	6	3	3	5	3	5	6	5	5	1	5	5	2
7	1	3	3	0	2	3	2	2	1	2	0	1	0	1	4	0	1	3	3	1
8	0	4	2	2	-1	4	0	3	-2	3	1	2	1	5	1	2	2	3	3	1
9	0	-1	0	3	3	3	3	6	-1	1	-1	2	1	1	3	2	-1	1	2	2
10	0	0	1	0	3	1	3	2	0	2	4	3	3	0	2	3	-2	0	-1	0
11	1	6	6	4	4	6	3	4	4	7	7	5	2	5	3	3	4	6	6	5
12	0	3	0	4	5	8	5	5	2	5	1	4	2	5	3	3	3	5	3	7
13	1	1	1	2	4	2	6	4	4	1	5	3	4	2	4	5	5	2	3	3
14	3	3	4	4	3	3	5	4	3	3	5	5	1	2	4	3	2	3	4	4
15	1	2	1	2	2	2	4	3	0	0	0	3	1	1	1	2	0	1	0	1
16	4	5	8	8	3	3	7	6	7	5	7	8	5	6	6	8	4	4	4	5
17	5	4	4	5	3	3	3	2	3	2	4	4	3	2	4	2	3	4	3	4
18	-1	0	0	0	-2	-2	-4	-1	-2	0	-1	-1	-2	0	0	1	1	1	2	2
19	2	2	3	1	0	3	1	3	6	5	7	5	2	2	4	2	5	4	8	6
20	3	5	4	4	1	3	0	3	1	2	1	3	0	2	-1	0	2	2	0	4
21	3	3	4	3	0	0	0	1	0	1	0	1	3	1	4	3	0	0	0	0
22	3	2	5	7	3	1	4	3	0	1	0	1	1	3	3	4	0	2	2	4
23	-2	1	-4	2	0	3	2	4	-1	2	0	4	-2	2	0	1	0	2	0	4
24	1	1	0	3	4	2	4	3	-3	1	-2	1	0	2	5	3	0	2	0	2
25	4	1	1	4	2	0	2	4	3	1	3	4	0	0	0	0	1	1	2	0
26	0	1	1	1	0	1	3	1	0	0	0	1	2	2	4	3	0	0	-1	-1
27	2	5	4	3	2	4	4	3	1	3	0	3	1	4	3	3	5	6	4	5
28	5	5	3	5	5	4	4	6	0	3	2	1	2	3	3	4	2	5	1	5
29	0	0	0	3	0	1	3	4	0	0	0	2	0	0	0	2	2	2	0	4
30	0	2	3	3	2	4	4	5	2	3	4	3	2	3	4	4	3	5	5	4
31	3	1	5	4	1	1	3	2	5	1	7	3	4	2	7	4	3	2	5	3
32	1	1	3	2	2	3	1	2	3	2	6	3	2	2	3	1	1	2	3	3
33	4	2	3	4	1	2	3	4	3	3	6	5	3	3	5	4	0	0	1	2
34	2	3	3	4	3	3	5	6	4	5	6	6	5	2	5	5	0	1	1	3
35	5	3	5	3	2	1	0	2	4	2	2	1	3	3	2	3	2	3	4	3
36	5	2	6	6	2	1	2	3	3	2	6	4	3	3	6	2	5	1	6	4
37	2	3	3	3	3	3	0	4	3	3	3	2	0	3	0	2	4	3	5	4
38	-1	1	-2	1	2	3	0	4	-1	1	-1	3	-2	2	0	1	2	2	1	4
39	4	2	4	5	3	2	4	5	1	2	1	2	1	1	2	3	0	2	1	3
40	3	6	2	3	-2	1	-1	1	2	5	3	3	1	4	3	2	0	3	1	0
41	0	-1	0	0	0	2	1	3	0	-1	0	2	-1	0	2	1	-1	0	0	2
42	1	1	3	3	1	3	3	5	-1	1	3	3	0	2	2	3	2	4	1	4
43	-1	0	0	0	0	0	0	-1	0	1	-2	0	0	0	1	0	0	0	0	0
44	4	4	8	5	5	5	10	7	2	3	8	4	5	5	10	7	3	4	6	5
45	6	4	10	8	6	4	6	5	2	3	3	6	4	3	7	5	0	3	1	4
46	2	0	3	1	-1	0	0	1	2	0	0	1	0	0	0	0	0	0	0	0
47	3	1	4	5	0	2	5	4	2	0	4	3	0	0	2	2	2	1	3	2
48	2	1	6	5	3	2	3	4	3	1	4	5	1	1	3	0	1	0	2	4
49	3	4	1	2	4	5	3	3	4	5	2	4	7	6	4	5	0	4	0	0
50	0	1	1	0	3	1	2	2	-1	0	1	0	4	4	6	1	1	0	3	1
51	0	2	0	2	0	2	2	2	2	5	5	4	4	4	7	6	2	1	3	1
52	2	2	2	4	0	2	1	2	4	2	4	7	1	2	3	5	-1	0	0	2
53	1	2	2	3	2	2	1	3	1	2	0	3	3	4	3	4	1	2	0	1
54	5	4	6	7	4	2	6	7	4	3	8	7	4	2	6	6	4	4	8	7
55	1	4	3	1	0	2	0	0	3	3	3	1	4	4	6	5	1	2	1	3
56	4	5	6	6	6	4	5	6	2	5	6	5	3	4	4	5	2	3	3	4
57	0	0	-3	2	0	0	1	2	1	0	2	3	2	0	3	2	-1	0	-1	1
58	5	5	8	7	3	4	4	5	0	2	1	1	4	3	5	5	3	3	4	6
59	2	3	3	5	2	4	1	5	1	3	1	3	2	4	0	3	0	4	3	3
60	0	3	2	3	1	2	4	2	3	3	3	4	1	2	4	4	0	2	1	3
61	2	5	4	6	0	3	0	3	0	3	0	3	4	5	8	5	1	5	2	4
62	3	1	2	1	1	0	2	1	3	2	5	3	2	2	4	0	1	1	0	0
63	2	3	3	3	-1	2	0	5	0	4	3	4	2	3	4	4	1	6	6	5
64	0	0	1	0	1	2	3	1	2	3	-1	1	1	1	0	0	2	4	3	4
65	0	1	1	2	-1	0	-2	1	0	0	0	1	-2	0	0	1	0	2	0	3
66	4	3	7	6	1	2	1	2	2	1	3	4	5	1	2	4	6	3	7	6
67	0	0	1	1	1	1	0	3	0	1	2	2	1	0	3	4	1	0	2	2
68	1	2	0	2	1	3	5	4	1	3	3	3	6	4	9	6	3	3	5	4
69	1	2	1	0	1	2	2	1	4	4	5	2	1	3	3	1	4	5	5	2
70	5	6	7	5	5	5	6	6	3	7	4	3	4	5	3	4	2	6	2	4
71	5	2	3	3	3	5	4	4	2	3	5	3	2	2	5	4	5	4	8	5
72	1	1	3	1	-1	0	-2	1	0	0	0	1	-3	0	-2	0	0	0	0	0
73	1	2	4	4	3	2	3	4	2	3	5	3	2	3	5	5	2	1	3	4
74	0	1	0	2	0	0	0	2	1	2	2	2	5	1	5	4	-1	0	1	1
75	3	2	4	5	0	2	0	2	1	2	4	2	-1	0	-1	0	0	1	0	4
76	4	3	5	3	7	3	5	3	4	3	4	5	2	2	5	4	0	3	1	0
77	0	0	0	2	1	3	0	1	4	4	6	4	3	2	4	4	1	1	1	3
78	-1	0	0	-1	0	0	0	0	0	2	0	0	1	2	3	1	-1	0	1	0
79	0	1	3	1	2	2	4	0	0	1	0	1	0	1	0	2	2	2	0	2
80	2	0	4	3	4	2	3	4	0	1	3	2	5	1	4	4	0	0	1	1
81	-1	3	0	0	0	2	-1	0	5	3	5	3	2	4	4	3	1	4	2	1
82	2	3	5	3	4	3	6	6	4	4	7	4	1	3	3	1	1	1	1	2
83	1	3	5	4	1	4	2	4	0	1	0	2	0	2	2	3	0	-1	-1	1
84	1	0	1	3	2	2	3	6	3	0	2	3	3	0	1	2	3	1	7	5
85	1	3	4	4	0	1	0	2	1	2	2	2	1	3	4	4	2	3	1	4
86	2	1	2	2	0	1	1	0	3	1	5	4	0	0	0	1	0	0	2	0
87	6	3	7	4	1	1	2	0	2	2	2	3	2	1	3	3	3	2	4	3
88	0	1	-2	1	2	4	2	6	1	2	0	3	0	3	4	4	3	4	3	5
89	5	3	6	3	1	0	4	1	2	0	3	0	6	3	7	3	1	2	4	1
90	3	1	7	2	5	2	4	2	2	1	6	4	5	2	5	5	2	2	2	3
91	1	5	1	6	4	7	4	6	0	5	1	6	3	6	4	5	0	5	4	5
92	3	1	7	5	2	0	2	2	2	0	1	3	4	1	7	6	3	2	5	5
93	3	2	3	3	1	3	3	3	1	3	3	3	6	5	6	4	-1	3	3	0
94	0	2	0	0	-1	1	0	0	1	2	2	2	0	2	2	2	0	3	2	2
95	7	3	6	4	5	2	3	1	8	5	10	5	3	2	0	2	7	5	6	5
96	1	2	2	2	0	2	0	0	0	1	3	0	0	3	3	4	2	2	4	4
97	1	2	0	2	8	7	12	9	9	6	10	7	4	4	4	5	4	4	5	4
98	1	4	6	3	3	3	5	5	4	5	6	6	1	3	6	6	0	5	7	6
99	3	3	1	4	-1	1	-4	1	1	4	0	2	4	1	2	4	2	1	0	3
100	4	1	3	3	2	0	0	1	1	0	2	1	2	2	5	3	2	1	2	4
101	0	2	2	1	0	3	0	0	-1	0	0	1	1	2	0	1	4	4	6	5
102	2	3	4	5	5	3	8	2	1	3	3	3	2	4	3	4	3	2	4	4
103	3	2	4	6	0	1	1	4	-2	0	-1	2	3	3	4	5	0	0	0	4
104	2	1	3	5	0	0	2	3	3	2	6	5	1	1	3	3	1	1	2	3
105	2	1	0	4	1	2	0	2	3	2	2	4	1	2	1	2	-1	0	-1	0
106	0	2	0	0	-1	1	0	0	-1	0	-3	-1	0	2	1	0	2	2	4	4
107	0	0	3	2	-2	0	0	0	0	0	0	2	-3	0	0	0	2	1	5	3
108	0	1	3	1	-1	0	-1	0	-1	0	1	1	2	1	3	4	0	0	0	1
109	1	1	3	5	2	1	5	4	2	0	3	5	2	0	4	5	3	1	4	4
110	1	2	2	3	2	4	4	5	2	4	5	5	2	1	6	5	0	1	0	0
111	1	0	3	1	2	1	6	4	0	0	4	2	0	0	0	1	1	1	3	3
112	2	4	1	3	1	5	3	4	4	5	7	6	0	3	1	1	0	2	5	4
113	3	2	0	0	-2	1	-2	0	1	3	-1	0	-1	2	2	0	6	5	4	3
114	-1	0	-5	2	3	3	6	5	3	1	5	5	2	0	4	3	0	1	4	4
115	1	2	1	3	4	3	7	7	3	3	1	5	4	5	2	6	3	5	6	6
116	1	4	6	4	0	3	2	1	-1	4	0	3	1	3	4	2	0	3	2	4
117	4	3	7	4	3	4	6	3	1	2	2	2	3	2	5	2	-1	2	3	2
118	2	1	5	5	0	0	0	2	1	2	2	3	0	0	0	0	0	0	3	4
119	0	1	-1	0	-1	2	0	2	-4	2	0	1	1	2	1	2	0	4	0	0
120	3	0	2	3	1	-2	1	1	0	0	0	2	4	0	3	3	5	1	3	4
121	1	2	4	4	-2	0	0	1	2	2	5	5	0	1	1	2	-1	0	4	4
122	1	0	3	2	0	-1	3	3	0	0	2	2	0	0	4	1	2	1	1	1
123	2	4	6	4	0	1	0	1	3	3	2	3	1	4	3	3	1	4	2	3
124	0	1	2	5	0	0	2	2	0	1	0	1	0	1	3	1	0	2	2	2
125	2	2	5	4	5	4	6	6	2	4	4	8	2	3	2	4	4	2	6	7
126	4	4	3	4	1	4	3	5	2	5	2	4	0	5	2	3	1	6	1	3
127	0	1	1	1	4	2	3	3	0	1	2	1	2	3	2	3	0	0	2	1
128	0	0	2	2	2	3	2	3	0	2	3	2	0	0	1	1	1	2	1	2
129	-1	1	-2	1	1	1	0	2	0	2	1	3	0	1	-1	2	-4	1	0	1
130	7	3	6	5	4	2	3	4	3	1	2	5	3	0	2	4	3	1	5	4
131	2	2	4	5	3	3	3	3	2	3	3	4	3	3	1	3	2	3	3	6
132	0	5	1	4	4	2	5	5	1	2	4	3	1	2	2	3	0	2	4	2
133	3	5	3	4	1	2	2	3	4	3	1	3	2	2	1	1	2	3	3	3
134	0	0	0	4	1	0	0	1	1	0	0	4	0	0	3	5	1	0	1	2
135	0	0	-1	0	-4	0	-4	-1	0	0	-2	0	1	0	3	0	-3	-1	-3	0
136	1	2	2	3	2	3	3	4	2	3	5	4	0	4	5	6	5	4	10	8
137	1	1	2	1	1	1	3	3	3	2	5	3	0	0	1	1	1	0	1	0
138	4	4	5	2	0	3	1	1	0	2	-1	0	6	5	9	4	2	4	3	0
139	2	5	3	5	3	5	2	6	5	5	5	5	4	6	4	6	4	4	6	4
140	0	1	0	0	0	1	2	1	0	0	1	0	0	0	-1	0	0	1	2	0
141	0	1	3	2	2	2	1	5	0	1	0	4	3	2	6	5	0	1	0	2
142	2	2	0	2	0	1	4	0	3	2	4	3	2	2	1	2	1	2	3	3
143	0	0	1	-1	1	0	1	0	0	1	2	0	4	2	6	2	0	1	4	0
144	0	1	0	1	3	3	4	3	2	1	4	2	0	1	4	2	2	1	2	0
145	0	1	3	3	0	1	1	1	-1	1	0	0	0	0	1	3	0	1	1	1
146	0	0	-1	2	5	3	4	4	1	0	1	2	2	2	-1	0	5	1	4	4
147	0	0	-1	0	2	2	1	3	-1	1	-1	0	0	1	1	1	-2	0	-1	1
148	1	4	0	2	3	4	3	4	3	4	1	3	4	4	5	4	2	3	4	3
149	3	4	5	4	2	2	6	6	5	4	6	4	3	2	4	1	0	3	0	1
150	2	3	6	3	0	2	3	2	2	2	1	3	-1	0	-6	0	1	1	3	2
151	4	3	3	6	1	3	1	4	3	4	4	5	2	2	5	7	2	3	2	5
152	6	4	8	6	4	3	4	7	5	4	6	5	2	2	1	3	0	2	4	5
153	1	2	2	4	4	3	3	4	1	2	4	4	1	4	5	3	1	1	4	2
154	0	1	2	4	3	3	5	5	-1	1	2	2	0	1	0	2	-1	0	-2	2
155	1	3	0	2	2	3	3	4	0	3	1	2	0	3	1	2	2	3	2	3
156	-1	1	0	2	0	3	3	4	0	2	0	3	0	0	2	2	0	2	-1	0
157	1	2	0	1	2	2	1	-1	3	1	0	2	1	1	2	1	1	2	2	0
158	5	4	6	3	2	4	4	4	4	4	6	3	3	3	4	2	1	3	1	0
159	0	1	3	4	3	1	2	3	3	1	3	5	4	2	9	5	4	1	4	7
160	2	1	3	4	1	1	0	4	0	0	-1	1	1	2	1	2	1	0	0	4
161	4	3	3	3	7	5	8	6	6	4	7	5	4	4	5	3	1	3	2	2
162	2	2	2	3	2	3	5	2	2	1	5	1	4	2	1	3	2	1	1	4
163	2	1	1	0	1	1	0	0	0	0	1	1	4	2	1	2	1	1	1	0
164	6	5	6	6	5	5	6	5	2	5	3	4	6	5	8	7	6	6	7	8
165	0	0	1	3	0	1	0	2	-2	-1	-2	0	-1	2	4	3	0	1	2	0
166	2	1	4	3	5	2	4	5	1	1	1	3	4	0	6	4	1	0	3	3
167	2	4	4	5	0	2	3	4	2	3	3	4	4	4	6	5	5	4	6	7
168	0	1	-2	0	1	4	4	3	1	1	1	1	0	2	4	2	1	2	3	1
169	3	2	3	4	4	3	6	5	3	1	4	4	2	1	4	4	2	1	3	5
170	2	3	6	3	4	4	5	3	2	4	3	4	2	3	6	4	4	4	6	5
171	3	3	4	2	0	4	7	4	3	3	2	4	2	2	2	3	-1	1	1	1
172	0	4	2	3	0	3	1	2	1	3	3	1	0	3	3	0	0	4	1	2
173	3	0	0	1	2	1	1	2	4	2	3	2	1	3	5	2	1	0	1	2
174	4	4	7	6	2	3	0	1	4	4	5	3	8	6	8	6	3	3	4	4
175	1	2	2	1	0	1	1	0	1	2	2	2	1	2	3	2	-1	1	0	1
176	-1	0	1	0	0	2	1	3	-1	2	3	1	0	1	3	2	2	3	4	3
177	3	2	3	3	0	0	1	3	1	2	4	3	0	2	5	2	1	2	4	5
178	3	3	4	7	0	4	6	3	2	2	1	5	0	2	3	4	2	3	4	4
179	-1	0	2	3	1	1	3	5	5	2	6	8	2	1	3	4	-1	0	0	3
180	0	0	2	1	-1	1	1	3	0	1	3	4	0	2	5	3	0	0	3	3
181	0	1	1	1	2	1	1	4	0	2	1	3	1	0	4	4	1	3	0	3
182	2	2	4	4	3	1	5	3	2	2	4	3	2	0	3	2	4	3	6	3
183	2	3	4	4	2	1	3	3	2	2	4	3	0	0	0	1	0	2	0	1
184	0	0	2	2	-1	0	-2	0	0	2	1	3	1	2	3	4	3	0	6	4
185	3	4	1	5	0	0	0	1	2	5	2	4	3	4	1	3	0	1	0	1
186	1	3	4	2	0	3	0	0	1	2	3	2	-4	2	-3	-2	0	4	3	1
187	4	4	5	4	7	3	8	5	1	2	0	0	4	3	6	3	1	3	2	4
188	3	1	1	4	-1	1	-1	1	3	1	3	4	2	1	-1	4	4	2	0	4
189	2	5	2	3	0	4	0	2	3	4	5	3	4	4	3	5	3	4	4	3
190	1	0	3	4	0	0	3	1	0	0	1	3	0	0	0	4	-2	-2	2	1
191	4	3	6	6	4	2	5	5	3	2	6	4	2	2	3	3	2	2	9	4
192	0	3	0	1	4	6	2	4	4	6	4	3	3	3	2	3	2	4	4	2
193	4	3	4	3	4	5	3	3	1	5	-1	3	4	6	4	5	2	3	0	1
194	3	2	8	5	0	1	2	1	1	0	3	3	0	2	2	3	0	0	0	2
195	-1	0	0	3	0	0	2	1	-2	0	1	0	2	1	3	5	-2	-1	-2	1
196	7	2	4	5	7	5	5	8	2	4	3	6	7	4	5	6	8	6	9	8
197	0	1	1	0	0	2	0	4	0	1	1	0	5	2	5	3	1	2	2	3
198	1	3	1	3	0	2	1	1	-1	2	3	1	1	3	2	1	1	2	1	1
199	0	1	0	2	0	0	2	3	2	1	4	4	4	3	4	4	3	1	0	0
200	0	1	0	1	-3	1	0	4	-1	0	-1	1	-2	1	0	1	2	2	2	4
201	5	6	9	8	3	4	3	6	0	3	3	5	3	4	4	8	5	5	7	8
202	1	3	4	3	4	3	7	5	3	2	3	3	0	2	1	4	3	4	5	6
203	1	3	0	3	0	2	0	2	0	4	0	2	1	2	0	1	-1	1	-2	0
204	4	3	6	5	3	3	6	5	3	1	6	5	1	1	5	4	2	2	5	5
205	0	3	1	2	0	4	5	3	0	3	2	3	2	4	5	6	-1	2	2	3
206	0	1	-1	0	2	3	2	0	-1	1	-2	0	0	1	0	1	2	4	2	3
207	3	1	4	5	0	1	0	3	4	0	2	5	-1	-2	-1	0	4	1	7	4
208	0	1	4	1	0	2	0	2	0	3	6	2	0	2	0	2	0	3	3	2
209	5	3	7	3	5	3	9	7	5	3	6	5	3	4	4	4	3	2	4	3
210	3	3	6	6	5	3	7	6	6	2	6	6	3	3	5	3	0	1	-2	3
211	4	4	4	6	4	3	5	4	1	2	1	2	3	3	3	1	0	1	0	1
212	1	2	4	4	1	2	4	4	0	1	1	1	0	0	1	3	1	2	3	4
213	1	2	1	3	2	3	2	3	6	4	4	4	4	3	2	3	2	3	2	4
214	2	2	6	5	-1	0	1	4	2	1	6	5	2	1	3	4	2	1	3	4
215	1	1	0	3	0	0	0	1	2	0	3	2	3	1	1	2	6	3	3	8
216	5	5	7	5	3	4	4	4	3	5	4	2	6	7	5	5	7	7	6	7
217	0	-1	0	2	2	0	0	2	4	1	5	5	6	2	5	6	0	0	1	3
218	0	0	-1	1	-2	1	1	1	3	0	2	2	5	2	4	5	0	1	2	1
219	0	0	0	1	1	0	0	2	1	0	0	0	0	-1	1	0	2	0	2	1
220	2	0	3	4	-1	0	3	3	2	0	3	4	0	0	1	3	2	0	1	5
221	0	1	2	2	2	4	3	4	0	2	2	3	-1	1	2	3	0	2	2	4
222	2	2	6	7	-1	1	4	3	0	0	0	2	3	3	7	6	0	1	2	4
223	4	0	4	3	6	2	8	6	1	0	-2	2	1	0	2	1	1	1	3	2
224	0	0	1	0	3	3	5	4	3	4	6	3	1	2	3	2	0	2	4	2
225	-1	2	2	1	0	1	0	0	0	1	2	3	2	0	5	2	1	2	3	3
226	1	2	0	2	2	4	1	3	-1	1	-4	0	0	4	1	3	0	3	-1	1
227	3	0	4	6	3	1	3	5	-1	0	-3	0	0	0	1	5	0	-1	0	3
228	-1	3	1	1	4	3	2	2	2	2	4	2	1	3	-2	0	1	2	1	2
229	3	4	3	5	3	5	6	4	1	3	0	3	3	4	6	5	5	4	5	8
230	-3	0	-2	-1	4	3	2	1	1	2	0	0	1	2	0	1	0	3	2	0
231	5	3	8	5	5	3	6	7	4	5	7	5	5	2	5	5	6	4	4	4
232	2	4	2	3	0	3	0	2	2	4	1	2	2	3	1	0	4	4	3	3
233	1	1	2	3	0	0	2	3	-2	3	4	5	2	2	2	6	2	3	5	6
234	1	0	5	6	2	0	2	3	2	0	6	4	0	0	0	3	0	-1	0	1
235	-1	0	0	2	0	1	3	3	0	2	1	3	2	2	5	4	3	2	6	4
236	1	0	3	3	1	0	1	2	-2	-2	-3	2	1	0	1	1	0	0	1	0
237	2	1	3	3	1	1	2	3	0	0	3	2	0	1	2	2	5	3	5	5
238	2	3	3	3	0	2	1	3	1	1	2	2	3	1	4	6	1	2	4	4
239	3	3	0	4	1	3	2	5	2	4	2	3	1	3	3	3	2	2	4	2
240	5	4	5	3	3	3	5	2	3	1	3	2	0	1	2	0	3	3	3	2
241	1	0	0	0	1	1	3	2	1	0	3	4	0	0	3	1	0	1	2	1
242	2	2	4	2	2	3	0	1	0	3	2	3	0	2	1	0	1	3	4	3
243	6	6	4	6	8	7	7	7	4	5	4	4	6	7	8	6	3	4	2	2
244	0	0	3	0	0	0	0	1	1	0	1	2	2	1	0	0	0	0	0	-1
245	2	2	4	3	0	0	2	1	0	3	4	4	0	1	0	0	2	2	4	4
246	2	4	6	3	1	4	2	1	4	4	7	3	1	3	4	2	1	4	7	1
247	3	1	0	1	3	1	1	4	3	0	0	3	0	1	0	1	4	2	2	3
248	3	2	2	4	1	0	0	3	-2	1	0	0	0	0	0	1	0	2	1	1
249	5	3	4	3	3	3	1	3	1	2	0	2	2	2	0	0	4	4	4	4
250	1	3	1	0	2	3	6	2	3	3	3	3	4	3	5	3	3	3	6	4
251	0	2	0	1	3	2	2	4	1	2	3	1	2	3	2	1	1	2	0	1
252	2	4	2	3	0	3	5	4	0	2	1	0	4	3	5	2	1	1	-3	0
253	-2	2	0	0	4	3	4	1	0	1	0	0	1	2	1	2	0	1	-1	0
254	0	2	-1	0	0	2	1	1	2	3	2	3	3	1	4	1	-1	1	1	1
255	3	3	5	7	3	4	4	5	4	6	6	5	3	6	4	5	2	5	7	7
256	1	1	1	2	3	1	3	5	2	1	2	3	0	1	1	3	4	1	6	5
257	4	3	6	4	3	1	2	1	1	0	3	1	4	3	6	4	0	0	0	0
258	0	3	3	2	2	3	4	4	1	2	0	2	2	4	3	4	3	4	5	4
259	0	1	0	1	-1	0	0	1	3	3	7	5	0	1	1	1	-2	1	1	0
260	-3	0	-1	1	0	0	0	2	0	1	1	1	1	0	0	1	0	2	2	1
261	2	3	3	3	0	2	1	3	1	4	4	4	0	1	0	3	4	2	1	2
262	1	3	0	1	2	2	1	2	3	3	1	1	1	3	0	1	2	4	2	2
263	1	3	2	2	0	2	2	2	2	2	2	1	1	1	2	0	5	3	4	6
264	0	2	4	4	1	4	6	5	0	2	1	2	1	3	2	3	0	2	2	3
265	6	5	9	7	5	4	6	7	4	4	7	6	6	5	9	6	3	5	7	5
266	3	5	7	6	7	5	8	6	2	5	5	6	4	4	4	4	3	4	4	4
267	3	3	2	4	3	2	5	4	1	2	4	2	4	3	1	2	7	4	5	7
268	0	2	0	-1	0	1	1	2	-2	0	0	-1	-1	3	2	1	-2	1	-1	0
269	2	2	3	2	0	1	2	0	1	3	2	0	3	3	6	2	0	1	3	1
270	2	3	0	4	4	3	3	5	5	5	5	6	6	5	9	7	1	3	1	3
271	1	3	1	2	4	4	4	6	1	4	1	2	4	4	7	5	2	4	5	5
272	3	4	4	4	5	6	5	5	3	2	6	5	3	6	6	6	2	3	6	4
273	3	4	5	6	3	3	4	3	2	3	5	4	0	2	1	3	3	2	8	7
274	-2	1	0	0	-1	0	0	0	-1	1	1	1	1	1	3	2	-1	0	2	2
275	4	4	6	6	3	3	3	6	3	5	5	7	2	3	3	7	2	2	3	5
276	2	2	5	3	2	2	0	1	3	1	2	2	3	3	4	2	1	1	2	3
277	3	1	3	2	0	1	2	3	0	3	1	3	-3	1	3	0	2	1	3	2
278	1	2	1	2	2	5	3	3	0	1	0	3	1	4	3	2	1	2	2	3
279	5	3	4	5	2	1	-1	2	3	3	4	2	4	2	4	3	2	3	4	6
280	2	3	4	4	2	2	2	5	0	2	0	1	4	2	2	5	0	2	2	5
281	-3	-1	-4	0	0	0	1	1	0	0	2	1	2	0	2	1	0	0	1	0
282	2	2	2	5	2	2	2	3	4	4	4	3	4	3	6	5	2	3	3	4
283	1	1	1	1	4	1	4	3	4	4	6	3	2	2	1	1	3	3	3	0
284	0	1	3	3	0	-2	0	3	-1	0	-1	1	0	-1	0	2	4	0	2	3
285	0	0	2	1	0	0	4	3	1	1	4	5	1	1	3	5	2	1	3	4
286	5	2	7	5	4	4	3	4	2	3	5	5	2	2	2	3	0	0	0	2
287	5	3	7	6	3	4	4	5	3	1	4	5	1	2	3	4	1	0	0	3
288	2	2	7	4	4	4	7	7	1	1	5	5	0	0	4	4	6	3	11	8
289	0	0	0	3	3	1	4	6	0	0	4	4	0	0	4	5	0	0	0	4
290	2	2	3	4	4	3	8	5	3	4	6	6	1	2	4	3	1	2	1	4
291	6	5	7	5	3	3	3	2	5	3	6	2	2	3	2	0	2	3	3	4
292	4	5	8	3	2	3	4	3	4	4	4	5	4	6	5	5	4	5	5	6
293	8	5	9	8	4	2	5	6	3	5	6	7	7	4	10	7	5	5	7	7
294	1	3	-1	1	0	1	-1	0	2	4	3	2	3	5	7	4	0	2	-1	0
295	4	4	5	7	3	3	2	3	4	3	5	5	3	2	4	7	5	4	7	5
296	6	5	7	7	0	2	-1	0	3	1	5	2	6	3	8	4	0	1	3	3
297	3	3	3	4	4	5	7	6	6	6	7	7	4	4	5	6	3	3	2	4
298	1	0	1	3	-3	0	-4	0	-2	0	-3	0	2	1	1	2	0	0	3	1
299	0	0	-2	2	4	3	5	1	-2	0	0	0	2	2	4	1	2	2	6	2
300	0	2	0	4	6	4	7	7	5	5	4	6	2	4	2	4	5	5	7	5
301	2	2	0	2	2	1	2	3	4	1	4	2	1	0	0	1	-2	1	-3	1
302	5	2	6	5	2	2	0	4	0	0	2	2	0	1	0	1	3	2	2	3
303	4	1	6	4	4	1	5	4	-2	0	-2	0	1	0	0	3	0	0	3	1
304	2	2	1	2	1	0	1	1	0	0	-1	3	3	1	2	3	0	1	2	2
305	4	3	7	5	0	1	2	0	2	3	4	2	1	1	0	0	0	3	0	2
306	5	4	4	4	4	4	6	7	1	1	-1	2	0	3	0	2	2	3	3	5
307	-2	-1	0	2	-1	0	1	4	-2	-1	0	2	-3	-1	-3	2	0	-1	0	3
308	1	2	0	4	6	2	5	6	3	3	1	3	2	2	3	4	6	3	8	6
309	6	4	8	5	2	2	5	4	4	3	6	5	5	4	7	6	3	3	6	4
310	2	3	2	3	5	4	4	4	1	3	3	2	4	4	4	4	3	4	3	3
311	0	3	4	5	0	2	-1	2	0	6	2	2	3	6	8	6	2	4	5	5
312	2	1	2	5	0	2	4	3	0	1	3	4	3	3	4	4	2	3	2	6
313	2	3	4	4	-2	0	0	0	0	2	1	1	0	1	0	1	0	0	1	2
314	0	0	0	-1	1	1	0	2	0	0	-1	0	1	0	4	2	1	0	0	0
315	0	2	1	4	0	0	0	0	2	1	4	0	1	1	3	2	2	2	3	2
316	6	5	5	5	0	3	1	2	3	2	5	4	2	3	5	3	4	4	5	5
317	2	1	2	4	1	0	1	3	5	3	3	5	4	2	3	4	0	1	0	3
318	2	-1	0	1	0	0	0	3	5	1	7	6	0	-1	0	2	3	1	4	4
319	3	4	6	6	2	5	4	5	3	5	4	7	2	5	6	4	4	6	8	8
320	2	3	8	5	0	2	2	2	0	3	1	4	0	2	2	5	3	3	3	2
321	2	2	5	5	4	3	5	4	0	1	0	0	2	2	2	2	0	2	1	0
322	3	1	5	3	2	1	7	4	3	1	3	3	2	0	5	4	3	0	1	1
323	0	3	1	2	0	3	2	2	0	3	1	2	0	2	0	1	1	3	1	2
324	1	5	1	4	2	6	5	3	4	5	4	5	1	5	1	4	2	6	1	5
325	2	1	1	3	1	2	3	2	2	2	2	4	0	2	1	1	0	0	0	0
326	0	3	3	3	0	4	6	3	0	3	3	1	2	5	4	3	5	5	7	5
327	2	4	5	5	1	3	0	6	0	4	3	4	2	3	4	8	0	3	3	5
328	2	3	6	4	2	1	6	3	0	1	6	4	2	2	3	5	2	3	5	5
329	2	3	3	7	2	2	4	5	2	1	4	5	3	2	5	8	2	3	3	6
330	0	1	2	2	2	0	3	5	-1	0	1	1	0	0	1	3	4	3	7	3
331	2	3	1	4	4	2	4	4	3	1	4	4	5	3	5	5	3	4	6	4
332	0	0	0	1	0	1	2	4	1	2	2	1	0	1	0	1	0	0	0	2
333	1	1	0	3	0	2	-1	1	-1	0	-3	0	1	2	2	2	0	0	-1	0
334	4	3	2	3	2	3	0	1	5	3	1	2	6	3	2	4	6	4	7	4
335	2	2	4	2	2	1	0	2	1	2	4	2	3	2	4	5	1	3	3	3
336	1	-1	1	2	1	0	0	1	0	0	1	1	1	0	2	3	0	-2	-1	0
337	0	2	1	3	-1	1	0	1	0	2	0	2	0	2	2	3	0	1	-1	2
338	0	0	5	2	0	-1	1	3	1	1	0	3	0	0	5	4	0	0	2	1
339	4	2	4	6	1	2	4	4	4	4	5	6	3	3	6	5	3	2	5	1
340	2	3	3	3	3	2	1	4	0	1	1	2	1	1	0	4	0	1	0	2
341	4	3	3	3	0	0	1	2	4	3	8	4	-1	3	1	1	0	2	1	1
342	4	5	1	4	4	4	3	3	6	6	5	6	4	5	3	5	6	5	3	4
343	5	3	5	5	5	3	6	4	4	3	6	3	3	4	8	3	3	4	6	4
344	-1	1	0	2	2	0	0	3	-3	0	0	1	0	0	3	3	3	1	7	6
345	0	0	0	3	2	1	6	3	4	1	4	3	4	1	2	3	0	0	2	2
346	0	0	-1	0	-2	0	0	0	0	0	-1	1	0	0	3	3	0	0	-2	0
347	0	1	2	4	1	2	3	4	2	2	3	4	0	1	2	3	2	2	3	2
348	3	1	-2	0	3	2	3	4	1	1	2	2	0	0	-1	1	-1	0	-3	0
349	1	0	0	1	2	1	0	1	3	1	2	1	2	0	1	0	2	0	1	0
350	3	2	1	1	0	1	1	3	0	1	5	2	2	1	0	1	0	1	-1	1
351	4	3	3	3	4	4	5	3	5	5	2	4	3	4	4	2	4	3	5	4
352	-1	0	2	2	0	0	0	1	0	0	1	2	-3	0	0	0	1	-1	1	3
353	1	1	4	2	3	2	7	6	2	1	1	2	-1	-1	0	0	3	1	6	4
354	1	3	3	2	0	4	1	3	1	3	3	3	3	3	4	4	-2	2	0	1
355	0	1	1	0	3	3	2	5	1	0	0	3	1	1	0	2	3	3	4	4
356	1	4	1	4	5	6	7	7	1	4	2	4	0	3	1	2	-1	3	1	2
357	3	3	8	6	0	2	0	3	2	2	6	6	1	3	5	4	0	4	1	4
358	5	2	6	4	1	1	3	1	2	0	3	4	1	0	5	3	4	1	7	6
359	-1	0	0	1	1	1	0	3	-1	0	0	0	-3	-2	-5	-1	0	0	0	1
360	1	3	3	5	4	4	3	4	6	5	7	6	4	4	7	5	7	5	8	7
361	4	5	5	5	2	4	3	5	2	5	5	4	1	3	3	3	1	5	3	4
362	7	3	8	7	3	3	3	3	2	4	4	6	1	1	1	3	3	2	4	7
363	-1	2	-2	1	2	3	0	2	1	2	-1	3	0	3	2	5	1	3	1	5
364	5	5	6	4	2	4	3	2	2	3	1	3	1	2	0	1	3	4	6	4
365	2	2	6	3	3	1	3	3	3	2	4	5	1	1	3	2	1	0	3	2
366	1	2	5	2	4	2	3	5	2	0	1	3	0	1	1	2	2	2	5	4
367	1	4	4	6	-2	2	-3	3	0	2	0	2	0	5	0	7	1	5	5	6
368	1	1	2	1	3	4	3	3	1	2	-2	2	2	1	2	3	2	2	4	4
369	3	3	6	5	1	4	4	5	1	3	3	4	0	2	6	7	2	3	4	4
370	-1	0	-1	0	1	1	2	1	2	3	3	1	1	2	4	5	5	3	5	2
371	5	3	7	6	4	4	7	5	4	4	8	6	6	6	13	8	2	3	5	5
372	1	0	4	2	0	0	0	1	0	0	1	0	-1	-1	-2	-1	-1	-2	0	0
373	0	1	0	2	-1	2	-1	2	-2	1	0	2	0	3	0	2	2	3	4	3
374	2	0	0	5	4	2	5	5	4	2	4	7	4	2	4	4	4	2	5	5
375	2	0	6	3	4	1	3	4	4	2	6	3	5	2	5	5	4	2	3	4
376	7	4	8	5	4	3	3	2	7	5	6	7	3	2	1	2	1	1	0	1
377	-1	0	0	1	1	0	1	1	2	1	4	5	4	0	4	4	1	0	5	5
378	4	2	3	5	2	1	1	6	2	1	-1	5	4	2	-2	4	1	1	1	3
379	3	1	2	4	1	1	2	2	3	1	4	5	3	1	5	5	7	3	6	4
380	-2	-1	-5	-2	0	1	1	3	0	1	2	2	0	2	0	0	-3	0	-3	-1
381	0	3	0	2	1	1	1	0	2	2	4	2	0	1	2	2	6	5	10	6
382	0	2	2	0	2	2	3	3	0	2	0	0	2	3	0	3	4	4	7	4
383	1	3	5	0	5	3	4	1	1	1	3	1	3	3	7	2	1	4	3	2
384	0	2	0	3	2	3	1	2	0	1	1	2	3	2	1	3	0	2	-1	1
385	2	4	5	3	3	5	5	6	3	5	5	5	3	3	5	4	2	3	3	5
386	3	1	6	6	5	2	6	6	3	1	6	5	5	2	7	4	4	2	8	4
387	1	2	5	6	1	4	5	6	2	2	3	5	3	1	5	5	0	2	4	3
388	-1	0	2	1	0	1	0	1	0	1	-2	1	2	1	1	4	0	0	-2	1
389	1	3	7	4	-1	1	0	2	-1	3	0	2	3	4	4	3	0	3	0	3
390	0	1	1	2	4	4	5	6	-1	0	-1	1	1	1	2	4	2	0	3	0
391	-1	0	0	2	1	1	0	2	0	1	1	1	1	1	-1	3	0	1	0	1
392	0	0	1	1	-2	-3	0	0	-4	-1	-3	-3	-1	0	0	0	-3	-3	-3	-3
393	2	4	6	6	5	6	9	8	0	4	3	3	-2	5	3	4	0	3	3	5
394	3	4	6	3	2	3	1	3	3	2	2	4	2	3	3	4	3	3	3	3
395	1	3	3	2	0	2	0	0	2	2	1	1	1	2	3	2	0	1	0	1
396	1	2	2	3	3	3	7	4	1	2	0	1	4	2	5	4	5	3	7	5
397	2	1	2	2	2	2	3	4	1	2	1	2	0	2	1	2	-1	2	-3	0
398	2	4	3	4	0	2	1	3	3	3	3	5	6	5	9	9	4	5	6	6
399	0	1	-1	1	1	1	3	3	1	1	2	5	-1	1	1	2	0	1	1	2
400	0	0	1	1	1	1	2	3	2	0	3	5	1	2	2	3	0	0	1	3
401	0	1	5	3	0	0	3	2	4	1	4	4	0	0	2	2	3	2	5	3
402	1	2	4	4	1	1	1	2	0	0	1	2	1	0	2	2	-2	0	-3	0
403	1	2	3	4	1	1	1	2	2	3	5	4	1	3	2	1	4	3	4	4
404	2	3	3	3	3	4	4	4	4	2	3	3	3	2	3	2	1	2	1	1
405	2	4	2	6	2	4	2	4	6	3	5	5	2	2	1	3	5	4	5	3
406	4	4	7	4	0	3	3	3	1	3	1	3	-2	0	-1	0	0	1	-1	3
407	0	2	1	1	0	0	1	0	2	2	1	1	1	2	3	1	1	3	3	1
408	2	5	1	2	4	4	5	1	7	6	6	4	7	5	5	4	3	4	4	3
409	2	0	3	2	2	0	2	2	3	0	4	2	3	0	4	4	0	1	-1	1
410	4	3	5	3	1	1	1	4	0	2	0	1	3	5	6	5	2	1	3	3
411	5	2	4	3	7	3	5	3	3	1	2	1	3	2	5	1	6	3	5	2
412	-1	1	0	0	0	4	3	2	1	3	1	3	1	2	0	2	0	4	4	3
413	1	2	2	3	4	2	4	6	2	1	3	4	0	0	1	3	3	1	5	4
414	0	2	3	3	0	3	2	4	1	3	2	5	0	3	0	3	0	2	1	5
415	1	1	4	2	3	2	4	4	0	1	0	0	0	1	2	0	3	2	2	1
416	-1	-1	0	-3	1	0	2	1	-2	0	0	-2	0	0	0	-1	0	0	4	2
417	3	3	3	3	3	3	5	5	-2	2	-2	0	1	2	0	1	3	3	3	2
418	-1	1	2	4	-1	1	1	3	1	3	4	6	0	1	3	4	2	3	1	5
419	2	3	1	4	0	1	-1	1	1	1	1	2	1	4	2	3	5	2	4	4
420	0	2	0	0	1	1	-2	-1	3	2	3	3	3	2	4	4	2	2	3	3
421	5	3	7	4	3	4	5	4	1	2	2	2	4	4	6	4	3	2	4	2
422	1	3	2	2	3	4	4	4	1	4	4	4	2	4	5	3	3	4	3	4
423	0	1	0	2	0	1	0	1	0	3	-1	1	2	4	4	3	2	2	0	1
424	6	3	3	5	5	5	5	7	3	4	5	3	5	4	7	5	2	4	6	3
425	2	0	2	4	1	1	1	3	0	1	1	3	2	1	4	6	3	2	1	4
426	1	2	1	0	2	3	2	2	5	6	5	6	1	3	1	1	0	3	1	0
427	6	4	9	7	1	4	5	5	7	6	10	9	2	4	5	4	5	5	5	3
428	1	4	2	2	3	4	7	5	7	5	8	7	3	3	4	4	2	3	3	4
429	1	1	3	1	6	3	9	4	2	2	0	0	4	4	4	3	7	4	8	3
430	0	1	0	0	0	0	0	3	0	1	-1	1	1	1	0	1	0	0	-1	3
431	0	0	-1	0	1	2	1	2	1	3	0	1	0	4	4	2	3	3	1	1
432	0	0	2	5	3	4	6	8	2	2	5	7	0	0	0	6	1	1	5	6
433	1	3	1	3	0	3	3	2	2	3	3	3	4	4	3	3	4	3	5	5
434	-1	1	0	0	3	2	2	2	1	3	1	3	0	0	0	-1	1	2	1	2
435	1	-1	1	0	3	1	5	6	3	0	0	3	2	0	4	4	3	-1	3	5
436	0	1	0	3	0	2	1	5	0	0	0	2	-1	1	-2	2	-1	0	0	1
437	3	0	4	6	1	1	3	5	2	1	3	6	4	1	6	5	0	-1	3	4
438	4	4	6	5	1	2	6	5	2	4	6	2	0	3	3	2	1	4	4	3
439	-2	-1	-2	-3	0	0	0	0	1	0	2	1	0	0	0	1	1	0	0	3
440	1	2	-1	0	2	1	3	4	6	2	8	4	4	3	6	5	5	2	4	3
441	4	2	5	3	3	1	8	3	0	0	1	0	0	1	1	0	-1	0	0	0
442	0	4	2	4	1	5	5	5	2	4	3	5	1	2	0	3	2	4	3	5
443	1	2	0	2	3	1	4	5	1	1	4	3	1	2	4	3	0	2	0	2
444	0	2	0	1	1	2	4	3	0	2	1	1	1	3	2	3	0	1	1	0
445	0	2	3	1	0	1	1	3	0	0	1	2	-1	1	5	2	0	1	0	2
446	4	2	7	4	5	3	9	9	3	1	1	3	2	1	5	6	5	2	4	7
447	2	0	4	2	3	0	2	2	4	1	3	4	1	0	0	2	2	0	5	2
448	4	2	3	2	3	0	4	3	5	1	3	4	5	0	5	4	7	2	6	7
449	-2	0	-5	-1	0	0	2	2	-3	0	0	0	0	0	0	0	-3	0	0	1
450	0	1	5	1	0	2	5	4	1	1	3	0	-1	0	0	0	0	3	5	4
451	4	5	4	4	4	4	3	4	4	5	4	4	4	6	3	6	3	5	5	5
452	1	3	2	5	1	4	5	6	3	4	5	7	3	5	5	6	4	3	6	7
453	1	2	0	1	4	4	6	3	3	4	2	4	2	4	1	5	1	4	2	4
454	1	4	2	3	2	3	2	4	4	5	2	6	4	4	4	4	5	4	3	5
455	4	3	3	3	4	2	4	3	4	2	9	7	1	1	2	3	2	3	3	5
456	0	1	0	2	-3	0	-2	0	-3	-1	-3	0	-2	0	-1	1	0	2	0	1
457	4	3	3	3	1	4	3	5	1	4	3	4	5	5	4	7	1	2	3	4
458	1	2	0	1	0	3	0	2	0	4	0	0	0	3	1	2	2	3	3	1
459	2	3	3	5	0	3	5	4	1	2	1	3	1	3	4	5	-2	0	-3	0
460	4	4	6	1	1	4	3	2	1	2	2	0	3	2	3	2	0	1	2	0
461	2	3	2	4	4	2	6	3	1	0	0	4	3	2	4	2	3	4	2	5
462	1	2	2	1	1	1	0	0	7	4	4	4	0	0	0	0	0	1	1	0
463	3	3	1	1	5	3	7	5	4	3	2	3	3	3	5	3	2	2	2	3
464	2	1	3	3	1	2	6	3	2	4	5	3	3	3	6	3	2	1	0	3
465	1	1	1	3	2	3	1	3	1	1	0	2	0	2	-1	2	0	2	3	4
466	1	1	5	3	1	3	5	2	4	4	7	7	0	1	3	2	5	3	3	5
467	1	3	6	6	1	2	3	3	2	3	6	6	1	3	2	6	2	2	5	6
468	2	4	4	6	2	4	4	4	0	3	4	2	1	3	2	6	1	4	3	5
469	1	2	0	3	2	3	3	5	0	2	3	3	2	1	4	4	2	4	1	4
470	2	2	5	6	5	5	3	4	1	2	1	3	2	3	3	3	0	1	3	3
471	4	4	4	4	4	3	5	4	2	4	5	5	5	5	10	3	1	3	3	4
472	-1	-1	-2	0	0	0	0	0	0	-1	0	2	1	1	3	5	-1	0	1	3
473	0	1	3	5	0	0	0	2	-2	0	-1	2	0	0	0	6	-3	-1	-1	2
474	1	3	4	2	0	1	2	3	0	0	3	2	1	2	2	2	2	3	6	5
475	3	1	6	2	3	1	2	1	2	1	1	2	5	1	4	3	3	1	3	3
476	0	0	1	3	3	2	5	5	0	0	0	4	0	0	3	3	3	0	4	5
477	0	4	2	3	4	4	4	4	-1	4	2	3	1	4	0	2	3	4	4	5
478	1	2	3	2	2	2	4	4	2	2	1	4	0	1	0	1	-1	0	0	0
479	2	2	3	4	4	1	5	6	3	1	4	4	2	1	2	3	1	1	2	5
480	5	2	4	5	-1	0	-2	2	3	1	4	5	2	0	3	5	2	0	3	3
481	5	3	3	5	3	3	3	2	3	3	3	4	3	3	1	6	3	3	2	5
482	0	1	1	2	1	4	4	3	1	3	4	2	3	3	2	2	0	1	0	3
483	2	3	0	4	1	3	5	3	4	5	8	6	5	4	6	6	3	3	4	5
484	4	5	6	4	3	5	3	4	2	4	5	4	0	2	0	2	4	5	4	3
485	2	3	3	4	3	3	3	2	3	2	5	2	4	2	3	3	2	1	2	1
486	2	4	5	7	2	3	2	6	2	4	3	5	3	3	1	6	0	3	2	5
487	4	2	5	6	1	2	4	6	2	3	2	5	2	3	6	7	2	0	0	3
488	2	1	4	2	3	2	6	4	3	3	4	5	7	3	7	6	0	1	3	1
489	2	5	2	3	3	6	6	5	1	5	2	4	6	8	7	4	1	5	1	3
490	3	1	5	3	2	2	3	2	-1	1	-1	1	4	2	4	2	3	2	0	0
491	2	3	4	5	-3	1	-2	2	4	3	2	3	1	1	0	2	2	4	3	5
492	1	2	4	3	3	2	6	5	2	1	5	4	2	1	8	4	6	4	8	5
493	4	3	3	3	7	4	8	7	5	4	7	5	6	4	7	6	0	1	1	0
494	0	3	0	3	-1	4	-1	0	1	3	2	5	1	3	2	5	0	4	0	0
495	0	0	0	2	0	-1	-3	1	1	0	1	2	2	0	4	2	-1	-1	-2	0
496	0	1	-4	0	2	2	4	5	2	2	3	4	1	0	0	1	0	1	3	3
497	3	1	0	4	3	4	2	6	0	3	3	5	5	4	4	7	1	2	3	4
498	-1	2	-2	0	0	3	3	3	0	3	1	1	1	4	3	3	0	3	0	1
499	1	3	1	5	3	4	4	5	2	3	2	4	0	3	0	2	1	2	1	4
500	0	1	0	3	4	3	3	7	3	2	4	4	3	4	8	6	1	2	4	3
