1	1	3	3	6
1	2	3	2	2
1	3	0	0	1
1	4	3	1	6
1	5	-1	0	1
1	6	1	0	2
1	7	0	1	0
1	8	2	0	3
1	9	3	1	6
1	10	1	0	2
1	11	2	1	2
1	12	2	2	2
1	13	3	1	3
1	14	2	0	2
1	15	1	0	1
1	16	4	1	7
1	17	2	1	1
1	18	1	0	0
1	19	0	1	-2
1	20	0	0	-2
1	21	0	1	2
1	22	3	0	3
1	23	2	0	5
1	24	2	1	4
1	25	1	0	1
1	26	0	1	4
1	27	2	0	3
1	28	0	1	1
1	29	2	1	3
1	30	1	0	1
1	31	4	3	7
1	32	2	1	4
1	33	1	1	3
1	34	0	0	1
1	35	0	1	1
1	36	-1	1	0
1	37	0	1	1
1	38	1	0	1
1	39	2	2	1
1	40	0	0	0
1	41	0	1	1
1	42	0	1	2
1	43	3	2	5
1	44	-1	1	0
1	45	-1	1	0
1	46	6	2	5
1	47	2	0	1
1	48	0	0	-1
1	49	-1	1	0
1	50	2	1	2
1	51	1	0	1
1	52	0	0	2
1	53	1	0	4
1	54	2	1	3
1	55	3	1	5
1	56	3	1	4
1	57	4	0	5
1	58	3	2	4
1	59	1	1	3
1	60	0	1	-2
2	1	0	1	2
2	2	1	2	2
2	3	2	2	4
2	4	3	3	4
2	5	4	3	6
2	6	3	3	7
2	7	3	1	3
2	8	-1	0	-1
2	9	0	2	1
2	10	0	0	2
2	11	1	2	5
2	12	2	2	5
2	13	2	3	2
2	14	0	1	1
2	15	2	2	5
2	16	0	3	2
2	17	3	3	3
2	18	1	3	2
2	19	1	2	1
2	20	0	3	2
2	21	-2	2	-1
2	22	1	3	4
2	23	1	1	1
2	24	0	2	2
2	25	0	2	6
2	26	3	1	4
2	27	3	2	4
2	28	6	4	5
2	29	2	2	1
2	30	1	2	1
2	31	2	4	5
2	32	2	2	5
2	33	2	3	6
2	34	2	2	1
2	35	5	3	6
2	36	2	1	1
2	37	4	4	6
2	38	-1	1	0
2	39	2	4	1
2	40	3	3	3
2	41	0	2	1
2	42	2	0	1
2	43	1	1	2
2	44	0	0	-1
2	45	0	4	4
2	46	1	1	2
2	47	0	1	0
2	48	2	3	4
2	49	3	3	4
2	50	5	4	5
2	51	3	2	5
2	52	2	3	3
2	53	0	1	0
2	54	1	1	0
2	55	0	2	2
2	56	3	2	5
2	57	0	1	4
2	58	-1	2	0
2	59	4	3	6
2	60	3	2	4
3	1	3	3	5
3	2	5	5	7
3	3	0	2	2
3	4	5	4	6
3	5	2	3	3
3	6	5	3	6
3	7	5	4	5
3	8	4	2	5
3	9	6	4	9
3	10	3	3	5
3	11	5	4	6
3	12	1	3	3
3	13	3	3	2
3	14	7	5	10
3	15	6	5	6
3	16	0	3	1
3	17	2	1	4
3	18	3	3	5
3	19	5	3	6
3	20	3	3	3
3	21	4	4	6
3	22	5	4	7
3	23	6	4	8
3	24	4	3	3
3	25	4	3	5
3	26	1	1	1
3	27	4	3	5
3	28	3	2	5
3	29	3	2	4
3	30	4	2	5
3	31	6	5	6
3	32	2	3	2
3	33	3	2	2
3	34	3	4	6
3	35	1	3	2
3	36	3	4	4
3	37	3	4	5
3	38	3	4	6
3	39	0	2	1
3	40	7	4	7
3	41	2	3	2
3	42	4	4	6
3	43	4	3	4
3	44	5	3	7
3	45	4	3	6
3	46	4	4	4
3	47	2	4	6
3	48	3	2	4
3	49	6	4	6
3	50	2	2	5
3	51	7	5	7
3	52	0	2	1
3	53	3	2	4
3	54	5	3	6
3	55	3	3	7
3	56	2	2	2
3	57	3	4	4
3	58	4	4	6
3	59	4	4	5
3	60	2	2	2
4	1	3	3	3
4	2	2	1	2
4	3	3	0	3
4	4	1	0	0
4	5	3	2	2
4	6	5	3	5
4	7	3	1	2
4	8	1	1	0
4	9	2	1	3
4	10	3	2	3
4	11	0	2	1
4	12	0	1	0
4	13	5	3	3
4	14	2	2	0
4	15	1	1	2
4	16	3	3	3
4	17	0	1	1
4	18	4	2	4
4	19	1	2	2
4	20	1	0	1
4	21	2	1	2
4	22	2	1	-1
4	23	1	0	0
4	24	2	2	1
4	25	4	2	4
4	26	0	0	0
4	27	1	1	1
4	28	3	2	4
4	29	1	1	3
4	30	3	1	2
4	31	5	2	4
4	32	3	3	3
4	33	4	2	2
4	34	2	2	0
4	35	2	2	3
4	36	0	0	0
4	37	1	2	3
4	38	3	2	2
4	39	4	2	3
4	40	2	3	3
4	41	6	4	6
4	42	1	2	3
4	43	3	1	5
4	44	5	3	3
4	45	1	2	0
4	46	3	2	1
4	47	5	4	6
4	48	3	2	1
4	49	2	3	5
4	50	1	1	0
4	51	4	2	1
4	52	5	2	5
4	53	0	2	3
4	54	2	0	-2
4	55	2	2	2
4	56	1	1	-2
4	57	1	2	3
4	58	4	2	5
4	59	0	0	-2
4	60	5	3	4
5	1	0	0	1
5	2	1	3	3
5	3	3	1	6
5	4	2	0	5
5	5	1	1	2
5	6	2	2	4
5	7	2	1	6
5	8	4	1	4
5	9	-1	0	0
5	10	0	0	-1
5	11	5	3	5
5	12	4	3	4
5	13	3	2	3
5	14	3	2	4
5	15	4	1	4
5	16	-2	0	-2
5	17	4	3	2
5	18	3	1	3
5	19	2	2	4
5	20	2	1	0
5	21	3	3	4
5	22	2	2	4
5	23	1	1	6
5	24	2	2	5
5	25	-1	1	0
5	26	5	3	6
5	27	2	2	6
5	28	4	2	5
5	29	2	0	3
5	30	2	2	5
5	31	4	2	8
5	32	1	2	2
5	33	0	0	0
5	34	3	1	3
5	35	0	2	1
5	36	2	1	4
5	37	5	2	5
5	38	0	1	3
5	39	2	3	4
5	40	3	0	3
5	41	0	1	2
5	42	1	1	3
5	43	2	2	5
5	44	2	1	4
5	45	2	2	6
5	46	3	2	5
5	47	2	1	3
5	48	1	1	0
5	49	5	3	6
5	50	1	0	3
5	51	0	1	4
5	52	3	3	4
5	53	4	1	5
5	54	2	1	1
5	55	0	1	1
5	56	0	0	0
5	57	2	1	4
5	58	1	1	1
5	59	1	1	4
5	60	4	2	2
6	1	5	4	3
6	2	2	3	3
6	3	4	6	6
6	4	5	5	6
6	5	3	2	3
6	6	4	5	6
6	7	5	4	3
6	8	1	2	0
6	9	4	5	4
6	10	6	5	6
6	11	4	4	4
6	12	5	4	3
6	13	6	4	7
6	14	5	5	6
6	15	1	3	4
6	16	4	3	6
6	17	5	4	8
6	18	6	4	6
6	19	3	4	3
6	20	5	3	6
6	21	5	4	8
6	22	5	4	7
6	23	3	4	4
6	24	6	6	4
6	25	5	4	8
6	26	3	5	6
6	27	7	5	8
6	28	3	5	7
6	29	4	3	4
6	30	5	3	3
6	31	7	4	5
6	32	4	2	3
6	33	4	2	2
6	34	3	3	5
6	35	9	6	9
6	36	6	4	8
6	37	6	5	6
6	38	6	4	6
6	39	3	3	4
6	40	4	4	3
6	41	4	4	5
6	42	5	2	3
6	43	5	5	5
6	44	3	3	0
6	45	6	4	9
6	46	7	4	6
6	47	5	3	2
6	48	7	3	8
6	49	9	5	12
6	50	2	3	3
6	51	7	4	5
6	52	4	4	3
6	53	6	4	5
6	54	4	4	5
6	55	6	5	8
6	56	3	4	2
6	57	5	4	7
6	58	2	3	4
6	59	3	4	5
6	60	4	3	6
7	1	0	1	4
7	2	1	2	4
7	3	0	1	2
7	4	3	3	5
7	5	0	1	0
7	6	2	2	2
7	7	1	2	5
7	8	3	2	4
7	9	1	1	4
7	10	2	3	3
7	11	2	2	3
7	12	-2	1	0
7	13	0	1	3
7	14	2	0	3
7	15	3	1	1
7	16	5	3	4
7	17	1	1	4
7	18	0	2	4
7	19	0	0	0
7	20	3	2	3
7	21	0	2	3
7	22	0	1	3
7	23	1	2	2
7	24	4	3	4
7	25	0	2	1
7	26	0	2	3
7	27	1	3	3
7	28	1	1	2
7	29	4	2	3
7	30	0	1	3
7	31	-3	0	0
7	32	2	1	2
7	33	2	2	3
7	34	0	1	4
7	35	2	2	2
7	36	1	1	2
7	37	1	2	4
7	38	0	0	0
7	39	3	1	5
7	40	4	4	5
7	41	2	2	4
7	42	2	2	3
7	43	1	1	2
7	44	-1	1	0
7	45	3	2	4
7	46	2	2	3
7	47	0	0	3
7	48	-3	1	1
7	49	2	1	4
7	50	0	2	2
7	51	0	1	2
7	52	1	1	1
7	53	1	2	8
7	54	0	2	5
7	55	2	3	6
7	56	-3	0	-2
7	57	1	1	3
7	58	1	1	4
7	59	0	0	0
7	60	3	3	8
8	1	-1	0	-3
8	2	0	0	1
8	3	1	0	4
8	4	1	0	1
8	5	0	0	0
8	6	1	0	2
8	7	1	0	0
8	8	-3	-2	0
8	9	-1	-1	-1
8	10	2	1	4
8	11	1	0	-1
8	12	0	-1	-2
8	13	0	-1	1
8	14	2	-1	2
8	15	-1	-1	0
8	16	-2	-1	0
8	17	1	0	0
8	18	3	0	3
8	19	0	0	1
8	20	0	0	0
8	21	0	-1	-3
8	22	2	0	0
8	23	0	0	2
8	24	2	0	4
8	25	1	0	-1
8	26	0	0	3
8	27	0	0	-1
8	28	0	-1	1
8	29	2	0	4
8	30	1	1	1
8	31	-1	-2	-5
8	32	1	0	0
8	33	2	0	2
8	34	-1	0	0
8	35	1	0	2
8	36	0	0	0
8	37	2	0	6
8	38	1	0	3
8	39	1	0	1
8	40	1	0	1
8	41	1	0	3
8	42	1	0	4
8	43	3	0	4
8	44	1	0	1
8	45	-1	-2	-2
8	46	1	0	0
8	47	1	0	1
8	48	1	0	1
8	49	0	0	1
8	50	1	0	3
8	51	-1	-1	-1
8	52	0	0	1
8	53	2	0	3
8	54	0	0	0
8	55	2	-1	0
8	56	-1	-1	-2
8	57	0	-1	0
8	58	-1	-2	-3
8	59	0	-1	0
8	60	0	0	-2
9	1	1	1	2
9	2	1	2	6
9	3	0	1	2
9	4	-1	0	0
9	5	1	0	-2
9	6	0	1	1
9	7	0	0	0
9	8	0	2	3
9	9	0	0	2
9	10	-2	0	0
9	11	1	1	1
9	12	2	1	4
9	13	3	2	4
9	14	0	0	1
9	15	-1	0	-1
9	16	7	2	7
9	17	2	2	1
9	18	1	1	0
9	19	1	1	3
9	20	0	0	-1
9	21	0	1	1
9	22	0	0	-2
9	23	1	1	1
9	24	1	1	3
9	25	-1	0	-1
9	26	2	1	4
9	27	1	1	4
9	28	0	0	1
9	29	1	1	1
9	30	2	2	3
9	31	3	2	4
9	32	2	2	0
9	33	0	0	1
9	34	2	0	2
9	35	1	1	6
9	36	2	1	4
9	37	1	3	3
9	38	1	0	1
9	39	2	0	5
9	40	0	1	2
9	41	0	0	1
9	42	-2	0	-2
9	43	2	2	2
9	44	-2	1	0
9	45	2	0	2
9	46	1	1	4
9	47	1	0	3
9	48	1	2	3
9	49	0	0	1
9	50	2	2	4
9	51	2	1	3
9	52	1	2	4
9	53	-1	0	-1
9	54	1	1	4
9	55	1	1	1
9	56	3	4	5
9	57	2	1	2
9	58	0	1	2
9	59	0	1	1
9	60	2	1	4
10	1	3	3	4
10	2	2	3	1
10	3	4	5	6
10	4	1	3	3
10	5	2	3	1
10	6	-2	2	-2
10	7	5	4	7
10	8	0	1	1
10	9	5	4	5
10	10	3	2	5
10	11	2	4	4
10	12	2	2	0
10	13	3	3	2
10	14	1	1	3
10	15	1	3	0
10	16	1	1	1
10	17	3	3	3
10	18	0	3	0
10	19	0	0	0
10	20	0	3	0
10	21	0	3	3
10	22	3	2	3
10	23	0	4	5
10	24	-1	2	-1
10	25	0	3	4
10	26	1	4	4
10	27	2	3	3
10	28	1	2	2
10	29	1	2	0
10	30	3	1	3
10	31	0	1	0
10	32	0	2	1
10	33	2	3	1
10	34	-1	2	-1
10	35	2	3	3
10	36	3	3	5
10	37	1	2	1
10	38	0	2	0
10	39	1	2	2
10	40	1	1	2
10	41	2	3	2
10	42	1	4	4
10	43	0	3	2
10	44	0	1	0
10	45	-2	1	-2
10	46	0	3	0
10	47	2	4	4
10	48	-2	1	0
10	49	-1	1	0
10	50	1	2	0
10	51	0	2	3
10	52	0	2	0
10	53	4	3	3
10	54	1	3	1
10	55	0	3	0
10	56	1	1	4
10	57	1	3	5
10	58	1	2	2
10	59	1	2	1
10	60	2	3	2
11	1	4	3	8
11	2	3	1	3
11	3	5	3	5
11	4	4	3	6
11	5	4	2	8
11	6	4	4	6
11	7	3	3	4
11	8	7	3	10
11	9	4	3	4
11	10	3	3	4
11	11	0	1	1
11	12	0	2	1
11	13	3	4	4
11	14	3	2	6
11	15	5	3	4
11	16	4	4	4
11	17	3	3	4
11	18	3	4	10
11	19	1	3	2
11	20	1	2	1
11	21	3	0	2
11	22	4	3	8
11	23	3	2	4
11	24	5	3	7
11	25	2	2	4
11	26	3	1	1
11	27	4	2	4
11	28	1	2	2
11	29	2	1	2
11	30	0	1	2
11	31	5	3	6
11	32	3	2	3
11	33	4	3	6
11	34	6	3	9
11	35	5	2	3
11	36	3	3	4
11	37	1	2	2
11	38	1	3	2
11	39	4	3	3
11	40	3	2	5
11	41	3	3	3
11	42	6	4	10
11	43	3	2	4
11	44	5	1	3
11	45	4	3	9
11	46	3	2	4
11	47	4	2	7
11	48	7	4	6
11	49	8	3	9
11	50	3	3	4
11	51	3	4	7
11	52	4	3	4
11	53	5	2	7
11	54	3	1	3
11	55	7	3	9
11	56	3	2	3
11	57	3	2	2
11	58	3	3	2
11	59	4	3	5
11	60	6	3	7
12	1	3	4	4
12	2	1	3	1
12	3	0	1	1
12	4	-1	3	1
12	5	3	3	1
12	6	4	5	9
12	7	-1	2	0
12	8	3	5	2
12	9	2	2	3
12	10	4	5	5
12	11	1	2	1
12	12	1	4	5
12	13	2	2	1
12	14	3	3	4
12	15	4	4	6
12	16	5	5	5
12	17	1	5	5
12	18	4	5	6
12	19	4	5	4
12	20	1	3	2
12	21	2	3	4
12	22	0	3	0
12	23	2	2	3
12	24	2	5	6
12	25	3	3	2
12	26	2	4	5
12	27	1	2	0
12	28	0	3	3
12	29	1	4	2
12	30	2	3	1
12	31	1	3	2
12	32	1	3	2
12	33	0	2	0
12	34	5	4	6
12	35	3	5	5
12	36	1	3	1
12	37	2	3	3
12	38	0	3	0
12	39	3	3	1
12	40	2	2	1
12	41	-1	1	0
12	42	0	2	2
12	43	3	3	2
12	44	5	4	4
12	45	2	3	4
12	46	2	2	0
12	47	2	5	5
12	48	2	3	3
12	49	3	4	4
12	50	2	3	2
12	51	5	5	7
12	52	1	4	0
12	53	3	3	3
12	54	-1	1	0
12	55	2	2	3
12	56	4	3	5
12	57	3	5	6
12	58	-2	1	0
12	59	2	4	3
12	60	5	4	6
13	1	0	0	4
13	2	1	0	4
13	3	3	0	2
13	4	2	1	3
13	5	3	1	3
13	6	5	1	5
13	7	3	1	2
13	8	3	0	5
13	9	6	3	7
13	10	1	1	3
13	11	3	1	3
13	12	0	0	0
13	13	2	1	3
13	14	1	1	3
13	15	0	0	0
13	16	1	0	1
13	17	2	0	1
13	18	0	1	2
13	19	0	1	2
13	20	6	2	6
13	21	3	1	4
13	22	2	0	1
13	23	0	0	0
13	24	2	1	4
13	25	1	0	2
13	26	2	0	-1
13	27	3	0	0
13	28	7	2	6
13	29	2	0	0
13	30	0	1	1
13	31	2	0	1
13	32	0	1	1
13	33	2	1	4
13	34	1	2	1
13	35	2	1	4
13	36	0	0	1
13	37	1	0	2
13	38	3	0	2
13	39	0	0	-2
13	40	5	1	5
13	41	5	1	6
13	42	4	3	6
13	43	2	1	4
13	44	3	-1	4
13	45	2	1	3
13	46	1	1	3
13	47	-1	0	2
13	48	1	0	0
13	49	4	0	1
13	50	0	1	3
13	51	2	1	2
13	52	-2	0	-2
13	53	0	0	0
13	54	0	1	0
13	55	3	1	3
13	56	3	0	3
13	57	0	0	1
13	58	2	1	3
13	59	3	2	0
13	60	1	1	3
14	1	3	4	6
14	2	0	2	3
14	3	2	2	5
14	4	0	1	3
14	5	2	4	7
14	6	0	2	5
14	7	0	2	3
14	8	1	4	6
14	9	1	2	3
14	10	4	4	8
14	11	0	3	6
14	12	0	1	3
14	13	0	2	4
14	14	0	1	5
14	15	2	2	4
14	16	0	1	3
14	17	4	3	6
14	18	0	1	1
14	19	0	1	5
14	20	2	2	3
14	21	0	0	6
14	22	0	2	2
14	23	2	3	6
14	24	0	2	3
14	25	-4	1	0
14	26	5	3	8
14	27	1	2	7
14	28	5	5	9
14	29	1	3	4
14	30	1	2	3
14	31	7	4	9
14	32	6	4	10
14	33	-2	1	4
14	34	1	2	4
14	35	1	2	2
14	36	2	2	6
14	37	1	2	5
14	38	-1	2	3
14	39	2	2	3
14	40	2	3	7
14	41	3	1	4
14	42	0	1	7
14	43	3	5	9
14	44	0	3	6
14	45	-1	1	3
14	46	3	3	4
14	47	4	2	7
14	48	2	4	7
14	49	0	2	3
14	50	2	3	6
14	51	-1	0	3
14	52	2	2	4
14	53	0	2	1
14	54	0	1	7
14	55	2	3	6
14	56	-1	2	3
14	57	2	3	4
14	58	1	3	7
14	59	1	4	4
14	60	5	3	8
15	1	0	2	0
15	2	1	3	2
15	3	0	2	1
15	4	1	2	2
15	5	1	2	4
15	6	-1	2	0
15	7	0	2	-2
15	8	-1	1	2
15	9	2	2	4
15	10	0	2	1
15	11	0	3	4
15	12	-2	3	0
15	13	0	2	3
15	14	0	1	0
15	15	1	4	4
15	16	0	2	3
15	17	-1	1	0
15	18	0	2	2
15	19	1	4	2
15	20	1	2	3
15	21	4	3	3
15	22	-1	1	1
15	23	2	3	5
15	24	1	2	2
15	25	0	2	1
15	26	-1	1	0
15	27	0	1	1
15	28	0	3	2
15	29	1	2	3
15	30	2	4	5
15	31	1	1	2
15	32	-2	1	2
15	33	0	1	0
15	34	0	0	0
15	35	1	2	2
15	36	0	2	2
15	37	0	2	5
15	38	0	1	0
15	39	0	2	0
15	40	0	1	0
15	41	3	3	3
15	42	0	1	2
15	43	2	1	2
15	44	0	1	-1
15	45	0	3	2
15	46	-1	0	0
15	47	-1	0	-2
15	48	4	2	5
15	49	0	1	1
15	50	0	2	0
15	51	3	3	5
15	52	-2	0	-2
15	53	1	3	2
15	54	1	2	3
15	55	0	3	2
15	56	1	2	2
15	57	0	3	1
15	58	1	2	4
15	59	0	2	1
15	60	0	1	-1
16	1	6	5	7
16	2	7	4	7
16	3	2	3	4
16	4	2	2	4
16	5	3	5	7
16	6	3	4	4
16	7	3	4	4
16	8	4	4	6
16	9	1	3	3
16	10	3	4	5
16	11	3	3	3
16	12	5	5	8
16	13	8	6	10
16	14	2	3	4
16	15	6	5	6
16	16	4	6	3
16	17	3	4	5
16	18	4	4	5
16	19	5	5	11
16	20	0	3	2
16	21	3	4	1
16	22	2	3	2
16	23	7	4	7
16	24	3	4	6
16	25	1	5	4
16	26	8	7	12
16	27	3	4	6
16	28	2	4	3
16	29	5	5	7
16	30	4	2	2
16	31	5	4	6
16	32	4	3	5
16	33	5	4	4
16	34	4	2	3
16	35	2	4	1
16	36	4	3	2
16	37	3	3	4
16	38	6	6	8
16	39	6	6	9
16	40	4	4	4
16	41	3	2	5
16	42	3	4	6
16	43	3	4	5
16	44	4	4	6
16	45	4	4	4
16	46	2	3	3
16	47	3	2	4
16	48	5	4	8
16	49	2	4	3
16	50	6	4	6
16	51	3	4	5
16	52	3	4	5
16	53	4	5	7
16	54	4	3	5
16	55	6	6	8
16	56	3	4	6
16	57	4	5	4
16	58	5	4	9
16	59	2	3	3
16	60	3	3	4
17	1	3	3	3
17	2	1	1	3
17	3	1	2	3
17	4	2	3	4
17	5	1	3	3
17	6	0	1	0
17	7	1	4	5
17	8	3	3	5
17	9	1	2	2
17	10	6	4	8
17	11	3	3	5
17	12	3	3	5
17	13	1	3	1
17	14	4	2	3
17	15	3	3	5
17	16	4	3	5
17	17	3	2	2
17	18	3	3	6
17	19	1	2	2
17	20	0	1	2
17	21	3	3	4
17	22	1	2	1
17	23	3	3	4
17	24	3	3	2
17	25	4	2	5
17	26	3	3	5
17	27	1	2	0
17	28	1	2	1
17	29	4	2	7
17	30	0	1	-1
17	31	3	3	2
17	32	5	5	6
17	33	6	5	7
17	34	3	3	5
17	35	1	2	2
17	36	4	2	3
17	37	2	2	3
17	38	4	4	6
17	39	1	2	4
17	40	2	3	4
17	41	4	4	6
17	42	0	2	2
17	43	5	3	6
17	44	0	2	2
17	45	2	2	4
17	46	4	3	6
17	47	0	1	2
17	48	5	3	8
17	49	2	2	4
17	50	3	3	4
17	51	3	3	4
17	52	2	3	4
17	53	4	3	2
17	54	1	2	2
17	55	3	2	4
17	56	2	3	7
17	57	-1	1	0
17	58	-1	2	2
17	59	1	2	2
17	60	2	2	2
18	1	0	0	3
18	2	-1	-1	-1
18	3	-2	-1	-2
18	4	-1	-1	0
18	5	-1	0	-2
18	6	0	1	1
18	7	-2	0	-2
18	8	1	1	0
18	9	1	0	0
18	10	0	1	0
18	11	-1	0	-2
18	12	2	2	4
18	13	0	0	0
18	14	-3	0	-3
18	15	0	0	0
18	16	-4	-1	-1
18	17	0	0	-2
18	18	0	0	0
18	19	0	1	1
18	20	-1	0	2
18	21	-1	0	-2
18	22	1	0	1
18	23	1	0	2
18	24	-1	0	-2
18	25	-1	-1	-1
18	26	0	0	1
18	27	0	0	0
18	28	0	1	2
18	29	1	1	3
18	30	0	0	1
18	31	1	1	0
18	32	0	0	2
18	33	0	0	0
18	34	0	0	1
18	35	1	0	2
18	36	-1	0	-2
18	37	-2	-2	-1
18	38	0	0	0
18	39	-1	0	0
18	40	0	0	2
18	41	0	0	2
18	42	3	0	0
18	43	-1	0	-1
18	44	-3	0	0
18	45	1	0	0
18	46	0	0	2
18	47	0	0	0
18	48	1	0	3
18	49	0	0	0
18	50	0	1	1
18	51	0	1	2
18	52	1	1	2
18	53	0	0	1
18	54	-2	0	1
18	55	0	0	0
18	56	0	1	0
18	57	1	0	0
18	58	1	1	2
18	59	0	-1	0
18	60	-1	0	0
19	1	4	3	0
19	2	2	1	4
19	3	4	1	3
19	4	0	0	3
19	5	1	0	0
19	6	4	2	5
19	7	2	1	4
19	8	1	1	2
19	9	1	0	1
19	10	5	2	4
19	11	5	3	5
19	12	7	2	6
19	13	2	3	3
19	14	3	2	4
19	15	4	2	4
19	16	2	2	4
19	17	2	1	6
19	18	2	1	3
19	19	3	2	5
19	20	5	2	4
19	21	3	1	3
19	22	3	2	2
19	23	2	1	2
19	24	4	2	7
19	25	4	2	3
19	26	6	1	5
19	27	1	1	1
19	28	4	3	5
19	29	1	1	5
19	30	3	1	1
19	31	3	4	8
19	32	2	2	2
19	33	3	3	5
19	34	2	2	4
19	35	2	2	5
19	36	5	3	6
19	37	1	1	5
19	38	0	1	-1
19	39	3	3	5
19	40	4	3	4
19	41	3	2	3
19	42	0	2	0
19	43	7	3	7
19	44	7	4	10
19	45	2	1	2
19	46	4	2	6
19	47	5	1	6
19	48	1	1	4
19	49	1	1	2
19	50	1	2	1
19	51	2	0	4
19	52	2	2	3
19	53	1	1	4
19	54	3	2	3
19	55	4	2	2
19	56	0	0	0
19	57	5	2	4
19	58	0	1	1
19	59	3	1	5
19	60	4	2	3
20	1	2	0	1
20	2	4	1	4
20	3	1	0	2
20	4	1	0	1
20	5	0	0	0
20	6	0	0	1
20	7	0	1	0
20	8	3	0	1
20	9	1	0	0
20	10	4	0	1
20	11	2	1	2
20	12	0	0	0
20	13	2	-1	3
20	14	6	1	5
20	15	4	0	5
20	16	6	3	7
20	17	3	1	2
20	18	0	0	0
20	19	0	0	0
20	20	2	0	2
20	21	5	1	6
20	22	1	1	1
20	23	3	2	7
20	24	3	1	3
20	25	2	0	0
20	26	1	1	0
20	27	4	1	3
20	28	3	1	4
20	29	4	1	3
20	30	3	0	4
20	31	2	0	0
20	32	0	1	0
20	33	5	1	7
20	34	2	1	0
20	35	1	0	0
20	36	7	1	3
20	37	1	0	0
20	38	5	0	0
20	39	1	0	1
20	40	2	2	3
20	41	2	1	3
20	42	2	2	1
20	43	4	0	5
20	44	5	2	4
20	45	4	1	2
20	46	0	0	-1
20	47	2	0	1
20	48	2	1	2
20	49	3	1	2
20	50	0	-1	1
20	51	1	0	2
20	52	0	0	1
20	53	4	1	4
20	54	5	1	4
20	55	5	1	0
20	56	-1	1	1
20	57	4	1	2
20	58	4	1	6
20	59	2	1	2
20	60	0	2	1
21	1	-1	1	0
21	2	-1	1	0
21	3	1	1	3
21	4	-1	1	1
21	5	4	1	2
21	6	1	3	5
21	7	0	2	1
21	8	1	2	4
21	9	-2	2	0
21	10	2	0	1
21	11	0	2	3
21	12	1	1	2
21	13	-2	0	-1
21	14	3	2	2
21	15	1	1	2
21	16	0	2	0
21	17	1	1	0
21	18	0	1	0
21	19	2	1	2
21	20	0	2	3
21	21	0	0	1
21	22	3	2	3
21	23	2	1	2
21	24	1	2	3
21	25	0	0	-1
21	26	3	1	4
21	27	1	1	1
21	28	1	2	4
21	29	0	2	0
21	30	0	0	0
21	31	1	3	4
21	32	-1	0	0
21	33	1	1	3
21	34	1	0	1
21	35	-3	0	-3
21	36	1	1	0
21	37	-2	0	-4
21	38	0	2	0
21	39	0	3	1
21	40	-1	0	1
21	41	1	1	2
21	42	1	2	4
21	43	-1	1	0
21	44	1	2	2
21	45	0	1	2
21	46	-3	0	0
21	47	0	0	-2
21	48	-4	0	-1
21	49	0	3	0
21	50	-1	2	-1
21	51	2	2	2
21	52	1	0	0
21	53	1	3	1
21	54	1	2	2
21	55	0	0	2
21	56	1	1	3
21	57	0	1	2
21	58	0	2	3
21	59	0	1	4
21	60	0	2	2
22	1	0	2	0
22	2	3	2	3
22	3	0	1	3
22	4	0	2	3
22	5	0	1	6
22	6	0	0	3
22	7	0	1	3
22	8	1	1	3
22	9	1	0	4
22	10	0	1	2
22	11	0	0	0
22	12	-2	1	0
22	13	-1	0	2
22	14	0	0	0
22	15	-3	0	-1
22	16	-3	1	0
22	17	2	2	3
22	18	-2	1	3
22	19	-2	0	-1
22	20	0	0	2
22	21	2	3	3
22	22	1	1	3
22	23	1	0	2
22	24	1	1	4
22	25	-3	0	1
22	26	0	2	5
22	27	-2	0	0
22	28	0	1	1
22	29	5	2	6
22	30	1	2	4
22	31	0	1	1
22	32	0	1	0
22	33	0	1	1
22	34	3	3	7
22	35	-1	1	0
22	36	0	0	2
22	37	1	1	4
22	38	2	2	5
22	39	1	1	5
22	40	0	0	1
22	41	0	1	2
22	42	-1	1	1
22	43	0	0	1
22	44	0	0	3
22	45	2	1	4
22	46	4	1	7
22	47	1	1	6
22	48	-1	0	1
22	49	2	2	3
22	50	0	0	5
22	51	0	0	1
22	52	-2	0	0
22	53	1	2	2
22	54	1	1	5
22	55	0	0	0
22	56	0	2	2
22	57	0	1	2
22	58	0	1	5
22	59	0	0	3
22	60	-1	0	3
23	1	2	1	0
23	2	0	0	1
23	3	1	1	0
23	4	0	0	0
23	5	1	1	3
23	6	4	1	0
23	7	5	2	5
23	8	0	-1	-3
23	9	0	1	0
23	10	2	2	2
23	11	3	3	6
23	12	0	1	1
23	13	1	0	0
23	14	0	0	0
23	15	1	1	3
23	16	2	2	4
23	17	1	1	1
23	18	3	1	3
23	19	2	2	2
23	20	3	0	2
23	21	3	0	3
23	22	1	1	3
23	23	2	0	0
23	24	4	1	2
23	25	1	1	1
23	26	4	1	4
23	27	0	0	2
23	28	1	2	3
23	29	0	-2	0
23	30	1	1	0
23	31	1	0	3
23	32	1	0	1
23	33	0	0	0
23	34	1	1	3
23	35	2	1	3
23	36	-2	0	-3
23	37	1	2	0
23	38	0	0	-1
23	39	-1	0	0
23	40	2	1	3
23	41	0	0	0
23	42	3	1	3
23	43	1	1	-1
23	44	1	1	5
23	45	0	1	0
23	46	0	0	-2
23	47	2	2	4
23	48	2	0	3
23	49	0	0	1
23	50	1	1	2
23	51	3	2	3
23	52	2	0	1
23	53	-1	0	0
23	54	0	0	-1
23	55	0	0	0
23	56	1	1	4
23	57	2	0	2
23	58	1	0	0
23	59	2	2	2
23	60	2	0	0
24	1	0	0	3
24	2	3	2	7
24	3	-3	0	0
24	4	0	0	4
24	5	0	1	3
24	6	0	2	4
24	7	0	0	1
24	8	1	2	1
24	9	3	3	7
24	10	1	3	5
24	11	-2	0	-1
24	12	0	2	1
24	13	-1	1	2
24	14	-1	0	0
24	15	1	1	2
24	16	0	2	3
24	17	-1	1	3
24	18	4	1	7
24	19	-2	0	-1
24	20	2	0	3
24	21	1	1	2
24	22	2	2	4
24	23	-1	2	2
24	24	1	0	3
24	25	-3	0	1
24	26	0	0	0
24	27	4	2	8
24	28	2	2	4
24	29	3	3	6
24	30	2	2	2
24	31	1	2	8
24	32	0	2	4
24	33	0	2	3
24	34	0	1	2
24	35	0	0	1
24	36	-1	-1	0
24	37	1	0	3
24	38	1	3	4
24	39	2	1	6
24	40	0	2	2
24	41	0	1	2
24	42	5	3	8
24	43	0	2	2
24	44	3	2	6
24	45	0	2	2
24	46	0	1	3
24	47	1	1	5
24	48	5	2	6
24	49	0	1	4
24	50	1	2	4
24	51	0	0	-1
24	52	-1	0	1
24	53	1	0	1
24	54	1	2	5
24	55	0	1	3
24	56	0	1	2
24	57	3	2	4
24	58	5	2	5
24	59	0	0	0
24	60	1	3	1
25	1	-2	2	-1
25	2	0	3	-1
25	3	0	4	3
25	4	2	4	3
25	5	3	5	4
25	6	0	2	0
25	7	-1	2	-2
25	8	0	2	-1
25	9	1	3	3
25	10	0	4	2
25	11	-3	1	-1
25	12	0	4	2
25	13	2	3	4
25	14	2	3	1
25	15	0	3	0
25	16	-2	1	-1
25	17	0	3	0
25	18	2	3	3
25	19	0	4	3
25	20	-1	2	-1
25	21	1	4	4
25	22	0	4	2
25	23	1	4	1
25	24	0	3	0
25	25	0	2	1
25	26	0	4	0
25	27	3	4	2
25	28	3	5	1
25	29	0	4	2
25	30	3	4	4
25	31	-1	3	0
25	32	3	2	2
25	33	0	2	0
25	34	0	3	1
25	35	2	4	2
25	36	2	4	4
25	37	2	4	2
25	38	-1	4	1
25	39	-1	4	0
25	40	2	3	5
25	41	1	4	2
25	42	1	4	3
25	43	0	3	1
25	44	3	5	4
25	45	0	3	0
25	46	2	3	3
25	47	-1	3	0
25	48	-2	1	-5
25	49	-1	3	0
25	50	0	3	2
25	51	0	3	2
25	52	-1	1	-2
25	53	0	3	0
25	54	3	4	2
25	55	1	3	2
25	56	0	5	2
25	57	0	2	0
25	58	0	4	1
25	59	1	4	0
25	60	1	3	3
26	1	2	0	1
26	2	1	1	-2
26	3	-5	-3	-7
26	4	2	0	3
26	5	1	2	4
26	6	-1	-1	-5
26	7	0	0	2
26	8	2	0	1
26	9	1	1	1
26	10	2	2	2
26	11	-1	0	-2
26	12	4	2	3
26	13	0	0	-2
26	14	1	0	3
26	15	0	0	1
26	16	0	0	-2
26	17	0	0	-1
26	18	-1	-1	0
26	19	2	1	4
26	20	0	0	-1
26	21	0	0	2
26	22	0	0	0
26	23	0	0	-1
26	24	-1	-1	-1
26	25	0	0	0
26	26	-1	-2	-6
26	27	0	0	-4
26	28	-1	0	-1
26	29	0	0	-5
26	30	2	0	0
26	31	2	0	1
26	32	-1	0	-3
26	33	1	0	0
26	34	0	0	3
26	35	0	0	-2
26	36	0	0	0
26	37	0	0	2
26	38	0	0	-1
26	39	0	0	0
26	40	3	0	1
26	41	-2	0	-1
26	42	0	0	0
26	43	0	0	0
26	44	3	2	3
26	45	0	1	1
26	46	0	0	0
26	47	0	-1	-1
26	48	0	-1	0
26	49	1	1	0
26	50	2	-1	2
26	51	0	0	-1
26	52	2	0	0
26	53	0	1	0
26	54	-1	0	-2
26	55	1	0	0
26	56	1	1	3
26	57	2	1	0
26	58	1	0	0
26	59	0	0	-2
26	60	2	0	1
27	1	0	2	2
27	2	1	2	0
27	3	2	3	3
27	4	3	4	5
27	5	5	6	10
27	6	0	4	2
27	7	2	3	4
27	8	4	3	8
27	9	5	4	5
27	10	4	4	2
27	11	1	4	2
27	12	1	3	5
27	13	7	4	7
27	14	1	4	5
27	15	0	1	2
27	16	5	4	6
27	17	2	3	4
27	18	1	3	3
27	19	3	3	7
27	20	4	2	3
27	21	2	3	5
27	22	1	3	4
27	23	2	3	3
27	24	2	2	3
27	25	2	3	5
27	26	3	5	6
27	27	2	4	4
27	28	3	4	5
27	29	0	2	2
27	30	3	3	3
27	31	3	3	6
27	32	1	3	1
27	33	4	4	6
27	34	2	3	4
27	35	0	4	2
27	36	4	3	4
27	37	3	3	4
27	38	2	3	3
27	39	3	3	4
27	40	0	2	1
27	41	0	3	1
27	42	2	3	2
27	43	1	3	5
27	44	4	4	7
27	45	5	5	8
27	46	2	4	5
27	47	2	3	7
27	48	3	3	7
27	49	1	4	3
27	50	0	2	0
27	51	2	3	5
27	52	3	2	2
27	53	3	4	5
27	54	2	3	2
27	55	1	4	3
27	56	2	2	2
27	57	2	3	5
27	58	5	4	5
27	59	4	3	6
27	60	2	5	3
28	1	0	1	1
28	2	3	3	5
28	3	2	2	4
28	4	0	1	3
28	5	2	3	6
28	6	2	3	5
28	7	0	2	0
28	8	4	3	5
28	9	0	2	5
28	10	3	3	5
28	11	2	1	2
28	12	0	2	3
28	13	0	1	-1
28	14	0	1	0
28	15	1	1	2
28	16	2	3	1
28	17	-1	0	0
28	18	1	4	5
28	19	3	3	6
28	20	-1	1	2
28	21	1	3	4
28	22	0	1	2
28	23	0	3	2
28	24	2	3	5
28	25	2	4	3
28	26	0	1	3
28	27	1	1	3
28	28	0	2	0
28	29	1	2	4
28	30	-1	2	1
28	31	-2	0	0
28	32	2	5	8
28	33	5	5	6
28	34	1	2	2
28	35	1	4	5
28	36	0	2	3
28	37	2	5	5
28	38	1	2	4
28	39	2	2	4
28	40	-1	0	-1
28	41	4	3	5
28	42	1	1	2
28	43	-2	2	0
28	44	1	2	4
28	45	0	2	2
28	46	2	4	5
28	47	0	0	0
28	48	0	3	1
28	49	3	3	5
28	50	5	3	5
28	51	4	2	4
28	52	2	4	6
28	53	1	3	3
28	54	1	2	1
28	55	3	2	3
28	56	1	3	6
28	57	6	4	6
28	58	-2	1	0
28	59	1	2	3
28	60	2	4	5
29	1	-1	0	0
29	2	-1	0	-1
29	3	0	2	3
29	4	-2	0	2
29	5	1	0	3
29	6	2	0	2
29	7	3	1	6
29	8	-1	0	-2
29	9	1	1	4
29	10	-1	0	0
29	11	0	-1	0
29	12	4	0	4
29	13	3	1	3
29	14	0	0	0
29	15	1	0	1
29	16	1	-1	1
29	17	-1	0	1
29	18	1	0	0
29	19	0	0	2
29	20	0	0	3
29	21	3	1	4
29	22	0	0	-1
29	23	1	0	2
29	24	3	1	7
29	25	0	0	0
29	26	-4	0	-3
29	27	1	0	3
29	28	-1	0	0
29	29	-1	0	0
29	30	1	0	4
29	31	3	2	5
29	32	-1	0	0
29	33	3	0	3
29	34	1	0	0
29	35	1	-2	0
29	36	4	0	3
29	37	2	1	0
29	38	0	-2	0
29	39	-1	0	0
29	40	3	0	5
29	41	-2	-1	-5
29	42	2	0	4
29	43	-1	0	-2
29	44	0	0	0
29	45	0	0	0
29	46	3	1	4
29	47	0	1	1
29	48	0	0	1
29	49	1	0	2
29	50	-1	-1	0
29	51	0	0	0
29	52	2	1	4
29	53	1	1	4
29	54	0	-1	0
29	55	0	0	1
29	56	0	-1	-1
29	57	0	0	1
29	58	3	0	4
29	59	0	-1	-5
29	60	-2	0	-3
30	1	4	5	6
30	2	2	1	0
30	3	3	3	7
30	4	4	4	3
30	5	2	4	6
30	6	5	3	5
30	7	2	3	5
30	8	0	2	0
30	9	3	3	2
30	10	6	5	10
30	11	4	4	5
30	12	1	4	5
30	13	2	3	5
30	14	2	3	3
30	15	6	5	10
30	16	2	3	3
30	17	4	2	3
30	18	3	4	5
30	19	2	3	4
30	20	7	5	9
30	21	0	1	3
30	22	8	5	7
30	23	3	3	1
30	24	6	5	7
30	25	-1	3	1
30	26	4	4	8
30	27	3	3	6
30	28	2	2	3
30	29	3	2	2
30	30	3	4	4
30	31	4	3	6
30	32	0	3	5
30	33	3	4	5
30	34	7	5	6
30	35	0	3	2
30	36	2	4	5
30	37	5	4	2
30	38	3	2	1
30	39	2	3	2
30	40	4	2	5
30	41	3	2	6
30	42	5	4	5
30	43	2	2	3
30	44	3	2	1
30	45	4	3	6
30	46	0	3	2
30	47	4	2	6
30	48	4	5	11
30	49	3	2	4
30	50	4	4	7
30	51	1	2	4
30	52	5	4	7
30	53	3	5	5
30	54	0	1	1
30	55	0	2	1
30	56	2	3	3
30	57	5	3	3
30	58	3	2	3
30	59	5	4	6
30	60	2	3	1
31	1	1	4	2
31	2	3	5	2
31	3	0	2	2
31	4	5	5	3
31	5	3	4	4
31	6	1	3	2
31	7	0	2	0
31	8	1	3	0
31	9	4	6	5
31	10	1	3	0
31	11	0	3	0
31	12	4	5	3
31	13	3	4	3
31	14	3	6	4
31	15	0	3	3
31	16	4	5	5
31	17	0	2	0
31	18	1	5	3
31	19	3	4	3
31	20	2	5	5
31	21	1	3	4
31	22	3	6	6
31	23	4	5	7
31	24	1	5	3
31	25	1	3	2
31	26	0	4	2
31	27	3	4	2
31	28	2	3	2
31	29	6	5	7
31	30	0	3	0
31	31	0	2	0
31	32	2	3	1
31	33	3	4	3
31	34	3	4	4
31	35	0	3	4
31	36	2	4	4
31	37	2	3	2
31	38	3	5	8
31	39	4	5	4
31	40	3	3	2
31	41	3	5	4
31	42	3	4	5
31	43	0	2	1
31	44	2	3	1
31	45	2	5	2
31	46	2	3	3
31	47	2	5	2
31	48	0	4	3
31	49	3	1	2
31	50	0	2	0
31	51	0	3	2
31	52	2	3	3
31	53	3	3	5
31	54	4	5	7
31	55	2	4	2
31	56	1	4	3
31	57	3	5	2
31	58	4	4	3
31	59	1	5	2
31	60	3	3	2
32	1	3	2	4
32	2	0	1	0
32	3	4	3	4
32	4	2	2	3
32	5	4	3	1
32	6	0	2	5
32	7	3	3	3
32	8	1	1	5
32	9	-1	0	-1
32	10	0	1	0
32	11	3	2	3
32	12	1	1	4
32	13	0	2	3
32	14	1	2	1
32	15	1	3	1
32	16	0	1	0
32	17	3	3	4
32	18	0	2	0
32	19	1	2	1
32	20	1	2	0
32	21	0	1	1
32	22	0	3	0
32	23	2	3	4
32	24	1	2	2
32	25	2	2	2
32	26	-1	0	0
32	27	0	0	1
32	28	1	3	1
32	29	0	1	1
32	30	1	0	3
32	31	3	3	4
32	32	2	2	1
32	33	2	2	0
32	34	1	2	3
32	35	2	4	2
32	36	1	3	2
32	37	1	0	3
32	38	2	2	4
32	39	2	2	4
32	40	2	3	3
32	41	1	1	3
32	42	2	2	3
32	43	3	3	4
32	44	2	2	4
32	45	2	1	3
32	46	0	1	2
32	47	2	1	3
32	48	1	2	3
32	49	1	2	4
32	50	1	3	3
32	51	2	3	4
32	52	1	1	2
32	53	0	2	-1
32	54	0	3	4
32	55	4	3	6
32	56	0	1	2
32	57	2	0	2
32	58	1	3	4
32	59	0	1	1
32	60	2	3	5
33	1	3	2	4
33	2	1	3	2
33	3	3	4	6
33	4	4	4	7
33	5	3	2	5
33	6	4	3	5
33	7	1	2	2
33	8	1	3	0
33	9	3	4	4
33	10	4	5	3
33	11	1	2	4
33	12	0	2	3
33	13	0	2	2
33	14	2	5	5
33	15	0	0	0
33	16	3	2	4
33	17	4	4	3
33	18	0	3	4
33	19	2	2	2
33	20	0	2	0
33	21	4	4	6
33	22	0	1	1
33	23	0	1	-1
33	24	1	3	3
33	25	4	3	3
33	26	0	3	3
33	27	1	4	2
33	28	3	3	3
33	29	0	1	0
33	30	2	3	5
33	31	2	2	5
33	32	5	4	5
33	33	4	3	4
33	34	4	3	6
33	35	3	3	3
33	36	2	6	4
33	37	1	1	0
33	38	3	1	0
33	39	2	2	5
33	40	3	3	5
33	41	3	5	4
33	42	3	3	7
33	43	1	2	2
33	44	3	2	1
33	45	3	4	5
33	46	1	3	5
33	47	3	3	3
33	48	1	3	6
33	49	5	2	5
33	50	2	2	4
33	51	3	3	4
33	52	0	2	1
33	53	3	3	1
33	54	1	2	3
33	55	0	1	3
33	56	2	3	4
33	57	2	3	4
33	58	3	3	1
33	59	4	4	6
33	60	3	3	5
34	1	4	3	6
34	2	3	3	3
34	3	3	3	4
34	4	3	3	6
34	5	3	3	3
34	6	0	1	0
34	7	3	2	1
34	8	3	3	7
34	9	0	2	3
34	10	4	3	6
34	11	4	2	1
34	12	3	3	2
34	13	4	2	0
34	14	4	3	5
34	15	2	1	5
34	16	6	4	5
34	17	2	2	4
34	18	3	1	3
34	19	4	3	5
34	20	4	3	4
34	21	7	4	7
34	22	2	1	4
34	23	4	2	3
34	24	2	2	7
34	25	4	4	7
34	26	2	2	3
34	27	3	3	3
34	28	0	1	3
34	29	1	2	2
34	30	6	3	6
34	31	2	1	2
34	32	4	2	4
34	33	2	2	3
34	34	6	3	7
34	35	4	3	4
34	36	2	2	5
34	37	4	4	5
34	38	0	1	0
34	39	3	2	0
34	40	5	3	6
34	41	3	3	4
34	42	6	3	6
34	43	3	3	3
34	44	0	0	0
34	45	0	2	1
34	46	3	2	5
34	47	4	4	6
34	48	4	2	4
34	49	3	5	3
34	50	2	1	4
34	51	2	1	2
34	52	1	3	2
34	53	5	5	4
34	54	3	4	6
34	55	4	3	4
34	56	4	4	4
34	57	2	3	1
34	58	5	4	5
34	59	4	2	3
34	60	1	1	3
35	1	0	1	3
35	2	3	0	2
35	3	3	1	3
35	4	3	0	3
35	5	0	1	2
35	6	0	0	0
35	7	5	1	6
35	8	1	1	2
35	9	3	1	4
35	10	1	0	1
35	11	0	0	2
35	12	1	1	2
35	13	0	0	1
35	14	-1	-1	1
35	15	3	2	3
35	16	5	2	4
35	17	1	1	3
35	18	4	2	5
35	19	0	1	2
35	20	3	2	1
35	21	2	0	4
35	22	1	0	2
35	23	1	0	3
35	24	2	1	1
35	25	3	0	3
35	26	4	1	4
35	27	3	1	4
35	28	1	0	1
35	29	0	0	1
35	30	2	0	5
35	31	1	1	3
35	32	2	1	3
35	33	5	1	6
35	34	2	0	2
35	35	3	2	7
35	36	1	0	2
35	37	3	1	2
35	38	1	1	3
35	39	3	0	3
35	40	2	2	5
35	41	1	2	4
35	42	1	1	2
35	43	-1	0	0
35	44	4	0	3
35	45	3	2	4
35	46	2	1	4
35	47	4	2	5
35	48	2	1	4
35	49	4	2	5
35	50	4	2	5
35	51	0	0	1
35	52	2	1	2
35	53	4	2	8
35	54	2	0	3
35	55	1	0	6
35	56	2	0	3
35	57	4	1	4
35	58	4	1	3
35	59	1	1	3
35	60	1	0	4
36	1	3	4	4
36	2	2	3	2
36	3	3	4	4
36	4	3	5	4
36	5	1	4	2
36	6	6	6	3
36	7	5	7	8
36	8	6	5	6
36	9	3	5	2
36	10	0	2	1
36	11	4	4	3
36	12	3	5	7
36	13	3	4	4
36	14	2	3	1
36	15	0	4	1
36	16	3	4	4
36	17	4	5	5
36	18	5	5	5
36	19	5	4	4
36	20	1	4	0
36	21	0	2	1
36	22	1	3	0
36	23	4	4	4
36	24	3	5	6
36	25	2	4	5
36	26	0	4	4
36	27	5	5	7
36	28	2	4	3
36	29	7	5	5
36	30	4	4	5
36	31	4	5	5
36	32	3	3	6
36	33	2	3	6
36	34	1	3	0
36	35	1	3	1
36	36	3	4	4
36	37	0	6	4
36	38	1	3	5
36	39	3	3	4
36	40	3	3	4
36	41	2	4	1
36	42	1	4	4
36	43	2	2	0
36	44	3	4	6
36	45	3	4	4
36	46	2	2	1
36	47	2	4	0
36	48	2	4	2
36	49	2	2	3
36	50	1	3	1
36	51	3	2	0
36	52	4	5	5
36	53	3	4	0
36	54	0	3	3
36	55	5	4	7
36	56	4	5	5
36	57	4	4	3
36	58	3	4	5
36	59	1	4	3
36	60	3	4	4
37	1	2	0	6
37	2	4	2	6
37	3	6	3	8
37	4	1	2	3
37	5	1	0	3
37	6	3	0	5
37	7	5	4	10
37	8	2	0	4
37	9	6	3	6
37	10	1	0	4
37	11	1	1	4
37	12	2	1	3
37	13	3	2	2
37	14	5	3	6
37	15	4	1	4
37	16	3	0	6
37	17	6	2	6
37	18	5	3	7
37	19	3	0	7
37	20	0	1	2
37	21	1	0	2
37	22	0	0	1
37	23	0	0	-2
37	24	5	3	10
37	25	2	1	2
37	26	2	1	4
37	27	4	4	5
37	28	2	1	4
37	29	1	1	4
37	30	3	2	4
37	31	2	2	4
37	32	3	1	0
37	33	5	2	7
37	34	4	1	4
37	35	4	0	3
37	36	1	1	2
37	37	5	2	4
37	38	5	2	6
37	39	6	3	4
37	40	3	2	5
37	41	2	1	1
37	42	3	0	4
37	43	4	1	3
37	44	2	0	3
37	45	4	3	7
37	46	4	1	1
37	47	0	0	0
37	48	0	0	0
37	49	3	0	5
37	50	4	1	3
37	51	0	0	0
37	52	1	0	2
37	53	4	1	4
37	54	3	1	7
37	55	1	0	1
37	56	1	0	1
37	57	0	1	2
37	58	3	3	4
37	59	6	2	4
37	60	2	0	2
38	1	-1	2	2
38	2	1	1	3
38	3	2	4	1
38	4	1	4	2
38	5	5	3	5
38	6	2	2	2
38	7	0	4	1
38	8	1	1	2
38	9	0	3	-1
38	10	3	4	2
38	11	2	3	3
38	12	6	4	7
38	13	3	4	2
38	14	1	3	2
38	15	2	3	2
38	16	4	4	7
38	17	2	4	3
38	18	2	2	3
38	19	0	1	3
38	20	2	2	2
38	21	3	3	0
38	22	3	4	5
38	23	2	2	3
38	24	3	1	0
38	25	2	3	3
38	26	4	4	5
38	27	3	2	3
38	28	0	2	1
38	29	3	2	3
38	30	2	1	0
38	31	2	3	4
38	32	5	4	5
38	33	1	3	3
38	34	2	2	1
38	35	2	2	3
38	36	0	3	5
38	37	3	4	6
38	38	3	4	1
38	39	2	2	4
38	40	0	2	0
38	41	1	1	2
38	42	0	2	3
38	43	0	3	0
38	44	2	3	4
38	45	0	3	4
38	46	2	2	1
38	47	2	3	3
38	48	2	3	3
38	49	3	3	5
38	50	1	2	1
38	51	1	1	0
38	52	4	2	2
38	53	5	4	4
38	54	3	2	1
38	55	1	1	1
38	56	3	1	2
38	57	2	3	1
38	58	1	2	3
38	59	0	3	5
38	60	3	4	7
39	1	2	5	4
39	2	0	4	3
39	3	2	3	2
39	4	0	2	0
39	5	0	4	0
39	6	4	6	7
39	7	4	5	3
39	8	1	4	1
39	9	0	3	0
39	10	-2	2	1
39	11	3	7	4
39	12	1	4	3
39	13	0	3	3
39	14	4	6	6
39	15	0	4	3
39	16	3	4	2
39	17	4	5	6
39	18	0	3	0
39	19	2	5	5
39	20	1	4	5
39	21	0	3	1
39	22	0	4	4
39	23	-1	3	3
39	24	1	3	2
39	25	1	4	3
39	26	1	4	2
39	27	3	4	1
39	28	2	4	4
39	29	0	3	1
39	30	4	5	4
39	31	4	6	8
39	32	1	3	5
39	33	0	5	3
39	34	0	3	2
39	35	1	4	5
39	36	1	4	0
39	37	2	4	4
39	38	1	2	0
39	39	3	4	3
39	40	3	5	6
39	41	3	6	6
39	42	5	6	8
39	43	0	5	2
39	44	2	5	5
39	45	0	3	-2
39	46	0	3	0
39	47	1	5	5
39	48	0	3	-1
39	49	0	2	3
39	50	0	4	0
39	51	1	3	2
39	52	0	4	2
39	53	0	2	2
39	54	-2	0	-1
39	55	2	4	3
39	56	1	3	2
39	57	3	3	3
39	58	0	4	0
39	59	4	4	5
39	60	3	4	8
40	1	-1	-1	-2
40	2	4	0	4
40	3	0	0	0
40	4	1	1	2
40	5	1	0	1
40	6	2	0	0
40	7	4	1	2
40	8	2	0	3
40	9	2	1	2
40	10	0	0	-2
40	11	3	1	2
40	12	3	1	2
40	13	2	1	2
40	14	1	1	1
40	15	3	1	5
40	16	1	0	0
40	17	3	1	6
40	18	0	0	1
40	19	3	0	3
40	20	1	1	0
40	21	3	-1	1
40	22	3	0	6
40	23	2	0	2
40	24	1	1	3
40	25	4	0	2
40	26	4	2	3
40	27	1	1	0
40	28	4	1	3
40	29	1	0	3
40	30	1	0	3
40	31	1	1	2
40	32	2	1	4
40	33	2	-1	2
40	34	3	0	1
40	35	1	0	1
40	36	3	0	3
40	37	2	0	1
40	38	3	3	7
40	39	4	3	5
40	40	1	1	2
40	41	4	1	4
40	42	3	1	1
40	43	2	1	0
40	44	3	2	1
40	45	0	0	3
40	46	1	0	0
40	47	0	1	0
40	48	0	-1	0
40	49	2	0	0
40	50	2	2	3
40	51	3	0	2
40	52	0	0	-1
40	53	3	1	3
40	54	5	0	4
40	55	5	1	7
40	56	4	0	6
40	57	2	0	1
40	58	1	0	0
40	59	1	0	-1
40	60	4	1	2
41	1	2	3	6
41	2	0	3	0
41	3	0	1	0
41	4	3	3	2
41	5	-2	0	0
41	6	4	3	6
41	7	1	2	4
41	8	0	1	-2
41	9	0	3	3
41	10	3	2	0
41	11	-1	0	-1
41	12	1	1	3
41	13	2	1	0
41	14	0	1	1
41	15	0	3	2
41	16	2	1	4
41	17	3	3	8
41	18	-1	1	-2
41	19	2	2	2
41	20	0	1	0
41	21	3	3	3
41	22	2	3	3
41	23	2	3	3
41	24	0	0	-1
41	25	3	2	3
41	26	3	2	2
41	27	3	4	7
41	28	1	2	1
41	29	2	3	3
41	30	0	2	0
41	31	0	1	2
41	32	2	2	1
41	33	-1	2	0
41	34	1	1	0
41	35	2	1	5
41	36	3	3	5
41	37	4	3	4
41	38	1	1	3
41	39	2	3	0
41	40	2	1	2
41	41	0	3	-1
41	42	3	3	2
41	43	0	2	1
41	44	1	2	0
41	45	0	3	2
41	46	1	2	0
41	47	2	3	1
41	48	0	2	0
41	49	2	2	1
41	50	2	4	3
41	51	1	2	1
41	52	1	0	0
41	53	3	5	6
41	54	5	3	5
41	55	1	3	3
41	56	1	3	4
41	57	3	2	2
41	58	2	2	3
41	59	3	2	2
41	60	0	2	0
42	1	3	2	2
42	2	1	1	0
42	3	5	3	2
42	4	3	1	3
42	5	0	0	-1
42	6	1	1	0
42	7	3	2	2
42	8	4	2	3
42	9	0	2	0
42	10	0	0	0
42	11	2	1	2
42	12	0	0	-1
42	13	3	1	2
42	14	1	1	0
42	15	0	0	0
42	16	4	2	4
42	17	1	1	-2
42	18	1	0	2
42	19	0	2	2
42	20	2	3	3
42	21	1	1	2
42	22	1	1	1
42	23	1	0	0
42	24	0	0	0
42	25	4	3	2
42	26	-1	1	1
42	27	0	1	0
42	28	0	0	-1
42	29	0	0	0
42	30	1	2	2
42	31	2	3	3
42	32	5	2	6
42	33	2	2	0
42	34	0	1	0
42	35	1	0	2
42	36	2	2	2
42	37	-1	0	-3
42	38	3	1	3
42	39	1	0	0
42	40	0	1	1
42	41	-1	0	-3
42	42	2	1	1
42	43	-1	0	1
42	44	1	1	3
42	45	2	2	0
42	46	2	1	1
42	47	2	2	4
42	48	0	2	0
42	49	1	1	0
42	50	0	2	0
42	51	1	2	0
42	52	1	2	0
42	53	0	2	0
42	54	2	3	3
42	55	0	1	2
42	56	0	1	3
42	57	4	3	3
42	58	3	2	3
42	59	3	3	5
42	60	0	2	2
43	1	3	1	2
43	2	1	0	4
43	3	-2	0	0
43	4	0	0	0
43	5	-1	-1	-1
43	6	0	0	3
43	7	0	0	0
43	8	0	-1	0
43	9	0	-2	0
43	10	0	-1	-1
43	11	4	0	3
43	12	3	0	3
43	13	1	-1	1
43	14	1	0	1
43	15	0	0	1
43	16	2	0	1
43	17	4	0	4
43	18	3	0	3
43	19	0	-1	0
43	20	1	0	0
43	21	-1	0	0
43	22	-1	0	-1
43	23	0	0	0
43	24	2	0	3
43	25	-2	-1	-3
43	26	-1	0	0
43	27	0	0	1
43	28	0	-1	2
43	29	3	0	1
43	30	0	-1	-1
43	31	0	0	0
43	32	0	-1	1
43	33	2	0	0
43	34	2	2	4
43	35	1	-1	2
43	36	1	1	2
43	37	0	0	0
43	38	3	1	3
43	39	1	0	3
43	40	-4	-2	-3
43	41	0	0	2
43	42	1	0	0
43	43	-2	-1	-1
43	44	-1	0	1
43	45	0	-1	0
43	46	1	0	3
43	47	2	0	0
43	48	1	0	2
43	49	1	-1	1
43	50	3	0	3
43	51	0	-2	1
43	52	-1	-2	-4
43	53	0	1	1
43	54	0	1	3
43	55	0	-1	1
43	56	0	1	1
43	57	0	0	2
43	58	1	0	0
43	59	0	0	0
43	60	0	0	0
44	1	4	3	6
44	2	6	3	5
44	3	6	3	8
44	4	3	3	5
44	5	3	2	2
44	6	8	4	10
44	7	2	3	8
44	8	1	2	4
44	9	6	4	8
44	10	4	3	6
44	11	4	3	7
44	12	5	2	3
44	13	4	2	6
44	14	3	3	3
44	15	4	3	4
44	16	3	2	5
44	17	2	2	5
44	18	3	2	5
44	19	4	3	8
44	20	4	3	6
44	21	5	3	5
44	22	3	2	2
44	23	3	3	4
44	24	7	4	8
44	25	5	2	6
44	26	4	3	6
44	27	3	2	4
44	28	6	4	6
44	29	5	3	4
44	30	4	5	6
44	31	4	3	4
44	32	3	3	2
44	33	4	3	5
44	34	5	2	5
44	35	6	4	6
44	36	2	1	3
44	37	5	3	5
44	38	2	3	3
44	39	2	3	3
44	40	5	3	8
44	41	3	2	5
44	42	2	1	3
44	43	5	2	2
44	44	0	2	3
44	45	6	4	9
44	46	7	5	11
44	47	4	2	3
44	48	3	2	6
44	49	5	2	7
44	50	7	5	12
44	51	0	1	2
44	52	2	1	3
44	53	1	2	4
44	54	3	3	2
44	55	3	3	6
44	56	3	3	5
44	57	6	3	9
44	58	5	2	3
44	59	6	5	11
44	60	5	4	8
45	1	3	0	3
45	2	3	1	2
45	3	4	3	4
45	4	3	1	4
45	5	3	2	5
45	6	3	2	4
45	7	5	1	5
45	8	3	2	4
45	9	2	1	3
45	10	3	1	2
45	11	5	2	5
45	12	3	2	6
45	13	6	2	3
45	14	6	2	7
45	15	6	3	7
45	16	6	3	8
45	17	3	2	0
45	18	5	1	5
45	19	2	3	2
45	20	4	2	4
45	21	7	2	2
45	22	5	2	2
45	23	4	1	2
45	24	5	2	4
45	25	4	0	3
45	26	2	3	2
45	27	4	2	5
45	28	4	2	5
45	29	9	2	6
45	30	2	0	3
45	31	7	4	11
45	32	2	2	3
45	33	4	2	4
45	34	0	0	0
45	35	2	0	1
45	36	5	2	5
45	37	4	3	5
45	38	4	1	3
45	39	4	3	2
45	40	2	0	0
45	41	3	0	1
45	42	4	1	3
45	43	5	2	3
45	44	4	2	3
45	45	4	0	5
45	46	5	1	4
45	47	3	3	4
45	48	5	1	2
45	49	5	4	3
45	50	3	1	3
45	51	2	2	4
45	52	4	1	4
45	53	3	1	2
45	54	3	0	3
45	55	3	2	4
45	56	6	3	2
45	57	5	2	5
45	58	2	2	5
45	59	5	2	6
45	60	2	1	1
46	1	-1	-1	-2
46	2	-2	0	0
46	3	1	0	5
46	4	1	0	4
46	5	0	0	2
46	6	-1	0	3
46	7	3	1	6
46	8	0	3	4
46	9	-1	0	0
46	10	-2	0	0
46	11	0	0	6
46	12	2	0	3
46	13	0	1	2
46	14	1	1	4
46	15	-2	0	-1
46	16	-1	1	1
46	17	1	0	3
46	18	0	1	3
46	19	0	0	0
46	20	4	1	2
46	21	2	1	5
46	22	0	0	-1
46	23	0	0	1
46	24	2	1	5
46	25	0	1	3
46	26	-1	0	1
46	27	0	1	0
46	28	0	2	3
46	29	-3	0	0
46	30	-2	0	2
46	31	0	2	4
46	32	0	1	0
46	33	0	0	0
46	34	0	0	1
46	35	-1	0	2
46	36	-1	0	1
46	37	0	1	3
46	38	-1	0	0
46	39	0	0	0
46	40	1	0	1
46	41	1	0	5
46	42	0	0	0
46	43	0	0	0
46	44	3	0	5
46	45	1	0	0
46	46	2	1	5
46	47	1	1	2
46	48	0	2	3
46	49	2	2	5
46	50	-1	0	5
46	51	1	1	1
46	52	3	1	5
46	53	0	-1	2
46	54	2	1	2
46	55	-3	0	1
46	56	2	1	5
46	57	0	-1	1
46	58	-1	0	1
46	59	2	2	5
46	60	0	0	3
47	1	4	1	4
47	2	2	0	4
47	3	2	2	3
47	4	5	2	6
47	5	2	1	0
47	6	1	0	3
47	7	1	-1	0
47	8	6	1	4
47	9	2	0	2
47	10	3	0	3
47	11	4	1	6
47	12	3	0	1
47	13	4	0	5
47	14	1	-1	1
47	15	6	1	4
47	16	4	1	3
47	17	2	1	3
47	18	0	-1	0
47	19	6	1	6
47	20	4	1	6
47	21	1	0	0
47	22	6	3	9
47	23	6	3	6
47	24	3	0	1
47	25	3	0	1
47	26	2	-1	2
47	27	3	2	2
47	28	2	1	3
47	29	3	1	4
47	30	3	1	4
47	31	6	0	4
47	32	0	0	0
47	33	2	0	2
47	34	3	0	3
47	35	5	0	2
47	36	6	0	3
47	37	0	0	1
47	38	2	0	1
47	39	4	1	4
47	40	5	1	3
47	41	2	1	2
47	42	3	0	3
47	43	0	0	-1
47	44	1	0	1
47	45	7	4	7
47	46	2	0	3
47	47	4	2	2
47	48	4	0	3
47	49	3	2	4
47	50	1	0	2
47	51	5	1	5
47	52	1	0	1
47	53	0	0	1
47	54	4	1	4
47	55	3	0	2
47	56	6	1	5
47	57	2	0	2
47	58	4	0	5
47	59	2	0	2
47	60	2	0	2
48	1	5	2	0
48	2	1	2	0
48	3	4	4	6
48	4	3	3	1
48	5	-1	2	-1
48	6	2	2	3
48	7	0	1	0
48	8	-1	0	-1
48	9	2	3	2
48	10	3	2	1
48	11	1	2	0
48	12	0	1	1
48	13	3	2	0
48	14	0	1	0
48	15	4	2	3
48	16	3	3	1
48	17	0	0	0
48	18	0	2	0
48	19	3	2	3
48	20	1	1	0
48	21	3	3	2
48	22	2	3	3
48	23	5	3	3
48	24	4	4	4
48	25	2	3	0
48	26	0	1	0
48	27	2	1	0
48	28	4	3	1
48	29	2	2	0
48	30	0	1	-2
48	31	1	1	0
48	32	4	2	2
48	33	1	4	0
48	34	1	2	1
48	35	1	2	2
48	36	1	2	1
48	37	3	3	4
48	38	5	3	4
48	39	1	2	-1
48	40	1	2	1
48	41	2	3	0
48	42	0	1	-3
48	43	4	3	0
48	44	3	2	0
48	45	4	3	6
48	46	-1	0	-2
48	47	3	3	4
48	48	3	2	3
48	49	2	2	0
48	50	1	3	1
48	51	1	2	1
48	52	3	3	2
48	53	1	2	0
48	54	4	2	3
48	55	4	2	0
48	56	1	4	5
48	57	1	3	1
48	58	2	1	1
48	59	4	2	1
48	60	2	2	4
49	1	4	6	5
49	2	5	4	4
49	3	3	5	2
49	4	5	6	4
49	5	0	6	2
49	6	6	5	6
49	7	-1	5	1
49	8	4	5	3
49	9	1	2	0
49	10	2	6	2
49	11	0	3	0
49	12	2	4	1
49	13	0	3	1
49	14	2	5	2
49	15	3	4	2
49	16	3	4	4
49	17	0	4	1
49	18	2	5	1
49	19	4	5	6
49	20	5	6	7
49	21	3	6	6
49	22	0	4	1
49	23	3	6	6
49	24	0	4	1
49	25	0	6	5
49	26	3	6	4
49	27	0	4	3
49	28	3	5	3
49	29	2	4	4
49	30	3	5	2
49	31	4	6	4
49	32	0	4	1
49	33	2	5	1
49	34	2	5	5
49	35	2	5	3
49	36	2	4	0
49	37	1	5	0
49	38	0	3	2
49	39	0	4	3
49	40	2	5	6
49	41	0	4	2
49	42	1	6	4
49	43	1	5	5
49	44	0	4	2
49	45	2	5	2
49	46	3	5	4
49	47	2	6	3
49	48	2	5	1
49	49	0	6	2
49	50	1	5	2
49	51	2	4	2
49	52	3	6	5
49	53	0	5	0
49	54	0	3	3
49	55	1	4	1
49	56	-1	4	1
49	57	4	4	5
49	58	2	4	2
49	59	3	4	2
49	60	2	5	2
50	1	1	0	0
50	2	0	0	5
50	3	2	0	2
50	4	0	-1	-1
50	5	0	0	0
50	6	3	3	5
50	7	3	0	2
50	8	1	0	0
50	9	0	1	1
50	10	0	2	0
50	11	0	2	1
50	12	-1	0	0
50	13	-1	0	0
50	14	0	2	1
50	15	1	1	0
50	16	0	0	0
50	17	0	1	4
50	18	1	1	1
50	19	1	0	0
50	20	3	0	4
50	21	3	1	2
50	22	1	2	3
50	23	-1	1	1
50	24	0	1	-1
50	25	1	0	2
50	26	-1	0	0
50	27	0	0	0
50	28	0	0	0
50	29	0	1	4
50	30	0	0	0
50	31	0	0	1
50	32	-2	0	-2
50	33	0	0	-1
50	34	2	1	3
50	35	0	1	0
50	36	0	0	0
50	37	2	0	1
50	38	0	2	4
50	39	2	1	4
50	40	3	2	7
50	41	2	1	4
50	42	2	1	3
50	43	2	2	6
50	44	0	0	2
50	45	2	0	2
50	46	0	1	2
50	47	-2	-1	2
50	48	0	0	0
50	49	4	2	5
50	50	0	0	1
50	51	2	0	2
50	52	0	0	0
50	53	0	1	3
50	54	1	1	4
50	55	1	0	0
50	56	1	1	0
50	57	2	2	5
50	58	2	1	5
50	59	0	0	3
50	60	1	0	2
