1	1	2	4	4	3	3
1	2	1	4	2	3	2
1	3	1	4	2	2	2
1	4	-1	2	0	1	0
1	5	2	5	3	3	2
1	6	0	4	0	3	2
1	7	0	3	2	0	0
1	8	-1	1	0	1	1
1	9	0	5	0	2	1
1	10	0	3	0	3	3
1	11	0	3	1	2	3
1	12	-1	4	0	1	0
1	13	2	4	3	3	5
1	14	1	3	0	2	4
1	15	3	4	3	4	4
2	1	-2	0	-3	0	-2
2	2	0	4	3	1	0
2	3	1	4	0	1	2
2	4	0	3	-1	0	0
2	5	4	4	5	4	6
2	6	0	2	0	1	0
2	7	1	3	3	2	4
2	8	3	3	3	2	5
2	9	2	4	3	2	4
2	10	1	3	0	1	0
2	11	4	3	4	2	2
2	12	1	3	1	1	2
2	13	0	1	0	0	2
2	14	0	2	0	0	2
2	15	5	4	6	4	8
3	1	2	4	2	3	4
3	2	0	3	0	2	3
3	3	3	2	4	3	7
3	4	5	4	2	3	8
3	5	0	2	2	2	2
3	6	0	2	1	2	2
3	7	3	4	6	4	8
3	8	4	5	5	5	9
3	9	5	3	5	6	5
3	10	1	3	3	4	7
3	11	3	2	3	3	5
3	12	2	4	4	5	6
3	13	1	2	6	5	7
3	14	3	4	5	5	8
3	15	3	4	5	3	6
4	1	2	1	2	3	6
4	2	0	2	0	3	5
4	3	1	2	2	2	4
4	4	1	3	3	3	4
4	5	3	3	3	5	6
4	6	0	2	-1	0	0
4	7	3	3	2	3	4
4	8	3	3	5	4	4
4	9	1	2	-1	3	1
4	10	2	3	3	3	4
4	11	0	2	0	3	7
4	12	1	3	6	4	5
4	13	1	3	5	5	4
4	14	2	3	4	5	5
4	15	2	3	2	3	4
5	1	2	2	6	4	8
5	2	3	2	4	4	5
5	3	3	3	6	5	6
5	4	1	2	4	3	2
5	5	-1	1	-1	0	0
5	6	1	2	2	4	2
5	7	1	2	3	3	3
5	8	0	2	2	5	2
5	9	2	1	6	5	2
5	10	2	2	4	5	3
5	11	0	0	3	3	2
5	12	0	2	2	5	3
5	13	1	2	5	4	4
5	14	0	2	3	3	2
5	15	0	3	2	2	2
6	1	0	2	2	2	4
6	2	2	2	3	2	5
6	3	2	2	3	1	3
6	4	3	3	4	2	5
6	5	3	3	5	4	4
6	6	5	3	6	4	7
6	7	4	3	8	5	8
6	8	2	2	4	4	5
6	9	3	2	2	1	3
6	10	2	4	3	2	5
6	11	1	3	4	4	5
6	12	2	3	6	2	5
6	13	5	2	5	5	6
6	14	3	3	2	2	5
6	15	1	1	2	1	3
7	1	1	2	3	3	3
7	2	3	2	5	4	6
7	3	3	3	6	5	5
7	4	1	1	2	2	3
7	5	0	0	-1	2	0
7	6	6	5	8	5	8
7	7	1	2	1	4	3
7	8	0	2	3	3	3
7	9	2	1	4	3	4
7	10	0	1	0	0	2
7	11	3	0	2	3	2
7	12	0	1	0	0	0
7	13	0	2	2	3	2
7	14	3	1	0	3	2
7	15	1	0	-1	1	3
8	1	0	1	2	3	2
8	2	0	0	1	3	1
8	3	-2	0	-3	1	-1
8	4	-1	0	0	2	2
8	5	0	1	4	4	2
8	6	0	1	1	4	0
8	7	0	1	1	4	0
8	8	-1	0	0	1	0
8	9	0	1	1	1	0
8	10	1	0	3	3	3
8	11	0	1	3	3	3
8	12	1	0	2	5	3
8	13	-2	0	-1	0	0
8	14	0	1	1	1	0
8	15	1	0	2	2	0
9	1	0	2	1	0	1
9	2	0	1	1	0	0
9	3	1	4	3	3	4
9	4	-3	1	0	1	0
9	5	0	4	0	1	2
9	6	1	3	3	2	2
9	7	3	3	1	1	4
9	8	0	3	5	3	3
9	9	0	2	0	0	5
9	10	1	3	4	3	4
9	11	2	3	6	3	4
9	12	1	3	2	3	6
9	13	0	1	0	0	2
9	14	3	3	3	2	7
9	15	1	3	3	2	3
10	1	3	3	3	6	4
10	2	2	3	3	3	5
10	3	2	1	3	2	4
10	4	2	1	3	2	2
10	5	2	2	5	4	4
10	6	2	2	3	4	5
10	7	3	2	5	3	3
10	8	5	3	7	7	7
10	9	2	1	5	4	3
10	10	1	2	3	4	5
10	11	-3	0	0	1	0
10	12	6	4	11	5	8
10	13	1	1	1	1	2
10	14	6	4	8	6	6
10	15	1	3	4	3	3
11	1	4	3	7	7	8
11	2	2	4	4	5	5
11	3	2	4	4	6	6
11	4	1	3	4	4	3
11	5	3	3	4	5	5
11	6	3	4	6	3	6
11	7	3	5	7	6	8
11	8	2	2	7	5	6
11	9	0	3	1	2	3
11	10	3	2	5	6	6
11	11	3	2	6	6	5
11	12	3	4	7	4	5
11	13	3	3	6	7	5
11	14	0	2	3	3	4
11	15	4	3	6	5	3
12	1	4	2	6	5	6
12	2	5	3	6	4	6
12	3	1	3	3	3	4
12	4	0	3	3	4	5
12	5	5	3	5	3	5
12	6	0	1	0	1	2
12	7	2	2	2	3	4
12	8	4	3	5	4	5
12	9	0	1	1	3	1
12	10	4	3	3	4	5
12	11	5	3	6	5	6
12	12	2	3	6	4	5
12	13	2	2	1	2	4
12	14	3	3	5	3	3
12	15	2	3	3	1	6
13	1	1	4	3	5	8
13	2	2	4	2	6	7
13	3	-1	3	2	4	4
13	4	0	3	3	2	2
13	5	0	1	0	2	4
13	6	0	3	1	4	5
13	7	3	4	4	6	7
13	8	0	1	-2	2	1
13	9	0	2	0	2	3
13	10	1	4	2	3	6
13	11	0	3	2	3	5
13	12	0	2	1	3	3
13	13	4	5	3	5	6
13	14	1	3	4	4	4
13	15	1	3	0	4	3
14	1	3	2	4	2	4
14	2	3	2	4	4	5
14	3	1	1	4	2	3
14	4	1	1	2	2	5
14	5	3	2	2	3	4
14	6	2	2	3	4	4
14	7	0	1	1	1	2
14	8	3	3	5	4	5
14	9	4	2	4	3	6
14	10	1	2	2	2	6
14	11	3	2	5	5	6
14	12	4	2	2	4	6
14	13	6	3	7	4	8
14	14	2	2	4	3	6
14	15	0	2	2	3	2
15	1	-1	0	0	0	0
15	2	0	0	-2	1	1
15	3	2	1	0	4	2
15	4	0	0	3	2	3
15	5	0	2	0	3	4
15	6	2	1	4	4	3
15	7	2	0	1	2	3
15	8	4	0	5	4	5
15	9	1	0	1	2	0
15	10	0	0	-1	1	2
15	11	-1	0	-1	0	0
15	12	0	1	4	3	5
15	13	2	1	2	1	1
15	14	3	1	2	2	4
15	15	1	0	0	2	2
16	1	2	5	3	0	6
16	2	5	6	5	2	5
16	3	1	5	2	1	3
16	4	4	5	6	1	3
16	5	2	4	4	0	3
16	6	7	6	7	4	8
16	7	3	5	4	1	4
16	8	5	6	6	4	5
16	9	5	7	8	4	8
16	10	3	7	4	2	5
16	11	4	5	6	3	6
16	12	2	5	-1	1	5
16	13	3	4	3	3	2
16	14	4	6	7	4	4
16	15	5	5	6	2	5
17	1	1	2	2	3	4
17	2	5	3	7	5	10
17	3	0	2	4	3	2
17	4	3	3	3	2	3
17	5	3	2	5	5	5
17	6	2	2	3	2	2
17	7	1	3	3	3	4
17	8	3	4	5	5	6
17	9	3	5	8	4	5
17	10	1	2	2	4	4
17	11	1	2	8	5	5
17	12	3	2	3	4	5
17	13	4	3	5	4	6
17	14	0	2	0	1	1
17	15	7	4	8	5	7
18	1	-1	0	-1	0	2
18	2	-2	0	-2	0	-1
18	3	-1	0	0	1	1
18	4	-1	0	-1	2	2
18	5	1	1	3	3	4
18	6	0	0	0	3	1
18	7	0	0	0	1	2
18	8	-1	-1	-2	-1	0
18	9	-2	-2	-4	1	2
18	10	-2	0	-1	2	0
18	11	2	0	3	4	4
18	12	0	-1	-6	0	0
18	13	0	0	1	4	2
18	14	0	0	0	0	2
18	15	1	1	0	4	2
19	1	0	1	1	2	2
19	2	1	1	4	6	4
19	3	0	2	2	3	3
19	4	5	2	6	5	6
19	5	4	3	7	6	6
19	6	5	3	8	7	5
19	7	4	1	9	6	5
19	8	6	3	7	7	7
19	9	4	2	5	7	4
19	10	0	1	2	5	5
19	11	1	2	5	4	5
19	12	0	0	2	4	1
19	13	0	1	5	3	4
19	14	5	1	6	7	7
19	15	2	2	6	4	5
20	1	1	0	1	3	3
20	2	0	0	0	1	4
20	3	0	-1	1	1	2
20	4	0	0	0	3	2
20	5	1	0	2	2	4
20	6	0	0	0	2	2
20	7	0	0	4	2	5
20	8	0	0	1	1	1
20	9	3	2	7	4	5
20	10	1	1	5	4	2
20	11	-1	0	1	2	2
20	12	1	1	4	2	4
20	13	1	0	1	2	2
20	14	2	1	4	2	4
20	15	1	1	1	1	3
21	1	-1	-1	-1	1	2
21	2	0	0	1	2	1
21	3	0	1	4	4	4
21	4	2	2	4	5	4
21	5	3	1	3	4	7
21	6	0	1	1	3	2
21	7	0	1	2	6	2
21	8	-1	1	1	3	2
21	9	1	1	2	5	1
21	10	1	1	3	3	3
21	11	2	2	4	7	7
21	12	-1	0	-1	4	0
21	13	0	1	2	4	3
21	14	0	-1	-4	1	0
21	15	0	1	4	3	5
22	1	1	4	4	4	5
22	2	2	3	4	6	6
22	3	-1	0	0	0	2
22	4	1	2	6	4	5
22	5	2	4	5	5	4
22	6	-1	1	0	1	4
22	7	0	2	2	1	1
22	8	0	3	4	2	6
22	9	1	3	3	3	5
22	10	3	3	5	3	2
22	11	2	4	7	4	4
22	12	1	3	1	3	5
22	13	0	3	4	2	2
22	14	3	5	7	7	10
22	15	2	2	4	3	5
23	1	0	3	3	2	3
23	2	1	2	-1	0	0
23	3	0	2	1	2	3
23	4	0	2	0	2	1
23	5	0	1	1	2	3
23	6	1	2	0	0	0
23	7	0	3	0	1	1
23	8	0	1	0	2	0
23	9	-1	1	-1	2	1
23	10	1	4	4	4	4
23	11	1	2	5	2	5
23	12	1	3	0	1	1
23	13	-2	1	-1	0	0
23	14	-1	3	1	2	0
23	15	0	2	-1	1	0
24	1	2	2	2	3	3
24	2	0	3	3	3	2
24	3	3	5	4	5	5
24	4	0	2	2	2	1
24	5	0	1	0	4	-1
24	6	1	2	1	3	3
24	7	1	1	0	3	0
24	8	1	2	2	4	3
24	9	0	1	3	5	3
24	10	1	2	2	4	1
24	11	-1	1	-2	2	0
24	12	1	2	3	3	5
24	13	1	3	4	3	5
24	14	0	1	0	1	-1
24	15	0	4	3	4	4
25	1	3	3	2	2	2
25	2	5	2	4	5	6
25	3	1	1	0	1	6
25	4	2	2	3	0	4
25	5	3	1	0	2	3
25	6	2	1	2	2	3
25	7	0	0	-2	0	0
25	8	1	1	-2	0	0
25	9	3	3	1	1	3
25	10	1	0	0	2	2
25	11	1	1	3	1	2
25	12	0	-1	0	0	0
25	13	1	0	1	1	2
25	14	0	0	1	1	1
25	15	2	2	5	2	4
26	1	-1	2	0	0	-2
26	2	-1	0	-1	0	1
26	3	0	1	1	1	2
26	4	0	1	-1	2	1
26	5	1	0	0	2	3
26	6	4	1	4	4	5
26	7	-2	0	-2	0	0
26	8	0	1	2	0	1
26	9	-2	0	0	0	0
26	10	0	1	4	3	5
26	11	0	0	0	0	1
26	12	0	0	1	0	2
26	13	0	0	3	3	3
26	14	-2	0	-2	0	0
26	15	0	2	1	4	3
27	1	6	1	3	8	9
27	2	1	2	1	4	4
27	3	3	1	5	6	6
27	4	3	2	5	4	7
27	5	2	3	5	6	8
27	6	3	1	4	4	5
27	7	6	4	7	7	7
27	8	1	2	1	5	3
27	9	3	1	1	5	6
27	10	3	3	2	6	5
27	11	1	2	0	3	4
27	12	2	2	0	5	4
27	13	2	3	2	8	5
27	14	2	1	5	6	4
27	15	0	0	-1	5	2
28	1	3	4	6	4	6
28	2	2	2	6	3	4
28	3	6	3	7	7	7
28	4	2	1	4	4	5
28	5	3	2	3	3	3
28	6	8	5	8	6	9
28	7	6	5	7	6	7
28	8	0	0	0	2	4
28	9	2	1	4	4	3
28	10	2	1	2	4	3
28	11	2	2	4	3	5
28	12	2	1	4	3	5
28	13	0	0	2	3	0
28	14	3	2	4	3	4
28	15	5	2	8	5	7
29	1	0	3	1	1	4
29	2	1	0	2	2	4
29	3	1	3	4	7	7
29	4	2	1	3	4	5
29	5	-3	0	0	2	0
29	6	0	3	1	4	2
29	7	3	4	3	4	6
29	8	1	2	4	6	4
29	9	0	1	1	3	1
29	10	0	2	3	5	5
29	11	-2	0	0	1	0
29	12	0	2	1	4	4
29	13	-2	0	0	3	0
29	14	-2	0	0	2	-1
29	15	1	2	4	4	4
30	1	2	1	2	2	1
30	2	3	3	7	4	5
30	3	3	2	5	5	6
30	4	4	2	7	6	4
30	5	7	4	8	5	8
30	6	0	3	2	3	2
30	7	5	3	7	4	5
30	8	1	2	5	3	4
30	9	2	3	3	3	5
30	10	3	2	6	3	4
30	11	1	1	3	3	4
30	12	2	2	2	3	2
30	13	3	1	3	2	3
30	14	6	3	8	4	8
30	15	1	2	6	3	6
31	1	4	4	6	5	6
31	2	3	2	4	5	5
31	3	5	4	4	3	5
31	4	1	5	3	2	5
31	5	6	5	6	6	6
31	6	2	4	6	4	5
31	7	4	3	0	1	3
31	8	2	4	3	4	5
31	9	5	5	6	6	5
31	10	4	5	3	3	6
31	11	4	6	10	5	5
31	12	3	3	2	3	3
31	13	5	5	6	5	7
31	14	5	5	3	4	6
31	15	3	4	6	4	3
32	1	1	0	1	1	3
32	2	0	1	0	2	2
32	3	3	1	3	4	4
32	4	1	2	0	3	3
32	5	5	2	3	6	5
32	6	3	2	1	2	5
32	7	2	0	0	2	3
32	8	0	1	1	2	0
32	9	1	2	1	1	2
32	10	1	2	2	4	3
32	11	2	2	0	3	1
32	12	2	1	4	3	3
32	13	3	1	0	1	4
32	14	2	1	2	3	5
32	15	0	2	0	1	3
33	1	7	4	8	6	6
33	2	3	3	6	3	5
33	3	4	4	3	3	5
33	4	1	3	1	3	3
33	5	4	2	2	5	4
33	6	1	2	2	2	3
33	7	0	2	2	2	5
33	8	2	6	6	4	3
33	9	2	2	4	3	4
33	10	1	3	0	3	2
33	11	5	4	8	7	7
33	12	-1	1	-1	1	1
33	13	6	4	2	6	4
33	14	5	4	8	4	4
33	15	4	3	3	5	2
34	1	4	3	6	3	4
34	2	2	1	6	5	6
34	3	3	2	6	3	7
34	4	2	2	7	4	5
34	5	3	2	6	2	5
34	6	5	4	4	4	6
34	7	2	4	5	3	8
34	8	0	1	2	1	4
34	9	1	2	3	1	3
34	10	1	1	2	5	4
34	11	4	2	4	3	3
34	12	1	2	1	3	2
34	13	1	2	4	2	5
34	14	1	1	0	1	4
34	15	3	1	6	3	4
35	1	-1	2	2	3	4
35	2	2	3	5	5	7
35	3	4	4	10	7	9
35	4	0	1	1	2	5
35	5	3	3	4	6	9
35	6	3	2	5	6	4
35	7	3	2	3	4	6
35	8	-1	2	4	4	7
35	9	4	3	6	6	8
35	10	-2	0	-1	2	3
35	11	1	2	3	4	6
35	12	0	1	2	2	4
35	13	4	4	5	5	9
35	14	0	2	5	4	3
35	15	1	1	4	4	5
36	1	8	3	10	7	10
36	2	4	1	2	3	6
36	3	2	0	2	2	5
36	4	5	2	2	4	6
36	5	0	2	0	0	3
36	6	3	2	2	3	4
36	7	3	1	4	1	5
36	8	3	2	1	3	6
36	9	1	2	1	0	2
36	10	3	0	0	3	1
36	11	4	1	0	1	4
36	12	3	1	3	1	4
36	13	5	2	5	5	6
36	14	6	3	6	5	9
36	15	3	2	2	2	3
37	1	0	2	3	2	7
37	2	1	2	4	5	5
37	3	0	2	3	4	7
37	4	0	3	4	4	6
37	5	2	3	0	4	6
37	6	0	2	2	2	4
37	7	0	2	2	2	5
37	8	2	3	5	5	8
37	9	0	1	2	5	4
37	10	2	4	3	4	8
37	11	2	2	2	4	4
37	12	0	2	2	4	2
37	13	3	2	3	5	9
37	14	3	2	4	3	4
37	15	3	4	5	7	9
38	1	2	2	1	4	5
38	2	2	3	3	4	3
38	3	3	3	3	3	4
38	4	1	1	2	2	1
38	5	1	2	0	3	2
38	6	3	3	4	5	4
38	7	1	2	1	2	2
38	8	3	1	5	3	4
38	9	2	2	4	4	3
38	10	0	1	2	4	2
38	11	0	1	-1	1	0
38	12	3	1	4	6	5
38	13	4	2	5	5	4
38	14	0	2	-1	2	2
38	15	2	4	6	6	5
39	1	3	2	4	2	3
39	2	3	2	5	2	4
39	3	0	1	4	0	1
39	4	2	3	4	0	3
39	5	2	2	2	1	2
39	6	5	3	5	1	3
39	7	1	2	2	0	2
39	8	2	2	2	2	1
39	9	0	2	-4	0	0
39	10	2	1	1	0	3
39	11	2	2	3	2	2
39	12	1	1	2	0	2
39	13	2	2	3	1	1
39	14	1	3	2	1	2
39	15	4	3	5	0	4
40	1	0	1	4	5	6
40	2	-1	0	0	3	2
40	3	-1	0	1	3	2
40	4	0	2	4	4	4
40	5	-2	0	-2	1	0
40	6	1	1	0	4	3
40	7	5	2	6	7	6
40	8	3	3	7	7	7
40	9	0	1	1	5	3
40	10	-1	0	1	3	0
40	11	1	2	2	4	3
40	12	-2	0	0	2	1
40	13	2	1	5	6	4
40	14	-1	0	1	2	0
40	15	0	0	2	4	3
41	1	0	1	2	3	3
41	2	0	0	1	1	1
41	3	1	2	2	2	2
41	4	0	0	0	0	0
41	5	1	0	5	1	5
41	6	3	1	4	2	4
41	7	0	0	0	0	1
41	8	2	2	2	3	5
41	9	0	0	2	1	2
41	10	1	1	2	1	4
41	11	1	1	2	2	4
41	12	0	0	2	2	4
41	13	1	1	2	1	4
41	14	0	0	1	0	3
41	15	1	1	0	0	2
42	1	3	1	2	4	3
42	2	0	0	0	1	1
42	3	0	0	1	2	0
42	4	1	0	0	2	2
42	5	-1	1	0	2	2
42	6	3	1	5	4	4
42	7	0	1	0	1	0
42	8	-2	0	-2	1	1
42	9	1	1	1	1	3
42	10	0	1	2	4	2
42	11	3	1	2	5	3
42	12	0	0	2	2	1
42	13	2	2	6	6	3
42	14	1	2	4	3	1
42	15	1	1	5	5	3
43	1	0	2	1	2	1
43	2	3	4	7	6	4
43	3	0	3	1	3	0
43	4	-3	1	0	1	0
43	5	0	3	0	2	1
43	6	-2	0	0	0	0
43	7	0	3	3	3	0
43	8	0	2	3	2	3
43	9	0	2	3	4	2
43	10	0	1	4	3	5
43	11	-2	1	0	3	1
43	12	0	3	1	3	4
43	13	1	3	4	3	5
43	14	0	1	0	2	1
43	15	-3	2	0	0	2
44	1	3	4	6	6	9
44	2	3	3	5	5	6
44	3	3	3	8	7	6
44	4	7	4	10	7	8
44	5	3	3	6	5	5
44	6	3	4	10	7	7
44	7	3	4	7	6	5
44	8	5	4	8	6	5
44	9	6	4	6	6	8
44	10	5	4	9	6	6
44	11	2	2	5	4	6
44	12	1	2	4	2	5
44	13	5	4	8	6	8
44	14	4	2	5	6	6
44	15	1	4	3	6	5
45	1	2	3	5	5	9
45	2	3	5	7	5	7
45	3	0	2	1	4	5
45	4	1	1	2	3	5
45	5	1	4	4	3	5
45	6	4	3	6	4	8
45	7	3	4	7	5	7
45	8	5	4	7	5	8
45	9	2	4	5	4	4
45	10	5	3	7	5	6
45	11	3	3	7	6	5
45	12	1	4	6	6	5
45	13	2	3	3	3	8
45	14	2	2	3	4	7
45	15	1	3	5	3	5
46	1	1	3	-1	3	4
46	2	1	4	-2	3	3
46	3	2	4	2	4	4
46	4	0	2	0	1	4
46	5	0	2	0	2	2
46	6	0	4	0	3	3
46	7	0	2	1	1	3
46	8	1	3	1	1	1
46	9	-3	2	-4	0	0
46	10	-2	1	-2	0	0
46	11	2	4	0	3	2
46	12	0	2	-2	1	2
46	13	-2	2	-3	0	1
46	14	-1	2	-2	-1	0
46	15	0	4	0	2	2
47	1	2	2	2	4	3
47	2	3	4	7	4	3
47	3	0	1	2	4	2
47	4	2	1	4	4	4
47	5	1	2	2	3	2
47	6	0	0	2	3	2
47	7	0	1	2	3	3
47	8	0	1	0	1	1
47	9	0	1	2	4	3
47	10	1	3	4	4	5
47	11	0	2	2	2	1
47	12	-1	2	2	3	1
47	13	-2	1	2	2	3
47	14	2	2	3	3	2
47	15	1	2	3	4	2
48	1	2	2	4	3	5
48	2	0	0	0	2	1
48	3	2	1	3	5	4
48	4	0	0	2	2	3
48	5	2	0	1	3	6
48	6	3	0	5	6	7
48	7	0	0	1	3	4
48	8	3	0	2	5	5
48	9	0	0	2	3	2
48	10	2	0	1	3	3
48	11	1	1	2	4	3
48	12	0	0	2	2	3
48	13	0	0	-3	2	1
48	14	2	0	4	5	7
48	15	3	1	2	5	3
49	1	3	2	2	2	5
49	2	0	1	0	1	2
49	3	6	4	9	4	9
49	4	8	4	7	5	12
49	5	5	2	5	2	8
49	6	8	3	4	2	8
49	7	5	3	7	2	7
49	8	3	1	1	1	5
49	9	4	1	4	1	5
49	10	4	1	0	1	4
49	11	1	2	1	0	6
49	12	4	1	3	3	6
49	13	2	1	1	1	7
49	14	3	2	2	2	7
49	15	4	3	3	3	7
50	1	-2	1	0	0	1
50	2	4	4	4	2	3
50	3	0	1	1	0	0
50	4	3	2	0	0	4
50	5	1	3	2	1	3
50	6	0	2	3	1	2
50	7	2	3	6	3	6
50	8	0	1	1	0	4
50	9	0	2	0	1	2
50	10	0	1	-1	0	0
50	11	0	1	0	0	1
50	12	0	1	1	2	0
50	13	1	3	3	1	4
50	14	0	2	0	0	2
50	15	0	3	3	1	4
51	1	3	2	4	5	5
51	2	1	1	-1	4	2
51	3	1	2	4	1	4
51	4	4	4	7	5	5
51	5	6	2	4	4	6
51	6	7	4	6	8	8
51	7	2	2	4	5	6
51	8	1	1	1	3	0
51	9	1	0	1	4	6
51	10	4	1	3	4	4
51	11	5	3	11	5	9
51	12	3	1	5	5	4
51	13	3	2	7	6	6
51	14	5	2	4	5	5
51	15	1	2	1	2	0
52	1	1	1	0	4	6
52	2	4	2	4	5	5
52	3	3	2	3	5	5
52	4	4	2	5	5	3
52	5	2	2	2	4	3
52	6	4	1	0	2	4
52	7	0	0	-1	4	2
52	8	4	3	4	5	6
52	9	-1	1	-1	4	0
52	10	0	1	-1	2	0
52	11	4	4	2	5	3
52	12	1	1	-1	3	3
52	13	2	3	0	2	0
52	14	0	0	0	2	3
52	15	1	1	4	6	3
53	1	1	1	4	4	3
53	2	2	1	3	5	4
53	3	3	3	3	2	5
53	4	3	3	2	5	5
53	5	2	2	4	4	2
53	6	0	0	0	1	1
53	7	1	1	1	3	6
53	8	2	1	4	3	4
53	9	4	2	3	4	7
53	10	0	0	1	0	2
53	11	1	1	0	2	4
53	12	0	0	0	3	2
53	13	2	3	6	4	7
53	14	3	3	4	5	4
53	15	3	3	2	4	6
54	1	1	1	4	5	5
54	2	4	4	4	6	5
54	3	4	4	5	6	9
54	4	4	3	4	6	5
54	5	1	2	2	7	4
54	6	0	3	3	4	3
54	7	0	2	4	5	5
54	8	5	4	5	5	5
54	9	2	2	5	5	3
54	10	3	6	6	5	6
54	11	4	4	5	7	6
54	12	5	4	6	6	5
54	13	6	4	5	7	10
54	14	0	2	1	6	3
54	15	1	5	4	4	6
55	1	2	3	1	4	3
55	2	3	4	4	3	3
55	3	0	2	0	2	4
55	4	3	5	4	5	6
55	5	0	4	2	4	7
55	6	1	3	1	4	6
55	7	2	4	3	4	3
55	8	1	3	0	3	6
55	9	1	4	4	4	5
55	10	3	3	6	5	5
55	11	2	4	2	3	4
55	12	2	5	4	4	5
55	13	1	4	3	4	4
55	14	3	4	4	4	5
55	15	1	3	0	3	4
56	1	5	5	7	3	5
56	2	2	4	5	3	6
56	3	5	4	6	4	7
56	4	1	4	3	4	4
56	5	2	4	2	1	2
56	6	5	4	6	4	7
56	7	0	3	4	0	4
56	8	3	4	9	3	4
56	9	3	4	7	2	5
56	10	0	1	-1	1	0
56	11	2	4	7	3	5
56	12	1	2	0	0	2
56	13	3	3	6	3	4
56	14	2	4	5	4	3
56	15	2	2	6	1	3
57	1	1	2	1	3	1
57	2	2	2	2	4	4
57	3	0	0	0	2	0
57	4	2	3	2	4	0
57	5	1	2	2	3	1
57	6	0	0	0	1	0
57	7	-1	1	-1	1	0
57	8	-1	-1	-3	0	0
57	9	2	1	2	5	3
57	10	0	0	-1	4	1
57	11	3	2	5	4	5
57	12	3	2	2	1	1
57	13	1	2	3	5	0
57	14	3	2	3	4	3
57	15	0	1	-2	0	0
58	1	4	4	4	3	4
58	2	3	3	6	3	3
58	3	3	3	6	5	5
58	4	4	3	6	4	7
58	5	4	2	3	5	3
58	6	1	3	2	4	3
58	7	3	5	4	5	5
58	8	3	3	3	4	7
58	9	5	3	4	5	5
58	10	1	3	6	3	7
58	11	1	4	3	2	5
58	12	1	3	3	3	2
58	13	4	4	7	4	5
58	14	2	4	3	3	5
58	15	1	3	2	3	2
59	1	4	2	0	2	3
59	2	0	0	0	3	2
59	3	3	1	-1	2	0
59	4	1	1	1	3	1
59	5	1	0	0	1	0
59	6	0	0	0	3	1
59	7	4	3	3	5	6
59	8	1	1	-2	3	0
59	9	1	0	0	2	0
59	10	4	3	0	2	2
59	11	3	3	5	6	5
59	12	7	3	0	4	6
59	13	6	3	2	3	6
59	14	3	3	6	4	5
59	15	1	0	0	2	2
60	1	2	1	6	5	3
60	2	1	0	4	1	5
60	3	2	0	3	3	3
60	4	5	4	8	5	8
60	5	3	1	7	4	5
60	6	4	1	7	4	3
60	7	-1	1	1	3	2
60	8	0	0	3	3	1
60	9	5	2	9	6	7
60	10	0	0	7	3	2
60	11	3	1	7	2	3
60	12	2	1	3	4	3
60	13	3	2	6	5	5
60	14	4	2	6	4	5
60	15	2	0	5	2	3
61	1	1	2	1	4	4
61	2	2	1	4	5	2
61	3	0	2	0	3	1
61	4	3	2	4	2	3
61	5	7	3	6	4	8
61	6	6	4	6	5	6
61	7	4	3	4	4	5
61	8	1	1	3	3	1
61	9	5	3	4	6	7
61	10	4	1	3	4	5
61	11	4	2	3	3	2
61	12	0	1	0	2	1
61	13	2	3	4	6	6
61	14	5	3	6	4	6
61	15	2	3	3	2	3
62	1	2	1	5	4	4
62	2	0	1	1	2	1
62	3	3	1	3	2	3
62	4	0	1	1	1	2
62	5	0	0	1	0	3
62	6	1	2	5	3	3
62	7	0	1	2	2	3
62	8	1	1	1	2	3
62	9	0	0	2	1	4
62	10	-1	1	1	3	5
62	11	0	3	4	3	3
62	12	1	3	5	5	5
62	13	-3	1	0	0	0
62	14	0	0	2	3	4
62	15	2	2	3	4	4
63	1	2	3	5	6	5
63	2	0	1	3	4	2
63	3	0	2	4	2	2
63	4	-1	1	1	3	2
63	5	1	2	4	4	2
63	6	2	2	4	5	5
63	7	-1	2	1	4	1
63	8	0	3	2	3	3
63	9	2	3	2	5	2
63	10	1	3	3	3	2
63	11	2	3	6	2	5
63	12	1	2	2	4	3
63	13	1	2	4	3	2
63	14	3	4	5	4	6
63	15	1	1	2	3	3
64	1	3	4	4	2	6
64	2	2	1	2	1	2
64	3	4	2	5	3	4
64	4	0	2	-1	-2	0
64	5	0	2	1	2	4
64	6	2	2	2	1	2
64	7	2	2	0	0	1
64	8	1	1	0	0	5
64	9	2	2	5	2	6
64	10	4	3	2	2	3
64	11	1	0	-1	0	1
64	12	4	2	2	3	4
64	13	3	1	0	1	1
64	14	0	1	1	0	3
64	15	3	3	2	2	4
65	1	0	2	0	1	2
65	2	0	5	3	1	3
65	3	0	3	3	1	2
65	4	0	3	4	2	2
65	5	1	3	0	2	0
65	6	-4	2	0	0	-1
65	7	3	4	1	3	3
65	8	1	4	1	1	0
65	9	0	3	0	0	0
65	10	0	3	0	1	2
65	11	1	5	4	3	4
65	12	0	4	0	0	0
65	13	-1	1	0	0	0
65	14	0	3	2	0	0
65	15	-1	3	0	0	0
66	1	4	4	2	6	6
66	2	2	5	3	3	6
66	3	2	4	4	4	3
66	4	2	4	4	6	4
66	5	2	5	1	3	3
66	6	2	4	1	4	3
66	7	4	5	6	6	4
66	8	0	1	0	2	2
66	9	4	3	6	4	5
66	10	0	4	0	5	4
66	11	4	3	6	5	3
66	12	0	3	0	3	3
66	13	2	4	3	5	3
66	14	3	5	7	7	5
66	15	3	4	4	7	7
67	1	-1	1	0	1	0
67	2	2	1	4	5	4
67	3	0	1	3	4	3
67	4	0	1	2	1	3
67	5	2	3	5	4	5
67	6	3	1	4	5	3
67	7	1	1	0	4	3
67	8	5	5	8	5	8
67	9	1	1	0	2	0
67	10	5	3	6	3	6
67	11	3	3	2	5	4
67	12	2	3	4	5	7
67	13	3	1	1	5	4
67	14	0	3	0	3	4
67	15	0	0	-1	3	3
68	1	2	0	2	4	4
68	2	5	2	3	7	7
68	3	2	1	5	7	5
68	4	4	2	4	7	6
68	5	3	2	4	6	5
68	6	3	1	6	6	7
68	7	1	0	4	6	6
68	8	2	0	3	6	5
68	9	1	0	0	4	3
68	10	1	0	0	3	3
68	11	0	0	0	1	1
68	12	1	1	2	3	5
68	13	1	0	4	7	4
68	14	2	2	3	5	4
68	15	1	0	2	5	5
69	1	2	3	1	4	3
69	2	8	5	8	8	10
69	3	4	2	4	5	6
69	4	3	4	7	6	7
69	5	3	3	2	5	4
69	6	3	2	5	4	4
69	7	3	3	5	4	7
69	8	5	5	7	5	7
69	9	2	2	2	5	7
69	10	4	3	5	5	6
69	11	0	2	2	3	1
69	12	3	1	4	2	4
69	13	0	3	2	2	3
69	14	4	3	4	5	5
69	15	2	2	3	4	4
70	1	3	4	1	6	6
70	2	6	6	10	8	7
70	3	5	7	7	8	7
70	4	2	4	5	4	4
70	5	5	5	6	9	8
70	6	1	2	6	5	4
70	7	4	4	3	6	5
70	8	7	4	9	8	7
70	9	5	5	8	7	7
70	10	4	6	8	8	9
70	11	6	4	3	4	6
70	12	2	3	5	4	2
70	13	3	3	3	5	3
70	14	5	5	6	6	8
70	15	4	4	3	7	8
71	1	-1	0	-2	1	2
71	2	0	2	1	5	3
71	3	2	3	4	4	5
71	4	1	3	4	5	7
71	5	0	2	3	3	4
71	6	-1	1	1	1	0
71	7	1	2	0	4	1
71	8	1	3	3	5	4
71	9	1	2	7	5	5
71	10	0	1	1	2	-1
71	11	3	3	7	5	5
71	12	1	2	4	5	5
71	13	2	3	0	5	4
71	14	-1	2	1	4	2
71	15	0	2	2	3	2
72	1	-2	0	-4	0	0
72	2	0	2	0	2	2
72	3	0	2	0	3	1
72	4	0	0	-1	1	0
72	5	0	2	2	2	2
72	6	-1	0	-2	0	-2
72	7	-1	2	0	0	0
72	8	-1	1	-3	-1	0
72	9	0	1	-2	0	-2
72	10	0	2	1	1	2
72	11	0	2	1	1	1
72	12	0	2	1	2	1
72	13	0	0	-5	1	0
72	14	0	0	-2	1	-1
72	15	3	1	0	0	1
73	1	4	4	5	4	5
73	2	5	4	5	5	6
73	3	4	3	2	3	4
73	4	4	5	6	5	5
73	5	1	3	4	2	2
73	6	4	5	4	3	6
73	7	0	3	0	3	0
73	8	-2	2	1	0	2
73	9	3	2	3	2	3
73	10	2	3	3	2	3
73	11	3	3	7	3	4
73	12	0	3	0	0	1
73	13	1	4	0	2	4
73	14	6	5	7	5	7
73	15	2	5	3	3	3
74	1	3	0	4	5	4
74	2	2	0	1	1	3
74	3	2	0	3	3	2
74	4	2	0	2	3	3
74	5	2	0	3	2	2
74	6	1	1	3	1	2
74	7	2	1	1	4	0
74	8	-2	-2	-4	-2	-1
74	9	6	1	5	3	8
74	10	2	0	4	5	5
74	11	1	-1	0	0	2
74	12	1	0	2	2	2
74	13	6	1	3	2	7
74	14	3	0	3	4	5
74	15	4	1	3	5	5
75	1	0	1	0	1	0
75	2	4	4	8	5	6
75	3	0	1	0	1	0
75	4	3	3	2	2	4
75	5	1	2	2	1	3
75	6	0	2	0	1	3
75	7	1	2	2	2	1
75	8	0	1	0	0	0
75	9	3	3	6	4	3
75	10	2	1	3	3	0
75	11	1	2	3	2	3
75	12	1	2	0	2	3
75	13	0	1	0	2	2
75	14	0	1	0	0	1
75	15	1	2	2	2	2
76	1	-1	2	0	1	4
76	2	2	3	1	2	6
76	3	0	1	4	4	4
76	4	0	2	1	4	4
76	5	3	4	3	4	7
76	6	4	3	9	5	9
76	7	1	1	1	4	5
76	8	2	3	5	3	7
76	9	3	3	4	4	7
76	10	0	2	3	3	5
76	11	1	2	5	4	5
76	12	3	2	6	5	6
76	13	1	3	2	3	4
76	14	3	2	5	4	4
76	15	2	4	4	3	6
77	1	1	0	4	4	4
77	2	0	2	1	4	4
77	3	1	1	2	5	4
77	4	2	3	7	7	6
77	5	0	2	5	6	3
77	6	2	2	0	3	2
77	7	0	2	-1	1	1
77	8	1	2	2	2	2
77	9	1	2	5	6	4
77	10	2	3	1	3	4
77	11	1	1	0	4	2
77	12	2	3	3	5	6
77	13	2	2	0	6	6
77	14	1	1	0	3	2
77	15	2	2	1	3	4
78	1	4	1	4	4	6
78	2	2	2	0	3	3
78	3	2	1	2	1	2
78	4	0	0	1	0	2
78	5	1	2	4	2	1
78	6	-1	0	-2	0	1
78	7	-1	0	0	0	0
78	8	0	1	0	1	3
78	9	0	1	1	3	1
78	10	3	2	5	5	5
78	11	-1	0	0	2	1
78	12	2	1	0	1	3
78	13	0	2	1	2	2
78	14	1	2	4	2	3
78	15	0	2	-2	2	1
79	1	0	2	1	4	2
79	2	2	2	2	4	3
79	3	4	5	7	5	4
79	4	2	2	4	4	4
79	5	-1	1	-2	1	0
79	6	4	4	7	5	5
79	7	4	2	5	3	4
79	8	2	1	4	4	2
79	9	1	3	2	3	0
79	10	1	4	5	2	2
79	11	0	2	5	4	1
79	12	0	2	3	3	2
79	13	2	2	2	4	1
79	14	0	3	1	2	1
79	15	1	2	3	4	6
80	1	5	2	2	5	6
80	2	3	2	2	4	5
80	3	5	2	4	4	5
80	4	0	1	0	1	1
80	5	1	2	2	3	2
80	6	1	3	4	2	5
80	7	-1	1	-1	2	3
80	8	3	3	5	5	7
80	9	1	2	1	3	1
80	10	2	0	0	4	3
80	11	2	3	0	3	2
80	12	1	2	3	2	3
80	13	0	1	1	2	2
80	14	2	3	5	2	3
80	15	0	0	0	1	0
81	1	0	0	0	3	1
81	2	2	0	0	2	3
81	3	2	0	1	3	4
81	4	2	1	3	4	3
81	5	1	1	9	6	7
81	6	1	0	2	4	3
81	7	2	0	4	3	4
81	8	1	1	4	3	4
81	9	1	0	2	4	2
81	10	0	-1	0	1	0
81	11	1	0	2	3	4
81	12	0	1	2	2	1
81	13	1	1	3	5	3
81	14	1	0	1	3	2
81	15	0	0	2	5	3
82	1	3	3	2	2	4
82	2	1	3	1	3	5
82	3	3	4	6	6	5
82	4	3	4	4	4	4
82	5	4	3	2	6	5
82	6	1	2	0	2	2
82	7	4	4	7	4	6
82	8	0	4	2	3	3
82	9	2	2	3	3	3
82	10	2	4	3	4	4
82	11	4	3	3	5	5
82	12	2	2	1	3	2
82	13	5	5	3	5	5
82	14	3	2	2	3	5
82	15	4	4	5	5	6
83	1	1	3	2	3	2
83	2	0	2	2	4	2
83	3	0	1	0	2	-1
83	4	1	1	2	1	3
83	5	3	2	4	3	3
83	6	1	3	6	5	3
83	7	0	1	-2	1	0
83	8	2	2	4	6	4
83	9	3	3	3	5	4
83	10	0	1	0	2	0
83	11	1	2	3	5	3
83	12	0	2	0	2	1
83	13	1	2	2	4	2
83	14	2	3	4	5	2
83	15	2	3	3	7	4
84	1	1	2	0	3	3
84	2	1	3	1	2	4
84	3	0	2	0	4	5
84	4	3	3	3	4	6
84	5	0	1	-1	3	3
84	6	0	0	0	0	0
84	7	5	3	8	8	7
84	8	5	4	5	8	7
84	9	1	3	4	3	5
84	10	2	3	4	6	5
84	11	1	1	3	4	3
84	12	3	3	6	7	6
84	13	2	2	4	4	6
84	14	1	3	3	4	5
84	15	0	1	0	1	0
85	1	2	4	5	5	2
85	2	0	2	3	2	1
85	3	0	0	0	3	0
85	4	1	2	1	3	2
85	5	0	1	0	3	2
85	6	4	3	5	6	4
85	7	-1	1	0	1	1
85	8	1	1	1	4	2
85	9	5	3	5	4	4
85	10	3	4	4	5	5
85	11	3	4	4	4	2
85	12	3	2	6	6	4
85	13	1	2	0	4	3
85	14	1	2	0	3	1
85	15	1	3	2	3	4
86	1	3	3	4	6	4
86	2	6	5	10	7	8
86	3	0	1	2	2	2
86	4	3	3	5	4	4
86	5	4	3	4	7	5
86	6	2	1	5	2	5
86	7	-1	1	0	3	1
86	8	3	1	3	7	5
86	9	0	1	0	2	1
86	10	2	3	5	3	4
86	11	4	3	5	4	6
86	12	4	4	5	6	5
86	13	0	2	1	4	1
86	14	3	3	6	6	7
86	15	1	1	2	3	3
87	1	1	3	4	3	4
87	2	5	5	9	6	8
87	3	7	5	8	6	7
87	4	4	3	5	5	5
87	5	4	4	5	6	8
87	6	1	4	2	2	2
87	7	2	1	4	5	5
87	8	4	4	4	5	5
87	9	4	3	5	3	7
87	10	4	3	4	4	6
87	11	5	5	6	7	8
87	12	4	2	3	4	3
87	13	3	4	3	3	5
87	14	6	5	9	7	7
87	15	4	3	4	5	5
88	1	-1	1	-5	1	0
88	2	2	5	3	3	4
88	3	0	3	1	2	2
88	4	0	3	0	3	3
88	5	5	4	4	3	5
88	6	7	5	7	7	8
88	7	1	3	2	3	2
88	8	4	6	4	3	4
88	9	1	4	4	3	2
88	10	2	4	4	0	5
88	11	4	6	3	3	7
88	12	1	5	4	4	5
88	13	1	4	1	0	1
88	14	2	3	2	3	2
88	15	4	6	6	3	7
89	1	0	0	0	1	1
89	2	2	2	3	5	6
89	3	0	1	-2	2	3
89	4	2	2	2	4	2
89	5	1	1	2	4	3
89	6	4	3	6	5	5
89	7	0	1	4	5	3
89	8	2	1	2	3	2
89	9	0	2	3	5	5
89	10	1	0	1	1	2
89	11	3	1	3	4	2
89	12	5	2	4	6	7
89	13	0	2	3	6	5
89	14	0	1	-1	1	0
89	15	2	1	3	4	4
90	1	1	2	2	1	0
90	2	0	4	3	3	3
90	3	5	5	6	5	6
90	4	0	3	0	1	0
90	5	0	2	2	3	1
90	6	4	4	7	7	7
90	7	0	3	5	1	2
90	8	5	3	6	4	8
90	9	3	4	2	5	6
90	10	3	3	5	4	6
90	11	4	4	7	4	6
90	12	1	3	3	4	6
90	13	3	1	2	3	3
90	14	2	3	3	3	4
90	15	6	5	10	7	7
91	1	4	5	5	5	3
91	2	5	3	6	5	3
91	3	3	4	4	4	2
91	4	3	3	4	4	3
91	5	6	6	5	6	5
91	6	1	3	4	3	2
91	7	4	5	5	3	0
91	8	5	4	5	5	5
91	9	2	4	4	4	3
91	10	6	7	8	7	4
91	11	1	3	2	1	1
91	12	7	7	9	7	8
91	13	2	5	2	3	4
91	14	6	6	8	6	8
91	15	-1	1	1	3	0
92	1	5	4	5	7	7
92	2	3	3	4	5	7
92	3	0	3	0	3	2
92	4	1	4	0	3	4
92	5	1	3	3	5	5
92	6	3	4	4	6	8
92	7	1	2	2	4	4
92	8	1	4	2	6	4
92	9	6	6	5	7	8
92	10	0	2	2	5	2
92	11	3	3	4	6	7
92	12	4	5	2	6	5
92	13	0	4	1	3	3
92	14	1	3	3	5	4
92	15	5	4	2	4	6
93	1	0	3	3	3	4
93	2	3	5	6	6	7
93	3	0	3	2	3	3
93	4	0	4	1	3	2
93	5	2	4	6	4	8
93	6	1	1	3	4	4
93	7	1	4	3	3	3
93	8	4	4	6	7	6
93	9	2	4	4	3	4
93	10	4	3	5	6	8
93	11	-1	2	2	3	4
93	12	3	4	7	6	5
93	13	3	3	2	7	5
93	14	3	1	3	2	3
93	15	0	1	1	3	2
94	1	0	0	0	1	1
94	2	0	2	2	1	4
94	3	0	1	2	0	1
94	4	0	2	1	2	4
94	5	1	1	0	1	0
94	6	1	0	1	1	1
94	7	0	2	1	3	3
94	8	-2	0	2	0	1
94	9	2	3	5	3	4
94	10	1	2	1	1	3
94	11	0	1	2	0	3
94	12	0	0	0	0	0
94	13	0	0	0	0	1
94	14	2	2	7	4	5
94	15	1	0	2	0	2
95	1	1	4	3	2	4
95	2	3	7	6	5	5
95	3	3	6	4	5	6
95	4	3	6	8	6	8
95	5	0	4	3	3	6
95	6	5	6	6	5	9
95	7	1	4	3	1	7
95	8	3	5	4	5	6
95	9	1	6	5	4	4
95	10	3	5	5	5	8
95	11	1	5	4	3	7
95	12	4	6	7	6	10
95	13	4	6	9	5	9
95	14	4	5	8	5	6
95	15	1	5	2	3	6
96	1	0	0	2	1	1
96	2	2	2	3	1	2
96	3	0	2	4	0	3
96	4	4	3	5	3	4
96	5	1	0	1	0	0
96	6	3	1	0	0	0
96	7	1	2	0	1	0
96	8	4	2	2	1	3
96	9	2	2	3	2	3
96	10	3	0	3	0	1
96	11	2	1	2	2	3
96	12	1	1	3	0	1
96	13	4	2	5	3	4
96	14	3	3	3	2	4
96	15	2	3	3	0	0
97	1	5	7	6	7	7
97	2	7	7	5	7	7
97	3	2	5	3	3	3
97	4	4	6	5	4	4
97	5	6	6	6	7	9
97	6	5	6	3	4	5
97	7	6	6	5	7	6
97	8	6	4	4	6	8
97	9	5	7	4	2	8
97	10	1	4	3	4	4
97	11	5	4	5	4	5
97	12	5	6	6	4	6
97	13	5	7	6	5	6
97	14	6	7	8	8	8
97	15	3	6	6	6	6
98	1	3	2	8	6	4
98	2	2	3	5	6	6
98	3	2	4	6	5	5
98	4	1	2	7	6	5
98	5	3	3	6	4	6
98	6	3	3	8	5	8
98	7	1	1	3	3	2
98	8	6	4	8	6	6
98	9	3	3	6	4	4
98	10	3	4	6	6	4
98	11	2	2	4	4	2
98	12	1	3	5	6	5
98	13	4	2	6	4	5
98	14	0	1	1	1	2
98	15	3	1	6	4	3
99	1	1	2	1	3	3
99	2	0	2	2	1	2
99	3	0	1	0	3	4
99	4	0	2	-1	3	2
99	5	4	1	1	5	3
99	6	0	0	0	2	0
99	7	2	3	1	4	5
99	8	-2	1	-1	2	1
99	9	1	2	0	2	3
99	10	2	2	0	2	2
99	11	-1	2	0	2	2
99	12	-1	1	0	4	2
99	13	3	2	3	4	5
99	14	2	2	2	2	4
99	15	1	2	2	3	3
100	1	-4	0	-1	0	0
100	2	-2	1	0	0	0
100	3	0	2	1	3	3
100	4	0	1	0	0	1
100	5	-1	2	0	0	4
100	6	0	3	3	3	5
100	7	0	2	0	2	2
100	8	-1	3	-1	1	0
100	9	-1	2	0	2	3
100	10	0	2	0	4	0
100	11	0	2	0	3	3
100	12	-1	2	0	0	2
100	13	0	3	0	3	3
100	14	1	3	0	3	4
100	15	0	3	4	3	2
