1	6.03267332305694	2.28030673390277	.	4.39534464320934	1.07920054192241	3.78924559084974	1.5530007791226	0.562863928218086	2.31152237369459	.	1.70857714017789	3.89252642567735	1.82389330925227	-0.0175362016049369	2.28148410555812
2	-1.63653191991148	2.6117800940145	0.220999495754276	1.69292996398272	2.17832745991869	.	0.372002295332825	1.47152227105462	2.36996294205047	4.26325825711939	3.85876051612757	4.37759251028255	1.32634058782862	3.02212635860758	4.15368101150972
3	4.91930920736933	4.61515089690565	6.65241782490284	3.87485964164958	3.80233070530188	8.7372397696731	6.14019389122622	4.58580497192004	7.93057937621918	2.75819657527501	3.35429574528067	4.58124370139754	1.38230174074811	4.09798297864653	.
4	6.63390658523319	4.20198386170007	5.71749229432344	3.17110375326802	2.49960273774201	-0.523661123308746	3.75579528453837	1.50707575456349	-0.824729771918136	1.3709024676186	1.61128567658996	0.183489207241737	2.36224309409374	1.59827936207736	-0.522265277935355
5	3.16239827077076	0.532622235586994	2.13638737729873	2.59118210456952	0.889943144449682	1.67504797508089	2.2453114731111	2.91368053523883	3.3294944778107	2.76002977505079	1.09401170134084	3.07643566926225	1.27036997402393	1.41910303193331	3.66368044452883
6	5.40900337096034	4.35458742997463	4.13152052693612	5.88867879703358	4.03587543052896	3.09245615438804	3.83238015086716	3.76218066406419	.	6.79691308406897	4.24272238337752	6.59816980834601	3.50887483124864	4.11471950163163	3.67922105665297
7	4.25502510212442	4.77870068687633	10.4036448367996	1.6556976179454	2.72592125194596	2.44236464641944	3.10098956348531	.	4.00607023720769	0.546253630433474	.	1.99510262737897	1.36990519406786	1.72090766084156	4.78206556314715
8	-0.219674958724802	-0.967544335489464	-2.42697323084835	1.52008479337845	-0.0969476072143685	0.499914432007445	0.882143134917384	.	2.67108181760947	2.94952390370611	-0.231345060359098	0.236477133693891	-0.622209151114373	.	1.52708492335046
9	0.0252946135270955	1.39233647501825	1.9034196524952	1.94019269717129	1.79191090359388	0.286736806791026	4.65619186351924	4.18965614348907	5.83286286921168	-1.45202340934878	1.11241573381166	0.173492856609322	0.12007047438951	1.46682989961538	2.58008993365544
10	2.93913836473324	.	.	1.64591867567349	4.81426803782199	3.26531591769467	-0.151392762747995	1.67948220243807	-2.01494302405357	1.03086027148411	4.19146688421263	0.277611103711642	2.84557333571992	.	2.72715926731044
11	2.63455803507675	3.94624644868509	3.46548244159933	1.97932179143575	2.64911986132947	3.06894256838332	4.30804619548004	3.24248159086032	4.721313951213	4.64667644458335	3.33928529141464	5.38011454589732	4.51909980264152	4.12271254347104	5.19214743058547
12	.	.	4.06577027948305	2.71801730220864	4.94093111362625	5.24703426561127	0.906753773635371	3.76406652428948	7.07302317466673	2.07489286903835	1.93929378325053	3.58442687589915	-0.161578692233698	2.23806841635297	-0.411458910485333
13	1.42088913259782	.	.	1.77860068134811	1.36430081269919	5.46693430813356	.	1.74411401865139	1.49287720407866	4.29958568640053	0.997674356688415	5.86362654837777	4.88169711969214	3.15698321660368	6.85584670045368
14	2.86912739872605	.	8.01214348025208	1.09520983552254	3.36140999802528	4.97174710895054	-0.758771350737781	1.15176043244145	0.163017943363308	-0.1741815810891	2.05036319666239	4.57287167880238	1.35716572405028	3.66802375803264	7.24424760954424
15	2.72366168754605	.	3.30733051572231	1.81430559260373	2.84652095536074	3.5248038867905	0.830704584990506	3.28215071708427	4.92574287153548	-1.68779550049891	.	0.489886907699994	2.87759084031699	3.27331145755417	1.49782556025488
16	4.3216565499103	.	5.24849974648609	5.88702400993221	4.67269638117703	.	4.64766900355486	4.40778243572872	7.65997434183372	5.41893420301224	5.19053643855193	7.09106981183994	3.87957864355904	4.37207754538205	6.71823710768916
17	1.17387676479939	2.48954602146229	-0.45120457600927	3.46190103362052	4.25378179115965	5.80196730771042	2.05203049749481	.	3.62109612634833	2.67897682814331	2.07357698031251	3.03100150316757	.	2.24488601952792	5.44343320796833
18	0.619348981315091	-0.392122252963197	.	1.10669749151355	0.652528094554781	.	2.30823799636624	-0.291996136671535	3.38595374732463	-1.28946582346708	-1.55631474919158	-0.49076876178287	-0.33568513827533	-0.411041404426923	2.38539816960959
19	4.89021983660625	3.44253271988296	5.2098084206458	4.53326094473976	2.43691109124343	6.99431861262249	5.83493753118107	3.77433085766871	6.31049880668721	.	2.16487791580793	2.93276049739668	7.20942799177665	.	8.56378851773715
20	3.8290616938783	1.6387956940266	1.38012924131863	.	2.60731136698188	4.33075465555757	1.59960702923051	-0.257924003812912	-0.581985713944996	5.33048185611475	1.19089270147811	4.69126501156343	4.08101058749165	2.35431628328388	4.87346917354982
21	0.178375965105934	1.31757507953377	0.403623125983356	-1.50168786747181	0.573882357451809	.	0.128394179999607	1.51246950789404	0.163408456567086	-0.893676909042323	1.64240705739274	-1.78792945143432	1.37865537612849	1.45763445316282	1.92709419106128
22	-0.890405280253119	1.67503088177404	4.04038634684864	-2.79961431944941	-0.138782450504693	-1.97537382660877	-0.126932201983077	.	3.17194116973471	.	2.40880035672512	5.86632896368112	2.35219343855836	2.66780608311165	7.14451849082867
23	2.4608679993279	0.150872290437961	.	3.10353435389696	0.432466824218167	2.11398803932331	-2.07497541840775	-0.271738413934957	-0.334144444743892	2.08794283189326	0.724710053294097	1.6370784048567	-0.229504614139713	0.95101156387051	0.627198255332543
24	1.70182573280642	2.60810270951262	3.19270591006834	0.989360989802971	1.31773576983515	1.56635479325443	-0.587449084293674	1.49858816479977	1.34122904465249	2.68621869614453	2.06920884068129	6.1042394317923	1.97421745749367	1.31969609234293	6.94907353384188
25	2.04503206734885	3.03031519066336	2.76725484964033	1.01419060415421	5.11766721309881	3.45926498613767	-1.92706166143173	2.72616146455312	-2.04199705727706	2.0029341458068	4.75720721719365	2.17694700370931	-0.436300948787751	3.17239918175103	1.13392522590944
26	.	0.260385088651858	0.625546294212707	1.24665811834556	-0.108037307573914	0.438756242597229	1.62672786539422	-0.666992194201677	.	1.04036929462952	0.312745592735216	2.24681064753714	.	-0.819082692096739	.
27	3.94733981836887	5.02128792164879	8.45593917466176	1.04166441766568	2.2935209576798	2.47445539200568	0.622648448289387	3.60422790335109	3.20780176805243	5.47186679715083	.	4.97293598531949	.	3.68749520801632	5.75388411371736
28	-1.80383815988146	1.47782722803049	-1.63117465256886	-0.222949267638484	0.525523351707057	-0.20416998202439	0.257202142903672	2.00737463225407	4.15107107100603	3.1320535485431	3.38018359016595	4.43274211075311	.	.	1.06684876768498
29	-1.19276674712893	0.327393100467655	4.88161659077904	2.55547994587876	2.99960267534363	0.417773900491504	3.93804177284465	1.28048489007474	5.3401258110743	0.527647743762531	0.508038331131785	2.91523721625947	1.1648862813092	0.845716941897104	0.698038673983556
30	.	2.39905065051511	1.91251766167769	3.45071419387699	3.27233898110118	5.31210129173238	.	3.9919582989214	4.81483137060906	3.24111569958137	4.11080890169269	3.39387045299222	5.04287739966606	3.50896490503899	3.96099330679706
31	5.03574442323761	5.47765500563223	6.03217102725148	-0.31913314249206	2.88443174507746	0.361298736366438	1.88879125786062	4.77900904865807	.	1.17526816819349	3.62733996238452	1.54319194326337	2.05358484732576	5.37190162567154	1.59852108978616
32	2.17252298791292	2.47173822161849	3.53654934994204	1.83615394714578	1.92175679785949	2.80758100480853	0.452301121650873	.	3.30026770210649	-1.87602206688701	1.02247945416141	-2.89194737316641	4.69857694874867	.	.
33	2.14683682603617	.	.	2.53753072340459	3.9794698806962	6.49353558802476	4.90895810811354	2.62934229220024	7.59674348171	4.26730859909352	3.53044560290491	4.88604721079501	5.06549449635776	.	6.92266664143765
34	0.632740494046283	4.59481065921503	4.44142430837421	3.6127446746634	1.88992021973782	4.42580943740114	1.51864022979378	.	.	3.52007847690604	3.17101990926076	7.32131028553112	4.42573499494843	3.78992488282709	0.51274361282935
35	4.85287140748503	2.15511488079113	7.73349123764664	0.83377419312999	0.185823644348075	-0.717126091548049	3.04057890695437	0.146146098370389	4.93392982064594	4.19577325758711	2.47424884139944	5.36193637335714	2.69650056205354	2.66164327286785	4.37333592522231
36	3.18552762329754	5.26860612108294	6.71998709483738	1.83894113350171	4.16522252045778	2.01025067333183	2.2188354906563	5.71160992763043	3.6262283156543	1.66973111065788	5.17730203814462	4.24504722634724	2.6328913242953	2.94689446144889	-1.30821936029463
37	2.82434955172801	1.94383373328711	5.086034757219	1.86744474792004	1.02929562135461	4.65397653893648	.	1.57467868363417	5.31707205946905	2.27220095528872	1.69942818601431	1.27923911471185	2.77350991336143	2.30150893159141	4.04448391350835
38	2.23852990399588	4.4774834336738	4.64063557347496	.	2.76782502746054	.	1.76532540883904	1.9488489583458	2.45867204986466	2.25192203676499	2.33058070779749	4.08854724328196	2.22842074180468	3.70353527751214	3.39957241412847
39	-0.354443576453721	2.95139759065306	.	-1.38550059061745	2.98105952997022	-1.40643231895141	2.8026782118548	3.94515674222082	4.67381319786854	0.851458621063706	4.81575964914681	1.55704775259838	0.187870698367427	4.02944151630765	2.26408122487092
40	5.37254044100087	1.25105682426282	4.01774703617621	0.420731964055819	0.306364997369574	-0.293129534336442	3.21185006422482	1.0321233731719	5.18832385864028	1.30428944873123	0.0543267398967592	-0.822315208647857	2.83492268384594	0.60482721271011	1.88668599447076
41	-0.190854117177407	.	1.89144449703546	0.306142217041548	1.13520853091838	.	1.56278391094062	2.28412321134896	1.65337951776721	0.3600620753312	3.65970394947186	2.25543471806454	3.28080743922066	3.76230699716016	5.04388698430242
42	-1.02926998851458	0.425337465231154	-0.374047417025579	2.65875541249641	2.37078810485215	1.46751314610329	3.74133186508203	.	4.24806404333817	2.14019066234648	1.86615133026355	0.0739515784952567	2.57528823645679	2.37890904943849	1.91070161706
43	2.17878589065126	1.85720183968624	2.72196606450181	2.37831157639588	-0.960712112684703	1.2764808708973	3.50911502240931	0.221309739046608	2.31227460200139	0.417089829596953	-1.65737644960154	0.825345975681245	-2.21505688936873	-0.187410799701209	-0.365186708647911
44	0.505969959769238	2.01689724107129	.	4.2865438101224	4.06698485164703	5.95365438266022	4.66559015663635	.	.	5.53787797331851	3.78092276362642	5.10326071817997	.	3.84450811197885	6.49198882431312
45	.	3.04756518660057	7.80067143557087	4.55254180713144	2.13453960578287	6.22713070552602	5.01805164442932	2.14550311873437	3.11731800102238	5.6906050284456	3.23975573787249	.	3.51677454464521	2.04432675779824	2.61400308663236
46	-2.39855169033821	1.48207888444861	2.55658109954903	2.47064098919562	2.49641127948723	6.14567475394265	-1.1119855299363	1.01533535669897	2.45138674004568	1.65662181805465	3.78306377486541	3.26816838145286	-2.52762923657075	.	.
47	3.16612055351845	0.64225238729157	2.53977813913228	4.57053207565312	-0.0380236010953532	2.56756466681305	2.7501819070583	.	3.23515705979236	0.634223436888721	-0.224093935896512	0.314974705390476	2.03879472466826	0.649307288895203	3.51564672741144
48	0.573893989261126	.	1.07909624181552	3.28107125599295	2.74899512111699	1.93174468242203	4.52990679368033	2.9880776714721	3.24710323540728	-0.955747003017518	1.00570828645266	-0.698439943806004	2.18123080009725	4.57187287177392	1.20748475958048
49	0.942056721853488	5.22858085160775	.	.	.	7.17637968658616	4.91343748551608	4.63881423619827	7.71136500125305	1.71694283230598	4.62576144082677	3.63585691682298	.	4.58446553261549	1.5678323629725
50	3.86396470669855	1.32146760546097	2.73474093773627	.	0.973042435764629	2.23543508403349	2.32383256199564	3.17481179267982	.	-1.30976362404849	-0.512458763791616	-2.53275232051079	-2.75612422624695	-0.884198389238325	-0.323566304303402
