1	0	4	3	-1	5	0	-1	3	-1	0	3	1	2	4	2	0	3	-2	0	3	2	1	6	3	1	2	-1	0	4	3	2	3	1	3	4	1	0	4	4	0	4	1	-3	3	0	-4	1	-5	1	5	1	-1	4	1	1	4	3	-1	3	0	3	4	4	0	4	2	0	4	0	2	4	4	0	3	0	0	2	0	5	6	6	0	4	2	3	5	4	-3	4	-2	1	2	3	1	3	1	2	4	3	-2	4	2	0	4	0	-1	4	0	1	5	4	1	4	5	-2	2	-2	3	4	5	0	2	-1	0	4	0	0	4	2	1	3	0	0	2	0	0	4	1	2	5	2	0	4	5	-2	2	-4	-1	2	-1	3	4	4	2	5	5	1	4	2	2	4	4	3	5	4	-3	2	-1	1	6	5	0	3	0	1	4	1	1	4	1	1	4	1	0	3	1	1	3	2	0	3	2	0	3	-2	3	5	5	0	4	3	2	6	6	0	5	3	2	5	4	2	6	5	0	4	1	0	3	-1	1	4	1	1	3	2
2	2	3	2	4	4	5	0	3	0	3	4	3	0	3	0	0	3	0	2	3	2	2	3	4	2	3	1	1	4	5	3	4	5	1	5	2	1	4	1	2	3	7	1	3	1	1	3	2	4	5	5	6	3	6	-1	3	0	0	2	1	0	2	0	1	4	3	0	5	1	2	3	2	2	3	5	1	2	2	2	3	-1	1	4	3	3	3	3	0	2	-1	1	3	1	0	3	0	-1	2	-2	3	3	2	0	2	3	1	4	1	2	3	0	3	4	4	3	3	2	0	3	1	0	3	0	0	4	1	3	2	3	1	2	0	2	3	0	2	5	5	3	3	1	0	3	0	3	3	0	3	4	3	3	6	1	3	3	5	1	2	3	2	4	2	0	2	-1	1	4	2	1	2	2	0	2	0	2	3	3	4	3	6	3	3	2	2	3	1	3	3	0	1	3	1	1	2	2	2	4	2	1	3	1	2	3	2	-1	3	0	3	4	7	2	3	1	2	3	0	3	4	3	2	4	6	0	3	2
3	3	4	6	1	3	3	3	5	6	4	5	6	6	5	5	2	4	2	4	4	2	2	3	4	4	3	3	1	2	4	1	3	3	3	4	7	1	3	5	4	4	5	2	2	2	3	3	8	5	4	5	3	3	5	1	2	3	3	2	6	4	3	5	0	3	1	3	3	2	4	4	5	4	3	2	6	5	8	5	3	5	5	4	3	1	3	0	3	2	3	3	3	1	5	3	5	2	2	2	3	4	6	2	3	2	2	4	3	3	5	6	3	3	3	3	3	5	0	3	0	0	1	-2	3	3	5	5	4	8	3	3	4	7	3	3	3	2	1	1	3	2	1	1	1	4	3	5	7	5	9	4	4	7	3	3	10	3	5	4	2	1	1	3	5	7	3	3	4	0	3	2	2	3	2	2	3	3	3	2	2	4	2	2	1	2	1	6	3	10	4	3	3	5	4	6	-1	1	-1	1	3	3	3	3	5	1	2	3	7	4	7	0	2	2	4	3	3	5	5	6	4	3	7	0	3	3
4	1	5	3	1	2	1	1	2	0	1	2	0	6	5	5	0	2	3	-1	0	-1	2	3	2	3	2	1	-1	1	0	-2	1	0	3	2	2	4	5	2	0	3	5	2	2	1	1	2	0	1	2	2	2	3	3	3	3	3	1	1	2	3	3	4	2	2	1	1	2	2	1	4	4	3	4	5	-3	2	0	1	2	2	1	3	4	-1	2	0	1	1	2	4	2	1	2	3	5	1	3	2	2	3	4	1	2	0	6	3	5	3	4	5	4	4	6	1	2	1	0	1	-3	1	2	3	2	3	1	1	2	4	1	3	3	2	4	3	1	3	1	2	2	0	2	2	2	1	2	2	1	2	3	0	2	0	1	2	1	0	2	0	1	2	0	0	1	1	2	5	2	4	3	4	1	2	1	0	2	-1	0	1	-1	0	3	2	1	4	2	1	2	5	1	1	1	0	0	-2	1	3	3	4	4	6	3	4	7	1	2	2	-1	2	-1	6	3	5	0	1	0	1	2	3	2	2	3	0	2	1
5	0	0	0	-1	0	0	0	1	2	0	2	4	0	1	0	2	1	1	1	2	2	0	1	2	2	3	2	2	3	5	1	2	3	0	2	2	1	1	3	1	1	3	3	1	5	3	3	4	3	2	3	0	3	2	1	3	2	0	1	4	0	1	0	-1	0	0	3	3	4	-1	0	0	1	2	2	0	2	4	2	3	5	1	0	4	3	1	1	2	2	7	3	4	5	4	2	4	0	0	-3	4	3	6	1	2	3	2	2	3	3	2	4	2	1	3	0	2	3	2	2	4	3	2	3	1	2	5	5	4	5	1	2	2	3	2	3	0	0	-2	5	3	7	0	2	4	4	3	7	1	1	4	3	2	8	1	1	2	2	2	2	0	2	4	1	2	1	1	1	2	4	2	4	2	1	2	0	1	0	2	2	1	1	2	4	1	2	7	1	1	2	0	1	0	0	3	2	3	2	5	3	3	7	1	3	1	1	2	0	2	3	5	0	1	0	1	1	3	2	3	2	-1	0	0	2	3	4
6	5	5	8	4	3	4	3	4	5	3	3	4	5	3	5	7	3	7	6	4	7	3	3	6	1	2	5	3	1	1	4	2	4	6	4	6	1	1	3	2	3	3	4	3	4	4	2	5	2	3	2	5	4	9	3	2	6	2	3	5	4	3	4	5	2	6	3	3	6	5	3	5	4	3	6	4	4	6	2	3	5	5	4	5	6	4	5	6	3	6	5	2	6	5	4	5	7	4	10	6	3	6	2	2	4	0	2	1	3	1	3	3	4	5	4	4	6	5	4	7	5	4	8	5	2	6	6	4	8	1	3	5	3	2	4	1	4	2	6	5	5	3	3	5	5	3	7	4	3	5	4	3	4	3	4	3	2	2	4	1	2	5	1	2	6	6	4	9	2	2	4	4	4	6	6	4	7	3	4	5	4	3	5	3	1	2	1	4	4	3	2	3	3	3	5	4	3	5	9	5	12	2	2	4	3	3	6	4	3	7	2	2	6	3	3	6	5	5	7	4	5	10	3	4	6
7	2	2	3	2	2	3	3	2	2	0	0	2	4	3	6	2	1	0	0	0	0	1	1	2	2	1	3	4	4	4	1	3	3	2	1	3	1	1	1	2	0	0	0	1	2	4	4	5	0	0	0	3	2	5	2	2	1	2	3	5	0	1	0	2	2	2	1	0	1	4	2	2	4	2	5	3	3	6	3	2	2	4	3	8	1	1	3	2	2	0	2	2	2	0	1	1	2	3	0	4	3	5	3	1	2	2	2	2	2	0	1	0	3	0	1	3	0	3	2	2	1	0	0	3	2	5	0	2	1	4	2	8	1	2	3	1	1	2	3	3	1	1	1	0	3	2	3	2	2	3	1	0	0	0	1	0	3	2	3	3	2	4	5	2	3	0	2	1	1	2	2	0	2	3	0	3	4	2	1	1	5	4	7	0	0	0	1	2	5	-1	0	0	3	1	3	3	3	3	4	3	4	1	1	-1	3	1	4	3	2	5	2	0	1	0	2	4	4	1	2	4	2	0	1	3	3
8	0	2	6	0	-1	1	-1	0	1	5	2	7	1	0	1	0	0	2	-3	-1	-2	0	1	1	0	0	1	0	0	3	-2	1	0	0	0	0	-2	0	1	-1	0	1	1	0	2	1	0	4	-1	0	0	-3	0	-3	-2	0	-1	-2	0	-1	0	0	1	-1	1	-1	1	3	5	-1	0	2	-4	0	-1	0	0	0	-2	1	0	0	1	0	0	0	3	-2	0	0	-3	0	-1	1	0	2	1	0	1	-4	-1	-1	0	1	3	-1	2	1	1	3	4	1	0	0	0	0	0	0	0	1	-1	0	1	-3	0	-3	-4	0	-3	0	0	1	-2	0	0	-2	0	1	-4	0	-2	-1	0	-1	-3	0	0	0	1	0	-4	-1	-3	-1	1	0	0	0	0	-1	0	0	0	0	2	2	2	5	-1	-1	-1	-1	0	1	-2	0	1	2	1	4	0	0	0	0	0	2	0	0	2	-2	0	2	0	2	6	2	2	2	-2	0	-1	0	1	3	0	1	0	1	0	0	-1	0	0	0	1	5	-2	0	0	0	0	0	-1	1	0
9	0	2	0	0	1	1	0	4	2	0	3	3	-2	1	-2	2	4	5	1	3	3	3	5	7	2	3	4	0	2	1	5	6	5	3	5	8	1	2	1	0	4	2	0	3	2	1	4	3	1	3	3	-2	2	0	0	4	3	4	4	4	2	3	3	2	2	1	4	5	5	3	4	3	0	1	-1	0	2	3	3	5	4	2	3	3	0	4	1	3	2	3	-1	4	0	2	3	3	-2	3	0	-3	2	0	2	5	4	-2	3	2	0	3	4	1	1	2	0	2	1	3	4	7	-1	2	0	0	4	5	0	1	0	1	3	1	0	3	2	0	2	-1	-1	1	0	-1	3	2	4	5	4	1	4	5	2	2	5	1	3	1	1	4	3	1	2	2	2	5	3	1	3	4	0	2	0	1	3	0	1	4	4	2	3	4	1	4	7	0	4	2	2	5	6	2	4	1	0	3	4	0	2	2	0	2	0	1	3	4	1	4	2	3	5	5	2	2	4	0	3	1	-2	4	1	0	2	0	1	3	4
10	0	2	4	2	2	4	3	1	2	4	1	2	2	1	3	4	2	5	3	3	4	3	2	3	1	1	1	2	2	4	1	1	1	3	3	0	1	2	4	2	1	1	0	0	0	5	4	6	0	0	0	2	2	5	2	2	4	0	0	0	1	1	4	3	2	5	3	1	5	2	1	5	1	1	3	2	2	4	5	3	5	1	1	0	0	0	-1	1	2	4	0	1	4	0	1	0	2	3	4	1	0	1	1	0	3	0	2	4	2	2	5	4	3	6	0	1	2	4	3	5	0	3	6	1	0	3	2	1	1	3	4	5	0	0	1	1	1	2	0	1	0	4	2	8	0	3	2	0	1	2	6	3	9	3	2	3	1	0	2	3	2	4	0	0	1	1	3	3	2	1	3	3	1	5	0	1	1	-1	1	1	1	1	1	1	0	4	3	2	6	5	3	6	0	3	1	3	1	1	2	0	4	3	1	4	3	1	2	2	2	4	1	1	2	2	1	3	4	4	5	1	0	2	4	1	5
11	1	4	4	0	3	4	6	4	9	2	5	5	6	4	8	4	3	4	2	4	4	3	2	6	1	2	3	2	3	3	3	4	5	1	4	6	3	4	3	2	4	5	1	3	3	0	1	-1	3	3	6	3	4	7	1	3	4	4	7	9	3	4	7	4	4	9	1	3	5	3	3	5	2	4	3	3	4	8	2	3	4	1	4	4	0	2	2	3	2	4	2	4	5	2	3	6	1	2	5	2	3	3	4	3	7	5	5	7	2	4	2	2	2	3	3	4	8	0	1	0	2	2	4	5	4	9	7	3	8	3	4	8	0	3	4	2	3	4	1	3	3	3	5	8	0	2	3	3	4	6	3	4	6	2	3	0	2	5	6	0	3	2	5	3	6	4	5	9	1	1	3	5	3	7	2	2	3	4	4	6	4	4	5	4	3	4	4	3	5	3	3	2	2	3	7	3	3	8	1	2	0	0	3	1	1	3	5	2	3	3	4	5	4	0	4	2	1	3	0	2	4	4	2	3	4
12	3	4	4	1	1	2	3	5	4	1	3	5	2	2	5	1	1	3	4	4	8	0	1	4	0	2	1	1	3	2	0	0	0	0	4	5	3	3	3	2	3	3	5	4	5	1	1	4	4	3	4	5	4	8	1	3	2	2	2	3	5	3	5	3	3	3	3	3	4	4	3	5	2	2	4	4	3	4	2	2	6	2	3	4	4	3	6	3	3	6	3	3	0	2	0	2	5	3	4	3	3	4	2	1	5	5	4	4	3	3	4	2	3	2	1	2	4	2	2	4	4	4	8	3	3	5	4	4	7	1	2	4	3	3	7	1	3	7	2	3	4	5	3	2	3	3	1	1	2	2	4	3	4	2	3	5	4	4	5	3	3	1	2	1	4	3	1	3	2	2	3	1	3	4	0	1	0	0	1	0	2	2	3	2	3	1	1	1	1	0	1	0	2	1	3	4	4	6	4	2	9	2	1	3	4	2	6	2	3	5	2	3	2	3	2	3	1	2	1	3	3	3	5	2	6
13	0	3	0	0	3	0	1	2	0	1	4	5	1	4	4	2	4	1	0	2	0	1	5	2	0	3	1	4	2	2	4	5	3	1	4	2	2	4	6	0	4	1	0	3	3	0	4	3	1	2	0	0	2	-1	4	4	2	0	3	4	0	3	4	-2	1	0	3	5	7	6	7	11	2	3	3	2	3	3	2	4	7	0	3	0	0	3	2	0	4	-1	0	3	0	0	5	3	1	3	1	1	4	1	1	3	2	0	2	0	1	4	3	-1	2	0	2	3	0	1	4	0	0	3	2	4	5	4	2	3	1	0	3	0	-1	2	0	0	3	3	-1	2	0	2	4	2	0	2	0	1	4	2	1	3	3	0	4	0	0	2	1	1	4	5	2	4	3	4	5	5	2	3	1	-2	3	0	2	3	2	1	4	4	5	4	5	1	4	2	2	5	7	2	4	3	-2	3	1	3	4	3	3	4	3	3	4	4	1	4	4	1	3	1	2	3	2	0	4	1	4	5	4	0	2	0	-1	3	1
14	2	2	5	1	0	1	0	1	3	2	1	1	2	3	5	1	2	2	1	3	6	3	1	5	2	2	3	0	0	4	-1	0	0	3	3	2	1	0	3	4	2	3	0	2	1	2	1	1	0	2	1	4	3	5	2	4	4	3	2	2	1	1	0	1	0	4	5	2	4	1	1	4	0	2	1	0	1	2	1	2	1	2	3	4	0	2	0	2	2	1	2	1	7	2	3	5	5	4	6	0	0	-1	2	1	1	0	2	0	0	2	5	1	0	0	3	1	3	4	3	4	3	3	2	0	2	4	3	2	1	2	1	4	2	2	5	2	1	0	2	2	5	1	1	5	3	2	5	1	1	2	2	2	4	3	1	1	4	3	5	1	1	4	0	2	1	4	1	3	1	0	0	1	0	2	2	2	6	-3	0	-2	2	2	2	0	0	-1	1	0	3	0	1	3	0	0	4	1	1	2	4	3	3	1	2	2	0	3	5	1	2	4	0	1	0	0	2	-1	0	0	-1	3	2	3	2	2	1
15	4	2	4	1	0	2	0	0	0	3	1	3	0	1	2	1	0	2	0	1	1	2	1	5	4	1	1	1	0	1	0	0	1	2	1	0	4	1	3	2	1	4	4	1	3	2	0	1	0	0	1	2	0	3	2	0	2	0	0	2	0	0	3	0	1	1	-1	0	-1	0	0	0	-1	0	-1	0	0	-1	4	2	5	-1	0	1	-1	0	0	0	1	3	2	3	2	3	1	3	4	2	3	3	1	4	0	1	0	0	2	3	3	1	0	1	2	2	5	2	6	3	0	2	1	1	4	0	0	0	0	0	1	5	2	6	0	0	1	1	0	2	1	1	2	3	2	3	3	1	5	1	0	2	2	0	0	0	0	3	0	0	0	1	0	2	6	1	2	3	1	7	3	0	5	0	0	-1	4	2	4	3	2	4	0	0	1	0	1	0	3	1	4	4	2	5	1	0	0	2	1	4	0	1	2	1	1	2	0	2	3	1	1	0	1	1	1	1	0	1	1	0	0	2	1	3	3	1	3
16	4	5	8	6	7	10	1	4	2	5	4	5	4	6	5	6	6	9	4	5	7	4	6	7	4	4	4	4	5	5	6	7	7	2	6	5	5	5	7	4	6	6	4	5	7	7	7	9	4	5	3	4	6	6	7	7	7	5	6	7	6	7	7	3	6	4	5	5	6	1	5	3	5	4	3	3	4	8	2	4	5	5	5	2	7	6	7	4	7	7	2	5	6	4	5	9	2	5	5	3	5	5	5	7	7	5	5	3	5	6	9	5	5	5	5	6	6	2	5	2	1	3	5	5	7	9	2	6	7	3	5	5	5	5	4	6	5	7	2	5	5	3	5	6	2	5	4	2	4	2	6	6	9	5	7	6	3	5	4	3	5	5	3	5	4	3	5	4	4	7	6	2	5	1	5	6	6	4	6	4	3	6	7	3	4	4	3	5	5	5	6	6	7	6	6	0	5	4	3	5	7	3	5	3	3	5	4	4	5	5	3	6	7	3	4	4	7	8	10	0	4	1	5	8	5
17	2	2	2	4	3	4	2	3	1	2	1	4	1	1	1	2	2	2	5	4	8	3	3	4	4	3	6	3	2	4	5	3	3	4	3	4	3	3	3	1	1	3	1	2	4	0	2	0	3	1	3	2	1	3	2	3	6	3	1	2	1	1	4	8	5	11	3	2	6	4	2	6	1	2	4	2	2	2	5	2	4	4	3	4	4	2	3	4	4	6	0	1	0	2	2	2	1	1	-1	2	2	5	2	2	3	2	1	1	3	4	5	3	2	7	0	1	4	3	4	4	0	1	2	1	1	2	3	4	8	2	2	4	4	4	4	2	3	3	-1	0	1	0	1	1	4	3	7	4	2	3	1	1	0	2	2	3	3	3	4	5	2	5	3	2	1	-1	1	1	0	1	3	3	3	4	3	3	5	-2	0	0	4	4	4	4	1	3	3	2	6	1	1	0	0	2	2	1	1	4	5	2	7	3	4	4	3	2	2	5	3	7	0	2	3	3	3	5	2	2	3	0	1	2	5	2	3
18	0	0	0	0	1	0	0	0	0	-1	0	-3	0	0	2	0	0	0	0	0	3	-1	0	0	0	0	1	-2	0	-4	0	0	0	-4	0	-2	-3	-1	-5	-2	0	-3	-2	0	0	-1	0	3	-4	-2	-3	-1	-1	-2	2	0	0	-1	0	0	0	1	0	0	-2	-1	-1	0	0	0	0	0	-1	0	0	-1	0	-1	-3	0	-1	-5	-1	-7	4	1	0	1	1	4	-1	-1	-2	-1	0	-1	2	0	3	1	0	4	0	0	0	-2	0	-3	2	1	3	-3	0	-2	0	1	1	0	0	-1	0	0	-1	-1	0	0	-3	-1	-2	0	1	0	-3	0	0	0	0	0	0	-1	-1	0	0	-1	-1	0	-2	-1	0	0	-2	-1	-4	0	0	-3	-2	-2	-2	-2	-1	-2	0	0	-1	2	1	1	-1	-1	-3	0	0	0	0	0	0	-1	0	-2	-1	-1	0	0	0	0	-2	0	-1	-2	-1	-4	0	0	1	0	0	0	0	0	-1	0	0	-4	1	1	3	-1	0	1	-2	-1	0	-3	-1	-4	-2	-1	-2	0	1	2	0	1	1
19	0	1	4	4	3	2	4	0	4	1	0	0	2	1	7	6	3	7	3	1	5	2	2	4	2	1	3	1	0	7	1	1	2	0	0	2	3	1	5	1	2	5	5	3	8	1	1	2	2	1	5	2	2	6	2	2	4	1	1	3	1	3	1	2	0	5	3	3	7	3	3	7	0	0	1	4	2	6	3	2	5	1	1	5	0	2	2	1	3	4	1	2	5	1	1	5	0	1	4	1	1	3	4	1	5	5	2	6	3	2	3	3	3	8	0	0	3	0	1	5	3	1	4	1	1	2	5	3	6	0	1	5	2	2	3	0	1	3	2	1	5	1	1	4	1	1	4	0	0	3	0	1	2	1	1	5	3	1	5	2	3	6	6	2	8	1	2	5	3	1	4	2	0	5	1	2	5	0	0	2	2	2	8	0	0	4	2	2	7	0	1	5	1	2	2	2	1	5	2	1	4	3	1	6	2	1	4	2	3	7	0	2	4	4	2	5	1	2	3	1	1	1	2	3	3
20	1	1	2	-1	0	2	1	2	5	1	0	0	2	1	3	0	0	2	0	0	0	-2	0	0	1	0	0	1	1	1	1	0	5	0	0	-3	2	2	4	2	1	5	-2	0	1	1	0	4	0	0	1	0	0	1	0	0	3	2	0	1	-1	1	0	0	0	1	0	0	1	1	0	4	0	0	0	-3	-1	-2	2	2	4	2	2	7	0	1	2	1	0	5	0	0	3	1	0	3	2	0	5	1	0	2	-3	0	-1	0	1	4	0	0	1	-2	-1	2	0	0	1	0	0	2	1	2	6	0	0	0	0	0	1	2	1	5	3	1	3	0	1	4	2	2	6	1	0	4	0	0	3	2	0	2	1	1	6	4	2	7	-1	-2	0	1	0	2	1	0	3	1	1	0	-1	0	1	2	1	3	-1	0	2	0	3	2	2	2	3	1	2	6	-1	0	0	3	0	3	0	0	2	0	0	0	3	2	2	2	1	6	0	0	1	2	0	3	-2	0	1	0	2	3	0	1	3	1	0	0	1	0	5
21	3	2	4	-1	0	3	0	0	3	1	0	5	0	0	0	-2	0	-3	1	2	3	0	0	1	0	-1	0	2	1	5	4	2	7	0	0	0	1	1	3	0	0	0	2	2	1	4	2	4	2	0	1	-1	-1	-1	0	0	1	3	0	3	-1	-1	-2	2	2	7	0	0	0	0	1	1	0	0	1	2	0	3	0	1	0	0	0	1	1	0	2	0	0	0	0	0	0	4	0	2	1	0	1	-3	0	-2	1	0	3	-3	0	-2	0	1	1	2	1	4	-2	0	0	-1	-1	-2	2	2	5	0	0	0	3	1	4	2	0	0	2	1	3	2	0	3	2	-1	-2	0	0	2	0	1	3	3	3	5	0	1	1	0	1	2	0	2	0	0	1	0	2	1	3	0	0	0	-1	0	3	2	2	0	0	1	0	1	3	5	-1	0	0	5	1	4	2	0	0	5	1	3	-2	0	0	3	0	2	3	0	3	-1	0	-1	0	0	0	1	0	1	3	3	3	0	0	1	0	0	1	3	3	1	-1	0	0
22	3	3	3	1	2	4	0	0	2	0	3	3	2	3	2	0	3	3	2	3	7	0	3	2	0	1	1	4	4	7	0	4	3	0	2	4	2	4	6	0	2	3	4	3	6	0	1	1	1	4	4	1	4	1	0	2	1	0	2	0	0	2	1	2	3	2	0	2	3	2	2	3	-1	1	3	0	3	3	1	2	2	0	1	1	2	3	6	1	3	5	1	1	1	-1	2	0	0	3	1	3	5	6	0	2	2	0	1	3	0	3	3	1	2	4	3	2	6	1	2	1	4	3	6	1	2	0	1	2	1	0	2	2	3	3	5	1	2	2	4	2	5	4	2	7	1	1	2	1	3	3	0	3	0	1	2	3	2	2	4	2	4	4	-1	2	1	-1	1	0	0	2	3	1	3	5	1	3	5	0	3	0	2	2	5	0	3	3	3	2	6	2	3	4	0	1	2	1	2	2	1	2	2	-2	2	0	-1	2	3	3	3	3	0	2	2	0	1	4	2	3	1	2	3	0	-1	2	0
23	-1	2	0	0	2	1	0	2	1	1	3	5	0	2	0	0	3	0	1	2	1	1	2	2	0	4	0	2	1	0	3	4	4	-1	2	-1	2	2	3	0	2	1	0	1	-1	-1	1	0	0	2	-1	0	3	0	-1	0	-2	0	2	0	0	2	2	-1	2	0	0	0	-1	-1	3	1	0	2	0	-3	1	-3	1	4	1	-2	0	-1	0	2	1	-1	1	0	-1	1	-1	-1	1	0	1	3	0	0	3	2	0	2	2	-3	0	-3	-2	0	-3	0	3	0	-2	1	0	0	2	0	2	3	3	-1	2	2	-2	2	0	0	3	0	-2	1	0	0	1	0	0	1	0	0	2	1	0	4	2	0	2	2	-1	1	2	0	2	0	0	2	-1	0	3	0	0	2	5	-1	2	-1	0	1	0	0	2	0	1	2	2	1	3	0	0	2	1	0	1	-1	0	2	0	2	2	0	2	4	3	-1	2	-3	0	0	0	2	0	0	-1	2	2	1	3	0	-1	2	-1	0	2	-3	2	3	3	1	2	1	2	3	2
24	2	4	5	0	1	0	1	3	1	1	2	3	1	2	5	0	2	2	0	3	1	0	2	2	3	3	5	-1	0	-2	2	2	1	0	1	2	0	1	2	1	2	4	-2	1	-1	0	2	6	-2	1	0	-1	1	-2	1	2	3	0	2	4	0	3	0	0	2	0	2	1	3	1	2	-1	0	3	3	0	3	2	2	3	4	2	3	3	4	4	3	2	3	5	0	1	2	0	0	-1	0	1	3	0	2	1	2	2	2	1	1	0	2	2	0	0	1	0	0	3	1	1	2	3	0	2	2	0	2	0	0	2	1	1	2	1	1	2	0	0	2	2	0	0	-1	1	2	2	-1	3	0	-2	0	0	0	2	1	0	2	3	0	3	1	3	2	2	0	3	2	1	2	4	1	1	0	1	1	2	2	3	4	-1	3	2	-1	1	0	-1	1	2	2	5	2	0	2	1	1	2	1	0	1	2	0	1	0	0	2	0	1	2	1	0	4	1	3	3	6	0	2	2	-1	1	1	1	1	4	1	3	4
25	6	1	4	0	0	2	2	0	3	4	1	2	3	3	3	2	0	1	4	1	2	2	0	0	0	0	1	3	2	3	3	2	1	1	1	4	0	0	0	5	2	4	4	3	3	2	0	0	3	2	2	0	0	0	4	2	0	4	2	3	2	1	0	2	1	5	1	0	2	-1	-1	-3	1	0	1	3	0	4	4	2	5	2	0	2	2	1	2	1	0	0	0	0	2	1	1	0	4	2	6	3	2	4	2	2	2	5	2	2	1	2	-2	3	1	3	1	1	1	0	1	0	1	1	-1	0	1	3	2	1	3	1	2	0	0	0	-1	0	0	-3	3	1	5	2	1	0	2	2	2	2	1	0	0	1	0	0	0	3	0	1	0	0	0	-3	2	3	4	3	1	4	0	0	0	1	1	0	2	0	-1	1	2	1	2	1	2	1	0	0	2	0	0	0	1	-1	4	2	2	3	1	1	2	1	2	1	1	0	-1	0	-1	2	1	2	3	0	3	2	1	3	2	3	3	0	0	-1	4	2	1
26	0	0	0	-1	1	-2	-1	0	2	0	0	2	0	0	-1	-2	0	0	0	0	3	-3	0	-4	-1	2	0	-1	1	2	-1	1	2	1	2	1	1	1	3	1	1	1	0	0	3	-2	0	0	0	1	2	1	1	4	-2	0	0	0	1	0	0	1	0	2	0	2	0	0	0	-2	0	-1	-1	1	2	1	1	1	-1	1	0	-1	1	1	0	2	3	0	0	0	1	1	3	2	2	2	2	2	2	-2	0	0	-3	-1	-2	0	0	0	0	1	1	0	1	3	-1	0	1	-3	0	0	-2	0	1	0	0	4	2	2	2	0	2	1	-3	0	0	-2	0	-2	-2	0	-2	0	1	2	1	1	1	0	3	0	-3	0	0	1	2	2	0	0	0	1	2	4	0	1	0	0	2	1	0	0	0	0	0	0	0	0	0	-2	0	-1	-1	1	1	0	1	3	-1	1	0	-2	1	-1	0	1	1	-1	0	0	0	0	0	-2	0	-1	0	2	0	1	2	-1	-1	0	0	0	0	0	-1	1	1	-1	0	-2	-2	0	-1
27	1	1	0	3	2	5	3	2	5	2	1	1	4	2	5	3	3	5	4	2	4	1	2	0	2	3	3	2	2	3	3	3	4	2	2	5	6	3	5	2	2	3	0	1	2	4	1	3	7	4	8	0	3	3	6	3	6	2	0	4	2	2	4	3	1	2	3	1	1	5	3	8	3	1	6	3	1	4	5	2	7	6	4	10	3	2	7	0	1	0	2	1	0	0	0	1	0	0	0	5	2	6	1	2	2	4	2	2	4	3	7	3	1	2	3	2	3	2	3	3	4	1	4	1	1	3	3	2	4	4	1	5	3	2	4	0	0	2	4	3	4	3	2	8	3	4	6	2	3	4	1	2	3	3	2	2	1	3	5	1	1	3	3	2	5	2	2	3	1	-1	0	0	0	0	3	2	2	2	2	2	0	1	0	2	1	0	3	2	6	5	3	3	0	1	0	2	2	0	2	2	2	3	3	4	3	2	5	3	3	3	2	1	2	3	2	2	1	1	1	2	1	4	5	3	6
28	1	2	2	2	1	3	2	2	3	0	0	3	2	1	4	0	1	0	5	3	7	3	1	3	2	0	3	0	1	4	4	3	5	2	2	4	2	1	2	0	1	0	1	1	0	1	1	1	3	1	6	2	2	3	3	1	2	3	3	4	0	2	5	0	1	2	1	1	2	1	3	5	2	2	4	2	3	5	5	2	7	3	0	2	0	1	2	3	2	6	3	1	3	2	2	5	0	1	1	0	1	4	0	0	-1	4	2	3	1	1	0	1	0	2	2	2	2	2	2	4	2	3	1	5	1	5	3	3	3	2	2	5	3	1	3	0	0	1	0	3	2	3	2	8	1	1	4	-1	0	1	5	2	4	2	2	4	2	1	3	0	1	2	4	3	5	2	2	6	2	2	2	2	1	3	0	1	0	0	1	3	6	4	2	3	4	6	2	1	4	1	1	1	1	1	0	5	4	7	2	1	3	0	1	0	4	2	5	0	0	5	2	3	5	3	1	5	1	1	4	5	3	6	2	3	4
29	1	1	0	0	2	1	0	2	1	-1	2	1	1	2	3	0	1	0	1	2	1	1	2	3	-3	1	1	1	2	4	2	3	6	0	3	4	1	2	1	-1	2	3	-1	2	2	0	1	1	0	2	2	0	1	2	0	3	2	0	3	4	1	2	3	4	3	6	0	2	1	1	2	3	-1	0	0	-1	2	3	0	3	3	-1	1	0	-1	3	1	-1	1	0	0	2	1	-1	2	1	-2	2	0	0	0	0	0	3	2	1	3	2	0	2	2	0	2	1	0	2	3	1	2	4	-2	0	0	0	3	5	-3	2	-1	0	0	0	0	2	0	0	1	0	0	3	4	1	2	2	0	2	3	-3	0	0	1	4	0	0	3	4	1	2	3	-1	2	1	1	1	2	-1	1	0	2	3	6	-1	3	-2	0	3	3	0	1	3	-2	2	-1	1	1	3	1	3	2	0	1	2	0	1	1	0	2	3	1	1	2	1	3	4	0	1	1	0	1	4	0	2	2	1	2	4	-1	1	2	0	2	4	-1	1	1
30	5	3	6	4	1	3	4	4	9	3	3	8	2	2	4	3	4	9	3	3	4	4	2	4	3	2	4	3	3	6	3	2	5	0	2	3	2	1	3	2	2	4	5	2	6	3	2	4	1	1	6	6	3	7	3	3	4	7	2	6	5	3	7	1	1	1	3	2	4	0	1	3	2	5	8	5	4	7	2	2	2	2	2	3	6	3	6	2	1	2	5	3	8	4	2	5	1	1	2	4	3	5	3	1	7	0	2	1	4	2	5	2	1	4	2	1	4	3	3	3	1	2	5	5	4	8	0	0	1	6	3	6	2	2	4	2	3	7	3	2	7	4	3	4	1	2	1	3	2	7	4	2	5	5	2	5	2	1	5	6	3	5	2	1	6	2	3	4	3	2	3	0	2	2	2	3	4	2	2	7	4	2	7	5	4	8	3	2	3	4	4	5	2	2	5	2	1	1	4	1	5	1	2	0	2	1	2	2	4	6	2	2	4	3	2	5	2	2	3	2	2	4	3	3	4
31	4	4	5	2	4	1	6	5	9	5	5	7	4	5	4	4	5	4	2	5	3	6	5	6	4	6	4	4	5	4	3	6	6	2	3	3	4	5	6	4	4	4	1	3	1	3	4	3	4	4	5	5	6	4	4	5	4	1	3	2	4	5	4	0	5	1	1	5	3	1	4	3	3	3	1	4	5	7	1	3	1	4	4	1	5	5	3	4	4	7	3	4	1	1	4	1	3	4	5	1	3	2	4	6	5	0	2	0	0	4	4	0	3	0	1	3	0	2	3	3	5	6	6	4	6	9	2	4	5	3	3	2	2	3	5	3	5	5	0	2	-1	4	3	4	4	5	1	2	4	2	1	3	0	2	5	3	2	2	0	3	5	6	1	4	2	3	4	3	4	5	4	4	4	3	3	4	2	2	4	2	2	4	1	2	2	1	0	4	2	3	4	4	3	4	3	5	4	4	6	5	7	4	5	5	6	5	7	3	4	4	7	6	7	4	5	5	2	4	0	5	4	4	0	3	0
32	3	4	1	0	1	0	0	2	3	0	3	0	0	1	0	3	3	4	4	2	1	3	3	2	1	0	2	3	2	3	4	2	3	2	3	4	3	2	2	2	3	2	1	1	1	0	1	0	1	1	0	1	1	0	3	2	4	-1	1	-3	1	1	0	1	2	1	1	1	0	5	2	3	2	2	0	0	0	-1	1	1	0	3	2	2	5	5	4	2	2	2	1	3	1	0	0	0	3	3	5	2	2	3	0	0	-2	2	1	2	1	2	2	0	1	0	2	0	0	0	2	0	2	2	3	2	1	1	4	2	3	2	2	2	3	3	4	2	1	2	0	1	-3	2	3	-1	4	2	2	0	2	3	3	3	3	3	1	4	3	1	4	2	1	1	0	2	1	-1	2	2	2	2	4	3	1	5	4	2	3	0	2	2	6	3	5	3	2	2	0	0	0	3	2	5	2	1	3	2	2	2	1	3	2	1	2	0	0	2	2	2	0	2	1	1	1	2	1	0	2	1	3	3	2	2	0	2	1
33	4	2	4	0	3	4	1	1	1	7	4	6	2	4	3	2	3	1	2	2	5	4	2	3	4	3	4	1	4	5	3	4	3	1	4	4	4	3	4	4	3	3	6	4	6	3	2	1	4	2	2	0	3	3	1	3	2	4	3	6	3	3	4	0	2	0	1	2	1	1	2	0	2	3	6	7	4	11	2	3	2	3	3	6	2	3	4	6	5	7	0	1	1	0	4	2	2	2	1	2	3	3	1	3	0	1	2	2	4	5	7	3	4	2	8	5	9	4	3	4	0	2	0	1	2	4	3	3	3	2	3	4	4	4	3	4	4	6	3	3	5	1	4	0	1	3	1	0	3	1	3	4	2	4	5	6	5	2	3	5	4	6	7	4	7	6	4	7	2	3	4	4	4	5	2	2	2	3	3	4	3	3	2	2	3	3	4	3	3	4	3	7	2	3	4	1	3	3	1	4	2	3	3	2	5	4	6	2	2	2	5	4	6	1	2	2	5	3	3	1	2	0	2	2	1
34	3	3	4	2	1	6	2	3	6	2	2	4	0	0	1	1	2	3	1	1	4	5	3	6	4	2	4	1	0	3	2	2	3	1	2	5	2	2	4	4	4	7	2	4	5	3	3	5	3	2	6	0	1	2	0	3	4	0	3	7	4	2	6	3	3	5	3	2	4	4	3	7	1	1	3	1	0	-1	0	1	0	4	2	5	4	1	3	2	1	5	4	2	4	4	4	6	5	2	6	2	2	4	1	1	2	5	2	6	3	2	5	1	1	4	3	2	4	0	1	0	0	2	3	2	2	6	1	3	6	0	1	4	5	2	5	4	3	5	1	1	6	3	3	3	4	2	5	2	3	6	1	2	7	1	2	3	4	3	7	0	1	1	1	3	3	5	2	5	1	0	2	1	1	2	2	2	2	2	3	6	-1	0	1	2	3	8	0	2	2	3	2	5	3	1	6	4	2	5	3	2	3	2	3	5	5	3	10	3	3	3	4	3	7	2	3	5	3	2	3	3	5	8	0	2	3
35	0	3	4	2	3	9	0	2	3	2	3	7	2	2	1	4	3	7	0	1	3	0	2	3	4	2	6	3	2	4	1	3	5	1	3	5	1	1	2	4	3	7	1	0	2	1	2	3	0	0	0	2	3	5	2	2	4	2	3	3	2	3	6	0	1	4	6	4	9	-2	2	1	2	3	8	2	3	6	0	1	3	2	1	3	2	2	8	3	4	6	-2	2	1	6	4	12	4	4	9	0	2	3	1	3	4	1	3	2	0	3	2	1	4	5	1	2	5	2	3	4	1	3	7	-2	0	0	0	1	2	2	2	6	0	3	3	2	3	7	0	3	5	1	3	5	3	2	7	1	2	5	2	2	3	0	1	5	0	1	0	0	1	4	5	4	10	2	2	5	5	3	7	1	2	1	1	4	3	2	3	3	3	2	6	0	3	3	-1	1	-1	3	3	10	0	2	4	2	3	6	2	2	4	4	3	7	2	3	3	1	1	4	1	3	5	1	2	2	3	3	8	1	3	3	0	1	0
36	1	1	2	2	1	0	-1	0	-1	2	1	3	4	2	2	4	0	2	1	0	0	1	1	1	1	1	0	5	2	3	5	1	5	1	1	0	3	1	0	5	2	4	3	1	5	3	1	4	5	2	6	3	0	6	4	2	6	4	0	3	1	0	-2	3	1	2	4	2	1	5	2	2	0	0	-1	4	1	0	6	2	6	4	3	2	1	0	-1	4	1	2	1	0	2	3	2	4	5	3	5	1	1	0	4	1	1	2	0	2	0	0	-1	1	2	0	5	1	1	6	3	6	-2	0	-1	6	2	4	6	3	4	5	2	3	4	1	0	2	0	1	6	2	5	2	0	-1	2	2	5	6	1	6	6	3	4	3	1	0	1	1	2	4	0	2	3	1	5	6	2	4	6	2	4	3	2	3	5	3	6	4	0	3	6	2	3	2	2	0	3	1	0	1	0	1	4	2	3	0	1	0	1	1	2	1	0	1	2	0	1	1	1	1	4	1	2	3	1	2	2	1	1	5	3	5	5	3	3
37	3	2	6	0	2	-1	3	4	3	0	1	1	2	3	1	1	3	6	1	2	2	1	2	1	2	3	2	0	3	4	4	3	5	0	1	0	1	3	1	2	3	3	1	3	4	1	1	1	1	1	1	0	1	0	1	1	0	1	3	3	1	2	1	2	2	4	0	2	2	0	1	0	2	2	2	3	3	2	2	2	2	1	3	2	2	2	0	1	3	3	0	3	0	1	3	3	0	1	1	0	2	0	1	1	0	0	2	0	0	2	3	1	2	1	0	2	0	0	3	3	-1	1	0	0	2	5	1	2	5	0	2	0	0	2	0	4	6	5	1	2	5	0	3	2	1	2	2	3	2	3	2	2	2	1	2	0	1	2	1	0	3	2	1	3	2	0	3	2	2	2	3	2	3	5	0	0	0	2	3	3	2	3	2	1	2	0	1	2	2	0	3	2	2	2	1	0	1	0	0	1	0	0	2	3	2	2	5	0	3	0	0	2	1	-1	2	-1	0	2	3	4	2	3	0	2	0
38	1	1	1	1	3	2	3	3	4	3	3	5	7	5	9	3	3	4	3	2	2	5	4	4	2	2	1	2	3	3	3	2	5	0	1	0	-2	0	0	5	4	6	1	2	2	0	1	0	0	2	0	2	2	2	1	2	4	3	2	6	2	2	3	3	4	1	2	3	0	0	2	1	3	2	3	2	1	1	1	1	2	0	3	1	4	5	4	0	1	-1	0	2	2	4	2	3	4	5	6	1	2	5	3	3	3	2	3	5	2	1	3	3	2	1	6	4	8	5	3	4	1	1	3	4	4	7	5	2	2	4	4	2	3	4	6	4	4	1	2	3	3	1	2	2	2	2	2	2	3	3	0	3	1	4	4	6	2	1	1	0	2	3	4	4	4	0	3	3	3	2	6	1	1	2	3	2	4	1	2	3	0	2	-2	2	3	1	1	3	2	4	3	4	3	1	1	1	2	2	2	2	0	2	3	2	0	1	2	-2	0	-2	6	3	5	4	2	5	3	2	3	-3	1	0	4	3	2
39	3	3	3	1	3	3	4	4	4	4	4	3	2	2	2	6	4	4	3	2	4	4	3	7	1	2	4	3	1	4	1	1	2	2	2	2	2	2	4	3	2	3	3	1	0	3	0	2	5	1	4	3	3	0	1	1	2	0	1	1	0	2	0	3	2	2	2	1	1	2	1	1	3	0	2	2	1	4	3	2	4	1	1	2	3	1	2	0	1	0	0	0	-1	1	1	0	0	1	3	2	1	1	2	1	0	5	3	7	4	4	8	6	4	7	4	3	4	2	2	0	2	0	0	1	1	2	1	2	1	6	2	5	2	2	4	4	2	4	2	3	3	0	1	-1	3	4	2	1	1	0	1	1	2	5	3	8	5	2	3	3	1	2	1	1	-1	3	2	1	6	3	7	6	2	4	2	2	4	2	3	6	3	3	4	1	2	2	2	3	3	2	3	2	3	1	0	2	1	3	3	1	2	0	1	0	4	3	3	3	3	3	2	1	4	1	1	2	0	0	-3	4	3	3	3	0	-1
40	1	1	4	1	1	7	0	1	1	3	1	0	0	1	0	0	2	3	0	0	0	0	2	2	1	1	5	2	3	7	-3	1	0	1	2	3	0	1	4	1	1	4	1	0	1	0	1	3	2	3	1	0	1	5	0	0	1	0	2	3	2	1	3	1	0	1	0	0	1	2	0	3	1	1	2	2	1	4	4	1	4	0	2	4	0	1	2	0	1	1	0	2	0	-1	0	-1	0	1	0	0	1	0	0	1	1	-1	0	0	0	1	1	1	0	2	2	1	0	0	1	0	1	2	3	-3	0	-1	0	2	1	2	2	4	0	1	2	0	1	4	0	1	0	0	0	2	0	0	3	-1	0	1	0	0	1	0	0	4	1	1	1	1	2	4	2	1	4	0	2	3	-1	0	-1	0	0	4	1	1	4	1	2	2	1	2	5	3	1	2	0	2	2	0	0	3	1	1	3	0	0	0	0	1	2	2	2	5	0	2	2	-2	1	2	0	1	0	0	0	0	0	1	1	2	1	2	0	1	0
41	1	1	-1	1	1	0	1	0	1	4	1	1	0	2	4	0	1	2	1	0	0	1	0	0	0	1	0	2	2	2	3	1	2	2	1	2	3	1	4	0	0	1	0	1	2	1	0	2	-2	0	0	1	0	2	2	2	3	5	2	4	0	1	4	0	0	-2	1	1	1	0	2	3	0	1	3	3	1	2	0	0	0	1	0	3	-3	-2	-1	1	0	2	2	2	5	4	2	4	0	0	-2	3	1	4	0	0	0	1	1	2	0	0	-1	2	1	1	-1	0	0	0	0	5	0	1	2	-1	0	0	2	2	3	2	1	4	2	1	3	2	1	2	2	0	0	0	3	3	0	0	1	1	1	0	3	1	6	2	0	2	4	0	3	1	0	4	6	2	5	0	0	-1	2	1	3	3	2	2	2	1	5	3	2	4	3	2	3	2	2	4	-1	0	1	3	2	3	0	-1	0	6	1	4	1	0	0	2	0	2	1	0	1	0	0	1	1	0	2	3	1	2	1	1	1	3	1	7	0	0	0
42	0	2	2	0	1	4	0	0	1	0	1	3	3	2	8	0	0	1	-1	0	2	0	0	0	2	2	5	0	2	1	1	1	3	1	0	1	4	2	0	2	2	6	1	0	2	0	0	0	1	2	2	3	2	6	2	2	7	0	1	0	0	2	1	0	2	3	0	0	3	0	0	1	2	2	6	3	2	6	0	0	1	0	0	-2	0	1	0	2	1	3	1	1	3	3	1	6	0	1	2	-1	0	2	2	3	5	0	1	2	0	3	2	1	1	1	1	1	1	-1	0	0	3	2	6	2	2	4	3	1	5	2	0	2	2	2	3	0	3	0	3	1	3	0	1	0	3	2	4	0	1	1	0	0	0	1	1	2	-1	-1	1	0	1	0	1	2	5	3	3	6	0	0	2	2	2	3	0	0	1	6	3	7	2	1	4	0	0	1	4	2	3	0	1	1	1	1	1	2	1	2	4	3	4	1	1	1	0	1	2	0	2	0	4	3	3	4	3	6	4	2	5	3	2	6	-2	1	0
43	0	3	5	1	3	3	-1	0	1	0	2	0	-3	1	0	0	2	2	0	2	1	-3	0	-1	-3	2	0	-1	1	0	-2	1	1	-2	2	0	0	3	2	-1	2	1	-1	2	1	2	3	4	-1	1	0	1	3	6	0	1	3	0	3	5	-1	2	2	-1	2	2	1	2	1	0	3	2	0	4	7	1	3	3	-1	2	0	-1	2	1	0	1	2	0	3	4	-1	0	-1	-2	3	-1	2	4	6	1	2	4	0	2	2	-2	2	1	0	3	0	0	4	3	2	4	6	0	3	2	-1	2	1	-1	3	2	-1	2	3	-1	1	1	0	3	3	1	5	4	0	2	2	1	3	2	0	3	2	0	2	2	0	1	2	0	4	3	0	3	2	0	1	2	0	3	2	1	4	4	0	1	2	-3	0	-2	2	5	6	-2	2	1	0	1	0	2	3	3	-5	0	0	-1	1	0	-1	2	-1	-2	1	0	0	3	3	1	4	5	0	2	3	0	1	0	0	3	2	-1	2	0	0	1	0	1	3	2	0	3	2
44	2	2	3	3	4	7	-1	1	0	3	3	5	0	3	4	6	5	9	5	4	10	0	2	2	3	4	5	3	3	5	3	2	7	4	5	7	6	4	8	0	4	6	4	3	8	3	2	5	5	5	8	0	3	2	5	3	6	5	4	8	0	2	-1	4	3	7	1	2	7	2	2	6	4	3	6	4	4	9	3	3	6	4	3	4	2	3	6	1	2	5	3	2	3	2	4	6	3	3	6	3	3	3	4	4	5	2	2	3	3	2	2	4	3	7	2	3	6	5	3	7	6	4	8	3	3	8	7	3	6	2	3	2	2	3	4	2	2	5	4	4	5	3	4	5	6	2	7	7	4	8	5	3	7	3	3	3	0	3	5	3	4	7	4	3	5	3	3	5	2	2	5	3	3	4	3	2	3	5	3	7	3	2	6	2	3	4	2	1	2	4	2	9	4	2	2	1	3	3	2	1	5	2	4	8	4	3	8	4	2	6	6	5	8	6	3	6	4	3	6	3	2	5	4	4	10
45	0	2	2	3	2	6	3	2	5	3	3	3	3	3	2	4	3	5	1	5	6	2	2	4	2	2	6	4	3	3	2	2	3	4	4	6	2	2	2	4	4	4	0	1	0	3	2	1	0	2	2	1	5	5	0	3	6	0	1	1	3	3	5	1	3	1	3	3	5	0	2	1	3	4	5	3	2	3	0	2	1	3	2	5	1	3	3	3	2	5	0	1	3	1	3	2	0	3	4	1	2	2	2	2	5	3	4	7	2	4	5	1	2	2	0	2	4	2	3	5	3	4	5	1	2	6	0	3	3	0	2	-1	3	4	7	0	2	1	4	3	4	1	2	4	3	3	5	4	4	7	0	2	1	3	3	7	3	3	7	2	4	3	0	3	1	2	3	4	4	4	6	1	3	0	4	3	7	-2	1	2	0	0	0	3	3	6	1	2	2	1	3	5	0	2	3	0	2	1	1	2	3	2	3	2	3	3	6	1	3	7	2	2	3	1	4	5	2	3	3	1	3	1	3	3	4
46	-1	1	-1	0	3	0	0	2	-2	-1	2	-1	2	5	2	1	1	0	-1	2	0	-1	4	0	1	5	0	-3	0	-3	0	2	1	0	1	0	-2	2	0	0	3	0	1	2	0	-1	2	-2	-1	1	-1	4	4	3	0	2	-1	0	2	0	-1	2	0	0	3	0	0	2	2	0	2	1	1	3	0	1	4	3	0	3	2	2	3	1	-1	1	-1	0	5	0	0	4	3	0	4	-1	0	2	0	0	2	2	1	2	1	0	4	2	0	3	-1	0	4	1	0	3	0	1	4	2	0	3	-1	1	3	0	-2	4	-4	-1	3	1	-1	1	0	2	4	0	0	2	-1	0	3	-1	1	3	0	0	3	-1	2	3	0	3	5	3	1	3	1	0	4	2	0	2	-3	0	3	0	1	3	1	1	2	0	0	3	1	2	3	5	0	3	0	0	3	2	0	2	-4	1	3	0	-1	2	-1	0	6	1	0	2	-3	0	3	0	3	3	3	0	2	0	-1	3	0	0	4	3	2	4	3	5	3	5	0	2	-1
47	-1	2	0	0	2	4	-1	1	4	3	3	2	1	1	4	0	2	1	1	3	3	2	1	2	2	1	5	1	1	2	1	3	2	0	2	1	0	1	0	-2	0	-2	3	3	4	-1	0	1	0	0	1	0	0	3	1	3	5	1	2	4	2	2	5	0	1	3	1	2	3	0	2	1	0	2	2	2	3	2	-1	1	0	0	2	1	1	2	2	0	0	2	0	2	4	0	1	0	0	2	4	0	1	0	0	2	2	0	0	0	1	1	4	-1	0	0	1	3	0	0	1	1	1	2	3	-3	1	0	1	2	0	0	3	1	0	3	3	1	2	2	0	1	1	-2	0	-1	0	2	5	0	2	2	-3	1	0	1	2	1	1	4	4	1	2	4	1	1	0	0	2	4	0	2	0	0	3	4	2	2	3	0	3	4	0	1	0	1	2	4	2	2	5	0	0	0	0	1	1	1	2	4	-1	1	0	-2	1	-1	0	0	2	0	2	5	0	1	0	1	0	2	1	3	3	0	1	2	0	3	2
48	4	0	4	1	0	3	3	1	3	0	0	3	0	0	-1	5	1	4	2	1	4	2	1	1	1	1	2	0	0	-2	3	0	3	3	2	3	1	0	0	1	-1	0	6	2	7	0	0	2	3	1	4	3	2	2	3	2	4	0	1	1	1	0	2	5	3	4	4	1	6	2	1	4	0	1	2	4	0	3	0	0	0	3	0	3	0	0	0	0	1	0	5	0	2	2	1	1	2	0	2	3	0	2	3	1	5	4	2	6	1	0	1	2	0	2	5	2	2	3	0	2	0	0	0	0	0	1	2	1	3	6	1	6	0	0	1	1	1	1	0	0	-2	1	0	0	0	0	0	3	0	2	4	2	7	-1	0	0	3	0	3	6	1	6	2	0	-1	0	0	0	3	1	0	3	1	5	1	0	-1	0	0	0	2	0	2	-2	0	-2	-1	0	0	2	1	1	3	1	3	-2	-1	-1	3	0	1	0	0	-1	2	0	0	4	2	3	-1	0	0	4	0	5	2	1	4	0	0	1	4	0	3
49	4	4	2	5	2	4	7	1	3	2	1	1	0	0	0	8	3	9	3	4	3	4	2	4	3	2	0	5	4	5	8	3	6	7	4	6	1	0	3	3	1	2	5	2	2	4	3	4	4	3	2	1	1	2	4	3	5	4	3	0	8	3	6	3	0	0	5	3	4	2	1	-1	1	1	5	5	4	5	6	2	7	0	1	1	2	1	0	3	1	4	3	2	5	5	4	4	3	2	2	1	2	0	3	1	3	1	1	0	6	3	7	2	2	0	5	1	0	9	3	6	7	4	6	4	2	3	6	2	5	6	2	6	5	3	2	2	1	0	4	3	7	2	0	-1	3	1	3	3	2	3	3	1	0	0	1	-2	2	2	1	7	3	5	4	1	3	3	0	3	4	3	2	3	3	1	4	3	5	3	2	6	7	4	6	3	2	1	5	1	5	4	3	1	4	1	5	3	0	2	3	3	4	2	0	1	6	1	5	3	0	1	4	4	2	2	1	1	6	1	3	5	3	4	5	3	7
50	1	3	3	0	2	-1	2	2	2	2	3	1	2	3	2	0	3	3	0	2	0	1	2	5	1	5	5	-1	1	-3	0	2	2	0	3	0	5	5	7	0	2	0	2	4	4	1	3	1	0	3	2	0	2	2	1	3	2	3	3	2	3	3	1	0	2	0	-1	2	1	0	2	0	0	3	3	3	3	5	3	4	6	0	2	2	0	2	5	0	1	0	1	3	1	2	4	3	0	3	1	0	3	1	-2	3	0	0	2	1	2	3	2	1	3	4	0	0	-2	1	3	4	0	2	0	2	0	1	1	2	3	0	1	4	0	2	0	0	2	1	1	3	3	1	3	4	0	1	0	0	1	-1	0	2	-1	2	2	2	0	2	2	0	2	2	3	4	6	3	3	2	0	2	3	1	3	2	2	2	5	1	2	0	2	3	3	1	2	1	2	4	3	0	4	0	1	3	3	0	3	4	0	1	3	1	2	2	1	3	3	0	2	4	0	0	3	0	2	1	0	2	1	0	2	1	3	3	4
51	0	2	3	2	2	3	2	2	0	3	2	5	4	2	5	2	1	0	3	2	2	4	1	3	1	1	2	2	2	4	2	2	5	0	0	2	0	0	0	4	3	4	0	2	1	1	1	2	0	1	0	0	2	2	1	2	5	4	3	5	3	2	5	0	0	3	3	1	4	3	3	7	3	2	5	3	2	5	1	3	5	3	2	3	4	4	6	1	2	4	3	1	4	2	3	4	2	2	3	4	2	7	1	3	5	4	2	4	1	2	4	0	2	2	4	0	4	2	2	3	2	3	7	2	0	2	3	2	4	3	3	4	3	0	3	3	3	6	2	2	3	2	2	2	1	3	5	1	2	1	2	3	4	0	0	3	6	3	7	0	0	0	1	1	0	1	1	3	2	1	1	3	4	5	2	3	5	2	3	6	3	2	7	3	2	1	3	1	5	4	2	6	4	2	4	0	2	0	0	1	3	0	0	0	2	0	4	5	4	7	0	1	1	4	2	6	3	2	4	2	2	4	2	2	5
52	1	0	-1	1	1	0	1	1	2	5	2	3	0	1	-1	1	1	0	3	0	3	3	2	3	2	2	1	2	1	3	0	0	1	4	2	2	3	1	2	0	0	1	-1	0	-1	1	2	0	1	2	1	2	3	3	2	1	1	2	1	2	2	2	0	2	1	2	5	1	2	0	1	3	0	1	0	3	2	0	4	1	2	1	1	0	3	2	2	4	1	4	3	1	2	2	1	1	3	1	4	1	1	0	3	1	3	3	1	0	5	2	6	0	2	0	0	0	-2	4	1	2	2	1	1	1	3	2	2	2	1	3	3	4	0	1	0	1	1	-1	2	2	4	1	0	-1	1	1	0	4	2	3	0	1	2	5	3	6	2	2	1	1	1	0	0	0	0	5	2	3	0	1	0	4	1	2	3	1	5	0	1	0	4	4	2	2	0	0	2	1	2	4	0	1	6	3	5	3	0	1	2	3	6	2	1	1	-1	0	-1	2	3	4	0	1	0	1	1	0	3	2	4	4	1	1	4	3	2
53	3	2	2	2	3	3	4	2	3	2	3	2	2	2	1	5	3	5	1	2	3	2	3	3	0	0	0	2	3	4	-1	0	0	0	2	4	0	0	0	1	1	2	0	1	3	3	3	3	1	1	0	0	2	0	0	1	0	3	1	4	4	4	4	1	0	2	2	2	7	1	3	0	2	0	2	3	2	3	2	2	2	0	0	-1	0	0	0	3	2	2	3	2	4	-2	0	0	0	0	0	0	2	0	4	2	1	2	2	3	4	2	3	0	2	1	3	1	2	5	3	4	3	2	3	2	1	1	0	0	0	3	1	3	1	0	0	-1	-1	-1	1	2	0	2	2	2	3	1	3	4	2	6	2	3	3	2	0	1	3	2	4	7	2	6	1	2	2	4	4	4	0	2	3	2	2	3	0	0	-1	0	2	1	0	1	4	-1	2	0	0	1	0	0	1	0	3	3	5	0	1	0	3	2	2	2	0	3	2	2	3	3	1	2	3	2	2	2	0	2	3	1	1	3	2	6	1	1	3
54	7	5	10	3	4	3	6	5	10	1	4	5	0	1	3	0	3	3	1	2	3	3	4	7	3	4	9	4	4	7	3	4	7	2	3	4	0	3	3	0	4	4	2	3	3	2	4	4	2	3	5	4	4	6	4	5	5	5	5	9	-2	2	0	3	5	4	4	4	4	2	4	4	0	4	2	1	3	6	2	3	2	4	3	7	2	3	2	8	5	11	2	2	3	3	4	3	0	2	3	1	2	7	6	5	9	4	3	2	3	3	7	2	2	3	6	4	5	3	4	4	2	3	2	3	4	4	3	2	3	3	4	4	0	3	4	4	4	6	3	4	7	4	4	9	4	4	7	2	4	7	3	4	7	3	5	4	3	5	8	4	4	5	5	3	5	3	4	5	3	5	5	2	3	4	4	3	7	3	2	5	4	3	4	3	4	6	0	3	3	3	4	7	0	2	2	6	4	7	0	2	4	0	3	1	4	4	7	0	2	7	1	2	3	4	4	6	0	2	0	2	2	3	3	1	3
55	0	3	2	1	4	3	1	3	2	0	2	2	1	4	0	2	6	3	0	2	0	-1	2	-2	1	3	2	-1	1	-2	2	5	1	5	4	6	0	1	1	0	2	0	0	2	1	5	5	3	1	2	1	2	4	3	2	5	3	2	5	3	2	3	4	0	4	0	0	4	1	2	4	0	0	3	0	0	1	0	4	4	3	-1	3	0	2	4	1	3	4	3	1	4	4	3	3	3	1	4	3	1	4	2	-2	2	-1	1	3	0	0	4	0	0	3	3	5	4	8	3	3	1	0	3	1	3	4	3	2	3	3	2	2	1	1	4	1	0	4	2	1	4	1	1	4	2	1	3	2	0	3	0	2	3	3	1	4	0	2	5	5	0	2	3	2	4	0	4	4	5	1	3	3	2	3	1	2	3	5	-1	2	-2	2	4	1	1	4	0	4	4	3	2	4	5	3	4	5	1	3	0	2	4	2	1	4	2	1	3	2	0	3	0	0	3	1	0	4	0	3	3	3	0	3	0	3	5	3
56	9	6	9	6	4	8	5	5	8	3	3	3	2	4	5	2	3	3	2	1	0	2	2	5	4	4	3	4	4	4	1	3	5	5	3	8	5	5	9	4	3	7	4	4	5	4	1	6	4	5	3	5	4	8	6	6	6	0	3	2	4	4	8	1	2	2	1	3	2	5	5	8	3	4	4	2	2	4	3	5	5	1	3	4	4	2	4	4	4	6	1	2	3	4	3	4	2	3	5	1	1	0	4	3	3	2	3	3	3	5	7	2	3	3	1	3	5	4	3	5	4	3	5	3	4	5	3	5	4	0	2	4	2	3	5	5	5	7	4	4	9	1	2	4	3	3	3	3	3	6	3	3	2	5	4	7	3	4	3	4	3	6	7	5	8	4	3	5	5	4	9	0	2	0	1	2	2	4	4	8	3	4	3	2	3	5	4	5	8	3	4	4	1	3	6	2	4	3	0	2	2	2	2	1	3	4	5	4	4	6	1	2	3	0	3	3	4	5	7	5	5	3	4	4	7
57	2	3	2	1	2	2	-1	1	0	1	2	2	0	2	-2	0	1	1	0	2	2	1	1	1	1	1	2	0	1	1	0	1	-1	0	0	-2	-2	0	0	2	1	4	-1	1	0	0	1	2	0	3	3	0	1	0	2	2	1	1	1	0	1	1	2	0	3	1	0	1	-2	2	3	3	0	2	2	0	2	0	0	2	2	2	3	5	0	1	-2	0	2	0	2	2	4	0	1	-1	3	4	6	0	0	0	0	1	-1	0	1	1	3	2	0	4	4	6	1	2	0	0	2	1	-1	0	-2	3	1	2	-3	0	-4	0	2	3	2	3	1	0	2	0	0	1	1	0	2	0	0	4	0	-1	1	1	-2	1	0	0	1	2	-1	1	0	1	2	3	0	2	1	0	1	0	1	1	4	1	2	3	-2	1	-1	1	1	1	-1	2	-1	0	2	1	0	2	1	0	2	0	1	1	1	0	2	1	2	3	2	0	2	4	0	1	-1	0	1	1	-1	0	-1	1	2	3	-1	1	2	1	3	2	0	2	0
58	2	2	4	2	3	6	2	2	2	0	2	0	1	3	2	3	3	6	2	3	1	2	2	4	4	4	6	2	3	3	3	4	5	3	2	3	3	3	1	1	2	1	2	3	4	2	2	1	2	4	4	5	4	5	3	2	5	4	5	7	-1	1	2	2	3	4	5	3	3	4	4	5	3	4	3	5	4	7	7	4	6	2	1	0	2	2	4	0	1	0	2	2	0	4	3	2	3	4	4	0	2	1	2	3	4	-1	2	2	2	3	6	1	3	1	2	4	2	0	3	1	0	3	3	4	2	4	1	2	5	2	3	2	1	2	2	3	2	4	1	3	4	1	3	2	4	3	3	1	3	0	5	4	2	6	4	5	1	4	5	3	3	4	3	4	5	3	3	4	2	3	4	2	3	4	0	1	0	4	3	1	1	3	4	3	1	1	2	3	6	3	3	4	4	5	7	-1	1	0	4	4	3	1	3	1	2	3	4	2	3	0	4	3	3	4	4	5	3	5	6	0	2	4	4	6	5
59	2	2	1	1	2	3	2	3	2	1	2	1	2	1	2	0	0	0	3	2	5	3	2	3	3	2	1	3	3	1	0	2	-1	5	3	5	2	2	2	1	1	3	2	3	0	1	2	1	2	1	1	1	4	5	3	4	1	2	4	3	1	2	1	2	1	-1	6	2	2	0	2	1	1	2	2	4	2	3	1	1	-2	0	2	0	2	2	2	4	4	7	1	2	1	2	1	2	2	2	0	2	4	3	2	2	-1	1	1	0	1	1	0	1	1	3	1	2	0	3	2	2	3	3	3	4	4	3	1	1	0	4	3	4	-2	0	-2	5	3	3	2	2	2	2	2	1	2	2	1	1	2	0	2	2	0	5	2	1	0	1	-1	3	2	0	2	1	1	1	2	0	0	0	0	3	3	3	0	0	-2	1	0	-1	0	0	0	5	4	4	2	3	1	4	3	4	2	1	-1	3	2	4	5	3	1	4	1	3	5	3	3	0	1	0	3	1	3	4	3	2	2	3	2	1	3	1	5	2	2
60	2	0	2	1	1	4	3	2	5	0	0	0	0	0	6	3	2	6	1	1	3	3	2	3	0	0	4	2	1	6	1	2	3	1	1	2	1	0	3	0	0	5	0	1	4	0	0	2	2	2	7	2	0	3	3	1	6	0	1	4	2	1	5	0	1	6	0	1	7	1	1	3	0	0	1	0	0	2	0	0	3	0	0	4	5	1	7	0	0	3	-1	0	0	0	0	1	0	1	3	3	1	6	1	2	4	3	2	9	0	1	3	0	0	0	1	1	7	0	0	4	3	1	3	1	1	5	1	1	5	1	0	3	4	1	9	5	2	8	2	0	1	1	1	4	3	1	8	2	1	6	0	1	3	3	1	6	0	1	3	2	0	5	2	1	4	0	0	0	0	2	4	0	0	0	-2	0	1	0	0	5	3	1	6	4	1	7	1	0	4	0	0	2	0	0	3	1	0	4	3	1	6	2	2	7	1	1	6	1	0	6	3	2	8	-1	0	0	2	1	6	2	0	4	2	1	0
61	3	3	4	3	0	2	3	2	3	1	1	2	2	1	2	1	0	0	3	1	2	3	1	2	2	1	2	0	2	1	0	1	2	3	0	2	5	1	5	4	2	5	2	3	3	6	4	5	3	2	6	5	3	4	1	2	2	4	2	4	2	0	2	1	1	6	3	2	2	2	2	4	1	3	3	4	2	6	2	2	3	2	1	1	1	1	3	2	1	0	4	3	4	3	2	2	1	2	2	5	1	7	0	1	0	4	2	5	6	3	4	4	2	2	6	2	4	3	2	2	0	2	2	4	2	3	1	1	2	4	2	6	0	2	1	4	3	3	3	0	5	0	0	0	4	1	2	0	1	0	4	2	4	0	1	0	3	2	2	1	1	2	3	2	2	2	2	2	4	3	7	3	2	3	5	2	1	5	2	4	1	1	2	5	2	6	5	1	4	4	3	4	0	1	0	1	1	0	1	1	0	4	2	6	3	2	6	1	1	4	3	0	2	0	1	0	3	2	4	5	3	6	0	2	1
62	-3	0	0	3	3	3	2	2	5	0	2	2	2	1	1	-2	1	0	0	1	4	0	0	2	1	2	5	1	1	2	-3	-1	-3	1	1	4	-1	1	1	0	1	7	-2	0	-2	0	0	1	1	0	3	0	1	2	-2	0	-1	-1	0	0	-1	0	2	0	2	4	1	2	1	4	3	4	1	2	2	0	0	0	3	2	4	0	0	2	1	1	7	2	1	2	1	0	3	0	1	5	0	2	2	0	0	1	0	1	2	0	1	2	2	3	2	3	1	5	2	0	3	0	1	0	0	2	3	-2	0	0	-1	1	1	2	2	6	0	0	2	-1	1	0	0	0	1	0	0	2	0	0	-1	1	1	5	0	0	0	2	1	4	0	1	0	1	2	3	-2	0	0	0	2	2	1	2	5	0	2	0	0	1	3	-1	0	1	0	1	0	2	0	1	0	0	2	1	2	3	2	2	3	3	1	4	1	2	4	0	0	0	0	1	2	0	1	1	0	2	3	0	1	4	-2	0	-1	4	3	5	0	0	0
63	-2	0	-3	0	1	0	1	0	2	1	1	2	1	2	1	1	1	0	0	3	3	3	2	7	-2	1	2	3	1	2	0	2	2	0	1	2	1	3	4	1	3	4	2	3	5	0	1	4	3	3	5	0	3	0	0	1	1	0	2	3	0	2	2	0	2	4	2	2	1	1	3	4	-1	2	0	1	2	3	2	1	6	2	3	4	2	2	4	0	3	4	3	2	3	0	3	2	1	3	4	0	2	1	2	2	2	0	1	3	0	2	2	0	2	1	-1	1	-1	1	2	1	0	2	4	1	0	0	3	4	4	-1	2	3	2	2	3	0	3	2	2	3	4	1	2	3	-1	3	1	2	1	4	0	1	4	0	2	5	1	2	3	2	2	4	0	2	1	0	2	0	1	4	3	0	1	3	0	0	1	0	1	0	2	2	1	1	1	3	0	0	2	-2	1	0	0	0	2	0	0	1	1	3	6	0	0	0	-2	0	0	1	2	1	2	1	6	2	1	3	1	2	3	0	1	3	-2	2	0
64	3	1	3	1	1	0	2	2	1	4	3	3	2	3	2	1	1	1	0	1	0	2	2	0	0	2	-2	3	2	1	3	4	2	7	2	3	0	2	2	3	3	2	4	3	2	4	1	0	1	3	0	3	2	3	2	2	2	4	4	1	1	1	1	4	2	2	3	2	2	2	3	2	2	2	0	3	2	1	4	2	1	4	3	4	1	1	0	2	2	0	1	2	1	4	3	6	5	4	7	1	2	4	3	2	1	3	2	4	2	3	1	2	1	2	3	3	4	2	2	1	1	2	0	4	2	3	1	2	0	5	4	6	3	2	1	4	2	4	3	3	2	3	4	2	5	3	2	3	1	0	3	1	2	2	3	1	4	2	3	0	1	1	3	3	2	2	3	0	6	3	4	2	3	4	0	1	0	2	3	3	2	2	0	4	4	2	1	1	0	0	0	0	3	3	2	4	3	4	2	2	3	3	4	6	4	3	3	1	3	1	4	2	3	3	2	0	5	3	6	4	4	3	1	3	2
65	0	4	3	1	2	0	3	4	2	-4	2	-3	0	3	-1	0	3	3	1	3	1	-3	0	-3	0	3	2	4	4	5	0	3	0	0	3	4	0	1	1	0	3	1	0	2	0	0	3	1	0	3	2	-4	1	-3	0	3	1	1	2	2	2	3	4	2	4	6	2	3	0	0	4	3	-1	2	0	0	3	2	-1	3	-2	3	4	6	-1	3	0	0	4	4	1	4	1	0	1	0	1	3	0	-1	2	0	0	4	0	0	3	0	0	4	0	2	3	2	-1	3	3	2	3	1	-1	1	0	0	3	3	1	5	0	2	4	0	-1	2	1	-2	4	0	3	5	5	-2	3	-1	-2	4	2	0	3	2	0	3	0	-1	3	1	-1	3	-2	-1	3	-1	-1	3	0	3	3	3	0	2	2	5	5	5	0	3	0	3	3	2	0	3	0	0	3	1	1	3	3	1	3	4	-1	3	2	2	4	6	1	4	4	0	2	2	0	5	0	-2	2	-1	-1	3	0	0	3	1	0	5	3	3	5	6	0	4	0
66	0	3	2	4	7	5	0	3	0	2	4	3	2	2	4	2	2	3	0	3	1	2	4	2	7	5	7	2	4	3	2	3	3	3	5	4	-1	2	0	3	5	4	5	4	4	2	4	2	4	4	0	1	3	4	2	5	7	0	4	1	2	4	4	2	5	6	6	5	5	1	3	2	0	3	-1	3	3	4	2	4	3	3	5	6	0	2	2	0	5	2	4	5	8	1	4	4	4	5	4	2	5	5	0	3	2	4	5	5	2	3	0	0	4	4	4	5	6	0	2	0	2	4	5	1	2	3	2	4	5	2	5	4	2	3	2	1	4	1	3	4	5	3	4	4	0	4	0	1	3	1	1	2	1	2	4	1	3	4	5	6	5	6	3	4	2	2	4	2	1	4	3	2	3	0	2	4	1	0	4	0	2	5	3	-3	2	-2	0	3	1	4	4	5	2	4	2	2	3	4	1	4	2	4	6	4	2	4	1	3	5	4	1	4	1	4	5	3	0	5	1	4	5	6	2	5	2
67	6	4	9	2	3	2	3	3	5	2	2	0	4	3	4	1	2	4	5	2	3	4	3	4	1	1	3	3	4	5	2	2	1	3	3	5	4	3	6	1	1	3	3	2	1	2	3	3	0	0	0	2	2	4	5	3	6	1	2	2	1	4	2	3	2	4	2	2	2	1	3	5	5	2	1	2	3	4	5	4	6	4	2	2	2	2	0	-1	1	1	2	2	5	0	1	2	3	4	6	2	3	3	2	2	4	0	2	0	2	2	3	2	3	1	0	1	3	1	1	3	0	2	3	1	2	7	3	3	4	3	3	2	3	3	6	3	3	2	5	2	4	2	3	4	4	4	6	1	1	1	1	2	2	4	3	6	4	4	6	3	2	5	2	2	3	4	4	6	4	1	5	3	2	3	2	3	3	5	2	6	0	3	3	3	2	0	3	4	3	0	1	0	5	2	5	1	2	2	3	1	3	2	3	5	6	5	7	2	3	4	1	2	2	2	3	3	4	2	6	3	2	3	4	4	4
68	4	0	6	-1	0	-1	4	0	3	2	1	1	0	0	1	4	2	5	1	0	1	4	1	3	0	-1	0	2	0	4	0	1	1	3	0	1	3	2	2	0	0	-1	5	1	7	5	1	7	0	1	1	0	1	4	3	2	6	-1	0	0	0	0	1	2	3	7	0	0	1	3	1	2	1	2	2	1	0	1	1	0	4	2	0	0	1	0	2	2	0	1	0	-1	0	1	2	4	3	1	3	3	1	2	0	1	1	1	0	2	0	0	1	0	0	0	3	1	4	-1	-1	-3	1	0	2	1	1	1	-1	0	0	1	0	0	1	0	3	1	1	4	2	3	6	2	2	6	2	1	4	3	2	6	3	3	2	0	0	3	0	1	3	0	0	1	0	0	1	0	0	1	0	1	0	3	1	6	4	2	3	1	0	4	0	1	2	3	0	5	3	0	4	1	0	1	0	0	-1	-1	0	1	1	0	4	0	1	3	3	3	6	2	2	4	2	2	1	2	1	5	0	0	3	0	0	2	1	0	0
69	0	3	3	0	2	1	2	1	2	4	3	4	1	1	4	5	4	5	4	4	10	2	4	2	3	1	4	5	3	6	4	1	4	3	2	3	1	0	2	4	2	4	3	1	5	5	3	6	4	2	5	5	4	8	4	2	6	5	2	6	4	2	5	4	3	8	2	2	4	2	1	4	2	2	4	0	1	2	1	1	3	1	1	4	-1	1	3	5	4	4	5	3	5	2	2	4	3	3	5	1	1	2	5	2	7	2	3	4	6	5	7	4	3	4	8	3	9	4	3	6	5	1	4	5	3	6	5	3	5	3	1	5	4	3	6	4	3	6	5	4	4	3	2	3	4	3	4	2	4	6	4	3	7	4	2	5	2	1	4	4	4	6	4	3	6	5	3	6	1	0	1	3	1	2	4	3	5	3	2	1	6	4	12	4	2	0	2	2	2	0	2	1	7	3	8	6	3	3	2	3	3	4	2	3	1	2	3	2	2	1	0	1	4	2	2	2	6	5	5	5	3	6	3	2	4
70	4	4	5	5	6	7	4	3	4	4	5	5	4	3	3	5	5	6	6	6	8	3	3	4	3	4	5	1	2	3	6	4	7	5	4	8	5	3	7	5	4	9	5	5	5	5	4	6	4	2	3	4	3	1	8	6	10	4	4	5	5	6	5	5	4	6	5	3	5	5	4	8	7	4	8	2	2	4	3	3	0	3	4	5	5	4	5	2	2	0	4	4	3	4	4	4	5	3	4	2	2	3	5	4	8	4	4	5	4	4	5	7	5	9	3	3	3	1	2	4	5	4	3	3	5	3	4	4	3	2	5	5	1	3	5	3	4	6	5	6	6	4	3	6	6	6	5	6	4	7	6	6	8	6	3	6	5	4	5	4	3	3	4	4	3	2	4	4	6	4	6	2	3	2	6	5	5	3	4	3	3	2	2	7	4	9	5	3	3	4	5	4	4	3	5	6	5	8	6	5	9	5	5	5	7	5	7	1	2	0	4	4	7	6	4	9	6	3	6	5	5	6	4	4	5
71	0	3	3	1	4	6	0	1	4	2	4	8	2	3	3	1	1	3	4	3	7	0	3	4	3	4	6	-2	2	2	2	2	3	1	2	2	4	3	7	2	4	5	3	3	4	2	1	2	0	4	4	2	3	5	0	1	0	1	3	6	3	4	6	2	2	2	6	4	11	2	3	4	2	2	4	2	3	6	1	3	3	0	2	4	-2	0	-2	1	1	2	0	2	4	2	3	4	1	2	5	1	4	4	2	4	6	0	1	4	0	1	2	0	2	3	0	2	3	-2	3	2	-1	0	0	3	3	5	1	3	5	0	1	0	1	2	2	1	3	1	1	2	2	2	2	4	2	2	2	1	1	0	-1	0	1	1	2	5	0	3	1	-1	2	0	3	3	5	1	3	3	0	3	4	0	2	2	3	2	4	1	2	2	0	4	2	2	3	4	0	3	1	2	3	5	0	1	0	0	1	0	1	3	4	3	3	5	1	3	1	-1	1	3	4	4	7	0	2	2	-2	2	1	1	2	1	0	2	6
72	-1	0	-3	0	2	-1	1	2	-2	-1	1	1	1	2	2	0	2	1	2	2	1	-1	1	-1	1	2	0	-2	1	-1	-1	2	0	1	2	1	2	1	2	-1	1	0	0	1	0	-2	0	-4	0	0	-2	0	2	0	-2	0	-1	0	1	0	-2	0	-3	-2	0	-2	1	2	-1	0	1	0	0	1	-3	2	1	0	-1	1	0	0	2	1	0	1	0	0	1	0	-1	2	1	0	1	0	-1	2	1	-2	1	-3	-4	0	-2	0	1	-1	0	3	0	-3	0	-4	-3	0	-5	-1	1	-2	0	0	-2	0	2	0	-1	1	0	-1	2	-2	0	1	0	0	1	0	1	0	1	-3	0	-1	-2	1	-3	1	2	1	-4	0	-5	-4	0	-6	0	0	0	0	0	-1	-3	0	0	1	1	1	0	3	2	1	0	-1	0	1	0	-2	0	-1	0	1	-1	-3	0	-4	-3	0	-1	0	1	-1	-1	0	0	0	0	-2	1	1	0	1	1	0	-2	0	-3	1	1	-1	-1	0	-4	0	0	-2	-1	1	-2	-2	0	0	1	2	0
73	4	4	7	3	5	4	5	5	8	3	4	5	4	4	5	6	5	5	1	4	4	2	5	5	6	6	6	3	4	4	4	5	4	2	4	5	2	2	1	5	5	7	3	5	4	1	4	4	6	5	8	0	3	-1	3	3	1	3	3	3	3	4	2	2	4	4	5	5	10	0	2	0	3	5	5	1	3	5	5	3	7	2	2	4	4	5	4	2	3	2	3	3	1	3	4	4	1	2	2	2	5	3	4	4	4	3	4	4	3	4	4	4	4	6	0	3	0	2	4	6	5	5	5	4	4	5	2	3	4	1	4	5	1	4	2	0	3	1	3	5	3	3	3	5	1	3	1	4	4	4	2	5	5	0	3	-1	6	5	7	5	4	5	1	3	1	3	3	2	4	4	4	3	3	2	0	2	2	3	4	2	7	5	9	4	4	7	4	4	5	1	2	6	2	3	4	2	2	3	2	4	4	1	3	6	6	4	7	3	3	4	3	4	5	2	2	4	5	3	3	2	3	5	3	2	1
74	1	0	1	2	0	-1	0	0	0	3	0	3	3	0	4	3	0	5	3	0	1	2	0	3	0	0	2	5	0	4	6	0	4	0	-1	0	5	1	4	2	0	0	3	0	1	1	0	1	4	-1	1	6	1	7	1	0	2	0	0	-2	4	1	4	3	0	0	1	0	-1	0	0	1	1	0	0	1	0	0	3	0	4	2	0	3	5	0	3	3	0	1	1	-1	0	3	0	3	0	0	0	1	0	-1	1	0	2	2	0	2	4	0	4	1	0	4	2	0	4	1	0	2	0	0	1	1	1	1	1	0	1	4	2	2	6	1	7	4	0	0	3	0	2	3	0	4	3	1	4	0	-1	1	1	0	0	3	0	3	2	0	4	0	0	-2	0	-1	1	0	0	1	4	1	5	5	1	6	3	1	2	1	0	0	3	0	1	1	0	4	2	2	3	4	0	3	4	1	4	2	1	2	1	0	2	2	1	4	5	2	4	3	2	3	4	1	3	1	1	1	0	0	0	4	0	4	0	-1	-1
75	3	3	4	1	3	1	1	3	6	0	2	4	-3	0	-1	0	1	3	2	2	4	0	1	1	2	3	3	-1	1	-1	1	2	2	-1	1	1	0	1	2	1	3	2	3	4	5	1	1	2	0	2	4	4	3	3	0	1	0	2	2	0	1	2	0	0	3	5	-2	1	0	1	3	1	3	3	2	1	2	4	0	2	1	-2	0	-1	3	3	6	0	2	2	0	5	2	0	0	0	-2	2	3	1	3	5	1	2	2	2	2	1	2	2	4	0	0	-2	0	1	4	1	3	3	4	4	5	0	1	1	2	3	3	1	3	2	3	5	10	1	4	4	0	1	-2	0	2	2	0	3	3	1	3	3	-1	1	0	1	2	2	0	3	1	1	1	3	1	2	3	-1	1	1	0	2	2	1	3	4	0	2	3	-1	1	0	2	2	1	0	2	0	0	2	1	0	3	2	2	2	3	2	3	3	0	1	0	0	2	2	0	2	1	1	3	2	3	4	6	0	2	2	0	2	0	2	2	1	0	2	0
76	4	4	6	0	3	0	1	1	3	3	3	5	2	1	3	2	2	5	2	3	3	5	4	7	0	2	3	3	3	4	2	3	3	2	1	1	1	2	0	2	1	4	1	4	2	3	3	4	3	1	2	6	5	5	2	3	3	0	2	0	3	3	1	2	3	4	5	5	7	0	3	2	4	5	5	4	3	5	2	3	5	0	2	2	1	4	5	0	0	3	1	2	1	2	1	5	1	2	3	5	3	5	2	3	2	2	1	5	1	4	2	4	3	8	4	5	7	1	2	3	3	2	5	2	2	0	1	3	3	0	2	3	0	2	2	3	3	5	1	2	2	1	2	3	3	4	6	6	3	6	-1	1	1	2	3	4	1	4	4	3	2	7	1	3	3	2	4	4	4	3	7	2	3	3	6	4	7	0	1	0	6	4	6	0	1	-1	3	4	5	5	4	5	1	3	4	2	3	3	2	3	5	0	3	2	2	3	5	2	3	4	2	3	3	0	2	2	3	3	4	2	3	3	5	3	6
77	0	1	0	2	1	1	0	0	1	1	1	-3	0	0	0	2	2	3	-4	0	-3	3	3	4	0	2	0	2	3	1	3	1	3	2	1	2	2	2	2	-1	0	0	-1	2	0	2	3	3	2	2	3	1	2	2	0	2	0	1	1	0	-1	1	-3	-1	1	-2	1	2	0	0	1	-1	0	2	-1	1	2	4	1	1	3	0	1	-1	0	1	0	0	1	0	4	2	3	2	2	1	0	2	2	0	1	0	0	3	1	-3	0	-2	3	3	5	1	1	2	1	3	5	1	1	0	6	3	7	-1	2	0	3	2	3	1	4	1	5	2	4	0	1	0	4	2	4	1	0	1	0	3	1	0	2	0	0	0	0	1	2	-2	0	0	0	2	0	1	3	2	7	3	3	1	-1	0	-3	1	2	5	2	3	4	2	3	4	3	3	4	2	2	3	-2	-1	-3	3	4	4	2	2	0	1	1	-1	1	1	0	0	2	1	1	2	0	1	3	1	1	0	3	0	2	0	-1	1	1	2	0	0	1	2	1
78	1	1	3	1	2	3	-2	0	-3	-1	2	2	-3	0	0	2	3	1	2	1	2	0	0	-2	0	1	2	3	1	1	-1	1	1	-2	0	0	2	2	1	4	2	4	0	0	1	3	2	5	2	1	0	-2	0	-1	0	1	0	0	2	1	0	1	2	0	1	1	3	2	1	0	1	0	1	2	3	2	1	2	1	0	0	1	1	0	0	0	1	0	0	0	0	2	2	0	1	-1	0	0	0	-2	0	0	0	0	-2	1	1	1	3	2	2	0	0	3	0	0	0	0	0	0	-1	0	1	2	2	3	0	1	0	0	2	2	0	1	1	2	1	2	-1	0	-1	0	0	0	0	0	0	1	1	0	0	2	-2	0	0	0	2	2	5	0	0	3	-1	0	0	2	2	4	2	1	2	1	0	1	-1	0	0	1	0	1	3	1	1	2	1	2	-1	0	-2	3	2	3	0	2	1	2	2	4	1	2	3	2	2	2	1	2	5	2	2	5	0	2	4	-1	0	2	2	2	0	1	2	2	0	2	1
79	3	1	2	3	2	2	-1	1	1	2	3	5	0	1	0	2	2	4	1	2	1	3	5	3	1	4	2	4	3	6	1	1	1	2	3	6	1	2	2	4	4	3	0	2	0	2	4	3	1	2	2	2	1	0	3	3	4	-1	1	-1	3	4	0	1	2	1	2	3	5	3	2	4	2	2	0	3	3	5	5	3	7	4	2	6	0	2	3	6	3	5	5	3	5	3	3	4	0	2	2	2	2	2	1	4	3	0	2	0	2	1	3	3	3	4	3	2	3	2	3	4	5	3	5	1	2	0	4	3	3	4	3	5	0	2	0	0	0	0	5	2	4	1	2	1	6	4	6	2	3	2	1	2	3	0	1	-1	1	3	2	2	2	2	6	4	9	0	0	2	4	2	6	2	4	4	1	2	2	3	2	2	0	1	1	3	2	4	0	3	2	-1	4	2	5	1	4	2	3	0	2	1	0	4	3	2	2	2	4	0	3	-1	0	2	0	5	3	6	0	3	0	3	3	4	1	2	2
80	0	0	-2	0	3	2	-2	0	-2	-1	2	1	1	1	1	2	3	3	2	1	1	0	2	1	1	3	4	5	4	4	2	3	3	1	4	0	0	2	-1	0	2	-1	0	1	0	1	2	1	0	2	0	0	3	1	0	1	2	1	0	1	0	1	0	0	1	1	0	2	1	1	2	0	0	1	1	2	3	5	5	1	5	-2	1	0	3	3	4	3	2	3	0	2	2	0	2	1	2	2	5	2	1	1	0	1	0	2	3	1	1	3	4	0	2	1	0	1	0	0	1	-1	2	3	2	0	2	1	1	2	0	2	2	1	2	2	-1	0	1	1	3	2	1	-1	1	-1	2	0	0	-1	1	0	0	3	0	3	2	6	2	4	5	2	2	3	2	2	2	2	2	3	1	2	-1	-1	0	0	-2	1	-5	0	3	2	1	2	1	0	0	0	4	3	4	1	3	0	1	3	2	3	4	2	4	3	4	1	3	5	0	4	0	1	1	1	1	2	2	3	1	2	2	2	2	4	1	5	1	1	0
81	0	0	1	1	1	4	-1	1	-1	2	2	5	1	1	2	-2	0	-1	0	0	3	0	1	4	0	0	3	0	0	1	1	1	1	3	0	6	0	0	3	3	2	7	2	3	6	0	-1	0	4	2	3	1	1	4	1	2	4	2	2	4	1	0	4	0	0	0	0	0	1	3	0	4	1	0	5	3	2	8	3	1	7	2	1	5	0	0	2	2	0	4	4	3	3	2	0	3	1	1	2	0	0	1	1	1	4	0	0	4	1	0	4	1	0	2	1	0	2	3	0	2	1	2	1	4	2	4	0	0	2	-1	0	-1	1	1	3	3	0	5	0	1	1	-1	0	0	0	1	2	1	0	2	4	1	4	2	2	6	1	2	3	0	0	4	2	1	0	0	2	5	2	1	4	1	0	3	2	0	6	1	0	3	2	1	4	4	2	4	1	0	2	2	2	3	3	1	4	2	2	4	0	1	3	-1	0	0	-1	0	-2	0	0	2	2	0	2	1	2	4	0	0	4	2	0	0	2	2	6
82	3	2	3	0	3	2	2	4	6	3	4	4	2	2	2	2	3	1	2	3	0	3	4	2	4	3	0	3	3	6	6	5	8	3	2	2	2	3	2	3	3	5	1	2	2	6	4	3	3	4	7	1	2	1	3	4	6	2	3	4	2	2	2	4	3	6	2	4	3	2	3	2	3	3	2	3	2	3	3	4	1	4	4	6	5	4	8	2	4	3	5	4	6	7	5	5	1	2	3	5	5	7	5	4	6	4	2	6	4	4	5	1	1	0	7	4	6	1	3	4	2	4	3	3	3	3	5	3	5	6	4	9	3	2	5	3	2	1	3	3	2	3	2	5	7	5	8	2	2	1	2	4	5	5	4	6	4	5	5	1	1	3	4	4	3	3	3	1	2	1	0	2	3	2	3	2	0	5	4	5	2	3	2	5	3	4	3	3	4	1	3	0	4	4	4	2	4	1	2	3	0	4	4	4	3	2	2	3	3	2	2	4	0	1	3	0	1	2	1	4	2	4	2	2	3
83	1	2	0	3	3	1	-1	1	1	1	3	3	3	2	3	4	3	5	0	1	0	1	2	3	1	4	3	2	1	4	2	3	4	0	2	0	0	2	2	0	3	3	2	3	4	-1	2	2	1	1	0	1	2	2	0	2	3	3	3	3	2	0	1	2	3	4	0	2	2	-2	1	-2	0	3	2	3	2	6	-1	2	1	2	3	0	0	2	0	1	3	4	3	2	5	1	2	1	2	3	4	1	3	3	4	3	6	2	2	3	4	3	4	1	3	2	1	2	2	2	2	3	1	3	2	0	1	2	1	2	0	0	3	2	2	2	0	2	2	3	2	2	1	1	1	0	1	0	0	3	3	6	1	3	1	2	4	4	0	3	2	1	2	2	0	2	0	3	2	2	0	0	0	2	3	5	3	2	5	3	3	5	1	2	2	0	2	0	-1	1	0	1	2	0	0	2	6	1	1	1	0	1	3	2	4	4	0	1	0	2	2	3	3	3	4	0	1	3	0	2	1	-1	2	1	0	2	4
84	1	2	0	2	2	2	0	2	0	1	2	4	1	1	3	2	1	3	3	2	2	-1	1	0	2	0	3	2	2	2	2	2	1	0	3	4	1	3	1	4	1	8	2	2	1	2	3	3	1	3	5	2	3	4	4	4	4	1	2	2	0	2	0	4	2	4	0	2	0	2	3	0	2	4	4	1	2	1	0	2	3	2	3	5	3	4	3	0	2	2	3	3	3	4	3	2	2	3	5	2	4	7	1	3	1	2	2	2	0	1	0	0	2	4	1	2	4	0	1	0	1	2	4	0	2	3	4	4	5	3	4	3	2	2	3	0	1	0	4	4	8	1	2	2	2	2	2	-1	2	-1	4	2	6	1	3	2	0	1	1	3	2	4	4	4	5	3	2	1	1	2	2	3	2	5	1	2	1	1	2	2	2	3	2	0	1	-2	5	3	5	2	0	0	1	1	4	3	2	1	2	2	1	3	3	3	2	2	3	1	3	5	-1	3	2	4	3	5	1	3	1	2	2	2	0	2	0
85	1	3	4	0	2	-1	0	2	1	0	2	0	0	2	1	1	2	4	1	1	3	1	1	2	2	1	2	2	2	4	3	3	3	4	3	4	-1	2	0	-1	1	1	0	0	1	0	1	1	4	3	7	-1	1	-3	0	1	0	1	1	2	1	1	4	0	2	3	1	4	3	3	3	5	0	1	0	0	4	5	0	0	0	2	3	4	0	1	1	2	2	4	1	1	1	3	3	2	2	2	1	1	2	0	1	2	2	4	5	9	2	2	0	0	2	5	0	2	1	0	1	1	2	1	3	0	3	1	3	4	4	2	4	4	1	3	5	2	3	6	2	1	2	0	1	0	1	2	3	0	2	0	2	2	7	1	2	1	3	4	3	-1	0	0	3	3	5	-1	1	0	1	3	2	2	2	1	0	1	2	4	2	5	1	3	3	0	2	0	3	3	7	2	2	3	1	2	3	2	2	6	0	0	0	2	2	0	2	2	3	-2	0	-2	-1	2	1	0	1	2	2	2	3	4	4	4	2	2	2
86	1	1	4	2	3	5	0	2	4	0	2	2	-2	0	0	2	2	2	3	2	5	3	3	3	0	2	0	1	2	2	3	3	5	2	3	5	4	3	5	1	3	4	2	3	3	1	2	1	3	2	6	2	2	5	2	2	7	2	3	4	0	1	2	2	3	3	0	2	4	0	3	3	2	1	2	2	2	3	1	1	3	2	3	4	0	2	0	1	1	0	5	4	8	2	3	5	0	1	2	1	3	5	5	2	3	0	2	3	0	3	4	5	5	9	1	2	5	3	2	5	2	2	8	2	4	5	3	2	5	3	2	6	2	2	3	-1	1	0	2	3	5	0	1	4	0	2	5	2	3	0	-1	1	2	3	2	3	5	4	6	2	2	1	1	1	2	0	3	4	1	1	3	0	3	5	2	3	3	0	3	2	2	3	5	3	2	4	4	3	4	5	3	5	2	2	3	3	4	5	0	1	1	2	2	1	1	0	0	2	2	5	0	0	2	1	2	3	1	2	4	2	2	1	2	3	5
87	6	4	6	4	4	4	1	3	3	1	3	1	1	3	1	4	2	4	4	5	3	3	4	4	4	4	6	3	3	3	6	4	6	4	2	5	3	3	3	5	3	4	4	3	5	4	4	4	4	5	6	8	5	7	1	4	3	5	4	7	2	3	2	6	4	8	2	3	2	3	2	5	4	6	7	3	4	5	5	4	9	5	4	4	5	4	5	4	4	5	3	4	4	4	3	7	3	2	4	5	5	6	4	2	4	5	3	6	5	4	4	4	4	4	6	5	6	2	3	3	7	3	6	2	3	3	5	3	4	3	3	7	5	5	8	5	4	9	6	4	5	6	3	5	5	3	4	1	2	3	1	2	0	2	3	0	3	4	3	3	2	2	3	2	1	2	1	6	8	5	8	3	3	4	6	4	5	4	3	5	3	3	4	6	5	9	6	3	5	3	4	4	2	2	2	4	3	3	4	4	6	2	2	2	5	3	6	2	5	7	1	3	0	3	1	0	3	2	2	4	4	3	4	3	2
88	2	4	3	2	4	3	0	4	0	2	6	2	0	4	2	3	5	2	1	2	1	3	4	3	1	4	3	1	2	1	0	3	-1	2	5	2	4	5	2	4	5	4	5	5	5	1	3	1	1	4	0	1	2	0	3	4	5	2	3	1	1	3	2	3	4	1	2	2	2	2	3	2	3	5	7	2	2	1	3	5	5	2	5	4	6	6	7	1	4	1	3	4	2	1	3	1	-1	4	2	2	3	3	0	3	3	2	5	1	4	5	1	1	4	1	-1	2	-2	3	3	3	2	5	2	2	4	1	4	4	3	2	3	1	4	5	3	1	3	3	0	4	0	3	4	5	5	3	4	2	4	1	3	4	3	0	3	2	1	5	3	5	6	8	4	5	2	2	4	3	3	4	6	0	5	2	0	2	1	2	4	5	1	3	5	1	4	1	4	5	6	5	5	4	4	4	5	2	5	3	0	4	1	3	4	1	-1	3	1	2	4	2	-2	2	-1	2	4	3	3	3	2	1	3	0	2	3	2
89	0	-1	-1	3	2	3	4	2	4	3	1	3	4	3	4	3	2	0	1	2	0	4	2	2	3	2	3	2	2	2	3	1	1	2	1	3	3	2	1	1	1	2	3	3	3	2	1	0	0	0	0	4	4	3	0	0	0	2	2	3	0	0	0	0	2	0	5	4	6	1	1	0	1	1	5	1	1	2	0	1	1	3	1	5	0	2	0	4	2	3	0	0	0	3	2	3	3	1	2	2	1	3	1	1	2	3	2	4	1	2	2	4	3	5	6	4	7	2	1	2	3	3	6	2	2	2	0	2	3	2	2	3	0	0	-1	2	3	4	5	1	5	0	1	1	0	1	0	1	2	2	5	2	3	4	2	7	0	0	0	2	2	4	4	3	5	0	1	1	0	0	0	3	1	3	6	2	5	1	2	2	1	0	0	2	1	3	2	2	0	1	2	0	3	2	1	0	1	1	1	2	3	3	3	3	1	2	3	4	2	2	0	0	-1	2	1	0	3	2	2	0	0	-1	1	1	2
90	2	3	4	3	2	4	0	2	2	0	3	3	3	2	4	2	2	4	3	2	2	0	1	2	4	5	5	2	4	4	2	2	1	1	3	2	2	3	4	2	3	3	5	4	5	3	4	7	0	2	2	4	4	8	0	3	3	5	6	8	2	3	4	2	4	7	0	3	3	4	4	3	2	4	4	3	3	3	1	2	2	1	5	1	0	3	1	5	5	10	3	4	7	4	5	7	2	4	3	2	3	6	3	3	2	3	2	4	2	1	5	3	3	4	1	2	2	3	5	6	5	6	6	4	3	3	3	4	6	3	5	4	2	4	5	3	5	2	2	3	5	2	3	7	4	3	4	4	5	6	3	5	5	3	4	5	4	2	5	3	5	4	-2	2	1	2	3	4	1	1	3	2	3	5	0	1	1	2	4	6	1	2	4	3	3	4	6	4	6	5	4	7	3	3	4	0	3	0	4	5	8	0	2	4	1	3	3	0	4	2	0	2	2	2	2	1	0	2	3	4	4	5	2	2	3
91	3	3	4	4	5	5	3	4	3	0	1	0	4	5	4	3	3	3	5	5	5	2	4	1	4	3	4	2	4	4	4	6	7	0	4	1	1	5	4	2	5	3	5	4	5	0	3	4	4	4	9	2	4	3	0	4	3	4	5	4	2	5	6	3	4	2	4	4	4	2	4	2	5	5	6	1	4	2	2	4	2	4	5	7	4	4	4	0	4	4	5	4	6	3	3	2	6	5	5	3	4	4	2	4	1	3	4	5	5	4	5	1	4	3	0	3	0	2	3	1	2	5	4	4	4	5	5	4	7	5	4	5	4	4	4	1	2	3	4	3	3	4	5	5	3	3	3	2	4	6	5	5	4	3	5	4	3	4	5	2	5	4	1	3	1	4	5	3	2	3	1	3	5	3	3	4	5	3	4	1	3	5	8	6	5	7	3	4	3	3	4	6	1	4	3	2	3	4	4	6	3	3	4	5	4	4	4	2	3	3	2	5	4	1	3	3	3	3	3	0	3	1	4	4	6
92	1	4	2	4	3	3	4	4	4	2	3	2	5	4	4	2	4	3	5	3	5	4	5	3	3	4	2	2	4	2	1	5	2	4	4	4	3	3	6	4	4	5	3	4	1	4	5	6	2	4	2	0	2	0	2	4	4	1	3	0	1	3	3	2	4	0	2	5	6	3	5	3	2	3	0	3	3	4	1	4	2	2	4	4	5	5	1	1	4	3	3	3	2	-2	2	0	2	4	1	4	4	4	4	5	5	2	3	4	1	5	3	3	5	3	1	4	2	2	4	2	1	3	1	4	2	3	3	4	2	2	3	2	2	4	4	2	5	6	4	5	7	1	3	0	2	4	4	2	3	0	5	4	4	4	3	4	6	4	5	1	2	0	2	4	3	4	6	5	2	2	0	1	2	1	3	4	3	1	3	2	2	5	3	2	3	2	0	3	3	0	2	0	0	3	4	4	6	6	0	2	0	4	4	2	1	5	2	1	4	2	1	3	1	1	3	0	1	3	1	4	3	4	2	4	2
93	2	3	3	2	3	5	4	3	3	0	4	2	3	4	2	0	2	2	1	4	5	5	5	9	1	2	4	0	4	4	3	4	7	3	3	6	5	3	8	3	3	3	3	3	4	3	5	7	1	3	3	2	4	5	2	4	3	6	4	7	5	4	5	5	5	6	0	4	2	1	3	2	2	3	1	0	2	1	-2	2	-2	2	3	5	1	3	4	4	4	4	0	4	-1	1	3	3	2	3	2	5	4	7	4	4	5	1	4	0	0	2	3	0	3	3	1	3	0	2	3	4	1	4	4	1	4	4	1	4	3	2	3	2	2	2	4	3	3	1	3	4	6	0	2	2	0	3	3	1	4	4	3	4	7	4	5	5	0	2	-1	-1	4	2	0	2	1	3	5	5	0	4	2	3	4	3	3	3	1	0	3	2	0	2	1	2	4	5	3	4	2	4	3	2	0	5	0	2	3	5	1	3	2	1	2	2	2	3	5	0	2	3	0	2	0	5	4	8	2	3	3	5	4	7	2	4	1
94	1	0	3	1	1	1	0	1	1	-1	0	-2	4	4	5	0	1	1	1	1	3	-1	0	-2	1	1	2	0	0	0	0	1	0	0	0	-1	1	1	3	0	2	1	-3	0	-1	0	1	2	1	2	2	0	1	2	0	1	3	1	1	0	1	2	3	0	1	1	0	0	2	3	2	3	3	3	8	1	1	1	0	1	4	-1	0	1	2	1	2	0	2	0	3	0	2	0	1	0	0	1	2	4	3	5	0	0	1	2	1	2	-1	0	-2	0	1	1	2	2	6	0	1	2	0	0	3	0	0	1	1	1	2	0	1	1	1	2	4	0	0	2	0	0	0	-1	0	0	0	0	1	-1	0	1	0	0	0	1	1	3	1	3	2	4	2	5	-1	0	0	3	2	4	0	0	-1	0	0	3	0	0	0	2	2	6	0	0	1	1	1	0	3	0	1	6	3	6	-1	1	0	1	2	1	1	1	1	3	0	3	0	2	6	1	3	0	1	0	1	2	2	2	1	0	0	3	3	4	2	2	2
95	1	4	2	0	4	3	4	6	10	1	6	5	0	4	2	1	4	2	0	5	2	3	5	5	1	5	4	3	6	9	4	7	6	5	7	7	2	5	5	5	6	6	0	5	3	2	5	5	0	5	6	4	6	5	2	6	4	1	5	6	3	5	3	5	7	7	2	5	3	0	6	4	2	5	3	4	7	8	5	5	5	3	5	6	2	5	5	1	5	3	5	6	5	3	5	5	1	5	1	1	5	2	2	5	1	5	6	6	0	4	1	1	5	2	0	5	3	2	4	3	3	5	3	3	7	5	3	6	5	3	6	7	6	6	6	0	5	3	3	4	5	3	6	6	2	5	3	0	5	2	1	6	5	3	6	6	1	5	3	0	4	-1	1	6	3	2	4	2	0	5	3	2	5	4	4	6	6	1	4	2	2	4	2	0	6	3	5	6	6	0	4	2	0	5	3	3	5	5	3	6	3	2	5	3	1	5	2	0	3	0	4	4	5	0	5	5	4	7	6	3	6	4	3	7	6
96	2	2	4	3	2	3	0	1	0	2	2	4	3	3	7	2	1	5	1	3	4	1	0	0	3	1	3	3	2	3	3	3	4	4	2	6	3	2	2	3	3	4	1	1	1	0	0	-2	2	2	5	1	1	3	0	0	1	3	2	0	1	1	3	2	1	0	3	2	4	0	-1	0	3	1	3	2	1	0	2	1	4	1	1	2	3	1	-1	1	1	3	1	2	0	6	3	5	2	3	3	0	0	0	2	2	2	2	1	3	2	1	2	2	2	4	2	3	3	4	4	6	2	1	3	4	3	3	0	1	2	3	2	2	3	1	0	3	2	3	4	1	1	0	0	1	1	2	1	0	2	2	2	2	3	0	1	3	3	2	2	6	3	7	2	2	2	2	2	1	3	3	3	1	1	2	0	0	0	4	3	5	3	2	6	0	1	0	4	1	7	4	1	4	5	4	7	0	1	2	2	2	6	4	0	3	0	0	0	2	0	0	2	1	6	2	2	4	0	1	0	1	2	2	0	0	-3
97	6	7	8	6	5	7	7	6	8	4	7	6	4	6	6	4	5	5	5	6	3	6	8	9	5	7	8	4	7	5	5	7	8	3	7	5	6	7	7	5	7	6	6	6	5	2	5	4	4	6	2	9	6	6	2	4	3	5	8	6	5	6	7	4	6	5	5	6	7	5	7	7	7	7	10	5	8	6	5	5	5	1	5	3	5	6	7	5	7	6	9	8	8	2	5	3	3	5	5	6	5	7	4	7	4	7	6	7	3	5	6	3	7	5	2	4	5	9	8	10	4	5	7	4	8	6	4	6	4	3	6	3	8	6	10	3	5	4	4	5	6	4	6	8	2	4	3	5	7	6	3	7	4	5	7	8	1	4	1	3	7	6	5	7	5	4	6	3	7	8	7	5	7	6	6	5	4	6	8	4	6	6	3	7	6	5	5	6	8	4	7	8	4	5	6	5	5	7	5	5	5	9	8	8	5	5	5	5	6	6	5	6	4	1	5	1	4	5	3	4	6	3	4	6	6
98	1	1	1	4	1	4	5	2	7	5	3	9	0	1	3	5	4	8	4	3	7	3	2	6	4	3	8	3	2	4	2	3	6	5	2	9	1	1	1	4	2	7	2	1	4	4	2	4	2	2	5	6	2	8	2	2	6	4	2	7	6	3	7	3	2	4	4	3	7	6	2	6	3	1	5	1	2	4	6	3	10	0	1	3	1	0	2	4	4	8	1	1	2	4	2	4	0	2	1	3	2	5	6	5	10	1	2	5	3	2	6	4	3	4	2	1	5	2	1	3	1	0	7	4	2	5	1	0	3	2	1	4	2	2	7	3	3	2	3	2	4	4	3	4	0	1	3	2	2	3	4	2	4	1	2	5	2	1	6	5	3	5	1	2	4	2	0	4	4	3	7	0	0	3	0	2	2	2	2	6	2	1	7	2	1	4	1	0	3	2	3	7	0	1	2	2	1	4	4	3	8	5	3	7	4	3	6	5	2	7	2	2	4	1	2	3	1	1	3	3	2	7	0	0	0
99	2	2	3	2	2	1	3	3	4	1	1	3	-1	1	-2	2	2	3	3	3	4	0	3	0	0	1	0	2	2	3	1	2	1	0	1	2	1	1	4	5	3	4	1	3	1	1	5	6	0	2	2	0	2	1	1	1	2	0	2	2	2	2	5	1	2	2	1	2	1	2	3	5	0	1	1	0	2	0	0	0	0	0	2	2	0	1	0	0	1	0	0	1	2	3	2	2	2	2	3	0	1	1	0	1	-1	0	2	2	3	2	1	1	2	0	1	2	0	3	3	3	-1	1	0	2	3	3	1	3	3	5	2	1	4	2	3	1	1	3	0	1	0	2	2	2	-1	1	0	1	1	0	4	2	3	1	1	3	1	2	3	0	3	2	3	3	6	2	3	2	0	0	0	2	2	2	2	3	2	1	2	1	0	1	2	2	1	1	3	3	2	3	3	0	5	2	4	0	0	0	2	1	0	2	3	1	0	2	1	4	3	5	1	3	0	0	2	2	0	1	0	0	2	2	0	2	2
100	-1	3	2	1	3	4	-1	1	2	0	2	0	0	2	0	0	2	-1	0	2	0	0	3	2	-3	2	0	0	1	-1	0	2	0	-2	1	0	0	3	3	-2	2	0	1	2	1	0	2	2	-2	3	0	1	3	2	0	3	3	3	3	6	-1	2	-1	-2	0	-1	1	4	3	0	1	0	1	4	3	-1	2	0	3	4	2	1	3	5	0	2	3	3	3	2	0	2	5	2	4	4	-2	1	0	-1	3	0	-1	3	0	0	1	1	1	2	0	3	3	3	0	2	1	0	2	-1	1	2	2	-2	0	-4	0	3	3	0	0	0	-1	1	1	-2	1	0	0	2	3	1	3	3	1	3	1	-1	2	0	1	3	1	0	2	0	1	3	0	0	2	0	4	4	5	-2	1	-2	1	3	2	3	4	6	-2	2	1	-4	1	-4	-2	1	-1	0	2	1	1	3	3	0	1	4	-1	2	0	-3	1	-1	-2	3	0	-1	3	3	-1	3	1	0	2	0	-2	0	0	0	2	2	0	2	0	0	1	-1	-2	1	0
