1	3	3	6	3	2	2	0	0	1	3	1	6	-1	0	1	1	0	2	0	1	0	2	0	3	3	1	6	1	0	2	2	1	2	2	2	2	3	1	3	2	0	2	1	0	1	4	1	7	2	1	1	1	0	0	0	1	-2	0	0	-2	0	1	2	3	0	3	2	0	5	2	1	4	1	0	1	0	1	4	2	0	3	0	1	1	2	1	3	1	0	1	4	3	7	2	1	4	1	1	3	0	0	1	0	1	1	-1	1	0	0	1	1	1	0	1	2	2	1	0	0	0	0	1	1	0	1	2	3	2	5	-1	1	0	-1	1	0	6	2	5	2	0	1	0	0	-1	-1	1	0	2	1	2	1	0	1	0	0	2	1	0	4	2	1	3	3	1	5	3	1	4	4	0	5	3	2	4	1	1	3	0	1	-2
2	0	1	2	1	2	2	2	2	4	3	3	4	4	3	6	3	3	7	3	1	3	-1	0	-1	0	2	1	0	0	2	1	2	5	2	2	5	2	3	2	0	1	1	2	2	5	0	3	2	3	3	3	1	3	2	1	2	1	0	3	2	-2	2	-1	1	3	4	1	1	1	0	2	2	0	2	6	3	1	4	3	2	4	6	4	5	2	2	1	1	2	1	2	4	5	2	2	5	2	3	6	2	2	1	5	3	6	2	1	1	4	4	6	-1	1	0	2	4	1	3	3	3	0	2	1	2	0	1	1	1	2	0	0	-1	0	4	4	1	1	2	0	1	0	2	3	4	3	3	4	5	4	5	3	2	5	2	3	3	0	1	0	1	1	0	0	2	2	3	2	5	0	1	4	-1	2	0	4	3	6	3	2	4
3	3	3	5	5	5	7	0	2	2	5	4	6	2	3	3	5	3	6	5	4	5	4	2	5	6	4	9	3	3	5	5	4	6	1	3	3	3	3	2	7	5	10	6	5	6	0	3	1	2	1	4	3	3	5	5	3	6	3	3	3	4	4	6	5	4	7	6	4	8	4	3	3	4	3	5	1	1	1	4	3	5	3	2	5	3	2	4	4	2	5	6	5	6	2	3	2	3	2	2	3	4	6	1	3	2	3	4	4	3	4	5	3	4	6	0	2	1	7	4	7	2	3	2	4	4	6	4	3	4	5	3	7	4	3	6	4	4	4	2	4	6	3	2	4	6	4	6	2	2	5	7	5	7	0	2	1	3	2	4	5	3	6	3	3	7	2	2	2	3	4	4	4	4	6	4	4	5	2	2	2
4	3	3	3	2	1	2	3	0	3	1	0	0	3	2	2	5	3	5	3	1	2	1	1	0	2	1	3	3	2	3	0	2	1	0	1	0	5	3	3	2	2	0	1	1	2	3	3	3	0	1	1	4	2	4	1	2	2	1	0	1	2	1	2	2	1	-1	1	0	0	2	2	1	4	2	4	0	0	0	1	1	1	3	2	4	1	1	3	3	1	2	5	2	4	3	3	3	4	2	2	2	2	0	2	2	3	0	0	0	1	2	3	3	2	2	4	2	3	2	3	3	6	4	6	1	2	3	3	1	5	5	3	3	1	2	0	3	2	1	5	4	6	3	2	1	2	3	5	1	1	0	4	2	1	5	2	5	0	2	3	2	0	-2	2	2	2	1	1	-2	1	2	3	4	2	5	0	0	-2	5	3	4
5	0	0	1	1	3	3	3	1	6	2	0	5	1	1	2	2	2	4	2	1	6	4	1	4	-1	0	0	0	0	-1	5	3	5	4	3	4	3	2	3	3	2	4	4	1	4	-2	0	-2	4	3	2	3	1	3	2	2	4	2	1	0	3	3	4	2	2	4	1	1	6	2	2	5	-1	1	0	5	3	6	2	2	6	4	2	5	2	0	3	2	2	5	4	2	8	1	2	2	0	0	0	3	1	3	0	2	1	2	1	4	5	2	5	0	1	3	2	3	4	3	0	3	0	1	2	1	1	3	2	2	5	2	1	4	2	2	6	3	2	5	2	1	3	1	1	0	5	3	6	1	0	3	0	1	4	3	3	4	4	1	5	2	1	1	0	1	1	0	0	0	2	1	4	1	1	1	1	1	4	4	2	2
6	5	4	3	2	3	3	4	6	6	5	5	6	3	2	3	4	5	6	5	4	3	1	2	0	4	5	4	6	5	6	4	4	4	5	4	3	6	4	7	5	5	6	1	3	4	4	3	6	5	4	8	6	4	6	3	4	3	5	3	6	5	4	8	5	4	7	3	4	4	6	6	4	5	4	8	3	5	6	7	5	8	3	5	7	4	3	4	5	3	3	7	4	5	4	2	3	4	2	2	3	3	5	9	6	9	6	4	8	6	5	6	6	4	6	3	3	4	4	4	3	4	4	5	5	2	3	5	5	5	3	3	0	6	4	9	7	4	6	5	3	2	7	3	8	9	5	12	2	3	3	7	4	5	4	4	3	6	4	5	4	4	5	6	5	8	3	4	2	5	4	7	2	3	4	3	4	5	4	3	6
7	0	1	4	1	2	4	0	1	2	3	3	5	0	1	0	2	2	2	1	2	5	3	2	4	1	1	4	2	3	3	2	2	3	-2	1	0	0	1	3	2	0	3	3	1	1	5	3	4	1	1	4	0	2	4	0	0	0	3	2	3	0	2	3	0	1	3	1	2	2	4	3	4	0	2	1	0	2	3	1	3	3	1	1	2	4	2	3	0	1	3	-3	0	0	2	1	2	2	2	3	0	1	4	2	2	2	1	1	2	1	2	4	0	0	0	3	1	5	4	4	5	2	2	4	2	2	3	1	1	2	-1	1	0	3	2	4	2	2	3	0	0	3	-3	1	1	2	1	4	0	2	2	0	1	2	1	1	1	1	2	8	0	2	5	2	3	6	-3	0	-2	1	1	3	1	1	4	0	0	0	3	3	8
8	-1	0	-3	0	0	1	1	0	4	1	0	1	0	0	0	1	0	2	1	0	0	-3	-2	0	-1	-1	-1	2	1	4	1	0	-1	0	-1	-2	0	-1	1	2	-1	2	-1	-1	0	-2	-1	0	1	0	0	3	0	3	0	0	1	0	0	0	0	-1	-3	2	0	0	0	0	2	2	0	4	1	0	-1	0	0	3	0	0	-1	0	-1	1	2	0	4	1	1	1	-1	-2	-5	1	0	0	2	0	2	-1	0	0	1	0	2	0	0	0	2	0	6	1	0	3	1	0	1	1	0	1	1	0	3	1	0	4	3	0	4	1	0	1	-1	-2	-2	1	0	0	1	0	1	1	0	1	0	0	1	1	0	3	-1	-1	-1	0	0	1	2	0	3	0	0	0	2	-1	0	-1	-1	-2	0	-1	0	-1	-2	-3	0	-1	0	0	0	-2
9	1	1	2	1	2	6	0	1	2	-1	0	0	1	0	-2	0	1	1	0	0	0	0	2	3	0	0	2	-2	0	0	1	1	1	2	1	4	3	2	4	0	0	1	-1	0	-1	7	2	7	2	2	1	1	1	0	1	1	3	0	0	-1	0	1	1	0	0	-2	1	1	1	1	1	3	-1	0	-1	2	1	4	1	1	4	0	0	1	1	1	1	2	2	3	3	2	4	2	2	0	0	0	1	2	0	2	1	1	6	2	1	4	1	3	3	1	0	1	2	0	5	0	1	2	0	0	1	-2	0	-2	2	2	2	-2	1	0	2	0	2	1	1	4	1	0	3	1	2	3	0	0	1	2	2	4	2	1	3	1	2	4	-1	0	-1	1	1	4	1	1	1	3	4	5	2	1	2	0	1	2	0	1	1	2	1	4
10	3	3	4	2	3	1	4	5	6	1	3	3	2	3	1	-2	2	-2	5	4	7	0	1	1	5	4	5	3	2	5	2	4	4	2	2	0	3	3	2	1	1	3	1	3	0	1	1	1	3	3	3	0	3	0	0	0	0	0	3	0	0	3	3	3	2	3	0	4	5	-1	2	-1	0	3	4	1	4	4	2	3	3	1	2	2	1	2	0	3	1	3	0	1	0	0	2	1	2	3	1	-1	2	-1	2	3	3	3	3	5	1	2	1	0	2	0	1	2	2	1	1	2	2	3	2	1	4	4	0	3	2	0	1	0	-2	1	-2	0	3	0	2	4	4	-2	1	0	-1	1	0	1	2	0	0	2	3	0	2	0	4	3	3	1	3	1	0	3	0	1	1	4	1	3	5	1	2	2	1	2	1	2	3	2
11	4	3	8	3	1	3	5	3	5	4	3	6	4	2	8	4	4	6	3	3	4	7	3	10	4	3	4	3	3	4	0	1	1	0	2	1	3	4	4	3	2	6	5	3	4	4	4	4	3	3	4	3	4	10	1	3	2	1	2	1	3	0	2	4	3	8	3	2	4	5	3	7	2	2	4	3	1	1	4	2	4	1	2	2	2	1	2	0	1	2	5	3	6	3	2	3	4	3	6	6	3	9	5	2	3	3	3	4	1	2	2	1	3	2	4	3	3	3	2	5	3	3	3	6	4	10	3	2	4	5	1	3	4	3	9	3	2	4	4	2	7	7	4	6	8	3	9	3	3	4	3	4	7	4	3	4	5	2	7	3	1	3	7	3	9	3	2	3	3	2	2	3	3	2	4	3	5	6	3	7
12	3	4	4	1	3	1	0	1	1	-1	3	1	3	3	1	4	5	9	-1	2	0	3	5	2	2	2	3	4	5	5	1	2	1	1	4	5	2	2	1	3	3	4	4	4	6	5	5	5	1	5	5	4	5	6	4	5	4	1	3	2	2	3	4	0	3	0	2	2	3	2	5	6	3	3	2	2	4	5	1	2	0	0	3	3	1	4	2	2	3	1	1	3	2	1	3	2	0	2	0	5	4	6	3	5	5	1	3	1	2	3	3	0	3	0	3	3	1	2	2	1	-1	1	0	0	2	2	3	3	2	5	4	4	2	3	4	2	2	0	2	5	5	2	3	3	3	4	4	2	3	2	5	5	7	1	4	0	3	3	3	-1	1	0	2	2	3	4	3	5	3	5	6	-2	1	0	2	4	3	5	4	6
13	0	0	4	1	0	4	3	0	2	2	1	3	3	1	3	5	1	5	3	1	2	3	0	5	6	3	7	1	1	3	3	1	3	0	0	0	2	1	3	1	1	3	0	0	0	1	0	1	2	0	1	0	1	2	0	1	2	6	2	6	3	1	4	2	0	1	0	0	0	2	1	4	1	0	2	2	0	-1	3	0	0	7	2	6	2	0	0	0	1	1	2	0	1	0	1	1	2	1	4	1	2	1	2	1	4	0	0	1	1	0	2	3	0	2	0	0	-2	5	1	5	5	1	6	4	3	6	2	1	4	3	-1	4	2	1	3	1	1	3	-1	0	2	1	0	0	4	0	1	0	1	3	2	1	2	-2	0	-2	0	0	0	0	1	0	3	1	3	3	0	3	0	0	1	2	1	3	3	2	0	1	1	3
14	3	4	6	0	2	3	2	2	5	0	1	3	2	4	7	0	2	5	0	2	3	1	4	6	1	2	3	4	4	8	0	3	6	0	1	3	0	2	4	0	1	5	2	2	4	0	1	3	4	3	6	0	1	1	0	1	5	2	2	3	0	0	6	0	2	2	2	3	6	0	2	3	-4	1	0	5	3	8	1	2	7	5	5	9	1	3	4	1	2	3	7	4	9	6	4	10	-2	1	4	1	2	4	1	2	2	2	2	6	1	2	5	-1	2	3	2	2	3	2	3	7	3	1	4	0	1	7	3	5	9	0	3	6	-1	1	3	3	3	4	4	2	7	2	4	7	0	2	3	2	3	6	-1	0	3	2	2	4	0	2	1	0	1	7	2	3	6	-1	2	3	2	3	4	1	3	7	1	4	4	5	3	8
15	0	2	0	1	3	2	0	2	1	1	2	2	1	2	4	-1	2	0	0	2	-2	-1	1	2	2	2	4	0	2	1	0	3	4	-2	3	0	0	2	3	0	1	0	1	4	4	0	2	3	-1	1	0	0	2	2	1	4	2	1	2	3	4	3	3	-1	1	1	2	3	5	1	2	2	0	2	1	-1	1	0	0	1	1	0	3	2	1	2	3	2	4	5	1	1	2	-2	1	2	0	1	0	0	0	0	1	2	2	0	2	2	0	2	5	0	1	0	0	2	0	0	1	0	3	3	3	0	1	2	2	1	2	0	1	-1	0	3	2	-1	0	0	-1	0	-2	4	2	5	0	1	1	0	2	0	3	3	5	-2	0	-2	1	3	2	1	2	3	0	3	2	1	2	2	0	3	1	1	2	4	0	2	1	0	1	-1
16	6	5	7	7	4	7	2	3	4	2	2	4	3	5	7	3	4	4	3	4	4	4	4	6	1	3	3	3	4	5	3	3	3	5	5	8	8	6	10	2	3	4	6	5	6	4	6	3	3	4	5	4	4	5	5	5	11	0	3	2	3	4	1	2	3	2	7	4	7	3	4	6	1	5	4	8	7	12	3	4	6	2	4	3	5	5	7	4	2	2	5	4	6	4	3	5	5	4	4	4	2	3	2	4	1	4	3	2	3	3	4	6	6	8	6	6	9	4	4	4	3	2	5	3	4	6	3	4	5	4	4	6	4	4	4	2	3	3	3	2	4	5	4	8	2	4	3	6	4	6	3	4	5	3	4	5	4	5	7	4	3	5	6	6	8	3	4	6	4	5	4	5	4	9	2	3	3	3	3	4
17	3	3	3	1	1	3	1	2	3	2	3	4	1	3	3	0	1	0	1	4	5	3	3	5	1	2	2	6	4	8	3	3	5	3	3	5	1	3	1	4	2	3	3	3	5	4	3	5	3	2	2	3	3	6	1	2	2	0	1	2	3	3	4	1	2	1	3	3	4	3	3	2	4	2	5	3	3	5	1	2	0	1	2	1	4	2	7	0	1	-1	3	3	2	5	5	6	6	5	7	3	3	5	1	2	2	4	2	3	2	2	3	4	4	6	1	2	4	2	3	4	4	4	6	0	2	2	5	3	6	0	2	2	2	2	4	4	3	6	0	1	2	5	3	8	2	2	4	3	3	4	3	3	4	2	3	4	4	3	2	1	2	2	3	2	4	2	3	7	-1	1	0	-1	2	2	1	2	2	2	2	2
18	0	0	3	-1	-1	-1	-2	-1	-2	-1	-1	0	-1	0	-2	0	1	1	-2	0	-2	1	1	0	1	0	0	0	1	0	-1	0	-2	2	2	4	0	0	0	-3	0	-3	0	0	0	-4	-1	-1	0	0	-2	0	0	0	0	1	1	-1	0	2	-1	0	-2	1	0	1	1	0	2	-1	0	-2	-1	-1	-1	0	0	1	0	0	0	0	1	2	1	1	3	0	0	1	1	1	0	0	0	2	0	0	0	0	0	1	1	0	2	-1	0	-2	-2	-2	-1	0	0	0	-1	0	0	0	0	2	0	0	2	3	0	0	-1	0	-1	-3	0	0	1	0	0	0	0	2	0	0	0	1	0	3	0	0	0	0	1	1	0	1	2	1	1	2	0	0	1	-2	0	1	0	0	0	0	1	0	1	0	0	1	1	2	0	-1	0	-1	0	0
19	4	3	0	2	1	4	4	1	3	0	0	3	1	0	0	4	2	5	2	1	4	1	1	2	1	0	1	5	2	4	5	3	5	7	2	6	2	3	3	3	2	4	4	2	4	2	2	4	2	1	6	2	1	3	3	2	5	5	2	4	3	1	3	3	2	2	2	1	2	4	2	7	4	2	3	6	1	5	1	1	1	4	3	5	1	1	5	3	1	1	3	4	8	2	2	2	3	3	5	2	2	4	2	2	5	5	3	6	1	1	5	0	1	-1	3	3	5	4	3	4	3	2	3	0	2	0	7	3	7	7	4	10	2	1	2	4	2	6	5	1	6	1	1	4	1	1	2	1	2	1	2	0	4	2	2	3	1	1	4	3	2	3	4	2	2	0	0	0	5	2	4	0	1	1	3	1	5	4	2	3
20	2	0	1	4	1	4	1	0	2	1	0	1	0	0	0	0	0	1	0	1	0	3	0	1	1	0	0	4	0	1	2	1	2	0	0	0	2	-1	3	6	1	5	4	0	5	6	3	7	3	1	2	0	0	0	0	0	0	2	0	2	5	1	6	1	1	1	3	2	7	3	1	3	2	0	0	1	1	0	4	1	3	3	1	4	4	1	3	3	0	4	2	0	0	0	1	0	5	1	7	2	1	0	1	0	0	7	1	3	1	0	0	5	0	0	1	0	1	2	2	3	2	1	3	2	2	1	4	0	5	5	2	4	4	1	2	0	0	-1	2	0	1	2	1	2	3	1	2	0	-1	1	1	0	2	0	0	1	4	1	4	5	1	4	5	1	0	-1	1	1	4	1	2	4	1	6	2	1	2	0	2	1
21	-1	1	0	-1	1	0	1	1	3	-1	1	1	4	1	2	1	3	5	0	2	1	1	2	4	-2	2	0	2	0	1	0	2	3	1	1	2	-2	0	-1	3	2	2	1	1	2	0	2	0	1	1	0	0	1	0	2	1	2	0	2	3	0	0	1	3	2	3	2	1	2	1	2	3	0	0	-1	3	1	4	1	1	1	1	2	4	0	2	0	0	0	0	1	3	4	-1	0	0	1	1	3	1	0	1	-3	0	-3	1	1	0	-2	0	-4	0	2	0	0	3	1	-1	0	1	1	1	2	1	2	4	-1	1	0	1	2	2	0	1	2	-3	0	0	0	0	-2	-4	0	-1	0	3	0	-1	2	-1	2	2	2	1	0	0	1	3	1	1	2	2	0	0	2	1	1	3	0	1	2	0	2	3	0	1	4	0	2	2
22	0	2	0	3	2	3	0	1	3	0	2	3	0	1	6	0	0	3	0	1	3	1	1	3	1	0	4	0	1	2	0	0	0	-2	1	0	-1	0	2	0	0	0	-3	0	-1	-3	1	0	2	2	3	-2	1	3	-2	0	-1	0	0	2	2	3	3	1	1	3	1	0	2	1	1	4	-3	0	1	0	2	5	-2	0	0	0	1	1	5	2	6	1	2	4	0	1	1	0	1	0	0	1	1	3	3	7	-1	1	0	0	0	2	1	1	4	2	2	5	1	1	5	0	0	1	0	1	2	-1	1	1	0	0	1	0	0	3	2	1	4	4	1	7	1	1	6	-1	0	1	2	2	3	0	0	5	0	0	1	-2	0	0	1	2	2	1	1	5	0	0	0	0	2	2	0	1	2	0	1	5	0	0	3	-1	0	3
23	2	1	0	0	0	1	1	1	0	0	0	0	1	1	3	4	1	0	5	2	5	0	-1	-3	0	1	0	2	2	2	3	3	6	0	1	1	1	0	0	0	0	0	1	1	3	2	2	4	1	1	1	3	1	3	2	2	2	3	0	2	3	0	3	1	1	3	2	0	0	4	1	2	1	1	1	4	1	4	0	0	2	1	2	3	0	-2	0	1	1	0	1	0	3	1	0	1	0	0	0	1	1	3	2	1	3	-2	0	-3	1	2	0	0	0	-1	-1	0	0	2	1	3	0	0	0	3	1	3	1	1	-1	1	1	5	0	1	0	0	0	-2	2	2	4	2	0	3	0	0	1	1	1	2	3	2	3	2	0	1	-1	0	0	0	0	-1	0	0	0	1	1	4	2	0	2	1	0	0	2	2	2	2	0	0
24	0	0	3	3	2	7	-3	0	0	0	0	4	0	1	3	0	2	4	0	0	1	1	2	1	3	3	7	1	3	5	-2	0	-1	0	2	1	-1	1	2	-1	0	0	1	1	2	0	2	3	-1	1	3	4	1	7	-2	0	-1	2	0	3	1	1	2	2	2	4	-1	2	2	1	0	3	-3	0	1	0	0	0	4	2	8	2	2	4	3	3	6	2	2	2	1	2	8	0	2	4	0	2	3	0	1	2	0	0	1	-1	-1	0	1	0	3	1	3	4	2	1	6	0	2	2	0	1	2	5	3	8	0	2	2	3	2	6	0	2	2	0	1	3	1	1	5	5	2	6	0	1	4	1	2	4	0	0	-1	-1	0	1	1	0	1	1	2	5	0	1	3	0	1	2	3	2	4	5	2	5	0	0	0	1	3	1
25	-2	2	-1	0	3	-1	0	4	3	2	4	3	3	5	4	0	2	0	-1	2	-2	0	2	-1	1	3	3	0	4	2	-3	1	-1	0	4	2	2	3	4	2	3	1	0	3	0	-2	1	-1	0	3	0	2	3	3	0	4	3	-1	2	-1	1	4	4	0	4	2	1	4	1	0	3	0	0	2	1	0	4	0	3	4	2	3	5	1	0	4	2	3	4	4	-1	3	0	3	2	2	0	2	0	0	3	1	2	4	2	2	4	4	2	4	2	-1	4	1	-1	4	0	2	3	5	1	4	2	1	4	3	0	3	1	3	5	4	0	3	0	2	3	3	-1	3	0	-2	1	-5	-1	3	0	0	3	2	0	3	2	-1	1	-2	0	3	0	3	4	2	1	3	2	0	5	2	0	2	0	0	4	1	1	4	0	1	3	3
26	2	0	1	1	1	-2	-5	-3	-7	2	0	3	1	2	4	-1	-1	-5	0	0	2	2	0	1	1	1	1	2	2	2	-1	0	-2	4	2	3	0	0	-2	1	0	3	0	0	1	0	0	-2	0	0	-1	-1	-1	0	2	1	4	0	0	-1	0	0	2	0	0	0	0	0	-1	-1	-1	-1	0	0	0	-1	-2	-6	0	0	-4	-1	0	-1	0	0	-5	2	0	0	2	0	1	-1	0	-3	1	0	0	0	0	3	0	0	-2	0	0	0	0	0	2	0	0	-1	0	0	0	3	0	1	-2	0	-1	0	0	0	0	0	0	3	2	3	0	1	1	0	0	0	0	-1	-1	0	-1	0	1	1	0	2	-1	2	0	0	-1	2	0	0	0	1	0	-1	0	-2	1	0	0	1	1	3	2	1	0	1	0	0	0	0	-2	2	0	1
27	0	2	2	1	2	0	2	3	3	3	4	5	5	6	10	0	4	2	2	3	4	4	3	8	5	4	5	4	4	2	1	4	2	1	3	5	7	4	7	1	4	5	0	1	2	5	4	6	2	3	4	1	3	3	3	3	7	4	2	3	2	3	5	1	3	4	2	3	3	2	2	3	2	3	5	3	5	6	2	4	4	3	4	5	0	2	2	3	3	3	3	3	6	1	3	1	4	4	6	2	3	4	0	4	2	4	3	4	3	3	4	2	3	3	3	3	4	0	2	1	0	3	1	2	3	2	1	3	5	4	4	7	5	5	8	2	4	5	2	3	7	3	3	7	1	4	3	0	2	0	2	3	5	3	2	2	3	4	5	2	3	2	1	4	3	2	2	2	2	3	5	5	4	5	4	3	6	2	5	3
28	0	1	1	3	3	5	2	2	4	0	1	3	2	3	6	2	3	5	0	2	0	4	3	5	0	2	5	3	3	5	2	1	2	0	2	3	0	1	-1	0	1	0	1	1	2	2	3	1	-1	0	0	1	4	5	3	3	6	-1	1	2	1	3	4	0	1	2	0	3	2	2	3	5	2	4	3	0	1	3	1	1	3	0	2	0	1	2	4	-1	2	1	-2	0	0	2	5	8	5	5	6	1	2	2	1	4	5	0	2	3	2	5	5	1	2	4	2	2	4	-1	0	-1	4	3	5	1	1	2	-2	2	0	1	2	4	0	2	2	2	4	5	0	0	0	0	3	1	3	3	5	5	3	5	4	2	4	2	4	6	1	3	3	1	2	1	3	2	3	1	3	6	6	4	6	-2	1	0	1	2	3	2	4	5
29	-1	0	0	-1	0	-1	0	2	3	-2	0	2	1	0	3	2	0	2	3	1	6	-1	0	-2	1	1	4	-1	0	0	0	-1	0	4	0	4	3	1	3	0	0	0	1	0	1	1	-1	1	-1	0	1	1	0	0	0	0	2	0	0	3	3	1	4	0	0	-1	1	0	2	3	1	7	0	0	0	-4	0	-3	1	0	3	-1	0	0	-1	0	0	1	0	4	3	2	5	-1	0	0	3	0	3	1	0	0	1	-2	0	4	0	3	2	1	0	0	-2	0	-1	0	0	3	0	5	-2	-1	-5	2	0	4	-1	0	-2	0	0	0	0	0	0	3	1	4	0	1	1	0	0	1	1	0	2	-1	-1	0	0	0	0	2	1	4	1	1	4	0	-1	0	0	0	1	0	-1	-1	0	0	1	3	0	4	0	-1	-5	-2	0	-3
30	4	5	6	2	1	0	3	3	7	4	4	3	2	4	6	5	3	5	2	3	5	0	2	0	3	3	2	6	5	10	4	4	5	1	4	5	2	3	5	2	3	3	6	5	10	2	3	3	4	2	3	3	4	5	2	3	4	7	5	9	0	1	3	8	5	7	3	3	1	6	5	7	-1	3	1	4	4	8	3	3	6	2	2	3	3	2	2	3	4	4	4	3	6	0	3	5	3	4	5	7	5	6	0	3	2	2	4	5	5	4	2	3	2	1	2	3	2	4	2	5	3	2	6	5	4	5	2	2	3	3	2	1	4	3	6	0	3	2	4	2	6	4	5	11	3	2	4	4	4	7	1	2	4	5	4	7	3	5	5	0	1	1	0	2	1	2	3	3	5	3	3	3	2	3	5	4	6	2	3	1
31	1	4	2	3	5	2	0	2	2	5	5	3	3	4	4	1	3	2	0	2	0	1	3	0	4	6	5	1	3	0	0	3	0	4	5	3	3	4	3	3	6	4	0	3	3	4	5	5	0	2	0	1	5	3	3	4	3	2	5	5	1	3	4	3	6	6	4	5	7	1	5	3	1	3	2	0	4	2	3	4	2	2	3	2	6	5	7	0	3	0	0	2	0	2	3	1	3	4	3	3	4	4	0	3	4	2	4	4	2	3	2	3	5	8	4	5	4	3	3	2	3	5	4	3	4	5	0	2	1	2	3	1	2	5	2	2	3	3	2	5	2	0	4	3	3	1	2	0	2	0	0	3	2	2	3	3	3	3	5	4	5	7	2	4	2	1	4	3	3	5	2	4	4	3	1	5	2	3	3	2
32	3	2	4	0	1	0	4	3	4	2	2	3	4	3	1	0	2	5	3	3	3	1	1	5	-1	0	-1	0	1	0	3	2	3	1	1	4	0	2	3	1	2	1	1	3	1	0	1	0	3	3	4	0	2	0	1	2	1	1	2	0	0	1	1	0	3	0	2	3	4	1	2	2	2	2	2	-1	0	0	0	0	1	1	3	1	0	1	1	1	0	3	3	3	4	2	2	1	2	2	0	1	2	3	2	4	2	1	3	2	1	0	3	2	2	4	2	2	4	2	3	3	1	1	3	2	2	3	3	3	4	2	2	4	2	1	3	0	1	2	2	1	3	1	2	3	1	2	4	1	3	3	2	3	4	1	1	2	0	2	-1	0	3	4	4	3	6	0	1	2	2	0	2	1	3	4	0	1	1	2	3	5
33	3	2	4	1	3	2	3	4	6	4	4	7	3	2	5	4	3	5	1	2	2	1	3	0	3	4	4	4	5	3	1	2	4	0	2	3	0	2	2	2	5	5	0	0	0	3	2	4	4	4	3	0	3	4	2	2	2	0	2	0	4	4	6	0	1	1	0	1	-1	1	3	3	4	3	3	0	3	3	1	4	2	3	3	3	0	1	0	2	3	5	2	2	5	5	4	5	4	3	4	4	3	6	3	3	3	2	6	4	1	1	0	3	1	0	2	2	5	3	3	5	3	5	4	3	3	7	1	2	2	3	2	1	3	4	5	1	3	5	3	3	3	1	3	6	5	2	5	2	2	4	3	3	4	0	2	1	3	3	1	1	2	3	0	1	3	2	3	4	2	3	4	3	3	1	4	4	6	3	3	5
34	4	3	6	3	3	3	3	3	4	3	3	6	3	3	3	0	1	0	3	2	1	3	3	7	0	2	3	4	3	6	4	2	1	3	3	2	4	2	0	4	3	5	2	1	5	6	4	5	2	2	4	3	1	3	4	3	5	4	3	4	7	4	7	2	1	4	4	2	3	2	2	7	4	4	7	2	2	3	3	3	3	0	1	3	1	2	2	6	3	6	2	1	2	4	2	4	2	2	3	6	3	7	4	3	4	2	2	5	4	4	5	0	1	0	3	2	0	5	3	6	3	3	4	6	3	6	3	3	3	0	0	0	0	2	1	3	2	5	4	4	6	4	2	4	3	5	3	2	1	4	2	1	2	1	3	2	5	5	4	3	4	6	4	3	4	4	4	4	2	3	1	5	4	5	4	2	3	1	1	3
35	0	1	3	3	0	2	3	1	3	3	0	3	0	1	2	0	0	0	5	1	6	1	1	2	3	1	4	1	0	1	0	0	2	1	1	2	0	0	1	-1	-1	1	3	2	3	5	2	4	1	1	3	4	2	5	0	1	2	3	2	1	2	0	4	1	0	2	1	0	3	2	1	1	3	0	3	4	1	4	3	1	4	1	0	1	0	0	1	2	0	5	1	1	3	2	1	3	5	1	6	2	0	2	3	2	7	1	0	2	3	1	2	1	1	3	3	0	3	2	2	5	1	2	4	1	1	2	-1	0	0	4	0	3	3	2	4	2	1	4	4	2	5	2	1	4	4	2	5	4	2	5	0	0	1	2	1	2	4	2	8	2	0	3	1	0	6	2	0	3	4	1	4	4	1	3	1	1	3	1	0	4
36	3	4	4	2	3	2	3	4	4	3	5	4	1	4	2	6	6	3	5	7	8	6	5	6	3	5	2	0	2	1	4	4	3	3	5	7	3	4	4	2	3	1	0	4	1	3	4	4	4	5	5	5	5	5	5	4	4	1	4	0	0	2	1	1	3	0	4	4	4	3	5	6	2	4	5	0	4	4	5	5	7	2	4	3	7	5	5	4	4	5	4	5	5	3	3	6	2	3	6	1	3	0	1	3	1	3	4	4	0	6	4	1	3	5	3	3	4	3	3	4	2	4	1	1	4	4	2	2	0	3	4	6	3	4	4	2	2	1	2	4	0	2	4	2	2	2	3	1	3	1	3	2	0	4	5	5	3	4	0	0	3	3	5	4	7	4	5	5	4	4	3	3	4	5	1	4	3	3	4	4
37	2	0	6	4	2	6	6	3	8	1	2	3	1	0	3	3	0	5	5	4	10	2	0	4	6	3	6	1	0	4	1	1	4	2	1	3	3	2	2	5	3	6	4	1	4	3	0	6	6	2	6	5	3	7	3	0	7	0	1	2	1	0	2	0	0	1	0	0	-2	5	3	10	2	1	2	2	1	4	4	4	5	2	1	4	1	1	4	3	2	4	2	2	4	3	1	0	5	2	7	4	1	4	4	0	3	1	1	2	5	2	4	5	2	6	6	3	4	3	2	5	2	1	1	3	0	4	4	1	3	2	0	3	4	3	7	4	1	1	0	0	0	0	0	0	3	0	5	4	1	3	0	0	0	1	0	2	4	1	4	3	1	7	1	0	1	1	0	1	0	1	2	3	3	4	6	2	4	2	0	2
38	-1	2	2	1	1	3	2	4	1	1	4	2	5	3	5	2	2	2	0	4	1	1	1	2	0	3	-1	3	4	2	2	3	3	6	4	7	3	4	2	1	3	2	2	3	2	4	4	7	2	4	3	2	2	3	0	1	3	2	2	2	3	3	0	3	4	5	2	2	3	3	1	0	2	3	3	4	4	5	3	2	3	0	2	1	3	2	3	2	1	0	2	3	4	5	4	5	1	3	3	2	2	1	2	2	3	0	3	5	3	4	6	3	4	1	2	2	4	0	2	0	1	1	2	0	2	3	0	3	0	2	3	4	0	3	4	2	2	1	2	3	3	2	3	3	3	3	5	1	2	1	1	1	0	4	2	2	5	4	4	3	2	1	1	1	1	3	1	2	2	3	1	1	2	3	0	3	5	3	4	7
39	2	5	4	0	4	3	2	3	2	0	2	0	0	4	0	4	6	7	4	5	3	1	4	1	0	3	0	-2	2	1	3	7	4	1	4	3	0	3	3	4	6	6	0	4	3	3	4	2	4	5	6	0	3	0	2	5	5	1	4	5	0	3	1	0	4	4	-1	3	3	1	3	2	1	4	3	1	4	2	3	4	1	2	4	4	0	3	1	4	5	4	4	6	8	1	3	5	0	5	3	0	3	2	1	4	5	1	4	0	2	4	4	1	2	0	3	4	3	3	5	6	3	6	6	5	6	8	0	5	2	2	5	5	0	3	-2	0	3	0	1	5	5	0	3	-1	0	2	3	0	4	0	1	3	2	0	4	2	0	2	2	-2	0	-1	2	4	3	1	3	2	3	3	3	0	4	0	4	4	5	3	4	8
40	-1	-1	-2	4	0	4	0	0	0	1	1	2	1	0	1	2	0	0	4	1	2	2	0	3	2	1	2	0	0	-2	3	1	2	3	1	2	2	1	2	1	1	1	3	1	5	1	0	0	3	1	6	0	0	1	3	0	3	1	1	0	3	-1	1	3	0	6	2	0	2	1	1	3	4	0	2	4	2	3	1	1	0	4	1	3	1	0	3	1	0	3	1	1	2	2	1	4	2	-1	2	3	0	1	1	0	1	3	0	3	2	0	1	3	3	7	4	3	5	1	1	2	4	1	4	3	1	1	2	1	0	3	2	1	0	0	3	1	0	0	0	1	0	0	-1	0	2	0	0	2	2	3	3	0	2	0	0	-1	3	1	3	5	0	4	5	1	7	4	0	6	2	0	1	1	0	0	1	0	-1	4	1	2
41	2	3	6	0	3	0	0	1	0	3	3	2	-2	0	0	4	3	6	1	2	4	0	1	-2	0	3	3	3	2	0	-1	0	-1	1	1	3	2	1	0	0	1	1	0	3	2	2	1	4	3	3	8	-1	1	-2	2	2	2	0	1	0	3	3	3	2	3	3	2	3	3	0	0	-1	3	2	3	3	2	2	3	4	7	1	2	1	2	3	3	0	2	0	0	1	2	2	2	1	-1	2	0	1	1	0	2	1	5	3	3	5	4	3	4	1	1	3	2	3	0	2	1	2	0	3	-1	3	3	2	0	2	1	1	2	0	0	3	2	1	2	0	2	3	1	0	2	0	2	2	1	2	4	3	1	2	1	1	0	0	3	5	6	5	3	5	1	3	3	1	3	4	3	2	2	2	2	3	3	2	2	0	2	0
42	3	2	2	1	1	0	5	3	2	3	1	3	0	0	-1	1	1	0	3	2	2	4	2	3	0	2	0	0	0	0	2	1	2	0	0	-1	3	1	2	1	1	0	0	0	0	4	2	4	1	1	-2	1	0	2	0	2	2	2	3	3	1	1	2	1	1	1	1	0	0	0	0	0	4	3	2	-1	1	1	0	1	0	0	0	-1	0	0	0	1	2	2	2	3	3	5	2	6	2	2	0	0	1	0	1	0	2	2	2	2	-1	0	-3	3	1	3	1	0	0	0	1	1	-1	0	-3	2	1	1	-1	0	1	1	1	3	2	2	0	2	1	1	2	2	4	0	2	0	1	1	0	0	2	0	1	2	0	1	2	0	0	2	0	2	3	3	0	1	2	0	1	3	4	3	3	3	2	3	3	3	5	0	2	2
43	3	1	2	1	0	4	-2	0	0	0	0	0	-1	-1	-1	0	0	3	0	0	0	0	-1	0	0	-2	0	0	-1	-1	4	0	3	3	0	3	1	-1	1	1	0	1	0	0	1	2	0	1	4	0	4	3	0	3	0	-1	0	1	0	0	-1	0	0	-1	0	-1	0	0	0	2	0	3	-2	-1	-3	-1	0	0	0	0	1	0	-1	2	3	0	1	0	-1	-1	0	0	0	0	-1	1	2	0	0	2	2	4	1	-1	2	1	1	2	0	0	0	3	1	3	1	0	3	-4	-2	-3	0	0	2	1	0	0	-2	-1	-1	-1	0	1	0	-1	0	1	0	3	2	0	0	1	0	2	1	-1	1	3	0	3	0	-2	1	-1	-2	-4	0	1	1	0	1	3	0	-1	1	0	1	1	0	0	2	1	0	0	0	0	0	0	0	0
44	4	3	6	6	3	5	6	3	8	3	3	5	3	2	2	8	4	10	2	3	8	1	2	4	6	4	8	4	3	6	4	3	7	5	2	3	4	2	6	3	3	3	4	3	4	3	2	5	2	2	5	3	2	5	4	3	8	4	3	6	5	3	5	3	2	2	3	3	4	7	4	8	5	2	6	4	3	6	3	2	4	6	4	6	5	3	4	4	5	6	4	3	4	3	3	2	4	3	5	5	2	5	6	4	6	2	1	3	5	3	5	2	3	3	2	3	3	5	3	8	3	2	5	2	1	3	5	2	2	0	2	3	6	4	9	7	5	11	4	2	3	3	2	6	5	2	7	7	5	12	0	1	2	2	1	3	1	2	4	3	3	2	3	3	6	3	3	5	6	3	9	5	2	3	6	5	11	5	4	8
45	3	0	3	3	1	2	4	3	4	3	1	4	3	2	5	3	2	4	5	1	5	3	2	4	2	1	3	3	1	2	5	2	5	3	2	6	6	2	3	6	2	7	6	3	7	6	3	8	3	2	0	5	1	5	2	3	2	4	2	4	7	2	2	5	2	2	4	1	2	5	2	4	4	0	3	2	3	2	4	2	5	4	2	5	9	2	6	2	0	3	7	4	11	2	2	3	4	2	4	0	0	0	2	0	1	5	2	5	4	3	5	4	1	3	4	3	2	2	0	0	3	0	1	4	1	3	5	2	3	4	2	3	4	0	5	5	1	4	3	3	4	5	1	2	5	4	3	3	1	3	2	2	4	4	1	4	3	1	2	3	0	3	3	2	4	6	3	2	5	2	5	2	2	5	5	2	6	2	1	1
46	-1	-1	-2	-2	0	0	1	0	5	1	0	4	0	0	2	-1	0	3	3	1	6	0	3	4	-1	0	0	-2	0	0	0	0	6	2	0	3	0	1	2	1	1	4	-2	0	-1	-1	1	1	1	0	3	0	1	3	0	0	0	4	1	2	2	1	5	0	0	-1	0	0	1	2	1	5	0	1	3	-1	0	1	0	1	0	0	2	3	-3	0	0	-2	0	2	0	2	4	0	1	0	0	0	0	0	0	1	-1	0	2	-1	0	1	0	1	3	-1	0	0	0	0	0	1	0	1	1	0	5	0	0	0	0	0	0	3	0	5	1	0	0	2	1	5	1	1	2	0	2	3	2	2	5	-1	0	5	1	1	1	3	1	5	0	-1	2	2	1	2	-3	0	1	2	1	5	0	-1	1	-1	0	1	2	2	5	0	0	3
47	4	1	4	2	0	4	2	2	3	5	2	6	2	1	0	1	0	3	1	-1	0	6	1	4	2	0	2	3	0	3	4	1	6	3	0	1	4	0	5	1	-1	1	6	1	4	4	1	3	2	1	3	0	-1	0	6	1	6	4	1	6	1	0	0	6	3	9	6	3	6	3	0	1	3	0	1	2	-1	2	3	2	2	2	1	3	3	1	4	3	1	4	6	0	4	0	0	0	2	0	2	3	0	3	5	0	2	6	0	3	0	0	1	2	0	1	4	1	4	5	1	3	2	1	2	3	0	3	0	0	-1	1	0	1	7	4	7	2	0	3	4	2	2	4	0	3	3	2	4	1	0	2	5	1	5	1	0	1	0	0	1	4	1	4	3	0	2	6	1	5	2	0	2	4	0	5	2	0	2	2	0	2
48	5	2	0	1	2	0	4	4	6	3	3	1	-1	2	-1	2	2	3	0	1	0	-1	0	-1	2	3	2	3	2	1	1	2	0	0	1	1	3	2	0	0	1	0	4	2	3	3	3	1	0	0	0	0	2	0	3	2	3	1	1	0	3	3	2	2	3	3	5	3	3	4	4	4	2	3	0	0	1	0	2	1	0	4	3	1	2	2	0	0	1	-2	1	1	0	4	2	2	1	4	0	1	2	1	1	2	2	1	2	1	3	3	4	5	3	4	1	2	-1	1	2	1	2	3	0	0	1	-3	4	3	0	3	2	0	4	3	6	-1	0	-2	3	3	4	3	2	3	2	2	0	1	3	1	1	2	1	3	3	2	1	2	0	4	2	3	4	2	0	1	4	5	1	3	1	2	1	1	4	2	1	2	2	4
49	4	6	5	5	4	4	3	5	2	5	6	4	0	6	2	6	5	6	-1	5	1	4	5	3	1	2	0	2	6	2	0	3	0	2	4	1	0	3	1	2	5	2	3	4	2	3	4	4	0	4	1	2	5	1	4	5	6	5	6	7	3	6	6	0	4	1	3	6	6	0	4	1	0	6	5	3	6	4	0	4	3	3	5	3	2	4	4	3	5	2	4	6	4	0	4	1	2	5	1	2	5	5	2	5	3	2	4	0	1	5	0	0	3	2	0	4	3	2	5	6	0	4	2	1	6	4	1	5	5	0	4	2	2	5	2	3	5	4	2	6	3	2	5	1	0	6	2	1	5	2	2	4	2	3	6	5	0	5	0	0	3	3	1	4	1	-1	4	1	4	4	5	2	4	2	3	4	2	2	5	2
50	1	0	0	0	0	5	2	0	2	0	-1	-1	0	0	0	3	3	5	3	0	2	1	0	0	0	1	1	0	2	0	0	2	1	-1	0	0	-1	0	0	0	2	1	1	1	0	0	0	0	0	1	4	1	1	1	1	0	0	3	0	4	3	1	2	1	2	3	-1	1	1	0	1	-1	1	0	2	-1	0	0	0	0	0	0	0	0	0	1	4	0	0	0	0	0	1	-2	0	-2	0	0	-1	2	1	3	0	1	0	0	0	0	2	0	1	0	2	4	2	1	4	3	2	7	2	1	4	2	1	3	2	2	6	0	0	2	2	0	2	0	1	2	-2	-1	2	0	0	0	4	2	5	0	0	1	2	0	2	0	0	0	0	1	3	1	1	4	1	0	0	1	1	0	2	2	5	2	1	5	0	0	3	1	0	2
