1	1	0	0	1	4	3
1	2	2	0	1	5	2
1	3	1	0	1	3	1
1	4	0	0	-1	4	1
1	5	-1	2	3	3	2
1	6	1	0	2	4	3
1	7	0	0	0	1	0
1	8	2	2	4	4	4
1	9	3	1	3	5	4
1	10	5	2	5	7	6
1	11	3	1	5	5	4
1	12	2	1	2	6	5
1	13	-1	0	-1	2	0
1	14	1	0	0	5	4
1	15	0	1	2	4	2
1	16	3	1	4	5	4
1	17	0	0	3	6	4
1	18	-1	0	0	4	0
1	19	4	2	5	7	4
1	20	3	0	4	4	4
1	21	1	0	2	6	3
1	22	2	2	4	6	5
1	23	-3	0	0	2	0
1	24	2	2	4	4	3
1	25	0	0	0	5	1
1	26	2	0	3	6	2
1	27	2	1	2	5	1
1	28	1	0	2	5	3
1	29	4	1	6	7	5
1	30	1	1	2	3	3
1	31	3	2	4	6	5
1	32	-1	0	1	3	0
1	33	0	0	0	4	1
1	34	4	3	7	6	3
1	35	3	2	3	5	4
1	36	-2	1	-1	2	0
1	37	0	0	1	2	0
1	38	0	0	2	6	2
1	39	3	0	3	4	3
1	40	1	0	0	4	4
1	41	2	1	3	4	3
1	42	3	2	5	5	3
1	43	4	2	6	7	6
1	44	1	1	0	6	2
1	45	1	0	3	3	3
1	46	0	0	-1	3	-1
1	47	1	0	2	3	3
1	48	0	0	3	1	1
1	49	1	0	1	2	1
1	50	1	0	2	4	1
1	51	3	2	3	4	4
1	52	0	1	0	2	0
1	53	1	0	0	2	2
1	54	1	2	3	6	3
1	55	0	0	0	2	3
1	56	1	1	1	4	4
1	57	1	1	2	4	3
1	58	1	1	3	3	1
1	59	-2	0	-1	1	-2
1	60	4	2	4	7	7
2	1	0	2	0	3	4
2	2	1	3	3	3	7
2	3	2	2	2	5	4
2	4	3	2	5	4	5
2	5	2	1	3	4	4
2	6	2	2	2	5	2
2	7	0	2	4	4	3
2	8	0	1	2	3	1
2	9	4	3	4	5	5
2	10	0	1	2	3	0
2	11	5	4	5	8	6
2	12	-1	1	0	4	0
2	13	1	0	2	2	2
2	14	3	2	4	5	5
2	15	1	1	4	4	3
2	16	0	1	0	3	3
2	17	0	2	2	2	2
2	18	2	3	4	3	4
2	19	2	3	3	4	3
2	20	0	1	0	2	1
2	21	2	3	4	4	3
2	22	0	1	3	3	4
2	23	2	1	3	5	4
2	24	0	0	0	1	0
2	25	2	3	3	3	2
2	26	4	3	6	6	5
2	27	2	2	3	5	4
2	28	0	2	0	2	1
2	29	0	2	3	3	2
2	30	2	2	3	4	1
2	31	0	2	2	2	0
2	32	-1	2	0	1	-1
2	33	4	3	4	4	3
2	34	1	2	1	2	0
2	35	0	1	3	3	2
2	36	2	3	3	5	5
2	37	0	1	2	3	1
2	38	3	3	4	4	5
2	39	0	2	2	3	3
2	40	0	1	2	5	3
2	41	1	1	3	3	3
2	42	1	1	0	4	4
2	43	0	1	1	3	2
2	44	1	3	1	2	1
2	45	2	2	5	4	4
2	46	0	0	0	3	1
2	47	0	2	2	3	2
2	48	2	3	4	6	7
2	49	0	1	3	3	0
2	50	2	1	2	2	3
2	51	3	2	4	3	2
2	52	2	3	3	6	3
2	53	3	2	2	6	3
2	54	0	3	0	4	3
2	55	0	3	3	3	2
2	56	-2	0	0	1	-2
2	57	0	3	4	2	4
2	58	2	2	2	5	3
2	59	2	3	3	5	3
2	60	1	3	4	3	1
3	1	7	5	9	6	6
3	2	2	3	6	4	5
3	3	4	2	7	5	5
3	4	6	4	6	5	7
3	5	2	3	3	2	4
3	6	3	4	3	5	3
3	7	5	6	9	7	10
3	8	4	3	4	5	6
3	9	3	5	8	5	8
3	10	2	3	2	3	5
3	11	5	4	3	5	3
3	12	5	4	8	5	4
3	13	1	3	6	4	7
3	14	2	2	0	4	6
3	15	3	3	5	4	5
3	16	2	3	0	4	5
3	17	2	4	6	7	7
3	18	5	4	7	6	7
3	19	0	1	0	2	2
3	20	6	5	7	7	6
3	21	1	2	3	2	2
3	22	3	5	5	6	6
3	23	5	3	8	6	7
3	24	4	2	7	4	5
3	25	3	3	5	2	3
3	26	4	4	6	6	5
3	27	4	3	9	6	7
3	28	6	3	6	5	7
3	29	0	1	1	3	1
3	30	0	2	0	2	1
3	31	6	5	8	6	7
3	32	6	5	6	5	9
3	33	5	4	6	5	5
3	34	5	4	6	5	7
3	35	6	3	6	5	7
3	36	0	2	0	2	1
3	37	6	5	4	5	10
3	38	4	3	6	5	5
3	39	4	4	6	7	5
3	40	4	3	2	4	6
3	41	5	5	7	5	7
3	42	4	4	6	4	5
3	43	3	3	8	6	5
3	44	4	4	7	4	4
3	45	0	3	2	4	3
3	46	7	5	8	5	8
3	47	4	4	8	6	6
3	48	6	4	7	6	10
3	49	4	2	6	4	7
3	50	4	4	7	5	7
3	51	6	5	10	7	9
3	52	3	4	5	3	6
3	53	1	2	2	2	4
3	54	5	3	5	5	6
3	55	1	4	3	4	4
3	56	3	3	6	3	5
3	57	7	4	8	7	8
3	58	2	4	5	4	5
3	59	4	5	6	4	6
3	60	5	2	5	6	5
4	1	1	2	1	2	3
4	2	2	2	2	3	3
4	3	3	3	4	6	5
4	4	3	2	3	2	3
4	5	3	3	6	5	6
4	6	4	3	4	4	5
4	7	3	2	2	4	7
4	8	2	1	0	3	5
4	9	6	3	5	4	5
4	10	2	1	3	3	3
4	11	0	2	4	2	4
4	12	4	4	3	5	8
4	13	5	2	5	5	4
4	14	3	1	0	2	3
4	15	0	1	0	3	2
4	16	0	0	-1	1	1
4	17	3	2	3	1	5
4	18	2	2	0	4	6
4	19	2	1	4	6	4
4	20	5	2	1	5	3
4	21	3	2	1	3	2
4	22	0	1	0	4	3
4	23	2	4	3	5	6
4	24	3	3	3	3	5
4	25	1	0	0	2	1
4	26	2	3	3	4	3
4	27	2	2	0	1	3
4	28	0	0	-1	0	1
4	29	2	3	2	4	4
4	30	4	3	3	3	3
4	31	2	2	1	4	5
4	32	3	3	1	4	4
4	33	4	2	4	6	5
4	34	3	3	4	5	4
4	35	0	1	1	3	3
4	36	2	1	3	2	3
4	37	3	2	5	2	5
4	38	4	2	3	3	1
4	39	1	2	0	1	2
4	40	2	1	3	4	3
4	41	2	2	5	4	6
4	42	3	2	4	4	4
4	43	1	2	1	3	3
4	44	3	4	1	4	3
4	45	3	2	5	6	5
4	46	1	3	3	4	8
4	47	4	3	5	5	4
4	48	1	3	4	3	3
4	49	2	1	1	4	5
4	50	3	2	0	1	2
4	51	5	2	2	3	5
4	52	2	0	0	3	2
4	53	2	0	0	2	2
4	54	1	1	2	4	4
4	55	7	4	6	5	5
4	56	4	2	5	5	5
4	57	3	3	3	7	3
4	58	3	2	3	5	4
4	59	1	1	1	2	3
4	60	2	2	1	2	2
5	1	1	1	2	4	6
5	2	2	0	1	2	4
5	3	2	2	3	3	6
5	4	0	0	-1	0	4
5	5	3	2	6	3	6
5	6	4	1	4	3	5
5	7	2	0	0	0	4
5	8	4	1	6	4	6
5	9	6	3	10	6	7
5	10	0	1	1	3	5
5	11	4	2	3	4	7
5	12	1	1	1	1	4
5	13	2	2	3	4	7
5	14	1	1	2	4	8
5	15	2	3	6	5	8
5	16	0	1	0	3	5
5	17	2	1	5	2	6
5	18	0	1	2	3	3
5	19	0	2	2	1	5
5	20	1	1	4	4	3
5	21	0	1	3	1	4
5	22	2	1	3	2	6
5	23	1	0	1	1	4
5	24	3	2	4	5	7
5	25	0	1	0	1	2
5	26	2	1	1	2	5
5	27	1	1	4	4	6
5	28	4	2	3	3	5
5	29	2	1	3	2	3
5	30	3	2	3	2	4
5	31	2	1	3	3	4
5	32	-1	1	0	1	3
5	33	1	1	2	3	5
5	34	3	0	2	3	5
5	35	3	0	0	2	4
5	36	5	3	3	5	8
5	37	2	1	3	4	5
5	38	1	1	3	3	6
5	39	0	0	0	2	3
5	40	4	1	2	2	3
5	41	0	2	2	4	5
5	42	1	1	3	2	4
5	43	2	1	2	2	2
5	44	4	2	4	3	6
5	45	0	1	1	3	4
5	46	0	2	2	2	6
5	47	1	2	2	2	7
5	48	2	1	1	1	4
5	49	4	2	2	4	5
5	50	0	0	2	1	4
5	51	-2	0	-1	-1	0
5	52	2	1	1	4	5
5	53	3	1	3	4	6
5	54	0	1	3	1	4
5	55	3	1	1	4	5
5	56	1	0	1	1	2
5	57	1	1	3	3	5
5	58	0	0	-1	1	0
5	59	3	0	4	3	4
5	60	5	4	4	5	9
6	1	6	4	5	5	7
6	2	6	4	4	4	6
6	3	5	3	3	4	8
6	4	2	3	2	3	2
6	5	6	4	6	5	9
6	6	5	4	5	5	6
6	7	4	2	4	2	5
6	8	0	3	3	2	5
6	9	6	3	5	4	5
6	10	3	4	4	4	3
6	11	4	3	3	5	4
6	12	5	3	2	3	3
6	13	5	4	10	7	7
6	14	4	4	7	3	5
6	15	5	5	7	6	8
6	16	0	2	0	2	1
6	17	5	3	4	3	6
6	18	5	3	5	5	5
6	19	3	2	1	3	3
6	20	6	5	9	7	7
6	21	2	3	0	4	3
6	22	5	4	5	7	6
6	23	5	4	8	6	8
6	24	5	4	5	4	6
6	25	4	3	4	1	5
6	26	6	3	6	6	10
6	27	5	3	4	4	5
6	28	1	2	5	4	4
6	29	3	2	3	4	4
6	30	7	5	8	5	10
6	31	5	3	2	4	5
6	32	3	2	2	1	1
6	33	3	3	5	6	6
6	34	6	3	6	5	5
6	35	2	2	4	3	3
6	36	2	2	4	2	3
6	37	5	4	5	6	5
6	38	7	4	7	5	10
6	39	5	5	6	6	7
6	40	4	3	3	6	4
6	41	3	3	0	4	4
6	42	6	4	4	5	5
6	43	3	4	6	4	7
6	44	6	5	8	5	7
6	45	6	3	2	4	4
6	46	3	3	7	6	7
6	47	4	4	3	5	4
6	48	4	3	5	4	5
6	49	6	4	8	6	8
6	50	6	5	6	6	8
6	51	3	2	0	3	3
6	52	6	4	5	6	6
6	53	6	4	7	5	7
6	54	3	4	3	3	4
6	55	5	3	6	5	4
6	56	3	4	3	3	4
6	57	6	4	10	5	7
6	58	6	5	7	5	6
6	59	5	5	6	4	7
6	60	5	4	5	5	5
7	1	1	2	6	2	5
7	2	1	2	7	4	8
7	3	4	2	7	4	7
7	4	1	1	4	2	4
7	5	0	0	0	0	2
7	6	2	2	3	2	5
7	7	1	1	4	4	5
7	8	1	3	4	2	4
7	9	1	3	4	3	6
7	10	1	3	6	5	7
7	11	0	1	1	2	5
7	12	1	3	4	3	4
7	13	2	2	6	2	4
7	14	1	1	2	3	3
7	15	3	0	2	4	4
7	16	0	1	0	1	2
7	17	0	1	2	1	4
7	18	-1	0	0	2	4
7	19	0	1	3	0	4
7	20	0	2	0	1	2
7	21	1	2	3	3	8
7	22	2	3	7	6	5
7	23	0	2	3	1	4
7	24	0	0	2	1	3
7	25	1	1	-1	1	3
7	26	1	2	3	2	6
7	27	0	1	2	3	6
7	28	0	3	4	4	4
7	29	1	1	3	2	3
7	30	-1	0	0	1	0
7	31	1	2	3	3	5
7	32	2	2	5	3	7
7	33	3	3	5	3	7
7	34	0	1	2	2	4
7	35	0	1	0	1	3
7	36	7	2	9	5	7
7	37	2	2	2	4	2
7	38	1	1	2	4	4
7	39	1	1	4	4	4
7	40	0	0	0	0	3
7	41	0	2	3	1	2
7	42	0	0	0	2	2
7	43	1	1	3	3	3
7	44	1	1	5	2	5
7	45	0	0	0	2	3
7	46	2	2	6	3	5
7	47	2	2	5	4	6
7	48	0	1	3	2	3
7	49	1	1	3	4	6
7	50	2	3	4	5	7
7	51	3	3	6	5	6
7	52	2	3	1	2	5
7	53	0	1	2	4	5
7	54	2	1	4	2	4
7	55	2	2	7	5	4
7	56	2	2	6	4	8
7	57	1	4	4	4	6
7	58	1	0	2	1	6
7	59	2	1	7	4	7
7	60	0	1	4	4	4
8	1	0	-1	0	1	1
8	2	-2	-1	-3	0	0
8	3	2	0	0	4	5
8	4	-2	0	-2	0	0
8	5	1	-1	1	1	3
8	6	1	0	2	0	3
8	7	0	-1	1	2	4
8	8	1	0	1	2	0
8	9	0	-1	0	0	1
8	10	1	0	3	2	4
8	11	1	0	2	3	7
8	12	1	0	2	3	4
8	13	-2	-1	-2	0	0
8	14	1	0	3	2	5
8	15	1	0	0	0	2
8	16	2	2	4	3	3
8	17	2	0	1	1	3
8	18	0	0	0	2	1
8	19	0	0	0	0	3
8	20	1	0	2	4	3
8	21	2	0	2	1	2
8	22	2	0	0	2	3
8	23	3	2	5	4	6
8	24	0	0	1	2	4
8	25	1	0	0	1	3
8	26	-3	0	-3	-3	-1
8	27	5	0	6	4	6
8	28	0	-1	0	0	2
8	29	4	1	4	1	5
8	30	2	0	4	1	2
8	31	1	1	3	3	4
8	32	1	0	-1	0	2
8	33	2	0	1	2	3
8	34	0	-1	2	2	3
8	35	0	0	0	0	3
8	36	1	-1	0	2	1
8	37	2	0	2	2	3
8	38	-1	0	0	3	2
8	39	0	-2	-1	0	0
8	40	0	0	-1	2	2
8	41	0	0	1	1	3
8	42	2	-1	1	1	3
8	43	0	1	3	2	1
8	44	-1	-1	-2	0	1
8	45	0	0	2	0	4
8	46	0	0	3	3	3
8	47	2	0	2	3	5
8	48	1	0	0	1	4
8	49	0	0	-1	1	2
8	50	2	-1	2	2	5
8	51	-1	-1	0	-1	0
8	52	0	-1	0	0	1
8	53	1	0	0	0	4
8	54	-1	0	-2	1	0
8	55	1	0	2	2	4
8	56	2	0	4	2	6
8	57	1	0	0	1	2
8	58	0	-1	0	0	4
8	59	1	0	1	1	3
8	60	1	-2	1	1	2
9	1	1	1	3	5	3
9	2	1	2	5	5	4
9	3	0	1	3	4	2
9	4	0	0	0	3	1
9	5	-2	0	-2	3	0
9	6	0	1	0	3	1
9	7	2	2	4	5	4
9	8	-2	0	1	0	-1
9	9	-1	0	0	1	1
9	10	0	0	0	4	2
9	11	0	0	3	4	1
9	12	0	0	0	4	1
9	13	4	2	3	4	4
9	14	1	1	1	3	0
9	15	0	1	1	3	3
9	16	1	0	5	5	3
9	17	1	1	5	3	1
9	18	0	0	2	4	2
9	19	0	0	1	4	2
9	20	2	1	2	4	2
9	21	2	1	5	5	3
9	22	0	0	0	3	1
9	23	3	2	3	4	4
9	24	2	1	4	3	5
9	25	1	0	5	3	2
9	26	2	2	3	3	1
9	27	1	1	2	3	4
9	28	4	1	7	6	5
9	29	1	1	1	3	2
9	30	1	1	2	2	1
9	31	-2	0	-1	0	0
9	32	-2	1	-1	3	-1
9	33	1	2	1	3	4
9	34	1	1	3	4	4
9	35	3	2	1	4	3
9	36	1	2	1	4	4
9	37	1	1	1	3	1
9	38	0	2	7	4	4
9	39	0	1	0	2	2
9	40	-1	0	-1	3	0
9	41	0	0	0	2	2
9	42	2	2	5	5	6
9	43	1	0	1	4	3
9	44	2	1	4	4	3
9	45	0	1	1	4	2
9	46	0	0	0	3	2
9	47	2	1	1	3	4
9	48	0	0	0	3	0
9	49	0	0	0	3	0
9	50	-1	0	0	2	1
9	51	2	1	3	5	4
9	52	0	0	0	3	1
9	53	1	2	3	5	4
9	54	3	2	6	6	5
9	55	2	0	0	3	4
9	56	0	1	2	4	3
9	57	0	0	0	0	-1
9	58	0	1	0	2	3
9	59	1	2	0	4	1
9	60	0	1	2	4	2
10	1	1	3	0	1	1
10	2	4	3	7	5	6
10	3	0	2	0	1	0
10	4	3	1	0	2	2
10	5	2	3	6	3	3
10	6	1	2	1	2	0
10	7	2	2	3	3	1
10	8	5	3	2	2	5
10	9	6	3	5	4	5
10	10	1	3	1	3	3
10	11	1	4	4	3	3
10	12	2	3	1	2	2
10	13	3	2	3	4	3
10	14	1	1	0	1	0
10	15	5	3	5	5	4
10	16	0	2	0	0	1
10	17	1	1	0	2	-1
10	18	1	2	0	2	1
10	19	2	3	2	2	1
10	20	4	3	4	3	6
10	21	2	4	3	4	5
10	22	1	2	0	3	2
10	23	0	0	0	1	0
10	24	-1	2	0	2	0
10	25	2	3	0	3	0
10	26	3	4	8	6	7
10	27	-1	2	-1	0	0
10	28	2	4	2	4	3
10	29	2	2	3	3	1
10	30	4	4	4	5	5
10	31	0	1	0	1	0
10	32	1	4	4	3	3
10	33	1	2	0	1	0
10	34	3	3	3	2	3
10	35	4	4	5	6	3
10	36	5	4	5	4	4
10	37	1	4	4	3	3
10	38	4	4	5	6	5
10	39	3	4	3	5	1
10	40	0	3	1	1	2
10	41	2	2	3	3	3
10	42	0	3	0	0	1
10	43	1	2	2	2	4
10	44	1	4	5	4	4
10	45	2	2	1	3	1
10	46	1	3	4	2	2
10	47	1	2	0	1	-1
10	48	-1	2	2	2	3
10	49	0	3	1	1	3
10	50	1	2	1	3	3
10	51	1	3	1	0	0
10	52	0	2	2	1	2
10	53	0	2	0	1	1
10	54	4	4	5	4	3
10	55	2	4	4	2	3
10	56	0	3	0	2	1
10	57	2	3	2	4	4
10	58	0	2	0	2	0
10	59	2	3	0	3	2
10	60	2	2	0	3	3
11	1	0	1	2	3	2
11	2	2	2	5	4	3
11	3	5	3	4	4	5
11	4	6	3	7	7	6
11	5	4	3	7	5	5
11	6	3	2	2	4	5
11	7	4	4	7	7	6
11	8	4	2	5	4	5
11	9	5	4	6	4	7
11	10	4	3	4	6	5
11	11	6	5	9	7	10
11	12	2	3	3	4	1
11	13	5	3	6	4	5
11	14	0	1	2	2	1
11	15	4	2	5	5	4
11	16	6	3	8	5	7
11	17	4	4	8	8	8
11	18	0	1	1	2	2
11	19	3	3	5	5	5
11	20	7	4	9	7	6
11	21	1	1	6	5	2
11	22	3	1	6	4	5
11	23	4	2	4	4	4
11	24	4	3	5	6	6
11	25	5	3	6	6	8
11	26	7	3	8	7	8
11	27	4	3	4	4	2
11	28	4	2	7	7	4
11	29	7	5	9	9	9
11	30	3	3	5	4	5
11	31	4	3	5	4	5
11	32	2	1	2	2	1
11	33	4	3	6	6	6
11	34	3	3	5	4	4
11	35	2	2	3	5	5
11	36	3	1	3	3	5
11	37	4	2	3	5	2
11	38	2	2	5	5	3
11	39	1	3	4	5	4
11	40	7	4	8	8	6
11	41	4	3	7	6	5
11	42	4	2	4	4	4
11	43	2	1	3	0	2
11	44	4	3	6	3	3
11	45	3	2	4	2	4
11	46	3	2	1	2	5
11	47	4	2	2	1	5
11	48	8	4	8	6	10
11	49	3	2	2	4	3
11	50	2	3	3	2	2
11	51	4	2	4	4	5
11	52	1	3	4	2	5
11	53	4	3	6	6	6
11	54	3	4	3	4	5
11	55	3	3	6	6	4
11	56	2	1	3	2	4
11	57	3	2	4	4	4
11	58	5	2	4	5	5
11	59	2	1	0	4	1
11	60	6	3	8	5	6
12	1	5	3	6	5	7
12	2	4	5	7	6	9
12	3	2	3	4	4	4
12	4	3	1	4	3	4
12	5	2	3	3	3	2
12	6	1	3	3	3	4
12	7	-1	2	2	2	2
12	8	1	2	0	1	2
12	9	4	3	1	4	3
12	10	0	3	3	3	4
12	11	2	3	2	2	4
12	12	-2	1	-2	0	0
12	13	0	3	0	0	2
12	14	0	3	0	1	1
12	15	3	3	3	4	5
12	16	3	2	3	3	0
12	17	0	2	1	2	5
12	18	2	3	3	2	4
12	19	3	4	0	4	2
12	20	1	4	3	4	3
12	21	4	5	4	6	8
12	22	0	2	1	3	0
12	23	2	3	3	3	2
12	24	1	1	1	4	2
12	25	3	5	5	5	5
12	26	1	3	3	2	4
12	27	0	3	1	4	3
12	28	1	4	4	5	4
12	29	1	3	1	3	3
12	30	4	5	6	6	8
12	31	0	4	4	3	6
12	32	1	2	1	3	2
12	33	0	3	2	3	5
12	34	1	1	3	3	4
12	35	2	3	2	4	3
12	36	0	2	1	4	3
12	37	4	4	4	4	5
12	38	1	2	0	1	2
12	39	0	2	3	2	2
12	40	2	3	1	4	4
12	41	0	1	4	1	1
12	42	1	2	0	1	1
12	43	2	4	4	4	5
12	44	0	3	2	3	4
12	45	-3	2	-1	0	0
12	46	5	4	6	6	5
12	47	2	3	5	2	4
12	48	5	5	7	6	8
12	49	1	4	2	4	4
12	50	2	3	1	4	2
12	51	7	5	7	8	10
12	52	7	5	8	8	9
12	53	-1	2	2	2	2
12	54	1	3	2	5	6
12	55	1	3	0	4	3
12	56	3	3	4	5	5
12	57	1	2	3	4	3
12	58	0	3	1	3	1
12	59	2	3	1	4	6
12	60	3	4	5	6	5
13	1	4	0	2	5	4
13	2	0	0	5	4	3
13	3	4	3	7	6	7
13	4	1	1	4	5	6
13	5	0	0	1	2	0
13	6	4	1	2	4	3
13	7	5	1	5	6	7
13	8	2	2	5	5	5
13	9	1	0	1	2	6
13	10	3	2	4	7	3
13	11	0	0	0	4	5
13	12	3	1	2	5	4
13	13	0	0	0	4	3
13	14	0	0	5	4	2
13	15	3	1	4	6	7
13	16	0	0	1	3	3
13	17	3	1	2	5	4
13	18	2	2	5	6	1
13	19	2	3	2	6	3
13	20	6	2	6	7	7
13	21	2	1	1	5	1
13	22	3	2	3	6	6
13	23	2	1	1	6	1
13	24	3	1	3	5	4
13	25	2	0	5	5	4
13	26	0	1	1	4	2
13	27	1	1	-1	4	1
13	28	0	0	3	4	4
13	29	4	1	5	7	8
13	30	1	1	2	3	5
13	31	2	2	5	5	3
13	32	0	2	0	5	4
13	33	2	1	4	5	5
13	34	2	0	1	4	3
13	35	3	3	5	7	7
13	36	2	1	4	6	4
13	37	0	0	1	4	2
13	38	1	1	3	5	4
13	39	3	3	3	5	5
13	40	3	1	4	6	4
13	41	5	1	4	5	6
13	42	0	0	2	6	5
13	43	4	2	6	4	8
13	44	3	1	3	5	6
13	45	2	1	2	5	3
13	46	0	0	0	5	2
13	47	0	0	2	3	1
13	48	1	2	3	6	4
13	49	2	1	3	4	5
13	50	3	3	6	8	8
13	51	3	0	3	4	3
13	52	0	0	3	5	4
13	53	1	0	0	5	5
13	54	2	0	1	5	3
13	55	3	1	2	6	5
13	56	2	1	3	4	4
13	57	1	1	6	4	5
13	58	1	0	0	5	3
13	59	2	1	1	4	3
13	60	1	0	0	4	3
14	1	3	3	6	4	6
14	2	1	1	5	3	6
14	3	3	1	5	2	6
14	4	0	1	1	0	3
14	5	0	3	5	4	6
14	6	0	1	3	2	4
14	7	0	0	0	2	6
14	8	5	2	8	4	6
14	9	0	1	4	2	3
14	10	0	2	2	2	1
14	11	4	4	8	4	9
14	12	-1	0	0	1	1
14	13	2	3	5	5	6
14	14	2	2	6	5	5
14	15	1	3	5	1	3
14	16	2	2	5	3	5
14	17	0	3	4	3	6
14	18	2	2	7	5	4
14	19	1	2	4	3	5
14	20	0	2	1	3	4
14	21	3	3	6	4	5
14	22	4	2	6	4	6
14	23	0	1	3	2	3
14	24	0	0	4	1	1
14	25	0	3	6	4	6
14	26	0	2	3	2	4
14	27	0	2	3	3	3
14	28	1	2	5	4	6
14	29	-1	1	3	1	1
14	30	0	2	4	2	2
14	31	0	1	2	2	6
14	32	2	3	7	4	6
14	33	5	4	9	6	8
14	34	0	1	4	2	3
14	35	3	3	6	3	7
14	36	1	4	3	5	7
14	37	0	2	4	2	3
14	38	1	2	4	1	3
14	39	2	3	10	3	9
14	40	-2	1	1	0	0
14	41	0	2	0	1	3
14	42	0	1	1	1	3
14	43	4	2	6	6	6
14	44	0	2	5	2	6
14	45	-1	3	3	2	3
14	46	5	5	11	6	9
14	47	0	2	5	4	5
14	48	0	2	2	2	2
14	49	2	3	6	3	5
14	50	1	0	1	1	2
14	51	2	2	5	2	6
14	52	1	1	4	3	3
14	53	2	2	3	3	5
14	54	1	0	2	3	3
14	55	0	2	0	1	3
14	56	1	1	1	2	3
14	57	0	1	3	2	2
14	58	3	4	7	4	6
14	59	3	4	8	4	8
14	60	1	2	3	2	7
15	1	0	0	1	2	4
15	2	0	2	2	1	2
15	3	0	2	1	2	3
15	4	0	2	2	2	4
15	5	0	2	0	2	5
15	6	0	1	0	0	3
15	7	0	0	0	1	3
15	8	1	2	4	4	9
15	9	-1	2	0	1	2
15	10	2	1	2	2	4
15	11	0	2	1	2	5
15	12	0	2	1	0	3
15	13	0	3	4	2	6
15	14	0	1	2	1	7
15	15	2	4	4	5	6
15	16	0	2	2	3	4
15	17	0	2	0	2	5
15	18	1	2	5	1	3
15	19	-1	1	0	1	2
15	20	0	1	1	0	4
15	21	1	3	1	3	5
15	22	0	1	1	2	5
15	23	0	2	1	2	5
15	24	0	2	2	1	5
15	25	-1	2	1	2	4
15	26	-2	0	-2	1	1
15	27	0	3	3	0	5
15	28	0	2	3	3	6
15	29	0	1	0	1	3
15	30	3	3	6	2	10
15	31	1	3	3	3	6
15	32	1	2	3	4	6
15	33	-1	2	0	2	3
15	34	1	1	1	2	3
15	35	0	2	3	3	5
15	36	2	2	3	3	6
15	37	0	1	0	1	4
15	38	0	3	4	1	6
15	39	0	1	0	0	2
15	40	-1	1	0	2	3
15	41	1	3	2	1	6
15	42	0	1	0	1	3
15	43	0	2	2	1	3
15	44	1	2	0	1	4
15	45	1	2	2	1	5
15	46	1	3	3	2	7
15	47	0	1	-2	1	5
15	48	0	1	0	0	3
15	49	2	2	5	3	6
15	50	-3	0	-3	-3	0
15	51	0	2	0	1	2
15	52	2	4	4	5	7
15	53	4	4	5	3	5
15	54	1	3	2	2	5
15	55	-1	1	0	0	3
15	56	2	2	1	2	5
15	57	0	1	1	1	4
15	58	1	4	4	3	7
15	59	0	1	2	1	2
15	60	0	2	2	3	6
16	1	5	5	8	6	8
16	2	2	4	3	5	6
16	3	6	5	8	7	10
16	4	1	3	4	4	7
16	5	4	4	6	7	7
16	6	5	5	7	8	9
16	7	2	3	4	5	3
16	8	7	5	9	7	8
16	9	3	4	6	7	5
16	10	5	4	5	8	8
16	11	5	5	6	5	9
16	12	3	5	5	6	6
16	13	5	4	4	7	6
16	14	3	4	3	5	6
16	15	4	3	5	6	7
16	16	4	5	8	8	7
16	17	0	3	2	4	5
16	18	0	3	4	6	6
16	19	2	4	4	6	5
16	20	3	3	3	3	6
16	21	4	5	9	8	9
16	22	3	3	4	5	8
16	23	1	3	2	2	5
16	24	3	2	6	7	8
16	25	3	4	3	6	6
16	26	4	5	7	9	10
16	27	2	3	3	5	4
16	28	6	6	6	9	11
16	29	6	4	5	5	7
16	30	4	5	5	7	6
16	31	3	4	3	4	5
16	32	7	7	10	10	10
16	33	4	5	6	6	5
16	34	1	3	2	5	5
16	35	4	4	5	6	8
16	36	0	3	4	3	2
16	37	4	4	3	6	8
16	38	3	4	5	6	8
16	39	4	5	7	6	8
16	40	3	5	7	7	9
16	41	3	5	3	6	5
16	42	6	5	7	10	8
16	43	6	4	8	8	10
16	44	2	4	3	4	7
16	45	3	3	4	6	5
16	46	5	5	7	7	8
16	47	3	4	6	6	8
16	48	5	5	8	8	8
16	49	6	6	9	8	9
16	50	4	4	7	7	7
16	51	6	6	6	8	8
16	52	5	5	8	7	7
16	53	5	5	6	7	8
16	54	5	5	7	8	8
16	55	6	5	8	8	8
16	56	3	4	3	4	7
16	57	2	1	3	6	2
16	58	5	4	6	5	7
16	59	2	5	5	5	7
16	60	5	5	8	6	5
17	1	3	4	7	5	7
17	2	6	3	4	4	5
17	3	1	3	2	3	5
17	4	0	2	4	2	3
17	5	4	2	4	3	2
17	6	3	3	6	6	6
17	7	4	3	4	3	4
17	8	5	4	8	5	6
17	9	4	3	4	2	4
17	10	3	4	5	5	6
17	11	2	4	6	4	5
17	12	4	4	6	5	5
17	13	2	2	5	2	4
17	14	0	3	5	2	5
17	15	3	2	3	4	2
17	16	3	4	4	3	5
17	17	5	3	3	4	4
17	18	4	4	6	5	6
17	19	2	2	3	4	4
17	20	2	3	3	1	2
17	21	3	3	0	4	2
17	22	1	2	3	2	3
17	23	3	2	3	4	4
17	24	0	1	3	1	1
17	25	0	1	0	0	2
17	26	4	3	4	3	4
17	27	1	2	4	4	4
17	28	1	2	1	0	1
17	29	0	0	0	1	0
17	30	4	3	4	2	2
17	31	4	4	5	6	7
17	32	7	3	6	6	5
17	33	2	4	3	4	2
17	34	3	3	4	4	5
17	35	3	3	3	6	4
17	36	1	3	4	3	4
17	37	2	2	6	4	4
17	38	2	2	3	2	2
17	39	2	3	5	2	5
17	40	5	3	4	5	4
17	41	3	2	3	2	3
17	42	3	3	2	2	3
17	43	1	2	2	2	2
17	44	3	3	6	3	5
17	45	3	3	3	4	6
17	46	5	2	5	5	5
17	47	1	2	1	1	1
17	48	3	4	5	2	6
17	49	0	2	4	2	2
17	50	2	2	1	4	1
17	51	2	5	7	4	7
17	52	2	3	2	2	4
17	53	2	4	5	4	5
17	54	1	2	4	3	4
17	55	2	3	5	2	3
17	56	4	3	6	3	5
17	57	1	2	4	3	2
17	58	0	2	-1	1	1
17	59	2	4	5	5	5
17	60	4	4	4	4	3
18	1	0	0	0	0	0
18	2	-3	0	-4	-1	-4
18	3	3	1	2	2	2
18	4	4	1	6	3	6
18	5	-1	0	-2	0	0
18	6	1	0	1	1	0
18	7	2	0	2	2	1
18	8	-2	0	0	0	-1
18	9	-2	0	-2	0	-1
18	10	-2	0	-3	-1	0
18	11	0	-1	0	1	-1
18	12	-1	0	-1	2	2
18	13	-2	0	0	0	0
18	14	0	0	0	0	0
18	15	0	0	-1	1	0
18	16	-3	-1	-4	-1	-3
18	17	2	0	0	1	0
18	18	-3	-1	-2	-1	-3
18	19	0	0	1	0	-1
18	20	0	0	0	0	0
18	21	0	0	-1	1	0
18	22	1	0	2	2	2
18	23	-2	-1	0	0	0
18	24	-1	0	-1	0	-1
18	25	-3	-1	-2	0	-3
18	26	-3	-1	-1	0	-1
18	27	-2	0	-2	0	-2
18	28	0	0	0	1	0
18	29	-1	0	-3	0	-2
18	30	1	0	0	1	0
18	31	0	0	0	0	0
18	32	-2	0	-2	0	0
18	33	0	-2	1	0	-3
18	34	3	0	2	2	1
18	35	0	0	2	1	1
18	36	3	2	4	4	2
18	37	0	0	0	2	0
18	38	-2	0	-2	-1	-2
18	39	-3	0	-1	0	0
18	40	0	0	0	2	0
18	41	1	0	3	2	1
18	42	-1	0	0	1	1
18	43	0	0	4	1	2
18	44	0	0	0	1	0
18	45	-1	-1	-2	0	0
18	46	-1	0	-1	1	0
18	47	1	0	0	0	1
18	48	0	0	2	0	1
18	49	1	0	1	1	0
18	50	0	0	2	2	0
18	51	-1	-1	-2	0	0
18	52	-2	0	-3	0	0
18	53	2	0	5	3	2
18	54	-1	0	-1	0	-2
18	55	-1	-1	-1	0	0
18	56	3	0	0	0	0
18	57	-2	0	-3	0	-3
18	58	1	-1	-2	0	-1
18	59	-2	-1	-1	0	0
18	60	-1	1	0	1	2
19	1	2	2	4	3	4
19	2	3	3	3	4	6
19	3	5	1	7	3	4
19	4	6	3	5	3	6
19	5	4	2	4	5	3
19	6	1	0	0	2	1
19	7	2	1	3	2	6
19	8	2	2	4	4	2
19	9	3	2	4	4	4
19	10	0	0	3	2	4
19	11	2	1	4	2	3
19	12	1	1	3	3	4
19	13	5	2	5	5	6
19	14	6	3	5	3	8
19	15	6	2	1	3	5
19	16	0	2	2	1	2
19	17	4	2	4	5	3
19	18	4	3	8	5	5
19	19	3	2	4	2	4
19	20	1	3	3	3	4
19	21	1	1	3	0	2
19	22	1	2	2	2	4
19	23	4	2	6	4	7
19	24	1	2	4	4	4
19	25	7	2	5	3	5
19	26	4	3	8	5	5
19	27	4	2	4	4	6
19	28	4	3	7	4	8
19	29	0	3	2	0	1
19	30	5	1	4	1	3
19	31	3	2	6	3	5
19	32	4	2	5	4	5
19	33	0	0	1	1	1
19	34	6	3	5	3	4
19	35	4	2	5	2	6
19	36	3	2	3	3	6
19	37	4	2	3	1	5
19	38	2	2	2	3	5
19	39	5	2	5	5	4
19	40	3	3	6	3	5
19	41	3	1	4	4	4
19	42	6	2	6	4	6
19	43	5	2	5	3	4
19	44	4	2	6	3	5
19	45	3	1	1	0	3
19	46	6	2	7	5	6
19	47	4	2	4	3	3
19	48	5	3	7	4	6
19	49	3	3	3	1	3
19	50	3	1	3	2	5
19	51	4	3	7	3	4
19	52	1	0	3	0	1
19	53	4	2	6	3	3
19	54	5	1	4	2	5
19	55	0	1	0	0	0
19	56	4	2	2	3	5
19	57	0	0	-1	0	0
19	58	3	3	3	3	3
19	59	4	4	4	3	3
19	60	1	1	4	1	1
20	1	4	1	3	1	3
20	2	3	2	5	3	6
20	3	0	0	1	0	3
20	4	4	2	4	3	5
20	5	3	1	3	1	4
20	6	0	0	1	1	1
20	7	1	0	-1	-1	2
20	8	-2	0	0	-1	0
20	9	2	2	1	3	4
20	10	1	2	0	1	4
20	11	4	1	4	5	5
20	12	3	0	1	2	3
20	13	3	2	2	2	3
20	14	4	2	3	3	5
20	15	1	0	3	0	3
20	16	3	0	4	1	3
20	17	3	0	3	3	5
20	18	2	2	4	2	5
20	19	3	1	5	3	5
20	20	1	2	3	1	3
20	21	2	1	0	0	1
20	22	5	2	3	1	4
20	23	2	1	3	3	4
20	24	2	2	3	3	4
20	25	2	0	6	2	3
20	26	3	0	3	1	1
20	27	2	0	3	0	2
20	28	4	1	3	3	3
20	29	3	0	4	2	2
20	30	1	0	1	1	2
20	31	2	0	0	3	3
20	32	0	0	0	0	3
20	33	1	0	2	0	1
20	34	2	0	0	2	2
20	35	0	0	-1	0	0
20	36	0	0	0	-1	0
20	37	5	2	3	2	5
20	38	0	0	2	1	2
20	39	0	0	-1	0	0
20	40	3	0	1	1	4
20	41	5	2	2	2	7
20	42	4	1	3	4	4
20	43	3	0	2	0	5
20	44	4	1	4	2	5
20	45	0	0	0	1	3
20	46	3	2	5	3	6
20	47	0	0	0	1	3
20	48	2	0	1	2	5
20	49	8	1	6	3	6
20	50	4	1	4	3	3
20	51	3	1	1	4	4
20	52	2	0	-1	1	0
20	53	2	1	1	2	2
20	54	6	3	7	4	6
20	55	1	1	0	-1	1
20	56	3	0	2	0	2
20	57	4	1	3	4	5
20	58	4	2	5	2	5
20	59	4	1	5	2	4
20	60	2	0	0	1	3
21	1	0	1	1	0	1
21	2	0	1	0	1	2
21	3	0	0	0	0	0
21	4	0	0	2	3	3
21	5	2	1	3	3	5
21	6	4	2	5	3	5
21	7	2	1	5	1	2
21	8	-1	0	0	0	2
21	9	2	2	2	3	5
21	10	0	1	4	2	5
21	11	0	0	0	2	1
21	12	-1	0	-1	0	2
21	13	2	3	1	2	4
21	14	2	1	3	1	5
21	15	1	0	0	2	1
21	16	0	2	0	2	4
21	17	0	1	1	1	3
21	18	1	1	4	2	4
21	19	0	0	2	1	4
21	20	-1	0	1	2	3
21	21	1	1	0	2	4
21	22	0	1	1	0	2
21	23	0	1	0	1	2
21	24	0	1	0	2	3
21	25	0	2	2	2	3
21	26	3	1	0	2	2
21	27	4	3	5	1	5
21	28	0	0	-3	0	0
21	29	0	2	0	2	1
21	30	1	2	2	2	4
21	31	2	3	6	3	4
21	32	-1	1	1	2	3
21	33	0	0	0	2	3
21	34	0	1	0	0	1
21	35	0	2	3	1	2
21	36	1	2	4	2	6
21	37	0	2	0	2	3
21	38	2	1	2	1	3
21	39	1	2	1	2	4
21	40	2	1	2	2	3
21	41	1	0	3	2	5
21	42	0	1	3	3	3
21	43	1	1	0	3	3
21	44	3	1	2	3	5
21	45	0	1	1	0	4
21	46	3	1	4	5	5
21	47	0	0	1	1	3
21	48	0	2	2	2	3
21	49	0	-1	0	-1	1
21	50	0	1	0	3	0
21	51	0	1	3	3	1
21	52	0	0	1	1	1
21	53	-1	0	0	0	1
21	54	0	1	3	0	4
21	55	1	1	3	2	5
21	56	-3	0	-3	0	2
21	57	0	3	0	2	3
21	58	-1	1	-1	0	2
21	59	-2	0	0	2	2
21	60	1	1	3	2	5
22	1	-1	1	0	3	3
22	2	2	1	4	4	6
22	3	0	1	0	3	3
22	4	0	1	6	4	5
22	5	0	2	1	3	2
22	6	-1	0	-1	2	0
22	7	1	2	5	6	7
22	8	0	1	4	4	5
22	9	0	0	3	2	3
22	10	0	1	3	2	3
22	11	2	2	4	6	4
22	12	0	0	3	2	2
22	13	-2	0	1	1	3
22	14	0	0	0	2	4
22	15	-1	0	2	4	1
22	16	0	2	5	3	5
22	17	1	0	3	4	6
22	18	0	1	1	2	4
22	19	0	2	3	3	4
22	20	0	0	1	3	2
22	21	0	0	2	2	3
22	22	2	2	6	4	6
22	23	-4	0	0	1	2
22	24	0	0	4	5	5
22	25	0	1	2	2	4
22	26	0	1	4	5	5
22	27	-1	0	1	3	2
22	28	0	2	1	3	2
22	29	2	3	6	6	6
22	30	1	3	4	4	4
22	31	-3	-1	-2	1	3
22	32	-1	2	1	3	3
22	33	-2	1	2	0	3
22	34	-1	0	0	2	3
22	35	0	0	2	2	4
22	36	-1	1	2	3	6
22	37	-2	1	3	3	2
22	38	4	1	6	6	8
22	39	-2	0	-1	1	1
22	40	1	0	3	6	8
22	41	0	1	2	3	3
22	42	1	2	3	5	5
22	43	-1	2	1	3	5
22	44	0	0	2	4	1
22	45	-3	0	0	2	1
22	46	0	0	0	4	4
22	47	3	2	7	4	7
22	48	1	2	4	5	6
22	49	3	3	6	4	6
22	50	2	2	1	5	5
22	51	0	2	7	4	6
22	52	0	2	4	5	5
22	53	0	1	3	4	5
22	54	0	1	1	1	1
22	55	-1	0	0	2	3
22	56	-1	-1	0	1	3
22	57	1	0	3	4	3
22	58	0	2	3	4	3
22	59	2	1	5	4	6
22	60	0	1	2	4	2
23	1	1	1	1	2	1
23	2	6	3	7	6	9
23	3	1	1	0	5	3
23	4	4	2	4	4	3
23	5	1	1	0	2	2
23	6	0	0	2	2	3
23	7	2	1	4	3	3
23	8	6	1	4	4	6
23	9	0	1	2	2	2
23	10	2	1	3	3	5
23	11	0	0	-3	2	0
23	12	0	0	0	2	3
23	13	2	0	0	0	0
23	14	2	1	3	5	3
23	15	0	1	2	3	2
23	16	0	1	0	2	1
23	17	4	1	2	4	6
23	18	6	1	3	4	4
23	19	0	0	-1	0	1
23	20	2	2	0	3	5
23	21	-1	0	-1	3	1
23	22	0	0	-1	0	1
23	23	1	1	2	5	6
23	24	3	1	3	5	3
23	25	4	2	4	6	6
23	26	0	0	0	2	4
23	27	-1	0	-2	0	-2
23	28	0	0	-2	1	0
23	29	2	0	3	4	4
23	30	1	1	2	2	2
23	31	-3	0	-1	1	0
23	32	0	1	2	4	2
23	33	3	0	4	5	4
23	34	2	1	1	4	4
23	35	0	0	0	2	2
23	36	-1	-1	-2	2	0
23	37	1	1	0	2	0
23	38	2	1	2	3	3
23	39	1	1	3	3	4
23	40	-1	0	-1	1	0
23	41	2	1	3	4	6
23	42	0	1	2	3	2
23	43	2	1	1	4	3
23	44	0	0	-1	2	0
23	45	0	0	1	2	2
23	46	0	1	0	4	1
23	47	4	1	2	4	4
23	48	3	3	0	4	6
23	49	1	1	2	4	2
23	50	4	2	4	4	5
23	51	0	0	0	2	2
23	52	4	0	2	4	4
23	53	1	0	0	2	2
23	54	1	0	1	2	1
23	55	3	1	2	3	3
23	56	3	1	4	4	4
23	57	3	2	2	3	5
23	58	0	1	1	2	4
23	59	0	1	0	1	3
23	60	2	0	5	2	4
24	1	1	2	3	4	3
24	2	1	2	5	5	3
24	3	0	1	3	3	1
24	4	3	3	6	4	2
24	5	-1	0	1	3	0
24	6	2	1	4	3	2
24	7	-1	1	0	1	1
24	8	-3	0	-4	0	-1
24	9	-2	1	1	3	1
24	10	0	1	3	3	1
24	11	0	1	3	5	1
24	12	-1	0	-1	3	-1
24	13	0	1	0	0	0
24	14	3	2	4	5	4
24	15	1	1	3	1	1
24	16	0	3	3	3	5
24	17	0	0	2	1	-1
24	18	0	2	3	3	1
24	19	1	2	1	2	2
24	20	0	1	5	2	2
24	21	2	0	4	3	1
24	22	1	3	0	3	0
24	23	-5	-1	-4	1	-1
24	24	2	2	6	5	5
24	25	1	3	7	5	5
24	26	-1	0	-2	0	0
24	27	0	1	5	1	1
24	28	2	1	4	5	2
24	29	1	2	4	2	3
24	30	2	3	5	5	3
24	31	-1	0	0	2	1
24	32	4	3	7	6	6
24	33	0	1	1	2	1
24	34	1	1	6	4	4
24	35	0	0	4	2	3
24	36	0	0	0	1	1
24	37	0	1	1	3	1
24	38	-1	0	3	2	-1
24	39	2	2	7	2	4
24	40	0	2	2	1	2
24	41	0	1	5	4	2
24	42	0	1	2	3	0
24	43	0	1	1	4	1
24	44	-1	0	1	1	0
24	45	0	1	3	5	2
24	46	-1	0	-3	0	-1
24	47	0	0	-1	0	2
24	48	-1	1	2	1	-2
24	49	0	1	-1	1	0
24	50	2	0	3	1	3
24	51	2	1	4	5	4
24	52	-1	1	0	2	0
24	53	1	0	3	4	1
24	54	0	1	6	4	3
24	55	0	0	0	1	0
24	56	0	1	2	4	0
24	57	0	1	5	4	2
24	58	0	0	2	2	2
24	59	0	1	3	3	0
24	60	3	0	4	4	3
25	1	-2	3	0	1	4
25	2	0	3	1	1	2
25	3	0	4	0	2	3
25	4	3	5	5	3	6
25	5	0	4	2	3	5
25	6	0	2	2	0	0
25	7	0	1	0	0	0
25	8	0	2	0	2	2
25	9	1	5	0	3	6
25	10	2	2	3	3	7
25	11	0	3	0	2	3
25	12	2	4	1	4	5
25	13	0	4	1	1	1
25	14	-1	2	0	0	0
25	15	1	2	1	2	3
25	16	1	5	5	3	6
25	17	2	4	1	4	3
25	18	1	3	2	2	5
25	19	0	3	-1	0	2
25	20	2	4	3	2	2
25	21	-1	3	0	1	1
25	22	0	2	-3	0	0
25	23	0	3	1	1	3
25	24	1	5	2	3	5
25	25	3	6	7	4	6
25	26	-1	4	0	0	3
25	27	0	3	1	3	3
25	28	2	4	5	4	4
25	29	3	4	3	3	5
25	30	2	4	0	2	3
25	31	0	4	0	2	5
25	32	0	3	3	1	1
25	33	4	4	4	4	6
25	34	0	4	3	3	6
25	35	-2	2	0	1	0
25	36	3	4	3	3	5
25	37	0	3	1	4	5
25	38	0	3	1	2	3
25	39	1	3	5	2	4
25	40	2	2	0	3	5
25	41	0	3	2	3	4
25	42	0	3	1	1	3
25	43	0	3	0	2	2
25	44	0	2	0	1	1
25	45	0	3	3	1	3
25	46	1	5	3	2	4
25	47	0	4	1	3	5
25	48	1	4	3	3	6
25	49	-1	2	0	1	0
25	50	1	3	1	2	2
25	51	1	3	3	4	2
25	52	0	3	0	1	1
25	53	2	5	3	4	7
25	54	0	4	1	1	2
25	55	-2	4	0	2	4
25	56	2	4	2	2	3
25	57	1	3	1	3	2
25	58	0	3	1	1	3
25	59	1	3	2	3	2
25	60	-1	2	-1	0	0
26	1	-1	0	-3	0	0
26	2	0	0	-1	1	0
26	3	0	0	0	2	1
26	4	2	0	3	4	4
26	5	2	2	3	3	3
26	6	0	0	1	0	2
26	7	0	0	3	2	1
26	8	1	0	2	0	0
26	9	0	1	0	1	1
26	10	-2	0	-4	0	-1
26	11	0	0	1	1	2
26	12	1	0	-1	2	-1
26	13	1	1	0	0	2
26	14	0	0	-2	-1	0
26	15	0	1	0	2	1
26	16	0	-1	-1	2	0
26	17	0	0	1	2	0
26	18	2	1	0	3	1
26	19	2	0	1	1	1
26	20	0	1	0	2	4
26	21	-1	0	-1	0	1
26	22	3	0	2	4	2
26	23	1	0	1	1	1
26	24	0	0	0	0	0
26	25	1	0	2	1	3
26	26	1	0	1	3	2
26	27	-1	0	-3	0	0
26	28	4	0	2	3	4
26	29	-1	0	2	0	0
26	30	2	0	2	3	3
26	31	1	0	0	2	0
26	32	0	0	0	2	1
26	33	-1	0	-5	-1	-1
26	34	-1	-1	-2	0	0
26	35	0	0	-1	3	3
26	36	1	0	-1	1	1
26	37	-2	-1	-2	0	0
26	38	1	1	1	2	4
26	39	2	0	2	3	3
26	40	-1	0	-1	0	-1
26	41	0	0	0	2	0
26	42	0	-1	0	0	-1
26	43	0	0	-1	0	1
26	44	1	1	1	2	2
26	45	1	2	0	3	1
26	46	0	0	0	1	1
26	47	0	-1	0	0	0
26	48	0	0	-3	0	-1
26	49	1	0	1	2	1
26	50	-2	0	-2	0	0
26	51	-3	-2	-4	-1	-3
26	52	2	3	5	4	5
26	53	4	2	3	2	5
26	54	1	0	0	1	1
26	55	1	1	2	4	2
26	56	-1	0	0	1	0
26	57	1	2	2	2	1
26	58	0	0	1	2	1
26	59	2	0	1	2	0
26	60	-1	-1	-4	0	-1
27	1	5	4	6	5	6
27	2	2	2	3	2	4
27	3	0	3	1	1	1
27	4	3	3	5	4	4
27	5	1	3	2	4	3
27	6	4	5	6	5	8
27	7	1	1	0	1	2
27	8	1	3	2	4	3
27	9	4	4	6	5	7
27	10	6	4	6	6	6
27	11	5	3	5	4	6
27	12	4	5	7	7	9
27	13	3	4	4	4	3
27	14	3	3	2	5	4
27	15	4	3	3	3	5
27	16	3	4	7	4	7
27	17	7	5	7	6	9
27	18	0	2	1	1	0
27	19	3	3	4	3	4
27	20	3	5	5	5	5
27	21	0	2	2	2	7
27	22	0	2	1	3	1
27	23	1	5	5	4	6
27	24	0	2	5	2	4
27	25	3	2	6	3	9
27	26	4	3	5	4	9
27	27	5	4	9	4	8
27	28	1	3	0	4	3
27	29	3	4	6	4	5
27	30	0	3	3	3	3
27	31	1	1	3	2	4
27	32	6	3	7	5	8
27	33	5	4	6	4	6
27	34	2	3	3	2	3
27	35	3	3	4	5	5
27	36	3	1	4	3	2
27	37	0	3	3	5	8
27	38	3	3	3	4	6
27	39	2	2	4	4	3
27	40	2	2	6	6	5
27	41	5	4	7	6	8
27	42	1	2	1	3	4
27	43	3	2	4	2	5
27	44	5	4	10	5	5
27	45	2	3	1	3	4
27	46	-2	2	-1	1	2
27	47	3	3	6	3	7
27	48	1	2	2	1	3
27	49	0	3	2	3	1
27	50	3	3	7	5	7
27	51	5	6	8	6	9
27	52	0	4	3	3	2
27	53	5	3	6	4	6
27	54	3	3	2	4	4
27	55	3	0	2	3	7
27	56	6	3	6	5	8
27	57	4	4	1	5	5
27	58	2	0	2	3	1
27	59	0	3	3	3	3
27	60	5	3	8	3	5
28	1	-2	0	-4	0	0
28	2	2	3	6	4	6
28	3	0	1	0	1	1
28	4	1	2	1	4	4
28	5	0	2	1	2	3
28	6	3	3	6	4	4
28	7	1	3	3	3	4
28	8	0	2	3	4	4
28	9	2	3	4	3	4
28	10	0	0	1	2	2
28	11	1	2	1	4	4
28	12	2	3	6	5	3
28	13	1	3	6	4	3
28	14	0	0	1	1	2
28	15	0	2	3	4	4
28	16	0	0	0	0	1
28	17	1	2	3	2	4
28	18	3	3	6	4	6
28	19	0	0	-3	1	1
28	20	-1	2	-1	1	0
28	21	2	4	4	5	7
28	22	0	0	0	3	2
28	23	1	2	6	3	5
28	24	2	3	2	2	3
28	25	0	3	5	4	5
28	26	2	2	4	4	3
28	27	0	2	3	1	0
28	28	-1	1	0	2	1
28	29	0	2	1	1	4
28	30	4	4	9	6	8
28	31	2	3	4	4	5
28	32	0	3	3	3	5
28	33	0	2	4	1	6
28	34	0	2	2	1	4
28	35	4	4	9	6	6
28	36	0	2	2	0	3
28	37	2	1	2	2	4
28	38	1	3	3	2	6
28	39	0	2	3	2	5
28	40	5	4	8	5	9
28	41	-1	1	1	1	2
28	42	5	4	6	5	5
28	43	1	2	0	3	2
28	44	4	4	6	3	5
28	45	-3	2	0	1	0
28	46	2	4	7	4	4
28	47	1	2	5	2	4
28	48	0	1	2	0	2
28	49	1	1	1	1	1
28	50	0	3	3	2	4
28	51	2	3	5	5	8
28	52	-1	2	3	1	1
28	53	1	3	3	2	2
28	54	5	4	5	6	8
28	55	-1	2	1	0	1
28	56	0	3	4	4	5
28	57	3	3	0	2	4
28	58	1	1	0	0	0
28	59	0	2	1	0	5
28	60	2	2	4	4	4
29	1	0	0	3	2	3
29	2	3	1	2	4	4
29	3	0	0	0	2	2
29	4	0	0	-1	1	0
29	5	1	0	3	3	5
29	6	-3	0	0	4	5
29	7	1	0	3	4	1
29	8	1	1	7	4	5
29	9	1	0	1	2	1
29	10	1	1	4	4	5
29	11	-1	0	1	4	0
29	12	2	1	4	2	6
29	13	0	2	2	3	5
29	14	-2	-1	-1	1	2
29	15	-2	0	-1	0	1
29	16	0	0	0	3	2
29	17	2	0	0	4	3
29	18	1	0	0	3	2
29	19	2	1	3	3	2
29	20	0	0	-1	2	0
29	21	0	0	0	1	2
29	22	2	1	1	3	2
29	23	-1	-1	0	1	0
29	24	3	1	2	4	3
29	25	1	0	2	3	4
29	26	0	0	0	2	0
29	27	-1	-1	0	2	0
29	28	0	0	0	1	3
29	29	3	2	4	5	7
29	30	0	0	-1	1	2
29	31	-1	0	0	2	0
29	32	2	1	1	3	3
29	33	1	1	2	3	1
29	34	1	2	2	5	3
29	35	0	0	1	1	2
29	36	2	1	4	3	4
29	37	-1	-1	0	0	2
29	38	0	1	2	4	2
29	39	1	0	1	2	1
29	40	0	1	3	4	3
29	41	0	0	3	3	2
29	42	1	2	5	4	3
29	43	3	1	5	4	3
29	44	0	1	1	3	1
29	45	0	0	1	3	2
29	46	-1	0	0	0	3
29	47	1	0	1	3	1
29	48	0	0	0	2	2
29	49	4	1	5	4	5
29	50	-2	0	-1	2	1
29	51	0	-1	-1	2	0
29	52	0	0	0	3	1
29	53	1	0	1	4	3
29	54	1	0	2	5	4
29	55	-1	0	2	2	2
29	56	0	1	2	3	2
29	57	0	0	0	3	3
29	58	1	1	6	3	3
29	59	3	1	2	3	3
29	60	2	0	1	2	0
30	1	4	4	6	2	4
30	2	4	4	7	5	5
30	3	0	1	2	2	4
30	4	3	2	2	3	4
30	5	3	4	3	5	7
30	6	2	2	5	3	5
30	7	3	4	4	2	4
30	8	1	4	4	3	5
30	9	4	1	3	3	5
30	10	0	2	0	2	3
30	11	0	2	4	4	5
30	12	2	2	5	3	5
30	13	4	3	6	3	6
30	14	5	5	8	6	7
30	15	3	3	4	4	6
30	16	2	4	5	5	6
30	17	3	4	4	3	4
30	18	5	4	5	4	6
30	19	2	4	4	3	9
30	20	4	3	3	4	4
30	21	4	3	6	5	8
30	22	1	2	1	2	5
30	23	6	4	5	4	6
30	24	4	3	4	4	5
30	25	5	4	3	4	4
30	26	2	3	6	1	3
30	27	4	4	4	4	5
30	28	3	2	6	4	6
30	29	0	1	0	1	2
30	30	2	2	1	3	4
30	31	4	3	5	6	6
30	32	3	2	5	3	5
30	33	2	3	4	1	2
30	34	3	3	2	2	6
30	35	2	4	2	4	5
30	36	0	2	1	2	2
30	37	5	4	5	4	9
30	38	1	3	1	2	1
30	39	3	3	2	2	5
30	40	3	3	1	3	4
30	41	2	2	3	3	3
30	42	2	4	1	2	3
30	43	3	4	5	3	6
30	44	3	3	4	3	7
30	45	3	3	3	5	5
30	46	0	1	0	0	0
30	47	1	1	2	4	2
30	48	3	4	3	3	6
30	49	0	2	2	3	4
30	50	2	1	4	3	4
30	51	5	4	6	5	7
30	52	3	3	3	3	5
30	53	3	3	1	3	4
30	54	2	3	4	2	6
30	55	3	5	3	5	3
30	56	3	4	3	4	3
30	57	2	1	4	3	4
30	58	3	3	5	4	5
30	59	4	3	6	7	8
30	60	4	4	4	3	5
31	1	2	3	3	6	2
31	2	3	4	3	6	3
31	3	4	4	4	5	3
31	4	3	4	4	5	4
31	5	3	3	3	4	4
31	6	0	3	2	5	2
31	7	3	2	3	6	2
31	8	1	4	3	6	2
31	9	2	4	4	7	4
31	10	2	5	3	6	4
31	11	2	5	3	6	3
31	12	1	3	2	4	2
31	13	0	3	-1	4	2
31	14	1	5	3	5	3
31	15	4	5	6	6	6
31	16	0	3	1	5	3
31	17	3	2	2	4	0
31	18	1	4	4	6	0
31	19	0	3	1	5	2
31	20	2	5	4	6	5
31	21	2	3	3	6	3
31	22	1	4	1	3	2
31	23	3	5	5	6	5
31	24	4	5	6	4	3
31	25	3	3	3	5	5
31	26	4	4	4	7	6
31	27	0	3	1	6	1
31	28	1	4	0	4	4
31	29	3	5	3	5	3
31	30	3	6	2	5	3
31	31	1	3	3	5	3
31	32	0	3	2	6	4
31	33	0	3	1	4	2
31	34	2	6	4	9	5
31	35	0	1	0	3	0
31	36	2	3	3	5	3
31	37	4	5	2	4	2
31	38	0	4	3	4	1
31	39	2	3	1	7	3
31	40	0	3	0	4	0
31	41	4	5	5	7	3
31	42	0	2	0	3	0
31	43	0	2	-2	2	1
31	44	1	4	2	6	2
31	45	3	4	2	6	3
31	46	0	4	2	3	5
31	47	1	5	1	6	2
31	48	3	4	2	4	1
31	49	0	2	0	5	2
31	50	1	4	4	4	4
31	51	2	3	3	6	5
31	52	4	5	4	6	6
31	53	4	4	3	6	5
31	54	3	4	5	7	6
31	55	3	4	2	4	5
31	56	2	7	3	6	1
31	57	0	2	-1	4	-1
31	58	2	2	0	2	0
31	59	2	3	3	4	2
31	60	3	4	4	5	4
32	1	2	4	3	3	3
32	2	2	3	6	3	4
32	3	0	1	1	0	1
32	4	2	2	0	2	5
32	5	2	3	4	2	4
32	6	0	2	4	2	3
32	7	2	3	2	2	3
32	8	0	2	5	1	3
32	9	4	1	4	3	4
32	10	1	2	3	2	4
32	11	2	2	3	1	4
32	12	0	2	1	0	0
32	13	2	2	0	1	4
32	14	0	1	2	1	4
32	15	-1	0	2	0	0
32	16	1	2	4	2	3
32	17	1	3	3	2	3
32	18	2	2	0	3	5
32	19	3	3	5	5	5
32	20	3	2	4	4	5
32	21	3	3	6	5	4
32	22	2	2	2	1	2
32	23	1	2	4	2	1
32	24	2	2	6	4	5
32	25	1	2	3	2	6
32	26	0	1	0	0	1
32	27	1	1	0	2	2
32	28	2	2	6	5	8
32	29	0	2	2	3	4
32	30	2	3	5	2	4
32	31	2	2	0	4	3
32	32	1	2	1	3	1
32	33	2	2	0	3	4
32	34	3	3	4	3	4
32	35	1	1	4	1	6
32	36	4	4	4	3	6
32	37	1	2	4	3	3
32	38	1	1	3	1	2
32	39	3	2	5	4	3
32	40	2	3	3	3	5
32	41	6	3	7	4	5
32	42	0	1	3	2	3
32	43	2	1	2	2	1
32	44	0	2	6	4	4
32	45	2	4	7	3	7
32	46	1	2	3	2	2
32	47	2	3	3	3	4
32	48	-1	1	3	3	1
32	49	0	2	1	3	1
32	50	4	3	6	3	6
32	51	0	1	2	3	6
32	52	2	2	4	3	4
32	53	0	2	2	0	2
32	54	4	3	7	3	6
32	55	2	3	4	3	7
32	56	1	2	4	2	1
32	57	2	4	5	4	6
32	58	-1	1	0	1	0
32	59	1	2	0	2	5
32	60	4	2	5	5	6
33	1	2	3	4	5	5
33	2	5	3	6	5	5
33	3	2	3	3	3	4
33	4	0	1	0	1	0
33	5	0	2	2	3	3
33	6	3	2	5	4	4
33	7	3	4	6	6	7
33	8	3	2	4	3	4
33	9	2	5	3	5	5
33	10	1	2	4	3	3
33	11	1	2	2	5	1
33	12	0	4	2	5	5
33	13	5	5	4	6	7
33	14	3	5	7	6	7
33	15	4	4	5	4	7
33	16	3	4	5	4	6
33	17	1	3	1	5	6
33	18	4	4	5	4	5
33	19	3	3	3	4	5
33	20	1	2	3	2	5
33	21	0	3	3	4	4
33	22	3	2	2	4	4
33	23	3	3	3	4	4
33	24	3	2	3	4	6
33	25	0	4	2	2	3
33	26	0	2	0	1	1
33	27	5	4	6	7	5
33	28	1	3	2	4	5
33	29	3	3	4	4	8
33	30	1	1	1	2	4
33	31	0	2	2	3	4
33	32	1	3	2	4	3
33	33	0	2	1	3	4
33	34	-1	0	1	1	3
33	35	3	4	3	6	8
33	36	5	4	4	5	5
33	37	1	3	3	3	2
33	38	3	4	5	4	4
33	39	0	3	2	2	3
33	40	3	4	1	5	6
33	41	2	3	4	4	5
33	42	1	2	2	4	3
33	43	1	2	3	3	3
33	44	2	3	1	3	4
33	45	3	2	3	5	7
33	46	4	4	4	5	6
33	47	3	3	4	5	5
33	48	1	3	1	4	4
33	49	0	2	1	3	2
33	50	2	2	5	5	5
33	51	1	3	3	2	3
33	52	2	3	3	4	4
33	53	5	4	6	6	8
33	54	2	2	2	4	3
33	55	3	4	7	6	8
33	56	1	2	2	4	3
33	57	3	3	2	3	5
33	58	1	3	3	3	4
33	59	3	2	3	3	3
33	60	2	4	5	3	5
34	1	1	3	4	3	2
34	2	1	3	2	3	4
34	3	0	0	0	1	1
34	4	5	2	3	2	6
34	5	4	4	4	4	6
34	6	3	3	3	3	6
34	7	4	4	5	3	7
34	8	3	3	4	6	5
34	9	5	4	4	4	5
34	10	5	4	5	4	4
34	11	0	1	1	2	3
34	12	3	3	2	4	6
34	13	5	4	8	5	6
34	14	3	1	3	3	3
34	15	2	2	5	4	6
34	16	3	2	3	4	6
34	17	4	3	4	3	5
34	18	4	2	3	2	3
34	19	1	3	3	2	3
34	20	2	2	4	4	6
34	21	3	3	4	4	5
34	22	3	2	2	4	5
34	23	4	3	4	3	5
34	24	3	3	4	3	7
34	25	1	3	2	3	1
34	26	7	4	3	5	7
34	27	6	5	7	5	8
34	28	6	4	6	5	8
34	29	3	3	2	2	4
34	30	0	0	1	4	0
34	31	5	3	3	2	3
34	32	3	4	7	1	5
34	33	3	3	4	4	5
34	34	2	2	1	2	4
34	35	0	2	1	2	4
34	36	4	2	4	2	4
34	37	4	4	5	3	4
34	38	5	3	5	4	7
34	39	5	2	4	4	8
34	40	1	3	0	2	3
34	41	0	1	1	1	2
34	42	1	2	0	1	1
34	43	5	2	4	4	6
34	44	3	3	6	3	6
34	45	2	3	5	4	8
34	46	0	3	4	1	3
34	47	5	4	7	6	7
34	48	2	3	3	5	3
34	49	8	3	5	7	8
34	50	4	3	5	5	5
34	51	5	4	4	4	8
34	52	3	2	6	4	5
34	53	2	2	6	1	3
34	54	1	2	0	3	3
34	55	1	2	1	2	3
34	56	3	2	4	3	5
34	57	0	4	4	4	5
34	58	2	1	4	4	5
34	59	4	2	4	5	6
34	60	3	2	4	4	6
35	1	2	1	2	3	3
35	2	1	1	4	2	4
35	3	2	0	0	2	2
35	4	3	1	6	6	8
35	5	3	1	5	3	6
35	6	2	0	1	3	3
35	7	2	1	0	2	2
35	8	2	1	2	2	6
35	9	2	0	4	4	3
35	10	0	0	1	1	1
35	11	2	0	0	2	2
35	12	4	2	5	5	5
35	13	3	1	1	3	4
35	14	0	0	3	2	3
35	15	5	1	7	4	5
35	16	3	2	5	5	6
35	17	4	1	3	4	5
35	18	3	1	5	2	5
35	19	1	1	4	3	6
35	20	3	1	4	3	4
35	21	2	0	5	4	6
35	22	4	2	5	5	5
35	23	6	3	7	6	6
35	24	0	2	3	3	4
35	25	0	0	3	2	3
35	26	2	0	5	4	3
35	27	5	3	10	6	8
35	28	2	0	4	5	6
35	29	5	2	5	3	6
35	30	1	0	4	3	2
35	31	1	1	4	2	4
35	32	1	1	3	3	3
35	33	2	1	2	2	3
35	34	5	3	6	5	7
35	35	3	1	3	4	3
35	36	3	0	6	3	3
35	37	6	2	6	4	5
35	38	5	2	7	7	9
35	39	2	0	6	4	5
35	40	0	1	1	2	2
35	41	1	0	2	2	3
35	42	0	0	1	0	1
35	43	0	0	-3	1	0
35	44	4	2	9	5	5
35	45	2	1	2	5	4
35	46	1	1	4	4	5
35	47	4	3	5	6	7
35	48	1	0	3	3	3
35	49	1	1	4	3	4
35	50	2	1	4	3	6
35	51	2	2	4	5	4
35	52	2	1	0	2	3
35	53	4	1	7	5	5
35	54	4	1	4	4	4
35	55	3	0	3	2	5
35	56	0	0	2	2	1
35	57	4	2	4	6	7
35	58	4	1	6	7	5
35	59	5	2	4	6	9
35	60	2	1	5	4	7
36	1	1	4	1	2	4
36	2	3	3	3	1	5
36	3	3	4	2	2	5
36	4	2	3	3	3	3
36	5	3	6	7	4	4
36	6	4	4	1	1	4
36	7	0	2	0	2	-1
36	8	0	2	0	0	1
36	9	3	2	4	4	4
36	10	4	4	2	3	4
36	11	-1	2	0	0	1
36	12	1	3	1	1	3
36	13	3	4	4	4	4
36	14	3	4	6	4	7
36	15	1	3	0	1	3
36	16	0	3	0	2	4
36	17	0	3	1	0	3
36	18	3	5	4	2	6
36	19	5	5	4	3	4
36	20	1	3	1	1	5
36	21	0	3	3	0	2
36	22	2	2	4	3	3
36	23	3	5	2	2	3
36	24	2	5	3	3	3
36	25	5	4	6	6	7
36	26	3	3	3	3	4
36	27	1	5	2	2	4
36	28	2	2	3	2	4
36	29	0	5	0	0	2
36	30	3	5	3	2	4
36	31	3	4	4	2	3
36	32	7	5	8	6	8
36	33	4	5	3	3	4
36	34	2	4	3	2	3
36	35	3	5	3	2	3
36	36	5	5	8	5	8
36	37	3	5	4	3	5
36	38	3	3	4	3	4
36	39	0	3	3	2	3
36	40	2	3	3	3	4
36	41	4	4	1	1	4
36	42	4	5	6	4	4
36	43	3	3	4	3	5
36	44	4	3	1	1	3
36	45	3	4	4	4	7
36	46	5	5	6	4	7
36	47	4	4	4	3	3
36	48	1	3	2	3	4
36	49	4	4	4	4	8
36	50	3	2	1	1	5
36	51	3	4	5	3	7
36	52	5	5	6	4	7
36	53	2	4	4	2	3
36	54	3	4	2	4	3
36	55	3	3	4	2	5
36	56	1	4	6	4	4
36	57	4	6	7	3	6
36	58	3	5	2	1	3
36	59	3	3	5	3	5
36	60	0	3	0	0	1
37	1	2	0	3	4	6
37	2	1	0	4	4	3
37	3	0	1	2	2	2
37	4	4	1	5	3	5
37	5	1	1	6	5	5
37	6	4	1	2	3	6
37	7	4	2	4	4	4
37	8	3	1	5	6	7
37	9	4	2	6	5	6
37	10	2	0	2	3	3
37	11	2	0	0	1	1
37	12	5	0	3	2	7
37	13	6	3	5	4	5
37	14	4	0	3	4	3
37	15	2	0	2	2	1
37	16	5	0	4	5	6
37	17	3	2	2	3	5
37	18	3	1	5	2	3
37	19	2	1	6	4	5
37	20	4	3	8	6	8
37	21	4	2	6	4	6
37	22	1	1	5	3	5
37	23	4	1	4	2	4
37	24	1	0	2	2	3
37	25	2	1	1	1	4
37	26	6	3	9	5	9
37	27	6	3	5	4	8
37	28	4	1	2	3	4
37	29	1	1	1	4	3
37	30	0	0	3	2	3
37	31	5	4	6	5	9
37	32	3	1	5	3	3
37	33	2	0	4	4	4
37	34	6	3	8	3	6
37	35	2	1	4	2	2
37	36	5	1	4	2	7
37	37	6	2	8	5	4
37	38	3	1	2	4	3
37	39	4	3	7	5	7
37	40	3	1	6	4	7
37	41	1	1	2	2	2
37	42	2	2	5	4	5
37	43	0	1	5	3	4
37	44	3	0	3	3	5
37	45	3	2	4	4	5
37	46	3	1	4	4	4
37	47	5	1	3	3	5
37	48	4	2	6	6	5
37	49	1	1	3	2	3
37	50	6	2	6	5	6
37	51	6	3	9	7	8
37	52	3	1	6	5	7
37	53	2	3	5	5	4
37	54	2	0	4	2	4
37	55	3	1	6	4	6
37	56	3	1	1	3	3
37	57	4	2	5	4	6
37	58	3	0	1	3	3
37	59	5	1	5	3	6
37	60	5	2	7	4	6
38	1	4	5	6	5	6
38	2	5	5	8	5	7
38	3	1	4	2	3	4
38	4	3	4	5	4	5
38	5	0	2	-2	0	1
38	6	0	2	0	2	5
38	7	2	4	5	4	7
38	8	0	2	-1	3	3
38	9	1	2	3	3	6
38	10	1	3	0	4	3
38	11	2	2	2	3	4
38	12	1	3	2	4	4
38	13	1	1	2	3	5
38	14	-2	0	-1	2	0
38	15	3	3	3	3	6
38	16	2	2	2	5	6
38	17	3	3	3	2	5
38	18	1	3	0	3	5
38	19	5	3	5	5	5
38	20	4	3	8	5	6
38	21	-1	0	-1	0	0
38	22	4	3	5	4	7
38	23	0	1	1	0	4
38	24	1	3	2	3	2
38	25	1	1	2	1	4
38	26	1	3	0	2	4
38	27	4	3	3	6	7
38	28	2	2	4	3	5
38	29	2	3	3	4	4
38	30	0	2	-1	0	0
38	31	3	4	3	5	8
38	32	3	4	2	4	7
38	33	2	3	3	4	6
38	34	1	3	2	3	5
38	35	3	3	6	4	4
38	36	1	2	0	1	4
38	37	3	4	7	5	7
38	38	0	3	2	3	6
38	39	3	3	4	5	7
38	40	1	3	1	4	3
38	41	3	1	2	3	4
38	42	2	3	7	5	5
38	43	2	3	3	4	7
38	44	1	3	4	5	4
38	45	4	2	3	4	4
38	46	4	4	4	3	6
38	47	1	3	1	3	4
38	48	4	4	4	5	7
38	49	1	3	3	2	3
38	50	1	3	3	5	4
38	51	1	4	3	4	6
38	52	2	4	5	5	5
38	53	2	1	3	4	3
38	54	2	3	2	3	6
38	55	1	2	1	2	2
38	56	3	3	3	3	6
38	57	2	2	2	3	2
38	58	3	5	7	4	9
38	59	3	5	5	3	6
38	60	1	3	3	5	5
39	1	3	4	5	4	6
39	2	2	4	2	5	4
39	3	1	5	1	4	3
39	4	2	5	2	4	3
39	5	0	3	3	2	4
39	6	0	4	0	3	3
39	7	0	5	1	2	1
39	8	0	1	0	2	0
39	9	1	4	1	3	2
39	10	1	5	4	5	3
39	11	2	4	3	3	2
39	12	-1	3	0	1	0
39	13	2	5	4	6	5
39	14	4	4	5	3	4
39	15	4	4	8	5	3
39	16	3	3	7	4	5
39	17	1	3	2	0	1
39	18	0	3	0	2	2
39	19	0	3	-1	3	1
39	20	3	4	3	4	7
39	21	2	4	6	4	6
39	22	-1	4	1	1	3
39	23	-1	3	0	2	3
39	24	3	4	3	3	5
39	25	-3	2	1	1	0
39	26	3	4	7	5	5
39	27	0	3	5	4	3
39	28	-1	3	-1	2	0
39	29	0	5	4	3	4
39	30	2	3	1	3	1
39	31	-2	1	-1	1	1
39	32	1	3	4	3	3
39	33	2	2	1	2	1
39	34	0	3	2	2	0
39	35	0	5	2	2	4
39	36	1	2	4	4	2
39	37	3	5	8	6	6
39	38	-1	3	-1	0	-1
39	39	2	4	3	4	5
39	40	-1	3	0	1	2
39	41	2	5	4	4	5
39	42	2	4	4	3	3
39	43	2	5	4	5	5
39	44	0	1	0	2	1
39	45	2	4	4	3	2
39	46	3	4	3	3	3
39	47	2	5	7	4	4
39	48	1	4	2	4	1
39	49	2	5	4	4	4
39	50	0	4	0	0	1
39	51	0	2	3	2	4
39	52	2	4	2	4	2
39	53	-1	3	1	2	2
39	54	1	2	1	2	4
39	55	2	3	6	2	3
39	56	2	5	6	5	3
39	57	4	5	5	5	5
39	58	0	3	3	4	3
39	59	2	5	1	5	6
39	60	1	3	2	4	2
40	1	1	1	-1	0	1
40	2	4	1	2	2	2
40	3	1	1	1	0	2
40	4	2	0	0	0	1
40	5	1	1	2	1	6
40	6	1	0	0	0	3
40	7	2	1	1	3	3
40	8	1	0	0	0	3
40	9	2	0	2	1	3
40	10	2	2	3	3	5
40	11	2	0	1	3	3
40	12	1	0	0	1	2
40	13	3	3	6	3	4
40	14	5	1	5	4	4
40	15	2	2	3	1	4
40	16	1	1	4	2	3
40	17	3	0	2	3	4
40	18	2	0	3	2	5
40	19	4	0	2	4	5
40	20	1	0	1	2	3
40	21	3	0	2	3	5
40	22	1	0	0	1	2
40	23	5	1	2	2	5
40	24	3	0	3	0	3
40	25	0	0	-1	1	0
40	26	1	0	0	0	2
40	27	3	1	1	1	2
40	28	4	0	3	3	6
40	29	0	0	0	0	4
40	30	0	-1	0	0	0
40	31	3	0	2	0	4
40	32	0	0	-2	2	4
40	33	3	0	2	1	4
40	34	1	0	0	1	2
40	35	0	0	0	2	1
40	36	4	1	3	3	5
40	37	1	0	-2	2	1
40	38	1	0	1	1	3
40	39	0	0	2	2	4
40	40	3	2	3	1	3
40	41	1	0	1	2	2
40	42	1	0	1	2	3
40	43	1	0	0	3	2
40	44	0	0	0	0	1
40	45	5	1	1	3	6
40	46	0	0	1	0	-1
40	47	0	0	0	3	3
40	48	0	0	-1	0	1
40	49	0	-1	0	0	0
40	50	1	0	2	2	1
40	51	2	1	3	2	6
40	52	5	1	5	4	6
40	53	2	0	0	1	3
40	54	0	0	0	2	1
40	55	2	0	2	2	0
40	56	3	0	2	1	5
40	57	-1	-1	-3	0	-1
40	58	3	0	2	2	2
40	59	2	0	0	2	5
40	60	0	0	0	0	3
41	1	-1	0	-3	0	0
41	2	2	2	0	1	4
41	3	-1	0	1	0	0
41	4	1	1	2	1	4
41	5	1	2	0	0	2
41	6	2	2	0	3	3
41	7	2	3	3	2	5
41	8	0	2	0	1	3
41	9	1	1	0	0	2
41	10	0	2	0	1	2
41	11	1	2	0	0	2
41	12	0	2	0	1	0
41	13	0	2	0	0	2
41	14	2	3	3	1	3
41	15	0	2	1	1	2
41	16	0	1	2	1	3
41	17	4	4	2	4	6
41	18	3	2	3	1	4
41	19	3	3	4	4	6
41	20	0	3	1	0	2
41	21	4	4	3	1	6
41	22	2	1	5	2	4
41	23	0	2	0	0	2
41	24	1	3	1	2	3
41	25	0	1	0	0	1
41	26	1	2	3	1	7
41	27	1	2	1	3	3
41	28	2	1	0	1	4
41	29	1	0	1	2	5
41	30	2	1	0	1	2
41	31	5	3	4	3	6
41	32	4	2	4	3	5
41	33	2	1	2	3	6
41	34	3	2	2	2	2
41	35	1	2	2	1	4
41	36	3	3	2	1	4
41	37	5	1	5	4	7
41	38	5	3	4	3	4
41	39	1	1	0	2	5
41	40	2	3	0	2	2
41	41	0	2	0	1	3
41	42	0	2	0	2	3
41	43	1	2	1	2	2
41	44	3	3	4	2	5
41	45	-1	1	-2	0	1
41	46	0	3	0	0	3
41	47	0	2	2	2	4
41	48	0	1	3	-1	2
41	49	5	3	2	4	5
41	50	1	1	0	2	3
41	51	1	1	0	0	1
41	52	0	0	2	0	2
41	53	4	2	1	2	4
41	54	3	4	5	5	9
41	55	2	1	3	1	4
41	56	2	4	3	2	5
41	57	0	2	0	0	1
41	58	4	4	4	4	6
41	59	2	3	4	3	5
41	60	-3	0	-2	0	0
42	1	0	2	3	1	3
42	2	2	1	1	1	5
42	3	-1	0	0	1	3
42	4	0	1	3	3	2
42	5	0	0	0	2	4
42	6	2	2	4	3	4
42	7	3	2	0	4	4
42	8	3	2	3	4	6
42	9	3	1	2	2	5
42	10	4	2	4	4	7
42	11	2	0	3	0	3
42	12	0	0	-3	0	2
42	13	0	3	2	3	6
42	14	2	3	5	3	5
42	15	2	1	2	3	4
42	16	1	3	2	5	6
42	17	1	2	3	4	4
42	18	3	2	2	5	4
42	19	2	2	1	3	2
42	20	1	1	0	1	4
42	21	2	2	3	2	4
42	22	3	2	2	4	5
42	23	4	2	5	3	4
42	24	1	2	2	3	4
42	25	1	1	0	1	5
42	26	5	3	7	5	7
42	27	0	2	4	4	5
42	28	0	1	1	0	2
42	29	4	3	5	3	6
42	30	2	2	3	1	3
42	31	1	2	4	4	5
42	32	3	1	0	2	6
42	33	2	1	3	2	4
42	34	1	2	0	3	4
42	35	2	2	1	1	2
42	36	1	1	1	0	2
42	37	0	1	1	2	2
42	38	1	1	2	2	3
42	39	2	2	4	3	5
42	40	2	2	3	2	5
42	41	3	2	2	3	3
42	42	1	1	0	0	3
42	43	1	2	1	2	0
42	44	5	3	5	3	6
42	45	3	1	3	3	5
42	46	2	2	3	1	3
42	47	1	1	1	1	2
42	48	3	2	3	4	3
42	49	3	2	1	2	4
42	50	2	4	3	2	5
42	51	2	2	0	1	6
42	52	1	2	-1	2	5
42	53	2	2	2	4	5
42	54	3	1	2	3	4
42	55	4	2	3	4	6
42	56	0	0	0	1	2
42	57	3	2	2	2	2
42	58	0	2	0	2	4
42	59	0	2	0	0	3
42	60	3	2	5	5	5
43	1	0	0	1	4	2
43	2	-1	-1	-1	2	0
43	3	1	0	-2	1	0
43	4	-3	0	0	2	0
43	5	3	1	4	5	3
43	6	3	1	7	5	6
43	7	0	-1	0	0	2
43	8	0	0	2	4	3
43	9	1	0	2	3	3
43	10	4	1	7	6	6
43	11	-3	-1	-2	1	0
43	12	-1	-1	-1	2	4
43	13	-2	0	0	3	1
43	14	0	0	-1	5	2
43	15	0	0	2	4	2
43	16	0	0	1	3	1
43	17	3	0	4	3	6
43	18	2	0	0	1	4
43	19	2	2	6	6	7
43	20	2	0	3	4	3
43	21	0	-1	0	1	1
43	22	0	0	0	2	1
43	23	0	1	1	4	2
43	24	0	0	1	2	2
43	25	0	0	2	4	4
43	26	0	0	1	6	4
43	27	1	0	2	3	2
43	28	0	0	1	2	3
43	29	-1	0	0	1	2
43	30	0	-1	0	1	3
43	31	1	0	2	4	3
43	32	0	0	3	4	5
43	33	2	0	0	3	1
43	34	2	0	4	1	5
43	35	2	1	4	6	5
43	36	2	1	5	4	5
43	37	0	0	-2	1	2
43	38	1	-1	2	4	4
43	39	-1	0	0	3	0
43	40	0	0	1	4	3
43	41	3	0	0	3	3
43	42	1	0	0	3	2
43	43	0	-1	0	3	1
43	44	1	0	1	7	4
43	45	0	-2	0	3	3
43	46	-1	1	0	2	3
43	47	0	0	2	3	3
43	48	0	0	2	3	2
43	49	5	0	3	4	5
43	50	-1	-1	0	1	0
43	51	4	2	8	5	6
43	52	-1	0	0	2	1
43	53	1	0	2	4	3
43	54	-3	-1	-3	1	0
43	55	-1	-1	-1	3	0
43	56	1	0	2	4	4
43	57	0	1	3	3	2
43	58	0	-1	0	4	3
43	59	0	0	0	1	2
43	60	0	-1	-2	2	-1
44	1	3	1	2	3	5
44	2	3	2	5	4	5
44	3	5	3	5	5	8
44	4	4	3	5	5	6
44	5	4	1	6	4	3
44	6	4	2	6	4	6
44	7	3	4	5	4	6
44	8	5	2	3	6	7
44	9	5	5	5	6	10
44	10	3	2	5	2	8
44	11	2	3	6	4	8
44	12	4	2	6	5	7
44	13	3	2	4	2	4
44	14	2	1	5	3	7
44	15	2	3	6	6	7
44	16	6	4	4	5	6
44	17	5	3	7	6	9
44	18	2	3	6	3	5
44	19	5	3	7	7	8
44	20	1	2	2	3	4
44	21	2	1	0	3	2
44	22	1	2	2	1	3
44	23	5	3	8	5	7
44	24	5	2	7	6	5
44	25	4	2	6	5	4
44	26	2	1	6	5	5
44	27	7	3	10	6	10
44	28	4	5	7	5	7
44	29	2	2	2	3	5
44	30	1	2	4	4	3
44	31	4	2	9	6	6
44	32	6	1	6	4	6
44	33	3	3	5	4	5
44	34	5	3	7	5	7
44	35	1	2	1	2	3
44	36	2	3	4	3	6
44	37	5	1	7	5	6
44	38	3	3	6	5	7
44	39	3	1	2	4	4
44	40	8	3	6	5	7
44	41	6	4	8	6	8
44	42	3	1	2	3	4
44	43	4	2	4	3	7
44	44	6	3	8	5	6
44	45	4	3	6	4	8
44	46	2	1	4	5	5
44	47	3	3	3	4	5
44	48	4	4	6	5	8
44	49	0	1	3	3	4
44	50	1	1	5	4	6
44	51	4	4	7	6	6
44	52	3	3	2	3	2
44	53	4	1	2	3	4
44	54	4	3	4	5	6
44	55	2	1	6	4	7
44	56	2	1	4	2	2
44	57	4	3	6	6	7
44	58	2	1	3	5	5
44	59	4	2	3	6	5
44	60	5	2	4	3	4
45	1	5	2	7	5	7
45	2	3	2	2	5	7
45	3	5	1	2	6	7
45	4	7	1	7	5	8
45	5	5	1	0	5	8
45	6	6	2	6	6	8
45	7	5	2	4	6	8
45	8	4	3	4	7	7
45	9	6	3	7	6	12
45	10	2	2	7	3	7
45	11	5	2	3	4	8
45	12	7	2	6	6	8
45	13	4	0	3	2	6
45	14	6	2	4	4	8
45	15	1	1	2	3	6
45	16	6	2	7	6	9
45	17	4	0	3	3	5
45	18	3	0	2	4	5
45	19	6	3	6	4	7
45	20	4	1	5	4	7
45	21	5	2	5	4	8
45	22	4	2	5	6	7
45	23	4	3	5	4	5
45	24	7	3	8	7	8
45	25	4	2	1	2	3
45	26	3	2	5	3	6
45	27	2	0	1	1	3
45	28	7	2	5	7	9
45	29	3	2	3	4	6
45	30	4	1	5	2	8
45	31	6	3	7	8	9
45	32	4	1	3	5	4
45	33	5	2	6	6	10
45	34	2	0	3	1	6
45	35	7	2	5	6	9
45	36	6	2	5	5	8
45	37	3	2	4	6	5
45	38	1	0	1	4	4
45	39	7	2	8	4	6
45	40	6	2	7	6	10
45	41	2	0	0	3	5
45	42	7	5	11	9	11
45	43	7	5	8	8	10
45	44	5	1	3	3	5
45	45	4	2	2	5	7
45	46	3	0	3	4	8
45	47	5	3	3	3	8
45	48	4	2	5	4	10
45	49	4	2	5	3	7
45	50	5	2	6	4	9
45	51	7	2	5	6	8
45	52	0	0	1	1	3
45	53	3	0	3	3	5
45	54	5	2	5	4	7
45	55	7	1	3	4	7
45	56	7	2	5	5	8
45	57	1	0	3	5	7
45	58	3	1	2	3	7
45	59	6	2	5	6	7
45	60	6	2	4	4	6
46	1	0	2	1	2	2
46	2	0	0	2	3	0
46	3	-2	0	-1	1	0
46	4	0	0	1	4	0
46	5	4	4	7	7	5
46	6	0	0	3	5	2
46	7	1	2	2	3	3
46	8	1	0	2	4	2
46	9	0	2	3	4	6
46	10	-1	1	1	4	3
46	11	2	1	5	6	3
46	12	-1	0	1	2	2
46	13	-2	0	1	2	0
46	14	1	2	4	4	3
46	15	0	0	1	3	2
46	16	3	1	5	5	4
46	17	0	0	1	4	2
46	18	1	1	5	6	4
46	19	0	0	1	4	3
46	20	0	1	2	3	0
46	21	3	1	1	6	4
46	22	0	0	1	1	2
46	23	2	2	6	5	5
46	24	0	1	2	5	3
46	25	-3	0	0	1	0
46	26	0	0	4	2	2
46	27	-2	0	0	2	1
46	28	-3	-1	0	0	-2
46	29	0	1	3	2	2
46	30	0	1	1	4	4
46	31	-1	0	0	1	0
46	32	-1	0	2	1	0
46	33	0	0	0	3	1
46	34	-2	0	0	2	1
46	35	2	0	4	4	3
46	36	1	1	1	4	1
46	37	-2	-1	0	2	0
46	38	-1	1	0	3	1
46	39	1	1	3	3	3
46	40	0	0	1	3	2
46	41	1	1	3	4	2
46	42	0	1	4	3	3
46	43	2	1	4	3	1
46	44	1	2	5	5	4
46	45	0	1	1	5	1
46	46	-2	0	0	2	0
46	47	0	0	1	4	2
46	48	2	1	2	3	2
46	49	0	0	1	4	2
46	50	-2	0	-2	2	-1
46	51	0	0	0	3	1
46	52	1	1	3	5	3
46	53	0	2	0	2	4
46	54	0	0	2	4	0
46	55	0	0	3	3	1
46	56	-1	0	2	4	0
46	57	0	1	5	5	3
46	58	2	1	5	5	5
46	59	0	0	0	1	0
46	60	-1	0	2	3	1
47	1	2	1	1	1	2
47	2	0	0	-2	0	1
47	3	4	1	1	2	6
47	4	3	0	0	1	3
47	5	5	1	7	4	8
47	6	0	-2	-1	0	1
47	7	3	1	5	4	6
47	8	3	0	4	2	7
47	9	3	0	1	5	6
47	10	2	1	2	4	4
47	11	2	0	2	2	3
47	12	4	1	3	5	6
47	13	2	0	1	0	3
47	14	5	0	4	2	5
47	15	4	0	1	1	4
47	16	2	2	6	3	7
47	17	1	1	2	1	3
47	18	2	0	2	3	3
47	19	4	0	2	4	3
47	20	2	0	5	3	4
47	21	5	1	4	4	7
47	22	5	0	3	3	6
47	23	3	0	1	3	5
47	24	6	1	3	3	7
47	25	0	1	1	2	2
47	26	6	0	5	3	6
47	27	0	0	0	1	5
47	28	4	0	2	3	4
47	29	1	-1	0	1	1
47	30	3	2	1	3	5
47	31	0	-1	-1	0	2
47	32	3	0	0	1	3
47	33	0	0	0	2	0
47	34	2	0	1	2	3
47	35	3	0	1	2	3
47	36	4	0	3	2	4
47	37	0	0	0	1	3
47	38	2	0	0	2	4
47	39	4	0	5	3	7
47	40	6	1	6	5	7
47	41	3	1	5	4	4
47	42	0	0	0	2	3
47	43	3	1	4	4	7
47	44	0	0	0	1	2
47	45	1	1	4	1	6
47	46	4	1	3	3	6
47	47	0	0	2	4	4
47	48	4	0	2	2	4
47	49	2	0	3	2	6
47	50	3	0	1	2	5
47	51	4	1	3	3	5
47	52	0	0	0	0	1
47	53	3	0	0	3	5
47	54	2	0	4	3	5
47	55	2	1	2	6	5
47	56	3	0	0	2	2
47	57	1	0	0	2	1
47	58	1	-1	1	3	2
47	59	1	0	2	1	2
47	60	2	1	5	2	5
48	1	0	1	0	0	1
48	2	1	3	2	1	2
48	3	1	3	3	2	2
48	4	0	1	0	0	0
48	5	1	2	0	2	2
48	6	3	2	2	2	3
48	7	2	3	1	2	2
48	8	1	2	0	0	2
48	9	0	4	0	0	1
48	10	1	2	0	1	3
48	11	1	2	0	2	2
48	12	3	3	3	1	3
48	13	0	2	-1	0	0
48	14	0	1	0	2	1
48	15	0	1	0	0	0
48	16	-1	2	0	1	1
48	17	3	1	3	0	1
48	18	1	1	0	0	1
48	19	2	1	0	0	2
48	20	1	2	0	2	2
48	21	2	1	0	0	0
48	22	1	2	4	1	2
48	23	4	2	1	2	1
48	24	0	0	-1	0	1
48	25	1	2	-1	2	0
48	26	4	4	4	4	8
48	27	5	1	1	2	2
48	28	2	2	0	0	3
48	29	1	2	1	1	1
48	30	2	4	0	1	2
48	31	1	4	0	1	2
48	32	0	2	0	0	2
48	33	0	1	0	0	1
48	34	2	3	1	0	2
48	35	3	3	0	1	2
48	36	1	1	0	1	2
48	37	2	2	3	4	2
48	38	2	3	0	1	4
48	39	2	2	0	2	-1
48	40	4	1	3	3	3
48	41	4	3	1	3	3
48	42	2	3	2	2	2
48	43	0	3	1	2	2
48	44	1	2	-1	-1	2
48	45	2	1	2	1	2
48	46	0	1	0	0	0
48	47	0	2	0	0	0
48	48	1	2	0	2	2
48	49	2	2	3	2	2
48	50	1	2	0	1	2
48	51	1	1	1	2	1
48	52	0	0	-2	0	0
48	53	0	2	-2	2	2
48	54	4	2	2	2	3
48	55	1	2	-1	0	0
48	56	1	1	0	0	0
48	57	3	2	0	2	3
48	58	0	4	4	3	3
48	59	4	3	3	2	3
48	60	4	4	6	5	7
49	1	4	6	5	5	6
49	2	3	5	5	4	4
49	3	4	6	7	6	8
49	4	1	4	4	3	5
49	5	3	4	3	3	6
49	6	2	5	3	3	5
49	7	0	2	4	3	3
49	8	1	4	1	1	1
49	9	6	6	6	5	8
49	10	1	3	3	3	3
49	11	3	3	4	5	3
49	12	1	4	1	3	3
49	13	1	6	5	5	4
49	14	3	6	5	4	4
49	15	2	5	2	3	3
49	16	3	5	1	3	4
49	17	4	6	6	6	8
49	18	4	5	7	3	5
49	19	2	4	4	5	4
49	20	3	5	3	4	5
49	21	2	4	2	2	3
49	22	2	4	7	3	3
49	23	0	4	4	2	5
49	24	4	7	6	5	9
49	25	-2	3	0	0	1
49	26	3	6	5	4	5
49	27	2	4	4	4	4
49	28	4	7	7	6	9
49	29	1	5	1	3	3
49	30	2	5	4	4	6
49	31	3	5	0	3	6
49	32	4	5	3	4	2
49	33	2	5	4	4	5
49	34	4	7	7	6	7
49	35	4	6	3	5	5
49	36	2	6	2	3	3
49	37	6	6	8	6	8
49	38	3	4	4	4	5
49	39	4	4	5	4	7
49	40	5	4	7	4	8
49	41	3	6	6	5	7
49	42	2	5	4	5	6
49	43	0	5	3	4	4
49	44	3	6	7	3	4
49	45	2	4	4	3	5
49	46	1	6	4	6	5
49	47	5	8	8	5	8
49	48	3	5	1	2	2
49	49	1	4	3	4	4
49	50	4	6	4	5	7
49	51	4	5	5	4	6
49	52	4	7	6	3	4
49	53	2	5	1	3	3
49	54	1	5	3	2	4
49	55	3	5	5	3	4
49	56	2	4	2	1	3
49	57	3	4	5	3	5
49	58	0	3	1	2	6
49	59	5	4	6	4	6
49	60	2	4	1	2	3
50	1	2	1	1	3	4
50	2	0	1	2	3	3
50	3	1	1	3	4	5
50	4	0	0	0	2	2
50	5	-1	-2	-1	1	0
50	6	4	2	7	5	6
50	7	1	1	4	5	4
50	8	2	0	3	5	5
50	9	-1	-1	-2	0	1
50	10	1	1	3	4	5
50	11	1	1	2	4	6
50	12	0	1	0	4	5
50	13	0	3	3	4	7
50	14	3	2	3	5	7
50	15	0	0	1	4	4
50	16	4	3	4	6	7
50	17	1	2	2	5	5
50	18	3	2	3	4	6
50	19	1	1	2	3	4
50	20	2	0	1	4	3
50	21	-1	0	-1	2	3
50	22	2	1	3	3	4
50	23	1	1	1	4	5
50	24	1	0	0	5	5
50	25	0	0	0	1	2
50	26	1	1	1	1	2
50	27	2	2	5	5	4
50	28	-1	0	-3	2	5
50	29	1	0	0	4	3
50	30	-3	0	-3	0	3
50	31	0	0	-1	1	3
50	32	0	1	2	3	3
50	33	1	0	2	3	3
50	34	0	1	1	3	3
50	35	-1	0	0	1	1
50	36	2	1	2	3	3
50	37	3	2	4	5	5
50	38	2	0	1	2	3
50	39	-1	-1	-1	1	2
50	40	1	0	0	3	3
50	41	0	-1	-1	0	1
50	42	0	0	0	3	2
50	43	-1	0	1	4	3
50	44	0	0	-2	2	3
50	45	0	1	0	1	3
50	46	2	3	5	4	7
50	47	3	3	4	6	8
50	48	5	2	6	6	9
50	49	2	1	3	6	6
50	50	1	0	1	5	5
50	51	1	0	0	1	1
50	52	-1	0	2	2	3
50	53	1	1	1	3	4
50	54	4	1	4	7	5
50	55	0	1	2	6	4
50	56	0	0	5	4	5
50	57	1	0	0	2	5
50	58	-1	0	0	3	2
50	59	4	0	1	3	7
50	60	1	0	2	4	3
