1	5	3	4	1	.	2	3	2	5	4	1	.	5	.	3	.	2	5	2	3	3	7	.	6	1	1	.	2	1	.	.	1	-2	0	.	.	2	2	5	3	2	.	1	2	2	2	3	5	2	1	2	.	4	5	.	1	.	0	0	0	1	1	0	5	.	5	1	2	1	4	1	.	2	.	.	0	0	1	2	.	0	0	0	1	0	.	.	.	1	-1	3	2	3	1	1	.	3	.	1	6	.	5	1	0	1	.	2	2	.	.	0	0	1	1	1	1	.	3	1	.	1	3	1	7	4	7	1	1	0	.	0	1	.	2	4
2	2	1	.	4	1	0	.	2	3	5	0	6	1	0	2	4	3	4	1	.	1	.	1	.	1	0	-2	.	2	5	1	1	.	0	0	-1	0	0	1	2	.	.	4	1	5	3	2	4	1	2	4	1	0	0	1	.	3	.	1	.	7	2	8	0	-1	0	2	.	5	3	1	1	4	2	6	1	0	.	4	1	4	1	0	.	3	2	.	5	2	3	4	3	7	4	1	2	.	2	5	3	2	.	1	0	2	3	2	.	.	0	0	3	1	2	.	3	4	2	.	.	4	0	3	0	0	1	3	.	0	1	1	3	1	1	4
3	.	2	4	.	3	7	1	.	.	6	5	.	.	4	6	2	3	3	4	3	4	.	3	5	2	4	6	2	4	5	1	.	2	3	.	4	3	.	5	5	4	10	4	.	7	1	3	5	5	4	8	3	4	4	4	.	.	3	4	6	.	4	11	2	2	.	4	2	3	.	1	3	.	3	5	6	3	.	6	4	9	0	2	3	3	.	5	6	.	9	.	3	.	4	.	4	3	3	5	.	.	6	.	4	6	5	.	.	.	.	4	.	3	5	6	.	.	.	3	5	3	3	.	1	.	.	4	4	4	3	4	4	2	2	6
4	0	2	.	1	2	0	2	1	0	.	1	0	4	.	6	3	2	.	1	.	1	.	3	0	3	2	1	1	2	1	0	2	1	0	.	1	.	3	6	.	3	0	1	2	-1	1	1	1	.	1	1	3	1	0	0	3	1	.	3	.	1	0	-1	2	3	.	1	2	1	-1	0	0	4	2	.	5	3	4	5	4	7	3	.	2	3	2	1	2	2	0	2	.	.	.	0	-1	0	1	0	.	1	0	2	1	2	1	3	2	-1	1	-2	0	1	0	0	1	0	.	3	4	3	.	-1	1	1	2	3	2	2	0	.	3	2	2	2
5	3	4	8	0	2	0	2	.	4	0	2	2	3	4	8	.	1	2	0	4	.	3	4	5	0	3	2	4	4	5	2	3	5	0	1	.	1	4	5	2	3	.	1	4	4	0	2	0	3	3	6	0	1	2	.	2	4	0	2	2	2	.	3	0	1	1	2	2	3	1	2	1	-1	0	1	.	.	5	3	.	4	5	.	6	1	.	5	0	.	2	5	4	.	5	5	8	.	.	1	1	3	4	.	2	4	2	3	5	.	4	4	0	1	.	0	4	.	3	5	6	1	2	4	3	2	5	.	4	6	3	4	5	.	1	0
6	3	4	5	5	.	8	5	3	7	.	.	.	4	1	.	2	2	.	.	4	7	.	2	.	6	3	.	4	2	.	2	1	4	3	3	5	5	3	5	3	1	6	.	3	9	3	2	3	4	2	6	.	.	4	4	.	.	5	.	6	2	1	4	0	2	.	3	1	3	5	3	.	3	2	5	5	1	6	1	.	5	5	3	7	2	1	4	5	2	9	4	1	6	2	3	3	.	3	4	4	3	6	4	2	5	5	4	10	3	2	1	.	2	4	4	4	6	3	1	.	1	0	1	3	.	3	4	2	4	4	0	4	6	2	8
7	2	5	.	2	2	2	0	0	.	0	1	2	2	.	4	.	.	2	4	.	4	.	2	3	0	.	2	0	2	.	3	4	6	2	2	4	2	1	.	0	2	.	.	2	5	.	.	2	.	3	3	4	.	5	1	2	3	0	.	2	4	4	4	-1	1	-1	2	.	2	2	4	6	2	2	0	.	2	2	1	.	.	3	3	5	1	3	5	0	.	.	3	.	.	3	.	1	1	2	2	.	1	0	3	1	2	.	3	0	1	2	3	2	3	.	0	2	1	1	3	4	.	.	.	4	4	5	5	4	8	1	0	.	2	3	6
8	-1	2	1	0	.	0	0	0	.	.	.	3	-2	.	-1	-3	1	.	-2	1	-2	1	3	5	0	0	.	0	.	0	5	.	6	0	2	1	.	1	-1	1	.	.	.	0	-4	0	2	2	.	1	0	-1	2	1	-1	0	-2	.	1	-2	.	1	-1	0	0	0	2	4	.	2	4	1	0	2	0	0	2	0	0	0	0	0	2	0	0	.	0	-1	1	0	.	.	0	.	1	1	2	2	3	-1	1	.	0	2	1	.	2	1	.	1	0	1	.	.	.	.	3	2	3	3	0	.	1	-1	1	0	2	1	2	.	0	0	0	.	0
9	1	.	2	1	0	0	2	0	1	2	2	1	.	1	.	0	0	.	3	1	.	3	2	.	.	.	-1	5	3	5	3	1	3	.	0	.	0	0	3	2	1	.	3	1	.	.	1	4	0	1	0	4	1	2	1	.	-1	1	.	.	3	0	3	0	.	0	.	1	3	1	0	.	3	2	.	3	2	4	.	1	1	0	1	.	.	0	4	-2	0	.	1	.	2	4	1	6	5	2	.	3	2	0	0	0	-2	1	1	0	1	0	0	4	3	.	2	2	-1	2	1	0	4	.	2	0	0	0	4	1	3	.	0	-1	2	1	2
10	3	.	3	0	1	1	4	4	5	.	.	0	1	3	2	1	1	0	.	2	0	.	1	0	.	1	0	1	1	.	3	3	.	.	.	.	0	0	-1	0	0	0	0	2	.	4	2	.	0	.	.	.	.	-2	1	2	.	0	2	4	2	2	3	0	1	.	.	3	1	1	2	3	.	2	3	0	1	1	5	.	5	1	2	2	.	1	-2	1	1	.	0	0	-2	0	1	0	.	1	1	3	.	.	3	2	4	0	2	0	3	3	4	.	4	5	.	1	.	.	.	1	2	2	2	1	2	2	3	.	0	4	.	3	2	.	.
11	4	5	5	5	4	7	4	.	6	4	.	7	.	4	7	1	2	3	2	3	2	.	4	6	3	4	.	5	3	.	6	4	6	.	.	.	.	4	3	4	.	2	3	2	3	5	4	4	.	.	3	6	5	8	.	4	2	4	5	6	5	4	5	.	.	6	4	3	7	4	5	3	3	4	.	3	.	.	3	4	4	5	4	6	3	3	.	3	2	6	0	3	4	3	4	5	3	3	2	3	1	1	0	3	1	4	5	4	3	2	4	1	2	3	1	1	0	3	.	4	4	3	6	.	5	.	2	4	4	3	5	5	3	.	5
12	2	4	0	4	3	2	.	3	.	.	2	.	2	4	4	2	1	3	1	3	.	1	2	.	4	4	.	1	3	4	.	3	.	0	2	0	3	4	2	3	1	0	0	4	.	5	3	3	.	3	2	3	2	3	2	2	3	3	2	1	.	.	4	3	2	.	-1	2	-2	.	4	2	2	2	3	2	3	0	-1	.	0	4	3	8	.	7	8	1	2	2	.	3	6	4	3	6	2	2	2	.	2	1	.	2	-1	2	2	0	1	3	.	2	2	2	2	2	2	1	2	2	0	2	0	.	.	4	0	2	0	.	2	.	2	3	3
13	2	3	.	5	.	7	3	2	3	2	1	5	1	.	.	2	0	.	1	3	0	2	.	7	0	2	2	.	.	4	3	4	4	1	1	.	.	2	3	5	.	5	5	4	6	6	6	.	.	4	4	1	.	0	.	2	3	.	.	4	.	4	7	2	4	5	7	4	5	4	3	9	1	3	.	1	3	6	3	4	.	.	2	.	4	.	4	5	.	.	1	3	4	0	1	.	7	3	.	2	2	4	2	2	.	3	3	.	.	2	.	1	3	3	2	2	.	4	3	5	3	4	.	2	3	.	5	3	.	4	3	7	3	4	7
14	-1	1	0	0	2	2	1	2	3	1	3	4	0	2	-1	1	.	3	1	1	0	3	.	.	3	3	.	0	3	.	0	.	0	1	4	3	5	3	3	1	3	3	1	3	1	1	1	-1	.	.	.	3	2	5	2	.	1	2	1	2	5	.	.	2	3	3	4	2	.	0	0	.	1	2	3	3	2	.	2	2	3	0	0	2	3	2	.	2	3	.	1	2	4	1	3	2	0	1	3	.	.	3	.	3	.	.	.	0	3	2	3	.	2	4	3	3	3	0	.	3	.	3	.	.	.	4	4	4	6	.	2	0	1	.	4
15	2	2	4	0	1	0	.	.	4	1	1	1	-2	-1	-2	0	1	1	-3	.	1	.	2	5	1	1	1	.	0	.	1	1	3	3	1	6	.	1	2	.	.	4	1	0	.	0	0	0	-2	0	-2	-1	0	0	.	.	5	-1	0	1	1	2	6	0	2	2	0	2	7	1	1	6	1	1	2	.	.	5	1	1	5	2	2	4	3	2	3	1	0	1	-1	.	1	1	1	.	1	0	5	1	1	.	3	.	3	.	2	2	1	0	3	.	2	.	2	2	1	0	2	.	-1	0	1	-1	1	.	0	1	.	-1	.	1	.	0	-2
16	3	.	0	5	2	.	5	1	.	2	1	2	4	1	5	5	2	5	6	1	.	5	.	6	6	2	6	.	0	.	7	1	3	3	3	3	4	.	2	8	2	10	7	.	6	4	1	6	.	0	3	4	0	3	9	2	7	4	1	3	5	.	.	6	2	5	7	2	6	7	2	.	.	1	3	5	0	2	4	2	1	.	2	3	.	1	6	6	.	6	8	2	8	8	0	4	4	0	1	6	1	8	7	2	.	.	1	1	3	.	0	5	2	.	7	3	5	3	.	4	4	1	4	5	.	3	7	.	6	6	0	.	5	.	.
17	.	2	4	.	3	3	0	2	1	1	.	1	3	4	2	1	3	4	5	3	2	-1	2	.	0	.	4	3	3	3	6	.	8	2	1	4	1	1	3	1	3	3	3	3	2	4	.	4	.	.	0	.	2	0	2	2	4	.	3	3	.	.	4	3	4	3	1	2	.	.	.	5	2	.	1	.	.	5	2	2	3	3	3	4	1	2	0	1	3	4	4	1	4	2	.	3	1	1	0	3	2	.	3	.	6	.	2	0	.	.	6	0	2	1	0	0	1	4	.	3	.	2	3	4	4	4	.	2	4	5	3	4	1	1	.
18	.	0	-2	1	2	0	0	2	0	0	0	0	0	0	0	.	3	3	0	0	.	-2	.	.	-3	.	-1	-1	0	-3	1	.	2	0	1	0	-1	2	0	0	0	0	-1	1	-1	0	0	-1	.	1	2	-3	0	-3	.	0	0	.	.	-1	0	.	0	-1	0	.	-2	1	-2	.	2	2	.	0	1	-4	.	-4	.	0	0	0	0	-2	-2	0	.	-1	1	.	.	1	0	0	.	.	2	.	2	-4	0	-4	0	1	.	-1	.	-1	0	1	1	-1	0	0	0	0	-3	-2	1	-2	-2	0	0	.	2	.	.	0	1	.	1	2	-1	.	0
19	.	4	4	3	4	4	.	.	3	1	2	1	0	3	2	.	1	.	2	4	4	2	4	5	4	3	5	1	3	3	1	2	1	6	.	.	1	4	.	4	5	3	1	.	0	2	4	.	4	.	5	4	4	4	2	3	3	3	4	4	-1	2	0	0	3	0	1	.	1	.	3	6	2	3	3	1	3	3	.	4	.	3	4	6	.	3	3	0	4	3	0	2	2	0	.	2	3	5	6	3	5	5	4	.	6	0	3	2	-1	.	-2	0	3	0	3	6	.	2	3	2	0	2	0	2	3	1	4	4	7	1	4	3	.	3	4
20	-2	0	0	.	.	0	1	.	6	1	2	4	-1	0	0	2	3	4	1	.	.	0	2	5	.	0	1	0	0	0	-1	2	1	1	2	3	.	2	5	1	.	.	2	1	.	-1	.	4	1	.	3	0	0	5	0	1	.	1	.	3	.	1	.	.	1	.	.	0	2	0	0	3	3	2	.	0	1	.	2	2	.	0	0	0	3	2	.	0	1	0	1	.	5	-1	0	2	-5	0	-2	.	0	1	0	1	.	0	.	6	-2	.	0	-1	0	.	1	1	5	1	.	.	0	0	4	0	0	1	.	0	0	-1	.	2	2	.	4
21	1	2	0	-1	.	.	-5	0	-5	3	3	5	3	.	.	-3	2	0	2	2	.	1	4	3	1	3	.	2	3	1	-1	.	-1	3	.	4	-1	2	1	2	4	2	.	4	0	.	3	1	0	1	0	0	1	-1	4	4	3	.	2	.	2	2	0	.	2	.	0	3	2	-1	.	.	0	.	0	.	1	-6	.	1	-2	.	.	0	-3	1	1	.	3	0	.	.	.	-2	.	.	0	2	0	2	2	.	-1	2	-2	0	2	-1	2	2	1	.	.	-1	0	3	0	1	3	1	0	2	.	0	3	.	0	3	1	3	.	.	1	4	4
22	2	1	3	1	.	.	1	3	0	1	3	5	3	4	4	0	2	1	2	3	4	2	3	.	.	.	1	2	2	3	5	2	6	1	2	4	.	2	1	.	1	.	3	3	3	0	2	.	-1	1	1	1	2	2	2	1	2	6	5	5	0	1	.	2	1	4	5	.	.	3	4	4	.	3	2	.	2	-1	.	1	1	.	2	7	3	4	3	0	1	-1	3	3	.	2	.	6	1	3	3	4	1	4	1	.	1	2	3	3	2	2	.	1	3	5	1	.	0	3	3	2	3	3	.	2	1	.	3	2	.	.	2	0	.	2	.
23	3	.	2	0	2	-1	3	2	4	1	.	0	0	2	1	2	1	2	.	1	2	1	1	.	2	1	1	0	1	.	0	1	0	0	0	0	2	1	2	4	2	5	4	.	5	2	1	3	4	1	4	3	1	0	.	0	1	.	0	-1	2	0	2	0	1	2	2	3	2	.	.	1	1	0	0	.	0	0	2	2	0	2	0	1	2	.	3	1	1	.	0	.	-1	3	3	6	2	.	1	1	1	0	.	1	1	2	2	2	-1	0	-1	3	.	5	3	2	2	.	1	3	1	2	.	1	1	0	.	0	-2	0	0	0	0	1	.
24	0	4	2	0	1	0	3	.	2	.	3	4	0	3	-1	2	3	1	1	2	-2	0	2	2	2	4	4	1	3	4	1	3	.	.	2	2	.	.	1	.	3	1	0	.	1	.	0	-1	5	3	5	4	4	6	.	2	1	3	2	.	1	2	2	3	4	.	2	4	5	2	3	1	-2	3	0	2	3	3	0	.	2	0	2	.	2	2	1	0	2	1	2	.	3	-1	2	0	0	3	0	3	.	4	.	3	2	2	4	3	4	4	.	1	.	2	0	2	0	1	3	3	3	4	.	3	4	8	0	2	0	.	2	3	2	.	4
25	0	1	0	.	1	-2	2	2	4	1	.	-1	2	0	2	1	1	2	.	.	2	.	-1	0	2	0	1	0	0	1	0	0	-2	.	.	4	2	2	5	0	1	-1	0	1	4	0	0	0	0	1	2	0	0	1	1	0	2	2	2	2	3	2	.	-1	0	2	1	0	.	5	1	4	0	.	0	-3	-1	-3	.	0	3	0	0	.	0	0	.	3	3	4	4	2	4	.	0	0	.	0	5	0	0	3	0	.	.	2	.	2	0	0	0	0	1	.	.	1	1	4	0	0	-4	-1	-3	.	1	2	-1	0	0	0	0	2	0	2	2
26	2	1	6	0	0	2	0	0	3	0	0	1	-1	0	0	-1	1	.	2	1	3	2	1	2	-1	.	-1	0	.	3	-2	.	0	0	0	1	2	.	3	-5	-2	-2	-4	0	-4	1	2	2	-3	0	-1	2	1	3	0	0	.	.	1	2	.	1	3	0	-1	.	.	.	0	-1	0	1	4	.	5	0	.	0	0	1	2	0	0	0	0	0	1	4	0	.	0	0	1	0	0	0	0	0	1	0	0	1	4	1	4	-1	-1	-1	1	1	3	-2	-1	1	2	.	1	-2	.	-2	3	.	.	1	.	2	0	-1	.	-1	0	-3	0	0	0
27	3	4	5	2	5	.	2	5	.	4	7	.	1	.	3	3	6	6	0	7	5	0	5	3	1	5	1	.	5	6	3	6	3	3	6	4	1	.	1	0	4	-3	4	6	7	.	4	6	.	5	5	7	7	6	2	5	.	4	.	.	2	4	1	4	5	6	3	6	5	.	5	4	0	.	2	1	5	.	1	5	7	1	.	4	4	7	.	.	6	2	2	4	1	.	5	3	.	3	.	3	5	8	3	.	5	1	4	.	.	4	0	0	.	3	4	6	9	0	5	3	0	5	4	2	6	5	3	.	3	.	5	.	2	6	5
28	3	4	.	0	1	.	2	2	4	2	1	.	.	2	7	2	3	2	4	2	3	.	3	7	1	1	2	1	.	2	0	0	1	1	1	3	0	2	.	5	4	.	0	0	.	.	.	.	.	3	2	.	3	3	2	3	2	2	.	0	2	2	3	0	2	1	5	3	4	2	.	3	1	2	2	.	2	.	3	3	.	0	.	-1	0	2	0	1	3	3	2	.	0	1	2	0	1	.	2	1	.	1	-1	2	1	1	2	0	2	1	0	.	.	.	5	.	6	1	2	2	.	2	4	1	3	0	2	2	.	1	2	1	1	.	4
29	2	3	.	-1	1	-2	1	4	3	1	.	1	.	2	1	2	2	0	.	2	-1	2	4	1	-2	1	-1	.	3	-1	1	3	2	1	3	0	1	2	0	0	3	.	0	4	1	-1	2	0	2	2	.	-1	1	-5	.	.	.	-1	2	0	0	2	0	-1	2	-1	.	.	0	0	.	0	0	3	1	-1	0	-5	0	2	-1	0	3	0	0	3	-1	1	2	.	.	3	1	0	1	2	-1	3	-1	.	3	0	0	2	.	0	.	0	1	2	-2	2	3	.	2	4	2	.	2	0	.	2	0	1	3	1	2	3	.	.	2	0	1	4	-1
30	2	1	3	3	2	6	.	1	7	.	.	.	2	.	6	3	1	5	2	0	.	-1	0	4	.	2	.	5	1	11	2	0	3	2	2	.	3	1	.	1	1	4	4	2	.	.	1	5	1	.	.	4	3	7	5	2	6	3	3	8	.	1	7	1	.	5	0	2	4	2	2	8	2	2	.	3	1	5	2	1	4	1	1	4	3	4	.	0	0	1	3	3	3	2	.	6	2	1	.	1	.	9	.	1	0	4	1	8	1	2	4	-1	0	.	2	1	4	.	3	6	2	.	4	1	.	4	2	1	5	0	2	.	3	.	5
31	4	.	.	4	3	7	4	2	5	5	.	4	3	2	5	4	2	2	0	0	-2	1	2	.	4	.	5	.	.	.	3	1	2	6	.	.	2	0	4	2	2	4	.	2	1	4	.	4	3	2	4	5	1	0	4	3	2	4	2	.	.	1	.	2	2	0	.	2	1	3	1	0	3	0	-1	4	0	3	4	.	.	1	.	3	.	1	6	5	3	4	6	3	3	.	2	0	.	2	2	6	3	5	3	3	2	0	1	-1	1	2	-1	6	3	5	3	1	.	5	.	4	1	2	.	2	2	1	.	2	2	.	2	4	.	3	3
32	.	2	.	2	.	.	1	.	-1	3	3	2	1	.	1	4	4	5	2	.	0	.	2	0	4	3	1	4	.	3	1	1	1	1	3	3	1	1	0	0	1	0	.	2	2	.	3	0	2	2	0	1	.	0	.	4	5	2	2	3	3	2	1	3	2	3	-1	.	.	-1	2	1	3	2	4	2	1	2	3	3	3	1	.	0	-2	.	-2	0	1	0	.	2	4	3	4	.	2	1	0	1	.	2	2	.	0	0	2	0	0	.	0	2	2	2	4	2	3	.	3	.	.	.	4	0	3	-1	2	2	6	1	2	1	1	2	-1
33	2	1	3	2	3	5	3	5	4	2	3	4	2	2	.	0	2	1	5	4	6	2	4	.	3	4	5	.	2	0	.	3	.	2	3	3	1	3	1	1	3	0	2	3	.	3	3	6	.	1	2	4	4	1	2	.	3	1	3	4	3	2	4	1	2	3	2	3	4	1	2	2	2	.	6	3	3	7	.	4	3	1	.	0	1	.	1	3	3	5	3	.	4	2	3	5	5	5	6	.	3	2	5	5	5	2	2	6	1	4	.	.	3	5	2	3	5	4	.	5	3	1	1	2	3	3	0	2	-1	.	.	.	3	3	4
34	2	1	3	.	.	5	2	1	5	.	3	6	.	.	5	.	1	0	1	2	6	6	3	.	.	2	6	4	.	4	2	2	7	.	3	3	2	1	.	1	1	.	3	.	3	.	2	3	.	2	5	3	2	4	2	1	3	1	3	1	2	3	7	5	.	.	4	3	8	.	2	5	0	0	0	2	2	4	5	3	4	3	.	6	0	1	4	0	0	1	3	2	7	4	1	6	.	2	6	.	3	.	0	.	1	0	2	.	0	0	1	2	2	7	4	3	8	3	2	2	2	0	4	5	3	6	1	2	4	3	3	5	4	2	6
35	.	4	.	4	3	4	4	2	.	0	3	.	0	4	2	3	.	4	2	3	3	3	3	1	.	2	2	2	3	4	1	2	1	3	3	1	0	2	-2	4	4	.	.	.	3	0	3	3	0	3	1	1	4	2	.	2	.	0	.	1	.	1	.	.	5	3	0	3	4	.	3	.	5	3	.	3	3	5	2	.	3	3	.	.	2	.	3	.	4	.	3	4	4	.	.	6	5	4	.	1	3	1	2	2	0	3	.	2	7	4	.	2	3	2	3	3	.	.	3	3	2	5	1	.	3	3	1	3	.	4	4	.	2	3	5
36	3	3	3	3	2	6	4	.	.	4	2	2	0	1	0	0	1	1	0	0	0	-3	0	0	.	3	4	0	1	3	2	.	.	.	2	4	.	2	1	.	.	0	2	.	3	.	2	2	0	.	1	4	3	4	2	2	6	1	1	2	0	2	2	2	1	4	.	.	6	1	3	.	.	2	.	0	1	.	.	1	-1	0	2	.	1	2	0	4	2	2	0	3	5	0	0	0	0	.	.	2	2	.	1	.	4	-1	1	-2	.	1	2	2	3	3	3	3	6	0	0	0	.	1	0	0	0	1	2	3	1	.	3	3	0	.	.
37	.	2	0	2	3	0	1	.	2	2	3	2	4	5	5	.	2	4	1	.	3	2	1	0	-1	3	-1	2	3	.	3	.	1	6	5	.	2	3	3	2	2	3	1	1	.	6	5	.	3	4	4	.	4	2	2	3	2	2	.	2	0	.	2	4	5	4	3	4	2	0	3	3	2	.	4	4	4	.	2	3	1	1	.	3	3	4	.	.	5	4	4	.	4	.	.	7	.	3	.	.	2	4	2	3	3	4	.	3	.	5	4	.	3	4	.	4	5	.	4	2	2	4	3	2	2	0	.	.	0	.	3	3	4	.	5
38	0	.	3	2	5	3	.	3	5	4	4	.	1	3	2	0	2	2	1	4	0	3	4	6	1	.	.	1	2	0	1	6	5	0	3	5	2	3	.	.	4	5	5	4	.	3	.	5	2	.	4	1	3	3	.	3	2	0	2	3	5	5	9	2	3	5	0	2	4	0	.	2	1	.	0	3	6	.	2	3	3	2	4	1	5	5	7	.	3	0	1	.	3	5	5	6	0	2	2	.	4	4	4	.	.	0	.	.	3	4	5	3	2	1	.	2	3	2	3	3	2	3	0	.	2	2	3	5	.	1	1	1	3	4	.
39	6	0	.	3	0	5	2	0	2	.	0	2	3	-1	3	0	0	0	2	0	2	.	.	.	.	0	3	4	0	4	.	0	.	6	0	6	1	0	1	4	-1	2	-2	.	1	0	-1	1	3	0	6	-1	-1	3	2	.	.	0	0	1	1	0	2	1	0	3	1	0	0	-1	-1	0	.	-1	4	1	1	.	2	1	2	0	.	2	3	.	4	6	.	5	-1	-2	.	4	0	3	0	.	0	1	-1	3	.	0	-1	.	0	2	1	1	6	3	0	4	2	1	4	.	0	0	2	0	2	1	0	5	1	.	3	1	.	3	4	1	4
40	-1	1	.	.	.	4	.	2	.	2	4	2	0	3	4	0	1	0	4	.	5	1	.	.	.	4	2	1	2	0	2	3	.	0	4	3	1	3	4	1	2	2	.	4	2	1	2	1	2	4	3	1	4	2	0	4	1	0	2	0	1	4	1	0	3	.	4	4	6	.	4	3	1	2	4	2	4	4	0	4	1	.	2	4	0	2	2	1	3	2	-1	2	0	0	.	0	0	1	0	0	.	1	2	4	1	1	1	3	-1	0	0	2	5	7	2	.	.	4	3	6	.	.	4	.	2	1	-1	1	1	-2	1	.	.	2	.
41	3	0	2	0	.	0	.	0	.	0	0	1	0	0	1	4	1	7	.	2	3	-3	-1	-2	1	0	3	0	0	0	-2	.	.	1	0	2	0	0	0	0	0	-1	.	0	2	2	1	1	5	2	3	-3	-1	-2	0	.	2	.	0	0	1	1	.	1	2	3	1	.	.	-2	0	-1	2	0	1	.	.	1	4	0	.	0	0	1	1	1	2	.	0	0	1	0	.	.	.	2	0	.	.	0	1	0	3	1	2	3	0	.	2	.	4	1	0	.	0	1	.	.	0	1	-2	0	.	1	0	4	0	0	0	.	0	0	.	1	1
42	0	.	0	.	2	1	0	0	1	1	3	.	2	3	4	.	.	.	0	.	1	4	2	.	4	4	.	.	4	1	2	.	.	1	2	2	2	.	2	1	3	.	0	2	3	1	.	6	0	2	2	1	.	6	2	3	1	-1	.	0	0	1	4	0	3	6	1	.	5	0	2	2	.	1	.	.	3	3	-2	2	0	1	1	.	0	2	1	0	2	2	2	3	4	-2	2	1	1	2	3	.	2	.	2	2	7	.	.	2	0	2	0	0	1	.	0	.	0	1	3	3	1	0	0	.	1	3	-1	1	.	0	1	-1	1	3	1
43	.	1	3	.	3	3	0	1	1	0	0	0	1	1	1	1	3	2	-3	0	-3	1	1	1	0	1	1	0	0	1	-2	.	-4	.	0	1	1	2	0	.	1	2	.	1	-1	0	.	1	.	2	1	0	.	0	0	0	.	.	1	-1	.	.	.	0	.	-1	0	2	0	2	.	2	1	1	1	1	2	.	2	2	3	2	2	2	3	4	3	1	0	.	2	3	3	4	2	3	0	1	.	.	2	2	0	0	.	2	2	1	1	1	1	.	2	0	1	0	0	0	.	0	3	3	3	.	3	.	2	.	.	1	2	0	1	3	1
44	3	5	6	.	6	10	6	4	.	2	3	.	2	3	5	2	4	.	1	4	5	.	5	6	5	.	8	0	2	.	.	3	5	4	4	6	4	.	5	3	4	9	.	4	5	2	3	3	4	4	.	.	5	8	6	6	7	4	4	.	4	5	6	2	3	.	5	5	.	5	.	8	0	2	2	4	4	6	.	5	6	1	3	.	4	4	.	2	4	5	5	4	7	2	.	7	.	5	.	.	.	6	5	5	10	4	4	7	0	1	.	4	4	6	5	.	.	.	.	.	4	5	8	4	5	.	3	3	7	.	4	.	.	3	5
45	.	3	3	2	4	5	5	2	7	2	3	5	1	.	3	7	4	8	5	.	.	2	.	3	.	3	.	3	2	.	4	4	9	1	2	.	4	2	2	1	3	.	2	3	4	2	.	1	2	2	3	3	3	.	5	2	.	3	3	3	3	2	4	0	.	.	2	1	1	5	4	7	3	3	3	4	3	5	2	3	4	4	.	7	2	3	4	4	3	6	2	3	4	0	.	5	.	.	7	3	3	3	4	5	.	.	2	4	3	2	.	.	3	5	1	1	.	5	2	.	.	3	.	1	.	1	0	2	2	1	1	2	.	4	.
46	6	3	6	0	0	-2	2	.	4	3	2	3	7	2	4	0	0	.	0	2	0	1	0	-1	0	.	3	2	.	.	2	0	.	4	.	5	0	.	2	6	3	3	4	2	3	1	1	.	0	1	2	.	1	3	.	1	.	3	2	.	1	2	1	3	.	.	2	0	1	1	1	0	0	.	1	2	2	4	.	2	2	1	1	1	4	1	2	.	3	7	5	3	3	0	1	0	2	0	1	0	.	-2	2	.	4	.	1	2	0	.	.	.	0	-1	1	1	.	1	0	1	0	0	1	2	1	1	2	.	.	.	1	5	1	0	.
47	.	4	5	.	1	1	.	2	2	-2	0	-1	0	1	0	2	2	4	.	3	1	1	3	4	0	1	-1	-1	.	0	0	1	.	0	2	1	1	2	2	1	2	3	2	0	0	1	2	0	1	1	0	0	2	3	0	3	.	1	1	1	1	2	4	.	0	2	0	1	0	.	2	2	1	2	1	0	3	2	2	4	4	2	2	2	2	3	4	0	.	3	-2	0	-2	0	1	.	3	.	5	.	2	3	1	.	1	2	1	.	4	.	.	.	4	3	0	1	-1	.	2	0	4	.	3	2	2	.	1	1	2	2	.	.	.	0	0
48	0	2	1	.	3	4	1	.	.	-1	.	1	0	3	5	2	3	.	-2	1	-1	0	2	1	2	3	.	1	2	.	0	3	1	-1	1	.	.	2	2	-1	.	.	0	.	1	2	2	3	-2	2	-2	-2	1	1	0	3	.	0	2	3	0	1	-1	1	3	1	-1	3	0	0	2	1	.	2	1	3	3	2	-1	2	.	0	3	3	.	5	7	-2	4	.	2	.	3	0	3	3	1	3	2	2	3	4	3	2	.	.	2	2	2	.	.	0	3	3	0	3	4	.	.	.	.	3	.	0	1	0	0	1	.	2	3	3	1	3	5
49	3	1	.	3	1	6	3	0	.	5	3	8	0	0	2	3	0	4	0	0	3	3	2	7	2	0	5	3	.	5	4	2	7	1	1	4	4	.	.	1	0	2	.	1	6	3	0	6	3	1	3	0	0	5	5	1	5	5	2	.	0	1	0	.	2	11	5	3	.	1	0	2	1	.	2	.	0	1	2	0	4	3	0	.	4	0	5	4	1	3	3	3	.	0	0	0	.	.	2	3	.	5	2	0	1	.	3	7	1	.	5	1	0	.	3	2	6	3	1	5	2	0	4	.	.	4	.	1	.	.	0	1	6	2	10
50	3	0	3	1	1	5	2	0	3	3	0	.	1	0	.	4	.	5	1	0	2	.	0	0	3	.	5	.	.	4	.	2	.	1	.	.	4	1	5	1	1	.	.	1	3	1	1	4	1	0	4	5	1	6	2	0	4	0	0	0	3	1	3	0	.	0	0	-1	0	3	.	3	.	.	7	.	0	2	2	.	2	0	0	0	.	0	0	.	1	3	1	.	.	0	-1	1	0	0	2	3	0	.	1	2	3	3	0	3	3	0	6	3	.	4	4	.	6	1	1	2	0	.	.	.	0	1	.	2	.	1	0	5	-1	1	0
51	.	.	.	2	4	6	0	4	2	.	3	.	2	2	4	1	4	2	4	3	3	4	4	4	0	2	.	2	5	.	1	2	0	-2	.	0	1	3	3	0	4	2	5	6	7	-1	1	-1	.	5	.	3	6	5	.	4	3	2	4	0	1	.	0	2	4	2	1	2	.	3	4	2	1	4	.	.	4	4	.	4	.	.	4	1	1	2	4	3	4	3	3	6	3	2	4	2	0	4	4	2	.	4	1	3	1	4	5	6	.	.	-1	1	5	4	0	3	-1	0	4	3	-1	.	0	0	4	3	0	2	0	.	4	1	0	3	0
52	.	4	.	0	3	2	0	2	2	4	4	.	.	4	3	3	3	.	0	1	1	3	3	4	0	.	1	3	2	.	2	4	.	.	3	2	1	.	.	1	.	.	0	4	.	1	2	.	.	1	0	0	2	3	3	2	3	1	4	6	0	4	.	.	3	1	0	2	-1	1	3	1	3	2	2	0	3	2	.	4	3	3	4	4	.	.	.	0	.	5	2	3	5	.	2	2	0	2	1	0	.	2	0	.	3	0	.	1	2	3	3	0	3	0	0	3	4	0	3	.	0	2	.	2	3	.	0	.	1	0	3	3	0	2	3
53	.	.	.	4	3	4	1	2	3	-1	4	0	0	1	3	4	4	9	1	2	.	0	.	5	1	4	.	.	3	3	0	.	3	0	3	4	0	.	1	1	1	3	0	1	.	.	3	1	.	2	5	.	3	3	0	.	0	.	3	.	1	3	2	2	2	1	1	1	.	.	.	1	2	2	4	.	.	1	0	0	.	0	2	1	3	.	3	0	.	2	1	0	1	-1	.	.	-1	2	3	2	.	3	0	1	1	0	1	-1	0	3	0	3	2	3	3	4	6	5	.	10	3	5	5	2	3	4	4	4	6	2	3	2	1	.	2
54	3	5	6	.	2	3	2	3	-1	6	5	7	3	4	.	4	4	3	2	4	3	5	4	.	.	.	6	.	5	.	2	4	.	6	5	6	6	4	3	4	4	3	3	4	3	2	.	3	.	3	4	4	4	3	6	5	4	.	.	0	5	.	4	4	4	1	6	.	6	2	3	2	4	3	6	1	5	3	3	4	4	3	4	2	.	6	8	3	3	.	2	.	6	7	6	6	4	.	5	5	5	.	6	4	.	5	3	2	4	4	.	.	4	.	.	.	4	4	4	.	.	4	4	7	5	.	.	3	.	3	4	.	4	4	7
55	.	3	4	4	.	3	1	.	.	2	3	1	4	1	.	1	2	2	4	.	2	1	1	2	5	4	6	1	.	1	.	2	2	3	.	.	3	3	2	0	1	.	0	1	.	7	4	5	4	3	5	3	3	5	0	2	.	3	4	3	3	2	4	1	2	2	3	2	3	.	.	.	2	2	.	4	4	.	3	4	5	4	5	4	2	3	1	2	2	3	0	2	0	4	3	4	2	3	6	0	4	1	1	.	0	.	3	3	5	5	7	-1	1	.	1	.	.	.	2	0	0	.	0	2	2	2	3	3	2	2	1	4	0	.	1
56	3	0	1	5	1	7	3	0	4	.	0	1	1	0	.	0	0	1	1	0	0	3	.	4	0	0	2	.	1	0	6	3	.	5	1	6	6	2	7	4	.	6	3	0	.	2	0	3	.	0	2	.	.	4	.	1	.	4	2	.	.	1	6	2	0	3	1	0	2	3	1	6	4	0	2	3	0	.	9	.	.	4	.	7	4	1	6	0	.	3	2	0	4	4	.	5	3	2	5	3	.	3	.	1	.	2	0	4	3	0	.	.	1	2	5	3	4	3	0	1	4	2	8	3	.	1	.	0	0	.	0	5	3	3	5
57	1	2	-1	0	1	2	-4	0	-4	.	2	2	1	.	0	2	1	3	.	.	4	0	2	2	3	3	2	0	1	0	1	2	0	0	0	-1	.	2	2	.	2	4	3	4	.	0	0	.	.	5	.	.	2	1	0	3	2	0	1	1	0	1	.	1	2	1	3	.	1	.	1	3	0	.	2	.	2	0	0	1	2	-1	3	1	1	3	2	2	2	2	0	.	3	2	1	0	0	2	3	.	2	3	-2	.	-1	0	2	4	0	1	0	0	.	0	0	.	0	0	.	0	0	1	0	.	2	0	1	2	.	.	2	2	0	2	-1
58	5	4	5	0	.	-1	3	3	5	5	3	7	2	2	2	5	2	6	4	.	3	2	2	4	4	2	4	1	1	2	.	.	1	3	2	4	2	3	3	4	2	.	5	3	6	4	2	5	.	2	1	4	2	6	1	.	5	.	3	1	5	3	5	4	1	4	2	3	4	2	3	5	3	4	3	0	.	1	1	.	.	4	4	8	3	4	5	1	1	1	0	2	3	.	1	2	.	3	4	4	.	4	4	2	4	1	2	.	6	3	7	.	4	3	1	3	3	3	.	5	3	2	1	1	2	3	3	3	3	1	2	3	1	2	8
59	2	4	7	4	.	.	4	2	3	1	.	.	1	3	3	.	1	3	-1	.	.	3	3	3	.	.	.	2	.	6	3	2	.	.	2	0	.	.	5	2	3	6	0	2	3	3	3	4	0	1	1	2	3	2	.	0	.	2	2	2	5	.	6	4	2	6	-2	2	.	3	2	4	.	2	0	.	2	4	0	1	0	2	2	.	1	1	2	4	1	.	0	3	2	1	.	0	2	2	4	2	3	.	0	.	3	3	.	6	.	.	3	3	4	.	1	.	4	.	1	1	3	3	7	.	4	6	3	.	4	2	2	4	3	4	5
60	.	2	1	2	3	5	4	2	5	3	1	3	1	2	4	1	3	4	2	.	4	0	1	1	2	3	4	0	1	2	3	4	9	0	2	1	.	1	.	0	.	4	.	1	0	1	1	1	0	3	2	0	.	3	4	4	6	-1	1	1	.	1	.	3	3	.	0	.	2	0	.	2	5	.	8	-3	1	-1	.	2	2	0	.	-1	.	2	2	.	.	.	1	3	3	0	1	.	.	2	4	1	2	4	0	1	3	-2	.	2	0	.	.	1	2	3	3	4	.	0	.	3	0	2	0	-1	2	.	0	2	2	.	.	1	4	.	8
61	.	3	6	.	3	2	0	1	-1	0	.	2	3	.	7	.	3	2	2	5	4	0	2	3	0	3	.	3	.	.	2	.	2	1	.	1	3	.	4	3	3	3	0	2	-1	.	5	.	1	4	1	2	.	.	.	3	.	3	.	.	0	2	.	2	.	5	1	1	1	5	.	6	.	.	3	0	2	0	.	3	4	0	3	1	0	1	4	1	4	4	3	4	.	.	3	4	3	4	5	0	2	1	3	4	6	2	3	3	3	.	2	3	.	3	0	3	4	1	4	3	3	4	5	3	.	7	0	.	3	0	2	2	1	4	3
62	.	3	2	2	3	6	3	2	.	3	.	5	-1	0	0	2	.	.	1	.	3	0	0	0	1	1	2	0	.	0	.	2	2	0	.	3	0	0	2	-2	1	.	3	0	3	-1	.	.	.	.	1	1	2	.	.	2	2	0	1	.	1	1	5	0	0	2	2	.	7	.	2	.	1	2	3	0	.	1	-1	.	.	3	2	2	1	2	4	3	.	.	4	2	6	1	.	1	0	1	.	.	2	5	3	3	5	0	.	.	0	1	3	4	3	5	2	3	5	.	.	3	-1	0	1	0	1	0	2	2	.	4	3	6	1	.	2
63	0	2	0	3	2	4	1	.	4	-1	3	4	3	3	.	3	.	6	2	2	5	.	2	6	0	.	.	2	2	5	.	3	2	2	4	.	1	3	4	.	.	5	2	3	4	3	3	4	0	2	4	-2	1	-1	4	.	.	0	.	2	2	2	.	3	.	6	.	1	0	-1	1	0	.	2	.	0	.	1	2	3	5	.	.	.	1	2	4	1	1	0	2	2	3	.	1	4	1	2	3	1	3	4	.	2	4	1	.	2	.	2	3	.	1	.	.	2	4	-1	0	2	3	2	.	2	3	5	0	1	2	2	1	.	1	1	3
64	1	0	0	4	.	3	1	2	.	1	-1	.	4	1	1	1	1	.	3	2	.	0	.	0	.	2	3	3	2	3	-1	0	-2	4	0	2	1	.	.	2	.	1	.	1	.	.	1	2	.	1	5	1	1	1	.	1	1	0	0	0	0	.	3	0	.	0	2	1	2	.	1	-3	.	.	0	-1	0	0	0	0	-2	1	1	0	1	.	3	2	1	6	1	1	0	2	1	1	2	2	1	0	1	0	1	0	.	0	0	0	1	1	2	1	.	3	.	.	2	5	3	3	.	0	2	1	1	0	1	0	0	.	0	1	.	2	.
65	1	0	-2	3	.	.	.	0	0	0	0	0	3	1	4	2	0	.	1	0	-2	0	-1	-3	2	.	0	1	.	.	2	0	-2	1	.	-1	1	1	2	2	0	0	1	.	2	.	3	3	5	0	.	.	1	0	1	0	-3	2	1	2	.	0	-1	3	1	.	4	1	3	.	.	0	2	.	-2	2	0	.	4	0	-1	.	0	-2	2	0	-2	.	.	1	4	1	1	4	1	2	2	0	0	3	1	.	0	.	.	0	0	0	0	0	.	1	1	2	3	1	2	1	-1	-4	3	0	0	0	0	-2	5	.	-1	0	0	.	3	0	0
66	.	5	2	.	2	0	3	.	4	.	3	2	2	.	3	1	2	.	3	4	4	.	4	2	0	3	0	2	4	.	6	6	4	4	.	4	3	3	.	0	4	2	4	3	1	.	3	3	.	5	4	2	.	.	1	4	-2	.	5	5	0	3	0	4	4	3	2	.	5	1	4	6	4	5	5	1	2	0	4	.	3	4	6	4	.	2	3	1	.	3	5	4	6	4	.	5	3	2	.	6	4	6	3	2	0	.	3	-1	4	5	5	.	.	-1	3	3	4	0	2	2	1	2	0	3	.	.	4	4	4	.	4	3	1	2	.
67	1	4	.	1	3	.	0	.	.	3	4	2	.	4	4	0	2	0	2	4	5	1	3	2	1	4	1	3	2	4	2	2	4	.	2	0	.	2	1	4	4	6	0	1	0	1	3	3	.	4	.	-1	2	0	.	4	5	4	.	5	0	2	1	2	2	2	4	4	.	0	.	1	0	3	.	.	3	2	0	3	1	3	3	6	1	4	3	2	.	4	4	3	4	.	3	3	.	4	5	0	.	4	0	2	.	2	4	5	2	3	4	.	3	3	1	.	.	1	3	5	1	3	0	2	2	0	2	4	.	1	3	3	4	3	.
68	0	3	1	0	5	5	-2	2	0	-1	2	.	0	2	1	2	4	6	0	.	.	.	4	2	.	4	4	.	4	1	1	4	3	.	.	.	2	5	3	2	4	4	.	3	.	1	5	2	1	3	2	0	3	1	.	4	2	.	6	7	.	3	.	0	4	4	.	.	0	1	4	.	0	3	1	0	.	5	0	3	0	0	3	4	2	4	4	0	.	1	.	2	3	4	4	5	1	5	6	4	6	6	0	3	0	-1	3	0	1	4	5	1	5	4	2	5	7	1	5	2	0	3	2	4	7	3	1	4	3	1	.	4	0	4	5
69	3	3	4	2	2	3	.	4	3	0	1	1	.	3	6	1	3	2	1	4	.	2	.	4	5	.	8	.	.	4	3	4	6	3	2	4	.	4	9	2	3	5	5	5	.	.	.	4	0	2	1	.	3	3	4	.	5	.	3	3	.	4	6	0	1	3	2	2	.	.	2	1	3	2	5	0	1	2	3	4	7	0	.	.	1	3	4	2	3	7	.	2	4	-2	2	0	.	3	2	.	3	5	2	3	7	.	3	6	4	4	4	0	1	-1	.	3	.	.	3	4	0	.	.	.	.	.	3	5	6	.	2	5	1	.	.
70	6	4	7	6	6	4	5	5	7	.	5	6	6	6	5	.	4	.	6	6	7	6	5	7	3	.	4	4	5	.	5	6	8	5	5	4	1	3	.	3	4	7	6	7	7	.	5	4	4	4	5	5	6	6	5	6	6	5	5	.	7	6	11	5	6	8	7	6	5	6	7	.	2	4	6	5	7	7	4	4	6	.	5	8	4	.	6	2	2	5	4	5	6	.	6	7	4	5	6	2	4	.	8	.	11	3	4	.	.	6	.	2	5	8	5	.	9	.	4	.	1	5	4	4	7	.	7	5	11	.	.	6	3	5	5
71	3	2	.	0	4	1	3	4	2	0	.	1	.	4	2	2	4	.	0	3	0	.	5	2	4	3	.	3	4	4	5	6	.	1	4	0	2	4	2	3	5	3	1	3	0	.	3	0	0	3	0	.	4	3	6	.	5	0	3	0	0	.	.	-3	3	0	0	3	1	0	2	.	1	.	0	6	6	6	-1	2	0	0	4	.	4	5	4	1	3	1	.	3	0	.	3	.	3	5	4	3	2	2	.	2	0	0	.	3	0	2	.	.	3	0	4	.	4	3	.	1	-2	2	-1	3	4	2	-2	2	-1	.	4	1	.	3	2
72	-2	-1	-4	0	1	0	0	0	2	.	0	-3	2	.	1	-1	-2	0	0	0	0	1	0	.	-2	-1	.	.	.	.	4	1	2	-2	0	0	0	0	1	-1	-1	-3	2	0	1	.	1	4	.	0	0	-2	-1	-5	-1	.	-1	0	0	0	2	0	-2	0	-1	.	.	0	-2	.	.	0	0	0	-1	3	0	.	.	0	-4	0	1	2	.	-2	-5	-2	-1	.	0	.	3	1	1	1	-3	.	.	-5	0	-2	1	0	1	0	-1	.	0	.	-1	-1	-1	-3	-2	.	-3	0	0	-1	-2	-1	-4	.	0	2	0	0	0	.	.	.	.	.	1
73	8	4	6	4	2	5	5	2	6	6	3	7	3	1	.	2	2	2	6	2	6	2	0	0	4	2	.	1	2	3	2	1	6	0	.	0	2	0	3	5	3	8	4	2	2	.	1	4	2	0	2	3	1	2	3	0	4	5	3	5	4	1	.	3	0	.	2	3	6	.	2	2	4	2	4	4	1	.	3	2	6	2	2	2	4	3	6	3	1	3	2	.	5	1	1	0	5	.	3	6	2	6	.	1	7	5	1	8	0	0	.	4	.	4	2	1	7	5	2	7	2	1	4	3	1	5	.	2	.	.	3	6	.	1	2
74	.	.	2	0	1	.	.	3	9	-1	.	2	.	.	1	0	2	1	.	.	0	2	1	0	.	2	.	0	3	0	0	1	1	.	0	-1	0	1	.	-1	2	.	0	2	0	.	2	4	2	1	3	0	2	0	1	2	.	0	0	-1	-1	1	0	2	2	0	.	2	1	0	0	1	-2	0	-2	0	0	0	0	.	.	1	1	0	-1	0	-1	.	.	2	0	1	0	-1	1	0	0	1	2	.	.	.	-2	1	0	.	.	0	0	1	1	2	2	2	.	1	0	-1	0	.	0	.	1	1	1	0	-1	0	1	1	2	.	3	3	6
75	.	.	2	1	0	1	2	2	4	5	.	4	.	1	2	2	1	1	3	1	.	1	1	.	.	1	.	2	2	.	2	2	0	0	2	0	1	0	1	.	1	3	2	2	3	0	.	1	.	1	.	2	.	0	0	1	1	3	.	5	1	0	0	1	2	2	0	0	0	0	.	0	4	1	5	1	0	0	3	2	3	1	2	.	.	0	0	.	2	.	2	.	.	1	2	0	0	1	0	1	1	0	.	0	1	.	1	.	-2	0	-3	0	0	1	2	.	3	2	2	4	3	2	3	.	0	1	2	.	2	3	3	5	4	2	2
76	.	4	.	.	5	.	3	.	.	5	.	.	2	4	0	2	3	3	2	2	3	2	3	.	5	.	4	2	4	.	.	3	.	2	3	4	0	2	0	2	3	.	.	.	1	3	4	.	4	2	3	2	3	5	4	3	6	1	.	2	5	3	6	3	2	6	2	3	0	3	.	.	2	.	2	2	3	3	1	4	4	4	.	3	-1	3	0	1	2	0	2	4	0	1	2	.	4	5	6	4	.	2	4	3	3	2	4	6	2	3	4	.	4	6	3	3	.	3	4	5	1	1	0	.	4	0	0	.	2	3	.	2	2	3	.
77	.	4	1	.	3	.	0	.	2	3	4	3	1	2	.	.	3	1	.	3	.	.	3	.	1	4	3	.	3	0	0	.	1	.	2	1	.	5	2	2	4	1	2	.	2	-1	3	0	.	4	3	2	3	.	0	3	0	-1	2	.	1	.	.	5	.	4	2	3	2	0	3	.	.	4	3	1	.	.	0	4	0	2	4	2	2	4	0	.	3	2	2	3	2	1	3	3	.	4	.	4	.	.	2	.	2	0	2	2	2	.	3	0	4	1	-1	3	0	2	.	1	.	2	2	.	6	6	1	3	0	-2	2	-4	2	5	.
78	1	0	0	0	0	0	0	.	1	0	.	1	.	0	0	-1	0	.	.	.	3	-2	0	.	-2	0	-4	.	1	3	0	0	0	4	1	.	2	1	0	0	0	-1	-2	0	-1	.	3	2	-2	0	1	2	0	2	.	2	.	.	0	-1	2	2	1	0	0	-2	-1	0	.	0	0	.	2	2	4	3	2	0	3	1	3	1	.	.	-2	1	-2	4	1	1	-2	-1	-2	.	0	-3	0	1	1	-1	0	0	3	2	0	2	1	3	1	0	2	1	0	.	0	.	2	1	1	.	.	1	.	.	.	0	.	1	1	0	.	.	1	1	0
79	0	1	-2	1	2	2	0	0	0	3	2	0	.	2	1	2	4	5	2	2	0	.	3	4	0	2	0	.	2	1	.	.	.	1	3	2	4	4	4	1	2	1	0	.	0	2	2	2	4	.	4	0	.	0	0	2	0	2	2	3	4	.	.	0	1	0	0	1	0	2	3	3	5	3	6	1	4	.	4	2	.	0	1	.	1	3	3	3	3	.	3	4	4	3	4	3	.	3	0	.	2	3	2	1	1	.	.	.	0	.	2	2	2	3	.	3	2	.	.	.	.	3	0	2	3	3	4	.	4	6	6	7	.	.	1
80	5	2	4	4	3	.	.	2	3	-1	0	.	.	1	0	.	.	0	0	1	0	.	1	3	1	2	1	2	5	4	1	0	0	0	.	3	0	0	1	3	.	1	2	1	1	1	1	2	1	1	3	.	.	1	3	2	.	3	3	.	5	3	8	2	2	1	4	4	7	.	1	.	0	2	-1	0	1	.	1	.	.	.	2	5	.	2	.	4	1	3	.	2	.	0	0	1	1	1	2	1	2	0	0	1	2	.	2	3	.	.	2	4	2	2	1	3	6	3	3	4	-1	1	-2	4	.	2	2	.	.	0	.	1	0	1	-2
81	.	2	.	0	1	1	1	.	5	1	2	2	5	.	10	0	0	4	0	1	1	-1	1	0	0	.	2	2	.	6	0	1	2	1	.	4	-1	2	1	1	.	4	0	3	4	0	.	.	-1	2	2	0	.	2	2	.	3	0	2	2	2	.	2	2	3	6	2	2	.	.	1	4	.	1	5	1	2	4	2	2	5	1	.	5	.	2	4	.	.	3	0	3	2	.	2	.	0	2	4	1	2	2	0	.	3	0	1	.	.	2	3	-1	0	1	3	.	6	-1	.	2	2	4	5	0	2	1	-1	1	0	.	.	.	0	4	2
82	0	0	0	3	5	6	-1	0	0	3	3	4	0	.	1	3	.	3	3	3	.	.	1	3	2	2	.	1	2	3	2	2	5	2	3	3	.	1	0	2	2	.	0	1	0	3	3	6	4	5	8	2	2	1	2	2	2	1	2	2	4	3	4	.	3	4	.	4	5	4	5	.	4	.	4	5	3	5	0	.	0	1	3	4	.	3	.	2	2	.	0	3	1	4	2	5	1	2	2	2	.	1	4	3	3	2	3	6	5	2	6	1	3	3	.	3	1	0	.	-1	3	2	2	1	2	0	3	2	.	5	4	7	3	2	2
83	2	2	0	4	5	4	3	.	2	1	3	4	0	2	1	0	3	2	.	2	.	2	3	3	1	3	1	0	3	1	1	4	3	0	3	0	3	4	5	1	3	0	2	5	2	2	4	5	.	.	.	0	3	2	3	.	2	.	1	.	.	2	1	1	5	.	2	3	2	0	2	1	4	4	1	1	2	1	.	.	2	1	3	2	.	.	4	0	2	-1	2	2	3	.	2	0	2	4	2	1	3	-1	3	4	3	6	6	6	2	4	6	3	5	2	1	2	2	2	4	0	1	2	0	.	3	0	2	2	3	0	.	1	.	.	.
84	1	.	2	.	2	5	5	5	5	4	4	3	.	3	6	1	3	3	4	3	2	6	.	7	4	2	7	0	2	2	5	.	4	0	2	1	1	1	0	3	2	7	.	3	4	.	3	3	.	4	3	1	2	1	0	.	3	2	3	3	.	3	.	.	3	.	1	4	3	2	1	0	.	3	3	1	.	3	3	.	6	1	3	0	0	.	1	3	4	5	2	3	.	4	.	0	2	.	3	1	3	.	0	2	.	4	4	.	.	3	2	-1	0	-1	1	3	4	6	4	3	0	2	0	4	4	6	0	3	.	3	.	4	5	5	.
85	2	3	5	3	.	2	-1	2	0	.	1	0	2	.	4	2	2	0	1	.	2	3	2	5	3	2	0	1	4	2	1	3	2	0	1	-1	-3	.	0	.	1	1	0	2	.	0	1	.	.	2	-1	.	4	5	.	3	1	4	1	.	3	.	2	3	.	4	.	1	0	.	4	4	0	.	0	.	.	0	0	.	4	2	4	2	.	3	.	3	4	6	0	3	0	0	2	1	0	2	0	0	3	4	0	3	.	1	3	.	4	5	.	0	1	0	.	2	5	1	4	0	2	.	3	.	2	0	2	.	.	2	3	7	2	3	.
86	0	4	0	1	.	1	5	4	.	1	2	4	1	4	.	6	.	6	0	3	0	.	4	.	2	2	2	1	3	2	.	3	5	.	3	5	6	6	9	.	.	5	3	.	2	2	.	2	0	5	4	0	.	.	2	3	2	7	4	5	1	4	3	.	3	2	2	.	.	2	2	3	1	3	3	0	.	1	3	4	3	2	3	4	.	5	.	2	4	5	2	.	3	3	5	.	4	5	4	0	1	0	2	5	3	.	.	1	1	3	0	.	3	.	4	3	4	3	3	.	3	1	2	4	.	5	3	5	6	1	1	0	2	4	1
87	2	3	0	5	6	.	2	.	4	5	4	.	3	4	6	2	4	3	.	3	5	2	2	.	0	2	0	0	4	.	4	5	.	.	3	4	.	3	1	.	5	7	3	4	2	3	.	7	.	3	3	3	.	6	.	.	5	3	4	2	2	4	2	.	.	5	3	.	.	3	4	5	3	5	.	0	.	0	1	4	3	5	4	4	.	.	5	3	3	5	5	5	7	6	4	9	3	.	.	2	2	.	1	4	.	0	3	2	2	4	4	.	5	4	0	3	3	4	.	5	.	3	3	4	3	6	3	4	.	3	3	4	1	3	2
88	2	.	.	5	.	6	2	0	.	0	1	3	0	.	2	3	.	4	3	2	.	4	2	3	.	2	2	3	1	0	4	3	4	5	4	.	2	0	3	3	3	4	4	4	6	3	1	3	4	1	4	5	1	6	.	1	1	3	2	4	4	0	1	2	0	3	3	1	5	.	3	3	7	3	6	-1	0	0	4	2	.	3	1	2	.	2	2	2	0	2	3	2	3	4	4	6	5	2	6	.	.	1	6	2	8	4	2	0	5	2	3	.	.	3	2	1	5	3	.	2	1	1	1	.	.	5	.	3	5	.	.	6	4	3	7
89	0	2	2	1	3	6	0	3	1	.	4	2	0	3	0	0	4	0	.	3	2	3	4	4	2	4	3	3	4	.	2	2	.	0	3	0	2	5	6	0	.	0	2	3	1	1	4	2	1	2	.	0	.	-1	1	3	3	.	5	4	1	2	1	0	.	2	0	3	.	3	4	4	.	2	1	0	2	0	0	3	1	0	.	.	.	.	1	2	4	2	3	4	.	2	4	4	1	3	.	2	3	5	.	1	-4	3	3	.	3	3	4	0	3	.	2	.	3	-1	2	0	0	.	1	1	3	1	0	2	0	3	4	3	0	4	1
90	1	3	2	2	1	0	3	.	6	1	2	0	.	2	-1	1	2	1	6	3	5	.	3	3	1	4	.	4	1	2	.	3	5	6	2	.	4	4	6	.	4	6	2	2	1	2	3	2	5	4	.	4	3	3	.	3	3	3	3	5	3	3	3	1	2	4	4	3	.	-1	1	-1	4	3	2	.	4	.	4	2	4	.	4	4	0	3	1	.	2	2	1	2	2	5	2	2	0	2	1	3	2	.	.	2	2	2	2	1	4	5	.	2	2	3	2	.	1	4	2	4	3	2	3	4	2	6	.	4	5	4	.	2	1	3	2
91	3	3	4	.	2	2	2	3	6	5	4	6	.	2	2	0	.	1	2	.	0	.	2	2	6	4	6	3	4	5	.	3	7	.	4	6	.	1	2	.	3	6	3	3	1	4	2	4	2	1	2	4	2	2	3	1	3	.	3	.	5	4	6	4	1	3	4	3	6	7	4	7	4	.	5	2	3	2	.	3	.	2	.	4	3	3	4	.	3	.	0	2	0	5	3	4	1	2	.	.	2	0	.	3	6	4	3	.	4	.	4	.	3	.	2	1	4	3	2	2	5	3	3	.	5	8	4	5	5	.	.	3	5	3	5
92	.	5	7	1	2	0	.	4	7	4	4	.	3	3	2	5	6	.	.	3	2	.	.	4	3	.	3	4	4	3	1	2	1	2	.	4	1	.	4	3	2	3	1	.	1	.	2	1	2	.	.	4	6	6	5	4	5	.	4	.	.	.	8	7	5	7	.	4	5	.	3	0	4	.	6	.	.	6	3	4	5	3	3	8	.	4	4	2	4	3	4	4	6	2	4	5	.	4	4	2	4	3	2	2	1	5	5	.	4	3	.	3	4	1	3	6	5	.	2	2	2	4	.	5	5	6	5	6	5	.	5	.	3	4	.
93	2	2	.	4	2	.	0	2	.	.	4	4	2	.	0	4	.	5	1	3	4	0	3	-1	2	2	3	.	2	4	.	.	7	0	.	-1	1	3	4	0	4	.	6	5	5	0	4	2	3	5	7	1	3	1	3	3	2	5	4	6	1	2	-1	6	.	.	5	4	3	4	6	6	0	1	0	.	5	3	0	3	0	2	.	6	3	.	4	1	4	2	4	3	3	0	3	1	3	.	4	6	5	6	.	3	2	0	2	3	3	4	7	3	4	5	1	4	4	3	2	2	1	2	3	3	3	.	.	3	.	6	4	9	.	4	2
94	-1	0	-4	.	0	3	-1	0	0	1	2	4	-1	0	.	3	1	0	0	.	1	0	1	2	-3	0	-2	-2	0	.	0	0	.	4	2	4	0	0	1	2	1	3	0	2	2	0	1	0	2	0	.	-1	.	0	3	.	2	2	.	3	1	0	2	3	0	3	0	0	2	.	0	0	0	1	0	0	0	0	2	0	5	1	.	2	2	0	0	-2	0	.	0	.	2	-1	0	0	1	0	-1	.	.	4	0	.	.	0	1	0	0	0	.	.	0	.	0	0	0	1	0	2	-3	0	.	3	2	3	0	1	.	.	.	2	0	.	0
95	5	2	2	7	.	5	5	3	4	6	3	3	3	2	3	4	1	2	4	0	.	3	1	.	5	3	6	7	.	8	5	4	5	6	3	.	5	2	.	6	2	3	4	4	3	6	1	2	4	3	.	1	1	0	8	.	.	2	2	2	2	1	0	5	2	5	3	3	.	5	3	.	6	1	.	.	.	1	5	2	6	6	4	6	2	.	1	5	.	.	.	2	1	.	3	.	5	5	4	5	.	4	8	4	7	.	.	4	8	3	.	4	2	3	.	2	.	4	3	2	.	2	4	5	.	4	3	2	3	4	3	.	3	1	.
96	1	1	.	1	0	4	3	0	5	1	0	5	2	0	.	3	0	4	2	1	6	.	0	4	0	0	3	3	.	5	.	0	2	3	.	3	1	0	4	0	0	1	2	0	1	2	0	4	.	0	3	5	3	7	0	.	3	3	0	4	3	0	2	3	0	3	3	1	2	4	0	2	1	1	.	3	0	2	1	3	4	.	.	.	1	0	4	0	1	3	1	.	1	4	0	6	2	1	2	.	0	2	0	0	2	2	0	.	.	0	5	0	1	.	-1	-1	2	0	0	.	0	.	0	.	0	.	.	0	2	0	0	2	2	0	3
97	7	5	6	.	3	.	5	5	4	.	6	8	3	.	.	7	4	5	.	.	6	.	4	5	5	5	.	6	4	6	5	5	4	.	3	4	3	3	2	5	2	2	7	4	6	.	5	9	6	6	.	5	2	.	6	.	8	.	4	.	7	4	.	4	4	4	6	6	9	6	.	.	7	5	7	2	.	.	6	5	4	4	5	7	6	.	1	3	5	5	4	4	6	4	.	6	7	6	.	4	4	.	4	4	6	5	4	4	9	6	7	7	5	.	6	5	7	5	3	.	8	.	.	4	4	7	4	4	5	6	5	9	4	3	7
98	1	.	5	2	3	4	1	4	3	5	5	.	1	3	4	3	4	8	2	2	4	4	4	8	4	5	5	1	4	3	3	4	6	2	.	3	.	4	.	3	4	6	4	4	7	4	3	.	3	.	6	3	.	6	1	2	1	2	3	.	.	4	3	4	4	7	2	.	0	1	2	1	2	3	5	5	5	7	.	.	6	6	.	6	4	5	6	.	2	3	2	4	4	3	2	.	4	.	.	5	4	6	.	.	4	3	4	.	2	4	.	3	5	7	0	3	3	0	3	2	.	3	5	2	3	5	0	2	1	3	3	3	4	6	11
99	0	0	0	2	.	.	0	2	1	.	3	3	0	2	0	1	2	1	1	.	1	-1	1	.	1	2	3	2	3	3	3	2	.	3	.	5	0	3	3	.	3	3	0	1	2	0	3	0	0	2	-2	.	4	6	1	2	.	2	4	.	4	.	4	1	1	1	.	1	3	.	2	.	1	3	.	-1	1	2	.	2	.	1	.	5	2	3	3	0	2	2	1	1	.	1	2	3	1	1	2	2	2	4	0	2	.	.	1	2	7	3	.	0	2	1	1	3	3	2	3	2	1	3	0	1	2	1	.	1	0	.	2	0	.	1	4
100	3	2	2	.	2	1	3	3	2	.	.	0	2	1	2	1	2	0	3	4	-2	1	1	.	2	3	1	1	1	.	3	.	3	2	3	0	2	.	1	2	1	0	.	0	.	-1	.	1	1	2	0	3	.	2	3	2	4	.	2	0	.	.	4	4	2	4	0	1	.	0	1	.	0	.	1	1	1	.	0	0	.	.	2	0	5	.	4	1	0	0	0	.	.	0	.	1	1	1	-2	.	.	1	2	2	1	1	1	-1	.	1	.	0	3	1	2	2	1	-1	.	0	2	0	.	1	2	2	3	4	.	0	1	.	0	0	.
101	.	0	1	1	1	4	1	0	.	0	.	.	0	0	.	4	.	5	-1	0	0	2	2	.	1	2	3	2	0	.	.	2	6	-4	.	.	0	0	-1	2	.	5	.	0	.	0	2	0	0	1	3	1	2	2	0	2	2	.	.	0	-1	0	0	1	0	1	.	1	3	-1	0	.	.	0	0	.	0	-2	2	0	2	.	2	0	5	3	8	2	3	3	0	1	0	.	1	0	-2	0	0	0	0	0	-2	0	.	.	0	.	-3	0	-4	.	0	-1	3	0	2	1	1	2	1	2	3	0	1	.	2	1	5	2	1	1	0	1	.
102	1	2	3	.	.	.	0	1	3	.	.	3	0	2	1	6	.	5	.	.	2	1	.	2	0	.	.	2	2	3	2	1	.	.	2	3	1	2	3	0	1	0	2	1	3	0	.	0	2	2	.	4	3	5	0	0	1	0	1	1	.	0	2	.	0	-2	3	2	0	.	2	2	0	0	1	0	1	0	1	1	.	0	2	3	1	1	1	1	2	4	0	1	0	4	.	.	2	2	1	0	0	0	0	0	0	1	1	4	.	.	1	3	1	2	1	1	4	.	.	3	0	0	-2	2	.	.	.	0	1	.	0	.	0	0	1
103	.	2	-1	1	5	4	.	3	3	.	5	4	1	4	3	0	4	.	5	3	4	3	1	3	3	4	.	0	2	0	0	2	1	1	3	3	2	4	4	1	.	0	0	2	.	0	4	3	2	2	2	.	.	1	2	.	2	2	2	4	-1	.	1	0	2	2	3	5	4	-1	2	-2	3	.	5	0	.	0	.	2	0	0	3	4	3	.	.	-1	2	0	.	2	0	2	4	1	3	4	4	0	.	1	.	3	4	3	.	6	-1	2	.	1	.	3	-1	3	.	0	2	.	5	.	6	1	3	3	2	4	4	.	3	-1	.	.	.
104	.	2	.	.	2	3	2	4	1	.	2	0	4	.	3	3	5	5	0	.	1	2	2	.	3	3	5	0	1	1	1	2	2	5	3	.	0	2	.	2	4	5	0	2	.	0	1	0	0	3	2	0	2	1	3	4	2	-1	1	1	.	1	0	2	3	3	0	3	5	1	.	1	-2	2	3	0	1	.	0	1	-1	-1	1	0	2	.	4	0	1	-1	0	3	.	0	2	0	.	1	1	1	3	2	0	2	3	1	3	4	2	4	.	2	4	6	.	4	7	3	2	4	3	2	.	0	2	.	.	2	2	0	.	0	0	.	2
105	-1	0	-3	0	.	-3	0	1	.	0	0	.	0	0	2	0	0	1	1	1	1	1	0	.	0	1	0	-1	0	-3	-1	0	1	.	.	0	1	0	.	1	.	5	1	0	3	0	0	.	1	2	3	1	0	1	-1	.	-2	0	0	-1	-1	.	.	0	.	-2	-1	.	-2	2	1	2	-1	0	0	2	0	1	3	2	6	.	0	.	0	0	-1	1	.	1	2	-1	1	0	0	.	0	0	.	.	0	.	0	0	-1	1	0	.	1	0	1	2	1	3	0	0	2	2	0	3	1	0	.	1	0	3	0	0	-1	0	0	.	.	0	0
106	0	1	1	0	0	1	2	1	1	.	0	0	4	2	3	3	2	4	.	1	1	2	.	2	0	0	.	3	3	5	2	3	.	2	3	8	1	.	2	5	.	7	2	3	2	1	1	.	2	4	2	0	1	2	1	1	2	2	1	4	1	1	5	4	2	.	.	2	3	1	1	3	.	4	2	5	4	5	2	2	.	0	2	2	4	3	.	2	.	.	2	.	3	0	0	0	.	0	0	3	2	3	.	2	0	.	5	13	1	2	4	3	3	2	0	0	0	.	5	5	.	3	7	0	.	3	2	3	.	0	1	.	0	1	0
107	-1	0	-2	0	.	1	2	2	4	.	0	1	.	1	0	-2	1	1	1	1	3	-3	0	0	-1	.	2	0	1	0	0	0	3	3	1	3	0	0	-1	0	.	3	-4	0	.	1	1	3	0	0	1	.	.	3	1	.	3	0	0	0	.	.	.	-2	0	0	-2	0	-2	1	2	7	0	0	4	0	1	3	.	1	3	.	.	2	.	2	3	2	.	4	-2	0	0	-2	.	0	-1	0	.	0	0	3	-3	0	.	0	1	2	-1	0	0	0	1	2	-3	.	0	1	1	2	0	.	1	.	0	.	1	.	.	-1	0	0	-3	.	1
108	.	.	1	0	-1	0	0	-1	.	0	-1	1	-2	-1	-3	0	-1	0	0	-1	0	-1	.	-3	2	0	1	.	0	.	1	0	2	0	-1	0	1	.	0	-1	-1	-1	-2	0	0	-1	-2	-3	2	0	1	-1	.	-4	0	.	1	.	.	-3	-1	-2	.	.	1	1	1	0	.	.	-1	0	.	-1	0	0	-1	.	2	0	3	-1	0	0	1	.	.	-5	-2	-4	0	0	2	1	0	1	-1	-1	0	.	0	-1	0	0	0	0	-1	0	2	0	1	0	0	-2	.	0	.	-1	.	0	-1	.	-1	2	0	4	0	.	0	.	.	1	.	-2	-1
109	3	1	2	0	3	2	4	2	5	2	.	5	4	2	3	0	0	0	2	3	4	3	3	.	-2	1	-2	.	3	5	1	.	4	3	2	2	5	4	5	3	.	4	2	1	1	3	3	3	3	2	.	.	1	3	-1	.	-2	.	2	3	3	2	.	4	4	2	5	2	4	2	1	.	4	3	7	2	1	1	2	.	1	0	1	0	1	2	2	1	0	0	-2	0	0	3	.	4	3	2	.	2	3	0	4	3	.	0	1	3	3	.	2	2	3	4	.	2	.	0	.	1	1	1	1	2	0	3	.	0	.	0	0	1	4	.	4
110	5	.	.	.	.	4	2	2	3	5	3	7	4	3	4	3	3	6	.	4	6	3	2	5	5	3	.	2	3	1	.	2	1	5	3	4	5	.	8	4	.	.	.	3	.	3	.	6	3	2	4	2	1	4	3	2	3	4	3	5	0	.	2	7	.	7	4	2	4	6	4	3	7	4	6	4	4	9	6	4	.	4	.	5	6	.	6	.	.	1	4	3	3	7	5	8	7	5	9	5	2	6	6	3	.	.	.	.	2	1	2	4	4	4	.	3	.	.	3	.	2	2	.	3	2	.	4	3	5	6	3	8	5	.	5
111	3	2	5	.	2	2	.	2	4	3	2	2	2	2	5	3	1	4	1	.	3	.	2	4	2	2	2	0	1	.	0	0	.	.	.	3	0	0	0	0	1	-2	2	2	2	3	.	4	5	3	4	3	2	2	2	2	.	2	.	3	1	3	3	2	2	3	.	0	1	.	.	2	4	.	6	0	0	0	0	0	-2	4	2	3	3	.	2	1	1	2	2	2	2	5	.	5	3	.	1	.	2	0	.	1	5	1	1	2	0	.	-1	.	1	0	3	2	3	0	1	2	1	.	1	3	4	4	.	2	2	2	1	0	.	2	3
112	1	2	5	2	.	4	2	2	.	3	2	0	4	4	5	5	3	5	2	2	3	7	4	5	.	5	5	4	.	5	3	2	.	1	3	4	4	3	6	5	5	5	2	3	2	3	.	7	3	3	5	2	.	3	5	.	5	4	4	2	3	3	4	5	4	7	0	1	-1	2	1	.	4	.	.	4	4	4	4	3	4	4	5	5	.	3	-1	5	4	6	.	2	0	2	5	5	.	1	5	.	4	2	3	2	3	2	2	2	0	2	2	2	2	.	.	.	2	4	.	2	4	3	5	1	2	1	2	4	.	1	0	3	.	.	5
113	0	2	2	0	1	0	-1	1	.	-1	1	0	-2	.	0	-1	.	.	-1	.	.	-2	.	.	-4	0	-3	0	1	0	.	2	3	.	0	-3	1	3	2	-2	3	.	-2	0	0	.	0	-2	.	1	0	0	1	0	-1	1	-2	-1	.	0	.	3	5	0	2	2	1	4	1	0	0	0	-1	1	0	-3	1	-2	0	1	4	-1	1	1	1	3	.	-1	0	0	.	2	2	-2	2	0	0	1	1	-1	1	.	-2	1	-2	-1	2	0	-2	1	0	-1	2	0	-1	.	0	1	.	1	0	1	4	.	3	0	0	2	-1	.	1	-1	-1	2	2
114	2	3	5	0	1	2	4	3	3	0	1	5	0	.	3	.	1	1	2	3	5	2	.	5	.	2	2	0	.	-1	.	.	5	0	2	0	.	1	.	2	2	1	.	1	-2	.	3	.	0	.	.	0	2	2	4	2	6	.	2	5	1	3	0	2	3	1	0	2	.	1	1	4	2	1	2	1	.	2	2	4	.	1	2	3	2	2	2	.	3	2	0	1	1	2	3	4	1	1	2	3	3	3	4	5	6	2	1	1	1	.	5	.	4	6	2	4	4	-1	2	0	1	1	0	2	.	3	1	3	4	0	2	0	0	0	0
115	.	1	3	5	4	5	.	3	9	4	4	5	0	0	1	2	2	2	2	1	2	4	2	4	.	3	7	3	5	6	2	2	3	1	.	.	5	.	7	2	4	4	4	3	7	4	2	5	3	1	5	3	.	2	2	2	.	.	.	1	3	2	3	2	2	3	1	1	.	.	2	2	-1	.	2	0	1	.	.	1	7	2	3	4	.	1	7	0	1	4	2	3	5	3	.	2	1	2	1	3	2	3	3	4	.	2	.	4	.	.	6	6	3	8	2	2	6	1	.	5	2	2	.	.	3	6	0	0	2	.	.	.	4	3	6
116	4	2	7	4	3	5	0	0	0	3	3	.	.	2	1	4	1	5	1	.	1	3	1	4	.	3	7	3	2	.	4	2	1	3	1	8	.	1	2	.	2	4	.	1	4	5	3	6	.	1	2	.	2	4	.	2	6	.	5	10	4	3	7	0	.	0	2	1	.	4	3	3	2	3	6	.	0	3	3	.	.	.	1	3	3	1	4	4	1	3	3	2	.	1	3	4	5	1	8	2	.	3	1	1	.	4	2	6	.	2	2	3	.	1	3	3	2	3	1	5	4	3	8	2	2	0	3	1	1	1	2	.	2	1	4
117	6	3	.	0	2	2	2	.	.	.	4	2	0	2	1	2	4	6	.	3	5	0	1	1	0	.	4	.	1	4	0	2	4	0	2	.	4	4	4	2	1	.	3	2	6	2	2	3	.	.	.	1	2	.	0	2	3	.	2	3	4	4	4	0	0	3	3	.	6	1	.	2	1	2	.	1	1	2	2	.	4	3	3	8	2	.	1	.	0	3	2	.	5	2	3	4	.	0	2	5	3	6	.	1	1	.	3	.	2	3	3	0	2	.	3	4	.	1	2	2	0	1	1	1	3	4	4	.	6	3	3	7	0	0	2
118	1	3	2	-1	2	2	-2	.	1	1	1	1	0	0	.	0	.	.	1	2	1	0	3	.	0	2	3	.	2	3	-3	1	-2	.	2	1	.	1	3	3	.	0	.	1	0	0	.	.	2	2	3	1	1	2	2	3	.	-2	0	-5	2	3	.	-3	0	-3	1	3	.	.	1	3	.	1	.	0	3	1	.	3	3	.	1	3	1	.	2	3	.	3	.	.	2	-3	.	0	1	3	.	-1	1	1	2	1	.	0	0	0	1	1	1	-1	0	0	-2	2	0	-3	.	.	0	1	1	-1	.	.	1	2	2	-1	1	.	-1	1	2
119	.	0	3	0	0	3	.	.	2	1	0	0	3	0	0	3	.	0	2	0	0	4	.	1	0	.	0	0	0	.	-2	.	-1	0	0	-1	0	0	0	0	0	1	0	0	0	3	0	3	.	0	.	.	0	0	-1	.	.	1	0	-1	5	1	4	1	0	.	.	-1	0	0	0	0	0	0	.	0	-2	.	3	1	5	.	1	1	3	.	4	3	0	2	.	2	6	0	0	0	.	2	5	1	0	1	5	.	.	0	0	-2	5	.	6	1	0	3	1	1	.	0	0	0	0	0	-2	.	0	-1	-1	-1	-1	1	1	.	3	1	3
120	2	2	4	0	0	-4	1	1	.	5	2	6	.	1	2	5	1	6	3	1	6	-3	0	-3	0	1	1	2	1	2	-2	0	.	.	.	1	1	0	1	0	.	1	2	2	.	1	1	0	.	0	0	.	0	-1	.	1	3	1	0	.	2	0	0	3	1	2	0	.	-2	.	0	.	0	0	0	.	1	3	1	2	0	0	0	-1	0	.	.	.	.	5	0	0	1	0	0	.	2	1	.	2	1	.	1	0	3	.	3	.	1	1	3	1	0	0	0	0	0	2	2	2	2	.	3	4	1	1	2	2	3	4	2	1	2	.	3
121	3	4	5	.	3	2	0	2	0	1	.	1	0	3	0	2	3	1	4	3	.	0	3	0	1	4	2	1	1	-2	0	.	2	4	4	.	1	3	0	.	3	1	.	2	2	0	2	1	4	4	.	1	3	1	3	3	3	2	.	3	.	4	1	0	1	0	0	2	.	2	3	1	1	3	2	5	.	3	.	3	1	3	4	.	.	.	2	1	2	0	5	4	.	.	.	.	3	3	4	-1	1	0	2	4	4	.	4	7	3	3	2	0	2	.	4	2	.	1	.	.	5	.	6	3	3	4	.	1	2	5	5	5	5	4	3
122	1	2	.	1	0	0	3	1	0	2	2	.	0	1	0	2	.	1	2	.	1	.	0	.	2	0	1	0	1	-1	2	1	1	0	0	-1	.	1	2	2	.	.	5	3	.	.	0	-1	.	2	0	.	1	-1	3	.	1	0	0	0	.	.	1	0	0	-2	0	.	0	3	.	2	-4	-1	-5	0	0	1	.	1	1	.	.	1	3	2	1	-1	.	-2	3	1	2	3	2	3	.	2	1	0	0	0	5	2	5	2	.	1	4	.	3	.	0	0	1	.	-1	0	1	0	-2	0	-2	2	0	1	.	.	0	.	1	1	4	2	.
123	1	.	.	0	.	.	1	.	2	4	3	.	0	.	0	-2	-1	0	1	2	4	1	1	2	2	2	6	1	1	.	1	1	1	-1	1	.	.	1	0	-1	.	.	4	.	.	-1	0	0	1	1	2	.	2	5	0	1	1	.	1	2	-1	2	1	2	1	2	.	2	2	.	1	3	.	0	4	0	.	1	0	0	-1	1	1	3	.	1	3	-1	1	0	0	1	0	2	0	4	0	0	2	.	.	4	0	0	0	-2	0	0	0	2	3	.	0	.	0	.	-1	1	.	2	1	.	3	0	0	2	0	2	2	0	.	5	4	2	6
124	5	4	5	0	0	0	0	0	0	0	0	0	.	2	3	2	2	3	.	.	2	2	.	2	.	.	3	.	0	1	0	0	.	1	.	.	0	1	0	1	.	0	.	.	0	.	2	2	4	2	.	0	.	-1	4	3	.	4	2	1	3	2	3	2	1	0	1	.	.	0	1	.	1	1	0	3	1	0	6	2	1	.	.	0	0	0	-1	0	0	-1	2	3	.	2	1	2	.	1	1	.	2	3	0	0	0	1	1	.	2	2	2	0	.	-2	1	.	0	0	0	0	1	1	0	4	3	4	.	3	4	3	2	.	2	1	0
125	5	4	8	2	5	4	1	.	1	-1	4	-1	2	4	7	.	4	.	3	5	7	4	.	.	3	4	3	1	5	3	3	5	6	4	5	.	4	6	.	3	.	5	.	4	1	.	5	3	3	.	4	.	6	.	.	4	5	.	5	3	2	4	2	6	.	4	1	5	3	4	.	9	3	4	5	1	3	.	3	.	4	6	.	6	.	4	5	2	.	.	2	6	6	5	6	5	2	5	6	6	5	8	.	6	.	0	5	3	6	5	6	3	4	.	4	.	5	5	.	8	3	.	6	2	7	5	1	5	.	3	5	6	4	5	7
126	1	3	4	4	1	.	2	2	0	2	2	4	3	3	3	1	2	3	0	2	0	1	1	3	1	0	.	1	2	3	2	1	.	2	.	1	.	.	.	1	2	0	1	2	3	.	3	.	3	.	5	0	1	.	.	0	0	0	2	0	2	3	3	.	0	1	0	2	.	0	.	.	.	.	2	3	3	.	.	3	.	2	2	.	2	1	0	.	1	2	.	1	2	5	.	4	2	1	.	2	2	2	2	2	2	3	4	3	3	.	4	-1	1	0	3	.	4	2	3	.	3	2	5	1	2	1	1	1	1	.	.	1	2	2	5
127	.	3	4	4	5	6	2	4	.	2	1	.	3	5	.	1	.	3	1	3	0	3	5	4	4	.	7	.	2	3	.	3	3	0	4	3	1	.	4	2	5	5	.	5	6	4	5	6	2	4	.	4	3	4	2	4	4	1	3	3	3	4	5	6	4	8	-1	1	2	.	.	5	2	3	3	0	.	1	3	.	.	4	3	2	0	2	2	.	4	3	2	5	4	2	2	1	5	.	.	.	5	6	1	.	0	3	4	5	5	5	3	.	3	3	4	4	.	3	5	.	.	5	1	3	3	4	0	.	.	.	6	6	.	2	3
128	.	2	3	4	2	3	0	1	2	5	4	7	1	2	1	2	1	1	2	.	2	3	3	4	.	4	8	0	2	.	7	2	7	.	3	4	3	4	5	1	0	0	.	3	4	2	1	4	-1	2	.	.	2	.	0	2	1	2	2	6	1	3	.	2	3	.	3	.	3	.	.	2	1	3	4	4	2	4	.	0	2	.	2	.	3	3	3	2	1	4	.	2	2	3	3	2	1	0	0	1	1	0	2	1	2	2	1	1	4	4	.	2	1	3	.	3	2	4	2	.	6	2	6	4	2	3	.	3	4	4	2	4	2	2	.
129	2	3	2	.	1	1	2	2	2	1	.	-1	2	0	1	1	1	2	1	.	.	0	1	.	0	1	-1	.	2	2	-1	1	.	4	.	5	2	1	0	0	1	0	0	.	0	4	.	.	.	.	-1	2	.	1	0	1	0	0	2	3	3	2	2	0	.	.	2	1	0	3	.	2	3	4	2	.	.	.	4	1	1	2	2	3	.	2	0	2	2	1	2	2	1	0	1	-1	0	1	-1	0	2	-2	.	1	1	0	1	.	1	1	0	.	1	0	-3	0	-3	5	.	6	0	2	0	3	1	.	2	.	.	1	1	0	.	3	.
130	.	1	.	0	0	0	3	2	5	1	2	2	2	2	5	.	.	3	.	1	0	-2	.	.	.	.	.	3	2	3	.	0	2	1	.	.	2	0	4	0	2	.	1	0	5	3	.	5	1	0	.	2	2	.	1	1	.	.	1	3	2	1	.	0	0	0	.	.	1	2	2	3	3	.	3	2	2	4	.	.	.	.	1	0	0	1	.	.	1	.	2	.	5	.	.	4	3	2	0	3	3	3	.	1	1	1	2	0	.	2	4	.	2	5	2	.	3	0	2	3	0	0	.	2	2	6	0	1	1	.	.	2	.	3	7
131	4	3	5	3	4	4	.	4	8	6	.	6	0	.	6	.	.	.	3	4	5	6	7	10	6	4	8	3	3	.	2	3	4	3	.	4	2	3	2	3	4	5	2	3	4	4	5	4	.	.	5	6	6	9	6	4	8	.	3	6	.	4	3	6	5	9	2	5	.	3	.	.	0	3	3	.	5	.	.	5	5	3	3	3	4	.	6	4	.	5	7	4	6	3	4	7	6	5	9	2	3	4	3	4	3	7	4	5	.	4	3	4	4	6	1	3	6	3	.	3	4	4	.	3	3	6	5	4	7	4	3	6	.	4	9
132	-1	.	.	1	.	6	0	2	5	0	3	1	0	2	1	.	.	.	0	2	2	.	4	7	1	1	3	0	1	2	0	3	3	2	2	.	0	.	.	1	2	.	.	3	5	2	2	4	4	4	6	.	1	4	0	1	.	.	1	4	1	1	2	4	3	.	0	0	.	1	0	0	0	1	3	2	1	.	1	3	.	4	3	7	3	2	5	0	2	.	.	3	3	.	1	1	.	.	7	0	1	4	.	2	5	1	3	.	1	2	1	1	3	3	0	2	2	2	2	4	.	3	9	.	0	0	0	.	2	1	.	3	0	2	1
133	0	0	2	0	1	0	4	3	3	2	0	4	2	1	5	.	1	5	0	1	-1	1	0	1	1	1	1	0	1	.	1	1	3	.	2	.	2	.	4	0	0	0	.	2	3	-1	0	-1	.	0	0	2	1	.	.	0	1	.	1	4	1	1	4	0	.	1	.	2	4	3	0	2	.	0	0	1	0	5	0	.	-1	3	1	0	2	.	1	-2	0	-4	1	.	.	.	1	0	3	1	.	2	.	4	2	0	1	.	0	3	.	0	2	1	.	0	0	.	0	-1	.	-2	0	1	0	2	3	0	.	1	1	0	0	-1	0	1	1
134	.	3	2	3	2	3	1	3	.	3	1	2	3	2	3	.	2	3	2	3	3	2	2	2	0	1	4	.	1	2	-1	0	.	1	3	2	1	1	1	0	0	0	0	2	2	3	.	.	1	0	2	3	2	3	1	.	2	0	1	0	.	3	7	.	1	4	0	.	0	1	2	2	1	2	4	3	.	1	2	2	4	6	4	7	3	.	.	4	3	4	4	3	6	.	3	6	2	2	3	5	2	5	2	.	4	1	0	1	5	2	3	1	1	0	1	1	1	2	0	1	0	.	-2	3	.	2	3	2	5	1	1	1	0	.	0
135	0	1	-1	-1	1	-2	0	2	2	-1	2	-1	0	.	-1	0	2	-1	.	3	1	3	.	2	0	1	0	-2	1	-2	1	.	.	-2	1	.	-1	2	-1	.	.	-3	0	1	2	-3	1	-3	.	3	-2	1	3	1	-1	0	-3	.	2	3	1	3	1	0	2	0	.	2	-2	-3	1	.	.	0	.	0	2	.	-2	1	1	0	0	1	0	2	.	0	2	-1	2	2	3	.	.	-1	-1	0	.	0	2	1	0	3	1	0	.	.	0	2	2	.	.	.	0	2	0	.	3	5	-1	2	-1	2	3	3	-1	1	0	.	2	0	0	3	.
136	2	4	.	4	6	8	2	5	6	1	6	8	2	4	5	1	3	.	4	5	6	2	4	4	3	4	6	-1	3	1	3	.	6	0	4	6	3	4	5	.	5	10	1	3	4	2	4	6	0	4	4	3	4	5	0	.	6	4	6	8	3	5	.	3	4	4	1	.	3	.	.	6	0	2	2	.	3	.	1	3	3	1	5	5	.	3	3	0	3	.	.	3	4	4	5	8	1	3	4	5	4	.	0	3	.	3	4	4	3	.	7	2	5	6	0	2	1	-1	2	0	1	3	3	.	5	6	1	3	.	.	5	6	0	4	3
137	-4	1	-1	-2	0	-2	-2	0	-3	0	2	.	0	.	0	-1	.	-1	-3	2	.	-3	2	0	.	4	1	-1	.	-1	-1	1	0	.	0	0	.	2	.	0	2	2	-1	2	1	-2	0	.	.	.	1	0	1	.	0	2	0	0	1	3	-3	1	.	-2	2	-1	-3	1	0	0	3	2	-1	1	.	-1	1	0	0	2	4	.	2	-1	-2	2	1	1	3	4	-1	2	.	2	.	3	0	2	3	1	3	3	-1	3	1	0	2	1	.	2	1	-2	0	-1	-2	1	0	-1	0	0	0	1	.	.	1	2	.	2	0	-5	0	-5	-2	2	0
138	3	.	3	3	3	5	3	2	.	1	.	3	.	4	7	2	3	2	.	3	3	.	5	.	.	5	5	2	3	1	1	3	3	4	3	2	3	4	.	.	3	.	2	4	.	.	4	6	.	3	.	.	3	3	0	.	.	2	4	6	4	1	5	1	3	4	.	5	5	4	.	6	5	3	4	5	4	5	2	3	1	3	2	.	1	2	1	.	.	2	.	2	0	2	3	4	3	4	.	1	3	1	3	.	2	.	1	0	1	3	.	.	5	8	4	4	.	.	4	.	2	3	.	2	3	4	5	4	.	2	.	3	2	4	.
139	.	3	6	5	4	6	5	3	.	6	4	4	5	4	8	5	3	6	2	2	4	6	5	7	5	2	7	.	4	7	.	1	4	3	.	4	9	.	.	5	3	6	4	4	6	.	5	4	.	.	2	5	3	7	4	2	2	3	3	5	5	.	5	.	3	6	6	3	6	3	4	5	6	3	5	6	.	5	5	4	6	.	5	9	8	5	11	.	4	5	5	5	.	.	.	7	2	3	7	5	2	6	2	2	3	.	4	8	5	.	.	4	.	5	.	3	4	5	4	7	.	.	9	7	5	10	.	.	4	.	4	5	8	.	10
140	.	0	.	.	0	0	0	0	1	3	2	4	-1	0	0	0	0	-1	2	0	1	1	0	1	0	0	0	0	0	2	0	0	-1	0	0	0	.	1	3	1	0	2	1	1	4	-3	0	-3	.	.	.	2	1	0	-2	0	.	0	1	3	1	.	1	.	0	1	-2	0	.	0	1	.	.	0	1	-1	1	0	.	.	.	-2	.	-3	.	0	.	0	1	2	0	1	-1	0	0	0	-1	1	-1	0	0	1	1	2	2	.	.	0	-1	2	-1	1	0	2	-2	0	.	1	1	.	0	0	0	2	.	2	.	0	0	0	1	1	0	.	0
141	2	3	5	2	2	1	1	2	1	0	2	.	6	.	.	3	3	3	4	3	5	3	2	2	1	3	2	0	.	3	4	.	.	.	3	2	3	3	3	.	2	.	.	2	.	6	3	7	.	3	2	3	3	6	.	.	.	2	3	3	.	3	5	4	4	5	.	0	1	4	2	.	4	4	5	3	3	4	.	2	3	1	.	5	.	2	6	.	2	.	.	3	6	0	1	.	2	.	4	1	2	1	5	.	8	1	.	3	1	3	3	4	3	.	5	3	4	4	.	7	0	0	-2	2	3	6	1	0	2	.	2	5	2	2	3
142	0	1	2	0	1	1	.	1	-1	2	2	3	0	.	1	2	1	1	3	1	3	3	.	3	2	0	-2	4	2	6	1	.	.	5	2	5	0	1	.	1	1	1	.	1	2	3	2	6	1	1	.	2	1	2	3	2	4	.	2	5	0	0	1	4	3	5	2	.	3	2	1	5	6	3	4	4	.	3	0	1	3	3	2	.	.	1	.	4	1	3	1	.	.	1	0	1	4	1	5	3	.	3	0	1	1	4	1	5	1	0	1	1	.	.	3	2	2	0	0	1	2	1	.	4	2	1	0	1	1	-1	.	0	0	0	2
143	.	1	4	1	3	.	0	3	4	.	1	2	1	.	2	0	1	.	0	0	1	3	.	.	0	.	0	.	1	2	3	1	3	1	1	2	2	1	1	.	2	0	-1	.	.	1	0	.	-2	0	1	0	2	.	.	.	4	1	1	2	3	1	.	3	2	.	.	1	1	.	.	2	.	0	0	0	1	0	2	2	.	2	2	.	2	2	1	2	2	0	3	.	3	2	.	0	2	1	2	0	.	0	2	1	4	3	0	3	.	0	0	5	4	.	0	1	-1	1	2	2	1	1	.	4	2	7	1	2	4	3	2	5	.	.	3
144	.	0	0	3	0	1	2	0	5	1	.	3	0	0	1	1	.	4	0	0	1	-1	.	-2	2	.	.	.	-1	-1	0	.	3	0	0	.	2	1	5	0	0	2	-1	-1	-1	0	0	.	0	0	3	1	0	2	1	0	1	-1	.	0	.	0	2	-6	-2	.	.	0	1	1	0	1	0	0	2	2	1	1	0	0	5	2	0	2	.	-1	-1	-2	0	.	0	0	1	0	0	.	0	0	0	.	.	.	0	0	.	1	1	2	2	0	3	-2	.	.	1	0	.	.	0	-1	2	.	3	.	0	1	2	.	5	.	.	-1	-1	0	2
145	0	3	5	-2	.	0	-1	2	-1	.	2	-1	-1	.	0	0	1	3	0	1	-2	-1	1	2	-2	1	-1	0	2	1	2	.	2	.	0	-4	0	1	.	-2	1	1	0	2	.	.	2	0	.	1	-1	-1	2	-1	1	2	3	-1	.	1	0	1	0	1	.	0	0	2	.	0	1	0	1	1	2	-2	0	-1	.	.	0	5	2	4	0	2	0	.	2	0	2	2	2	2	3	2	1	2	5	2	.	.	0	2	1	1	2	2	-2	0	.	0	2	1	.	2	0	0	3	.	1	3	.	0	2	6	0	.	1	.	.	0	.	1	0
146	-3	3	0	-2	1	.	.	4	1	.	.	.	3	2	2	-2	.	0	1	.	0	.	2	0	1	3	0	.	1	0	-1	2	0	0	2	1	0	1	0	-2	2	0	0	2	2	0	2	0	.	3	.	-1	1	0	0	4	0	0	2	2	0	2	0	1	4	3	-1	.	0	.	1	.	-1	2	-1	1	2	3	.	.	4	-5	1	-5	0	.	.	-2	1	-1	2	4	.	0	3	0	0	.	1	0	2	0	.	1	0	-3	.	-4	2	3	3	1	3	0	-1	.	0	.	.	0	1	.	.	-1	1	1	0	1	0	.	2	.	-2	2	.
147	.	-1	0	5	1	.	.	0	0	2	1	7	.	-1	0	0	.	2	0	.	5	-2	0	0	0	0	1	3	1	5	0	0	1	.	0	4	-2	-1	-1	2	0	.	-2	0	1	.	0	2	1	0	1	-1	0	.	0	0	2	0	0	0	0	0	1	2	0	4	0	.	1	.	0	2	0	0	1	1	0	4	.	.	3	0	0	2	.	0	3	4	1	5	0	-1	3	.	.	6	.	-1	2	1	-1	2	0	.	.	0	0	4	1	-1	2	3	0	5	3	2	8	.	.	0	1	.	1	.	-1	0	-2	.	0	0	0	4	.	.	0
148	.	3	3	1	3	2	3	4	3	0	4	.	2	.	.	.	2	2	2	5	3	1	2	.	2	3	3	1	3	3	0	4	1	1	.	1	4	5	4	3	4	5	1	2	0	2	4	5	0	.	0	0	3	.	.	.	1	4	6	4	3	3	4	1	4	.	0	3	4	6	6	11	0	4	2	2	3	4	3	3	4	3	4	3	5	5	6	.	2	4	2	.	2	4	3	2	1	1	.	5	5	7	5	4	7	0	2	2	.	3	1	3	5	.	3	4	4	1	1	.	0	2	3	1	3	.	2	4	5	2	3	1	3	3	7
149	6	.	13	4	8	9	.	5	9	5	.	8	2	.	4	1	.	.	3	6	8	2	6	7	.	.	5	4	7	9	3	5	.	7	8	9	3	7	.	2	6	.	3	8	6	.	.	10	.	7	.	4	7	8	5	.	8	3	5	.	7	7	9	3	7	7	3	6	4	3	6	6	.	.	.	7	7	12	1	4	3	.	6	5	2	6	7	2	7	7	3	6	6	3	7	.	.	6	.	4	8	8	6	8	11	1	.	.	3	7	6	5	.	7	2	7	5	2	.	4	3	6	.	.	8	8	.	.	7	0	5	4	2	6	6
150	-2	.	-1	-1	1	.	0	-1	2	2	0	1	0	.	-1	.	0	-1	0	0	1	.	0	.	.	2	0	-3	0	.	.	.	3	0	0	2	.	0	0	1	.	0	-2	.	-2	1	0	0	0	0	1	.	.	4	.	0	1	2	.	4	0	1	1	1	1	4	.	.	.	0	1	4	1	0	4	.	.	4	0	0	0	-1	.	-2	0	.	-1	0	0	2	3	2	.	2	2	6	.	0	0	3	.	4	-1	.	.	-2	0	-3	0	2	1	0	2	1	-1	0	0	1	0	0	-1	-1	1	0	.	.	.	0	4	-2	-1	-6	.	0	0
151	1	.	4	2	4	.	3	3	5	3	.	3	3	3	3	2	2	0	5	5	6	5	4	6	2	3	1	4	3	5	4	4	7	.	3	5	3	3	.	3	.	3	5	5	7	0	3	6	5	.	6	3	3	4	2	.	5	.	2	4	2	4	.	3	4	7	3	2	3	4	4	.	3	5	5	3	4	6	.	2	3	.	4	.	6	4	8	2	4	4	4	3	5	5	.	5	2	3	6	2	.	1	6	5	7	.	3	7	.	2	.	5	3	7	.	5	.	5	5	8	3	3	1	4	4	4	3	5	4	1	2	2	2	3	3
152	3	.	7	1	3	5	0	1	2	.	2	2	.	0	0	.	3	6	.	2	3	5	2	7	0	.	2	2	.	4	0	3	1	0	1	1	3	2	.	2	2	3	1	2	4	2	3	5	1	.	5	2	2	2	.	2	.	0	1	1	0	0	0	-1	1	1	1	3	6	0	0	1	0	.	5	2	.	.	3	2	5	1	2	.	.	2	6	3	3	7	1	1	2	0	2	3	1	1	.	.	.	5	3	2	3	4	2	5	0	1	2	.	2	2	0	1	4	2	1	4	1	2	.	2	2	2	.	2	6	0	.	2	6	4	.
153	.	3	1	0	5	2	2	4	3	-1	.	3	4	4	3	1	1	2	0	4	3	1	3	6	0	.	.	3	4	.	1	3	4	.	3	7	0	2	1	.	4	4	.	3	.	0	3	1	2	3	5	3	5	5	2	3	.	1	3	3	.	3	3	2	.	.	2	3	4	4	.	4	1	.	1	2	3	5	1	3	.	6	5	6	1	5	.	1	2	2	1	2	3	0	1	.	.	3	-1	1	2	2	1	3	5	0	3	1	3	4	3	5	5	7	5	5	7	-1	3	1	4	4	6	3	3	.	2	3	4	2	4	.	1	4	4
154	0	.	1	3	.	2	.	1	.	.	2	3	0	.	0	-1	.	1	.	0	0	1	2	.	0	2	0	.	4	1	6	3	4	-2	0	0	2	1	4	1	1	.	0	2	0	-1	1	0	4	3	.	0	1	0	0	1	0	3	.	5	-2	0	.	.	2	2	-3	0	-3	1	3	4	3	3	.	2	2	0	1	2	2	.	1	3	1	2	0	0	1	0	0	1	3	1	2	3	.	0	0	0	0	.	2	2	5	0	.	.	-1	1	0	0	1	2	.	0	-2	.	1	.	0	0	0	2	1	0	0	2	.	0	3	2	0	.	.
155	0	3	.	.	5	8	-2	.	.	.	4	.	0	4	.	0	2	.	.	3	-1	0	3	0	.	4	.	0	2	0	1	3	.	1	3	2	2	4	4	3	6	.	.	.	3	0	3	.	-2	.	-2	-1	2	0	3	4	.	0	1	0	3	4	4	2	4	3	1	5	5	0	3	.	-2	2	-1	2	.	3	2	4	4	1	.	.	0	5	.	0	5	3	1	4	2	0	3	3	1	4	4	5	5	.	1	3	3	.	5	4	.	2	0	0	3	-1	.	3	1	2	4	1	6	.	6	0	4	1	0	3	2	3	.	2	0	4	1
156	.	1	2	1	0	1	1	0	3	1	1	1	2	0	1	2	0	3	.	.	4	.	1	.	1	0	0	0	0	0	2	.	.	3	2	1	2	0	.	0	0	.	.	0	0	.	.	0	3	2	4	3	.	3	4	1	5	3	1	4	1	0	3	.	0	1	1	0	3	.	0	1	0	0	1	3	1	4	2	1	0	2	0	3	2	0	.	3	1	.	2	0	3	.	1	.	1	1	4	3	1	2	0	1	4	2	1	1	0	.	-1	4	1	3	1	0	5	6	1	.	.	-1	.	1	1	1	.	0	1	1	0	1	6	.	8
157	4	3	4	0	2	1	2	2	2	.	2	2	.	.	3	3	3	3	6	5	7	.	2	2	1	.	4	.	1	5	.	2	1	.	2	4	3	2	.	1	2	0	2	3	.	2	2	.	4	.	4	4	5	6	2	3	3	.	.	2	.	4	5	.	1	3	4	4	5	2	2	5	4	5	9	.	3	4	0	0	2	3	3	6	.	.	.	.	3	9	1	2	1	.	4	9	5	4	.	3	2	3	4	4	6	1	2	4	3	3	8	.	1	4	1	.	5	1	1	0	.	.	3	1	2	0	4	4	5	2	1	3	0	1	2
158	.	2	4	-1	0	.	2	1	2	0	0	0	1	.	2	0	1	0	3	1	4	1	.	4	1	1	3	0	1	2	2	2	.	1	1	2	.	0	1	0	1	4	4	3	7	0	.	.	1	.	1	.	.	3	.	2	1	1	.	-1	.	1	0	3	1	3	3	2	7	1	2	2	1	1	2	.	0	0	.	1	.	1	1	3	0	1	.	0	.	2	-2	.	-1	4	1	.	2	.	1	-1	.	.	.	0	0	2	0	5	0	-1	3	0	0	0	0	1	.	.	2	2	3	2	3	1	.	0	1	.	1	1	.	.	0	0	.
159	3	2	3	.	4	4	0	.	1	.	.	4	-2	0	.	0	2	0	2	4	4	.	1	.	0	3	.	.	3	.	.	2	3	1	1	3	0	.	4	1	2	.	.	4	4	0	2	1	.	3	.	.	2	.	0	4	1	-2	1	0	2	3	5	.	3	2	.	.	4	0	2	0	0	.	.	0	2	3	.	3	2	0	2	.	1	2	0	1	5	.	.	4	8	-1	1	0	0	2	.	2	.	6	2	.	1	-1	2	.	0	3	7	-1	1	.	.	.	4	2	2	.	.	5	4	2	2	5	4	3	2	2	4	5	2	4	5
160	2	0	0	1	0	1	5	0	.	.	3	4	.	2	7	.	0	1	2	.	3	.	.	.	.	.	3	4	3	.	3	1	.	0	.	0	1	1	0	1	0	1	3	2	1	4	1	1	2	.	2	3	2	6	.	2	5	4	3	4	.	1	1	3	1	.	0	0	0	6	2	2	0	1	-2	.	.	1	.	2	0	2	.	1	.	.	1	.	0	-1	.	0	1	.	0	0	4	0	2	0	.	.	3	.	3	3	1	0	.	2	4	8	.	.	.	.	-3	3	0	2	.	0	0	2	0	1	.	1	0	3	2	3	2	1	.
161	.	3	4	.	4	8	0	0	2	2	1	4	4	.	.	.	2	5	.	2	4	4	2	3	5	4	.	2	2	3	.	2	.	3	3	4	.	2	.	4	.	9	2	2	4	3	3	2	1	1	0	5	3	8	4	3	.	.	3	.	.	1	2	.	3	.	0	.	5	3	3	7	3	.	4	5	3	6	.	.	3	1	2	.	2	1	3	3	.	5	0	2	2	2	.	2	.	1	4	3	.	6	.	3	6	4	3	5	2	2	1	2	3	7	2	2	.	1	1	2	3	3	.	2	2	4	3	1	.	0	.	1	3	.	6
162	0	1	0	2	3	.	2	2	.	-1	0	-3	0	1	-2	0	2	0	0	1	.	.	1	.	.	1	3	.	2	3	2	2	1	2	2	3	0	1	.	6	.	4	-2	0	0	1	.	2	1	.	0	0	.	0	.	1	0	0	.	4	0	2	0	3	3	.	0	.	-1	-1	0	.	0	2	1	.	1	3	0	.	0	0	1	.	4	.	3	.	3	4	1	1	2	3	1	1	2	3	3	1	1	1	1	1	.	1	1	1	3	2	4	.	3	0	1	.	2	2	2	2	.	2	.	-1	0	-3	3	2	5	0	1	0	.	.	.
163	0	0	1	0	0	1	1	1	1	1	0	0	2	2	5	1	0	3	-2	.	.	0	0	1	1	0	2	1	0	1	-1	0	0	0	.	.	0	0	0	2	1	1	.	.	-1	0	0	0	-2	-1	-3	1	0	2	0	0	0	3	.	3	2	0	3	0	-1	.	1	.	2	1	0	3	.	0	2	0	.	-1	-4	-1	-2	-2	0	3	0	0	1	4	0	5	0	.	1	2	0	.	.	0	3	0	0	0	-1	-1	-3	0	-1	-1	0	0	-1	4	0	4	.	0	4	2	.	4	.	0	0	0	1	.	0	0	1	2	0	3	.	-1	-2
164	5	.	5	8	8	.	7	8	7	2	.	3	8	8	10	.	.	.	5	6	6	7	6	8	8	7	7	7	.	.	10	6	8	9	8	8	.	.	4	5	6	3	8	7	7	4	6	3	6	6	.	6	4	5	6	6	6	7	6	6	.	.	13	4	.	6	4	6	.	5	6	5	5	.	4	11	9	13	6	.	5	.	7	6	8	.	5	.	7	10	6	7	.	6	8	9	.	6	.	.	.	4	5	6	6	6	8	8	7	7	8	8	6	7	9	7	7	4	6	6	8	7	6	7	6	7	7	6	7	7	8	.	6	6	3
165	.	.	2	2	2	4	1	1	.	0	0	1	4	0	.	.	0	0	1	0	2	3	0	1	2	2	3	3	0	.	.	0	2	1	1	5	2	1	.	2	2	6	2	0	-1	3	0	.	.	0	1	.	0	4	1	1	3	2	.	.	.	.	.	.	1	2	0	0	.	0	.	0	5	0	.	.	1	2	1	1	.	0	0	-1	2	2	3	3	0	2	1	.	-1	.	0	.	1	0	.	1	0	.	4	0	1	0	0	3	4	2	4	0	0	1	2	0	.	0	0	1	3	1	1	0	0	1	2	1	1	-1	0	1	0	0	.
166	0	1	0	.	2	.	1	2	4	5	4	.	0	3	4	0	3	5	5	.	.	5	4	5	4	.	6	3	.	3	2	3	.	5	3	.	2	2	5	1	2	1	2	3	.	4	3	6	.	.	0	1	3	2	2	0	3	.	.	9	3	2	5	2	2	5	2	.	5	2	2	3	3	3	1	3	2	4	0	3	4	4	3	5	0	0	0	4	1	4	1	2	5	2	3	5	4	3	6	3	3	3	4	3	8	.	1	4	1	2	3	0	2	.	.	4	.	0	1	-2	2	.	4	1	2	3	3	1	.	2	.	5	.	3	1
167	3	3	5	3	4	5	4	3	.	1	1	3	4	3	5	0	3	3	4	3	3	2	.	3	-1	1	2	5	.	8	4	5	.	4	5	7	2	.	4	4	.	.	5	4	.	5	5	5	5	3	5	2	4	3	4	4	7	.	4	6	3	.	5	4	.	.	2	.	3	0	2	1	2	3	2	.	4	2	3	.	4	2	5	4	4	5	5	.	2	2	2	4	4	2	.	3	3	3	6	5	4	6	3	4	7	5	5	7	5	4	7	4	3	5	5	.	7	.	3	.	2	5	5	.	4	6	.	3	2	4	4	3	5	3	7
168	0	2	4	1	2	4	.	2	0	1	3	1	2	4	6	.	.	0	1	2	5	0	1	-1	2	2	5	4	2	.	2	3	.	1	2	2	0	3	3	.	2	1	0	1	.	3	.	4	.	2	0	-2	2	.	0	3	1	0	3	3	1	3	2	4	.	.	-1	0	.	0	1	0	0	.	0	2	3	6	2	.	2	0	1	.	0	2	1	1	2	1	-3	0	.	0	3	5	2	.	3	.	1	.	-1	2	2	0	2	2	1	3	4	0	3	1	0	1	2	-1	2	.	2	2	5	0	1	0	1	2	.	2	4	.	0	2	.
169	2	.	1	.	3	4	3	2	5	6	.	7	0	1	1	0	2	1	2	3	4	.	3	4	4	.	4	0	2	.	.	3	5	2	3	4	.	2	4	4	2	4	1	2	3	-1	0	.	2	.	5	4	2	3	0	1	0	.	4	5	3	3	2	0	1	.	3	3	.	2	3	3	4	.	3	2	1	2	7	.	6	.	2	3	3	0	.	4	2	2	.	3	4	3	3	5	2	2	3	1	1	2	2	1	1	2	2	4	.	2	3	1	1	.	6	4	4	4	2	.	.	.	4	2	.	1	.	3	6	0	2	.	5	3	7
170	1	2	4	-3	1	0	0	3	4	-1	1	0	1	3	4	2	2	8	0	2	.	1	.	3	0	1	2	.	.	8	.	2	4	2	2	.	6	.	7	2	.	7	1	.	1	.	4	.	0	2	0	5	4	9	3	3	.	0	1	2	1	1	2	3	3	.	1	.	1	4	.	8	2	2	.	3	3	8	.	3	2	.	3	6	0	3	2	2	2	4	2	.	4	3	.	5	0	.	1	1	.	2	2	3	2	4	4	.	0	3	5	.	2	2	0	1	2	1	1	3	2	.	5	2	2	.	1	3	4	.	3	2	0	1	0
171	5	3	1	2	.	1	1	3	1	2	2	2	.	1	-1	3	.	.	6	5	5	5	3	5	0	1	0	2	3	1	.	2	-1	2	3	1	5	4	6	5	.	2	2	2	1	4	2	0	.	3	.	3	1	0	3	.	1	1	3	.	0	1	-1	4	1	.	3	2	1	1	.	.	1	2	.	.	1	-4	4	3	2	2	3	1	2	3	2	5	2	4	3	2	3	.	2	.	2	.	2	.	1	2	5	3	.	5	.	1	6	3	2	3	3	1	2	1	0	3	2	0	7	4	3	2	.	4	3	3	.	5	.	2	4	.	3
172	0	0	1	-1	1	0	0	0	2	.	.	.	1	0	2	0	0	3	0	0	.	1	0	2	0	0	1	0	.	3	1	.	3	1	0	3	0	0	3	2	0	4	0	1	4	2	.	.	0	.	0	.	.	9	0	0	2	0	0	2	1	1	2	2	.	1	.	0	0	0	1	2	2	1	.	3	1	.	2	2	4	3	.	4	1	1	3	0	3	3	1	0	.	2	2	3	0	0	2	-1	0	-2	2	.	6	.	.	2	1	1	4	.	.	0	-5	-2	-2	2	1	.	0	0	-1	0	2	0	2	0	1	0	-1	2	0	1	3
173	0	0	.	0	1	1	.	2	3	1	2	5	1	0	0	3	1	6	1	2	2	-1	0	0	1	2	3	1	2	4	5	.	.	.	1	2	1	1	3	5	.	6	0	1	2	2	.	3	0	1	2	4	.	7	2	2	3	.	3	.	0	0	0	-1	.	.	4	.	3	0	.	3	.	.	1	3	3	6	2	2	4	2	1	1	0	2	2	0	1	3	.	1	4	1	2	4	-1	0	-2	2	0	3	0	.	2	0	.	0	0	0	2	5	.	7	5	2	7	3	.	.	1	2	3	4	1	3	2	2	.	3	3	4	0	0	0
174	7	5	6	9	6	10	2	3	0	6	.	8	6	.	8	5	4	6	.	5	3	3	3	3	3	4	5	1	3	5	3	2	2	.	5	6	5	5	4	5	4	5	.	5	4	4	5	4	.	6	9	7	.	5	.	5	4	.	3	4	3	4	6	.	.	5	5	4	4	7	5	6	2	3	4	.	.	2	4	3	4	3	4	1	4	2	5	7	6	10	0	2	0	5	4	5	.	5	7	4	6	4	.	4	.	6	4	6	5	.	6	5	5	6	2	.	3	3	3	5	4	3	5	.	5	6	4	.	4	5	5	.	5	4	4
175	0	0	.	.	2	.	.	.	.	1	0	0	.	-1	.	0	1	.	2	0	.	.	1	0	5	0	4	-1	.	.	4	3	.	0	2	1	3	2	.	2	2	2	3	2	3	3	2	4	.	1	.	3	.	.	1	1	2	.	2	6	0	1	0	0	0	0	.	2	4	0	.	0	3	3	.	2	1	1	.	.	3	2	0	1	2	0	0	1	.	3	1	.	1	-1	.	0	2	1	3	0	1	2	1	1	1	0	0	1	.	0	3	0	0	0	2	2	2	1	.	0	2	1	3	3	1	1	3	2	.	2	.	3	0	1	-1
176	0	2	0	-1	2	1	-1	0	-2	.	2	.	1	5	6	0	2	.	1	.	2	-1	1	.	0	.	.	1	.	3	0	4	.	0	3	1	0	.	.	-1	2	.	-1	3	3	.	4	2	0	2	1	1	3	2	.	2	.	-3	2	.	0	.	1	-1	1	.	-3	1	.	0	2	0	0	2	1	0	1	0	1	.	2	-4	2	.	-1	.	.	2	.	7	0	2	0	1	2	1	1	2	1	0	3	.	1	4	3	1	4	1	1	.	3	1	3	4	2	5	5	.	2	2	-1	0	0	1	4	5	0	2	0	0	3	4	2	4	3
177	.	3	4	.	3	1	4	4	.	1	.	4	.	4	2	2	1	4	.	2	.	0	2	.	0	.	.	0	1	0	1	.	3	.	3	1	0	.	.	0	.	3	.	2	1	.	4	1	-1	.	-2	1	.	6	2	3	1	2	4	5	1	2	4	1	2	3	0	3	3	1	3	0	3	4	7	4	.	5	2	.	.	.	3	4	0	3	4	0	1	0	0	.	.	0	2	0	0	1	0	6	3	3	0	3	-1	5	4	.	1	3	3	.	.	5	2	.	.	1	3	1	3	.	7	2	3	.	1	2	2	-1	3	2	.	1	0
178	2	3	4	.	.	4	.	2	3	.	1	.	.	1	.	-1	0	.	.	.	.	6	3	.	4	.	4	2	.	0	4	4	5	0	2	0	1	2	1	.	.	6	3	2	3	.	2	4	3	.	1	0	2	0	3	4	3	4	.	5	.	1	.	2	2	1	1	3	4	3	2	.	1	.	2	2	2	1	.	2	1	2	3	3	2	2	3	0	3	1	1	2	2	1	2	3	1	3	1	3	2	3	5	.	.	0	1	4	2	2	2	3	4	5	0	.	2	2	1	2	3	2	5	1	.	.	0	2	.	4	2	5	7	5	9
179	6	2	6	5	.	6	2	1	4	1	1	1	2	2	4	0	.	2	.	.	5	3	1	4	5	2	5	0	0	.	1	1	.	1	0	2	0	.	.	2	.	4	2	3	.	2	1	4	2	0	3	.	0	4	1	0	0	2	1	3	3	2	6	.	1	1	3	2	5	3	0	7	3	0	5	3	3	5	1	0	1	2	0	0	4	2	7	2	1	6	2	.	2	.	1	5	4	2	.	.	2	4	2	0	1	1	0	4	0	0	.	3	1	5	4	2	4	.	2	5	3	.	4	.	.	6	.	.	5	.	0	0	0	0	3
180	0	1	1	2	.	4	.	0	-2	.	3	4	.	2	.	.	4	1	0	.	0	0	1	0	.	1	3	.	1	-3	5	3	7	.	2	0	0	2	.	.	1	.	-1	.	2	1	3	.	.	.	.	.	.	3	0	2	1	.	1	0	.	1	1	0	2	4	.	0	0	.	3	3	-1	2	1	-1	.	0	-2	1	0	1	2	.	-1	2	2	-5	1	.	0	2	4	2	.	5	0	1	2	3	3	3	1	1	2	3	.	6	0	2	0	1	2	.	0	0	0	1	2	4	1	2	.	0	0	0	2	.	6	0	1	0	.	2	0
181	.	1	-1	1	1	1	-1	1	.	-2	0	-1	-1	1	1	-2	0	0	0	0	0	2	3	.	.	2	3	1	.	1	-3	-1	.	-3	0	-5	1	.	2	.	0	1	3	1	4	2	1	4	-2	0	-1	3	1	.	.	.	0	0	1	.	1	1	1	0	.	1	.	1	.	0	1	1	.	2	3	-1	1	0	3	.	5	.	.	3	1	0	0	0	0	0	0	1	3	2	1	.	0	0	-1	1	1	3	0	0	0	0	0	2	.	2	.	0	0	.	-1	0	0	-1	0	0	.	0	0	1	.	.	1	0	2	-3	0	.	.	1	0
182	4	5	7	5	3	6	.	4	7	.	3	.	3	.	4	5	4	6	1	3	2	1	.	0	3	4	3	3	2	4	2	.	.	0	1	0	1	2	2	4	5	.	.	2	4	3	.	5	.	4	4	.	5	9	2	3	5	5	.	7	6	.	7	.	2	1	.	3	.	4	3	5	4	3	.	3	4	3	2	3	4	1	1	.	2	1	.	.	3	5	4	3	5	4	.	9	-1	.	.	1	.	4	3	2	.	4	3	2	4	4	.	.	5	8	2	3	3	4	3	.	3	1	1	9	5	9	5	4	.	4	5	5	5	3	7
183	-1	0	0	1	1	3	0	0	.	1	.	1	3	1	4	0	0	1	0	0	-1	.	0	2	1	1	1	0	0	.	4	1	6	.	0	2	.	0	.	0	1	1	4	1	.	0	0	.	3	1	.	0	0	-1	6	3	.	3	.	5	0	0	0	.	0	.	3	1	6	2	3	4	2	1	2	0	0	1	.	0	0	0	0	.	0	0	.	1	.	4	1	.	0	3	0	3	2	.	2	3	.	2	4	2	5	1	.	.	2	0	1	.	.	.	3	1	4	1	0	1	0	0	2	0	0	2	1	.	0	3	0	3	0	0	0
184	0	.	5	0	2	-1	1	2	5	0	1	0	-1	.	-4	1	.	.	0	1	1	-1	3	2	1	.	3	0	1	4	.	2	2	-1	1	-3	0	.	2	0	2	.	.	2	2	-1	0	.	0	0	0	5	3	7	1	3	2	-2	.	-1	.	.	.	.	2	.	0	1	-1	.	1	3	0	1	.	0	3	2	.	2	.	.	2	0	.	3	.	-1	1	-1	.	1	0	0	.	1	-1	0	-3	0	1	.	0	3	2	.	3	.	0	.	2	0	.	0	-1	.	.	0	.	-1	.	2	3	1	2	1	.	0	-2	-1	2	0	0	2	3
185	.	0	2	1	1	0	3	.	1	3	1	1	3	.	.	.	0	0	5	.	1	1	1	.	0	0	-1	5	3	4	.	0	-1	0	0	-2	.	0	.	1	.	2	2	1	2	-1	0	-1	1	1	1	.	.	0	.	.	.	.	1	0	0	1	1	4	2	.	3	1	2	.	1	0	4	.	3	2	2	1	1	1	1	1	1	0	.	.	1	0	0	.	.	.	2	2	1	.	.	2	1	2	2	3	1	1	3	.	1	1	1	2	2	0	0	1	0	0	-1	3	1	.	1	1	1	2	.	2	1	0	.	.	.	4	1	1	3
186	.	1	2	5	.	2	2	1	3	6	2	.	4	2	2	4	2	0	3	2	3	3	3	4	0	0	-1	1	1	.	3	.	1	0	0	0	1	1	0	.	0	1	4	2	4	2	1	1	1	.	-1	-1	0	.	.	2	.	4	1	0	6	.	.	0	.	0	2	.	1	2	1	.	4	3	6	4	4	6	2	.	1	.	1	.	6	.	.	5	3	4	1	.	1	0	.	.	5	2	6	.	2	.	0	0	-2	3	1	2	5	4	6	1	2	3	5	.	2	1	.	2	2	.	2	.	2	4	2	2	0	2	1	1	4	2	2
187	1	2	3	3	.	1	3	4	2	1	.	4	5	.	6	2	3	3	5	4	4	5	5	4	2	.	3	3	3	4	3	5	6	2	.	4	.	5	5	.	4	3	4	3	.	4	4	6	0	.	2	.	3	7	4	3	6	1	3	1	.	.	2	2	.	3	4	4	6	2	5	6	2	3	2	3	4	.	6	6	7	3	3	4	.	3	.	3	2	6	2	4	7	0	2	3	5	3	.	8	6	8	3	3	7	4	.	.	3	2	4	6	4	7	3	4	4	3	3	4	.	3	.	.	4	6	2	2	4	4	4	3	3	.	5
188	1	3	2	0	.	0	-1	2	0	0	0	.	-1	0	-1	4	.	2	1	2	.	1	2	4	2	2	.	0	.	0	4	1	.	.	1	7	0	3	3	0	1	1	2	1	2	3	2	3	1	3	5	1	.	4	.	0	0	1	1	1	.	2	2	1	0	-1	1	1	-2	0	1	0	0	.	1	2	3	3	2	1	5	1	1	.	0	2	.	.	0	-2	.	.	2	-1	0	.	-1	1	0	0	2	.	0	0	.	.	1	2	3	3	4	5	3	4	3	2	3	1	1	.	3	2	3	1	3	3	1	2	4	3	2	.	.	0	1
189	.	3	5	.	4	1	4	4	5	1	3	1	0	2	3	2	5	5	0	4	.	3	4	1	0	2	.	.	2	0	3	3	.	3	.	.	0	1	0	2	.	5	1	4	2	2	4	2	1	.	4	1	.	3	0	2	0	1	4	2	0	.	0	3	5	2	0	2	1	3	3	5	6	4	7	.	3	3	5	3	4	2	5	3	1	2	1	1	2	0	2	4	4	3	4	4	.	.	.	0	4	0	.	4	.	0	2	0	.	.	3	.	3	1	2	2	0	0	.	1	1	3	2	.	3	1	3	4	4	0	.	0	5	4	5
190	0	0	.	2	0	2	3	1	3	.	.	0	0	.	1	4	0	2	0	0	-1	2	0	0	0	1	1	.	0	2	0	.	2	2	0	3	1	0	1	2	0	2	.	0	1	1	1	1	0	0	3	.	0	0	.	1	3	-1	0	1	0	0	3	0	1	1	0	0	-3	3	0	.	2	1	.	2	0	2	.	0	.	.	-1	0	3	2	6	.	1	2	2	0	1	4	.	.	2	1	0	1	0	1	-1	.	0	1	0	2	4	1	3	1	0	.	-1	0	.	.	1	3	.	0	2	0	0	.	2	2	5	0	0	0	.	0	2
191	0	-1	.	1	.	3	0	-1	1	3	.	.	2	0	1	1	0	2	.	.	.	3	.	.	2	0	3	-1	-1	-1	-2	0	0	2	-1	4	.	-1	.	2	0	3	.	0	4	1	.	0	1	0	5	3	.	3	1	.	3	2	0	4	-1	0	0	.	.	2	1	0	4	0	0	3	1	0	5	0	0	1	1	.	.	2	0	4	2	0	4	0	0	5	4	0	5	.	0	.	1	0	2	1	0	2	.	0	3	2	0	3	.	.	2	.	0	1	2	0	7	.	0	3	1	0	.	3	0	.	.	.	2	1	0	4	.	.	5
192	-1	1	-3	0	2	1	0	2	2	2	.	2	0	1	.	1	2	1	-2	2	0	-2	2	1	-1	1	.	2	2	1	1	2	.	0	1	2	0	.	4	4	.	4	0	.	1	0	3	1	0	2	1	-1	1	-1	-1	.	.	2	2	.	1	2	4	1	3	6	-1	.	2	0	.	1	4	.	4	0	.	4	0	4	2	3	.	2	.	.	-1	0	2	.	0	3	0	-1	3	2	-4	.	0	.	2	2	-2	1	1	.	2	1	2	3	6	0	2	2	-2	2	-2	0	2	1	.	1	-2	.	2	0	.	1	2	0	0	1	.	2	.
193	.	4	4	0	2	1	6	5	5	4	4	7	3	3	5	4	3	5	5	6	.	4	3	.	2	2	1	.	1	1	2	3	5	0	3	2	0	.	3	1	.	5	.	1	5	1	.	1	.	2	0	4	4	6	3	2	5	1	1	0	3	.	2	.	4	7	5	4	.	.	4	8	0	3	5	3	2	5	3	4	6	.	3	.	2	4	3	3	4	5	4	4	8	4	3	3	.	3	.	2	4	3	0	3	1	4	4	6	.	.	.	3	.	.	2	3	2	2	.	4	1	2	1	0	.	5	0	3	2	4	.	5	6	5	.
194	.	1	2	.	1	-1	.	.	0	0	3	1	.	0	4	3	2	5	0	0	0	0	.	2	0	1	0	0	1	.	0	.	0	1	1	4	-3	0	-1	0	1	1	.	0	0	0	0	0	0	1	1	0	1	0	-1	.	0	0	0	1	1	2	4	.	2	2	.	0	1	0	0	0	2	2	1	.	1	1	0	0	0	0	.	1	.	2	.	.	1	2	.	.	8	3	2	7	0	2	4	-1	1	2	3	3	3	5	1	.	3	2	4	0	1	3	0	0	3	1	3	0	1	.	1	0	1	1	0	.	1	0	0	.	0	0	3
195	0	1	-1	-2	2	-1	0	0	1	0	1	0	1	2	.	1	1	4	-1	.	0	1	.	0	0	1	0	-1	0	0	0	.	1	0	1	-1	-1	0	0	.	0	-4	2	3	4	0	1	0	0	2	0	1	.	1	2	2	4	.	0	0	-1	0	0	.	0	.	.	.	.	0	0	0	0	1	-1	0	.	0	1	2	5	-1	.	4	0	2	.	0	2	4	1	2	4	.	1	0	.	1	1	-1	1	0	0	1	0	.	1	.	.	.	4	.	0	0	-1	.	1	0	2	-1	-2	0	0	.	.	-1	.	1	.	0	1	.	-1	0	-1
196	.	2	.	4	4	4	6	.	.	3	.	4	3	3	7	3	2	6	7	2	.	.	5	.	.	3	4	4	.	6	5	3	4	5	2	5	6	2	6	3	1	4	8	3	9	5	4	5	3	.	.	2	1	5	6	4	7	.	1	2	.	3	.	5	3	8	5	2	4	5	2	3	2	2	5	2	3	3	5	4	.	.	1	2	3	3	4	.	2	6	7	2	7	4	2	5	5	.	3	8	3	7	6	3	8	3	1	.	4	.	.	6	5	8	.	4	10	6	3	5	3	2	.	5	4	.	8	3	7	3	2	.	6	3	8
197	1	3	.	1	3	1	3	4	5	2	2	.	.	3	6	0	.	3	2	1	1	3	4	5	2	4	5	1	.	2	2	2	.	.	3	5	2	2	2	3	.	3	.	3	.	.	.	9	4	2	5	2	4	.	3	.	6	1	2	3	-2	.	0	1	1	1	3	3	4	3	.	8	0	0	.	4	.	6	0	.	3	2	3	6	2	.	7	.	1	4	0	1	-1	.	2	3	2	3	.	3	3	5	2	1	5	1	3	2	8	5	8	3	4	7	2	3	1	.	.	3	2	3	3	2	.	6	.	3	3	.	3	.	1	3	3
198	1	.	0	0	0	0	1	.	0	1	0	0	2	0	2	0	0	-3	3	0	3	.	.	4	-1	-1	1	-1	.	-2	0	0	1	1	.	0	0	-1	-1	3	0	.	-1	-2	-4	0	-2	0	3	1	.	.	.	4	0	0	0	-4	-1	-4	0	-1	.	0	-2	0	0	0	1	0	.	1	0	0	0	1	0	.	-1	0	0	0	0	.	1	0	0	.	0	0	2	0	2	.	-2	.	.	0	-6	0	-1	-2	0	0	1	1	.	1	.	-2	-2	-1	-1	0	2	0	2	0	-1	-1	1	0	0	4	0	0	0	0	3	.	0	-2	0	0	1
199	0	3	3	0	3	0	-1	2	0	1	3	4	.	3	1	.	3	1	-1	3	1	1	2	2	2	4	7	-1	3	3	1	4	2	0	.	.	-1	1	-2	0	.	1	1	.	.	0	4	.	0	2	0	0	3	3	0	2	0	0	4	.	-2	1	0	.	2	.	0	1	2	0	.	2	-1	1	2	3	3	5	0	2	.	0	3	2	.	3	.	0	2	0	1	.	0	-3	2	0	1	.	2	.	1	.	0	2	-1	0	1	1	0	3	2	0	2	3	.	2	1	.	4	.	0	2	1	.	.	.	0	1	.	3	3	3	0	2	0
200	0	2	1	0	3	0	0	.	-2	0	3	.	-3	1	-2	.	.	0	-1	2	2	3	4	4	0	.	1	1	4	5	0	4	2	-1	3	.	0	3	2	-1	1	0	0	1	.	.	.	.	1	3	1	-1	1	1	0	4	0	1	3	.	0	3	.	0	2	0	-1	2	0	0	.	.	3	4	.	-2	.	2	1	.	4	.	3	3	1	2	-1	-4	2	-1	-1	2	0	0	.	4	3	3	3	1	3	4	-2	2	0	1	3	.	-2	1	2	.	3	.	-1	.	0	.	.	0	1	4	2	3	5	5	0	3	3	.	.	-1	0	.	-1
