1	1	0	1	2
1	2	1	0	0
1	3	0	0	0
1	4	2	1	4
1	5	1	2	3
1	6	1	0	0
1	7	-1	0	-1
1	8	.	1	0
1	9	3	3	4
1	10	0	1	0
1	11	0	0	1
1	12	0	1	1
1	13	1	0	3
1	14	2	1	4
1	15	0	0	.
2	1	4	2	5
2	2	1	1	0
2	3	1	1	0
2	4	0	0	2
2	5	3	1	4
2	6	1	1	1
2	7	4	1	4
2	8	.	1	6
2	9	1	0	1
2	10	1	1	2
2	11	0	1	0
2	12	1	0	3
2	13	2	0	3
2	14	2	2	4
2	15	-1	.	0
3	1	2	2	1
3	2	3	3	.
3	3	5	4	6
3	4	5	5	6
3	5	4	4	1
3	6	6	4	.
3	7	3	4	4
3	8	6	3	8
3	9	6	4	6
3	10	.	2	4
3	11	4	.	3
3	12	4	3	4
3	13	1	3	0
3	14	2	3	5
3	15	7	4	4
4	1	1	2	2
4	2	2	1	4
4	3	4	2	1
4	4	3	2	0
4	5	0	1	0
4	6	1	2	1
4	7	2	2	4
4	8	2	2	4
4	9	.	3	7
4	10	2	2	1
4	11	.	2	2
4	12	4	1	3
4	13	3	2	.
4	14	3	4	1
4	15	4	.	2
5	1	4	1	.
5	2	0	0	1
5	3	3	0	6
5	4	0	0	4
5	5	0	0	1
5	6	-1	-1	.
5	7	1	0	1
5	8	1	0	3
5	9	.	.	0
5	10	0	0	2
5	11	0	0	5
5	12	0	0	.
5	13	0	-2	.
5	14	0	1	4
5	15	0	0	3
6	1	0	3	2
6	2	4	7	7
6	3	1	3	4
6	4	2	5	7
6	5	2	4	5
6	6	2	4	4
6	7	2	3	5
6	8	5	5	5
6	9	3	.	8
6	10	3	5	8
6	11	0	2	2
6	12	1	3	2
6	13	3	5	.
6	14	1	4	.
6	15	4	.	6
7	1	3	3	6
7	2	0	3	5
7	3	0	2	2
7	4	.	3	4
7	5	0	1	2
7	6	1	1	2
7	7	0	2	2
7	8	1	2	4
7	9	2	5	5
7	10	0	3	5
7	11	0	2	5
7	12	2	.	3
7	13	1	2	1
7	14	1	3	2
7	15	2	3	8
8	1	.	3	-2
8	2	0	2	0
8	3	-1	3	0
8	4	0	4	2
8	5	0	4	.
8	6	-1	3	1
8	7	-2	3	-1
8	8	0	3	0
8	9	0	3	.
8	10	1	5	.
8	11	-3	3	-3
8	12	-1	1	0
8	13	0	1	0
8	14	-2	3	.
8	15	0	4	-1
9	1	0	2	0
9	2	0	.	-1
9	3	3	3	5
9	4	2	2	3
9	5	3	3	3
9	6	2	4	5
9	7	0	1	1
9	8	1	3	.
9	9	1	2	4
9	10	1	.	6
9	11	0	2	2
9	12	0	3	1
9	13	0	2	2
9	14	4	3	5
9	15	-1	0	-2
10	1	3	1	2
10	2	1	1	2
10	3	0	0	3
10	4	1	1	5
10	5	.	0	0
10	6	0	1	6
10	7	-2	0	.
10	8	-1	0	-1
10	9	1	1	.
10	10	0	1	.
10	11	1	3	1
10	12	0	1	1
10	13	2	0	3
10	14	1	1	-1
10	15	.	2	.
11	1	2	7	.
11	2	5	8	7
11	3	4	7	5
11	4	.	8	6
11	5	4	7	7
11	6	3	5	4
11	7	3	4	1
11	8	2	.	6
11	9	2	6	3
11	10	4	.	4
11	11	3	5	2
11	12	4	6	3
11	13	1	5	.
11	14	.	7	4
11	15	.	6	5
12	1	1	5	3
12	2	2	5	0
12	3	2	5	1
12	4	2	5	.
12	5	3	.	0
12	6	1	5	2
12	7	0	3	-1
12	8	2	6	3
12	9	0	6	1
12	10	-1	3	0
12	11	2	5	1
12	12	2	.	3
12	13	1	.	.
12	14	4	5	3
12	15	1	6	2
13	1	3	1	6
13	2	4	1	1
13	3	3	0	4
13	4	4	2	5
13	5	0	3	4
13	6	0	0	.
13	7	0	0	3
13	8	4	4	3
13	9	2	1	3
13	10	4	1	3
13	11	2	0	4
13	12	.	0	2
13	13	2	1	2
13	14	3	1	2
13	15	2	3	.
14	1	4	3	.
14	2	1	2	4
14	3	0	2	2
14	4	2	2	.
14	5	.	3	5
14	6	5	3	6
14	7	0	2	4
14	8	2	.	5
14	9	4	.	4
14	10	3	5	5
14	11	2	2	3
14	12	4	2	4
14	13	2	1	2
14	14	0	1	.
14	15	.	4	5
15	1	1	3	2
15	2	0	.	4
15	3	0	1	0
15	4	3	2	5
15	5	2	3	3
15	6	0	0	0
15	7	1	2	2
15	8	-1	0	0
15	9	2	2	0
15	10	2	.	3
15	11	1	2	0
15	12	1	1	5
15	13	0	1	2
15	14	.	-1	-3
15	15	0	0	1
16	1	4	3	8
16	2	5	5	9
16	3	3	3	6
16	4	3	4	6
16	5	2	3	3
16	6	0	2	6
16	7	2	.	3
16	8	5	5	10
16	9	4	5	8
16	10	3	5	6
16	11	6	5	6
16	12	.	5	1
16	13	4	4	.
16	14	3	.	5
16	15	1	4	4
17	1	1	2	0
17	2	0	2	5
17	3	2	2	5
17	4	1	3	.
17	5	0	2	0
17	6	0	1	-1
17	7	3	2	7
17	8	2	3	1
17	9	2	4	4
17	10	2	3	1
17	11	0	3	0
17	12	0	2	.
17	13	.	3	1
17	14	0	2	-1
17	15	2	4	6
18	1	1	0	.
18	2	-2	-2	-1
18	3	-1	-1	0
18	4	0	-1	-2
18	5	-1	0	0
18	6	0	0	0
18	7	-1	-1	0
18	8	0	-1	0
18	9	-1	0	-2
18	10	1	0	0
18	11	0	0	0
18	12	0	0	0
18	13	-1	0	-1
18	14	-3	-2	-2
18	15	0	0	1
19	1	.	.	5
19	2	2	3	5
19	3	1	5	5
19	4	0	2	0
19	5	.	4	3
19	6	1	2	3
19	7	.	3	0
19	8	0	2	5
19	9	2	2	5
19	10	2	3	1
19	11	0	.	.
19	12	2	3	6
19	13	0	1	-1
19	14	1	4	3
19	15	.	4	5
20	1	0	4	3
20	2	2	5	2
20	3	3	4	4
20	4	3	.	2
20	5	1	3	4
20	6	0	3	1
20	7	0	4	4
20	8	3	4	5
20	9	0	2	.
20	10	1	4	1
20	11	2	.	2
20	12	3	3	4
20	13	1	3	0
20	14	0	2	0
20	15	0	4	.
21	1	3	1	2
21	2	.	1	0
21	3	0	1	2
21	4	1	2	.
21	5	2	0	0
21	6	3	2	4
21	7	4	2	2
21	8	4	3	3
21	9	0	1	0
21	10	-1	0	-1
21	11	2	0	1
21	12	1	1	2
21	13	1	1	3
21	14	0	1	.
21	15	-1	1	0
22	1	0	1	3
22	2	2	.	5
22	3	4	3	4
22	4	2	3	3
22	5	-1	1	2
22	6	0	0	-1
22	7	0	0	-1
22	8	.	2	4
22	9	3	3	2
22	10	1	4	1
22	11	-1	1	1
22	12	3	3	.
22	13	1	1	1
22	14	.	3	5
22	15	2	2	1
23	1	1	4	2
23	2	0	2	0
23	3	0	1	0
23	4	0	.	0
23	5	-1	1	-1
23	6	.	3	1
23	7	0	3	3
23	8	-1	3	0
23	9	-1	3	.
23	10	0	3	1
23	11	0	2	0
23	12	0	2	.
23	13	-2	1	.
23	14	0	4	0
23	15	2	4	0
24	1	0	1	.
24	2	2	1	1
24	3	0	3	2
24	4	0	1	-1
24	5	-1	0	0
24	6	0	1	-1
24	7	1	2	3
24	8	1	2	3
24	9	0	2	.
24	10	2	2	3
24	11	1	3	2
24	12	1	2	1
24	13	-1	2	.
24	14	0	3	0
24	15	0	2	1
25	1	2	1	2
25	2	1	0	3
25	3	4	0	3
25	4	1	0	0
25	5	0	0	0
25	6	3	0	1
25	7	6	1	6
25	8	0	1	1
25	9	5	0	4
25	10	1	-1	2
25	11	1	0	2
25	12	2	0	0
25	13	2	-1	0
25	14	4	1	6
25	15	2	-1	4
26	1	0	0	1
26	2	2	0	3
26	3	3	3	6
26	4	0	0	3
26	5	-2	.	-2
26	6	0	0	-2
26	7	-2	0	-2
26	8	-2	0	-3
26	9	2	0	2
26	10	-1	0	-1
26	11	2	.	.
26	12	1	2	3
26	13	.	0	0
26	14	0	0	0
26	15	0	1	0
27	1	4	4	5
27	2	1	.	4
27	3	4	5	5
27	4	5	4	6
27	5	4	5	5
27	6	1	3	3
27	7	4	6	5
27	8	.	5	.
27	9	3	7	7
27	10	.	6	5
27	11	2	5	4
27	12	4	5	3
27	13	2	5	6
27	14	2	4	3
27	15	4	4	.
28	1	1	3	2
28	2	.	0	0
28	3	0	2	-2
28	4	2	3	0
28	5	1	3	1
28	6	-1	2	.
28	7	1	3	0
28	8	2	3	4
28	9	4	5	.
28	10	-1	3	-2
28	11	1	4	.
28	12	1	3	0
28	13	2	5	2
28	14	.	3	3
28	15	2	4	2
29	1	0	0	0
29	2	.	1	0
29	3	0	1	-1
29	4	0	0	1
29	5	2	2	.
29	6	0	1	0
29	7	0	1	1
29	8	1	1	1
29	9	-1	0	0
29	10	1	1	2
29	11	0	0	-2
29	12	4	2	4
29	13	1	1	0
29	14	1	0	1
29	15	0	1	1
30	1	5	6	6
30	2	3	4	6
30	3	3	4	3
30	4	1	3	2
30	5	2	4	1
30	6	1	4	3
30	7	4	3	8
30	8	3	4	.
30	9	4	3	4
30	10	4	5	5
30	11	.	.	6
30	12	1	.	3
30	13	2	3	4
30	14	.	.	.
30	15	3	.	.
31	1	2	3	6
31	2	6	2	8
31	3	3	.	3
31	4	0	0	3
31	5	4	2	7
31	6	3	.	4
31	7	3	2	6
31	8	1	0	2
31	9	1	1	5
31	10	1	0	0
31	11	5	2	4
31	12	2	1	1
31	13	2	.	3
31	14	3	.	3
31	15	3	1	5
32	1	1	3	1
32	2	4	2	4
32	3	.	.	2
32	4	1	3	4
32	5	2	1	2
32	6	-1	0	0
32	7	0	.	1
32	8	2	2	7
32	9	0	1	3
32	10	.	0	0
32	11	4	3	.
32	12	1	2	3
32	13	1	1	3
32	14	0	2	1
32	15	3	4	5
33	1	.	3	7
33	2	1	2	3
33	3	2	1	4
33	4	0	1	0
33	5	0	2	4
33	6	6	4	3
33	7	3	4	6
33	8	2	.	5
33	9	1	1	2
33	10	0	2	0
33	11	4	4	8
33	12	.	1	4
33	13	0	2	1
33	14	4	2	6
33	15	0	1	6
34	1	3	4	6
34	2	4	2	6
34	3	2	2	5
34	4	6	4	7
34	5	3	4	5
34	6	4	1	1
34	7	3	3	3
34	8	3	2	3
34	9	1	.	3
34	10	4	3	5
34	11	3	.	2
34	12	4	3	3
34	13	4	2	5
34	14	.	2	3
34	15	.	3	6
35	1	6	5	8
35	2	5	5	6
35	3	6	3	.
35	4	2	4	5
35	5	3	4	.
35	6	4	3	4
35	7	4	4	4
35	8	3	3	4
35	9	4	.	4
35	10	4	.	6
35	11	5	4	5
35	12	.	.	8
35	13	5	3	3
35	14	5	4	5
35	15	3	.	2
36	1	2	2	.
36	2	4	3	.
36	3	2	1	.
36	4	2	2	3
36	5	.	1	.
36	6	.	1	4
36	7	2	1	3
36	8	1	2	1
36	9	3	0	2
36	10	3	3	4
36	11	4	2	5
36	12	3	2	.
36	13	4	2	4
36	14	4	1	6
36	15	5	.	7
37	1	.	1	1
37	2	4	4	6
37	3	0	3	0
37	4	.	1	1
37	5	3	3	1
37	6	2	3	2
37	7	.	4	5
37	8	5	3	4
37	9	3	3	5
37	10	0	1	1
37	11	.	5	2
37	12	2	4	.
37	13	5	3	4
37	14	2	3	2
37	15	5	2	4
38	1	.	2	0
38	2	4	3	.
38	3	1	3	-1
38	4	2	4	.
38	5	2	1	4
38	6	0	2	0
38	7	4	2	4
38	8	3	4	.
38	9	2	2	3
38	10	2	2	.
38	11	2	3	4
38	12	3	2	3
38	13	.	3	5
38	14	2	1	2
38	15	2	2	5
39	1	1	.	3
39	2	3	2	.
39	3	0	1	2
39	4	0	2	4
39	5	0	.	1
39	6	3	2	.
39	7	2	0	1
39	8	.	4	6
39	9	1	3	6
39	10	0	2	2
39	11	1	3	6
39	12	1	3	2
39	13	2	2	.
39	14	1	2	1
39	15	1	2	4
40	1	1	4	3
40	2	-2	3	1
40	3	0	2	1
40	4	.	.	2
40	5	3	4	4
40	6	0	.	.
40	7	0	2	4
40	8	4	4	5
40	9	1	4	2
40	10	5	3	.
40	11	3	5	5
40	12	0	2	0
40	13	1	.	2
40	14	-1	2	1
40	15	0	6	6
41	1	3	2	5
41	2	0	0	0
41	3	.	0	1
41	4	3	1	3
41	5	0	0	0
41	6	2	1	6
41	7	2	0	2
41	8	-1	0	0
41	9	1	1	3
41	10	0	0	5
41	11	-3	.	-1
41	12	1	0	3
41	13	0	0	1
41	14	0	0	1
41	15	0	1	0
42	1	0	2	3
42	2	3	4	6
42	3	-2	0	0
42	4	4	3	4
42	5	0	2	2
42	6	.	3	5
42	7	1	2	5
42	8	2	3	2
42	9	0	2	0
42	10	1	2	5
42	11	2	3	3
42	12	3	3	3
42	13	0	1	3
42	14	4	3	3
42	15	0	.	4
43	1	0	1	0
43	2	0	0	0
43	3	.	0	-1
43	4	0	2	1
43	5	0	0	3
43	6	1	0	3
43	7	2	2	4
43	8	0	1	0
43	9	2	3	1
43	10	0	0	1
43	11	0	0	-2
43	12	.	0	2
43	13	0	.	-3
43	14	0	.	.
43	15	0	2	2
44	1	2	.	6
44	2	3	4	7
44	3	2	4	5
44	4	2	4	6
44	5	4	5	6
44	6	4	4	7
44	7	3	4	4
44	8	6	4	.
44	9	5	.	10
44	10	4	4	.
44	11	4	4	7
44	12	.	5	6
44	13	6	5	8
44	14	4	.	7
44	15	4	4	6
45	1	3	5	6
45	2	3	3	4
45	3	5	5	6
45	4	4	4	5
45	5	2	2	1
45	6	3	3	4
45	7	5	3	6
45	8	6	5	5
45	9	5	4	5
45	10	.	2	.
45	11	4	4	4
45	12	1	5	2
45	13	2	5	3
45	14	2	3	.
45	15	4	3	2
46	1	2	1	5
46	2	0	-1	0
46	3	2	0	0
46	4	3	0	1
46	5	2	0	5
46	6	0	0	0
46	7	-1	0	0
46	8	1	0	3
46	9	0	0	0
46	10	2	1	3
46	11	.	-2	-1
46	12	-1	0	2
46	13	-2	0	-1
46	14	.	0	-1
46	15	.	.	1
47	1	2	2	4
47	2	2	1	7
47	3	0	0	3
47	4	0	0	0
47	5	0	0	3
47	6	0	.	3
47	7	-2	-1	-3
47	8	1	.	2
47	9	1	1	.
47	10	0	0	0
47	11	-1	0	-2
47	12	0	1	1
47	13	0	-1	-1
47	14	.	.	.
47	15	-1	0	0
48	1	2	1	.
48	2	2	2	2
48	3	2	1	2
48	4	1	1	0
48	5	0	0	1
48	6	0	1	0
48	7	0	0	0
48	8	0	1	1
48	9	.	.	2
48	10	1	0	2
48	11	3	1	3
48	12	4	2	6
48	13	3	1	3
48	14	4	2	5
48	15	1	0	2
49	1	9	6	6
49	2	5	5	4
49	3	3	4	0
49	4	6	4	3
49	5	1	3	0
49	6	5	7	2
49	7	3	4	0
49	8	3	5	5
49	9	2	6	1
49	10	.	4	1
49	11	6	6	5
49	12	6	5	3
49	13	6	6	.
49	14	4	3	3
49	15	5	.	4
50	1	.	2	4
50	2	2	4	.
50	3	2	2	3
50	4	1	.	3
50	5	1	1	2
50	6	0	2	0
50	7	1	2	1
50	8	0	1	1
50	9	2	3	5
50	10	-1	1	-2
50	11	0	2	1
50	12	1	.	2
50	13	0	1	.
50	14	.	.	4
50	15	2	2	0
51	1	0	1	0
51	2	2	2	2
51	3	4	3	3
51	4	6	.	6
51	5	3	.	3
51	6	2	4	3
51	7	1	1	.
51	8	4	4	6
51	9	3	3	4
51	10	1	1	-1
51	11	.	2	3
51	12	.	3	.
51	13	0	2	1
51	14	3	1	2
51	15	1	3	0
52	1	2	2	3
52	2	.	1	2
52	3	3	3	3
52	4	2	2	3
52	5	.	3	.
52	6	1	1	3
52	7	0	1	-3
52	8	1	3	.
52	9	3	2	3
52	10	0	2	3
52	11	3	3	4
52	12	2	1	5
52	13	3	2	5
52	14	1	1	.
52	15	0	2	2
53	1	0	2	.
53	2	3	3	4
53	3	3	2	.
53	4	.	3	3
53	5	0	3	2
53	6	7	4	5
53	7	4	3	2
53	8	1	1	.
53	9	4	3	5
53	10	3	2	3
53	11	3	3	3
53	12	2	3	2
53	13	2	2	0
53	14	.	3	2
53	15	.	1	.
54	1	2	1	.
54	2	4	1	4
54	3	4	2	7
54	4	4	3	6
54	5	2	.	5
54	6	4	1	5
54	7	.	2	5
54	8	2	0	.
54	9	8	3	8
54	10	3	.	.
54	11	3	2	3
54	12	3	1	6
54	13	5	1	5
54	14	5	3	6
54	15	1	3	7
55	1	3	.	2
55	2	1	.	3
55	3	3	3	3
55	4	4	.	2
55	5	6	.	5
55	6	2	2	1
55	7	4	1	1
55	8	.	3	3
55	9	0	3	2
55	10	3	3	5
55	11	3	2	.
55	12	0	2	0
55	13	1	2	0
55	14	1	2	0
55	15	2	3	5
56	1	6	5	11
56	2	1	4	2
56	3	.	.	6
56	4	2	4	5
56	5	6	6	7
56	6	0	2	1
56	7	0	5	.
56	8	1	3	1
56	9	.	4	4
56	10	.	4	1
56	11	1	3	3
56	12	4	6	7
56	13	3	5	3
56	14	7	6	10
56	15	4	4	.
57	1	-2	0	-2
57	2	-1	0	.
57	3	0	0	0
57	4	0	0	1
57	5	1	0	0
57	6	1	0	.
57	7	0	0	2
57	8	-1	0	-2
57	9	-2	0	-1
57	10	-2	0	-1
57	11	.	0	0
57	12	.	1	3
57	13	2	0	.
57	14	2	1	.
57	15	4	0	4
58	1	5	4	7
58	2	1	3	3
58	3	3	3	5
58	4	1	1	2
58	5	2	3	3
58	6	2	3	2
58	7	1	2	3
58	8	3	2	3
58	9	.	3	6
58	10	2	3	3
58	11	0	3	2
58	12	0	3	1
58	13	3	2	.
58	14	5	.	5
58	15	.	1	1
59	1	.	4	5
59	2	0	2	.
59	3	4	.	2
59	4	0	2	0
59	5	1	2	0
59	6	2	4	2
59	7	2	2	4
59	8	1	.	4
59	9	2	2	1
59	10	0	1	.
59	11	0	2	0
59	12	0	2	2
59	13	4	4	3
59	14	3	3	2
59	15	0	1	1
60	1	1	.	2
60	2	0	3	3
60	3	1	3	2
60	4	3	5	6
60	5	1	.	4
60	6	2	4	.
60	7	2	3	4
60	8	0	2	0
60	9	0	4	2
60	10	-1	3	5
60	11	3	3	4
60	12	2	4	4
60	13	2	3	3
60	14	3	.	5
60	15	0	2	1
61	1	0	.	-3
61	2	-1	3	-2
61	3	3	.	4
61	4	.	.	1
61	5	1	3	3
61	6	3	3	2
61	7	3	6	4
61	8	4	4	4
61	9	1	.	2
61	10	.	2	0
61	11	4	3	4
61	12	2	4	3
61	13	0	3	2
61	14	.	4	.
61	15	0	3	-1
62	1	0	1	0
62	2	1	1	4
62	3	0	2	4
62	4	.	0	2
62	5	4	1	3
62	6	3	2	3
62	7	0	0	3
62	8	2	.	1
62	9	3	.	2
62	10	1	2	4
62	11	0	0	5
62	12	0	1	.
62	13	3	2	4
62	14	-1	0	.
62	15	0	.	.
63	1	3	2	3
63	2	0	0	0
63	3	0	2	0
63	4	0	3	0
63	5	0	4	3
63	6	-3	1	-1
63	7	0	3	5
63	8	-2	2	0
63	9	1	2	3
63	10	1	2	3
63	11	2	3	2
63	12	1	3	1
63	13	0	3	2
63	14	3	3	7
63	15	1	3	1
64	1	3	3	3
64	2	.	3	1
64	3	2	2	0
64	4	2	5	4
64	5	0	2	0
64	6	0	3	1
64	7	2	3	6
64	8	0	.	0
64	9	2	.	4
64	10	2	2	-1
64	11	.	3	4
64	12	0	1	0
64	13	.	2	0
64	14	4	2	4
64	15	3	2	.
65	1	0	1	2
65	2	0	1	2
65	3	0	0	0
65	4	2	.	4
65	5	0	0	.
65	6	0	1	0
65	7	-1	0	-2
65	8	0	2	2
65	9	1	1	1
65	10	0	2	0
65	11	0	2	3
65	12	-1	0	1
65	13	4	3	6
65	14	-4	1	.
65	15	1	2	5
66	1	3	2	4
66	2	0	1	2
66	3	.	0	2
66	4	3	1	6
66	5	4	3	4
66	6	.	1	0
66	7	7	3	10
66	8	5	.	8
66	9	1	1	1
66	10	2	.	3
66	11	2	2	1
66	12	1	2	1
66	13	2	3	4
66	14	.	1	3
66	15	3	3	3
67	1	3	2	.
67	2	-1	0	0
67	3	2	1	1
67	4	4	.	6
67	5	2	2	3
67	6	3	2	6
67	7	2	2	5
67	8	3	2	4
67	9	5	.	7
67	10	2	1	.
67	11	3	1	3
67	12	1	0	4
67	13	1	0	0
67	14	.	0	3
67	15	6	3	10
68	1	3	3	3
68	2	6	3	6
68	3	2	3	0
68	4	2	5	.
68	5	3	3	2
68	6	4	3	5
68	7	1	3	2
68	8	0	1	-2
68	9	4	.	.
68	10	0	.	.
68	11	3	3	5
68	12	3	2	3
68	13	5	3	6
68	14	3	.	2
68	15	2	2	3
69	1	2	4	4
69	2	2	3	2
69	3	4	4	7
69	4	.	.	3
69	5	.	1	0
69	6	0	.	4
69	7	1	3	0
69	8	-1	0	0
69	9	1	3	4
69	10	4	4	4
69	11	.	2	3
69	12	0	2	0
69	13	1	2	2
69	14	0	.	1
69	15	4	3	.
70	1	6	5	8
70	2	2	5	3
70	3	4	5	3
70	4	6	6	7
70	5	4	6	8
70	6	4	.	8
70	7	6	7	9
70	8	4	5	10
70	9	5	6	9
70	10	5	5	.
70	11	2	5	0
70	12	.	6	5
70	13	.	6	4
70	14	6	6	5
70	15	1	4	1
71	1	2	2	0
71	2	4	3	6
71	3	3	3	2
71	4	0	1	0
71	5	2	2	2
71	6	0	1	2
71	7	1	3	4
71	8	4	4	.
71	9	0	1	0
71	10	2	2	1
71	11	0	1	2
71	12	0	0	-1
71	13	0	3	1
71	14	3	2	.
71	15	5	4	7
72	1	-7	-1	-5
72	2	1	.	1
72	3	0	1	0
72	4	0	0	0
72	5	0	0	-2
72	6	-3	-1	-2
72	7	1	.	1
72	8	.	-1	-4
72	9	-2	0	1
72	10	0	0	2
72	11	0	1	1
72	12	-1	0	-3
72	13	-3	0	-1
72	14	0	-1	.
72	15	-1	0	1
73	1	5	3	6
73	2	5	3	5
73	3	2	3	4
73	4	4	3	.
73	5	3	1	4
73	6	5	3	4
73	7	1	3	1
73	8	2	2	1
73	9	0	0	2
73	10	3	2	4
73	11	0	1	1
73	12	0	1	3
73	13	0	0	2
73	14	1	1	2
73	15	0	1	2
74	1	2	0	.
74	2	1	0	.
74	3	0	1	0
74	4	2	2	4
74	5	3	2	2
74	6	2	0	5
74	7	0	1	-2
74	8	3	2	1
74	9	0	0	0
74	10	2	2	0
74	11	.	2	5
74	12	1	1	.
74	13	0	1	0
74	14	2	2	0
74	15	0	1	.
75	1	3	2	3
75	2	-1	0	-2
75	3	0	2	0
75	4	1	2	1
75	5	0	2	2
75	6	0	0	0
75	7	0	0	0
75	8	-1	0	-1
75	9	0	0	.
75	10	0	2	1
75	11	.	1	0
75	12	.	2	2
75	13	.	2	0
75	14	-1	1	-2
75	15	1	2	1
76	1	5	3	4
76	2	5	2	4
76	3	.	3	.
76	4	4	2	1
76	5	3	3	5
76	6	.	3	2
76	7	4	3	5
76	8	3	1	3
76	9	3	2	2
76	10	3	1	.
76	11	3	2	2
76	12	2	2	4
76	13	3	2	3
76	14	2	3	2
76	15	1	3	5
77	1	-1	1	0
77	2	0	2	.
77	3	1	.	4
77	4	0	2	0
77	5	0	2	0
77	6	4	5	4
77	7	1	2	5
77	8	.	3	2
77	9	1	2	2
77	10	3	2	2
77	11	2	.	2
77	12	2	2	.
77	13	1	1	1
77	14	0	3	2
77	15	1	2	1
78	1	-1	1	0
78	2	1	0	1
78	3	1	2	3
78	4	0	-1	-1
78	5	1	.	.
78	6	1	1	1
78	7	0	1	0
78	8	0	0	1
78	9	.	1	1
78	10	1	0	0
78	11	-1	0	-2
78	12	-1	0	-1
78	13	-1	0	1
78	14	1	1	3
78	15	0	1	-2
79	1	0	1	1
79	2	-1	1	0
79	3	0	2	3
79	4	3	2	3
79	5	-1	1	0
79	6	0	1	1
79	7	0	3	2
79	8	2	3	5
79	9	2	3	6
79	10	5	5	9
79	11	2	3	5
79	12	2	1	3
79	13	4	4	5
79	14	1	.	1
79	15	0	3	3
80	1	2	1	.
80	2	0	0	0
80	3	-2	0	0
80	4	5	3	5
80	5	.	1	2
80	6	0	.	0
80	7	.	0	0
80	8	1	1	2
80	9	0	.	.
80	10	2	0	5
80	11	1	1	3
80	12	3	3	1
80	13	2	1	0
80	14	0	1	.
80	15	3	1	3
81	1	2	3	1
81	2	0	3	.
81	3	0	5	.
81	4	.	6	4
81	5	0	2	-1
81	6	0	4	2
81	7	3	4	2
81	8	3	.	6
81	9	1	3	5
81	10	2	.	3
81	11	1	4	4
81	12	1	2	2
81	13	2	4	1
81	14	6	5	7
81	15	4	4	4
82	1	1	2	.
82	2	4	4	8
82	3	4	3	3
82	4	4	4	3
82	5	3	4	7
82	6	4	4	.
82	7	2	3	4
82	8	1	2	3
82	9	2	3	3
82	10	2	.	4
82	11	0	3	2
82	12	4	4	7
82	13	2	2	2
82	14	.	.	5
82	15	4	4	6
83	1	.	3	2
83	2	2	1	4
83	3	0	1	1
83	4	.	2	3
83	5	0	2	2
83	6	-1	1	-3
83	7	.	2	0
83	8	0	3	1
83	9	2	2	3
83	10	1	1	0
83	11	0	2	1
83	12	0	1	0
83	13	0	2	1
83	14	-1	.	1
83	15	-3	0	-3
84	1	7	2	7
84	2	5	0	6
84	3	3	1	4
84	4	-2	0	0
84	5	.	1	3
84	6	3	2	4
84	7	.	2	5
84	8	4	2	5
84	9	4	3	4
84	10	2	1	3
84	11	6	2	5
84	12	3	1	5
84	13	5	1	8
84	14	1	.	5
84	15	3	.	5
85	1	0	2	1
85	2	0	.	2
85	3	1	3	3
85	4	1	3	2
85	5	1	1	0
85	6	1	1	1
85	7	3	2	3
85	8	1	3	0
85	9	0	2	1
85	10	.	2	0
85	11	-1	2	-1
85	12	.	2	1
85	13	0	2	1
85	14	0	2	0
85	15	1	1	1
86	1	1	1	.
86	2	3	.	5
86	3	1	.	2
86	4	3	0	3
86	5	0	1	0
86	6	0	0	0
86	7	0	0	1
86	8	0	1	3
86	9	.	1	1
86	10	1	1	.
86	11	5	2	8
86	12	3	.	8
86	13	5	3	.
86	14	3	2	5
86	15	1	2	1
87	1	2	1	1
87	2	1	2	3
87	3	2	2	2
87	4	6	2	6
87	5	3	2	5
87	6	5	2	5
87	7	3	3	4
87	8	1	1	0
87	9	3	4	4
87	10	2	.	1
87	11	.	1	3
87	12	6	3	.
87	13	5	2	.
87	14	4	2	3
87	15	1	1	0
88	1	2	3	2
88	2	5	4	7
88	3	.	4	5
88	4	1	3	4
88	5	1	4	7
88	6	2	5	4
88	7	0	3	2
88	8	1	5	3
88	9	1	4	3
88	10	2	.	1
88	11	1	2	.
88	12	2	2	2
88	13	0	.	0
88	14	3	4	3
88	15	2	4	4
89	1	1	1	4
89	2	0	0	2
89	3	-1	0	-2
89	4	3	2	.
89	5	2	0	0
89	6	2	1	5
89	7	2	2	8
89	8	0	1	2
89	9	4	2	2
89	10	1	1	1
89	11	2	3	4
89	12	0	1	1
89	13	1	.	3
89	14	3	2	6
89	15	3	.	8
90	1	-1	1	1
90	2	3	3	6
90	3	1	1	6
90	4	3	2	7
90	5	3	0	4
90	6	2	1	6
90	7	4	3	4
90	8	2	2	8
90	9	2	0	4
90	10	2	2	6
90	11	4	1	6
90	12	3	0	4
90	13	1	1	4
90	14	4	0	6
90	15	3	2	5
91	1	3	5	5
91	2	.	5	5
91	3	1	6	4
91	4	1	5	3
91	5	0	5	2
91	6	0	6	1
91	7	0	4	0
91	8	1	5	1
91	9	.	5	0
91	10	0	5	2
91	11	0	.	1
91	12	0	5	2
91	13	1	4	3
91	14	3	5	1
91	15	0	4	1
92	1	4	1	5
92	2	0	0	0
92	3	3	1	3
92	4	.	2	6
92	5	2	0	.
92	6	2	0	5
92	7	2	0	1
92	8	2	0	3
92	9	3	0	5
92	10	0	0	3
92	11	2	0	2
92	12	2	0	5
92	13	.	0	.
92	14	4	1	6
92	15	5	0	5
93	1	2	4	3
93	2	1	.	0
93	3	3	2	4
93	4	4	3	4
93	5	3	4	3
93	6	3	4	.
93	7	5	3	3
93	8	1	4	3
93	9	3	2	.
93	10	3	3	3
93	11	2	1	0
93	12	.	3	3
93	13	5	4	5
93	14	3	.	3
93	15	0	3	2
94	1	0	2	0
94	2	0	2	0
94	3	1	.	0
94	4	2	3	.
94	5	1	3	0
94	6	0	3	-2
94	7	0	.	.
94	8	1	1	1
94	9	3	2	0
94	10	0	4	3
94	11	0	3	1
94	12	1	.	0
94	13	0	1	0
94	14	0	.	0
94	15	2	3	1
95	1	5	3	5
95	2	.	3	5
95	3	5	3	7
95	4	2	2	4
95	5	2	3	5
95	6	3	2	5
95	7	0	2	2
95	8	3	2	5
95	9	4	4	5
95	10	7	4	7
95	11	3	3	7
95	12	2	.	0
95	13	4	3	4
95	14	3	.	.
95	15	2	3	6
96	1	1	2	2
96	2	.	0	0
96	3	0	0	2
96	4	-4	.	.
96	5	0	1	2
96	6	1	3	4
96	7	3	.	4
96	8	-2	0	.
96	9	1	.	4
96	10	-1	2	0
96	11	0	3	2
96	12	.	0	-1
96	13	1	2	1
96	14	-2	1	0
96	15	0	1	5
97	1	3	.	.
97	2	.	.	3
97	3	5	6	7
97	4	5	.	8
97	5	.	5	6
97	6	5	5	6
97	7	5	4	4
97	8	3	7	6
97	9	3	4	4
97	10	4	5	3
97	11	6	5	10
97	12	5	4	.
97	13	.	4	6
97	14	4	.	7
97	15	9	6	.
98	1	1	.	2
98	2	3	6	7
98	3	4	.	6
98	4	3	5	9
98	5	4	6	8
98	6	.	6	.
98	7	.	6	8
98	8	0	.	5
98	9	4	6	7
98	10	0	2	4
98	11	7	.	8
98	12	2	3	4
98	13	3	3	6
98	14	2	4	5
98	15	0	4	5
99	1	1	2	1
99	2	4	3	1
99	3	2	2	0
99	4	4	3	6
99	5	0	1	0
99	6	1	3	0
99	7	1	2	2
99	8	0	1	0
99	9	1	2	2
99	10	4	3	6
99	11	0	1	0
99	12	0	1	1
99	13	0	1	-1
99	14	3	3	3
99	15	1	3	0
100	1	2	0	1
100	2	2	0	0
100	3	4	1	.
100	4	3	2	.
100	5	.	0	1
100	6	0	0	-1
100	7	2	2	.
100	8	3	1	5
100	9	3	1	6
100	10	0	0	.
100	11	0	2	0
100	12	.	1	1
100	13	.	0	2
100	14	0	0	0
100	15	3	2	5
101	1	4	3	5
101	2	0	.	0
101	3	0	1	-3
101	4	0	2	0
101	5	3	2	2
101	6	.	.	1
101	7	4	2	.
101	8	.	2	1
101	9	.	1	0
101	10	2	4	4
101	11	0	2	0
101	12	0	.	1
101	13	1	2	.
101	14	1	2	0
101	15	0	0	-1
102	1	3	4	6
102	2	3	4	5
102	3	3	3	5
102	4	3	2	3
102	5	3	4	4
102	6	1	5	0
102	7	4	3	3
102	8	1	2	0
102	9	4	4	.
102	10	1	3	2
102	11	0	2	0
102	12	2	3	3
102	13	0	0	1
102	14	1	3	1
102	15	.	4	5
103	1	3	.	5
103	2	1	0	.
103	3	2	2	2
103	4	0	0	.
103	5	6	2	6
103	6	.	1	3
103	7	0	0	.
103	8	4	1	3
103	9	0	0	.
103	10	1	1	0
103	11	3	1	1
103	12	4	3	4
103	13	1	0	0
103	14	0	1	2
103	15	0	1	.
104	1	3	1	2
104	2	3	.	5
104	3	2	1	4
104	4	.	1	5
104	5	-3	0	-1
104	6	.	1	5
104	7	2	1	3
104	8	0	-1	1
104	9	.	.	0
104	10	-1	0	0
104	11	.	0	3
104	12	0	0	1
104	13	-2	-2	-1
104	14	-2	.	0
104	15	0	0	0
105	1	0	0	0
105	2	0	1	-1
105	3	1	2	1
105	4	0	.	0
105	5	0	1	0
105	6	4	2	.
105	7	0	0	0
105	8	4	2	4
105	9	.	0	.
105	10	1	.	4
105	11	0	1	0
105	12	0	1	0
105	13	3	1	0
105	14	1	2	0
105	15	3	3	6
106	1	3	3	4
106	2	0	1	0
106	3	1	2	2
106	4	2	1	3
106	5	3	2	5
106	6	0	0	0
106	7	0	2	0
106	8	4	4	.
106	9	4	2	5
106	10	1	2	3
106	11	0	1	2
106	12	1	2	1
106	13	2	4	4
106	14	4	3	7
106	15	2	2	3
107	1	.	0	.
107	2	0	1	3
107	3	0	0	5
107	4	0	0	2
107	5	0	1	5
107	6	2	3	5
107	7	2	0	3
107	8	2	1	4
107	9	1	1	.
107	10	0	0	3
107	11	0	0	4
107	12	1	2	4
107	13	1	1	3
107	14	0	0	3
107	15	0	1	3
108	1	.	2	3
108	2	0	0	1
108	3	-4	-1	-3
108	4	1	3	5
108	5	.	0	0
108	6	.	0	0
108	7	1	1	2
108	8	-6	-1	-1
108	9	-2	0	-1
108	10	.	.	-2
108	11	-2	0	-1
108	12	0	1	2
108	13	1	.	.
108	14	0	0	3
108	15	0	0	-1
109	1	1	1	3
109	2	0	0	2
109	3	1	0	1
109	4	3	1	.
109	5	1	1	.
109	6	0	0	0
109	7	0	2	4
109	8	-3	-1	.
109	9	1	0	2
109	10	-1	.	1
109	11	4	2	.
109	12	.	1	7
109	13	-2	.	0
109	14	1	1	3
109	15	1	0	2
110	1	2	2	6
110	2	.	5	6
110	3	5	4	7
110	4	0	4	4
110	5	2	.	6
110	6	2	2	.
110	7	4	5	.
110	8	0	3	1
110	9	.	3	5
110	10	4	4	7
110	11	0	.	-2
110	12	2	3	6
110	13	0	2	5
110	14	1	2	.
110	15	3	3	.
111	1	2	1	6
111	2	1	1	2
111	3	1	1	0
111	4	.	1	3
111	5	.	0	2
111	6	1	0	0
111	7	0	2	3
111	8	0	.	.
111	9	1	.	0
111	10	2	2	2
111	11	0	0	0
111	12	0	0	0
111	13	1	1	3
111	14	.	1	2
111	15	2	.	4
112	1	4	5	.
112	2	1	3	6
112	3	5	3	5
112	4	0	4	1
112	5	0	3	2
112	6	0	2	3
112	7	3	4	4
112	8	1	5	3
112	9	4	3	6
112	10	5	4	6
112	11	3	3	5
112	12	.	3	1
112	13	-1	4	3
112	14	2	5	5
112	15	.	4	3
113	1	1	3	0
113	2	0	2	0
113	3	1	3	-1
113	4	.	2	.
113	5	3	3	1
113	6	0	2	.
113	7	0	2	0
113	8	0	.	-3
113	9	.	2	3
113	10	1	2	-2
113	11	0	.	-2
113	12	0	1	.
113	13	0	4	3
113	14	1	.	2
113	15	1	1	0
114	1	4	3	5
114	2	4	1	3
114	3	3	1	2
114	4	2	0	1
114	5	2	2	6
114	6	0	0	0
114	7	3	0	4
114	8	3	.	3
114	9	2	1	1
114	10	2	1	0
114	11	3	1	3
114	12	1	3	3
114	13	2	0	2
114	14	1	.	4
114	15	3	1	0
115	1	3	3	2
115	2	5	5	5
115	3	3	3	1
115	4	.	5	3
115	5	0	2	0
115	6	4	2	0
115	7	1	2	1
115	8	2	5	3
115	9	1	.	4
115	10	1	.	.
115	11	4	4	4
115	12	2	4	0
115	13	4	3	4
115	14	0	2	0
115	15	4	4	.
116	1	1	2	1
116	2	-1	2	.
116	3	1	2	2
116	4	0	3	0
116	5	1	2	3
116	6	-1	1	1
116	7	0	3	0
116	8	.	3	2
116	9	0	.	0
116	10	0	3	3
116	11	1	.	5
116	12	0	.	.
116	13	0	.	0
116	14	0	2	2
116	15	0	3	3
117	1	.	3	4
117	2	0	1	4
117	3	0	2	1
117	4	0	1	-2
117	5	2	3	5
117	6	0	1	0
117	7	3	2	2
117	8	1	1	3
117	9	2	2	.
117	10	3	3	5
117	11	0	1	.
117	12	2	2	5
117	13	2	2	5
117	14	2	3	1
117	15	0	2	0
118	1	0	1	2
118	2	3	2	4
118	3	.	1	-1
118	4	3	1	5
118	5	-3	0	0
118	6	.	.	.
118	7	2	1	3
118	8	0	0	0
118	9	0	1	.
118	10	-2	0	0
118	11	-2	0	0
118	12	0	0	1
118	13	0	1	0
118	14	2	.	4
118	15	0	1	4
119	1	0	.	1
119	2	0	3	3
119	3	0	3	1
119	4	0	3	.
119	5	1	3	1
119	6	-1	1	.
119	7	.	.	2
119	8	0	2	0
119	9	-1	2	0
119	10	2	5	4
119	11	1	1	.
119	12	-1	2	.
119	13	.	4	1
119	14	1	5	.
119	15	-3	0	-1
120	1	.	-1	2
120	2	2	-1	.
120	3	0	-1	0
120	4	1	0	1
120	5	3	-1	1
120	6	0	-1	-1
120	7	0	-2	0
120	8	5	0	4
120	9	1	.	.
120	10	1	0	1
120	11	0	0	.
120	12	0	0	1
120	13	2	-1	4
120	14	1	.	2
120	15	2	0	0
121	1	2	3	5
121	2	0	1	4
121	3	3	2	4
121	4	0	0	1
121	5	1	4	2
121	6	0	.	5
121	7	.	3	.
121	8	.	1	2
121	9	.	1	4
121	10	2	.	3
121	11	0	2	5
121	12	0	1	0
121	13	1	3	3
121	14	0	2	2
121	15	2	.	4
122	1	0	0	1
122	2	1	0	2
122	3	-1	0	-1
122	4	0	0	4
122	5	-1	-1	3
122	6	2	1	.
122	7	0	0	.
122	8	0	.	1
122	9	.	0	3
122	10	0	0	1
122	11	3	0	3
122	12	3	2	.
122	13	.	0	4
122	14	0	1	5
122	15	0	0	0
123	1	1	3	2
123	2	3	3	3
123	3	3	2	1
123	4	1	3	3
123	5	3	3	.
123	6	1	3	2
123	7	2	3	4
123	8	.	2	-2
123	9	3	3	3
123	10	0	2	0
123	11	2	6	3
123	12	1	2	0
123	13	.	3	2
123	14	4	3	5
123	15	.	2	1
124	1	.	2	2
124	2	1	3	6
124	3	3	3	6
124	4	6	2	8
124	5	0	1	1
124	6	0	2	1
124	7	.	2	5
124	8	0	1	.
124	9	4	3	3
124	10	.	1	.
124	11	2	.	2
124	12	2	3	4
124	13	3	1	3
124	14	3	1	6
124	15	.	2	3
125	1	4	4	5
125	2	2	4	4
125	3	3	3	3
125	4	0	1	.
125	5	6	.	7
125	6	2	2	4
125	7	3	1	4
125	8	3	2	6
125	9	5	5	8
125	10	4	3	7
125	11	6	.	8
125	12	3	3	6
125	13	5	4	7
125	14	3	4	4
125	15	3	4	5
126	1	4	6	2
126	2	.	4	-1
126	3	1	5	1
126	4	3	5	2
126	5	.	3	1
126	6	2	.	3
126	7	0	4	0
126	8	0	5	3
126	9	2	4	0
126	10	1	.	2
126	11	0	3	.
126	12	2	4	4
126	13	0	.	-1
126	14	2	6	-1
126	15	1	4	.
127	1	3	3	5
127	2	-1	1	0
127	3	2	2	1
127	4	2	.	3
127	5	2	3	4
127	6	3	3	3
127	7	2	2	2
127	8	0	.	0
127	9	1	3	6
127	10	2	3	3
127	11	-1	1	1
127	12	2	2	2
127	13	3	4	5
127	14	3	3	5
127	15	3	2	.
128	1	0	3	5
128	2	0	2	2
128	3	.	3	6
128	4	.	2	5
128	5	0	3	5
128	6	0	1	2
128	7	.	2	5
128	8	3	2	7
128	9	0	.	2
128	10	1	1	.
128	11	2	2	6
128	12	0	1	1
128	13	-1	1	0
128	14	.	0	4
128	15	1	2	7
129	1	0	1	0
129	2	0	0	1
129	3	1	3	.
129	4	0	1	1
129	5	0	2	1
129	6	2	2	3
129	7	0	2	2
129	8	1	.	2
129	9	-1	2	3
129	10	-2	.	-2
129	11	2	2	3
129	12	0	2	3
129	13	.	3	1
129	14	0	2	2
129	15	-2	.	-3
130	1	4	0	4
130	2	.	.	5
130	3	3	0	1
130	4	2	.	1
130	5	7	.	8
130	6	2	0	.
130	7	4	2	5
130	8	5	.	3
130	9	4	2	5
130	10	2	1	2
130	11	3	0	3
130	12	7	3	5
130	13	6	1	.
130	14	4	1	6
130	15	1	1	4
131	1	5	3	5
131	2	1	.	2
131	3	.	3	5
131	4	0	4	1
131	5	2	4	2
131	6	6	4	4
131	7	4	4	3
131	8	.	4	4
131	9	4	.	4
131	10	4	4	7
131	11	5	6	8
131	12	3	4	3
131	13	3	4	4
131	14	7	5	4
131	15	4	4	.
132	1	-1	3	1
132	2	0	1	2
132	3	2	3	5
132	4	5	4	8
132	5	0	1	2
132	6	0	3	3
132	7	-1	2	0
132	8	.	2	1
132	9	0	2	1
132	10	2	2	3
132	11	.	4	9
132	12	-2	1	0
132	13	3	2	5
132	14	5	4	7
132	15	1	2	0
133	1	0	2	.
133	2	3	3	0
133	3	3	.	5
133	4	.	2	-1
133	5	0	2	0
133	6	3	1	.
133	7	-1	2	-2
133	8	0	2	0
133	9	2	4	1
133	10	4	3	3
133	11	-2	0	.
133	12	3	2	2
133	13	0	2	0
133	14	3	2	1
133	15	4	4	3
134	1	-1	.	0
134	2	4	1	.
134	3	2	1	5
134	4	0	0	2
134	5	4	1	4
134	6	1	2	.
134	7	2	0	.
134	8	4	0	2
134	9	0	0	1
134	10	-1	0	0
134	11	5	1	.
134	12	1	3	2
134	13	2	0	3
134	14	0	1	0
134	15	2	2	5
135	1	2	0	2
135	2	1	.	.
135	3	-4	-3	0
135	4	-2	-1	0
135	5	.	0	0
135	6	-1	0	0
135	7	-1	0	0
135	8	-4	-2	-1
135	9	-1	0	1
135	10	-1	0	-2
135	11	2	0	2
135	12	-2	.	-3
135	13	0	0	1
135	14	-3	-1	-5
135	15	-4	-1	1
136	1	2	5	6
136	2	3	3	.
136	3	-2	2	2
136	4	0	.	1
136	5	.	1	5
136	6	.	3	6
136	7	2	4	5
136	8	1	2	3
136	9	0	.	0
136	10	1	2	4
136	11	.	1	1
136	12	4	4	8
136	13	0	2	1
136	14	2	2	1
136	15	.	3	7
137	1	2	2	4
137	2	0	0	.
137	3	1	0	3
137	4	2	0	4
137	5	1	.	.
137	6	-2	-1	-2
137	7	0	1	5
137	8	-1	-1	-3
137	9	0	0	1
137	10	0	0	1
137	11	0	0	-1
137	12	-4	0	-4
137	13	.	0	0
137	14	3	0	3
137	15	0	-1	1
138	1	2	2	4
138	2	4	5	3
138	3	3	5	2
138	4	4	5	6
138	5	2	4	7
138	6	6	.	.
138	7	3	3	2
138	8	4	3	6
138	9	3	5	.
138	10	4	3	6
138	11	2	.	3
138	12	.	4	5
138	13	1	2	2
138	14	5	3	6
138	15	2	2	3
139	1	4	8	3
139	2	2	4	2
139	3	6	.	5
139	4	5	6	5
139	5	5	6	8
139	6	5	6	6
139	7	3	5	1
139	8	6	5	5
139	9	5	6	3
139	10	6	7	4
139	11	4	6	6
139	12	3	5	2
139	13	5	6	8
139	14	5	.	8
139	15	2	4	0
140	1	.	0	1
140	2	-1	1	-1
140	3	.	.	6
140	4	-1	0	-1
140	5	1	2	.
140	6	0	1	0
140	7	-1	1	1
140	8	-1	0	0
140	9	.	1	1
140	10	.	2	1
140	11	2	1	0
140	12	-2	0	-1
140	13	-2	.	0
140	14	-1	0	0
140	15	-1	1	.
141	1	.	3	6
141	2	4	4	6
141	3	0	2	2
141	4	2	2	6
141	5	1	1	0
141	6	2	3	2
141	7	3	3	3
141	8	0	3	2
141	9	2	3	1
141	10	0	2	0
141	11	.	.	2
141	12	3	3	2
141	13	2	3	.
141	14	1	0	-1
141	15	2	3	5
142	1	0	1	-1
142	2	3	0	0
142	3	2	.	2
142	4	0	0	4
142	5	0	1	0
142	6	1	1	1
142	7	2	2	3
142	8	2	2	4
142	9	.	0	0
142	10	0	0	-1
142	11	1	1	-1
142	12	3	1	1
142	13	0	1	2
142	14	1	1	2
142	15	4	3	5
143	1	2	2	1
143	2	0	0	2
143	3	.	1	1
143	4	1	1	3
143	5	0	0	0
143	6	1	1	2
143	7	1	0	0
143	8	.	2	1
143	9	-1	2	0
143	10	0	1	2
143	11	-1	1	2
143	12	0	0	2
143	13	0	0	1
143	14	0	1	2
143	15	0	0	3
144	1	0	0	2
144	2	0	1	0
144	3	0	0	0
144	4	0	0	0
144	5	3	2	3
144	6	-1	0	1
144	7	0	1	1
144	8	0	.	-1
144	9	.	1	3
144	10	1	1	3
144	11	0	0	-1
144	12	1	1	0
144	13	1	0	1
144	14	0	0	0
144	15	0	1	2
145	1	-1	1	3
145	2	-2	0	.
145	3	-3	0	-1
145	4	0	2	1
145	5	-2	0	0
145	6	-2	0	0
145	7	-3	0	-2
145	8	.	0	.
145	9	-1	1	2
145	10	1	2	2
145	11	0	1	2
145	12	-3	0	0
145	13	0	0	.
145	14	0	2	4
145	15	0	1	3
146	1	2	1	3
146	2	0	2	3
146	3	2	1	1
146	4	3	3	4
146	5	0	0	.
146	6	3	0	2
146	7	1	1	2
146	8	1	1	0
146	9	3	.	5
146	10	1	2	3
146	11	3	1	2
146	12	0	1	2
146	13	.	0	0
146	14	3	0	2
146	15	1	1	1
147	1	0	.	3
147	2	0	.	-1
147	3	.	0	0
147	4	0	1	0
147	5	0	-1	-1
147	6	0	1	2
147	7	-1	0	0
147	8	-1	0	-1
147	9	-1	1	1
147	10	-1	0	-2
147	11	-1	1	0
147	12	-2	-1	0
147	13	3	1	3
147	14	-2	-1	-4
147	15	-2	-1	-3
148	1	0	3	2
148	2	2	3	1
148	3	3	6	4
148	4	2	5	4
148	5	2	5	5
148	6	2	.	6
148	7	3	4	0
148	8	3	3	4
148	9	.	4	5
148	10	3	.	.
148	11	0	4	-1
148	12	0	3	2
148	13	0	1	0
148	14	2	2	4
148	15	5	6	6
149	1	2	3	.
149	2	7	4	8
149	3	6	3	7
149	4	4	.	7
149	5	4	.	8
149	6	4	2	3
149	7	4	3	4
149	8	3	4	7
149	9	7	4	8
149	10	3	3	2
149	11	4	3	4
149	12	5	2	.
149	13	5	4	7
149	14	4	4	6
149	15	5	3	8
150	1	-1	0	0
150	2	2	1	1
150	3	2	1	1
150	4	-1	0	0
150	5	.	0	-2
150	6	0	1	0
150	7	0	2	0
150	8	1	.	.
150	9	0	1	0
150	10	1	1	1
150	11	1	1	0
150	12	0	0	1
150	13	3	.	1
150	14	-1	0	.
150	15	-1	1	-1
151	1	2	3	1
151	2	3	2	3
151	3	.	2	1
151	4	2	3	3
151	5	3	3	6
151	6	2	2	3
151	7	1	2	2
151	8	2	3	5
151	9	0	3	0
151	10	2	3	5
151	11	2	2	.
151	12	.	3	8
151	13	0	3	1
151	14	-1	1	-1
151	15	3	2	3
152	1	3	1	3
152	2	.	.	4
152	3	.	3	3
152	4	4	3	6
152	5	1	1	1
152	6	2	1	1
152	7	3	3	6
152	8	1	0	0
152	9	1	2	2
152	10	4	3	5
152	11	1	1	4
152	12	5	3	8
152	13	2	2	3
152	14	1	1	2
152	15	1	0	2
153	1	5	4	5
153	2	0	2	.
153	3	4	3	5
153	4	3	2	8
153	5	.	3	3
153	6	5	.	5
153	7	2	1	2
153	8	3	3	4
153	9	4	2	4
153	10	6	5	8
153	11	3	2	3
153	12	.	4	8
153	13	2	3	4
153	14	-1	2	0
153	15	2	4	6
154	1	-2	1	0
154	2	-1	1	0
154	3	0	2	4
154	4	1	1	1
154	5	1	3	2
154	6	1	1	2
154	7	0	2	3
154	8	1	1	2
154	9	0	3	2
154	10	0	2	0
154	11	3	2	4
154	12	0	2	2
154	13	0	3	2
154	14	-2	0	-1
154	15	0	2	3
155	1	.	2	0
155	2	0	4	3
155	3	0	.	.
155	4	1	3	2
155	5	0	.	3
155	6	3	5	3
155	7	.	2	0
155	8	0	4	.
155	9	0	2	0
155	10	3	3	4
155	11	.	5	4
155	12	1	2	2
155	13	.	3	6
155	14	1	5	0
155	15	2	2	2
156	1	2	2	2
156	2	1	2	1
156	3	0	1	-2
156	4	0	0	-1
156	5	2	2	1
156	6	2	2	3
156	7	-3	.	-1
156	8	0	1	0
156	9	0	2	0
156	10	3	2	0
156	11	1	2	2
156	12	3	3	2
156	13	.	2	0
156	14	1	2	1
156	15	3	.	3
157	1	4	3	3
157	2	3	2	2
157	3	2	.	.
157	4	4	1	4
157	5	3	1	0
157	6	0	0	0
157	7	.	3	1
157	8	3	3	2
157	9	.	2	4
157	10	5	3	7
157	11	3	4	4
157	12	3	1	.
157	13	4	3	5
157	14	8	3	6
157	15	2	2	2
158	1	.	4	4
158	2	0	3	3
158	3	1	.	2
158	4	0	0	-1
158	5	0	2	1
158	6	0	2	4
158	7	.	2	0
158	8	0	.	0
158	9	0	1	0
158	10	3	3	5
158	11	.	1	0
158	12	3	2	2
158	13	.	0	2
158	14	2	2	3
158	15	2	1	2
159	1	5	2	.
159	2	3	1	5
159	3	.	2	3
159	4	4	2	8
159	5	2	1	5
159	6	8	.	10
159	7	4	2	3
159	8	6	.	10
159	9	.	2	5
159	10	1	0	2
159	11	1	1	3
159	12	.	1	3
159	13	.	3	7
159	14	4	2	9
159	15	5	2	7
160	1	2	.	3
160	2	1	1	0
160	3	0	0	0
160	4	-2	1	0
160	5	1	1	0
160	6	1	1	0
160	7	1	0	1
160	8	3	1	2
160	9	3	2	2
160	10	3	2	5
160	11	-3	.	-3
160	12	2	3	0
160	13	2	1	0
160	14	0	1	0
160	15	-1	1	0
161	1	1	3	6
161	2	3	4	2
161	3	5	3	7
161	4	3	.	.
161	5	9	5	.
161	6	3	2	3
161	7	4	4	3
161	8	1	2	3
161	9	2	2	7
161	10	7	5	9
161	11	5	3	.
161	12	4	3	7
161	13	3	2	3
161	14	7	4	5
161	15	4	5	4
162	1	0	0	0
162	2	.	1	0
162	3	1	0	0
162	4	1	1	0
162	5	0	0	.
162	6	3	1	2
162	7	2	1	3
162	8	.	2	5
162	9	3	1	3
162	10	1	1	4
162	11	2	1	4
162	12	2	2	1
162	13	2	.	5
162	14	3	1	2
162	15	3	.	1
163	1	2	1	1
163	2	2	2	.
163	3	1	1	1
163	4	3	1	4
163	5	1	0	2
163	6	3	.	0
163	7	2	1	3
163	8	0	0	.
163	9	2	2	3
163	10	0	0	0
163	11	5	1	4
163	12	-1	0	0
163	13	0	1	-2
163	14	3	2	3
163	15	-1	0	3
164	1	4	.	5
164	2	7	6	8
164	3	2	4	1
164	4	5	4	5
164	5	6	3	.
164	6	4	5	6
164	7	5	6	8
164	8	6	5	.
164	9	3	4	7
164	10	.	5	4
164	11	6	8	8
164	12	4	4	5
164	13	3	4	2
164	14	5	.	7
164	15	2	3	2
165	1	1	3	1
165	2	3	2	6
165	3	-1	0	0
165	4	-1	0	0
165	5	-1	.	0
165	6	3	2	3
165	7	0	0	1
165	8	0	2	2
165	9	1	.	3
165	10	1	2	3
165	11	.	0	4
165	12	-1	1	0
165	13	0	2	1
165	14	0	1	0
165	15	-2	1	0
166	1	1	-1	0
166	2	4	1	4
166	3	-1	0	1
166	4	3	1	2
166	5	4	1	4
166	6	2	1	5
166	7	3	0	4
166	8	2	1	4
166	9	2	0	3
166	10	-1	-1	0
166	11	2	0	0
166	12	0	1	0
166	13	1	0	4
166	14	6	1	9
166	15	4	0	2
167	1	1	2	.
167	2	5	3	6
167	3	4	3	6
167	4	3	2	3
167	5	3	4	4
167	6	2	4	5
167	7	2	3	4
167	8	3	4	4
167	9	2	3	5
167	10	1	2	3
167	11	3	3	5
167	12	.	4	3
167	13	3	5	7
167	14	1	2	5
167	15	4	4	3
168	1	4	3	5
168	2	1	2	3
168	3	1	2	2
168	4	2	2	6
168	5	-2	1	-2
168	6	2	2	1
168	7	0	3	1
168	8	3	.	4
168	9	1	3	6
168	10	2	3	.
168	11	0	2	0
168	12	1	3	2
168	13	1	3	3
168	14	1	2	3
168	15	0	2	0
169	1	2	1	2
169	2	2	2	.
169	3	4	1	4
169	4	1	1	2
169	5	4	3	.
169	6	9	3	8
169	7	6	1	6
169	8	5	2	7
169	9	2	1	2
169	10	2	.	4
169	11	1	0	2
169	12	2	-1	0
169	13	2	0	3
169	14	.	.	2
169	15	3	2	.
170	1	1	3	.
170	2	4	3	7
170	3	5	5	8
170	4	4	4	6
170	5	3	4	4
170	6	.	2	5
170	7	4	5	2
170	8	5	.	7
170	9	5	6	5
170	10	0	.	1
170	11	4	4	7
170	12	0	3	1
170	13	0	3	1
170	14	4	5	7
170	15	2	5	4
171	1	0	1	1
171	2	1	4	2
171	3	0	1	1
171	4	2	1	1
171	5	2	.	3
171	6	0	1	0
171	7	2	2	1
171	8	0	.	.
171	9	0	0	-2
171	10	2	2	0
171	11	0	2	0
171	12	1	4	4
171	13	0	1	0
171	14	0	1	2
171	15	.	2	.
172	1	2	3	3
172	2	1	4	3
172	3	1	5	.
172	4	0	.	.
172	5	1	3	.
172	6	3	5	5
172	7	3	.	.
172	8	0	2	2
172	9	1	3	2
172	10	2	3	4
172	11	.	3	0
172	12	4	4	5
172	13	.	4	1
172	14	2	3	.
172	15	5	5	6
173	1	.	1	2
173	2	4	2	7
173	3	-2	0	-2
173	4	0	0	0
173	5	2	2	6
173	6	1	1	0
173	7	0	0	3
173	8	3	3	6
173	9	2	1	1
173	10	0	0	3
173	11	.	2	0
173	12	-1	0	.
173	13	0	0	0
173	14	1	1	2
173	15	2	1	3
174	1	2	3	4
174	2	0	4	3
174	3	5	6	8
174	4	5	.	4
174	5	5	4	7
174	6	6	5	7
174	7	5	5	7
174	8	.	4	4
174	9	.	5	7
174	10	4	5	1
174	11	3	.	6
174	12	4	4	7
174	13	4	4	6
174	14	5	4	7
174	15	4	4	6
175	1	0	0	0
175	2	0	.	-1
175	3	-1	0	1
175	4	3	1	5
175	5	0	1	2
175	6	0	1	3
175	7	1	3	5
175	8	1	1	0
175	9	3	1	2
175	10	2	0	1
175	11	1	1	4
175	12	0	3	2
175	13	0	1	-1
175	14	3	2	4
175	15	0	1	3
176	1	-2	2	0
176	2	.	2	3
176	3	.	3	6
176	4	-2	1	0
176	5	-1	.	1
176	6	1	3	5
176	7	-1	1	0
176	8	1	4	7
176	9	-1	0	0
176	10	-1	1	0
176	11	.	1	2
176	12	2	2	1
176	13	3	4	7
176	14	0	2	0
176	15	0	2	2
177	1	0	0	0
177	2	3	0	5
177	3	-2	0	-2
177	4	0	2	6
177	5	2	3	3
177	6	0	2	2
177	7	0	1	3
177	8	0	2	1
177	9	1	3	2
177	10	0	1	.
177	11	-1	1	2
177	12	0	1	4
177	13	0	.	.
177	14	2	2	.
177	15	0	2	4
178	1	0	2	1
178	2	2	2	6
178	3	2	3	.
178	4	-1	1	0
178	5	2	1	4
178	6	0	.	0
178	7	1	3	4
178	8	1	3	4
178	9	.	3	.
178	10	2	2	.
178	11	0	3	3
178	12	3	3	4
178	13	1	.	6
178	14	1	2	.
178	15	1	2	3
179	1	0	0	0
179	2	3	1	5
179	3	0	0	5
179	4	2	2	4
179	5	1	1	.
179	6	2	0	4
179	7	2	.	6
179	8	1	0	.
179	9	.	0	0
179	10	1	0	2
179	11	.	0	5
179	12	1	1	1
179	13	1	0	4
179	14	4	1	6
179	15	1	1	2
180	1	1	2	4
180	2	.	0	2
180	3	1	1	1
180	4	0	0	0
180	5	0	1	4
180	6	0	0	0
180	7	1	1	3
180	8	3	2	4
180	9	2	0	4
180	10	2	2	6
180	11	-3	0	1
180	12	0	0	3
180	13	4	1	2
180	14	3	1	4
180	15	1	2	2
181	1	3	2	.
181	2	6	2	4
181	3	0	0	-1
181	4	0	0	2
181	5	0	0	-1
181	6	0	0	-2
181	7	2	1	0
181	8	1	2	1
181	9	-1	0	0
181	10	1	1	2
181	11	-3	0	0
181	12	0	1	4
181	13	0	1	0
181	14	0	1	.
181	15	-2	1	0
182	1	1	3	5
182	2	5	1	5
182	3	3	1	6
182	4	4	2	.
182	5	3	.	3
182	6	5	1	6
182	7	3	2	6
182	8	3	.	.
182	9	6	3	5
182	10	3	3	.
182	11	6	.	4
182	12	8	3	6
182	13	2	3	7
182	14	5	.	6
182	15	4	4	7
183	1	2	1	2
183	2	0	2	2
183	3	1	1	3
183	4	.	0	-1
183	5	2	2	0
183	6	0	1	2
183	7	1	0	.
183	8	0	1	5
183	9	1	2	2
183	10	3	.	6
183	11	-3	0	-1
183	12	3	3	1
183	13	0	.	0
183	14	1	.	3
183	15	0	2	.
184	1	2	1	2
184	2	2	2	4
184	3	1	2	.
184	4	-1	0	2
184	5	.	3	4
184	6	0	1	2
184	7	0	1	3
184	8	0	2	2
184	9	0	1	2
184	10	0	0	2
184	11	-1	.	0
184	12	0	1	6
184	13	0	1	3
184	14	0	0	1
184	15	1	2	2
185	1	-2	2	-1
185	2	3	3	5
185	3	0	3	.
185	4	0	2	3
185	5	0	3	0
185	6	0	2	1
185	7	0	1	.
185	8	0	4	.
185	9	.	4	2
185	10	0	4	4
185	11	.	3	1
185	12	0	1	-1
185	13	.	2	2
185	14	0	2	1
185	15	0	.	2
186	1	.	3	5
186	2	0	2	-1
186	3	0	3	2
186	4	0	3	4
186	5	2	5	8
186	6	0	3	2
186	7	0	2	3
186	8	1	3	1
186	9	1	5	4
186	10	0	.	0
186	11	0	2	0
186	12	0	1	0
186	13	0	2	4
186	14	0	3	0
186	15	2	3	3
187	1	3	4	5
187	2	5	.	5
187	3	2	2	2
187	4	4	3	7
187	5	-1	0	0
187	6	5	3	6
187	7	2	3	5
187	8	2	2	.
187	9	3	2	3
187	10	.	2	1
187	11	2	2	3
187	12	5	2	.
187	13	0	.	.
187	14	4	.	2
187	15	2	1	4
188	1	1	2	0
188	2	.	0	0
188	3	3	2	3
188	4	0	0	-2
188	5	0	0	-1
188	6	0	0	0
188	7	5	3	.
188	8	1	3	1
188	9	3	3	4
188	10	1	1	-1
188	11	2	1	4
188	12	.	3	1
188	13	4	1	3
188	14	5	2	3
188	15	0	1	0
189	1	3	.	4
189	2	4	6	3
189	3	2	5	3
189	4	0	5	3
189	5	.	4	3
189	6	3	4	0
189	7	2	4	3
189	8	4	6	3
189	9	.	4	-1
189	10	.	4	4
189	11	4	6	5
189	12	2	4	1
189	13	4	5	2
189	14	1	3	2
189	15	3	4	4
190	1	0	0	1
190	2	0	.	0
190	3	0	-1	1
190	4	-1	0	3
190	5	-1	0	1
190	6	-1	0	0
190	7	0	0	4
190	8	0	-1	0
190	9	1	0	4
190	10	-1	0	2
190	11	0	0	2
190	12	-1	0	3
190	13	-2	0	4
190	14	0	0	0
190	15	-1	-1	.
191	1	0	0	1
191	2	1	1	2
191	3	1	2	3
191	4	5	3	6
191	5	0	1	2
191	6	-1	0	.
191	7	.	1	.
191	8	0	2	2
191	9	3	3	.
191	10	1	3	3
191	11	4	.	8
191	12	.	2	.
191	13	0	1	0
191	14	1	2	.
191	15	.	1	3
192	1	3	4	0
192	2	1	4	2
192	3	2	4	2
192	4	1	4	0
192	5	4	5	5
192	6	.	.	5
192	7	3	3	-1
192	8	1	4	1
192	9	4	4	4
192	10	3	4	2
192	11	0	4	.
192	12	4	4	3
192	13	0	4	.
192	14	2	3	2
192	15	3	4	1
193	1	0	3	-1
193	2	1	5	2
193	3	0	3	-2
193	4	.	.	0
193	5	1	3	2
193	6	4	4	.
193	7	5	5	4
193	8	.	3	2
193	9	1	.	0
193	10	1	4	0
193	11	2	4	2
193	12	4	.	4
193	13	3	5	.
193	14	2	5	4
193	15	2	4	4
194	1	1	2	5
194	2	-3	0	-2
194	3	1	1	.
194	4	1	1	2
194	5	0	1	-1
194	6	0	2	3
194	7	0	0	1
194	8	.	1	2
194	9	0	0	1
194	10	0	1	1
194	11	-1	0	-1
194	12	0	1	1
194	13	0	.	1
194	14	0	0	.
194	15	-3	2	0
195	1	-3	0	.
195	2	0	-1	0
195	3	2	.	.
195	4	0	0	2
195	5	-1	1	0
195	6	2	.	2
195	7	0	0	3
195	8	1	1	1
195	9	-1	0	0
195	10	0	0	2
195	11	-1	-1	0
195	12	.	0	3
195	13	0	0	0
195	14	-1	0	1
195	15	-2	1	0
196	1	7	5	8
196	2	5	4	6
196	3	5	4	4
196	4	4	3	5
196	5	5	3	2
196	6	.	5	7
196	7	6	4	4
196	8	4	4	5
196	9	7	.	10
196	10	3	3	2
196	11	7	4	8
196	12	.	.	7
196	13	7	5	5
196	14	.	.	7
196	15	6	5	5
197	1	0	2	2
197	2	3	2	3
197	3	0	1	3
197	4	4	2	.
197	5	0	2	1
197	6	.	3	4
197	7	2	0	5
197	8	0	0	0
197	9	3	2	2
197	10	0	1	0
197	11	4	2	5
197	12	.	1	0
197	13	2	2	.
197	14	.	1	2
197	15	3	2	2
198	1	0	2	0
198	2	1	.	4
198	3	0	2	0
198	4	2	2	.
198	5	2	3	1
198	6	0	1	0
198	7	.	3	3
198	8	2	1	1
198	9	1	.	1
198	10	-2	1	-2
198	11	0	1	-1
198	12	-1	2	-1
198	13	1	2	3
198	14	.	3	4
198	15	-1	1	1
199	1	1	-1	1
199	2	-1	0	-1
199	3	.	1	3
199	4	4	2	5
199	5	-1	1	0
199	6	-2	.	0
199	7	4	.	3
199	8	3	2	5
199	9	1	1	2
199	10	3	0	0
199	11	-1	1	0
199	12	1	0	4
199	13	.	0	1
199	14	2	2	5
199	15	.	0	1
200	1	-5	0	-4
200	2	0	1	3
200	3	-2	1	0
200	4	0	2	6
200	5	-3	0	-3
200	6	-2	0	.
200	7	0	1	2
200	8	-1	1	0
200	9	-3	0	-2
200	10	-2	0	-1
200	11	-2	0	0
200	12	0	2	3
200	13	0	2	0
200	14	3	3	3
200	15	0	2	1
201	1	3	4	3
201	2	.	5	8
201	3	2	2	5
201	4	5	5	11
201	5	6	5	6
201	6	5	4	7
201	7	3	5	8
201	8	.	6	5
201	9	3	4	4
201	10	.	5	5
201	11	3	5	5
201	12	5	6	.
201	13	6	4	9
201	14	5	4	6
201	15	3	5	3
202	1	2	4	5
202	2	0	2	1
202	3	0	2	3
202	4	4	4	8
202	5	.	.	4
202	6	0	2	2
202	7	1	.	3
202	8	2	2	4
202	9	2	1	0
202	10	3	3	7
202	11	0	0	2
202	12	4	3	6
202	13	.	.	2
202	14	3	4	5
202	15	-1	.	1
203	1	0	.	0
203	2	2	4	3
203	3	1	3	-1
203	4	1	3	.
203	5	-1	2	0
203	6	0	2	-1
203	7	2	2	0
203	8	1	.	0
203	9	1	4	1
203	10	2	3	2
203	11	4	3	2
203	12	2	3	2
203	13	0	2	-1
203	14	0	3	1
203	15	0	3	.
204	1	2	2	.
204	2	1	2	6
204	3	0	0	0
204	4	6	3	7
204	5	1	1	1
204	6	.	0	-1
204	7	1	1	2
204	8	3	0	4
204	9	3	1	4
204	10	3	2	4
204	11	3	1	2
204	12	2	3	5
204	13	5	2	9
204	14	0	1	5
204	15	5	1	4
205	1	.	2	.
205	2	0	2	.
205	3	0	3	5
205	4	1	4	5
205	5	2	3	6
205	6	0	2	4
205	7	2	3	5
205	8	0	3	0
205	9	0	2	2
205	10	0	3	4
205	11	0	3	3
205	12	0	3	5
205	13	2	.	2
205	14	.	4	5
205	15	-1	3	0
206	1	2	3	2
206	2	3	1	5
206	3	3	4	3
206	4	3	3	3
206	5	2	3	3
206	6	4	3	2
206	7	1	3	1
206	8	.	4	3
206	9	0	3	0
206	10	.	3	1
206	11	1	2	2
206	12	0	3	1
206	13	1	3	0
206	14	0	2	-2
206	15	.	.	0
207	1	0	1	3
207	2	2	0	0
207	3	3	2	3
207	4	0	1	2
207	5	2	1	2
207	6	1	1	1
207	7	3	.	3
207	8	2	1	.
207	9	0	1	0
207	10	2	0	3
207	11	1	0	3
207	12	1	1	4
207	13	2	1	2
207	14	2	0	3
207	15	.	1	0
208	1	0	3	1
208	2	1	4	3
208	3	0	2	3
208	4	0	1	.
208	5	0	.	0
208	6	2	2	1
208	7	1	1	3
208	8	0	1	2
208	9	-2	.	0
208	10	0	1	.
208	11	0	.	1
208	12	1	4	6
208	13	0	1	0
208	14	-2	1	0
208	15	1	3	.
209	1	5	3	9
209	2	.	3	7
209	3	4	4	6
209	4	4	3	6
209	5	0	.	3
209	6	.	1	7
209	7	2	2	3
209	8	3	3	5
209	9	5	4	7
209	10	3	3	6
209	11	.	2	5
209	12	1	2	.
209	13	3	2	.
209	14	1	3	1
209	15	4	3	.
210	1	2	4	4
210	2	6	2	5
210	3	0	2	3
210	4	2	3	4
210	5	4	3	3
210	6	3	1	2
210	7	1	3	1
210	8	.	2	5
210	9	1	2	4
210	10	3	4	.
210	11	0	1	.
210	12	.	.	3
210	13	3	.	3
210	14	2	2	4
210	15	2	2	1
211	1	3	2	1
211	2	4	2	2
211	3	4	3	4
211	4	1	1	0
211	5	2	2	0
211	6	1	2	2
211	7	4	3	6
211	8	.	4	7
211	9	.	2	4
211	10	3	2	1
211	11	3	2	4
211	12	2	3	2
211	13	2	1	3
211	14	3	3	5
211	15	2	2	2
212	1	0	2	3
212	2	3	1	6
212	3	1	1	3
212	4	4	4	8
212	5	2	1	3
212	6	3	1	7
212	7	2	3	.
212	8	2	3	5
212	9	4	2	5
212	10	.	1	2
212	11	3	0	5
212	12	1	2	4
212	13	3	2	6
212	14	0	.	4
212	15	2	2	5
213	1	3	4	2
213	2	6	4	6
213	3	2	4	6
213	4	0	3	2
213	5	2	4	5
213	6	.	4	2
213	7	5	.	5
213	8	2	2	2
213	9	0	2	1
213	10	4	5	.
213	11	4	4	6
213	12	3	.	5
213	13	3	5	8
213	14	4	4	5
213	15	2	4	3
214	1	2	0	3
214	2	2	0	0
214	3	3	1	6
214	4	3	2	3
214	5	0	1	3
214	6	1	1	4
214	7	2	0	1
214	8	3	1	3
214	9	-3	0	-2
214	10	0	0	0
214	11	0	0	4
214	12	2	0	2
214	13	-2	-2	-2
214	14	0	0	3
214	15	4	1	5
215	1	1	1	0
215	2	1	.	4
215	3	2	.	1
215	4	1	1	1
215	5	.	0	0
215	6	.	1	1
215	7	2	0	2
215	8	-2	0	-3
215	9	2	1	1
215	10	3	0	2
215	11	3	1	4
215	12	3	2	5
215	13	4	0	0
215	14	1	1	.
215	15	0	0	0
216	1	3	4	5
216	2	3	4	0
216	3	7	6	9
216	4	2	4	.
216	5	5	5	7
216	6	5	6	.
216	7	3	2	2
216	8	5	4	4
216	9	2	3	3
216	10	4	5	4
216	11	5	4	2
216	12	.	5	.
216	13	6	4	.
216	14	3	5	6
216	15	6	5	4
217	1	0	-2	0
217	2	2	0	3
217	3	2	1	0
217	4	3	0	1
217	5	.	0	1
217	6	0	0	0
217	7	5	2	6
217	8	0	.	-1
217	9	0	0	2
217	10	2	0	.
217	11	1	0	1
217	12	0	0	1
217	13	0	0	-2
217	14	0	0	-1
217	15	0	0	.
218	1	3	0	2
218	2	0	-1	.
218	3	5	2	5
218	4	1	0	0
218	5	3	0	1
218	6	0	0	0
218	7	0	0	0
218	8	1	0	2
218	9	2	0	3
218	10	0	0	2
218	11	3	0	5
218	12	2	1	3
218	13	1	0	1
218	14	0	1	0
218	15	-1	0	-2
219	1	-1	0	1
219	2	0	0	1
219	3	0	1	.
219	4	3	1	6
219	5	0	0	0
219	6	0	0	1
219	7	3	2	4
219	8	.	0	0
219	9	0	0	2
219	10	0	-1	3
219	11	0	-1	1
219	12	-1	-1	0
219	13	0	0	1
219	14	5	1	6
219	15	1	0	2
220	1	0	-1	1
220	2	1	1	1
220	3	-3	-1	.
220	4	1	0	2
220	5	.	0	2
220	6	.	0	0
220	7	2	0	-1
220	8	.	-1	1
220	9	.	.	5
220	10	-2	0	0
220	11	0	0	2
220	12	0	0	3
220	13	4	0	3
220	14	0	-1	0
220	15	-1	-1	.
221	1	1	2	2
221	2	0	.	2
221	3	1	3	5
221	4	-1	0	1
221	5	-1	3	1
221	6	2	3	7
221	7	0	.	.
221	8	2	3	3
221	9	.	3	4
221	10	-1	1	1
221	11	2	3	.
221	12	0	1	0
221	13	-1	2	3
221	14	2	3	.
221	15	-1	0	.
222	1	1	2	.
222	2	0	0	4
222	3	1	2	5
222	4	1	3	5
222	5	1	1	2
222	6	0	2	2
222	7	2	2	6
222	8	2	.	4
222	9	0	2	0
222	10	0	1	2
222	11	0	0	2
222	12	1	2	2
222	13	2	2	6
222	14	5	3	7
222	15	1	2	2
223	1	3	2	3
223	2	3	1	4
223	3	3	.	0
223	4	.	1	2
223	5	1	2	1
223	6	3	2	4
223	7	-2	0	-1
223	8	.	0	2
223	9	5	1	6
223	10	3	1	3
223	11	3	0	5
223	12	2	1	3
223	13	5	3	6
223	14	3	1	2
223	15	4	2	5
224	1	1	2	1
224	2	3	3	3
224	3	0	3	1
224	4	3	3	6
224	5	.	3	.
224	6	5	4	9
224	7	1	3	.
224	8	1	2	5
224	9	0	2	0
224	10	2	2	3
224	11	0	1	4
224	12	4	2	3
224	13	2	3	3
224	14	0	1	3
224	15	1	4	5
225	1	0	1	0
225	2	1	2	.
225	3	3	2	.
225	4	0	0	2
225	5	1	.	0
225	6	1	2	2
225	7	-1	.	.
225	8	1	1	3
225	9	4	2	5
225	10	.	1	0
225	11	0	3	1
225	12	1	1	3
225	13	1	1	1
225	14	0	2	4
225	15	4	1	0
226	1	1	4	2
226	2	.	5	4
226	3	.	2	0
226	4	1	.	-2
226	5	-1	2	0
226	6	1	3	3
226	7	0	2	0
226	8	3	.	4
226	9	1	3	.
226	10	2	2	2
226	11	-1	2	-1
226	12	1	2	2
226	13	1	3	0
226	14	.	2	1
226	15	.	2	1
227	1	0	0	0
227	2	0	0	4
227	3	2	1	2
227	4	2	.	0
227	5	1	1	.
227	6	1	1	.
227	7	4	0	2
227	8	1	1	2
227	9	3	2	4
227	10	0	.	-1
227	11	0	0	0
227	12	3	0	4
227	13	3	2	.
227	14	2	.	2
227	15	.	0	.
228	1	2	4	3
228	2	3	1	3
228	3	1	.	0
228	4	0	.	1
228	5	3	2	4
228	6	0	3	0
228	7	1	3	-1
228	8	1	4	0
228	9	-1	1	-1
228	10	3	3	2
228	11	0	2	0
228	12	1	1	0
228	13	1	4	3
228	14	4	5	5
228	15	0	3	1
229	1	1	3	2
229	2	2	4	3
229	3	4	3	6
229	4	3	3	3
229	5	.	5	4
229	6	5	.	7
229	7	0	2	0
229	8	5	2	4
229	9	.	4	3
229	10	1	3	2
229	11	5	5	7
229	12	2	3	.
229	13	4	4	4
229	14	1	1	1
229	15	.	2	.
230	1	0	2	.
230	2	2	2	0
230	3	3	3	1
230	4	0	1	-2
230	5	5	2	6
230	6	4	3	6
230	7	0	2	0
230	8	0	2	3
230	9	3	3	5
230	10	.	1	0
230	11	0	1	0
230	12	2	4	6
230	13	0	1	0
230	14	3	2	1
230	15	1	4	1
231	1	5	2	5
231	2	5	3	8
231	3	6	3	3
231	4	5	3	7
231	5	.	2	6
231	6	2	1	3
231	7	.	5	9
231	8	7	3	7
231	9	7	3	7
231	10	4	4	.
231	11	5	3	7
231	12	3	2	5
231	13	3	3	3
231	14	6	4	8
231	15	2	.	1
232	1	2	3	2
232	2	2	5	0
232	3	0	2	0
232	4	2	4	0
232	5	.	4	3
232	6	2	.	4
232	7	2	6	5
232	8	3	.	.
232	9	3	4	3
232	10	4	5	5
232	11	4	7	1
232	12	0	4	2
232	13	0	4	2
232	14	0	.	0
232	15	1	3	0
233	1	-1	2	2
233	2	0	3	0
233	3	2	3	.
233	4	3	3	4
233	5	1	2	5
233	6	0	3	3
233	7	.	2	6
233	8	3	2	5
233	9	0	2	2
233	10	-1	1	0
233	11	-2	2	2
233	12	0	2	5
233	13	0	.	4
233	14	3	.	7
233	15	1	.	5
234	1	3	.	0
234	2	2	1	.
234	3	1	-1	3
234	4	.	0	1
234	5	2	-1	0
234	6	-1	0	1
234	7	-1	0	0
234	8	0	-1	0
234	9	2	0	2
234	10	0	-1	2
234	11	4	1	3
234	12	2	1	7
234	13	0	0	0
234	14	1	-1	2
234	15	3	.	3
235	1	2	0	0
235	2	1	1	0
235	3	0	0	0
235	4	1	1	1
235	5	1	0	2
235	6	3	2	.
235	7	1	1	2
235	8	3	2	5
235	9	2	1	3
235	10	3	1	3
235	11	.	0	2
235	12	.	1	4
235	13	.	1	1
235	14	.	0	1
235	15	0	1	1
236	1	-1	-2	-1
236	2	0	-1	0
236	3	0	-2	0
236	4	-4	-1	0
236	5	2	0	0
236	6	.	0	1
236	7	0	0	.
236	8	1	0	1
236	9	-1	-1	-1
236	10	2	.	3
236	11	0	0	1
236	12	3	1	3
236	13	1	0	0
236	14	5	0	.
236	15	1	0	2
237	1	4	0	3
237	2	4	2	5
237	3	4	1	3
237	4	1	0	3
237	5	3	2	5
237	6	3	2	5
237	7	4	3	2
237	8	2	1	1
237	9	2	2	.
237	10	1	3	4
237	11	.	2	5
237	12	3	1	4
237	13	0	0	3
237	14	3	3	5
237	15	3	2	5
238	1	4	2	5
238	2	0	0	0
238	3	2	1	0
238	4	3	3	4
238	5	1	1	0
238	6	5	3	10
238	7	3	2	-1
238	8	1	2	1
238	9	.	1	0
238	10	6	3	7
238	11	5	2	2
238	12	1	.	2
238	13	3	2	2
238	14	0	1	1
238	15	1	2	0
239	1	0	1	.
239	2	1	2	1
239	3	5	5	3
239	4	4	.	4
239	5	2	2	3
239	6	2	3	3
239	7	2	5	5
239	8	2	2	1
239	9	2	4	3
239	10	1	2	0
239	11	.	4	4
239	12	4	5	5
239	13	1	2	.
239	14	1	.	3
239	15	0	1	0
240	1	3	2	3
240	2	2	2	4
240	3	2	2	3
240	4	2	2	5
240	5	2	3	2
240	6	2	2	2
240	7	1	0	0
240	8	1	1	.
240	9	5	.	7
240	10	1	2	.
240	11	2	4	1
240	12	2	2	2
240	13	2	1	1
240	14	2	2	4
240	15	4	2	4
241	1	0	.	0
241	2	0	0	-3
241	3	0	1	1
241	4	2	0	2
241	5	0	0	.
241	6	0	0	0
241	7	1	0	1
241	8	.	0	0
241	9	0	.	0
241	10	2	0	4
241	11	1	1	1
241	12	1	1	1
241	13	4	1	5
241	14	0	0	0
241	15	-1	0	0
242	1	2	2	0
242	2	0	3	0
242	3	1	.	0
242	4	0	3	1
242	5	-1	1	1
242	6	0	3	2
242	7	.	4	2
242	8	1	1	2
242	9	3	4	2
242	10	3	2	3
242	11	4	4	4
242	12	3	2	.
242	13	2	2	1
242	14	1	2	.
242	15	.	2	0
243	1	3	5	4
243	2	7	5	6
243	3	.	4	.
243	4	7	6	.
243	5	3	4	3
243	6	4	3	2
243	7	8	5	8
243	8	5	4	3
243	9	5	.	3
243	10	5	4	5
243	11	.	6	7
243	12	7	6	8
243	13	6	6	4
243	14	8	6	6
243	15	2	3	0
244	1	0	0	3
244	2	2	0	5
244	3	2	0	3
244	4	1	.	2
244	5	0	0	1
244	6	0	.	2
244	7	1	.	5
244	8	0	0	3
244	9	2	2	7
244	10	2	1	2
244	11	1	0	1
244	12	3	1	5
244	13	0	1	3
244	14	3	1	.
244	15	.	0	1
245	1	3	1	3
245	2	2	1	2
245	3	5	2	6
245	4	3	3	.
245	5	3	1	3
245	6	2	0	1
245	7	1	3	4
245	8	3	2	4
245	9	0	0	0
245	10	2	.	6
245	11	4	2	5
245	12	.	.	1
245	13	6	2	10
245	14	3	2	3
245	15	2	1	3
246	1	4	5	8
246	2	3	5	5
246	3	.	5	5
246	4	-1	2	0
246	5	3	4	4
246	6	1	4	6
246	7	.	5	6
246	8	2	4	7
246	9	3	.	6
246	10	3	6	7
246	11	1	3	6
246	12	1	.	4
246	13	0	.	5
246	14	.	4	4
246	15	.	5	3
247	1	1	.	0
247	2	6	3	4
247	3	3	3	4
247	4	2	1	0
247	5	3	2	0
247	6	3	3	0
247	7	3	1	1
247	8	5	.	3
247	9	.	2	1
247	10	3	.	0
247	11	1	0	.
247	12	4	2	3
247	13	2	3	.
247	14	1	1	-1
247	15	5	3	.
248	1	0	2	0
248	2	0	2	1
248	3	-2	1	0
248	4	2	1	2
248	5	.	1	0
248	6	-1	3	0
248	7	1	2	1
248	8	.	2	-1
248	9	1	2	2
248	10	-1	0	-1
248	11	-2	.	-2
248	12	.	1	1
248	13	2	2	2
248	14	0	2	0
248	15	-2	0	.
249	1	5	.	6
249	2	1	2	2
249	3	0	3	0
249	4	2	3	0
249	5	2	2	5
249	6	2	1	.
249	7	3	4	2
249	8	4	4	1
249	9	2	3	5
249	10	.	5	6
249	11	3	4	5
249	12	5	4	5
249	13	2	3	2
249	14	.	4	4
249	15	1	3	2
250	1	2	4	4
250	2	5	5	6
250	3	5	.	8
250	4	.	3	5
250	5	3	3	.
250	6	1	3	0
250	7	3	2	2
250	8	2	4	4
250	9	.	3	3
250	10	2	3	4
250	11	1	2	2
250	12	0	2	2
250	13	4	4	3
250	14	4	3	5
250	15	2	3	1
251	1	5	3	4
251	2	.	3	4
251	3	4	.	5
251	4	3	.	2
251	5	3	3	3
251	6	.	4	4
251	7	.	.	2
251	8	2	4	5
251	9	0	3	0
251	10	0	.	0
251	11	3	3	1
251	12	3	5	2
251	13	0	1	-1
251	14	0	1	-2
251	15	1	3	1
252	1	2	2	0
252	2	2	3	3
252	3	0	.	3
252	4	0	3	1
252	5	1	2	3
252	6	2	3	3
252	7	3	1	5
252	8	.	1	2
252	9	0	2	0
252	10	3	3	5
252	11	-2	1	.
252	12	.	0	-2
252	13	2	0	3
252	14	2	.	2
252	15	-1	1	3
253	1	4	3	5
253	2	2	4	5
253	3	4	1	2
253	4	2	2	3
253	5	0	2	1
253	6	2	2	2
253	7	0	1	0
253	8	-1	1	1
253	9	2	2	2
253	10	1	1	3
253	11	1	2	1
253	12	4	2	4
253	13	4	2	3
253	14	0	2	0
253	15	4	.	2
254	1	1	2	0
254	2	2	2	1
254	3	1	3	1
254	4	0	1	4
254	5	4	4	3
254	6	3	3	6
254	7	.	3	2
254	8	4	3	6
254	9	2	3	3
254	10	3	3	4
254	11	.	4	.
254	12	0	.	2
254	13	1	3	.
254	14	5	5	.
254	15	2	3	.
255	1	4	6	6
255	2	3	5	6
255	3	3	3	3
255	4	6	6	9
255	5	3	6	5
255	6	2	5	6
255	7	6	6	10
255	8	0	.	0
255	9	3	.	2
255	10	3	4	4
255	11	4	5	4
255	12	3	5	6
255	13	6	6	11
255	14	0	3	1
255	15	3	6	7
256	1	0	0	4
256	2	4	1	6
256	3	1	0	3
256	4	2	2	4
256	5	.	0	2
256	6	2	0	0
256	7	1	1	3
256	8	0	0	2
256	9	1	2	3
256	10	3	.	3
256	11	2	1	4
256	12	1	1	3
256	13	2	2	6
256	14	0	0	0
256	15	1	1	5
257	1	6	3	6
257	2	5	2	6
257	3	3	1	.
257	4	2	2	6
257	5	2	.	2
257	6	1	.	2
257	7	4	3	4
257	8	4	1	6
257	9	1	1	1
257	10	5	.	5
257	11	3	3	6
257	12	1	1	0
257	13	7	3	8
257	14	6	2	6
257	15	1	1	2
258	1	3	3	2
258	2	4	.	4
258	3	2	2	2
258	4	0	2	2
258	5	2	3	2
258	6	6	5	9
258	7	.	3	6
258	8	4	3	5
258	9	1	2	5
258	10	.	2	3
258	11	1	1	3
258	12	1	4	4
258	13	1	3	5
258	14	6	4	7
258	15	3	.	4
259	1	.	2	3
259	2	0	0	2
259	3	2	1	1
259	4	0	1	3
259	5	0	0	0
259	6	0	1	1
259	7	0	1	.
259	8	-1	2	0
259	9	1	1	.
259	10	1	2	4
259	11	1	2	5
259	12	1	2	1
259	13	0	.	3
259	14	-1	1	2
259	15	2	0	4
260	1	3	1	.
260	2	-2	0	-1
260	3	2	1	.
260	4	0	0	0
260	5	.	0	0
260	6	-1	0	0
260	7	1	0	0
260	8	.	1	.
260	9	-1	1	0
260	10	-2	0	-4
260	11	2	2	2
260	12	0	1	-1
260	13	.	0	-2
260	14	-1	1	0
260	15	0	0	0
261	1	0	1	0
261	2	2	3	3
261	3	1	2	2
261	4	4	3	2
261	5	2	1	1
261	6	0	1	0
261	7	2	.	2
261	8	0	2	0
261	9	1	2	-2
261	10	0	3	1
261	11	1	2	1
261	12	3	2	3
261	13	1	2	3
261	14	1	3	4
261	15	0	.	1
262	1	0	2	0
262	2	0	3	.
262	3	0	3	0
262	4	3	4	.
262	5	5	3	.
262	6	3	2	0
262	7	2	2	1
262	8	2	2	3
262	9	2	4	3
262	10	-1	0	0
262	11	0	3	.
262	12	2	1	2
262	13	2	1	2
262	14	-1	2	-3
262	15	-1	1	0
263	1	0	1	2
263	2	4	.	5
263	3	.	3	7
263	4	2	3	2
263	5	0	1	0
263	6	3	2	2
263	7	1	2	4
263	8	1	3	4
263	9	.	2	4
263	10	.	.	5
263	11	2	2	3
263	12	.	1	3
263	13	2	3	5
263	14	4	4	5
263	15	.	3	4
264	1	4	4	.
264	2	0	.	3
264	3	0	3	3
264	4	4	3	6
264	5	.	1	0
264	6	5	.	7
264	7	3	4	4
264	8	2	4	8
264	9	2	3	.
264	10	-2	.	1
264	11	1	2	.
264	12	.	2	7
264	13	0	2	4
264	14	4	4	6
264	15	0	2	0
265	1	5	4	7
265	2	3	4	6
265	3	4	3	7
265	4	5	5	7
265	5	7	6	10
265	6	5	3	7
265	7	4	4	9
265	8	8	6	8
265	9	4	4	6
265	10	6	4	6
265	11	5	.	5
265	12	5	5	10
265	13	2	4	5
265	14	.	5	6
265	15	7	5	7
266	1	5	5	6
266	2	4	5	3
266	3	1	3	0
266	4	7	.	9
266	5	3	4	.
266	6	4	7	4
266	7	4	2	1
266	8	1	4	5
266	9	.	5	7
266	10	5	4	4
266	11	6	5	3
266	12	6	.	6
266	13	3	2	0
266	14	4	4	6
266	15	5	5	6
267	1	6	4	5
267	2	3	.	2
267	3	4	3	4
267	4	3	3	2
267	5	.	5	11
267	6	3	5	5
267	7	1	1	-1
267	8	2	2	3
267	9	2	3	4
267	10	3	3	4
267	11	0	1	.
267	12	4	.	2
267	13	.	3	2
267	14	3	2	4
267	15	3	.	4
268	1	-2	1	.
268	2	0	2	0
268	3	0	3	3
268	4	0	1	2
268	5	-2	1	-1
268	6	1	2	0
268	7	-1	1	-1
268	8	-1	2	0
268	9	-1	2	1
268	10	1	2	2
268	11	1	3	2
268	12	-1	0	0
268	13	-1	1	1
268	14	-1	2	0
268	15	0	2	1
269	1	4	3	6
269	2	0	2	3
269	3	1	1	.
269	4	2	1	2
269	5	0	1	0
269	6	3	3	5
269	7	0	2	-1
269	8	0	0	2
269	9	2	2	4
269	10	.	0	2
269	11	1	1	4
269	12	1	2	2
269	13	4	3	5
269	14	0	1	2
269	15	1	2	3
270	1	2	4	2
270	2	.	.	0
270	3	.	2	-1
270	4	3	2	.
270	5	2	5	1
270	6	.	4	3
270	7	3	2	1
270	8	7	5	4
270	9	2	4	2
270	10	0	3	0
270	11	3	3	0
270	12	3	4	3
270	13	6	6	.
270	14	1	3	.
270	15	4	.	4
271	1	3	4	5
271	2	2	4	5
271	3	0	3	1
271	4	1	5	.
271	5	0	1	2
271	6	1	3	0
271	7	2	2	4
271	8	0	3	3
271	9	4	4	5
271	10	1	5	2
271	11	1	2	4
271	12	1	.	.
271	13	3	4	7
271	14	3	6	6
271	15	0	3	3
272	1	3	3	5
272	2	2	3	0
272	3	1	4	3
272	4	1	3	3
272	5	0	3	2
272	6	4	4	5
272	7	2	3	.
272	8	1	3	3
272	9	3	5	6
272	10	7	.	6
272	11	-1	2	.
272	12	2	4	4
272	13	1	5	4
272	14	4	3	7
272	15	2	4	3
273	1	3	.	5
273	2	5	4	8
273	3	3	4	4
273	4	.	5	8
273	5	.	2	1
273	6	7	5	7
273	7	0	2	0
273	8	4	5	6
273	9	5	4	6
273	10	2	3	5
273	11	3	4	3
273	12	3	4	6
273	13	0	3	3
273	14	3	4	6
273	15	3	4	5
274	1	0	1	0
274	2	-3	0	0
274	3	0	1	1
274	4	.	0	0
274	5	2	0	3
274	6	.	0	-1
274	7	0	0	0
274	8	.	0	0
274	9	-1	0	-3
274	10	-2	0	-1
274	11	0	0	2
274	12	-6	-1	-4
274	13	1	1	3
274	14	.	0	0
274	15	0	2	0
275	1	4	2	4
275	2	4	2	3
275	3	4	.	3
275	4	0	1	0
275	5	0	2	0
275	6	3	.	.
275	7	3	3	4
275	8	2	2	3
275	9	1	3	1
275	10	2	2	1
275	11	0	1	-2
275	12	.	2	.
275	13	2	3	0
275	14	2	2	0
275	15	1	3	0
276	1	2	2	5
276	2	2	1	4
276	3	.	0	0
276	4	0	1	0
276	5	0	0	1
276	6	5	2	4
276	7	3	2	2
276	8	0	2	3
276	9	0	0	0
276	10	1	2	2
276	11	-1	0	-1
276	12	4	3	.
276	13	2	1	4
276	14	.	3	6
276	15	2	1	2
277	1	7	3	9
277	2	-1	2	1
277	3	4	.	4
277	4	2	.	3
277	5	5	2	5
277	6	0	2	0
277	7	4	3	5
277	8	2	1	2
277	9	1	3	2
277	10	0	2	.
277	11	0	1	2
277	12	1	.	0
277	13	0	0	1
277	14	3	1	2
277	15	3	.	8
278	1	3	4	2
278	2	-1	1	-2
278	3	2	3	6
278	4	.	4	5
278	5	3	4	.
278	6	4	4	5
278	7	2	3	4
278	8	-2	0	-2
278	9	3	5	5
278	10	2	3	1
278	11	.	2	0
278	12	1	2	0
278	13	0	3	2
278	14	2	3	.
278	15	1	4	2
279	1	2	.	4
279	2	1	2	1
279	3	.	1	3
279	4	3	1	2
279	5	3	2	2
279	6	3	2	6
279	7	4	.	6
279	8	0	0	0
279	9	0	3	4
279	10	-1	1	1
279	11	4	4	3
279	12	4	3	4
279	13	1	2	0
279	14	2	3	4
279	15	5	3	4
280	1	0	2	3
280	2	-1	0	0
280	3	.	3	3
280	4	5	3	5
280	5	1	1	3
280	6	5	3	.
280	7	3	2	1
280	8	-1	1	.
280	9	1	2	1
280	10	0	3	2
280	11	2	2	4
280	12	1	2	3
280	13	4	3	3
280	14	1	2	2
280	15	2	3	5
281	1	1	0	2
281	2	.	0	0
281	3	1	0	-1
281	4	0	.	1
281	5	0	-1	-1
281	6	0	1	.
281	7	0	0	-1
281	8	0	-1	0
281	9	.	-1	0
281	10	0	-1	-2
281	11	1	0	0
281	12	2	1	2
281	13	0	0	2
281	14	0	0	0
281	15	0	0	0
282	1	1	2	3
282	2	5	.	5
282	3	3	2	2
282	4	2	4	.
282	5	2	2	4
282	6	5	2	.
282	7	1	1	0
282	8	2	2	3
282	9	3	1	3
282	10	4	2	2
282	11	3	3	0
282	12	1	2	.
282	13	5	4	7
282	14	.	2	5
282	15	0	1	.
283	1	4	4	7
283	2	4	3	4
283	3	3	2	3
283	4	0	1	2
283	5	3	2	3
283	6	5	3	3
283	7	4	2	.
283	8	0	1	0
283	9	5	4	6
283	10	2	3	3
283	11	4	3	6
283	12	2	3	6
283	13	3	3	5
283	14	3	.	.
283	15	4	3	8
284	1	0	0	5
284	2	-1	-1	3
284	3	2	0	1
284	4	1	1	.
284	5	0	0	2
284	6	1	-1	1
284	7	1	0	1
284	8	-2	-2	0
284	9	1	0	4
284	10	-2	.	-1
284	11	1	0	3
284	12	0	-1	0
284	13	2	1	2
284	14	0	0	1
284	15	2	0	5
285	1	.	0	.
285	2	.	1	6
285	3	0	1	2
285	4	3	2	3
285	5	0	0	.
285	6	.	2	3
285	7	0	0	2
285	8	0	0	0
285	9	.	1	4
285	10	-2	0	-1
285	11	2	2	0
285	12	0	0	1
285	13	1	2	5
285	14	2	0	.
285	15	0	.	0
286	1	.	3	6
286	2	4	2	8
286	3	3	2	7
286	4	.	1	4
286	5	.	3	6
286	6	4	2	6
286	7	2	3	4
286	8	0	1	3
286	9	1	1	3
286	10	1	3	3
286	11	-1	1	0
286	12	.	1	3
286	13	3	2	.
286	14	2	2	3
286	15	2	2	5
287	1	6	3	6
287	2	1	2	0
287	3	4	2	4
287	4	4	2	5
287	5	0	1	0
287	6	0	.	.
287	7	5	2	5
287	8	1	2	1
287	9	6	3	6
287	10	2	2	2
287	11	2	2	4
287	12	0	.	0
287	13	2	.	3
287	14	2	1	2
287	15	6	4	9
288	1	0	0	4
288	2	4	2	9
288	3	3	4	7
288	4	1	2	4
288	5	.	2	5
288	6	0	1	4
288	7	3	2	.
288	8	0	.	5
288	9	-1	4	5
288	10	5	1	.
288	11	2	.	2
288	12	2	1	.
288	13	4	3	.
288	14	2	2	7
288	15	0	3	1
289	1	.	0	0
289	2	2	0	4
289	3	-1	0	0
289	4	1	0	.
289	5	0	0	0
289	6	-1	-1	-1
289	7	0	0	2
289	8	-3	-1	-1
289	9	-2	0	.
289	10	.	0	1
289	11	1	0	.
289	12	1	0	1
289	13	0	0	1
289	14	0	1	4
289	15	4	2	5
290	1	2	3	5
290	2	.	4	.
290	3	0	2	0
290	4	0	2	0
290	5	1	1	0
290	6	2	2	.
290	7	.	2	0
290	8	.	3	3
290	9	0	1	.
290	10	1	0	2
290	11	1	1	1
290	12	0	1	3
290	13	.	2	2
290	14	1	2	1
290	15	0	1	3
291	1	5	.	8
291	2	7	3	9
291	3	0	2	2
291	4	5	5	7
291	5	5	4	.
291	6	3	4	5
291	7	3	4	4
291	8	5	4	8
291	9	4	3	4
291	10	1	3	4
291	11	4	4	4
291	12	3	5	7
291	13	2	4	5
291	14	.	3	2
291	15	2	3	2
292	1	4	6	4
292	2	1	.	3
292	3	2	4	1
292	4	3	.	3
292	5	3	4	1
292	6	1	4	3
292	7	.	5	3
292	8	0	4	0
292	9	3	3	.
292	10	0	3	1
292	11	0	5	.
292	12	4	.	8
292	13	3	7	7
292	14	3	5	5
292	15	3	5	4
293	1	.	3	7
293	2	4	3	2
293	3	1	1	3
293	4	0	2	-1
293	5	3	5	.
293	6	.	3	.
293	7	2	1	2
293	8	7	4	8
293	9	3	4	3
293	10	3	4	6
293	11	5	6	.
293	12	6	5	8
293	13	4	4	9
293	14	3	5	3
293	15	.	2	5
294	1	1	.	2
294	2	3	2	.
294	3	2	3	2
294	4	4	2	4
294	5	1	2	0
294	6	0	2	0
294	7	1	3	2
294	8	-1	4	-2
294	9	3	4	3
294	10	1	3	0
294	11	-1	2	-3
294	12	0	.	1
294	13	0	4	3
294	14	1	3	1
294	15	0	2	.
295	1	4	5	4
295	2	6	.	9
295	3	3	3	6
295	4	7	5	10
295	5	5	6	9
295	6	2	2	2
295	7	.	.	6
295	8	4	5	7
295	9	4	5	7
295	10	6	6	7
295	11	4	4	7
295	12	3	4	.
295	13	2	3	4
295	14	6	4	7
295	15	4	4	8
296	1	4	4	8
296	2	4	3	.
296	3	4	2	6
296	4	2	1	2
296	5	3	2	4
296	6	5	5	3
296	7	3	1	3
296	8	2	3	.
296	9	0	1	1
296	10	3	2	4
296	11	.	2	4
296	12	3	2	4
296	13	2	1	3
296	14	2	1	2
296	15	4	1	2
297	1	5	5	4
297	2	8	6	7
297	3	2	3	4
297	4	1	3	1
297	5	4	5	6
297	6	6	3	8
297	7	3	5	4
297	8	2	3	2
297	9	2	5	5
297	10	4	.	4
297	11	7	5	7
297	12	6	5	8
297	13	4	6	6
297	14	3	4	7
297	15	5	5	2
298	1	0	1	3
298	2	1	1	.
298	3	0	.	.
298	4	1	0	4
298	5	0	0	1
298	6	1	1	2
298	7	2	1	.
298	8	0	0	0
298	9	1	2	1
298	10	1	1	2
298	11	0	1	1
298	12	.	0	1
298	13	-2	0	-1
298	14	-2	0	-4
298	15	0	0	0
299	1	3	1	2
299	2	2	3	5
299	3	1	1	4
299	4	3	2	1
299	5	.	3	6
299	6	.	1	3
299	7	0	2	2
299	8	1	2	6
299	9	2	3	4
299	10	0	1	1
299	11	1	2	1
299	12	1	2	0
299	13	2	2	2
299	14	3	2	0
299	15	2	2	6
300	1	7	6	9
300	2	4	3	3
300	3	3	4	3
300	4	4	4	6
300	5	2	3	2
300	6	.	5	.
300	7	4	5	.
300	8	2	3	2
300	9	3	5	7
300	10	.	.	.
300	11	3	3	3
300	12	5	4	7
300	13	3	5	4
300	14	2	5	2
300	15	3	4	3
301	1	1	0	0
301	2	1	2	.
301	3	.	1	4
301	4	3	2	5
301	5	0	.	.
301	6	3	2	4
301	7	5	2	3
301	8	0	0	0
301	9	3	2	5
301	10	3	2	4
301	11	2	0	4
301	12	2	1	3
301	13	0	0	-2
301	14	5	.	3
301	15	0	1	1
302	1	0	2	0
302	2	0	1	0
302	3	2	1	3
302	4	3	2	6
302	5	0	0	3
302	6	0	0	0
302	7	0	1	0
302	8	.	.	3
302	9	5	3	.
302	10	0	0	.
302	11	0	.	3
302	12	3	2	4
302	13	1	.	3
302	14	-1	0	1
302	15	1	1	1
303	1	.	0	0
303	2	.	-1	-1
303	3	0	0	0
303	4	1	0	-1
303	5	4	1	3
303	6	1	0	0
303	7	3	0	1
303	8	1	0	.
303	9	0	0	-1
303	10	2	1	2
303	11	1	.	0
303	12	0	0	-2
303	13	3	1	1
303	14	.	0	0
303	15	1	0	0
304	1	0	2	0
304	2	0	1	.
304	3	0	0	0
304	4	2	1	2
304	5	1	1	2
304	6	1	2	0
304	7	3	2	1
304	8	0	1	0
304	9	1	.	.
304	10	.	2	3
304	11	4	3	5
304	12	0	1	0
304	13	1	1	2
304	14	1	3	3
304	15	2	1	4
305	1	.	3	5
305	2	0	2	1
305	3	.	2	3
305	4	1	3	3
305	5	2	3	5
305	6	-1	2	3
305	7	2	1	1
305	8	1	2	.
305	9	0	2	3
305	10	3	3	4
305	11	2	0	2
305	12	2	3	5
305	13	0	2	3
305	14	-2	1	-1
305	15	.	3	2
306	1	4	3	7
306	2	0	3	2
306	3	3	4	1
306	4	0	3	2
306	5	2	4	.
306	6	4	3	6
306	7	2	3	2
306	8	3	4	5
306	9	2	4	4
306	10	5	4	7
306	11	3	3	4
306	12	.	4	5
306	13	3	4	3
306	14	2	3	3
306	15	3	3	4
307	1	0	0	.
307	2	-2	-1	0
307	3	0	0	-1
307	4	-2	0	0
307	5	0	0	-1
307	6	0	.	1
307	7	0	0	0
307	8	0	-1	-2
307	9	0	-2	-3
307	10	1	0	3
307	11	0	0	0
307	12	1	0	2
307	13	-2	0	0
307	14	0	0	0
307	15	.	0	.
308	1	5	3	3
308	2	2	1	0
308	3	.	3	5
308	4	5	2	5
308	5	5	3	6
308	6	4	2	2
308	7	3	2	0
308	8	0	.	0
308	9	3	2	.
308	10	3	3	7
308	11	3	1	2
308	12	1	2	4
308	13	4	.	4
308	14	2	.	0
308	15	5	2	3
309	1	5	3	6
309	2	2	1	5
309	3	3	3	.
309	4	1	.	3
309	5	.	2	6
309	6	2	2	1
309	7	3	2	3
309	8	1	2	1
309	9	2	2	6
309	10	.	1	4
309	11	4	1	5
309	12	.	2	3
309	13	.	.	1
309	14	3	.	5
309	15	4	1	4
310	1	4	4	3
310	2	3	5	5
310	3	3	.	.
310	4	7	3	9
310	5	5	4	3
310	6	4	5	4
310	7	3	4	7
310	8	.	5	6
310	9	6	5	6
310	10	4	4	4
310	11	1	3	2
310	12	6	4	6
310	13	1	3	1
310	14	4	5	2
310	15	4	6	.
311	1	0	4	3
311	2	0	4	5
311	3	2	5	7
311	4	3	6	5
311	5	-1	4	4
311	6	.	5	5
311	7	3	5	3
311	8	2	6	7
311	9	2	6	9
311	10	0	5	3
311	11	1	5	3
311	12	0	.	2
311	13	-1	4	5
311	14	0	4	6
311	15	-1	4	0
312	1	.	2	.
312	2	0	2	3
312	3	3	4	6
312	4	3	4	4
312	5	1	2	3
312	6	0	1	1
312	7	4	4	8
312	8	0	2	.
312	9	2	2	2
312	10	-1	2	-1
312	11	3	.	7
312	12	1	3	3
312	13	.	0	1
312	14	2	1	4
312	15	.	4	.
313	1	1	1	0
313	2	0	.	0
313	3	0	1	2
313	4	-1	0	.
313	5	0	1	0
313	6	0	2	0
313	7	-1	0	.
313	8	2	1	3
313	9	.	0	-2
313	10	0	0	1
313	11	1	1	-1
313	12	0	1	.
313	13	1	2	0
313	14	0	1	0
313	15	-1	2	2
314	1	-1	1	1
314	2	4	.	3
314	3	0	.	0
314	4	1	0	1
314	5	0	0	-1
314	6	1	2	3
314	7	0	1	-2
314	8	.	1	0
314	9	0	1	-1
314	10	0	1	0
314	11	1	0	2
314	12	1	0	2
314	13	1	0	1
314	14	2	0	1
314	15	2	1	3
315	1	3	2	2
315	2	4	3	3
315	3	-1	1	0
315	4	-1	1	0
315	5	0	0	1
315	6	0	.	0
315	7	4	2	6
315	8	-1	0	-4
315	9	.	.	0
315	10	1	0	1
315	11	2	0	3
315	12	.	1	2
315	13	2	3	2
315	14	3	2	4
315	15	0	0	0
316	1	2	5	6
316	2	0	1	1
316	3	4	4	5
316	4	.	2	2
316	5	4	3	5
316	6	.	2	2
316	7	5	4	3
316	8	.	3	2
316	9	3	3	.
316	10	3	3	3
316	11	6	7	.
316	12	.	3	1
316	13	2	3	6
316	14	2	3	2
316	15	2	2	2
317	1	2	1	2
317	2	0	2	1
317	3	3	3	4
317	4	2	3	4
317	5	1	2	5
317	6	3	2	6
317	7	.	1	2
317	8	0	0	.
317	9	1	1	3
317	10	0	.	.
317	11	2	1	.
317	12	1	1	1
317	13	.	3	3
317	14	-1	0	0
317	15	3	2	5
318	1	-1	-1	-1
318	2	1	0	1
318	3	1	0	0
318	4	0	-1	1
318	5	3	0	4
318	6	1	0	2
318	7	0	0	0
318	8	3	0	5
318	9	1	0	2
318	10	0	0	2
318	11	2	0	.
318	12	0	-2	-2
318	13	.	.	0
318	14	2	0	2
318	15	.	.	-3
319	1	0	5	4
319	2	2	4	5
319	3	4	5	5
319	4	6	7	7
319	5	.	5	.
319	6	2	3	6
319	7	3	5	6
319	8	1	5	5
319	9	0	5	4
319	10	-1	2	2
319	11	3	4	3
319	12	4	.	6
319	13	4	5	4
319	14	1	4	2
319	15	2	.	3
320	1	3	4	5
320	2	2	4	5
320	3	4	.	5
320	4	1	3	5
320	5	2	4	.
320	6	1	2	2
320	7	3	3	6
320	8	2	3	6
320	9	2	3	7
320	10	2	4	4
320	11	0	2	2
320	12	2	3	3
320	13	0	3	4
320	14	0	4	3
320	15	2	2	3
321	1	1	2	1
321	2	.	0	2
321	3	.	2	2
321	4	.	1	0
321	5	.	0	.
321	6	4	3	6
321	7	1	2	3
321	8	0	1	0
321	9	0	3	4
321	10	4	1	1
321	11	0	1	1
321	12	0	2	3
321	13	4	4	7
321	14	0	1	4
321	15	.	1	3
322	1	4	.	10
322	2	3	3	6
322	3	4	1	6
322	4	4	.	7
322	5	4	0	4
322	6	0	0	2
322	7	4	1	6
322	8	2	0	5
322	9	2	1	7
322	10	4	.	2
322	11	0	0	3
322	12	5	.	4
322	13	7	2	7
322	14	4	0	2
322	15	3	0	4
323	1	-1	3	1
323	2	.	.	0
323	3	-1	3	1
323	4	.	3	0
323	5	-1	3	.
323	6	0	3	2
323	7	1	3	1
323	8	3	3	1
323	9	3	3	2
323	10	0	2	0
323	11	1	5	2
323	12	-2	1	-1
323	13	0	2	.
323	14	0	0	-2
323	15	0	2	1
324	1	1	4	1
324	2	2	6	2
324	3	2	6	.
324	4	3	6	.
324	5	3	7	4
324	6	5	7	4
324	7	3	6	2
324	8	1	6	2
324	9	1	5	.
324	10	0	6	0
324	11	3	5	3
324	12	3	8	2
324	13	2	7	3
324	14	4	7	5
324	15	2	6	.
325	1	3	2	4
325	2	1	1	2
325	3	0	1	0
325	4	2	1	2
325	5	1	1	2
325	6	1	3	1
325	7	1	3	3
325	8	5	3	4
325	9	-1	.	0
325	10	2	2	4
325	11	0	1	0
325	12	3	2	5
325	13	0	1	0
325	14	0	1	2
325	15	1	4	4
326	1	2	4	5
326	2	.	4	9
326	3	4	4	4
326	4	3	5	4
326	5	3	4	4
326	6	1	4	4
326	7	2	3	7
326	8	1	2	4
326	9	3	5	.
326	10	3	.	4
326	11	3	3	5
326	12	3	4	3
326	13	3	4	4
326	14	5	5	6
326	15	0	3	3
327	1	4	3	3
327	2	0	3	0
327	3	2	3	2
327	4	1	3	4
327	5	2	5	5
327	6	3	4	.
327	7	4	4	2
327	8	4	3	2
327	9	2	3	1
327	10	.	2	0
327	11	-1	.	-2
327	12	0	3	-1
327	13	.	4	1
327	14	1	.	0
327	15	.	2	-1
328	1	.	0	6
328	2	5	4	8
328	3	0	2	4
328	4	4	2	5
328	5	1	2	.
328	6	1	2	4
328	7	4	4	9
328	8	3	1	5
328	9	0	2	4
328	10	.	.	2
328	11	1	1	3
328	12	1	3	6
328	13	.	.	2
328	14	2	2	6
328	15	0	3	7
329	1	.	3	0
329	2	1	.	0
329	3	1	2	2
329	4	3	3	3
329	5	.	2	2
329	6	2	2	5
329	7	2	.	4
329	8	0	3	1
329	9	2	.	4
329	10	0	3	4
329	11	3	4	4
329	12	1	1	3
329	13	3	3	5
329	14	.	3	5
329	15	1	1	3
330	1	-1	0	0
330	2	1	1	3
330	3	2	1	3
330	4	2	1	.
330	5	3	1	5
330	6	.	0	2
330	7	0	0	0
330	8	0	0	0
330	9	.	.	6
330	10	1	0	2
330	11	.	0	.
330	12	1	1	.
330	13	1	-1	3
330	14	0	0	2
330	15	1	.	8
331	1	3	0	.
331	2	5	4	7
331	3	4	3	6
331	4	8	4	.
331	5	2	3	3
331	6	5	2	4
331	7	3	2	2
331	8	.	3	3
331	9	.	1	.
331	10	0	1	5
331	11	3	3	3
331	12	.	3	.
331	13	3	2	3
331	14	0	0	-1
331	15	5	1	5
332	1	.	2	.
332	2	0	2	0
332	3	1	1	1
332	4	0	1	0
332	5	1	3	1
332	6	.	1	1
332	7	.	1	-2
332	8	0	1	3
332	9	2	1	2
332	10	0	1	0
332	11	1	.	1
332	12	-1	1	0
332	13	0	2	1
332	14	3	.	6
332	15	1	.	0
333	1	1	1	1
333	2	2	1	4
333	3	0	.	0
333	4	0	0	0
333	5	1	1	3
333	6	0	0	3
333	7	0	1	0
333	8	3	2	4
333	9	4	2	2
333	10	3	1	.
333	11	1	2	1
333	12	.	1	0
333	13	2	1	0
333	14	-2	0	0
333	15	1	1	0
334	1	0	.	0
334	2	4	4	.
334	3	5	2	4
334	4	3	2	2
334	5	4	2	.
334	6	2	.	0
334	7	5	4	.
334	8	7	4	7
334	9	6	3	6
334	10	7	4	6
334	11	5	4	2
334	12	.	4	2
334	13	.	.	5
334	14	5	3	5
334	15	5	4	4
335	1	4	2	3
335	2	3	2	5
335	3	3	3	2
335	4	1	2	3
335	5	.	4	4
335	6	2	1	1
335	7	1	0	1
335	8	4	5	.
335	9	0	1	1
335	10	2	3	4
335	11	0	1	0
335	12	1	3	1
335	13	6	5	.
335	14	1	2	.
335	15	1	2	6
336	1	0	-1	0
336	2	-2	.	0
336	3	1	-2	3
336	4	-2	.	0
336	5	2	-1	2
336	6	-2	-2	-1
336	7	0	-1	1
336	8	0	-2	0
336	9	0	-2	1
336	10	0	-1	0
336	11	1	-1	2
336	12	0	0	0
336	13	1	0	3
336	14	4	1	5
336	15	0	-1	0
337	1	0	3	3
337	2	0	.	0
337	3	-2	2	1
337	4	0	2	0
337	5	-3	0	-4
337	6	0	3	2
337	7	2	1	3
337	8	-2	1	0
337	9	-2	1	-2
337	10	-1	2	0
337	11	2	2	1
337	12	1	3	4
337	13	.	0	-2
337	14	.	2	2
337	15	1	3	3
338	1	0	0	2
338	2	.	-1	1
338	3	2	0	4
338	4	5	0	.
338	5	0	1	3
338	6	0	.	1
338	7	2	0	4
338	8	1	.	2
338	9	1	1	1
338	10	2	0	.
338	11	0	0	2
338	12	0	1	4
338	13	.	2	4
338	14	0	.	4
338	15	3	1	3
339	1	1	1	0
339	2	3	3	3
339	3	.	3	5
339	4	0	1	1
339	5	2	.	4
339	6	2	2	4
339	7	3	1	5
339	8	0	1	2
339	9	0	2	4
339	10	3	1	4
339	11	2	2	4
339	12	3	1	2
339	13	0	1	2
339	14	4	4	.
339	15	2	3	5
340	1	1	0	-1
340	2	0	.	0
340	3	.	1	1
340	4	1	.	0
340	5	5	2	2
340	6	.	2	4
340	7	0	1	0
340	8	3	2	5
340	9	0	1	1
340	10	4	4	.
340	11	1	.	1
340	12	1	2	5
340	13	0	1	0
340	14	3	2	0
340	15	.	2	1
341	1	2	3	3
341	2	0	.	2
341	3	0	4	1
341	4	0	2	0
341	5	4	4	9
341	6	2	3	6
341	7	4	4	6
341	8	1	.	2
341	9	1	2	5
341	10	.	2	2
341	11	2	1	3
341	12	1	1	5
341	13	2	2	3
341	14	1	2	1
341	15	2	4	5
342	1	7	7	5
342	2	6	4	2
342	3	5	5	5
342	4	5	6	3
342	5	4	5	4
342	6	5	6	1
342	7	4	4	4
342	8	.	.	6
342	9	6	4	3
342	10	6	6	5
342	11	5	6	4
342	12	5	.	4
342	13	6	3	4
342	14	5	6	3
342	15	0	3	0
343	1	.	3	5
343	2	2	1	3
343	3	3	3	5
343	4	1	1	2
343	5	3	.	7
343	6	2	.	5
343	7	4	2	5
343	8	6	.	6
343	9	6	4	8
343	10	3	3	4
343	11	0	2	1
343	12	.	5	9
343	13	.	1	4
343	14	1	3	3
343	15	0	3	3
344	1	.	0	0
344	2	.	0	0
344	3	0	0	1
344	4	3	2	4
344	5	1	0	2
344	6	1	0	3
344	7	3	2	5
344	8	2	1	3
344	9	0	-1	0
344	10	2	2	3
344	11	2	0	2
344	12	4	2	.
344	13	0	2	0
344	14	3	0	3
344	15	1	1	3
345	1	3	2	7
345	2	0	1	.
345	3	0	1	4
345	4	1	1	3
345	5	.	1	4
345	6	0	0	3
345	7	3	1	8
345	8	1	0	3
345	9	0	1	2
345	10	3	.	3
345	11	1	1	5
345	12	2	0	1
345	13	3	.	3
345	14	1	1	2
345	15	4	1	5
346	1	-1	0	-1
346	2	0	0	-1
346	3	1	0	.
346	4	0	0	0
346	5	-3	.	0
346	6	2	0	2
346	7	0	-1	-1
346	8	2	0	0
346	9	0	.	0
346	10	-1	0	-2
346	11	0	0	0
346	12	1	0	1
346	13	-2	0	0
346	14	-3	-1	.
346	15	0	0	-2
347	1	.	2	3
347	2	2	1	4
347	3	3	.	6
347	4	3	1	4
347	5	2	1	3
347	6	.	.	2
347	7	2	0	2
347	8	2	2	.
347	9	1	.	2
347	10	1	.	4
347	11	3	1	3
347	12	1	.	3
347	13	2	1	4
347	14	0	.	3
347	15	0	0	0
348	1	2	2	0
348	2	0	1	0
348	3	1	3	1
348	4	1	.	3
348	5	1	2	0
348	6	1	2	5
348	7	5	3	4
348	8	1	2	1
348	9	2	2	4
348	10	0	1	0
348	11	.	1	1
348	12	2	3	1
348	13	1	2	3
348	14	3	1	2
348	15	1	1	.
349	1	0	.	2
349	2	0	0	1
349	3	1	0	.
349	4	0	0	-1
349	5	3	0	3
349	6	1	1	1
349	7	3	0	2
349	8	3	1	3
349	9	2	0	1
349	10	4	1	4
349	11	1	0	.
349	12	4	0	4
349	13	4	2	2
349	14	3	1	1
349	15	1	0	1
350	1	.	3	1
350	2	3	.	4
350	3	2	2	6
350	4	4	3	4
350	5	2	2	0
350	6	3	4	5
350	7	2	3	1
350	8	0	1	0
350	9	2	3	3
350	10	.	.	.
350	11	1	2	2
350	12	1	2	0
350	13	1	3	.
350	14	2	3	2
350	15	1	2	0
351	1	4	3	4
351	2	2	3	3
351	3	4	3	4
351	4	6	4	2
351	5	2	3	4
351	6	.	2	2
351	7	-1	1	0
351	8	3	.	2
351	9	5	4	4
351	10	5	4	5
351	11	3	2	4
351	12	2	4	3
351	13	4	4	.
351	14	.	3	3
351	15	3	3	2
352	1	.	-1	0
352	2	1	-2	1
352	3	0	.	1
352	4	0	-1	0
352	5	0	0	2
352	6	0	0	4
352	7	1	0	5
352	8	-1	-1	-1
352	9	0	0	2
352	10	.	-1	-1
352	11	2	0	2
352	12	1	-1	3
352	13	3	0	3
352	14	-1	-2	-2
352	15	0	0	1
353	1	3	.	6
353	2	2	0	1
353	3	0	0	2
353	4	3	1	4
353	5	0	0	3
353	6	2	2	4
353	7	.	0	3
353	8	.	.	4
353	9	0	0	0
353	10	0	1	.
353	11	.	3	7
353	12	0	0	0
353	13	3	1	3
353	14	1	2	3
353	15	.	1	3
354	1	0	2	1
354	2	0	2	1
354	3	0	2	1
354	4	3	.	4
354	5	1	4	2
354	6	1	2	.
354	7	1	3	4
354	8	.	3	2
354	9	-1	4	2
354	10	2	4	1
354	11	-1	2	1
354	12	0	4	4
354	13	4	5	8
354	14	0	2	3
354	15	0	3	3
355	1	3	.	5
355	2	4	.	5
355	3	5	2	6
355	4	3	2	1
355	5	3	2	2
355	6	3	4	5
355	7	1	1	1
355	8	2	.	3
355	9	2	.	1
355	10	6	3	5
355	11	5	3	4
355	12	5	.	4
355	13	1	2	1
355	14	1	.	0
355	15	2	2	.
356	1	0	3	1
356	2	-2	3	-2
356	3	2	4	5
356	4	0	4	.
356	5	4	5	4
356	6	0	5	-1
356	7	1	4	2
356	8	2	4	2
356	9	5	5	6
356	10	4	5	5
356	11	1	5	0
356	12	0	.	3
356	13	.	3	3
356	14	0	.	.
356	15	2	4	.
357	1	0	3	4
357	2	0	3	4
357	3	0	3	4
357	4	1	2	3
357	5	2	1	4
357	6	2	2	1
357	7	2	3	6
357	8	-1	1	2
357	9	0	2	4
357	10	0	3	5
357	11	2	3	8
357	12	.	4	5
357	13	-1	1	0
357	14	-2	3	2
357	15	-1	1	2
358	1	3	2	4
358	2	0	1	.
358	3	3	1	2
358	4	.	0	0
358	5	0	0	1
358	6	0	0	1
358	7	2	1	.
358	8	3	1	1
358	9	3	0	2
358	10	0	2	0
358	11	2	0	4
358	12	0	0	1
358	13	0	0	2
358	14	2	0	4
358	15	0	0	2
359	1	-3	-1	-3
359	2	2	0	3
359	3	0	0	-1
359	4	.	0	2
359	5	0	0	-2
359	6	0	-1	1
359	7	0	0	0
359	8	-1	0	0
359	9	-3	-1	-4
359	10	3	2	3
359	11	-1	0	0
359	12	0	0	1
359	13	-3	-2	-4
359	14	.	.	0
359	15	.	.	-1
360	1	5	5	4
360	2	5	4	.
360	3	7	5	7
360	4	6	6	.
360	5	2	.	3
360	6	4	5	6
360	7	7	.	6
360	8	5	5	6
360	9	5	.	.
360	10	7	5	4
360	11	7	6	7
360	12	6	5	5
360	13	5	4	6
360	14	8	6	7
360	15	9	7	12
361	1	3	.	2
361	2	.	4	.
361	3	0	3	3
361	4	4	4	4
361	5	2	5	2
361	6	5	3	4
361	7	2	3	2
361	8	2	.	4
361	9	.	6	6
361	10	2	2	2
361	11	3	3	4
361	12	0	3	0
361	13	1	3	3
361	14	4	5	7
361	15	2	4	4
362	1	3	1	5
362	2	.	2	4
362	3	3	3	4
362	4	2	.	3
362	5	3	4	6
362	6	2	.	4
362	7	1	2	1
362	8	0	1	2
362	9	2	2	3
362	10	0	1	3
362	11	2	1	1
362	12	4	3	5
362	13	3	5	4
362	14	6	4	7
362	15	.	1	2
363	1	.	.	5
363	2	0	3	0
363	3	0	3	4
363	4	0	2	0
363	5	3	.	7
363	6	1	3	2
363	7	2	3	.
363	8	4	3	2
363	9	.	.	7
363	10	0	4	1
363	11	1	4	2
363	12	2	4	2
363	13	3	3	4
363	14	1	5	7
363	15	2	5	1
364	1	.	3	.
364	2	4	5	5
364	3	3	3	2
364	4	5	6	7
364	5	4	5	5
364	6	1	3	.
364	7	0	3	.
364	8	3	4	10
364	9	1	4	5
364	10	0	3	1
364	11	0	2	.
364	12	0	3	2
364	13	3	4	.
364	14	.	4	3
364	15	3	.	8
365	1	4	3	6
365	2	5	3	7
365	3	.	2	.
365	4	5	2	6
365	5	0	1	.
365	6	2	1	4
365	7	1	2	5
365	8	4	2	.
365	9	2	2	4
365	10	1	2	6
365	11	3	1	2
365	12	5	4	6
365	13	2	1	3
365	14	1	2	4
365	15	3	1	3
366	1	5	.	6
366	2	6	1	4
366	3	4	2	5
366	4	3	1	4
366	5	2	1	1
366	6	.	2	.
366	7	.	1	4
366	8	2	1	0
366	9	.	2	1
366	10	3	2	0
366	11	6	2	4
366	12	.	0	0
366	13	2	1	1
366	14	0	1	2
366	15	3	.	2
367	1	1	4	1
367	2	2	5	4
367	3	1	4	3
367	4	1	5	5
367	5	4	4	5
367	6	-1	3	1
367	7	1	2	3
367	8	2	4	4
367	9	.	3	1
367	10	-2	3	0
367	11	0	4	3
367	12	1	5	4
367	13	0	4	1
367	14	-1	2	-3
367	15	0	4	2
368	1	1	1	.
368	2	0	2	0
368	3	1	2	.
368	4	3	2	3
368	5	0	1	0
368	6	1	1	.
368	7	0	3	.
368	8	4	3	2
368	9	0	0	-1
368	10	0	1	0
368	11	2	2	2
368	12	2	2	0
368	13	1	2	0
368	14	0	2	-1
368	15	-1	0	-2
369	1	4	.	5
369	2	0	3	6
369	3	4	5	7
369	4	3	4	4
369	5	.	5	6
369	6	2	.	6
369	7	3	.	5
369	8	0	.	2
369	9	2	3	7
369	10	.	.	.
369	11	2	3	8
369	12	1	5	6
369	13	1	2	.
369	14	3	3	5
369	15	3	4	5
370	1	3	4	5
370	2	4	2	6
370	3	.	3	2
370	4	3	4	4
370	5	1	1	1
370	6	0	0	-1
370	7	2	3	5
370	8	1	1	3
370	9	0	0	1
370	10	3	.	1
370	11	1	1	3
370	12	2	2	0
370	13	3	2	.
370	14	0	-1	0
370	15	3	2	3
371	1	3	3	5
371	2	3	4	8
371	3	2	3	6
371	4	5	3	3
371	5	2	3	7
371	6	.	4	4
371	7	7	6	10
371	8	4	5	7
371	9	1	2	.
371	10	3	4	7
371	11	4	4	7
371	12	3	4	7
371	13	4	4	8
371	14	3	5	8
371	15	5	6	11
372	1	0	-1	1
372	2	1	1	1
372	3	-2	0	1
372	4	1	0	.
372	5	1	.	0
372	6	0	0	1
372	7	2	.	0
372	8	-1	-1	0
372	9	-1	0	.
372	10	-2	.	0
372	11	0	0	2
372	12	-2	0	1
372	13	.	0	1
372	14	3	0	6
372	15	0	0	1
373	1	0	3	0
373	2	1	4	3
373	3	0	3	1
373	4	-1	1	0
373	5	2	4	5
373	6	0	4	6
373	7	-1	2	-1
373	8	2	3	.
373	9	2	3	3
373	10	3	5	6
373	11	-1	3	1
373	12	0	3	6
373	13	2	2	2
373	14	-1	0	0
373	15	0	1	0
374	1	3	1	.
374	2	3	2	5
374	3	1	1	1
374	4	2	2	3
374	5	1	0	-2
374	6	5	3	6
374	7	5	1	5
374	8	6	2	6
374	9	2	2	4
374	10	2	1	4
374	11	2	0	3
374	12	4	.	1
374	13	4	.	.
374	14	4	2	7
374	15	2	2	3
375	1	4	3	7
375	2	2	2	4
375	3	.	2	5
375	4	4	2	4
375	5	4	2	3
375	6	1	0	2
375	7	2	2	1
375	8	8	.	4
375	9	.	0	2
375	10	4	4	4
375	11	3	2	5
375	12	.	2	.
375	13	4	2	5
375	14	3	2	5
375	15	5	3	9
376	1	3	4	3
376	2	.	1	2
376	3	0	1	.
376	4	.	2	4
376	5	3	3	3
376	6	6	4	5
376	7	0	1	0
376	8	1	1	2
376	9	3	1	4
376	10	1	3	.
376	11	4	2	3
376	12	1	1	3
376	13	0	3	.
376	14	.	0	1
376	15	6	4	7
377	1	1	0	4
377	2	1	1	3
377	3	1	.	1
377	4	0	0	1
377	5	4	0	7
377	6	0	.	1
377	7	1	0	.
377	8	0	0	5
377	9	-1	-2	0
377	10	1	0	.
377	11	0	1	1
377	12	1	1	5
377	13	-2	-1	-1
377	14	0	1	3
377	15	1	1	2
378	1	2	1	0
378	2	6	4	3
378	3	3	3	2
378	4	4	0	.
378	5	4	.	1
378	6	4	.	0
378	7	5	2	1
378	8	3	2	4
378	9	3	2	4
378	10	.	1	2
378	11	3	0	3
378	12	3	1	2
378	13	.	4	.
378	14	3	1	2
378	15	3	2	3
379	1	3	1	1
379	2	0	0	0
379	3	1	0	0
379	4	2	0	1
379	5	2	1	3
379	6	1	0	-1
379	7	4	0	1
379	8	5	1	5
379	9	5	1	6
379	10	0	0	.
379	11	4	2	5
379	12	3	1	4
379	13	3	.	4
379	14	4	.	5
379	15	3	1	2
380	1	-1	.	1
380	2	2	1	4
380	3	-1	0	-3
380	4	0	1	2
380	5	0	0	0
380	6	0	.	0
380	7	0	.	0
380	8	3	1	3
380	9	0	1	1
380	10	0	1	2
380	11	3	2	2
380	12	0	0	0
380	13	1	1	2
380	14	.	0	2
380	15	0	0	0
381	1	0	2	1
381	2	5	3	8
381	3	0	2	0
381	4	1	0	0
381	5	3	4	.
381	6	0	1	0
381	7	4	3	.
381	8	0	2	-1
381	9	3	2	2
381	10	5	5	8
381	11	1	2	.
381	12	3	2	3
381	13	3	3	2
381	14	2	1	.
381	15	1	2	1
382	1	.	0	3
382	2	3	3	2
382	3	0	1	0
382	4	1	2	1
382	5	1	2	4
382	6	2	3	0
382	7	.	3	0
382	8	2	3	1
382	9	0	.	0
382	10	0	.	0
382	11	3	3	1
382	12	0	3	2
382	13	1	2	3
382	14	3	3	.
382	15	0	.	1
383	1	1	1	2
383	2	3	.	5
383	3	0	0	1
383	4	-1	2	0
383	5	1	2	4
383	6	1	2	5
383	7	1	1	2
383	8	0	0	1
383	9	1	4	5
383	10	0	1	0
383	11	1	2	2
383	12	3	3	6
383	13	4	3	5
383	14	3	.	3
383	15	4	2	5
384	1	0	1	0
384	2	0	1	-1
384	3	0	0	0
384	4	2	2	2
384	5	-1	0	-3
384	6	3	2	2
384	7	2	2	0
384	8	4	3	3
384	9	1	1	2
384	10	0	1	-3
384	11	3	2	2
384	12	.	3	3
384	13	0	2	0
384	14	0	1	0
384	15	3	2	2
385	1	3	3	3
385	2	1	2	4
385	3	2	3	6
385	4	7	5	6
385	5	2	4	3
385	6	3	6	8
385	7	2	.	4
385	8	2	3	3
385	9	3	2	4
385	10	2	3	5
385	11	4	3	7
385	12	3	4	4
385	13	3	3	.
385	14	4	.	7
385	15	.	3	3
386	1	3	1	2
386	2	3	0	4
386	3	.	2	5
386	4	2	0	3
386	5	3	1	2
386	6	3	1	6
386	7	6	1	5
386	8	5	2	6
386	9	3	.	4
386	10	2	1	.
386	11	3	2	5
386	12	5	2	5
386	13	3	2	3
386	14	4	1	4
386	15	6	2	6
387	1	0	2	2
387	2	.	4	6
387	3	2	3	.
387	4	.	2	4
387	5	5	3	5
387	6	2	2	5
387	7	0	.	.
387	8	2	2	4
387	9	-1	1	2
387	10	2	1	2
387	11	.	2	6
387	12	2	2	.
387	13	.	2	5
387	14	1	3	5
387	15	3	4	9
388	1	1	2	1
388	2	.	0	-1
388	3	1	1	1
388	4	1	2	0
388	5	0	.	0
388	6	0	1	0
388	7	1	0	0
388	8	2	3	1
388	9	2	2	.
388	10	4	1	.
388	11	-1	0	-1
388	12	1	.	0
388	13	1	3	0
388	14	0	.	0
388	15	3	2	3
389	1	1	3	0
389	2	0	.	3
389	3	0	2	1
389	4	0	3	3
389	5	0	2	3
389	6	0	3	4
389	7	2	3	.
389	8	0	2	4
389	9	1	2	1
389	10	1	2	1
389	11	0	2	0
389	12	1	2	.
389	13	1	3	3
389	14	-2	2	1
389	15	0	.	0
390	1	3	1	.
390	2	.	0	1
390	3	.	2	5
390	4	0	0	2
390	5	3	.	3
390	6	3	1	4
390	7	0	2	0
390	8	4	1	.
390	9	3	2	.
390	10	.	2	7
390	11	0	1	0
390	12	0	0	0
390	13	4	3	4
390	14	2	0	2
390	15	.	.	5
391	1	0	.	.
391	2	3	.	2
391	3	.	2	5
391	4	0	1	3
391	5	3	1	2
391	6	.	.	5
391	7	3	.	4
391	8	-1	0	0
391	9	0	2	0
391	10	0	.	0
391	11	1	0	1
391	12	2	1	.
391	13	3	1	3
391	14	0	1	1
391	15	0	1	-1
392	1	1	0	1
392	2	-2	-3	-5
392	3	0	0	3
392	4	0	-2	0
392	5	-1	-1	0
392	6	.	-1	0
392	7	0	.	2
392	8	1	0	2
392	9	1	0	0
392	10	-2	0	0
392	11	1	0	0
392	12	0	-1	0
392	13	1	0	0
392	14	.	0	0
392	15	.	0	4
393	1	0	3	1
393	2	3	5	5
393	3	5	6	10
393	4	0	4	.
393	5	-1	3	0
393	6	0	3	2
393	7	2	4	5
393	8	4	5	7
393	9	2	3	7
393	10	.	4	3
393	11	0	3	.
393	12	0	4	3
393	13	.	5	6
393	14	1	5	5
393	15	1	4	4
394	1	0	1	0
394	2	.	.	2
394	3	3	2	0
394	4	.	.	-1
394	5	0	2	0
394	6	2	4	0
394	7	3	2	1
394	8	0	.	-1
394	9	0	2	0
394	10	2	3	3
394	11	4	3	1
394	12	0	3	0
394	13	.	3	.
394	14	2	.	.
394	15	0	2	2
395	1	2	2	6
395	2	3	3	5
395	3	0	3	0
395	4	2	2	4
395	5	-4	0	-4
395	6	-2	0	0
395	7	5	3	5
395	8	-2	0	-3
395	9	.	.	0
395	10	0	1	1
395	11	0	2	1
395	12	0	2	1
395	13	1	1	2
395	14	0	2	.
395	15	1	3	.
396	1	1	1	4
396	2	6	3	7
396	3	1	2	1
396	4	3	2	5
396	5	2	0	-1
396	6	2	4	.
396	7	1	2	4
396	8	5	4	5
396	9	.	3	2
396	10	2	1	1
396	11	2	.	3
396	12	3	3	5
396	13	2	3	2
396	14	3	2	3
396	15	3	4	6
397	1	2	2	.
397	2	-1	0	-3
397	3	0	0	0
397	4	2	2	4
397	5	.	1	1
397	6	.	1	1
397	7	.	.	4
397	8	0	2	-1
397	9	0	0	2
397	10	0	2	1
397	11	1	2	.
397	12	3	3	3
397	13	1	2	.
397	14	2	.	2
397	15	3	3	2
398	1	2	5	3
398	2	3	4	2
398	3	3	4	4
398	4	2	4	4
398	5	4	5	6
398	6	.	.	1
398	7	3	4	3
398	8	0	.	3
398	9	3	6	4
398	10	3	4	8
398	11	5	6	7
398	12	1	3	1
398	13	3	4	3
398	14	3	5	3
398	15	3	5	4
399	1	0	1	-2
399	2	1	1	0
399	3	.	1	4
399	4	2	1	.
399	5	1	3	4
399	6	0	1	1
399	7	1	1	1
399	8	0	0	0
399	9	1	2	1
399	10	-1	-1	.
399	11	-1	0	-2
399	12	0	1	2
399	13	-1	.	-2
399	14	0	0	0
399	15	.	1	.
400	1	2	2	1
400	2	1	.	0
400	3	.	2	4
400	4	-1	1	0
400	5	1	1	2
400	6	2	1	5
400	7	5	2	3
400	8	3	4	5
400	9	0	0	.
400	10	1	1	4
400	11	0	0	-1
400	12	1	1	1
400	13	1	0	0
400	14	2	.	4
400	15	1	2	5
401	1	1	2	4
401	2	4	1	7
401	3	0	0	-1
401	4	.	1	3
401	5	0	0	5
401	6	0	0	2
401	7	1	0	1
401	8	.	.	3
401	9	2	1	7
401	10	0	1	1
401	11	2	0	1
401	12	.	0	2
401	13	1	1	5
401	14	3	2	6
401	15	1	1	1
402	1	0	0	0
402	2	0	0	-5
402	3	0	2	2
402	4	1	1	0
402	5	1	0	2
402	6	0	0	-2
402	7	2	1	4
402	8	0	0	0
402	9	.	.	3
402	10	0	0	2
402	11	3	0	1
402	12	.	1	1
402	13	-2	0	0
402	14	0	0	3
402	15	-1	-1	0
403	1	0	1	0
403	2	0	3	2
403	3	0	2	.
403	4	1	.	2
403	5	0	3	1
403	6	2	2	3
403	7	-1	0	.
403	8	2	1	1
403	9	1	2	3
403	10	0	2	.
403	11	4	3	5
403	12	1	2	.
403	13	0	1	1
403	14	0	.	0
403	15	1	5	2
404	1	1	0	0
404	2	6	3	7
404	3	4	2	5
404	4	-1	0	0
404	5	.	1	1
404	6	1	1	0
404	7	1	1	1
404	8	1	.	0
404	9	6	2	.
404	10	.	1	3
404	11	6	2	3
404	12	6	1	6
404	13	2	.	6
404	14	.	2	4
404	15	0	1	1
405	1	2	2	1
405	2	2	3	1
405	3	3	4	4
405	4	2	1	2
405	5	4	3	6
405	6	3	5	4
405	7	5	.	7
405	8	.	1	3
405	9	0	2	.
405	10	1	3	1
405	11	0	1	.
405	12	2	1	0
405	13	5	3	3
405	14	4	4	5
405	15	5	3	6
406	1	0	3	0
406	2	0	2	0
406	3	2	2	0
406	4	0	1	0
406	5	-2	.	-1
406	6	0	0	2
406	7	2	4	5
406	8	0	2	-1
406	9	.	2	-3
406	10	0	.	0
406	11	0	0	-1
406	12	0	1	-4
406	13	.	3	1
406	14	-3	0	-3
406	15	-1	0	-3
407	1	1	1	0
407	2	0	2	1
407	3	2	4	.
407	4	1	2	4
407	5	4	.	8
407	6	2	3	5
407	7	0	0	0
407	8	1	3	4
407	9	0	1	2
407	10	4	4	5
407	11	0	2	0
407	12	1	5	1
407	13	.	2	.
407	14	.	2	6
407	15	1	2	.
408	1	2	4	1
408	2	0	2	0
408	3	4	5	4
408	4	1	3	.
408	5	3	.	5
408	6	3	4	7
408	7	1	3	2
408	8	1	.	3
408	9	3	4	4
408	10	.	4	5
408	11	0	2	1
408	12	0	2	0
408	13	3	5	4
408	14	1	4	2
408	15	3	5	4
409	1	.	0	1
409	2	2	0	4
409	3	3	1	4
409	4	2	1	3
409	5	0	0	-2
409	6	1	-1	-1
409	7	0	0	.
409	8	2	1	5
409	9	.	1	4
409	10	5	0	5
409	11	0	1	0
409	12	0	0	0
409	13	1	.	4
409	14	2	0	3
409	15	-1	.	0
410	1	0	1	1
410	2	4	3	7
410	3	6	1	6
410	4	0	1	-1
410	5	3	3	5
410	6	.	2	4
410	7	.	1	2
410	8	3	3	4
410	9	3	2	5
410	10	1	2	.
410	11	3	3	6
410	12	4	3	7
410	13	2	2	4
410	14	1	1	1
410	15	3	3	4
411	1	1	1	0
411	2	3	2	6
411	3	3	3	2
411	4	3	2	3
411	5	1	.	.
411	6	9	6	14
411	7	2	2	3
411	8	3	.	4
411	9	4	3	1
411	10	2	1	.
411	11	8	6	10
411	12	4	.	4
411	13	3	3	1
411	14	.	.	5
411	15	6	2	9
412	1	0	3	0
412	2	.	3	.
412	3	1	4	2
412	4	0	2	0
412	5	1	.	0
412	6	1	3	3
412	7	2	2	5
412	8	0	2	3
412	9	0	3	2
412	10	0	3	0
412	11	3	4	.
412	12	3	.	3
412	13	1	3	2
412	14	2	3	4
412	15	0	3	2
413	1	5	1	3
413	2	3	2	7
413	3	3	2	6
413	4	1	0	.
413	5	2	1	6
413	6	3	1	2
413	7	4	1	1
413	8	0	.	2
413	9	1	1	3
413	10	2	1	7
413	11	2	2	.
413	12	4	3	.
413	13	3	3	4
413	14	3	2	4
413	15	1	0	4
414	1	0	.	2
414	2	.	1	1
414	3	0	.	2
414	4	0	3	1
414	5	1	4	3
414	6	-2	2	2
414	7	-1	.	0
414	8	-1	3	3
414	9	-1	2	0
414	10	2	4	3
414	11	0	2	4
414	12	0	2	0
414	13	-1	3	-1
414	14	2	3	2
414	15	1	4	3
415	1	0	0	0
415	2	1	1	1
415	3	1	2	1
415	4	0	2	2
415	5	0	.	0
415	6	3	.	4
415	7	3	2	3
415	8	3	.	3
415	9	2	.	2
415	10	-1	1	.
415	11	3	1	2
415	12	0	2	0
415	13	4	3	1
415	14	0	2	1
415	15	1	1	0
416	1	-2	0	-3
416	2	0	1	0
416	3	-3	0	0
416	4	3	2	4
416	5	0	1	0
416	6	0	0	0
416	7	2	1	5
416	8	2	0	2
416	9	2	1	2
416	10	0	0	1
416	11	0	0	0
416	12	0	1	1
416	13	0	1	3
416	14	0	0	-1
416	15	-2	0	-2
417	1	3	3	3
417	2	0	2	.
417	3	3	2	5
417	4	2	1	-1
417	5	5	4	.
417	6	3	2	4
417	7	3	2	.
417	8	.	4	5
417	9	1	2	3
417	10	.	2	1
417	11	2	.	2
417	12	2	3	1
417	13	2	2	2
417	14	0	1	-1
417	15	4	2	4
418	1	1	2	5
418	2	1	3	5
418	3	3	3	5
418	4	2	3	4
418	5	2	2	3
418	6	0	2	1
418	7	.	4	.
418	8	-2	1	0
418	9	4	4	7
418	10	0	0	1
418	11	0	.	3
418	12	1	3	2
418	13	3	2	3
418	14	2	2	.
418	15	0	1	0
419	1	4	4	3
419	2	2	4	2
419	3	3	3	.
419	4	1	3	2
419	5	4	4	4
419	6	2	2	0
419	7	3	3	4
419	8	4	3	3
419	9	.	1	0
419	10	5	5	.
419	11	5	5	8
419	12	4	4	4
419	13	1	4	3
419	14	2	4	4
419	15	3	3	5
420	1	3	3	4
420	2	4	.	4
420	3	0	3	1
420	4	.	4	5
420	5	5	3	6
420	6	1	2	4
420	7	.	2	.
420	8	2	3	2
420	9	-1	1	0
420	10	1	1	0
420	11	0	0	1
420	12	1	2	1
420	13	2	3	5
420	14	3	3	5
420	15	0	1	.
421	1	4	3	3
421	2	3	4	2
421	3	4	3	5
421	4	5	2	.
421	5	5	5	7
421	6	4	5	7
421	7	7	5	8
421	8	3	5	4
421	9	5	.	7
421	10	.	2	.
421	11	5	4	1
421	12	4	5	5
421	13	.	3	4
421	14	5	4	5
421	15	5	5	4
422	1	2	4	2
422	2	3	5	8
422	3	.	4	.
422	4	1	.	1
422	5	3	5	.
422	6	2	2	2
422	7	5	3	.
422	8	1	.	1
422	9	.	4	.
422	10	3	4	.
422	11	4	4	6
422	12	4	3	4
422	13	2	5	4
422	14	.	.	2
422	15	2	5	4
423	1	3	4	3
423	2	0	2	0
423	3	0	1	0
423	4	1	2	1
423	5	3	2	3
423	6	2	2	2
423	7	3	4	.
423	8	1	2	-1
423	9	0	0	1
423	10	0	2	1
423	11	.	4	6
423	12	3	4	.
423	13	0	2	.
423	14	0	2	0
423	15	1	2	0
424	1	0	3	1
424	2	4	5	5
424	3	5	4	4
424	4	2	4	0
424	5	4	4	2
424	6	4	4	.
424	7	5	5	.
424	8	3	3	5
424	9	1	4	5
424	10	1	3	.
424	11	5	4	6
424	12	1	4	.
424	13	4	4	6
424	14	3	4	6
424	15	6	4	7
425	1	0	.	.
425	2	2	2	3
425	3	3	2	3
425	4	2	1	5
425	5	.	0	-1
425	6	0	0	0
425	7	2	1	2
425	8	0	1	1
425	9	3	2	5
425	10	0	0	-1
425	11	2	1	.
425	12	2	1	.
425	13	2	2	5
425	14	2	1	3
425	15	1	1	2
426	1	0	2	-1
426	2	3	3	.
426	3	3	5	3
426	4	-2	1	0
426	5	3	3	5
426	6	2	3	5
426	7	1	3	1
426	8	4	3	2
426	9	4	4	5
426	10	1	3	4
426	11	1	.	1
426	12	.	5	8
426	13	3	2	1
426	14	4	3	3
426	15	3	3	7
427	1	5	5	6
427	2	5	6	7
427	3	5	5	5
427	4	3	6	6
427	5	.	3	6
427	6	5	6	9
427	7	7	4	7
427	8	3	3	3
427	9	5	5	.
427	10	5	5	6
427	11	4	4	8
427	12	.	3	4
427	13	6	5	8
427	14	2	3	4
427	15	6	5	11
428	1	.	3	2
428	2	0	1	-1
428	3	0	3	1
428	4	1	2	-1
428	5	1	2	.
428	6	3	3	3
428	7	0	2	.
428	8	2	4	0
428	9	0	2	0
428	10	2	4	6
428	11	2	2	.
428	12	3	.	2
428	13	5	4	.
428	14	2	4	6
428	15	0	2	0
429	1	5	4	8
429	2	3	.	1
429	3	9	5	8
429	4	8	.	8
429	5	5	2	4
429	6	5	5	.
429	7	5	5	8
429	8	3	.	1
429	9	9	6	8
429	10	7	4	9
429	11	6	4	6
429	12	3	3	4
429	13	9	5	10
429	14	5	4	5
429	15	7	6	9
430	1	0	.	-1
430	2	0	0	0
430	3	-1	1	0
430	4	0	0	1
430	5	0	.	1
430	6	0	2	3
430	7	0	0	1
430	8	0	0	.
430	9	0	0	-1
430	10	0	0	0
430	11	1	1	0
430	12	2	0	0
430	13	1	0	0
430	14	.	1	-1
430	15	-3	-1	-5
431	1	2	2	3
431	2	2	3	2
431	3	2	2	2
431	4	.	3	3
431	5	-1	0	0
431	6	3	3	2
431	7	3	4	.
431	8	4	3	5
431	9	-1	1	0
431	10	2	3	2
431	11	.	0	0
431	12	2	2	1
431	13	4	3	5
431	14	3	2	2
431	15	0	2	0
432	1	1	1	2
432	2	2	0	2
432	3	0	0	0
432	4	1	1	3
432	5	1	0	2
432	6	0	0	1
432	7	0	0	3
432	8	3	1	.
432	9	-1	0	3
432	10	0	0	0
432	11	-3	-1	-1
432	12	4	1	4
432	13	1	0	5
432	14	0	0	2
432	15	1	2	6
433	1	3	3	4
433	2	.	3	6
433	3	0	3	3
433	4	0	3	3
433	5	3	4	6
433	6	.	3	7
433	7	3	4	4
433	8	1	3	5
433	9	.	4	.
433	10	2	3	.
433	11	6	4	7
433	12	2	.	.
433	13	2	3	3
433	14	5	4	7
433	15	3	3	.
434	1	0	0	-1
434	2	0	3	0
434	3	0	2	0
434	4	1	1	0
434	5	1	1	0
434	6	0	2	2
434	7	0	2	0
434	8	1	1	1
434	9	0	1	0
434	10	0	1	.
434	11	1	.	0
434	12	0	2	1
434	13	0	2	1
434	14	0	2	1
434	15	0	1	.
435	1	4	0	6
435	2	.	0	0
435	3	4	1	5
435	4	2	-1	2
435	5	0	0	2
435	6	3	0	1
435	7	1	0	4
435	8	0	-1	0
435	9	.	0	1
435	10	2	0	5
435	11	.	2	7
435	12	3	0	5
435	13	5	1	.
435	14	4	.	4
435	15	0	0	4
436	1	-1	1	1
436	2	2	1	1
436	3	-1	.	.
436	4	-1	0	-2
436	5	0	2	.
436	6	2	1	-1
436	7	1	2	0
436	8	-1	0	-3
436	9	.	-2	-6
436	10	1	1	0
436	11	-1	1	-3
436	12	0	.	1
436	13	-2	1	2
436	14	-1	0	0
436	15	0	2	0
437	1	0	0	0
437	2	1	1	2
437	3	0	0	4
437	4	.	1	6
437	5	0	0	2
437	6	3	0	4
437	7	0	0	2
437	8	0	0	0
437	9	4	0	4
437	10	4	2	4
437	11	2	3	8
437	12	3	1	5
437	13	2	1	3
437	14	4	.	7
437	15	3	0	1
438	1	1	4	5
438	2	1	.	.
438	3	3	3	6
438	4	2	.	4
438	5	3	5	6
438	6	0	4	2
438	7	3	4	4
438	8	4	5	7
438	9	3	2	3
438	10	1	4	3
438	11	4	6	9
438	12	3	4	8
438	13	2	4	5
438	14	4	4	5
438	15	3	.	5
439	1	-1	1	1
439	2	0	0	-1
439	3	-1	-1	-7
439	4	-1	0	-1
439	5	0	.	0
439	6	-1	.	-1
439	7	-1	0	-1
439	8	0	1	2
439	9	1	1	5
439	10	.	1	2
439	11	-2	-1	-1
439	12	1	0	1
439	13	0	0	0
439	14	2	1	1
439	15	-1	0	-2
440	1	.	3	7
440	2	10	4	7
440	3	1	1	2
440	4	5	.	7
440	5	5	3	3
440	6	7	3	3
440	7	5	4	3
440	8	3	2	0
440	9	.	2	2
440	10	2	1	0
440	11	1	1	0
440	12	5	3	4
440	13	2	3	5
440	14	3	3	1
440	15	4	3	.
441	1	0	0	1
441	2	.	2	3
441	3	1	0	3
441	4	0	0	2
441	5	0	0	0
441	6	.	1	0
441	7	0	0	-1
441	8	3	2	2
441	9	1	2	.
441	10	-2	0	0
441	11	1	1	0
441	12	0	1	0
441	13	0	0	-2
441	14	1	2	0
441	15	3	.	3
442	1	0	3	0
442	2	0	4	2
442	3	.	4	5
442	4	3	3	1
442	5	.	5	2
442	6	2	4	3
442	7	.	4	3
442	8	2	.	2
442	9	.	2	-1
442	10	1	3	1
442	11	1	.	3
442	12	4	5	4
442	13	0	4	5
442	14	.	5	4
442	15	3	5	5
443	1	.	0	1
443	2	1	2	5
443	3	1	3	7
443	4	0	1	2
443	5	-1	0	1
443	6	1	2	3
443	7	0	4	5
443	8	.	2	.
443	9	.	3	7
443	10	1	0	1
443	11	4	3	.
443	12	0	3	4
443	13	2	4	8
443	14	2	2	7
443	15	2	2	.
444	1	1	3	3
444	2	.	4	5
444	3	4	3	4
444	4	.	.	4
444	5	3	5	7
444	6	0	1	1
444	7	0	.	0
444	8	4	6	7
444	9	2	2	0
444	10	2	4	8
444	11	.	2	3
444	12	2	.	1
444	13	0	2	1
444	14	0	2	0
444	15	2	2	2
445	1	0	1	2
445	2	0	2	0
445	3	2	1	4
445	4	0	1	0
445	5	1	1	3
445	6	0	0	0
445	7	1	.	0
445	8	0	1	.
445	9	.	.	4
445	10	3	2	.
445	11	1	2	2
445	12	0	2	2
445	13	1	3	3
445	14	0	2	4
445	15	0	0	0
446	1	1	1	.
446	2	2	1	4
446	3	1	0	0
446	4	2	1	.
446	5	4	2	5
446	6	2	1	2
446	7	2	.	4
446	8	0	0	3
446	9	2	0	2
446	10	2	.	4
446	11	4	1	4
446	12	4	0	5
446	13	0	.	.
446	14	0	0	1
446	15	1	0	3
447	1	1	1	2
447	2	0	1	3
447	3	.	1	5
447	4	2	2	5
447	5	1	0	1
447	6	1	0	2
447	7	1	0	4
447	8	0	0	0
447	9	0	0	0
447	10	2	1	3
447	11	1	0	0
447	12	2	0	6
447	13	0	0	-2
447	14	1	0	1
447	15	2	2	4
448	1	4	2	1
448	2	2	1	5
448	3	4	1	6
448	4	3	0	3
448	5	7	2	5
448	6	6	1	7
448	7	7	2	8
448	8	4	1	6
448	9	8	2	.
448	10	.	2	4
448	11	1	1	2
448	12	7	1	4
448	13	4	0	6
448	14	5	2	4
448	15	8	3	6
449	1	1	0	2
449	2	0	0	-1
449	3	2	1	2
449	4	1	1	1
449	5	-1	1	0
449	6	0	0	0
449	7	-1	1	-2
449	8	0	0	-2
449	9	-4	0	-4
449	10	-3	0	-1
449	11	-1	1	-1
449	12	-2	0	-2
449	13	-5	0	-4
449	14	.	.	0
449	15	.	.	-2
450	1	-2	0	2
450	2	-2	0	-2
450	3	1	1	2
450	4	-2	.	0
450	5	1	1	4
450	6	-1	1	2
450	7	-1	0	3
450	8	0	1	2
450	9	0	0	.
450	10	0	1	5
450	11	1	2	6
450	12	0	0	1
450	13	0	0	2
450	14	-1	0	0
450	15	.	0	1
451	1	3	5	5
451	2	0	5	3
451	3	2	4	3
451	4	5	7	8
451	5	0	4	1
451	6	.	.	9
451	7	1	6	7
451	8	5	6	6
451	9	4	6	6
451	10	1	6	3
451	11	7	6	9
451	12	3	5	5
451	13	4	4	3
451	14	2	6	3
451	15	1	5	4
452	1	3	5	5
452	2	2	5	4
452	3	2	.	5
452	4	0	2	.
452	5	0	4	4
452	6	-1	3	.
452	7	0	3	4
452	8	4	3	7
452	9	5	.	5
452	10	0	2	.
452	11	5	4	7
452	12	2	4	6
452	13	3	.	3
452	14	4	3	5
452	15	0	4	3
453	1	2	5	4
453	2	2	3	6
453	3	1	3	2
453	4	3	4	5
453	5	2	3	2
453	6	1	3	0
453	7	2	2	1
453	8	1	3	0
453	9	2	4	4
453	10	1	3	3
453	11	4	4	2
453	12	-1	.	1
453	13	0	3	3
453	14	0	3	2
453	15	2	4	2
454	1	2	3	3
454	2	2	4	2
454	3	2	4	3
454	4	4	4	4
454	5	3	6	4
454	6	2	4	4
454	7	2	3	3
454	8	5	5	9
454	9	.	5	3
454	10	3	4	3
454	11	3	3	4
454	12	2	4	2
454	13	.	.	4
454	14	3	5	6
454	15	4	6	8
455	1	5	3	5
455	2	5	3	6
455	3	3	4	6
455	4	.	.	.
455	5	.	3	4
455	6	2	2	4
455	7	3	2	4
455	8	3	2	9
455	9	4	2	.
455	10	0	2	1
455	11	.	4	6
455	12	0	2	2
455	13	2	3	3
455	14	4	4	5
455	15	4	3	6
456	1	-4	0	-1
456	2	-3	1	-1
456	3	-2	0	-1
456	4	.	0	-2
456	5	0	0	0
456	6	-2	0	-1
456	7	-2	0	-2
456	8	-1	0	0
456	9	-1	0	0
456	10	-1	1	1
456	11	-1	0	0
456	12	-4	0	-3
456	13	-4	0	-3
456	14	-1	0	2
456	15	-1	0	1
457	1	2	4	5
457	2	4	4	6
457	3	6	5	7
457	4	3	4	5
457	5	1	4	3
457	6	2	5	2
457	7	1	2	3
457	8	3	3	5
457	9	3	3	4
457	10	3	.	6
457	11	3	5	2
457	12	5	4	.
457	13	2	4	4
457	14	2	4	3
457	15	3	3	2
458	1	0	3	2
458	2	2	3	3
458	3	-1	.	0
458	4	5	5	7
458	5	0	.	1
458	6	.	3	2
458	7	2	3	2
458	8	1	4	4
458	9	0	2	2
458	10	-1	1	-1
458	11	5	.	8
458	12	1	2	3
458	13	2	3	3
458	14	0	3	0
458	15	0	1	0
459	1	3	4	6
459	2	4	5	6
459	3	3	3	.
459	4	.	.	2
459	5	0	.	0
459	6	0	4	2
459	7	2	5	5
459	8	-1	3	0
459	9	4	5	8
459	10	1	4	1
459	11	-1	1	0
459	12	1	4	0
459	13	1	4	3
459	14	1	3	0
459	15	-4	2	-1
460	1	1	2	.
460	2	6	3	6
460	3	0	2	4
460	4	3	3	.
460	5	.	2	4
460	6	3	.	6
460	7	3	2	.
460	8	3	3	3
460	9	1	0	2
460	10	2	1	3
460	11	4	2	6
460	12	0	.	1
460	13	3	3	6
460	14	1	.	2
460	15	2	1	0
461	1	1	2	3
461	2	5	2	3
461	3	4	1	2
461	4	2	0	2
461	5	3	1	3
461	6	0	2	2
461	7	3	2	0
461	8	.	4	6
461	9	3	1	3
461	10	4	2	4
461	11	2	0	0
461	12	0	.	0
461	13	3	3	4
461	14	2	2	2
461	15	7	4	.
462	1	.	.	4
462	2	0	1	-1
462	3	5	2	5
462	4	0	2	1
462	5	2	3	3
462	6	3	2	2
462	7	2	2	2
462	8	1	3	1
462	9	2	3	4
462	10	3	3	5
462	11	0	1	.
462	12	4	3	7
462	13	5	4	7
462	14	1	3	2
462	15	1	1	0
463	1	2	3	.
463	2	5	5	7
463	3	0	2	2
463	4	3	5	.
463	5	0	2	2
463	6	2	2	3
463	7	2	3	5
463	8	-1	2	1
463	9	0	3	2
463	10	0	4	4
463	11	1	3	2
463	12	3	2	3
463	13	3	4	1
463	14	1	3	2
463	15	1	3	0
464	1	1	2	.
464	2	3	2	3
464	3	3	3	7
464	4	2	2	5
464	5	2	1	3
464	6	2	2	4
464	7	.	1	0
464	8	-3	0	-1
464	9	1	2	.
464	10	1	3	2
464	11	0	2	2
464	12	.	0	0
464	13	0	2	0
464	14	4	.	5
464	15	0	.	0
465	1	0	2	1
465	2	0	0	0
465	3	.	3	3
465	4	1	2	0
465	5	3	3	3
465	6	0	2	1
465	7	.	0	-2
465	8	0	1	1
465	9	0	2	.
465	10	0	.	0
465	11	0	2	0
465	12	2	2	0
465	13	-2	0	.
465	14	-2	0	-3
465	15	0	1	0
466	1	3	3	5
466	2	5	5	7
466	3	0	1	1
466	4	3	3	.
466	5	3	3	1
466	6	4	1	5
466	7	4	4	8
466	8	.	5	7
466	9	3	3	.
466	10	5	3	4
466	11	2	2	1
466	12	8	4	9
466	13	5	3	4
466	14	4	4	5
466	15	2	3	.
467	1	0	2	1
467	2	0	3	5
467	3	0	2	1
467	4	.	3	7
467	5	2	4	.
467	6	0	2	3
467	7	0	1	-1
467	8	2	2	5
467	9	1	.	.
467	10	1	3	5
467	11	3	3	8
467	12	0	3	2
467	13	0	2	4
467	14	0	1	3
467	15	5	4	9
468	1	0	5	4
468	2	3	.	6
468	3	1	2	3
468	4	5	6	.
468	5	4	5	5
468	6	0	4	2
468	7	5	5	8
468	8	4	6	5
468	9	.	6	5
468	10	.	4	2
468	11	3	.	3
468	12	0	4	0
468	13	2	3	3
468	14	3	4	.
468	15	4	4	5
469	1	.	1	2
469	2	2	3	2
469	3	3	3	4
469	4	3	4	2
469	5	.	4	6
469	6	0	3	1
469	7	.	3	3
469	8	0	1	0
469	9	2	3	6
469	10	1	1	0
469	11	0	2	.
469	12	0	2	2
469	13	1	3	3
469	14	1	2	3
469	15	0	.	.
470	1	5	3	6
470	2	1	1	3
470	3	3	3	4
470	4	3	2	1
470	5	.	2	5
470	6	5	4	7
470	7	2	0	3
470	8	3	3	6
470	9	5	3	9
470	10	4	3	6
470	11	3	1	3
470	12	2	1	3
470	13	2	2	4
470	14	3	2	5
470	15	.	1	7
471	1	0	4	4
471	2	2	4	3
471	3	8	5	10
471	4	6	5	.
471	5	4	3	.
471	6	4	5	6
471	7	3	5	.
471	8	4	4	5
471	9	6	5	7
471	10	.	4	6
471	11	6	4	10
471	12	4	5	7
471	13	5	4	6
471	14	.	4	7
471	15	1	1	5
472	1	-3	0	1
472	2	1	1	0
472	3	-1	0	-1
472	4	-1	0	.
472	5	0	0	0
472	6	0	0	0
472	7	0	0	.
472	8	0	1	1
472	9	0	0	1
472	10	0	0	0
472	11	.	2	2
472	12	3	2	5
472	13	-1	0	1
472	14	0	0	1
472	15	0	0	1
473	1	0	0	2
473	2	-1	-1	-2
473	3	0	0	3
473	4	.	0	2
473	5	2	.	4
473	6	-1	0	-1
473	7	0	0	3
473	8	-1	.	0
473	9	-3	-2	-4
473	10	1	1	4
473	11	0	0	0
473	12	-2	0	-1
473	13	-1	.	.
473	14	0	0	1
473	15	0	0	2
474	1	0	1	0
474	2	-1	0	2
474	3	3	3	5
474	4	0	1	0
474	5	3	1	4
474	6	0	1	2
474	7	2	2	6
474	8	3	2	5
474	9	.	3	3
474	10	2	3	4
474	11	1	1	3
474	12	0	1	3
474	13	1	1	2
474	14	0	1	.
474	15	0	1	5
475	1	4	0	3
475	2	3	0	5
475	3	3	0	3
475	4	.	0	3
475	5	.	1	3
475	6	2	0	0
475	7	2	0	2
475	8	-1	-1	-1
475	9	1	0	1
475	10	1	0	2
475	11	0	0	0
475	12	4	1	1
475	13	.	1	1
475	14	1	.	6
475	15	2	1	0
476	1	1	0	1
476	2	3	2	.
476	3	1	.	.
476	4	5	2	10
476	5	3	1	3
476	6	2	1	4
476	7	3	1	4
476	8	1	0	4
476	9	-2	.	1
476	10	1	0	4
476	11	0	0	6
476	12	0	0	2
476	13	0	1	2
476	14	0	1	4
476	15	4	1	2
477	1	2	5	6
477	2	1	4	4
477	3	2	5	2
477	4	0	3	2
477	5	5	4	6
477	6	6	6	7
477	7	0	5	2
477	8	1	4	1
477	9	3	6	6
477	10	6	6	9
477	11	6	6	9
477	12	3	.	5
477	13	2	3	6
477	14	6	7	9
477	15	6	5	.
478	1	-1	1	0
478	2	0	.	-2
478	3	3	2	1
478	4	1	1	0
478	5	-2	0	-3
478	6	3	.	1
478	7	3	2	3
478	8	1	2	1
478	9	3	2	3
478	10	0	0	0
478	11	0	2	2
478	12	2	3	.
478	13	2	1	2
478	14	0	0	.
478	15	1	2	0
479	1	0	.	0
479	2	1	0	2
479	3	1	0	.
479	4	0	0	2
479	5	2	0	6
479	6	0	0	1
479	7	.	0	2
479	8	5	3	4
479	9	2	0	1
479	10	.	0	3
479	11	3	1	1
479	12	2	.	.
479	13	2	1	1
479	14	0	0	3
479	15	1	0	1
480	1	.	2	4
480	2	.	0	-1
480	3	4	2	7
480	4	.	1	6
480	5	0	0	0
480	6	-2	2	0
480	7	.	1	.
480	8	3	2	2
480	9	.	.	3
480	10	1	2	2
480	11	4	2	2
480	12	1	3	5
480	13	1	.	.
480	14	1	2	2
480	15	1	1	2
481	1	2	.	2
481	2	0	2	1
481	3	4	3	.
481	4	7	4	10
481	5	4	4	.
481	6	3	4	4
481	7	3	3	2
481	8	4	5	4
481	9	4	6	4
481	10	.	2	3
481	11	.	2	2
481	12	3	3	.
481	13	.	3	2
481	14	5	4	.
481	15	4	.	3
482	1	3	4	5
482	2	0	3	5
482	3	-2	2	-2
482	4	-1	1	.
482	5	.	2	0
482	6	2	4	.
482	7	0	2	3
482	8	2	3	6
482	9	2	4	4
482	10	0	3	1
482	11	3	4	6
482	12	6	4	9
482	13	0	3	.
482	14	.	3	3
482	15	3	3	4
483	1	4	4	6
483	2	4	5	8
483	3	3	.	7
483	4	3	3	3
483	5	3	4	6
483	6	1	4	2
483	7	1	2	4
483	8	1	2	2
483	9	0	1	1
483	10	3	4	.
483	11	4	5	6
483	12	4	5	3
483	13	3	2	5
483	14	3	4	3
483	15	1	3	1
484	1	0	4	0
484	2	.	2	0
484	3	0	2	1
484	4	1	3	0
484	5	3	.	.
484	6	2	4	-1
484	7	4	2	3
484	8	2	5	6
484	9	1	.	4
484	10	1	4	0
484	11	4	5	5
484	12	2	3	2
484	13	3	3	2
484	14	3	.	7
484	15	-2	3	1
485	1	.	2	7
485	2	2	2	6
485	3	5	3	4
485	4	4	2	1
485	5	2	1	2
485	6	6	3	6
485	7	3	2	5
485	8	.	2	3
485	9	2	0	2
485	10	2	1	.
485	11	6	1	6
485	12	3	.	.
485	13	2	1	3
485	14	6	3	6
485	15	4	2	4
486	1	2	3	3
486	2	3	3	6
486	3	.	3	2
486	4	0	1	0
486	5	3	.	1
486	6	0	3	1
486	7	2	4	4
486	8	-1	1	1
486	9	2	.	3
486	10	4	6	8
486	11	3	4	5
486	12	4	3	5
486	13	3	4	5
486	14	0	.	2
486	15	0	3	0
487	1	2	2	5
487	2	4	.	7
487	3	5	.	5
487	4	2	.	5
487	5	2	1	2
487	6	0	0	2
487	7	1	3	5
487	8	1	2	3
487	9	0	0	1
487	10	0	2	2
487	11	3	2	4
487	12	3	4	3
487	13	4	3	6
487	14	.	0	2
487	15	5	4	6
488	1	0	1	1
488	2	1	1	.
488	3	.	2	5
488	4	0	1	.
488	5	0	1	0
488	6	2	3	2
488	7	.	.	0
488	8	.	2	1
488	9	0	2	1
488	10	3	1	3
488	11	2	3	5
488	12	3	2	4
488	13	0	1	4
488	14	1	1	2
488	15	3	3	2
489	1	5	7	4
489	2	1	4	7
489	3	2	4	2
489	4	4	5	5
489	5	4	4	5
489	6	3	5	5
489	7	4	.	7
489	8	2	5	4
489	9	4	6	5
489	10	3	.	4
489	11	1	5	5
489	12	4	5	8
489	13	2	6	3
489	14	5	6	7
489	15	5	6	.
490	1	1	3	.
490	2	6	.	4
490	3	.	2	4
490	4	1	2	2
490	5	0	.	1
490	6	.	3	1
490	7	2	3	3
490	8	3	2	.
490	9	.	1	0
490	10	2	1	4
490	11	.	1	2
490	12	1	2	5
490	13	3	4	7
490	14	2	3	2
490	15	4	3	4
491	1	0	2	1
491	2	3	2	2
491	3	0	.	1
491	4	4	4	.
491	5	0	.	0
491	6	0	2	1
491	7	0	1	-1
491	8	2	4	2
491	9	1	2	2
491	10	0	1	0
491	11	-1	1	.
491	12	1	2	2
491	13	0	3	1
491	14	2	2	.
491	15	0	2	0
492	1	3	3	4
492	2	2	2	4
492	3	3	2	5
492	4	2	2	4
492	5	3	2	5
492	6	0	1	1
492	7	3	2	4
492	8	1	3	7
492	9	2	3	6
492	10	.	2	5
492	11	1	2	3
492	12	4	.	4
492	13	2	.	8
492	14	1	2	5
492	15	2	2	5
493	1	6	2	6
493	2	2	3	5
493	3	4	2	7
493	4	3	3	2
493	5	5	1	5
493	6	6	2	6
493	7	4	3	2
493	8	3	3	4
493	9	4	.	8
493	10	3	.	5
493	11	5	2	3
493	12	6	.	8
493	13	3	3	3
493	14	2	2	3
493	15	4	3	8
494	1	-2	2	-2
494	2	3	4	1
494	3	1	4	2
494	4	1	3	1
494	5	0	4	0
494	6	1	4	.
494	7	-1	4	.
494	8	0	4	0
494	9	-2	3	-2
494	10	1	3	.
494	11	1	3	1
494	12	1	3	.
494	13	0	4	2
494	14	.	4	4
494	15	0	3	0
495	1	2	1	0
495	2	0	0	0
495	3	-1	.	-1
495	4	-1	0	-2
495	5	4	1	3
495	6	4	2	4
495	7	2	1	2
495	8	-2	0	-1
495	9	0	0	-1
495	10	3	2	3
495	11	1	1	4
495	12	.	3	3
495	13	3	3	.
495	14	0	0	-1
495	15	0	0	0
496	1	-2	0	1
496	2	0	0	.
496	3	-1	0	0
496	4	0	0	0
496	5	0	1	0
496	6	0	0	.
496	7	0	2	3
496	8	0	.	0
496	9	.	-1	-3
496	10	0	1	1
496	11	.	-1	-1
496	12	0	1	0
496	13	0	.	1
496	14	0	1	0
496	15	.	1	.
497	1	4	4	4
497	2	2	3	0
497	3	4	.	4
497	4	5	4	4
497	5	.	4	3
497	6	2	4	5
497	7	3	3	9
497	8	.	4	.
497	9	4	5	2
497	10	.	1	2
497	11	.	3	4
497	12	.	.	1
497	13	.	2	3
497	14	3	2	3
497	15	2	3	2
498	1	.	2	.
498	2	-2	2	0
498	3	4	3	3
498	4	3	3	2
498	5	0	.	0
498	6	1	4	0
498	7	1	4	5
498	8	2	4	4
498	9	3	5	8
498	10	.	4	3
498	11	1	3	4
498	12	1	.	5
498	13	0	2	2
498	14	1	4	2
498	15	1	3	3
499	1	6	4	6
499	2	1	.	5
499	3	0	.	2
499	4	4	.	4
499	5	.	3	3
499	6	2	3	7
499	7	1	4	4
499	8	0	4	4
499	9	4	.	3
499	10	1	2	2
499	11	1	3	3
499	12	1	4	3
499	13	2	3	2
499	14	2	5	6
499	15	6	6	7
500	1	6	3	.
500	2	0	2	2
500	3	0	1	.
500	4	.	3	4
500	5	3	3	5
500	6	4	.	5
500	7	2	1	1
500	8	4	1	.
500	9	3	2	3
500	10	2	2	3
500	11	0	0	.
500	12	.	2	4
500	13	0	1	0
500	14	2	2	.
500	15	0	2	1
