1	1	0	0	2	3	2
1	2	1	0	3	4	0
1	3	1	0	0	4	0
1	4	0	0	0	1	2
1	5	1	0	3	5	3
1	6	0	1	2	4	3
1	7	0	-1	-2	2	1
1	8	0	2	3	5	4
1	9	4	1	7	5	5
1	10	4	1	5	6	4
1	11	2	1	4	6	6
1	12	3	2	3	4	5
1	13	0	0	0	2	0
1	14	1	0	1	3	1
1	15	1	0	2	4	2
1	16	3	1	3	6	4
1	17	1	1	2	5	1
1	18	0	0	1	3	0
1	19	3	3	5	6	6
1	20	3	1	5	5	4
1	21	2	1	1	5	3
1	22	4	2	3	6	5
1	23	-1	0	0	2	2
1	24	2	1	1	5	3
1	25	0	1	1	3	2
1	26	3	1	4	5	3
1	27	0	0	2	4	3
1	28	4	2	1	4	5
1	29	4	0	4	7	6
1	30	1	1	1	5	3
1	31	4	2	4	5	4
1	32	0	0	-1	3	0
1	33	1	1	-1	3	0
1	34	4	1	6	8	4
1	35	2	1	3	5	3
1	36	-2	0	-2	2	-1
1	37	-1	0	-1	4	1
1	38	0	0	0	4	3
1	39	2	1	3	5	3
1	40	2	0	3	3	3
1	41	2	1	4	5	4
1	42	1	2	3	6	3
1	43	6	2	6	7	3
1	44	2	1	1	3	3
1	45	3	1	4	5	4
2	1	0	1	0	1	2
2	2	1	3	5	4	3
2	3	0	2	0	4	0
2	4	-1	1	1	3	0
2	5	2	1	2	4	2
2	6	4	2	5	4	5
2	7	-2	0	-1	2	0
2	8	0	2	0	2	2
2	9	2	3	2	5	2
2	10	-1	1	3	2	2
2	11	4	1	3	3	4
2	12	2	2	5	4	5
2	13	0	1	2	4	1
2	14	-1	1	-1	1	0
2	15	5	4	7	5	5
2	16	-1	3	2	2	3
2	17	2	3	4	4	5
2	18	1	1	3	3	3
2	19	2	3	3	5	5
2	20	3	2	5	4	4
2	21	2	2	4	3	3
2	22	3	2	3	5	6
2	23	-2	1	1	3	1
2	24	3	2	4	5	3
2	25	0	3	2	4	2
2	26	6	5	8	5	6
2	27	0	0	0	1	1
2	28	2	2	1	4	1
2	29	1	3	4	5	3
2	30	2	3	5	5	4
2	31	1	1	2	2	2
2	32	1	2	1	3	4
2	33	1	2	3	5	3
2	34	2	2	3	4	2
2	35	-1	1	-2	2	0
2	36	1	1	3	5	4
2	37	1	2	1	4	2
2	38	0	1	2	4	3
2	39	0	0	0	2	0
2	40	3	3	5	4	5
2	41	5	3	4	6	6
2	42	3	3	3	4	4
2	43	0	1	2	2	3
2	44	1	1	3	4	0
2	45	2	2	3	4	3
3	1	1	3	1	4	3
3	2	1	3	2	3	2
3	3	4	4	6	5	8
3	4	1	3	3	3	4
3	5	3	3	3	5	4
3	6	5	5	6	5	7
3	7	2	1	2	4	4
3	8	4	5	5	6	6
3	9	2	2	4	4	3
3	10	3	2	3	4	6
3	11	4	4	4	5	4
3	12	1	2	3	2	3
3	13	4	3	4	3	6
3	14	5	3	3	3	6
3	15	5	4	8	6	7
3	16	1	1	2	3	4
3	17	3	3	6	4	5
3	18	5	3	5	6	8
3	19	3	2	3	5	4
3	20	4	3	5	4	4
3	21	5	3	7	6	5
3	22	3	3	4	5	5
3	23	5	5	6	4	5
3	24	3	4	6	3	6
3	25	1	3	6	5	4
3	26	0	3	0	3	0
3	27	4	4	7	5	4
3	28	5	4	6	4	5
3	29	4	3	6	5	4
3	30	1	4	5	6	5
3	31	6	4	9	7	8
3	32	3	3	5	5	4
3	33	3	4	6	6	7
3	34	4	4	6	5	7
3	35	2	2	5	3	4
3	36	4	3	3	3	4
3	37	6	5	8	7	6
3	38	3	3	6	4	6
3	39	6	4	9	6	8
3	40	2	2	1	3	3
3	41	2	3	6	3	6
3	42	3	3	5	7	6
3	43	3	3	6	5	5
3	44	1	3	4	1	3
3	45	4	2	4	4	4
4	1	0	1	0	0	5
4	2	3	3	3	4	4
4	3	3	3	4	5	5
4	4	-2	2	-3	1	2
4	5	4	2	4	5	6
4	6	2	0	0	2	0
4	7	5	2	4	4	5
4	8	3	1	5	6	4
4	9	2	2	3	5	3
4	10	1	1	1	4	4
4	11	3	2	2	5	3
4	12	1	2	2	6	3
4	13	4	1	5	4	5
4	14	0	0	-1	1	0
4	15	0	0	0	0	1
4	16	3	3	6	5	4
4	17	4	1	4	4	4
4	18	2	2	3	4	6
4	19	4	1	3	4	5
4	20	3	3	2	4	5
4	21	0	0	-2	0	-1
4	22	5	3	3	3	6
4	23	1	1	1	4	2
4	24	2	2	3	4	3
4	25	2	3	1	2	2
4	26	3	2	4	5	4
4	27	1	3	3	4	4
4	28	3	3	3	6	4
4	29	2	2	2	5	5
4	30	1	0	0	2	2
4	31	5	2	4	6	6
4	32	5	1	3	6	3
4	33	5	3	6	5	7
4	34	4	3	3	4	4
4	35	3	2	4	5	6
4	36	7	3	6	7	6
4	37	3	0	0	3	5
4	38	0	1	0	2	2
4	39	3	3	0	4	2
4	40	1	0	3	2	3
4	41	4	1	3	4	4
4	42	4	4	5	5	7
4	43	2	2	4	4	2
4	44	2	2	2	4	5
4	45	1	2	3	4	2
5	1	3	1	4	2	4
5	2	3	2	6	3	6
5	3	4	2	7	4	6
5	4	2	3	4	3	5
5	5	3	1	5	5	5
5	6	3	0	5	4	5
5	7	4	2	5	3	7
5	8	2	0	3	1	5
5	9	4	3	7	5	6
5	10	1	0	2	3	3
5	11	1	1	5	4	4
5	12	3	2	5	3	5
5	13	3	2	3	4	7
5	14	1	0	2	2	3
5	15	-1	0	0	2	3
5	16	0	0	0	0	2
5	17	2	2	2	4	6
5	18	0	1	5	1	8
5	19	4	2	4	4	3
5	20	2	2	3	2	4
5	21	0	0	3	2	4
5	22	0	1	1	2	5
5	23	4	1	5	3	5
5	24	4	3	5	3	6
5	25	0	1	0	1	4
5	26	1	1	3	4	6
5	27	0	1	-1	2	4
5	28	0	0	-1	0	2
5	29	2	1	4	2	6
5	30	0	1	4	3	4
5	31	1	1	3	2	6
5	32	2	2	3	2	5
5	33	2	2	5	4	5
5	34	2	1	2	4	6
5	35	0	0	1	2	4
5	36	1	1	0	3	5
5	37	2	0	3	5	2
5	38	3	1	3	4	5
5	39	0	2	1	1	3
5	40	3	0	3	4	4
5	41	2	1	6	5	7
5	42	0	1	5	5	3
5	43	1	0	0	2	4
5	44	2	0	3	2	6
5	45	3	2	4	5	7
6	1	7	3	8	5	5
6	2	8	5	8	6	7
6	3	5	4	7	6	5
6	4	5	5	4	4	5
6	5	3	2	4	3	4
6	6	5	4	8	5	7
6	7	4	4	3	3	4
6	8	4	3	1	3	4
6	9	5	4	5	4	6
6	10	7	4	8	7	7
6	11	8	4	7	7	7
6	12	7	4	6	5	9
6	13	4	3	5	5	7
6	14	5	4	2	4	6
6	15	4	5	5	3	6
6	16	5	4	5	4	5
6	17	4	4	2	3	3
6	18	6	4	8	4	8
6	19	3	3	2	1	2
6	20	6	4	7	7	6
6	21	5	4	7	5	8
6	22	2	3	2	3	4
6	23	5	2	5	6	7
6	24	8	7	10	9	11
6	25	4	2	4	3	6
6	26	6	2	6	4	6
6	27	2	3	5	4	3
6	28	5	4	7	4	9
6	29	7	4	5	4	6
6	30	7	5	8	6	8
6	31	2	2	1	2	5
6	32	4	4	5	6	5
6	33	5	4	7	4	4
6	34	4	3	4	4	5
6	35	4	3	3	5	6
6	36	3	3	5	5	4
6	37	5	4	7	5	4
6	38	4	4	5	3	3
6	39	7	5	8	5	8
6	40	4	4	3	3	3
6	41	4	3	6	3	6
6	42	5	5	5	6	7
6	43	5	4	6	5	5
6	44	3	3	5	5	5
6	45	6	3	7	4	7
7	1	2	3	6	3	7
7	2	-1	1	3	0	3
7	3	0	1	2	3	2
7	4	0	2	3	2	6
7	5	1	1	2	1	6
7	6	5	2	4	3	8
7	7	1	3	3	3	5
7	8	1	2	3	3	6
7	9	0	1	0	1	4
7	10	4	2	5	2	6
7	11	-1	2	1	2	5
7	12	0	2	3	3	3
7	13	-1	1	1	2	4
7	14	1	2	5	3	3
7	15	0	1	3	2	4
7	16	0	1	2	2	6
7	17	3	2	4	2	6
7	18	0	1	2	2	2
7	19	4	1	3	2	7
7	20	0	1	1	3	4
7	21	-3	0	-1	0	2
7	22	1	2	4	2	5
7	23	2	4	4	3	6
7	24	0	1	3	3	6
7	25	2	2	5	1	6
7	26	0	1	1	2	2
7	27	1	2	5	3	5
7	28	-1	1	-1	0	2
7	29	2	2	5	4	7
7	30	2	3	6	4	8
7	31	3	3	7	3	7
7	32	2	2	5	2	6
7	33	1	2	0	1	5
7	34	0	1	0	1	4
7	35	4	2	3	3	5
7	36	3	1	5	3	5
7	37	0	2	2	3	2
7	38	0	1	1	1	3
7	39	0	1	3	3	4
7	40	0	0	0	2	3
7	41	0	2	1	2	3
7	42	0	1	2	1	1
7	43	2	2	7	6	7
7	44	2	1	3	4	3
7	45	2	3	4	4	6
8	1	-3	-2	-2	-2	-2
8	2	0	0	-1	1	3
8	3	0	-1	0	1	2
8	4	0	-2	0	0	0
8	5	1	0	2	4	6
8	6	1	-1	-3	-1	2
8	7	0	0	3	1	4
8	8	2	0	1	3	4
8	9	0	0	3	1	2
8	10	-1	-1	-1	1	0
8	11	2	0	3	2	4
8	12	1	0	1	1	3
8	13	0	-1	-2	1	0
8	14	-1	-1	-2	0	0
8	15	1	1	7	3	5
8	16	-1	-1	0	0	0
8	17	-1	-2	-1	0	0
8	18	2	0	0	1	2
8	19	2	-1	2	2	1
8	20	-1	-1	-1	0	2
8	21	-2	-1	-2	1	0
8	22	0	0	0	1	2
8	23	2	0	2	3	2
8	24	3	0	2	1	0
8	25	0	0	-2	0	3
8	26	0	0	-1	-1	2
8	27	1	0	1	0	3
8	28	0	0	1	2	3
8	29	0	0	2	3	4
8	30	0	0	0	0	2
8	31	2	0	4	3	2
8	32	0	-1	0	0	1
8	33	0	0	0	1	3
8	34	3	0	3	3	3
8	35	1	0	5	1	3
8	36	-3	-2	-1	-2	-2
8	37	0	0	2	1	3
8	38	2	0	1	2	4
8	39	0	-2	-1	0	1
8	40	1	0	1	2	4
8	41	0	-1	0	0	2
8	42	3	1	2	5	5
8	43	2	1	2	3	3
8	44	0	0	5	2	3
8	45	0	0	0	1	3
9	1	3	3	4	5	6
9	2	3	2	3	6	5
9	3	3	2	5	6	7
9	4	1	2	3	4	4
9	5	-3	0	-1	2	-1
9	6	0	1	3	3	3
9	7	1	1	2	4	3
9	8	0	1	2	4	3
9	9	0	3	2	4	3
9	10	3	1	5	5	3
9	11	1	1	0	2	2
9	12	0	1	1	4	0
9	13	1	2	2	5	3
9	14	1	1	1	3	3
9	15	2	1	2	2	2
9	16	-2	0	-2	2	0
9	17	-1	0	0	3	0
9	18	0	0	1	1	1
9	19	-1	0	3	3	2
9	20	0	1	0	1	3
9	21	2	1	4	3	4
9	22	0	2	3	6	4
9	23	0	1	0	4	0
9	24	0	0	0	3	1
9	25	0	0	2	0	2
9	26	-1	0	1	3	4
9	27	1	2	2	2	2
9	28	0	0	3	4	3
9	29	0	0	5	3	1
9	30	-1	0	-2	2	0
9	31	1	2	2	3	4
9	32	2	2	4	5	3
9	33	2	3	4	5	3
9	34	1	1	2	3	2
9	35	0	0	0	1	-2
9	36	5	3	6	7	8
9	37	1	0	2	3	2
9	38	1	2	1	2	2
9	39	3	2	5	4	4
9	40	-1	0	1	1	3
9	41	0	1	0	3	0
9	42	1	0	-2	1	0
9	43	0	1	3	3	2
9	44	2	0	3	5	1
9	45	-1	0	-1	1	0
10	1	4	3	2	4	3
10	2	1	2	1	4	3
10	3	0	0	0	2	0
10	4	2	2	2	2	3
10	5	3	4	5	3	3
10	6	3	2	6	4	4
10	7	1	2	2	1	3
10	8	1	2	1	2	2
10	9	3	2	3	3	2
10	10	2	3	3	5	4
10	11	2	3	3	4	6
10	12	1	3	3	3	3
10	13	2	1	1	2	1
10	14	1	3	1	5	3
10	15	2	3	3	3	4
10	16	1	2	0	2	0
10	17	-1	2	0	0	0
10	18	4	3	2	2	2
10	19	-1	2	-1	0	1
10	20	2	1	2	3	1
10	21	2	3	4	4	3
10	22	2	2	3	3	4
10	23	1	4	2	3	0
10	24	1	2	2	2	2
10	25	4	3	2	4	4
10	26	2	4	6	3	4
10	27	6	2	3	4	4
10	28	1	1	-3	0	-1
10	29	3	3	3	4	4
10	30	1	3	1	2	1
10	31	1	2	4	5	3
10	32	2	2	0	2	2
10	33	2	3	1	2	1
10	34	1	3	0	2	3
10	35	3	3	4	3	5
10	36	4	2	3	4	2
10	37	0	3	5	2	4
10	38	4	4	7	5	6
10	39	2	4	4	3	4
10	40	1	2	4	2	3
10	41	0	1	-3	0	-1
10	42	4	6	6	6	6
10	43	0	1	2	2	0
10	44	6	4	5	5	5
10	45	2	3	1	5	2
11	1	5	3	8	6	7
11	2	3	2	6	3	5
11	3	3	2	5	5	4
11	4	3	2	2	6	6
11	5	6	2	3	4	5
11	6	3	3	3	4	6
11	7	6	3	6	5	5
11	8	3	4	4	4	5
11	9	1	1	2	3	2
11	10	3	3	3	3	4
11	11	5	3	5	5	6
11	12	4	3	5	5	5
11	13	2	3	8	6	8
11	14	2	2	0	2	2
11	15	4	3	4	6	5
11	16	6	4	8	6	6
11	17	5	4	7	5	6
11	18	4	2	4	5	5
11	19	3	2	3	3	3
11	20	5	3	4	5	7
11	21	2	1	2	4	0
11	22	2	2	4	4	4
11	23	6	4	7	4	7
11	24	1	2	1	2	2
11	25	2	2	7	5	6
11	26	5	4	9	7	10
11	27	2	4	6	4	6
11	28	1	1	2	3	5
11	29	4	3	7	5	6
11	30	4	3	5	5	3
11	31	4	3	8	5	5
11	32	3	2	6	6	8
11	33	3	2	4	5	4
11	34	0	4	3	3	4
11	35	2	2	3	1	3
11	36	3	2	5	3	2
11	37	3	3	8	6	7
11	38	0	0	1	4	1
11	39	2	2	3	3	1
11	40	2	3	3	3	3
11	41	4	3	2	5	7
11	42	2	2	3	3	4
11	43	5	3	6	5	7
11	44	5	3	4	4	6
11	45	4	1	5	4	2
12	1	1	3	2	5	5
12	2	2	4	2	6	4
12	3	1	4	3	4	2
12	4	2	2	0	3	3
12	5	0	3	4	4	4
12	6	1	3	3	6	3
12	7	2	2	0	2	1
12	8	3	4	4	4	3
12	9	2	4	4	5	7
12	10	2	3	2	6	5
12	11	2	4	1	4	4
12	12	2	3	4	3	5
12	13	7	5	8	7	6
12	14	0	4	1	3	4
12	15	1	3	2	3	4
12	16	-1	2	0	1	0
12	17	-2	1	0	1	0
12	18	1	2	2	3	3
12	19	1	4	3	4	3
12	20	4	2	5	3	5
12	21	0	4	3	3	6
12	22	3	3	3	3	3
12	23	4	4	4	7	5
12	24	1	3	0	2	0
12	25	0	2	0	1	1
12	26	0	2	1	2	2
12	27	4	4	4	6	4
12	28	1	4	2	3	4
12	29	3	3	4	5	5
12	30	2	2	2	3	2
12	31	2	2	2	1	4
12	32	0	3	0	3	4
12	33	-1	2	0	2	2
12	34	0	4	3	2	1
12	35	0	2	0	2	3
12	36	4	4	4	4	5
12	37	1	2	3	2	3
12	38	3	3	2	4	3
12	39	5	4	4	7	5
12	40	1	2	4	2	3
12	41	3	3	4	3	5
12	42	-1	0	-1	2	0
12	43	1	2	3	2	2
12	44	0	4	4	2	4
12	45	2	3	5	4	2
13	1	0	1	0	3	2
13	2	5	2	9	8	7
13	3	0	1	2	4	5
13	4	1	1	0	3	4
13	5	2	2	3	7	5
13	6	2	1	3	4	4
13	7	0	1	2	6	2
13	8	2	1	3	5	5
13	9	5	3	5	7	7
13	10	3	0	0	4	4
13	11	4	3	5	6	6
13	12	0	1	3	4	4
13	13	4	2	6	6	6
13	14	0	0	0	4	2
13	15	5	3	7	7	10
13	16	2	0	0	3	3
13	17	0	0	0	3	2
13	18	1	1	3	2	4
13	19	2	0	4	5	5
13	20	4	3	6	6	5
13	21	3	1	5	6	5
13	22	0	1	3	3	5
13	23	0	0	0	4	1
13	24	1	0	1	4	4
13	25	2	0	0	3	3
13	26	5	2	5	9	6
13	27	-1	-1	-2	2	0
13	28	2	1	6	4	7
13	29	0	1	0	5	4
13	30	4	1	6	6	9
13	31	0	0	1	3	2
13	32	3	1	3	6	4
13	33	1	0	1	4	3
13	34	1	1	5	6	7
13	35	4	2	7	6	4
13	36	5	2	6	6	7
13	37	3	3	3	6	5
13	38	4	2	5	7	5
13	39	3	1	6	5	6
13	40	1	0	2	4	3
13	41	1	1	5	6	5
13	42	1	0	0	3	3
13	43	0	1	2	5	3
13	44	3	2	4	7	6
13	45	2	1	4	4	5
14	1	1	1	6	4	5
14	2	0	1	2	1	5
14	3	0	1	4	3	3
14	4	0	1	2	2	4
14	5	1	2	8	2	5
14	6	-1	1	2	2	3
14	7	2	3	5	3	8
14	8	0	2	2	1	2
14	9	2	4	7	5	6
14	10	0	3	6	4	5
14	11	2	1	1	1	3
14	12	1	3	4	3	5
14	13	0	2	4	1	2
14	14	1	3	3	1	5
14	15	2	1	6	1	3
14	16	0	1	2	1	2
14	17	0	2	4	3	3
14	18	1	3	3	2	4
14	19	3	3	7	4	7
14	20	2	3	7	4	5
14	21	0	2	2	1	3
14	22	3	3	7	4	6
14	23	1	2	5	3	4
14	24	1	2	5	4	4
14	25	2	3	5	2	6
14	26	5	3	9	5	8
14	27	0	1	3	1	4
14	28	1	3	5	3	4
14	29	-2	0	3	1	0
14	30	2	3	5	3	6
14	31	1	2	8	5	6
14	32	2	2	7	5	7
14	33	-1	1	4	0	0
14	34	2	4	5	3	7
14	35	2	3	8	5	7
14	36	0	1	3	4	4
14	37	0	2	1	4	3
14	38	0	3	2	2	2
14	39	3	2	5	3	4
14	40	1	3	6	3	5
14	41	2	4	6	4	7
14	42	1	1	5	2	4
14	43	2	3	6	4	6
14	44	6	3	11	5	8
14	45	4	2	3	3	6
15	1	1	4	3	2	5
15	2	0	1	0	0	3
15	3	2	3	2	2	5
15	4	0	1	2	2	5
15	5	0	2	1	0	5
15	6	0	1	0	0	3
15	7	-1	1	1	0	6
15	8	-2	2	0	2	4
15	9	2	1	2	1	4
15	10	1	4	3	3	7
15	11	1	4	3	3	7
15	12	0	1	0	1	4
15	13	-1	1	0	0	3
15	14	0	3	0	3	4
15	15	0	1	1	1	3
15	16	0	2	5	0	3
15	17	0	3	0	0	5
15	18	3	3	7	4	10
15	19	0	2	2	0	6
15	20	-1	1	0	0	3
15	21	0	2	0	1	5
15	22	0	2	3	1	6
15	23	0	2	0	3	7
15	24	2	3	1	0	5
15	25	-1	2	3	2	5
15	26	-1	0	-2	1	3
15	27	0	3	2	1	6
15	28	2	3	0	1	5
15	29	-1	1	0	-1	1
15	30	2	2	6	3	6
15	31	2	2	3	4	2
15	32	4	3	6	4	7
15	33	1	1	3	3	4
15	34	2	3	1	3	4
15	35	1	1	0	2	2
15	36	0	2	1	2	3
15	37	0	0	-1	1	3
15	38	-1	0	-2	0	1
15	39	1	2	1	0	5
15	40	0	1	1	2	4
15	41	0	3	1	1	7
15	42	-1	2	-1	-1	0
15	43	-1	2	0	0	2
15	44	0	2	-2	0	6
15	45	1	4	3	2	6
16	1	2	4	2	7	7
16	2	5	3	4	6	7
16	3	3	4	6	7	6
16	4	3	3	5	4	7
16	5	5	4	4	7	6
16	6	7	5	8	7	12
16	7	3	2	5	6	6
16	8	3	5	2	7	6
16	9	3	4	3	6	6
16	10	6	5	8	8	11
16	11	2	3	4	7	6
16	12	3	5	4	5	9
16	13	4	5	5	8	7
16	14	3	3	3	6	6
16	15	6	4	7	9	8
16	16	5	4	6	7	8
16	17	2	3	4	5	7
16	18	5	4	7	6	8
16	19	2	5	6	7	7
16	20	1	5	7	6	9
16	21	6	4	5	5	9
16	22	6	5	5	7	9
16	23	3	3	1	4	5
16	24	1	3	5	7	6
16	25	4	3	2	6	7
16	26	3	2	4	7	5
16	27	2	2	3	5	4
16	28	5	3	8	7	7
16	29	5	5	5	6	6
16	30	0	1	-1	4	3
16	31	7	5	8	9	8
16	32	5	6	7	8	6
16	33	9	6	9	9	10
16	34	5	4	6	6	8
16	35	3	4	5	6	6
16	36	7	6	11	9	10
16	37	8	6	10	10	12
16	38	2	2	3	6	4
16	39	5	4	9	6	5
16	40	3	4	6	5	7
16	41	4	4	8	7	7
16	42	6	4	5	7	7
16	43	1	4	2	5	2
16	44	4	5	5	6	7
16	45	5	6	9	8	7
17	1	1	3	5	3	3
17	2	2	3	4	5	4
17	3	4	3	6	6	8
17	4	3	3	6	4	6
17	5	0	1	0	2	1
17	6	3	2	4	3	5
17	7	6	3	5	5	7
17	8	4	3	6	5	7
17	9	2	2	4	2	3
17	10	2	3	4	4	4
17	11	0	2	1	2	2
17	12	1	2	5	2	5
17	13	0	2	2	1	4
17	14	1	1	2	5	1
17	15	3	4	5	4	6
17	16	3	2	3	2	2
17	17	5	4	5	3	4
17	18	6	3	4	5	4
17	19	3	4	3	3	4
17	20	5	4	7	6	7
17	21	0	2	0	3	3
17	22	2	4	6	3	7
17	23	2	3	4	2	4
17	24	3	2	5	4	4
17	25	4	3	6	5	4
17	26	2	2	2	2	4
17	27	0	2	1	1	1
17	28	0	2	3	3	3
17	29	5	4	5	4	6
17	30	2	3	3	3	5
17	31	3	4	6	5	5
17	32	4	3	3	1	6
17	33	4	2	5	4	4
17	34	1	2	1	2	4
17	35	2	4	7	5	5
17	36	3	4	5	4	4
17	37	2	1	1	2	2
17	38	3	2	4	3	3
17	39	4	3	6	4	5
17	40	4	2	4	4	5
17	41	4	6	6	4	5
17	42	1	2	2	3	4
17	43	4	4	7	6	5
17	44	5	2	6	3	7
17	45	2	4	7	3	3
18	1	0	0	-4	0	-1
18	2	-3	-1	-2	0	0
18	3	0	0	1	0	2
18	4	0	0	0	1	0
18	5	2	0	5	2	1
18	6	0	0	0	0	2
18	7	-1	0	-2	1	0
18	8	-4	0	-2	-1	-2
18	9	0	0	-1	0	-2
18	10	0	0	0	0	2
18	11	0	0	0	1	0
18	12	1	1	2	3	1
18	13	-1	-1	-1	0	0
18	14	0	0	0	0	1
18	15	-1	-1	-1	-1	-2
18	16	2	1	1	1	3
18	17	-1	1	0	1	0
18	18	0	0	0	1	0
18	19	-1	0	-4	-1	-3
18	20	2	-1	0	0	1
18	21	-3	0	-2	0	-1
18	22	-1	0	-2	-2	-1
18	23	0	0	2	2	3
18	24	0	0	-1	0	-2
18	25	-3	-1	-3	0	-2
18	26	1	2	3	2	1
18	27	-3	-2	-5	-1	-4
18	28	1	0	2	1	2
18	29	1	2	2	1	3
18	30	0	0	1	0	-2
18	31	0	0	0	1	1
18	32	0	0	-1	0	-1
18	33	1	0	3	2	-1
18	34	1	0	0	0	0
18	35	0	0	1	-1	0
18	36	1	0	0	1	0
18	37	1	0	4	1	1
18	38	-1	-1	0	0	-3
18	39	-2	0	-2	0	0
18	40	-1	-1	1	1	-1
18	41	-1	0	0	0	-1
18	42	-2	-1	0	0	-1
18	43	0	0	0	0	0
18	44	-2	-2	-2	0	-2
18	45	0	0	-1	0	0
19	1	1	1	3	1	3
19	2	4	2	4	5	4
19	3	7	5	10	6	9
19	4	2	1	2	2	1
19	5	4	1	5	3	5
19	6	5	2	7	1	7
19	7	1	1	2	2	4
19	8	3	2	4	2	3
19	9	7	3	6	6	6
19	10	0	0	0	0	1
19	11	2	1	1	0	5
19	12	0	1	2	1	4
19	13	5	2	8	3	5
19	14	4	2	4	3	4
19	15	1	2	2	2	3
19	16	7	5	10	7	9
19	17	3	2	3	3	4
19	18	3	2	3	1	2
19	19	4	1	4	4	5
19	20	2	1	4	0	2
19	21	4	1	3	3	6
19	22	2	3	4	2	3
19	23	4	1	7	1	6
19	24	1	2	1	1	1
19	25	2	1	0	0	1
19	26	3	1	1	1	4
19	27	2	2	3	2	4
19	28	5	3	8	4	5
19	29	5	3	8	5	6
19	30	3	2	4	2	4
19	31	1	2	2	3	2
19	32	2	3	2	3	3
19	33	5	2	4	2	4
19	34	4	3	4	3	3
19	35	2	0	4	2	4
19	36	1	2	0	1	2
19	37	1	2	3	2	2
19	38	5	3	6	4	5
19	39	3	2	1	1	4
19	40	3	2	2	3	7
19	41	3	1	4	3	3
19	42	3	2	1	2	4
19	43	4	2	3	4	5
19	44	3	3	4	3	3
19	45	5	3	7	5	6
20	1	2	0	3	2	4
20	2	1	1	0	0	2
20	3	2	1	2	4	4
20	4	0	1	1	0	1
20	5	2	0	0	1	0
20	6	4	1	4	1	2
20	7	2	0	4	1	4
20	8	3	2	1	1	4
20	9	2	1	2	2	3
20	10	1	0	-3	1	1
20	11	0	0	-3	0	0
20	12	1	1	4	2	2
20	13	4	2	0	3	5
20	14	1	0	0	1	1
20	15	5	2	3	4	5
20	16	4	1	2	2	3
20	17	3	1	4	2	4
20	18	2	1	0	0	2
20	19	3	1	2	1	2
20	20	2	0	2	3	1
20	21	4	2	3	2	5
20	22	0	0	2	0	2
20	23	3	0	1	3	3
20	24	-2	-2	0	1	0
20	25	2	0	-1	0	2
20	26	4	1	3	2	4
20	27	3	1	1	0	2
20	28	0	1	3	2	2
20	29	2	0	0	0	3
20	30	3	2	2	2	3
20	31	4	1	3	2	6
20	32	0	0	0	-1	3
20	33	2	0	0	0	3
20	34	4	1	4	4	5
20	35	0	0	0	-1	1
20	36	2	0	4	0	2
20	37	4	2	3	3	7
20	38	6	3	4	4	7
20	39	3	0	4	2	3
20	40	1	0	1	0	0
20	41	3	0	1	1	4
20	42	1	0	2	1	3
20	43	6	2	3	3	5
20	44	1	0	0	2	2
20	45	2	0	3	2	2
21	1	2	1	3	3	4
21	2	0	1	0	0	1
21	3	2	1	3	3	4
21	4	0	0	0	1	1
21	5	2	2	3	2	3
21	6	0	2	2	3	5
21	7	0	0	-1	0	1
21	8	3	1	3	4	5
21	9	0	1	0	2	4
21	10	1	1	3	1	3
21	11	1	1	0	2	3
21	12	0	2	0	2	2
21	13	0	1	1	0	4
21	14	0	1	0	0	0
21	15	-1	0	2	1	3
21	16	3	0	3	3	3
21	17	-3	0	-3	0	0
21	18	-2	1	-2	0	0
21	19	-1	0	-1	0	0
21	20	-3	0	-1	0	0
21	21	0	2	1	4	4
21	22	0	0	0	0	0
21	23	-3	0	-1	0	-1
21	24	1	0	0	2	2
21	25	-1	1	2	0	2
21	26	1	1	2	2	2
21	27	0	1	0	0	2
21	28	1	2	2	2	4
21	29	0	2	2	1	2
21	30	2	2	0	1	5
21	31	-2	1	-1	0	0
21	32	2	3	5	4	5
21	33	-1	1	0	2	3
21	34	-1	1	-1	0	-2
21	35	0	0	0	1	3
21	36	-1	0	-2	1	0
21	37	0	2	-1	0	2
21	38	0	2	1	1	2
21	39	2	2	0	3	2
21	40	1	2	3	3	4
21	41	-2	0	0	0	0
21	42	0	1	3	3	4
21	43	3	2	6	3	4
21	44	1	1	-2	0	1
21	45	-1	1	0	1	2
22	1	0	1	3	4	4
22	2	0	0	2	4	1
22	3	0	2	2	5	6
22	4	0	3	5	6	9
22	5	2	1	3	5	5
22	6	3	3	5	4	6
22	7	0	1	6	5	7
22	8	-1	2	1	4	5
22	9	0	1	3	5	3
22	10	2	2	4	5	7
22	11	-1	1	0	2	3
22	12	0	0	0	2	1
22	13	0	2	3	3	3
22	14	-1	1	3	3	4
22	15	1	0	1	5	3
22	16	0	1	3	5	5
22	17	0	2	4	4	5
22	18	0	0	2	3	5
22	19	0	0	4	4	5
22	20	-2	1	2	3	5
22	21	2	2	4	5	5
22	22	1	2	1	4	3
22	23	2	2	6	6	6
22	24	0	1	3	4	3
22	25	1	2	6	4	7
22	26	0	2	3	5	5
22	27	1	2	5	5	5
22	28	0	0	2	4	5
22	29	1	0	4	4	5
22	30	0	1	2	3	5
22	31	-1	0	3	3	4
22	32	0	0	2	3	4
22	33	0	2	3	5	5
22	34	0	1	2	3	4
22	35	0	1	1	3	2
22	36	1	1	0	0	2
22	37	0	2	2	3	4
22	38	0	1	1	3	4
22	39	-4	0	-1	3	0
22	40	0	0	0	1	0
22	41	0	1	3	4	4
22	42	-1	0	1	4	6
22	43	-1	0	1	2	3
22	44	-3	0	0	1	0
22	45	0	1	1	4	2
23	1	2	0	4	3	5
23	2	5	3	5	4	6
23	3	0	1	0	2	2
23	4	3	1	2	3	3
23	5	1	1	2	3	2
23	6	2	1	0	3	2
23	7	3	1	4	4	1
23	8	1	0	0	2	2
23	9	2	0	-1	4	3
23	10	0	2	1	3	5
23	11	1	1	-1	2	2
23	12	1	1	0	2	1
23	13	0	1	-2	2	1
23	14	1	1	2	5	4
23	15	0	1	2	2	3
23	16	2	2	3	4	6
23	17	0	0	0	1	0
23	18	0	1	1	4	3
23	19	-1	1	1	4	0
23	20	1	0	0	1	6
23	21	2	2	3	5	4
23	22	0	0	0	2	0
23	23	3	0	2	4	3
23	24	0	1	-1	3	2
23	25	0	0	1	4	1
23	26	2	1	2	5	3
23	27	0	1	1	4	2
23	28	0	-1	-3	0	0
23	29	4	1	1	4	5
23	30	3	1	1	3	2
23	31	0	0	0	3	1
23	32	-2	0	-4	0	0
23	33	4	3	5	5	7
23	34	6	1	8	7	7
23	35	4	1	3	1	2
23	36	4	1	3	4	5
23	37	2	2	4	4	5
23	38	0	0	1	3	2
23	39	1	1	0	2	3
23	40	1	0	-1	1	0
23	41	0	0	0	3	3
23	42	1	0	5	2	3
23	43	2	0	1	3	3
23	44	2	0	0	3	1
23	45	1	0	1	2	4
24	1	-3	0	-1	0	0
24	2	1	2	3	3	2
24	3	0	1	1	1	0
24	4	2	0	1	4	2
24	5	0	1	0	3	1
24	6	0	2	2	2	0
24	7	2	2	5	4	5
24	8	0	1	2	3	1
24	9	-1	0	1	2	-1
24	10	0	0	3	2	0
24	11	0	0	3	2	0
24	12	-1	1	-1	2	0
24	13	1	1	4	2	3
24	14	0	0	1	1	-1
24	15	1	2	4	2	3
24	16	0	1	1	3	1
24	17	0	-1	0	1	0
24	18	0	2	1	4	0
24	19	1	3	5	5	3
24	20	2	1	2	5	3
24	21	4	2	6	6	5
24	22	0	1	0	3	0
24	23	-4	0	1	1	0
24	24	1	0	0	2	1
24	25	0	1	5	2	2
24	26	2	5	8	5	6
24	27	2	2	2	2	2
24	28	0	3	5	6	5
24	29	0	1	5	3	1
24	30	-1	0	1	1	0
24	31	0	0	1	2	1
24	32	3	2	3	3	2
24	33	3	2	5	4	5
24	34	1	3	3	4	2
24	35	0	1	5	5	3
24	36	0	1	1	2	2
24	37	-1	0	1	1	2
24	38	1	2	6	6	4
24	39	0	0	1	2	0
24	40	0	0	0	2	-2
24	41	1	1	2	3	3
24	42	0	0	0	1	0
24	43	-2	0	3	2	2
24	44	0	1	2	2	1
24	45	0	2	6	3	1
25	1	2	4	1	2	4
25	2	2	4	1	1	3
25	3	0	4	2	4	5
25	4	2	3	4	3	4
25	5	1	4	0	2	5
25	6	-2	3	-3	0	0
25	7	1	2	3	1	5
25	8	1	4	2	2	2
25	9	0	3	0	2	6
25	10	0	3	0	1	4
25	11	0	2	1	2	3
25	12	0	3	-1	2	1
25	13	0	5	3	3	4
25	14	3	4	4	3	5
25	15	3	3	3	0	5
25	16	-3	4	0	1	2
25	17	2	3	4	2	6
25	18	2	3	4	5	5
25	19	1	3	0	2	4
25	20	0	2	0	1	3
25	21	0	3	-3	2	3
25	22	0	3	0	1	3
25	23	2	3	2	3	4
25	24	0	4	0	3	3
25	25	0	4	1	2	3
25	26	2	3	8	5	4
25	27	1	4	1	2	4
25	28	2	3	3	4	5
25	29	-2	2	-1	1	0
25	30	0	3	0	2	3
25	31	0	3	5	3	1
25	32	0	4	2	3	4
25	33	0	2	0	1	1
25	34	2	4	2	3	4
25	35	2	3	3	3	3
25	36	1	3	1	1	3
25	37	1	4	3	1	5
25	38	1	3	1	1	3
25	39	1	4	1	3	5
25	40	0	5	1	3	5
25	41	0	3	1	2	3
25	42	2	4	5	3	5
25	43	1	4	2	3	3
25	44	2	5	3	4	5
25	45	1	2	0	0	4
26	1	3	0	3	3	4
26	2	0	0	1	1	0
26	3	1	0	1	3	3
26	4	0	0	0	1	-1
26	5	0	-1	0	1	0
26	6	1	0	1	3	2
26	7	-2	0	-1	1	1
26	8	0	2	1	2	0
26	9	0	1	0	2	1
26	10	-1	-2	-4	-1	-3
26	11	1	0	0	0	1
26	12	-2	-1	-4	-1	-1
26	13	0	0	0	0	2
26	14	0	0	0	2	0
26	15	0	0	0	1	0
26	16	0	0	0	2	1
26	17	2	0	3	3	2
26	18	0	0	-1	0	-1
26	19	1	1	1	2	2
26	20	0	1	-1	2	1
26	21	1	0	-1	1	0
26	22	0	0	-4	0	0
26	23	-2	-1	-4	0	0
26	24	0	0	1	1	2
26	25	1	-1	0	0	0
26	26	2	2	2	2	3
26	27	1	0	0	0	3
26	28	2	1	0	1	4
26	29	2	1	0	2	1
26	30	0	-1	0	2	1
26	31	1	0	1	2	1
26	32	2	1	1	2	4
26	33	2	0	1	2	3
26	34	1	1	2	3	3
26	35	1	0	0	2	3
26	36	0	0	-3	0	1
26	37	2	0	0	2	2
26	38	0	0	0	2	3
26	39	2	0	0	2	1
26	40	0	1	0	4	2
26	41	0	0	0	2	0
26	42	0	0	1	2	1
26	43	1	1	1	2	1
26	44	1	0	0	3	2
26	45	-1	0	-3	1	1
27	1	2	2	4	1	6
27	2	0	3	1	1	3
27	3	1	1	3	4	6
27	4	1	3	2	1	4
27	5	1	3	0	1	2
27	6	0	3	0	2	1
27	7	3	4	6	4	7
27	8	1	1	2	4	4
27	9	0	3	4	1	0
27	10	2	3	3	3	5
27	11	3	4	5	3	7
27	12	3	2	7	4	6
27	13	3	3	7	3	6
27	14	3	5	8	4	6
27	15	2	3	3	2	2
27	16	5	4	6	5	8
27	17	2	3	4	2	3
27	18	2	2	5	3	6
27	19	5	5	7	6	6
27	20	3	4	5	5	8
27	21	4	4	6	3	5
27	22	1	2	0	1	3
27	23	0	3	3	2	4
27	24	4	5	7	7	9
27	25	1	5	4	2	2
27	26	2	4	5	3	3
27	27	4	2	6	4	6
27	28	4	4	6	5	5
27	29	5	4	5	5	3
27	30	3	4	3	2	4
27	31	0	2	2	3	4
27	32	3	4	3	2	4
27	33	2	2	2	3	3
27	34	3	3	2	4	6
27	35	4	4	6	4	5
27	36	6	4	8	6	9
27	37	4	3	6	6	5
27	38	0	4	4	2	6
27	39	5	3	7	4	8
27	40	2	3	7	5	8
27	41	0	3	3	3	4
27	42	1	1	0	1	2
27	43	2	3	4	3	6
27	44	4	4	8	5	7
27	45	1	3	1	2	3
28	1	0	3	4	2	6
28	2	0	2	2	3	4
28	3	2	2	5	5	5
28	4	1	2	4	3	4
28	5	0	2	1	3	2
28	6	1	4	4	1	3
28	7	0	2	3	3	2
28	8	0	2	2	1	0
28	9	0	2	2	2	5
28	10	1	1	3	4	5
28	11	0	3	2	1	3
28	12	3	3	6	5	6
28	13	0	1	0	0	1
28	14	0	2	0	1	3
28	15	2	3	6	3	4
28	16	3	3	9	6	7
28	17	0	2	5	3	4
28	18	0	3	2	2	4
28	19	1	2	2	2	4
28	20	0	3	5	4	5
28	21	2	3	6	4	5
28	22	1	2	4	2	4
28	23	0	2	3	4	1
28	24	1	2	5	3	4
28	25	3	3	6	3	7
28	26	1	4	5	4	6
28	27	0	2	4	4	6
28	28	2	3	3	2	3
28	29	2	3	4	3	5
28	30	0	2	2	2	3
28	31	2	3	5	4	6
28	32	0	2	3	3	2
28	33	2	4	4	4	6
28	34	-1	1	2	2	2
28	35	1	2	2	2	3
28	36	1	2	3	4	5
28	37	0	2	1	3	3
28	38	0	1	1	2	2
28	39	1	4	5	4	3
28	40	2	2	7	4	4
28	41	0	1	3	0	1
28	42	1	2	6	2	4
28	43	0	1	2	1	2
28	44	0	2	3	1	1
28	45	2	2	3	4	3
29	1	0	0	0	1	0
29	2	1	0	5	4	5
29	3	0	1	1	1	2
29	4	1	1	3	5	3
29	5	1	0	1	2	1
29	6	-1	0	0	0	0
29	7	2	0	4	5	3
29	8	0	0	2	4	2
29	9	0	0	0	3	1
29	10	0	0	3	3	3
29	11	3	1	2	4	4
29	12	0	0	1	3	1
29	13	0	0	0	1	1
29	14	0	0	1	0	1
29	15	-2	0	0	2	0
29	16	2	0	4	5	4
29	17	2	0	2	3	2
29	18	1	0	2	2	4
29	19	1	1	0	3	3
29	20	0	0	0	2	1
29	21	0	0	1	3	1
29	22	2	2	2	5	4
29	23	-1	0	-2	0	1
29	24	1	2	2	4	4
29	25	1	-1	0	3	0
29	26	0	2	2	4	2
29	27	0	-1	3	2	0
29	28	-1	0	-1	1	1
29	29	3	2	3	5	5
29	30	0	0	1	4	3
29	31	-1	-1	0	0	-1
29	32	0	0	3	1	2
29	33	0	0	0	3	1
29	34	0	0	-1	1	0
29	35	0	1	1	2	2
29	36	0	0	0	3	2
29	37	1	-1	1	3	3
29	38	5	2	5	5	3
29	39	0	-1	-4	0	0
29	40	1	1	2	3	4
29	41	0	0	0	2	1
29	42	2	0	3	3	3
29	43	0	0	0	2	2
29	44	1	-1	0	3	1
29	45	-1	-2	-2	2	0
30	1	3	3	5	2	3
30	2	8	3	8	7	11
30	3	4	5	6	4	7
30	4	6	4	8	6	7
30	5	5	4	6	3	6
30	6	5	5	4	7	8
30	7	4	4	7	4	7
30	8	3	4	6	4	6
30	9	0	2	6	3	5
30	10	3	2	1	2	5
30	11	0	2	0	2	3
30	12	2	3	5	4	5
30	13	4	4	5	4	7
30	14	6	3	8	5	8
30	15	3	3	2	3	6
30	16	3	1	4	3	4
30	17	7	4	11	7	11
30	18	6	3	7	3	6
30	19	5	4	8	5	6
30	20	3	2	4	3	7
30	21	4	3	2	4	5
30	22	2	3	5	5	6
30	23	5	4	8	5	10
30	24	3	2	1	4	6
30	25	3	3	7	4	4
30	26	0	2	0	1	2
30	27	1	3	2	2	2
30	28	1	2	2	3	3
30	29	3	2	7	5	7
30	30	3	3	5	4	5
30	31	2	1	3	3	3
30	32	6	5	9	4	7
30	33	3	4	6	5	7
30	34	2	3	3	2	3
30	35	3	3	5	2	6
30	36	2	4	3	1	2
30	37	1	2	4	2	1
30	38	5	5	7	4	8
30	39	6	4	7	4	7
30	40	5	4	5	5	5
30	41	2	2	4	2	5
30	42	1	3	2	1	3
30	43	0	3	1	1	4
30	44	5	3	7	4	7
30	45	3	2	4	4	5
31	1	-2	1	0	3	0
31	2	2	2	1	6	3
31	3	5	4	6	7	4
31	4	4	4	2	5	5
31	5	0	4	4	5	1
31	6	1	3	0	3	1
31	7	0	2	0	4	4
31	8	2	4	1	6	3
31	9	4	6	2	6	4
31	10	0	3	0	3	1
31	11	3	6	5	7	4
31	12	3	4	2	6	4
31	13	4	2	3	5	3
31	14	0	3	-1	4	0
31	15	1	4	3	5	2
31	16	2	2	2	4	2
31	17	3	5	5	6	6
31	18	2	4	7	5	4
31	19	2	4	5	6	4
31	20	5	5	4	7	6
31	21	0	3	3	4	3
31	22	3	4	2	6	5
31	23	3	3	6	4	3
31	24	1	4	3	5	3
31	25	4	5	2	6	5
31	26	6	5	4	7	6
31	27	4	5	6	6	4
31	28	2	2	0	5	4
31	29	2	4	5	4	4
31	30	3	4	7	8	4
31	31	3	5	4	6	3
31	32	4	5	4	7	3
31	33	2	3	4	5	4
31	34	4	4	5	7	5
31	35	0	4	2	4	2
31	36	3	4	3	6	3
31	37	2	2	2	4	4
31	38	-1	3	-2	0	0
31	39	-1	4	0	5	1
31	40	4	4	3	5	5
31	41	3	6	6	5	4
31	42	1	3	0	2	0
31	43	1	2	0	4	-1
31	44	6	5	5	6	5
31	45	1	4	1	6	0
32	1	2	3	4	3	2
32	2	2	2	2	2	0
32	3	3	3	2	3	3
32	4	2	2	2	1	4
32	5	2	3	0	4	3
32	6	2	3	3	4	4
32	7	0	2	1	1	2
32	8	-1	0	-2	-1	0
32	9	3	3	6	5	5
32	10	4	2	4	5	8
32	11	1	1	1	0	2
32	12	0	2	5	5	2
32	13	4	2	8	3	6
32	14	3	2	3	4	7
32	15	5	2	5	4	5
32	16	2	1	-1	1	3
32	17	4	5	7	5	8
32	18	0	1	3	1	2
32	19	4	2	5	5	4
32	20	2	2	3	4	3
32	21	0	1	2	1	2
32	22	0	3	2	2	3
32	23	1	1	0	3	1
32	24	6	4	6	6	7
32	25	0	3	2	2	4
32	26	2	3	2	5	2
32	27	0	1	2	2	1
32	28	1	1	3	2	1
32	29	0	1	0	1	1
32	30	2	2	2	3	3
32	31	1	0	-3	0	1
32	32	-1	1	1	0	0
32	33	0	3	1	2	0
32	34	2	1	0	0	2
32	35	1	2	4	3	4
32	36	3	4	6	3	5
32	37	0	1	1	1	2
32	38	3	3	3	3	4
32	39	2	2	4	5	7
32	40	0	2	2	1	2
32	41	1	3	4	2	2
32	42	1	3	5	4	6
32	43	0	1	3	2	4
32	44	2	3	2	3	4
32	45	2	2	2	4	5
33	1	0	4	6	3	3
33	2	2	3	3	4	5
33	3	0	3	3	4	3
33	4	5	6	9	7	8
33	5	4	4	7	5	6
33	6	0	3	1	5	4
33	7	2	1	1	4	2
33	8	3	3	3	4	4
33	9	4	4	7	3	6
33	10	4	3	4	6	7
33	11	2	2	3	3	2
33	12	4	3	5	4	4
33	13	3	2	3	4	6
33	14	0	3	0	3	3
33	15	1	2	5	4	5
33	16	7	4	7	7	9
33	17	3	2	4	4	3
33	18	3	4	4	5	4
33	19	0	3	3	2	4
33	20	4	5	5	5	7
33	21	3	1	3	3	4
33	22	2	2	0	1	4
33	23	0	3	6	4	5
33	24	1	3	2	5	6
33	25	6	4	7	8	9
33	26	1	2	2	3	4
33	27	2	2	4	4	5
33	28	3	3	3	7	7
33	29	4	4	5	5	7
33	30	1	1	4	3	6
33	31	3	2	5	3	5
33	32	0	3	6	5	5
33	33	6	5	10	6	7
33	34	1	4	6	5	5
33	35	0	1	0	3	0
33	36	6	5	6	5	6
33	37	4	4	5	4	6
33	38	1	4	3	4	4
33	39	1	2	1	7	2
33	40	2	4	5	3	7
33	41	2	4	3	5	7
33	42	2	3	4	4	4
33	43	2	2	2	3	6
33	44	0	2	-1	4	4
33	45	2	3	4	5	6
34	1	3	2	4	5	6
34	2	5	3	4	3	6
34	3	4	4	6	4	7
34	4	1	2	1	2	5
34	5	4	3	3	3	5
34	6	6	4	4	5	8
34	7	1	1	0	2	4
34	8	6	4	6	4	9
34	9	3	2	3	3	3
34	10	3	2	2	2	5
34	11	2	1	5	4	5
34	12	4	3	3	3	6
34	13	1	2	1	3	5
34	14	3	4	5	4	6
34	15	1	2	2	1	1
34	16	1	2	2	1	2
34	17	0	1	3	2	4
34	18	2	2	3	4	4
34	19	6	2	7	6	7
34	20	5	6	6	6	8
34	21	3	2	4	4	6
34	22	3	3	4	6	5
34	23	2	3	4	6	5
34	24	3	2	3	3	5
34	25	2	2	2	0	4
34	26	5	2	2	4	4
34	27	1	2	1	2	6
34	28	4	2	4	4	3
34	29	2	2	3	2	3
34	30	2	2	1	3	4
34	31	2	2	5	2	6
34	32	3	1	4	5	4
34	33	3	4	5	4	7
34	34	4	3	4	5	4
34	35	3	2	4	3	6
34	36	1	1	3	2	1
34	37	3	4	7	5	7
34	38	4	2	1	4	6
34	39	3	2	2	4	4
34	40	4	2	4	5	6
34	41	5	2	4	5	6
34	42	0	2	0	1	1
34	43	5	2	9	5	9
34	44	3	2	6	5	3
34	45	5	3	7	5	7
35	1	2	1	3	3	4
35	2	2	1	4	3	4
35	3	1	0	1	0	1
35	4	2	1	4	2	1
35	5	1	2	3	3	5
35	6	3	3	6	2	7
35	7	0	-1	3	2	2
35	8	7	1	4	4	7
35	9	4	1	7	5	6
35	10	2	0	3	3	5
35	11	3	1	5	4	5
35	12	1	0	2	3	4
35	13	3	0	2	2	6
35	14	4	1	4	4	7
35	15	4	1	4	3	4
35	16	2	0	0	4	3
35	17	0	0	3	4	4
35	18	0	0	2	1	5
35	19	2	1	4	4	5
35	20	0	0	1	2	3
35	21	0	0	-1	1	1
35	22	6	3	8	7	7
35	23	5	1	8	5	8
35	24	2	1	3	3	4
35	25	2	1	4	5	7
35	26	2	1	2	3	4
35	27	5	2	5	5	9
35	28	3	1	5	4	7
35	29	2	1	5	4	5
35	30	0	0	0	0	1
35	31	4	2	5	4	6
35	32	2	1	2	3	4
35	33	1	0	0	2	3
35	34	1	0	3	5	4
35	35	3	0	5	3	3
35	36	3	2	2	4	8
35	37	0	0	1	1	2
35	38	2	0	4	2	3
35	39	4	2	5	5	5
35	40	3	1	6	5	5
35	41	4	2	7	4	5
35	42	5	2	7	6	7
35	43	4	0	4	4	7
35	44	1	0	0	2	4
35	45	1	0	4	3	6
36	1	3	4	5	4	6
36	2	5	7	9	4	10
36	3	0	3	0	1	2
36	4	3	5	5	3	6
36	5	6	4	6	4	6
36	6	3	5	2	1	3
36	7	0	2	1	1	2
36	8	4	3	5	4	5
36	9	3	1	0	3	5
36	10	3	4	2	4	4
36	11	5	4	5	3	6
36	12	5	4	6	6	7
36	13	0	3	0	0	2
36	14	4	5	7	4	6
36	15	2	3	0	2	3
36	16	1	4	3	2	4
36	17	4	6	7	5	6
36	18	4	5	7	4	7
36	19	3	4	4	2	5
36	20	4	4	5	2	6
36	21	1	3	2	3	1
36	22	3	4	5	2	5
36	23	2	4	5	2	6
36	24	1	4	3	3	4
36	25	5	3	7	4	6
36	26	4	4	5	5	8
36	27	2	3	1	1	2
36	28	2	3	6	3	4
36	29	5	6	5	7	7
36	30	3	3	5	1	6
36	31	-1	0	0	0	2
36	32	4	4	4	4	6
36	33	2	3	2	2	3
36	34	1	3	1	2	4
36	35	5	4	6	4	5
36	36	6	6	7	5	9
36	37	0	4	0	2	4
36	38	3	4	6	4	7
36	39	3	5	3	2	4
36	40	2	5	3	1	6
36	41	4	4	5	4	8
36	42	1	5	4	1	3
36	43	0	3	1	1	3
36	44	2	4	3	2	4
36	45	5	6	4	6	4
37	1	0	0	0	0	2
37	2	4	2	5	6	8
37	3	0	0	1	1	4
37	4	4	1	5	2	5
37	5	3	1	3	2	6
37	6	6	3	6	5	7
37	7	4	2	4	3	4
37	8	3	1	2	4	4
37	9	5	2	5	4	6
37	10	1	1	4	2	4
37	11	3	2	3	2	3
37	12	4	2	6	6	7
37	13	4	1	4	5	5
37	14	2	0	1	3	3
37	15	4	2	6	3	4
37	16	0	0	2	2	1
37	17	2	1	3	3	4
37	18	4	2	6	5	5
37	19	0	0	-1	0	0
37	20	0	0	1	0	-1
37	21	6	2	7	4	6
37	22	1	2	2	1	5
37	23	5	1	7	6	5
37	24	3	0	4	3	4
37	25	3	1	4	5	4
37	26	6	2	5	4	6
37	27	2	1	2	4	4
37	28	2	0	2	1	4
37	29	2	0	2	2	4
37	30	6	3	9	7	10
37	31	4	2	3	4	3
37	32	3	2	5	4	5
37	33	4	1	1	4	4
37	34	1	1	2	3	2
37	35	4	1	8	7	7
37	36	2	1	3	3	4
37	37	2	2	4	3	4
37	38	5	2	6	4	5
37	39	2	2	3	4	6
37	40	6	3	9	7	9
37	41	2	1	2	3	0
37	42	6	3	10	5	7
37	43	3	0	4	1	4
37	44	5	3	9	5	7
37	45	1	0	0	1	1
38	1	2	4	3	6	6
38	2	2	3	5	5	6
38	3	-1	1	0	3	4
38	4	0	1	2	2	5
38	5	3	3	5	3	2
38	6	2	3	6	4	8
38	7	1	3	0	4	3
38	8	2	3	4	4	2
38	9	4	4	6	4	8
38	10	0	3	0	2	3
38	11	2	3	3	4	8
38	12	2	3	3	1	5
38	13	0	2	0	1	4
38	14	2	3	-1	2	2
38	15	2	3	3	4	6
38	16	2	3	3	4	4
38	17	4	3	4	4	8
38	18	2	2	0	2	3
38	19	0	2	0	2	3
38	20	4	4	3	5	6
38	21	0	3	1	2	2
38	22	3	2	0	5	5
38	23	4	4	7	8	7
38	24	0	3	1	3	3
38	25	2	3	7	5	7
38	26	0	2	1	3	3
38	27	4	5	4	5	9
38	28	2	2	3	4	5
38	29	0	3	1	1	2
38	30	0	2	1	1	3
38	31	2	2	5	2	4
38	32	1	3	3	3	4
38	33	2	3	3	3	6
38	34	3	2	3	5	6
38	35	0	2	0	1	4
38	36	1	3	2	3	5
38	37	2	3	1	3	4
38	38	1	4	0	3	4
38	39	4	5	6	4	8
38	40	2	2	1	4	5
38	41	1	3	4	3	1
38	42	0	2	0	2	3
38	43	1	2	3	2	1
38	44	3	5	7	5	6
38	45	2	3	1	1	3
39	1	0	3	3	1	3
39	2	4	5	4	3	4
39	3	1	3	3	4	4
39	4	0	5	3	4	3
39	5	2	3	1	3	2
39	6	2	4	5	5	6
39	7	0	3	1	2	0
39	8	1	4	2	4	3
39	9	1	4	0	3	0
39	10	1	4	2	4	4
39	11	0	3	0	4	3
39	12	4	5	3	6	6
39	13	3	5	9	6	5
39	14	0	6	5	3	2
39	15	1	2	1	3	3
39	16	0	4	2	2	1
39	17	3	4	2	3	3
39	18	1	4	2	2	4
39	19	3	4	7	6	7
39	20	0	3	0	1	0
39	21	1	2	2	1	3
39	22	0	2	2	2	1
39	23	2	3	2	3	5
39	24	3	3	4	4	5
39	25	0	4	1	4	0
39	26	3	3	2	4	3
39	27	0	4	2	2	4
39	28	3	5	5	7	3
39	29	3	4	5	4	4
39	30	3	4	2	3	1
39	31	2	4	3	4	5
39	32	4	3	2	5	5
39	33	-1	3	0	2	2
39	34	0	3	2	2	2
39	35	3	4	3	2	7
39	36	0	3	1	4	1
39	37	0	3	2	3	4
39	38	1	3	2	3	2
39	39	0	3	2	3	0
39	40	0	3	2	0	3
39	41	2	3	2	3	2
39	42	1	4	1	3	2
39	43	2	4	7	4	4
39	44	4	5	5	6	5
39	45	1	4	2	3	3
40	1	4	1	3	2	6
40	2	2	0	1	2	2
40	3	4	1	3	2	2
40	4	1	1	3	2	4
40	5	2	1	6	1	4
40	6	1	1	5	3	4
40	7	1	0	1	0	1
40	8	2	1	5	2	6
40	9	2	0	2	2	5
40	10	2	1	2	1	3
40	11	2	0	0	3	1
40	12	1	0	2	2	4
40	13	2	0	3	3	3
40	14	-2	-1	0	0	0
40	15	2	1	0	0	3
40	16	4	0	2	2	5
40	17	1	1	0	3	2
40	18	2	0	0	2	2
40	19	1	-1	1	0	1
40	20	1	0	3	0	2
40	21	0	0	0	0	0
40	22	4	0	3	3	5
40	23	-2	0	-1	0	0
40	24	0	0	0	1	2
40	25	1	0	1	0	2
40	26	1	0	0	1	3
40	27	-1	0	-1	0	3
40	28	0	1	3	2	4
40	29	2	1	3	2	3
40	30	2	1	2	1	4
40	31	-1	0	-1	0	0
40	32	1	0	-1	1	1
40	33	1	0	0	1	2
40	34	0	0	2	1	1
40	35	2	0	1	2	1
40	36	3	1	3	3	5
40	37	2	0	3	1	4
40	38	0	0	2	0	1
40	39	1	0	1	2	2
40	40	1	0	1	1	3
40	41	0	0	0	1	2
40	42	0	0	-1	2	1
40	43	2	0	2	3	4
40	44	3	0	4	3	4
40	45	3	2	2	2	4
41	1	1	1	2	2	2
41	2	2	3	2	1	4
41	3	4	2	4	3	5
41	4	4	2	0	2	4
41	5	2	2	2	1	4
41	6	1	2	0	1	4
41	7	1	1	3	2	5
41	8	1	2	-1	2	2
41	9	0	2	5	2	3
41	10	1	3	1	2	5
41	11	1	2	3	2	3
41	12	0	1	0	1	3
41	13	0	0	0	-1	1
41	14	1	2	2	2	4
41	15	4	3	1	4	5
41	16	0	1	4	1	3
41	17	1	1	1	1	1
41	18	2	3	3	2	3
41	19	1	1	0	0	3
41	20	2	2	1	3	5
41	21	1	3	3	2	3
41	22	0	1	1	0	2
41	23	3	2	4	3	7
41	24	4	2	3	4	5
41	25	3	3	2	2	6
41	26	6	2	3	2	4
41	27	1	1	3	0	3
41	28	4	1	0	0	1
41	29	2	2	4	2	4
41	30	1	2	2	1	4
41	31	0	2	0	2	2
41	32	0	2	0	1	4
41	33	2	0	1	1	2
41	34	5	2	4	2	5
41	35	-1	0	-5	0	2
41	36	1	2	1	2	5
41	37	1	2	4	1	2
41	38	0	1	0	2	3
41	39	1	3	4	0	5
41	40	-1	1	-2	0	1
41	41	2	2	4	3	5
41	42	-1	1	-1	0	2
41	43	0	1	0	-1	2
41	44	1	2	-1	1	1
41	45	3	2	2	1	3
42	1	-1	0	2	2	3
42	2	1	2	0	1	5
42	3	2	1	5	2	5
42	4	0	0	0	0	1
42	5	0	2	1	3	4
42	6	2	2	2	3	3
42	7	3	3	6	3	7
42	8	3	2	2	3	5
42	9	3	4	3	4	9
42	10	6	1	3	2	5
42	11	1	2	0	3	5
42	12	-1	0	-2	0	1
42	13	0	2	2	0	1
42	14	1	2	1	3	3
42	15	5	2	4	3	4
42	16	1	1	0	2	4
42	17	3	1	0	4	5
42	18	0	0	1	1	1
42	19	3	1	2	1	2
42	20	2	1	4	3	3
42	21	0	1	3	3	3
42	22	2	1	0	2	2
42	23	0	2	2	4	3
42	24	3	3	1	3	6
42	25	1	2	2	2	4
42	26	2	1	2	3	5
42	27	0	2	-1	1	1
42	28	2	1	0	1	3
42	29	0	0	0	2	1
42	30	0	0	0	2	0
42	31	1	2	0	3	4
42	32	2	1	4	2	4
42	33	2	1	4	0	5
42	34	4	2	4	4	4
42	35	3	3	1	3	4
42	36	3	2	5	4	4
42	37	2	1	4	2	2
42	38	1	2	0	3	3
42	39	4	2	4	4	5
42	40	1	1	0	2	5
42	41	0	1	-1	0	1
42	42	0	0	1	1	2
42	43	2	3	2	5	5
42	44	2	0	0	2	4
42	45	1	2	2	4	4
43	1	1	0	0	1	3
43	2	-1	-1	0	2	2
43	3	0	0	0	1	1
43	4	2	0	0	4	5
43	5	0	0	0	4	2
43	6	0	0	3	4	5
43	7	1	0	1	4	0
43	8	-3	-1	1	3	0
43	9	0	0	2	4	4
43	10	0	0	2	3	3
43	11	3	2	6	5	8
43	12	0	-1	-1	4	2
43	13	0	0	-2	3	2
43	14	1	0	2	5	4
43	15	2	0	3	5	3
43	16	0	0	-1	3	1
43	17	0	0	0	3	5
43	18	-2	0	-1	3	1
43	19	-1	-1	1	2	2
43	20	0	0	0	5	3
43	21	1	0	1	2	3
43	22	3	1	1	3	2
43	23	-1	-1	2	3	3
43	24	2	0	4	5	7
43	25	0	0	4	3	4
43	26	0	-1	1	4	2
43	27	1	1	0	4	2
43	28	0	-2	0	1	2
43	29	1	-1	1	1	3
43	30	2	0	2	5	6
43	31	0	0	0	3	4
43	32	0	0	2	5	3
43	33	0	0	-1	3	1
43	34	-3	-1	-5	0	0
43	35	-1	-1	-1	2	2
43	36	0	0	2	4	2
43	37	3	0	5	4	5
43	38	-1	0	-2	4	2
43	39	0	0	1	3	3
43	40	0	0	-1	4	1
43	41	0	-1	-1	2	0
43	42	0	0	0	2	3
43	43	2	0	6	3	2
43	44	1	0	2	5	3
43	45	0	0	2	4	4
44	1	5	6	5	5	9
44	2	2	2	8	3	6
44	3	4	3	7	5	8
44	4	6	2	6	4	6
44	5	2	2	4	4	5
44	6	2	2	2	4	7
44	7	5	2	5	4	8
44	8	4	4	4	4	8
44	9	3	3	5	4	5
44	10	2	3	4	3	2
44	11	1	2	0	1	1
44	12	4	2	4	6	9
44	13	4	2	5	4	5
44	14	5	3	6	5	7
44	15	1	1	2	3	4
44	16	3	2	5	3	3
44	17	3	2	4	4	6
44	18	3	2	2	3	3
44	19	0	0	0	3	4
44	20	6	4	10	4	7
44	21	6	2	6	5	6
44	22	3	2	5	4	4
44	23	3	3	3	6	4
44	24	3	1	5	4	5
44	25	2	4	6	2	6
44	26	4	3	4	5	7
44	27	2	1	4	3	5
44	28	3	3	5	4	4
44	29	2	2	4	3	2
44	30	6	3	6	4	7
44	31	4	4	6	5	7
44	32	5	2	4	5	6
44	33	2	2	2	3	4
44	34	2	2	1	3	3
44	35	3	1	7	5	8
44	36	4	2	4	4	6
44	37	3	2	6	4	4
44	38	6	4	8	6	8
44	39	2	3	5	3	6
44	40	6	4	10	7	8
44	41	6	2	4	4	6
44	42	4	2	3	3	3
44	43	4	2	4	4	6
44	44	4	2	8	4	7
44	45	4	1	4	5	6
45	1	3	1	2	5	5
45	2	2	2	2	3	7
45	3	0	0	0	2	4
45	4	3	0	3	4	5
45	5	4	2	3	5	6
45	6	3	2	4	4	6
45	7	6	3	3	5	8
45	8	7	2	5	4	7
45	9	6	2	4	5	8
45	10	6	2	4	5	7
45	11	2	0	2	3	3
45	12	4	2	4	3	8
45	13	7	3	7	7	11
45	14	5	1	4	4	6
45	15	4	2	5	6	6
45	16	5	0	4	4	9
45	17	4	2	3	4	7
45	18	2	1	3	4	7
45	19	5	0	2	4	4
45	20	4	1	5	5	9
45	21	4	2	3	5	9
45	22	5	1	2	3	6
45	23	4	2	7	5	6
45	24	4	1	6	4	5
45	25	3	0	1	4	5
45	26	4	4	5	4	9
45	27	7	4	7	7	11
45	28	6	2	5	6	8
45	29	2	1	4	3	8
45	30	2	0	1	3	4
45	31	3	1	6	4	7
45	32	6	3	5	6	8
45	33	5	4	6	5	7
45	34	1	0	2	3	4
45	35	3	1	0	2	5
45	36	4	2	2	5	7
45	37	5	2	5	5	9
45	38	5	3	3	5	8
45	39	5	3	4	4	7
45	40	2	1	3	2	3
45	41	3	0	2	3	6
45	42	3	0	0	1	3
45	43	3	1	5	4	6
45	44	5	2	4	6	7
45	45	5	2	4	5	10
46	1	-2	-1	1	4	0
46	2	3	1	6	6	5
46	3	0	1	0	3	0
46	4	3	1	5	4	5
46	5	2	0	3	5	3
46	6	2	1	4	4	4
46	7	1	0	1	5	3
46	8	-2	1	2	5	2
46	9	-2	0	1	1	1
46	10	0	0	3	2	1
46	11	0	1	0	4	4
46	12	0	1	3	4	3
46	13	1	1	1	4	2
46	14	0	1	0	4	3
46	15	0	0	5	4	2
46	16	0	1	0	2	2
46	17	-2	0	0	4	1
46	18	-3	0	0	1	-3
46	19	1	0	4	5	3
46	20	0	1	2	4	0
46	21	-1	0	0	2	2
46	22	-2	0	0	1	1
46	23	1	0	2	2	2
46	24	0	0	0	4	1
46	25	0	0	0	2	3
46	26	-1	0	0	1	0
46	27	2	1	5	4	4
46	28	0	0	3	1	2
46	29	0	0	0	3	2
46	30	0	0	5	6	5
46	31	0	0	3	4	4
46	32	1	1	2	3	1
46	33	0	0	1	4	2
46	34	0	1	0	4	0
46	35	0	0	1	4	3
46	36	0	1	4	5	3
46	37	0	1	5	4	4
46	38	1	0	5	6	5
46	39	0	1	1	3	0
46	40	-1	0	0	3	0
46	41	0	1	1	4	2
46	42	5	3	8	7	8
46	43	-1	1	0	4	1
46	44	2	1	3	4	4
46	45	0	1	2	4	2
47	1	2	0	0	3	3
47	2	2	1	2	2	2
47	3	1	0	2	1	6
47	4	6	1	6	4	6
47	5	4	1	3	2	5
47	6	2	1	3	4	5
47	7	4	2	6	4	5
47	8	8	2	6	4	7
47	9	3	1	7	4	5
47	10	0	0	0	1	1
47	11	2	0	0	1	5
47	12	0	0	0	1	2
47	13	1	-2	-1	-1	-1
47	14	4	2	3	6	7
47	15	1	0	1	1	3
47	16	3	1	3	3	4
47	17	5	1	3	3	5
47	18	5	0	0	3	3
47	19	3	1	1	3	2
47	20	4	0	4	3	5
47	21	1	1	2	2	7
47	22	2	0	0	0	1
47	23	1	1	2	5	6
47	24	3	0	1	3	5
47	25	4	1	3	2	7
47	26	1	0	1	2	2
47	27	3	1	2	3	5
47	28	5	1	4	4	6
47	29	4	1	5	2	6
47	30	4	0	6	3	5
47	31	0	0	4	1	4
47	32	1	0	1	3	6
47	33	1	0	0	2	4
47	34	3	0	4	2	5
47	35	4	0	5	5	5
47	36	2	0	1	0	6
47	37	1	0	-2	0	1
47	38	1	0	0	0	1
47	39	1	1	2	3	3
47	40	3	0	0	2	4
47	41	0	0	-1	0	0
47	42	1	1	3	1	3
47	43	3	0	2	3	5
47	44	5	1	6	4	8
47	45	0	-1	-2	1	1
48	1	0	1	0	0	2
48	2	2	2	0	0	0
48	3	3	2	1	1	2
48	4	1	3	2	1	3
48	5	2	2	1	0	1
48	6	0	0	-2	1	0
48	7	3	0	0	2	1
48	8	1	1	0	1	0
48	9	3	2	0	1	2
48	10	5	3	6	2	4
48	11	1	1	0	1	0
48	12	3	2	1	0	1
48	13	0	1	1	1	1
48	14	0	2	-1	-1	-1
48	15	2	2	1	1	0
48	16	1	1	0	2	1
48	17	5	4	6	4	8
48	18	2	3	2	1	2
48	19	3	3	0	1	2
48	20	1	2	0	1	3
48	21	6	2	5	4	4
48	22	2	3	0	2	2
48	23	1	2	2	2	1
48	24	0	2	0	2	2
48	25	0	2	-2	1	1
48	26	0	1	-2	0	2
48	27	4	3	2	3	6
48	28	3	1	2	2	0
48	29	1	2	0	0	1
48	30	5	2	2	1	1
48	31	2	3	4	3	3
48	32	0	2	1	2	0
48	33	2	2	0	0	2
48	34	3	2	2	2	2
48	35	2	4	1	0	1
48	36	4	2	2	3	2
48	37	6	4	2	3	6
48	38	0	3	1	2	4
48	39	1	3	3	0	1
48	40	1	3	2	1	3
48	41	1	2	2	3	0
48	42	3	2	2	4	1
48	43	2	1	3	0	2
48	44	2	2	3	2	0
48	45	0	1	-1	0	0
49	1	2	5	3	3	5
49	2	2	5	2	3	4
49	3	1	4	0	2	3
49	4	1	2	3	4	4
49	5	2	5	4	5	4
49	6	2	5	5	2	4
49	7	4	5	4	3	6
49	8	3	6	3	4	6
49	9	3	5	2	5	3
49	10	1	5	0	2	2
49	11	0	4	2	1	4
49	12	2	4	3	3	4
49	13	3	6	6	4	8
49	14	2	6	4	2	4
49	15	0	3	0	2	4
49	16	4	5	6	3	5
49	17	5	5	6	2	3
49	18	1	5	3	4	4
49	19	3	6	3	5	4
49	20	6	6	7	6	5
49	21	4	6	7	4	6
49	22	1	5	4	4	5
49	23	3	5	4	3	5
49	24	0	3	0	2	2
49	25	1	5	2	1	3
49	26	5	6	7	6	9
49	27	3	6	5	4	8
49	28	2	6	1	2	3
49	29	1	5	0	1	4
49	30	3	5	0	3	3
49	31	2	7	8	4	7
49	32	3	4	5	4	5
49	33	1	4	2	3	4
49	34	4	4	5	6	4
49	35	0	4	0	4	3
49	36	4	4	4	3	4
49	37	6	6	5	6	5
49	38	2	5	1	2	5
49	39	3	5	5	5	6
49	40	5	5	4	5	6
49	41	1	3	2	2	5
49	42	3	6	6	4	7
49	43	1	6	5	4	2
49	44	1	5	3	3	3
49	45	3	7	5	3	5
50	1	0	0	3	3	3
50	2	2	0	2	3	6
50	3	3	2	4	4	6
50	4	0	0	1	3	0
50	5	4	2	3	4	6
50	6	2	2	6	7	8
50	7	3	1	3	5	4
50	8	1	1	4	4	4
50	9	0	0	0	3	5
50	10	1	2	2	5	4
50	11	0	0	2	2	3
50	12	1	0	3	4	5
50	13	1	1	0	1	4
50	14	3	1	2	4	5
50	15	3	1	2	5	5
50	16	2	0	4	5	8
50	17	3	2	6	7	7
50	18	1	2	0	3	3
50	19	0	1	4	5	6
50	20	-1	0	0	0	4
50	21	1	1	1	2	3
50	22	1	0	4	5	7
50	23	-1	1	0	1	3
50	24	2	0	0	3	4
50	25	1	0	0	2	4
50	26	0	0	0	3	5
50	27	0	1	2	3	3
50	28	0	1	-1	3	2
50	29	0	0	-1	1	1
50	30	0	1	5	4	4
50	31	1	1	4	3	4
50	32	0	1	3	4	5
50	33	0	1	1	2	4
50	34	1	3	3	5	6
50	35	3	1	2	7	6
50	36	-1	0	-1	1	2
50	37	3	2	5	5	6
50	38	-1	0	0	2	2
50	39	1	0	0	3	4
50	40	-3	0	0	3	2
50	41	1	1	0	2	4
50	42	3	2	4	3	8
50	43	1	1	2	4	4
50	44	2	0	1	4	6
50	45	-2	0	-3	1	0
