1	1	1	1	1	4
1	2	1	0	1	5
1	3	1	2	4	4
1	4	0	1	2	5
1	5	1	0	4	7
1	6	3	1	3	5
1	7	3	2	3	6
1	8	2	1	3	5
1	9	0	0	3	4
1	10	0	0	-1	4
1	11	2	1	3	4
1	12	2	0	3	3
1	13	0	1	2	4
1	14	2	3	5	8
1	15	4	3	8	6
1	16	4	3	3	4
1	17	0	0	3	4
1	18	-1	0	-2	2
1	19	1	0	1	5
1	20	0	1	4	3
1	21	4	3	5	4
1	22	1	2	6	5
1	23	2	1	4	6
1	24	-2	0	1	4
1	25	2	1	1	4
1	26	2	0	0	4
1	27	2	0	3	5
1	28	0	1	0	4
1	29	0	1	2	4
1	30	1	0	1	5
1	31	-1	0	0	2
1	32	2	2	3	7
1	33	1	1	4	6
1	34	0	0	1	4
1	35	1	1	2	4
1	36	0	2	1	3
1	37	2	1	3	5
1	38	3	2	4	6
1	39	1	0	3	6
1	40	3	1	6	6
1	41	5	1	4	5
1	42	2	2	5	6
1	43	3	2	6	6
1	44	1	1	2	6
1	45	4	3	7	8
1	46	0	1	1	4
1	47	5	2	3	6
1	48	-1	0	0	4
1	49	1	0	2	3
1	50	2	1	4	6
1	51	0	1	1	5
1	52	-2	0	0	4
1	53	0	0	0	3
1	54	1	0	2	3
1	55	0	1	3	4
1	56	1	1	2	5
1	57	-2	0	0	2
1	58	0	1	3	5
1	59	3	2	5	6
1	60	4	2	4	7
1	61	4	2	6	5
1	62	0	1	6	7
1	63	0	0	0	3
1	64	0	0	1	5
1	65	1	2	2	4
1	66	1	0	4	6
1	67	1	1	0	5
1	68	-1	0	0	3
1	69	4	2	7	6
1	70	1	3	4	6
1	71	1	1	2	5
1	72	1	1	5	6
1	73	0	0	1	3
1	74	3	1	2	5
1	75	1	0	1	3
2	1	3	3	3	3
2	2	0	3	3	3
2	3	2	2	6	4
2	4	3	3	7	6
2	5	2	2	3	5
2	6	2	2	4	6
2	7	0	1	0	2
2	8	2	2	0	3
2	9	4	2	4	4
2	10	0	1	4	5
2	11	-1	1	-2	3
2	12	-1	1	1	1
2	13	4	2	3	4
2	14	2	2	3	4
2	15	2	2	3	5
2	16	2	3	4	5
2	17	3	2	3	4
2	18	4	4	3	6
2	19	1	2	4	4
2	20	2	4	4	4
2	21	0	1	2	1
2	22	0	1	3	4
2	23	0	2	0	3
2	24	0	1	0	3
2	25	0	3	2	3
2	26	4	2	5	5
2	27	0	2	0	1
2	28	0	3	2	3
2	29	2	2	2	4
2	30	0	2	2	5
2	31	1	2	4	5
2	32	2	4	5	4
2	33	1	2	1	3
2	34	-2	0	0	0
2	35	4	3	6	7
2	36	1	2	3	5
2	37	2	2	5	7
2	38	2	3	2	5
2	39	2	3	6	5
2	40	3	2	4	5
2	41	0	3	3	4
2	42	1	1	6	4
2	43	0	2	1	2
2	44	2	2	3	5
2	45	0	2	1	2
2	46	5	3	7	6
2	47	0	1	0	2
2	48	1	2	0	4
2	49	2	3	3	6
2	50	0	2	5	4
2	51	0	2	2	4
2	52	0	1	4	3
2	53	0	2	3	5
2	54	1	2	2	4
2	55	1	2	-1	3
2	56	2	1	4	4
2	57	1	3	2	5
2	58	2	4	3	5
2	59	1	1	0	2
2	60	2	1	5	3
2	61	4	2	6	5
2	62	2	2	4	5
2	63	0	2	2	2
2	64	1	2	0	3
2	65	2	2	3	3
2	66	0	1	0	2
2	67	-1	0	0	0
2	68	2	3	5	4
2	69	0	1	1	2
2	70	0	2	0	3
2	71	3	2	5	6
2	72	0	2	0	3
2	73	2	2	4	6
2	74	0	0	0	4
2	75	2	1	3	4
3	1	2	3	4	5
3	2	2	2	2	5
3	3	2	2	6	4
3	4	3	3	6	3
3	5	5	4	7	5
3	6	0	3	4	4
3	7	3	2	5	4
3	8	5	4	8	7
3	9	2	4	3	2
3	10	4	2	4	5
3	11	4	4	5	4
3	12	3	5	5	4
3	13	3	3	4	4
3	14	3	3	6	5
3	15	2	0	3	4
3	16	0	0	-1	0
3	17	2	4	3	6
3	18	3	2	4	5
3	19	4	4	4	5
3	20	4	2	4	3
3	21	6	4	9	5
3	22	3	3	3	4
3	23	3	3	7	5
3	24	6	4	6	5
3	25	3	3	3	3
3	26	4	3	4	3
3	27	8	6	6	8
3	28	4	3	5	5
3	29	7	4	8	7
3	30	0	1	2	4
3	31	3	3	5	3
3	32	4	4	6	3
3	33	4	4	5	5
3	34	3	2	3	5
3	35	4	3	3	5
3	36	1	2	6	4
3	37	4	4	5	6
3	38	4	3	6	6
3	39	0	1	3	2
3	40	5	5	8	5
3	41	2	4	1	2
3	42	4	2	6	5
3	43	5	3	5	6
3	44	4	4	4	4
3	45	2	3	5	3
3	46	5	3	4	4
3	47	4	4	5	6
3	48	4	3	7	6
3	49	1	2	0	1
3	50	0	2	2	1
3	51	6	5	6	6
3	52	4	4	6	7
3	53	5	4	8	4
3	54	2	4	7	6
3	55	4	5	6	6
3	56	0	1	0	1
3	57	4	3	8	8
3	58	4	3	3	4
3	59	4	4	5	4
3	60	3	4	3	5
3	61	5	3	6	6
3	62	3	3	5	4
3	63	5	3	5	4
3	64	3	3	6	4
3	65	3	3	3	3
3	66	4	5	7	7
3	67	3	3	5	5
3	68	4	4	9	8
3	69	3	3	5	6
3	70	6	4	8	6
3	71	5	4	7	7
3	72	3	3	7	5
3	73	2	3	3	3
3	74	3	3	3	5
3	75	3	4	5	3
4	1	2	2	2	4
4	2	4	3	6	6
4	3	2	1	0	3
4	4	4	2	4	4
4	5	1	0	0	3
4	6	2	1	1	3
4	7	3	2	3	3
4	8	5	2	4	4
4	9	2	2	2	3
4	10	4	1	2	5
4	11	2	2	2	5
4	12	5	1	4	6
4	13	2	2	2	5
4	14	4	2	4	4
4	15	0	2	0	3
4	16	2	2	1	4
4	17	5	3	3	7
4	18	5	4	4	3
4	19	1	0	0	3
4	20	1	1	0	3
4	21	1	0	0	2
4	22	2	1	3	4
4	23	3	1	6	6
4	24	3	2	0	4
4	25	3	2	1	3
4	26	2	2	1	2
4	27	1	2	2	3
4	28	5	1	2	5
4	29	4	2	3	4
4	30	1	0	1	2
4	31	3	1	3	3
4	32	1	1	1	4
4	33	0	0	-1	2
4	34	1	2	3	4
4	35	3	1	2	3
4	36	2	1	4	5
4	37	5	2	2	4
4	38	3	3	3	4
4	39	0	3	4	4
4	40	3	1	1	3
4	41	1	1	2	3
4	42	3	0	0	5
4	43	3	3	2	2
4	44	2	2	0	3
4	45	1	2	1	3
4	46	3	2	5	6
4	47	3	3	0	4
4	48	1	1	1	3
4	49	1	3	3	3
4	50	5	2	5	5
4	51	3	3	1	7
4	52	7	3	4	4
4	53	3	1	1	3
4	54	3	2	2	4
4	55	1	1	0	3
4	56	5	1	4	4
4	57	1	1	0	2
4	58	1	0	0	2
4	59	3	2	2	4
4	60	5	3	4	4
4	61	5	3	4	4
4	62	3	2	6	3
4	63	3	2	3	4
4	64	2	1	2	3
4	65	5	1	2	2
4	66	3	2	2	4
4	67	4	2	0	3
4	68	3	2	5	4
4	69	0	0	-1	3
4	70	5	3	2	4
4	71	2	2	4	4
4	72	0	2	0	3
4	73	4	3	4	5
4	74	6	2	9	5
4	75	3	1	2	3
5	1	4	1	3	4
5	2	1	0	0	2
5	3	3	1	7	5
5	4	2	2	3	5
5	5	4	3	6	6
5	6	1	0	1	3
5	7	1	2	2	4
5	8	2	1	1	2
5	9	0	2	1	3
5	10	1	0	2	1
5	11	-1	0	0	2
5	12	2	1	1	3
5	13	-1	0	0	2
5	14	3	2	5	4
5	15	0	1	0	1
5	16	3	1	3	3
5	17	2	2	4	4
5	18	2	1	2	3
5	19	0	0	2	2
5	20	2	1	4	2
5	21	4	1	5	2
5	22	0	0	0	2
5	23	2	1	0	3
5	24	2	2	3	3
5	25	0	2	4	2
5	26	4	3	7	5
5	27	3	2	3	3
5	28	0	2	4	4
5	29	-1	0	1	2
5	30	2	1	4	1
5	31	2	1	3	3
5	32	0	3	1	2
5	33	-1	1	1	1
5	34	3	1	1	4
5	35	1	1	2	2
5	36	1	0	4	4
5	37	3	1	4	5
5	38	0	1	0	2
5	39	2	1	5	2
5	40	1	0	1	2
5	41	-2	0	0	0
5	42	2	1	3	2
5	43	2	2	4	4
5	44	1	1	4	2
5	45	2	3	4	3
5	46	-1	1	0	1
5	47	0	0	3	3
5	48	0	0	0	0
5	49	3	2	6	2
5	50	5	3	7	6
5	51	3	1	5	4
5	52	1	1	3	3
5	53	3	1	2	4
5	54	2	0	2	0
5	55	3	1	3	5
5	56	2	1	3	3
5	57	1	0	0	2
5	58	0	1	0	2
5	59	0	0	2	2
5	60	0	2	0	1
5	61	0	2	0	2
5	62	0	0	-1	1
5	63	3	3	6	3
5	64	1	2	0	2
5	65	4	2	4	4
5	66	-2	0	-2	0
5	67	1	0	3	3
5	68	0	1	2	2
5	69	1	0	0	1
5	70	4	3	7	3
5	71	0	0	3	1
5	72	1	2	4	3
5	73	4	2	5	5
5	74	3	2	2	3
5	75	0	0	0	3
6	1	9	3	6	7
6	2	5	3	6	4
6	3	6	4	2	3
6	4	3	4	1	4
6	5	6	6	8	8
6	6	2	2	3	4
6	7	1	2	1	1
6	8	7	4	4	5
6	9	7	5	4	4
6	10	3	1	4	3
6	11	2	1	2	2
6	12	4	5	5	4
6	13	6	5	5	8
6	14	5	3	3	5
6	15	3	4	5	3
6	16	3	3	4	3
6	17	4	3	6	4
6	18	5	4	6	6
6	19	6	5	7	5
6	20	6	4	4	3
6	21	3	5	5	6
6	22	4	4	3	3
6	23	4	4	6	4
6	24	5	3	6	6
6	25	4	4	5	6
6	26	2	1	0	3
6	27	4	4	5	4
6	28	6	4	7	6
6	29	2	2	3	3
6	30	9	4	6	3
6	31	3	6	5	3
6	32	6	4	8	5
6	33	4	3	5	5
6	34	5	4	5	6
6	35	7	3	6	4
6	36	6	7	9	5
6	37	7	5	8	7
6	38	7	5	10	6
6	39	6	3	6	4
6	40	2	3	0	2
6	41	4	4	5	4
6	42	5	4	6	4
6	43	4	4	5	4
6	44	6	3	5	5
6	45	5	4	5	6
6	46	4	3	5	4
6	47	6	4	2	4
6	48	6	4	5	3
6	49	4	3	5	3
6	50	5	3	4	4
6	51	2	3	2	3
6	52	4	4	2	4
6	53	3	2	3	4
6	54	4	4	4	4
6	55	4	3	5	2
6	56	5	4	6	7
6	57	7	5	7	5
6	58	4	4	2	4
6	59	4	2	3	3
6	60	3	3	4	3
6	61	4	3	6	5
6	62	4	3	5	6
6	63	4	3	5	3
6	64	5	3	3	3
6	65	1	3	1	1
6	66	6	3	7	4
6	67	5	5	5	6
6	68	5	4	6	6
6	69	4	3	4	3
6	70	2	1	-1	3
6	71	6	6	11	6
6	72	6	3	4	2
6	73	2	3	4	4
6	74	5	4	6	4
6	75	1	3	5	3
7	1	0	1	1	0
7	2	0	0	0	1
7	3	0	1	3	1
7	4	1	1	2	3
7	5	0	1	1	1
7	6	2	2	5	3
7	7	1	2	4	3
7	8	-1	0	2	2
7	9	0	2	5	4
7	10	0	2	4	4
7	11	3	1	6	4
7	12	3	1	4	3
7	13	0	1	4	3
7	14	0	1	4	2
7	15	2	3	6	2
7	16	3	3	9	5
7	17	2	3	5	4
7	18	1	1	3	4
7	19	2	1	4	5
7	20	2	1	5	2
7	21	0	1	2	2
7	22	-2	0	0	1
7	23	2	3	4	5
7	24	-1	0	2	1
7	25	0	1	3	3
7	26	0	1	4	3
7	27	3	2	6	4
7	28	0	2	2	1
7	29	0	3	4	2
7	30	3	2	6	4
7	31	4	2	6	6
7	32	3	4	6	4
7	33	0	2	0	0
7	34	3	4	6	5
7	35	0	2	2	3
7	36	1	3	5	3
7	37	0	3	4	3
7	38	0	2	3	2
7	39	3	1	5	3
7	40	3	2	7	3
7	41	1	3	4	3
7	42	3	2	6	4
7	43	5	4	8	6
7	44	2	2	6	4
7	45	1	3	5	3
7	46	-1	1	0	0
7	47	5	4	8	5
7	48	1	1	2	3
7	49	4	3	7	5
7	50	1	2	4	3
7	51	4	3	6	4
7	52	0	2	4	2
7	53	3	2	3	3
7	54	0	0	4	4
7	55	1	2	3	3
7	56	2	2	4	2
7	57	4	3	3	3
7	58	1	3	4	2
7	59	0	1	0	1
7	60	0	2	3	3
7	61	2	2	5	3
7	62	2	2	4	3
7	63	2	1	7	1
7	64	0	2	1	2
7	65	3	0	4	4
7	66	2	3	5	3
7	67	4	3	5	5
7	68	1	2	3	4
7	69	1	2	2	3
7	70	2	2	6	5
7	71	0	1	-1	1
7	72	0	2	2	2
7	73	2	2	6	4
7	74	-1	0	0	0
7	75	2	2	5	4
8	1	6	0	6	4
8	2	2	0	2	1
8	3	1	0	1	2
8	4	0	-1	2	1
8	5	0	0	-1	1
8	6	1	1	1	1
8	7	0	0	5	2
8	8	0	0	0	0
8	9	-1	-1	0	0
8	10	-1	0	0	-1
8	11	0	0	-1	0
8	12	2	0	3	2
8	13	0	-1	-3	-1
8	14	0	0	-3	0
8	15	0	0	0	1
8	16	1	0	2	0
8	17	0	0	0	0
8	18	3	0	3	2
8	19	2	-1	2	0
8	20	0	-1	-1	1
8	21	2	0	2	1
8	22	0	0	0	0
8	23	0	0	0	0
8	24	2	0	0	1
8	25	1	0	1	1
8	26	1	0	0	2
8	27	0	-1	-1	0
8	28	1	0	0	3
8	29	1	0	5	3
8	30	1	0	2	1
8	31	0	0	1	0
8	32	0	0	2	2
8	33	3	1	3	3
8	34	0	1	1	1
8	35	0	-1	1	0
8	36	-3	-2	-4	0
8	37	0	0	-3	-1
8	38	0	0	0	2
8	39	0	0	0	2
8	40	1	0	2	2
8	41	1	0	3	2
8	42	0	0	0	0
8	43	2	0	2	2
8	44	0	-1	-3	1
8	45	-1	0	-1	0
8	46	0	-2	0	1
8	47	3	0	1	4
8	48	-1	-1	1	1
8	49	1	0	2	2
8	50	1	0	-1	1
8	51	-1	0	1	1
8	52	1	0	0	2
8	53	-2	-1	-1	0
8	54	0	-1	-1	0
8	55	0	-1	0	0
8	56	3	1	2	2
8	57	1	-1	0	0
8	58	0	0	0	2
8	59	1	0	2	3
8	60	1	0	0	2
8	61	0	0	2	1
8	62	-2	0	-2	-1
8	63	1	-2	-1	2
8	64	1	-1	1	0
8	65	1	0	0	0
8	66	0	0	-1	0
8	67	3	2	3	4
8	68	-1	-1	1	0
8	69	0	-1	0	1
8	70	2	0	2	2
8	71	0	-1	0	0
8	72	-1	0	-1	1
8	73	3	0	1	3
8	74	3	0	4	4
8	75	1	0	1	2
9	1	2	1	4	5
9	2	1	1	2	4
9	3	1	2	4	5
9	4	0	0	0	1
9	5	3	2	9	5
9	6	0	1	1	3
9	7	0	0	0	0
9	8	1	1	2	3
9	9	2	1	3	3
9	10	4	2	3	7
9	11	1	1	3	6
9	12	0	2	3	4
9	13	-1	1	-1	3
9	14	0	2	2	1
9	15	0	0	0	2
9	16	5	2	4	7
9	17	0	0	-2	2
9	18	2	1	6	4
9	19	1	1	2	4
9	20	2	1	8	6
9	21	0	0	0	2
9	22	1	1	2	4
9	23	-1	1	1	2
9	24	3	2	5	4
9	25	4	2	3	5
9	26	3	1	5	6
9	27	2	2	3	5
9	28	6	3	3	6
9	29	2	1	4	3
9	30	0	2	1	4
9	31	3	1	3	5
9	32	-1	0	1	3
9	33	3	1	1	5
9	34	2	2	5	5
9	35	1	2	3	3
9	36	1	1	3	4
9	37	0	2	2	1
9	38	3	0	0	5
9	39	0	1	1	5
9	40	2	2	2	5
9	41	-1	1	1	2
9	42	2	2	6	4
9	43	-2	0	0	3
9	44	3	2	4	5
9	45	3	1	2	5
9	46	0	1	0	3
9	47	1	2	2	5
9	48	0	0	0	3
9	49	1	2	3	4
9	50	1	1	0	5
9	51	-1	1	0	2
9	52	0	0	0	3
9	53	1	2	1	4
9	54	4	1	5	5
9	55	2	3	3	4
9	56	0	0	1	4
9	57	3	1	4	5
9	58	2	0	1	4
9	59	0	0	2	6
9	60	1	1	4	3
9	61	4	3	6	8
9	62	-1	0	1	1
9	63	1	1	1	4
9	64	0	0	-2	1
9	65	2	2	4	3
9	66	2	2	4	5
9	67	4	2	5	6
9	68	0	1	-2	2
9	69	0	2	4	3
9	70	3	1	5	5
9	71	0	1	1	2
9	72	2	0	1	4
9	73	1	3	0	3
9	74	2	2	2	4
9	75	2	0	3	6
10	1	3	3	4	5
10	2	2	4	1	0
10	3	0	2	3	2
10	4	3	6	6	6
10	5	1	4	3	3
10	6	2	3	3	2
10	7	0	1	0	0
10	8	1	4	2	4
10	9	2	2	3	2
10	10	1	3	2	2
10	11	1	2	0	3
10	12	0	3	3	0
10	13	0	1	2	1
10	14	0	2	1	2
10	15	3	3	5	3
10	16	1	4	5	2
10	17	1	2	1	2
10	18	0	1	0	0
10	19	0	1	1	1
10	20	2	2	0	2
10	21	0	3	0	3
10	22	0	2	2	3
10	23	4	4	9	6
10	24	1	2	3	1
10	25	0	0	0	0
10	26	3	3	2	2
10	27	1	2	3	3
10	28	0	3	4	3
10	29	1	3	3	3
10	30	0	1	3	2
10	31	-1	1	0	2
10	32	2	4	4	2
10	33	2	4	2	2
10	34	-1	0	-1	0
10	35	3	3	3	4
10	36	1	2	0	5
10	37	5	4	5	6
10	38	1	4	1	3
10	39	1	3	2	3
10	40	0	2	0	1
10	41	1	2	0	3
10	42	0	1	0	2
10	43	-1	0	-1	1
10	44	1	2	2	2
10	45	0	1	2	2
10	46	1	2	4	2
10	47	-1	0	-2	0
10	48	-1	2	0	1
10	49	0	1	3	0
10	50	1	3	4	4
10	51	0	0	2	0
10	52	2	2	1	4
10	53	1	3	1	3
10	54	1	2	2	1
10	55	3	3	0	2
10	56	4	4	8	6
10	57	0	2	0	0
10	58	1	2	0	1
10	59	0	2	0	1
10	60	3	4	7	3
10	61	0	3	1	3
10	62	0	3	4	2
10	63	3	3	2	2
10	64	0	2	1	2
10	65	6	3	3	5
10	66	0	4	3	5
10	67	0	2	1	2
10	68	1	3	3	4
10	69	1	4	2	3
10	70	0	4	4	2
10	71	2	2	4	2
10	72	4	3	4	3
10	73	0	1	0	1
10	74	0	3	0	1
10	75	2	2	1	3
11	1	2	2	3	2
11	2	2	2	1	2
11	3	3	3	4	5
11	4	3	2	4	5
11	5	0	1	0	1
11	6	4	4	6	6
11	7	5	3	4	4
11	8	7	4	9	8
11	9	4	4	7	5
11	10	4	2	4	3
11	11	6	5	8	9
11	12	8	4	11	8
11	13	2	3	1	3
11	14	4	2	3	6
11	15	3	2	4	4
11	16	3	3	5	5
11	17	3	3	5	4
11	18	3	1	0	3
11	19	5	2	4	6
11	20	7	4	5	6
11	21	3	4	3	5
11	22	2	4	5	3
11	23	7	5	9	7
11	24	3	4	7	6
11	25	1	2	1	1
11	26	4	3	6	3
11	27	4	4	8	7
11	28	4	3	8	5
11	29	4	2	4	6
11	30	6	4	5	3
11	31	1	1	2	5
11	32	3	3	6	5
11	33	1	1	4	4
11	34	4	0	1	3
11	35	4	3	7	7
11	36	1	1	2	4
11	37	3	3	5	4
11	38	3	3	5	2
11	39	3	2	5	4
11	40	6	4	8	6
11	41	2	1	3	2
11	42	5	2	8	6
11	43	3	2	5	2
11	44	4	3	5	4
11	45	1	2	5	4
11	46	3	3	4	3
11	47	2	1	2	2
11	48	2	1	4	4
11	49	6	4	7	8
11	50	2	3	6	5
11	51	3	4	6	4
11	52	3	3	7	4
11	53	2	3	5	5
11	54	2	3	5	3
11	55	5	3	6	7
11	56	4	3	5	4
11	57	1	2	3	3
11	58	5	3	4	4
11	59	3	3	6	5
11	60	3	3	6	4
11	61	5	3	6	6
11	62	4	2	4	6
11	63	5	4	6	7
11	64	5	3	8	6
11	65	3	2	4	4
11	66	2	3	3	3
11	67	2	2	5	2
11	68	5	3	7	4
11	69	5	3	6	5
11	70	5	4	7	7
11	71	4	4	8	3
11	72	3	3	5	4
11	73	3	0	1	5
11	74	2	2	2	4
11	75	4	3	7	5
12	1	0	2	3	4
12	2	2	3	4	4
12	3	2	4	2	3
12	4	0	5	4	3
12	5	1	3	0	3
12	6	5	4	6	5
12	7	2	4	3	5
12	8	3	4	3	4
12	9	-1	3	0	2
12	10	3	3	4	5
12	11	0	3	1	3
12	12	0	4	0	5
12	13	2	2	6	5
12	14	1	3	0	3
12	15	-1	3	0	1
12	16	4	5	5	7
12	17	0	2	-2	1
12	18	2	3	5	5
12	19	3	3	6	4
12	20	1	2	0	2
12	21	2	2	4	4
12	22	3	4	1	4
12	23	3	4	1	3
12	24	2	3	2	4
12	25	0	3	2	4
12	26	2	3	3	4
12	27	2	5	4	5
12	28	1	3	0	2
12	29	1	2	2	1
12	30	1	2	0	4
12	31	0	2	1	3
12	32	0	2	0	3
12	33	1	3	1	5
12	34	1	3	0	1
12	35	2	3	2	1
12	36	2	2	1	5
12	37	3	3	2	5
12	38	3	4	8	6
12	39	1	2	0	2
12	40	2	5	4	6
12	41	3	2	5	6
12	42	1	3	2	2
12	43	1	4	2	2
12	44	3	4	5	7
12	45	1	1	0	0
12	46	2	3	3	2
12	47	0	2	2	3
12	48	4	4	4	5
12	49	2	1	3	5
12	50	2	2	1	3
12	51	5	5	8	7
12	52	3	4	2	4
12	53	0	3	0	2
12	54	2	4	3	4
12	55	0	2	0	1
12	56	0	2	4	5
12	57	1	3	1	3
12	58	0	4	4	4
12	59	-1	1	0	3
12	60	0	1	0	2
12	61	1	3	2	2
12	62	1	3	2	2
12	63	4	3	4	5
12	64	3	5	5	6
12	65	1	2	2	5
12	66	2	4	0	3
12	67	3	3	1	2
12	68	2	4	2	2
12	69	2	4	2	3
12	70	2	3	2	4
12	71	2	3	0	2
12	72	-1	3	0	3
12	73	4	5	4	7
12	74	1	3	3	2
12	75	1	5	5	3
13	1	3	0	1	5
13	2	0	0	3	4
13	3	3	3	3	5
13	4	2	0	1	7
13	5	4	3	4	6
13	6	0	1	3	4
13	7	1	0	1	5
13	8	2	1	4	4
13	9	0	0	0	3
13	10	0	0	-1	4
13	11	1	1	1	5
13	12	0	0	4	5
13	13	3	1	4	5
13	14	2	0	3	5
13	15	1	0	0	4
13	16	1	0	0	2
13	17	4	1	1	5
13	18	4	1	5	6
13	19	0	0	1	4
13	20	5	1	4	9
13	21	2	1	3	5
13	22	3	1	4	5
13	23	1	0	1	4
13	24	2	1	2	4
13	25	1	0	1	5
13	26	4	1	5	6
13	27	0	0	1	4
13	28	1	0	3	5
13	29	0	0	-2	3
13	30	0	1	2	3
13	31	2	1	3	6
13	32	1	0	1	4
13	33	1	0	1	3
13	34	2	0	3	4
13	35	1	2	3	5
13	36	4	2	6	7
13	37	1	0	3	5
13	38	2	0	2	3
13	39	6	1	5	6
13	40	-1	0	0	1
13	41	0	1	1	3
13	42	5	2	7	6
13	43	3	3	7	5
13	44	3	1	2	5
13	45	0	0	0	4
13	46	2	1	4	5
13	47	0	0	2	4
13	48	1	1	5	7
13	49	1	0	1	3
13	50	1	1	2	6
13	51	4	1	4	6
13	52	-1	0	1	4
13	53	3	0	4	6
13	54	0	0	1	5
13	55	4	2	2	4
13	56	3	1	5	6
13	57	1	0	0	1
13	58	3	2	5	5
13	59	1	0	4	3
13	60	4	2	3	6
13	61	1	1	2	6
13	62	3	2	1	4
13	63	3	2	4	4
13	64	1	1	0	4
13	65	0	1	3	4
13	66	3	1	3	4
13	67	-2	0	0	3
13	68	0	0	0	4
13	69	1	0	0	3
13	70	0	1	0	4
13	71	2	2	4	6
13	72	0	0	0	5
13	73	0	0	-2	3
13	74	2	1	2	5
13	75	0	0	1	4
14	1	0	2	4	5
14	2	0	1	4	1
14	3	4	2	6	6
14	4	2	1	4	3
14	5	2	2	7	2
14	6	0	1	0	1
14	7	4	3	7	5
14	8	0	0	5	1
14	9	0	1	-1	1
14	10	0	1	5	4
14	11	-4	1	1	0
14	12	1	0	3	4
14	13	0	2	4	4
14	14	3	2	4	3
14	15	1	4	5	4
14	16	0	2	2	1
14	17	2	3	6	3
14	18	3	3	6	5
14	19	-1	1	3	3
14	20	0	2	3	1
14	21	1	4	5	3
14	22	3	2	1	3
14	23	2	2	6	4
14	24	4	3	10	4
14	25	2	1	6	3
14	26	2	3	6	3
14	27	3	1	7	3
14	28	0	2	6	4
14	29	3	3	4	3
14	30	4	2	8	3
14	31	0	3	3	3
14	32	0	2	1	0
14	33	2	4	3	3
14	34	0	2	4	3
14	35	1	2	4	1
14	36	1	4	6	5
14	37	3	3	6	3
14	38	1	2	6	3
14	39	0	1	6	2
14	40	0	2	5	1
14	41	3	3	6	4
14	42	1	3	3	3
14	43	2	3	6	4
14	44	3	1	3	2
14	45	1	2	8	4
14	46	1	1	5	3
14	47	1	2	6	3
14	48	1	4	6	3
14	49	0	3	5	3
14	50	1	1	5	1
14	51	0	3	5	4
14	52	2	2	5	3
14	53	2	3	6	4
14	54	2	3	4	3
14	55	0	2	2	1
14	56	0	3	2	1
14	57	1	2	5	2
14	58	1	1	4	3
14	59	-1	1	0	0
14	60	-1	1	1	1
14	61	0	2	5	2
14	62	0	2	7	3
14	63	-1	1	4	0
14	64	0	1	0	0
14	65	2	2	3	1
14	66	3	3	7	5
14	67	4	2	8	3
14	68	1	2	4	1
14	69	4	3	5	3
14	70	0	2	4	3
14	71	1	2	3	3
14	72	2	2	3	3
14	73	-2	1	4	1
14	74	3	2	5	3
14	75	1	4	7	3
15	1	-3	1	0	1
15	2	0	2	0	1
15	3	0	3	0	0
15	4	1	2	3	2
15	5	1	2	2	3
15	6	0	3	5	2
15	7	0	1	-1	0
15	8	2	2	2	3
15	9	-1	2	-1	0
15	10	0	4	5	0
15	11	2	4	3	4
15	12	0	2	0	2
15	13	2	3	2	2
15	14	0	1	0	2
15	15	1	2	0	0
15	16	0	2	2	2
15	17	1	2	1	0
15	18	-2	1	-1	0
15	19	2	4	4	2
15	20	0	2	1	0
15	21	0	1	0	1
15	22	-1	0	-2	-1
15	23	3	3	7	4
15	24	5	5	7	6
15	25	0	3	1	1
15	26	1	3	4	1
15	27	2	2	5	3
15	28	0	1	0	0
15	29	0	1	2	0
15	30	-1	1	-2	1
15	31	0	2	2	0
15	32	2	2	2	4
15	33	0	2	2	1
15	34	0	2	0	1
15	35	1	2	3	1
15	36	-2	1	-1	0
15	37	1	2	2	2
15	38	-1	0	-1	0
15	39	-1	3	1	1
15	40	0	2	1	1
15	41	0	2	0	1
15	42	2	3	6	3
15	43	1	3	0	1
15	44	0	2	-1	1
15	45	-1	1	0	0
15	46	0	1	0	0
15	47	0	0	0	0
15	48	1	2	3	2
15	49	0	2	-1	0
15	50	1	2	3	2
15	51	0	2	1	1
15	52	-1	1	-1	2
15	53	0	2	0	0
15	54	2	2	3	3
15	55	1	2	3	2
15	56	3	3	6	3
15	57	1	3	0	1
15	58	-1	0	-1	0
15	59	0	3	0	1
15	60	0	2	2	2
15	61	3	4	7	2
15	62	1	2	2	2
15	63	1	3	5	3
15	64	0	2	1	2
15	65	0	0	0	1
15	66	0	4	1	2
15	67	3	3	3	3
15	68	0	3	5	3
15	69	0	2	2	2
15	70	1	2	3	1
15	71	0	3	2	1
15	72	-1	2	1	2
15	73	2	4	4	3
15	74	-1	1	-1	0
15	75	-1	0	-2	1
16	1	5	4	7	7
16	2	1	4	3	4
16	3	2	3	5	5
16	4	2	4	5	6
16	5	5	4	4	8
16	6	4	3	6	7
16	7	3	4	5	8
16	8	4	5	7	6
16	9	3	4	6	8
16	10	5	3	7	5
16	11	2	2	1	4
16	12	5	5	7	8
16	13	3	4	4	5
16	14	4	6	8	7
16	15	2	3	6	7
16	16	3	4	5	6
16	17	2	3	3	7
16	18	6	5	7	8
16	19	5	4	7	10
16	20	6	5	7	7
16	21	1	4	4	5
16	22	4	4	8	5
16	23	6	6	8	7
16	24	4	4	6	6
16	25	3	3	5	7
16	26	2	2	5	5
16	27	3	4	5	7
16	28	6	4	6	9
16	29	2	3	5	7
16	30	4	4	5	7
16	31	5	4	7	7
16	32	6	4	6	8
16	33	8	6	8	10
16	34	2	3	0	4
16	35	4	4	5	6
16	36	5	3	3	7
16	37	4	3	6	7
16	38	2	4	2	4
16	39	6	5	6	6
16	40	4	5	5	8
16	41	4	5	5	8
16	42	5	3	7	7
16	43	3	5	5	7
16	44	7	4	7	6
16	45	4	4	8	7
16	46	5	4	5	6
16	47	5	4	7	8
16	48	6	4	5	6
16	49	6	5	7	7
16	50	2	4	6	6
16	51	6	4	9	7
16	52	4	5	5	6
16	53	6	6	8	8
16	54	4	4	2	5
16	55	4	3	4	7
16	56	5	5	7	6
16	57	3	4	5	4
16	58	5	4	5	5
16	59	3	4	5	7
16	60	0	1	0	4
16	61	4	4	5	7
16	62	2	3	2	3
16	63	4	3	7	5
16	64	1	3	4	6
16	65	3	3	4	4
16	66	5	4	5	6
16	67	6	5	7	9
16	68	4	4	2	6
16	69	6	3	7	8
16	70	3	3	6	7
16	71	3	3	3	5
16	72	1	3	4	6
16	73	2	4	3	4
16	74	6	5	7	8
16	75	4	4	4	7
17	1	6	4	6	5
17	2	3	2	6	3
17	3	5	2	7	3
17	4	2	3	4	5
17	5	1	2	4	3
17	6	3	2	4	3
17	7	3	2	7	5
17	8	2	3	6	5
17	9	3	4	6	4
17	10	5	2	6	3
17	11	0	2	3	2
17	12	4	3	5	4
17	13	3	4	6	4
17	14	3	3	4	4
17	15	3	4	5	3
17	16	2	3	3	1
17	17	2	1	4	3
17	18	1	3	3	3
17	19	3	3	5	3
17	20	1	2	4	2
17	21	2	2	5	3
17	22	2	2	1	3
17	23	1	1	5	2
17	24	2	1	3	2
17	25	-1	1	1	1
17	26	0	2	0	1
17	27	2	4	6	5
17	28	4	0	3	3
17	29	0	1	-1	1
17	30	3	2	3	4
17	31	5	3	6	6
17	32	2	4	5	4
17	33	4	4	5	5
17	34	3	3	5	5
17	35	2	2	0	4
17	36	3	2	7	5
17	37	1	4	2	3
17	38	3	3	5	5
17	39	6	5	5	6
17	40	4	4	8	3
17	41	3	2	4	4
17	42	1	2	1	1
17	43	1	1	3	2
17	44	7	4	8	6
17	45	0	2	1	2
17	46	3	2	1	3
17	47	6	2	5	4
17	48	3	3	4	5
17	49	4	3	2	4
17	50	3	3	3	3
17	51	1	3	3	2
17	52	1	2	2	3
17	53	0	2	2	1
17	54	2	2	5	3
17	55	4	5	3	5
17	56	7	4	9	5
17	57	3	4	4	2
17	58	3	1	5	2
17	59	3	4	7	5
17	60	4	3	7	5
17	61	2	2	3	2
17	62	1	2	0	3
17	63	4	4	6	4
17	64	5	4	6	5
17	65	2	3	1	1
17	66	4	3	6	4
17	67	3	1	4	3
17	68	3	2	5	4
17	69	2	2	3	5
17	70	1	3	2	3
17	71	2	2	3	4
17	72	2	3	2	3
17	73	3	3	0	3
17	74	3	3	5	3
17	75	2	4	5	4
18	1	0	0	0	0
18	2	3	0	2	2
18	3	-3	-1	-3	-1
18	4	0	0	0	0
18	5	0	0	0	1
18	6	1	1	3	1
18	7	-1	0	0	0
18	8	0	0	0	0
18	9	1	0	0	0
18	10	0	0	1	0
18	11	0	1	1	3
18	12	0	-1	0	0
18	13	-1	0	-2	0
18	14	0	0	0	2
18	15	1	0	3	0
18	16	0	1	2	2
18	17	0	0	2	0
18	18	0	0	0	1
18	19	2	1	1	2
18	20	-1	0	-1	1
18	21	1	0	2	2
18	22	0	0	-1	1
18	23	2	0	2	0
18	24	-3	-1	-2	0
18	25	-1	0	0	-1
18	26	0	0	1	-1
18	27	-1	-1	-1	0
18	28	-1	1	-2	0
18	29	0	1	0	1
18	30	0	0	0	2
18	31	0	-1	-3	0
18	32	0	0	0	0
18	33	-1	-1	-1	0
18	34	-1	0	-3	0
18	35	0	0	-1	2
18	36	0	0	-2	0
18	37	0	0	3	2
18	38	-1	0	0	0
18	39	1	0	1	1
18	40	-2	-1	-1	0
18	41	-1	-1	-3	-2
18	42	1	0	0	2
18	43	0	-1	0	1
18	44	0	0	-1	0
18	45	0	0	1	0
18	46	0	1	2	0
18	47	0	0	-1	0
18	48	0	0	-1	0
18	49	-2	-1	-1	0
18	50	-3	-1	-2	-1
18	51	0	1	1	1
18	52	0	0	0	2
18	53	0	0	1	0
18	54	1	0	1	0
18	55	0	0	-1	0
18	56	-1	0	-1	0
18	57	0	0	1	2
18	58	-2	0	-2	0
18	59	0	0	1	1
18	60	-2	0	-2	0
18	61	0	0	0	1
18	62	-4	0	-3	0
18	63	-2	0	-1	0
18	64	3	0	3	2
18	65	0	1	0	1
18	66	-2	-2	-5	0
18	67	0	0	0	0
18	68	0	0	-1	0
18	69	-2	0	-2	0
18	70	0	0	0	0
18	71	0	-1	0	2
18	72	0	0	0	0
18	73	1	1	0	3
18	74	-2	-2	-4	-1
18	75	0	0	1	3
19	1	5	2	3	2
19	2	4	3	5	4
19	3	2	2	3	3
19	4	2	2	3	1
19	5	1	1	1	1
19	6	3	2	2	2
19	7	7	3	11	5
19	8	5	2	6	5
19	9	5	3	6	4
19	10	5	2	4	3
19	11	3	3	7	4
19	12	4	3	6	4
19	13	5	2	5	4
19	14	1	1	3	1
19	15	2	1	4	2
19	16	0	0	1	2
19	17	1	2	4	2
19	18	4	2	5	2
19	19	6	2	7	4
19	20	2	2	4	1
19	21	1	1	2	2
19	22	7	5	11	8
19	23	4	2	5	3
19	24	5	3	5	3
19	25	3	1	6	2
19	26	3	1	3	3
19	27	6	3	4	3
19	28	5	3	9	5
19	29	1	3	5	3
19	30	3	3	3	5
19	31	0	0	0	1
19	32	2	2	0	3
19	33	2	1	1	1
19	34	4	1	6	3
19	35	3	2	3	2
19	36	1	2	2	1
19	37	5	2	6	5
19	38	4	2	6	3
19	39	0	1	1	1
19	40	3	3	4	5
19	41	0	1	0	1
19	42	3	1	0	1
19	43	6	2	7	5
19	44	6	2	6	3
19	45	6	3	4	5
19	46	2	2	3	4
19	47	2	0	2	-1
19	48	1	0	2	1
19	49	6	3	6	4
19	50	1	3	3	2
19	51	0	2	0	1
19	52	4	1	4	3
19	53	7	2	6	4
19	54	4	4	6	3
19	55	2	2	2	2
19	56	1	0	2	0
19	57	2	0	5	1
19	58	3	2	4	3
19	59	5	2	5	4
19	60	1	0	1	0
19	61	3	3	5	5
19	62	3	3	5	2
19	63	4	2	4	3
19	64	0	1	1	1
19	65	3	1	3	2
19	66	2	1	3	1
19	67	3	3	8	3
19	68	5	2	5	5
19	69	6	2	5	2
19	70	5	3	8	4
19	71	1	1	4	2
19	72	4	2	6	4
19	73	4	2	4	2
19	74	2	1	4	1
19	75	5	3	6	3
20	1	5	1	6	3
20	2	2	1	3	3
20	3	2	1	4	2
20	4	1	0	3	2
20	5	4	1	3	2
20	6	5	1	2	3
20	7	4	1	3	2
20	8	3	0	3	1
20	9	3	1	5	2
20	10	2	0	1	0
20	11	3	1	2	2
20	12	1	-1	3	1
20	13	0	0	0	0
20	14	0	0	0	1
20	15	4	0	4	1
20	16	6	0	4	1
20	17	0	0	-1	0
20	18	1	0	-2	0
20	19	7	2	4	3
20	20	1	0	0	1
20	21	3	1	0	4
20	22	4	1	-1	0
20	23	1	0	1	1
20	24	3	0	3	2
20	25	3	0	1	1
20	26	2	0	2	1
20	27	2	0	0	0
20	28	-1	-1	-1	0
20	29	6	3	4	4
20	30	4	2	7	4
20	31	0	0	0	0
20	32	3	0	0	1
20	33	5	3	5	1
20	34	4	2	6	3
20	35	3	1	4	2
20	36	0	0	1	1
20	37	5	2	7	4
20	38	0	0	0	1
20	39	5	1	3	4
20	40	1	1	2	2
20	41	2	1	0	1
20	42	1	0	1	1
20	43	0	0	0	0
20	44	4	0	6	3
20	45	2	0	2	2
20	46	4	1	0	2
20	47	5	1	0	0
20	48	4	1	0	1
20	49	2	0	-1	0
20	50	4	0	2	1
20	51	0	0	0	0
20	52	0	1	-1	2
20	53	1	0	-2	-1
20	54	0	0	0	0
20	55	2	1	2	2
20	56	4	2	4	3
20	57	0	0	0	0
20	58	4	1	2	1
20	59	4	1	6	2
20	60	1	0	0	0
20	61	2	0	1	0
20	62	5	0	5	1
20	63	3	0	3	1
20	64	1	0	3	0
20	65	1	0	4	2
20	66	1	1	0	2
20	67	1	1	1	1
20	68	2	1	0	1
20	69	7	2	5	4
20	70	4	0	4	3
20	71	2	0	0	0
20	72	1	0	0	0
20	73	2	0	1	0
20	74	3	1	4	4
20	75	2	0	4	4
21	1	-2	0	-1	1
21	2	0	3	0	3
21	3	-1	3	1	0
21	4	0	1	-1	0
21	5	0	1	1	1
21	6	3	3	6	3
21	7	3	2	-1	1
21	8	0	1	0	2
21	9	0	1	0	1
21	10	1	0	3	0
21	11	-1	1	0	0
21	12	-2	0	0	-1
21	13	-1	2	1	1
21	14	0	0	1	2
21	15	3	2	6	3
21	16	0	1	0	1
21	17	0	1	1	1
21	18	2	1	3	2
21	19	2	1	3	3
21	20	1	1	2	1
21	21	0	1	1	3
21	22	1	2	1	0
21	23	2	2	4	4
21	24	0	2	0	3
21	25	-2	0	-3	0
21	26	1	2	2	3
21	27	0	2	2	3
21	28	0	1	0	1
21	29	-1	0	-2	2
21	30	0	0	3	3
21	31	1	0	3	2
21	32	-1	1	0	1
21	33	0	0	2	1
21	34	-2	1	0	0
21	35	1	3	2	1
21	36	1	3	3	2
21	37	2	2	3	2
21	38	1	2	4	3
21	39	0	0	1	0
21	40	0	0	2	1
21	41	1	2	5	0
21	42	0	1	0	0
21	43	3	3	6	4
21	44	-1	0	0	0
21	45	1	1	1	2
21	46	1	0	2	1
21	47	0	1	3	0
21	48	0	0	1	1
21	49	0	0	3	1
21	50	0	0	-3	0
21	51	0	0	-1	0
21	52	0	1	0	1
21	53	0	2	0	1
21	54	2	1	3	3
21	55	2	3	5	3
21	56	1	1	2	2
21	57	0	2	2	1
21	58	0	2	1	0
21	59	0	0	1	1
21	60	-2	0	0	0
21	61	3	1	0	2
21	62	-1	0	2	0
21	63	1	1	0	3
21	64	-1	0	0	0
21	65	1	1	0	2
21	66	0	1	3	1
21	67	0	2	0	1
21	68	2	2	4	2
21	69	0	1	0	1
21	70	0	1	3	4
21	71	-2	0	-2	2
21	72	1	2	4	2
21	73	1	1	3	2
21	74	0	1	0	1
21	75	0	1	3	3
22	1	1	1	4	4
22	2	0	0	0	3
22	3	1	1	7	6
22	4	0	2	1	3
22	5	0	2	5	5
22	6	0	1	1	2
22	7	0	1	1	3
22	8	-2	0	-1	1
22	9	0	1	-1	2
22	10	-2	1	2	5
22	11	1	1	5	4
22	12	-2	0	0	3
22	13	2	2	5	6
22	14	3	1	4	5
22	15	-2	0	2	1
22	16	2	1	2	2
22	17	-2	1	2	1
22	18	-1	1	4	3
22	19	3	1	5	4
22	20	2	2	2	3
22	21	0	0	1	4
22	22	0	1	1	2
22	23	-1	1	2	1
22	24	1	1	2	3
22	25	0	0	0	2
22	26	-5	-1	-2	0
22	27	1	2	5	6
22	28	2	1	7	6
22	29	0	1	2	4
22	30	-1	1	5	4
22	31	0	0	2	2
22	32	0	1	7	3
22	33	0	2	5	3
22	34	-1	1	3	2
22	35	-1	-1	-1	2
22	36	1	0	4	4
22	37	0	0	2	3
22	38	0	0	0	1
22	39	-1	1	2	3
22	40	-1	0	0	2
22	41	0	1	6	6
22	42	-2	0	0	1
22	43	0	1	0	2
22	44	1	2	3	5
22	45	0	2	3	5
22	46	1	0	3	4
22	47	3	1	5	6
22	48	0	1	4	2
22	49	0	0	1	3
22	50	1	2	4	3
22	51	3	1	4	5
22	52	3	3	9	6
22	53	-2	0	0	0
22	54	0	1	3	2
22	55	0	1	4	4
22	56	-1	1	1	5
22	57	-1	0	0	1
22	58	0	2	3	4
22	59	0	0	2	3
22	60	0	1	2	6
22	61	0	2	4	6
22	62	3	1	5	6
22	63	-1	0	0	2
22	64	1	2	4	4
22	65	0	0	0	2
22	66	-1	0	1	3
22	67	3	2	4	6
22	68	1	1	5	4
22	69	0	0	3	2
22	70	-1	2	4	4
22	71	0	0	0	1
22	72	0	1	3	6
22	73	0	1	4	4
22	74	0	2	2	2
22	75	0	1	4	3
23	1	3	2	4	6
23	2	1	0	0	2
23	3	1	0	1	3
23	4	4	1	3	3
23	5	0	1	3	2
23	6	-3	0	-1	1
23	7	3	1	3	5
23	8	0	0	0	2
23	9	1	1	0	0
23	10	2	1	2	4
23	11	5	3	7	6
23	12	0	0	0	1
23	13	4	0	3	3
23	14	2	0	1	2
23	15	2	1	2	5
23	16	2	2	5	6
23	17	2	2	0	3
23	18	0	0	0	0
23	19	0	0	1	2
23	20	3	2	1	3
23	21	0	0	-1	0
23	22	2	2	5	5
23	23	1	1	0	1
23	24	2	0	1	3
23	25	0	0	3	3
23	26	4	1	4	3
23	27	2	0	1	3
23	28	1	0	1	3
23	29	0	1	3	3
23	30	0	0	1	1
23	31	1	0	0	3
23	32	3	3	4	2
23	33	2	1	2	2
23	34	0	-1	0	1
23	35	3	1	1	3
23	36	0	-1	-1	1
23	37	0	0	0	3
23	38	2	2	1	4
23	39	-1	0	-3	1
23	40	-1	0	-5	0
23	41	1	2	3	5
23	42	0	0	2	2
23	43	4	2	2	4
23	44	0	2	1	2
23	45	2	1	1	4
23	46	2	2	3	2
23	47	0	2	0	0
23	48	1	0	1	1
23	49	1	0	0	3
23	50	4	1	7	6
23	51	0	1	0	4
23	52	2	0	2	4
23	53	0	0	0	5
23	54	0	0	0	3
23	55	4	1	4	4
23	56	1	0	1	2
23	57	1	0	1	3
23	58	0	2	1	5
23	59	1	1	2	4
23	60	3	1	6	6
23	61	0	0	-3	1
23	62	5	3	4	4
23	63	0	2	0	1
23	64	4	3	4	3
23	65	-2	0	-2	0
23	66	1	2	3	3
23	67	3	2	3	3
23	68	0	0	0	1
23	69	0	0	1	1
23	70	1	1	0	3
23	71	3	2	5	6
23	72	0	0	0	1
23	73	0	0	-1	2
23	74	2	2	5	6
23	75	0	0	0	1
24	1	0	2	6	3
24	2	2	1	3	3
24	3	0	1	2	0
24	4	0	1	0	4
24	5	3	2	5	3
24	6	1	1	2	3
24	7	4	2	6	4
24	8	0	0	1	3
24	9	0	0	0	1
24	10	0	3	5	5
24	11	0	1	0	5
24	12	2	0	3	2
24	13	5	1	6	5
24	14	0	1	1	2
24	15	3	3	5	4
24	16	-2	1	1	1
24	17	0	1	8	5
24	18	0	1	3	5
24	19	0	1	0	3
24	20	-1	0	0	2
24	21	0	0	2	2
24	22	0	2	2	4
24	23	1	0	4	3
24	24	2	2	4	3
24	25	0	0	2	1
24	26	1	0	3	3
24	27	0	1	2	3
24	28	0	0	2	1
24	29	1	1	7	4
24	30	1	1	3	4
24	31	0	2	0	0
24	32	-1	0	0	1
24	33	0	0	0	3
24	34	3	2	4	6
24	35	-2	1	1	3
24	36	0	0	2	0
24	37	2	0	4	3
24	38	0	1	4	2
24	39	0	2	3	3
24	40	0	1	1	3
24	41	2	3	6	4
24	42	0	2	0	3
24	43	0	1	2	3
24	44	0	0	0	2
24	45	1	2	4	3
24	46	1	2	3	3
24	47	3	3	6	3
24	48	2	3	5	3
24	49	0	1	2	2
24	50	0	1	3	3
24	51	-2	1	0	4
24	52	-2	1	3	2
24	53	0	2	4	2
24	54	3	2	7	5
24	55	-1	0	-1	2
24	56	0	0	2	1
24	57	1	0	0	2
24	58	2	1	5	3
24	59	1	1	5	4
24	60	0	1	0	3
24	61	1	2	2	3
24	62	-1	1	3	3
24	63	1	2	3	3
24	64	2	2	4	3
24	65	0	0	1	1
24	66	0	1	5	2
24	67	2	1	5	2
24	68	-1	0	1	2
24	69	0	0	1	2
24	70	1	3	7	4
24	71	0	1	1	3
24	72	0	1	4	2
24	73	0	2	2	3
24	74	0	2	0	3
24	75	0	0	2	2
25	1	1	2	0	2
25	2	0	3	0	2
25	3	3	3	3	3
25	4	3	4	3	4
25	5	1	3	2	2
25	6	2	3	4	3
25	7	0	4	0	1
25	8	2	4	0	2
25	9	3	3	2	5
25	10	0	5	2	1
25	11	3	5	3	4
25	12	0	2	-1	2
25	13	2	4	4	2
25	14	2	3	3	2
25	15	1	3	1	1
25	16	0	2	0	0
25	17	2	4	2	2
25	18	0	3	1	3
25	19	-2	2	-1	0
25	20	0	3	1	1
25	21	1	3	3	3
25	22	0	2	0	2
25	23	1	3	0	0
25	24	-2	2	0	3
25	25	2	2	0	2
25	26	-2	1	-2	0
25	27	2	3	4	5
25	28	-2	2	-2	0
25	29	0	3	0	2
25	30	0	2	0	1
25	31	-1	2	0	0
25	32	-2	3	1	0
25	33	0	4	2	3
25	34	0	3	1	3
25	35	0	3	2	2
25	36	-2	1	-3	-1
25	37	-1	2	0	0
25	38	1	3	0	3
25	39	-1	2	-1	1
25	40	0	4	-1	1
25	41	3	4	4	3
25	42	1	2	2	2
25	43	0	2	-1	1
25	44	0	3	0	2
25	45	-1	1	1	0
25	46	-1	3	0	0
25	47	0	3	0	1
25	48	0	3	2	2
25	49	0	3	3	5
25	50	1	2	2	2
25	51	1	2	0	1
25	52	0	3	2	2
25	53	3	3	3	2
25	54	1	3	2	3
25	55	0	3	2	3
25	56	-1	3	1	1
25	57	0	3	3	1
25	58	0	3	0	1
25	59	0	4	1	3
25	60	0	4	3	3
25	61	3	3	0	2
25	62	0	3	0	1
25	63	0	4	0	1
25	64	0	5	1	2
25	65	2	5	3	4
25	66	-1	2	1	2
25	67	0	3	0	0
25	68	1	4	0	0
25	69	2	2	1	2
25	70	0	4	3	4
25	71	0	2	1	2
25	72	-1	3	0	2
25	73	2	5	5	3
25	74	1	4	3	2
25	75	1	4	5	3
26	1	2	1	1	3
26	2	0	0	0	0
26	3	0	0	-2	2
26	4	1	0	0	2
26	5	2	0	0	1
26	6	1	0	-1	1
26	7	0	0	0	2
26	8	0	0	-1	0
26	9	1	1	1	3
26	10	-2	0	-2	-1
26	11	1	1	2	1
26	12	0	0	-1	1
26	13	0	0	0	0
26	14	0	0	1	1
26	15	-1	-1	-3	0
26	16	0	0	2	1
26	17	-1	-1	-1	0
26	18	-1	0	-2	0
26	19	0	0	-3	1
26	20	0	0	0	1
26	21	1	0	-1	3
26	22	0	0	1	1
26	23	0	0	1	0
26	24	-1	0	-3	0
26	25	0	0	0	2
26	26	1	0	-1	3
26	27	3	1	3	3
26	28	0	1	1	3
26	29	3	2	5	4
26	30	1	0	0	3
26	31	0	0	0	0
26	32	-1	0	-3	-1
26	33	-2	0	-3	0
26	34	0	0	-1	1
26	35	1	0	0	2
26	36	0	0	0	0
26	37	2	0	1	2
26	38	0	0	-2	0
26	39	0	0	-1	3
26	40	0	0	0	2
26	41	0	0	-1	1
26	42	1	0	-2	1
26	43	-1	0	-1	1
26	44	2	0	1	1
26	45	2	0	0	1
26	46	0	0	1	1
26	47	-1	0	-4	0
26	48	0	0	-1	2
26	49	0	-1	-3	2
26	50	-2	-2	-5	-1
26	51	0	0	0	1
26	52	0	0	0	1
26	53	1	0	0	2
26	54	1	1	0	2
26	55	0	0	0	2
26	56	1	0	0	2
26	57	1	0	-1	0
26	58	2	0	0	0
26	59	3	1	1	2
26	60	0	-1	0	3
26	61	0	0	-3	0
26	62	-1	-1	-2	0
26	63	2	0	0	5
26	64	0	0	0	1
26	65	2	0	0	2
26	66	0	0	0	0
26	67	0	0	0	0
26	68	0	0	-1	1
26	69	2	0	2	1
26	70	1	0	0	3
26	71	3	1	2	3
26	72	0	0	-2	1
26	73	-1	-1	-2	0
26	74	1	0	1	0
26	75	0	0	0	2
27	1	7	5	10	4
27	2	2	2	3	2
27	3	3	3	3	2
27	4	4	4	5	4
27	5	2	3	5	6
27	6	1	3	2	2
27	7	4	4	6	3
27	8	1	3	1	1
27	9	2	2	3	1
27	10	2	3	4	5
27	11	3	3	4	5
27	12	2	2	3	4
27	13	1	2	4	2
27	14	5	5	8	5
27	15	5	4	5	6
27	16	2	3	3	1
27	17	4	3	4	5
27	18	2	2	3	1
27	19	2	4	4	4
27	20	5	4	8	5
27	21	1	3	6	4
27	22	4	3	4	3
27	23	1	2	2	2
27	24	0	1	0	0
27	25	2	3	3	2
27	26	4	4	3	2
27	27	4	4	6	5
27	28	0	3	4	2
27	29	4	3	5	3
27	30	0	3	2	2
27	31	2	1	1	1
27	32	0	3	5	3
27	33	4	4	3	5
27	34	5	4	4	5
27	35	4	3	6	5
27	36	4	5	8	4
27	37	3	2	4	4
27	38	2	3	6	3
27	39	3	3	4	4
27	40	1	2	2	3
27	41	2	3	4	3
27	42	2	2	6	3
27	43	3	3	6	3
27	44	3	3	3	4
27	45	5	2	0	2
27	46	1	1	-1	0
27	47	1	4	7	3
27	48	2	3	3	3
27	49	3	3	5	5
27	50	1	4	1	3
27	51	0	2	0	3
27	52	3	2	3	2
27	53	0	2	1	3
27	54	0	2	1	2
27	55	4	3	5	6
27	56	3	4	4	3
27	57	1	2	1	1
27	58	4	2	2	3
27	59	0	3	3	2
27	60	2	2	4	4
27	61	3	3	5	3
27	62	0	2	2	2
27	63	1	4	2	1
27	64	1	2	0	3
27	65	3	4	5	5
27	66	4	4	5	4
27	67	2	3	4	3
27	68	1	3	2	3
27	69	0	1	1	1
27	70	3	3	6	4
27	71	4	4	4	2
27	72	2	3	2	3
27	73	4	3	6	6
27	74	2	2	3	2
27	75	3	4	6	5
28	1	1	2	3	1
28	2	0	1	0	3
28	3	0	1	2	2
28	4	2	2	4	1
28	5	0	3	3	2
28	6	0	1	1	1
28	7	0	3	3	2
28	8	0	1	0	0
28	9	0	2	1	4
28	10	2	1	3	4
28	11	1	2	2	3
28	12	2	3	5	4
28	13	1	4	4	3
28	14	1	3	5	3
28	15	1	2	4	2
28	16	0	1	0	1
28	17	0	2	5	3
28	18	5	3	8	4
28	19	0	1	2	1
28	20	1	2	2	4
28	21	0	3	5	3
28	22	2	4	4	3
28	23	2	2	3	2
28	24	0	1	0	1
28	25	1	2	5	4
28	26	1	4	5	3
28	27	1	2	3	3
28	28	0	2	2	3
28	29	2	2	1	4
28	30	-1	3	1	0
28	31	1	3	6	4
28	32	4	4	8	5
28	33	3	4	5	5
28	34	1	1	4	2
28	35	-1	1	0	0
28	36	1	3	3	2
28	37	2	2	4	3
28	38	4	2	4	3
28	39	1	2	0	2
28	40	-1	0	1	2
28	41	1	1	3	2
28	42	0	2	6	2
28	43	1	4	4	5
28	44	1	2	4	5
28	45	0	1	0	1
28	46	0	1	2	0
28	47	-1	2	0	0
28	48	2	2	2	3
28	49	3	3	3	4
28	50	2	2	7	5
28	51	-2	0	0	1
28	52	3	3	6	5
28	53	1	2	0	1
28	54	5	3	6	5
28	55	1	3	4	3
28	56	3	2	5	5
28	57	3	2	4	3
28	58	1	2	2	1
28	59	1	2	2	1
28	60	-1	1	2	1
28	61	3	2	5	3
28	62	0	2	4	3
28	63	2	1	3	3
28	64	2	1	4	4
28	65	1	2	3	3
28	66	0	2	2	1
28	67	0	2	2	2
28	68	0	1	-2	1
28	69	2	2	4	5
28	70	2	4	1	4
28	71	1	2	3	2
28	72	-1	3	2	0
28	73	1	1	3	4
28	74	0	2	1	1
28	75	0	1	4	0
29	1	-2	0	-1	1
29	2	1	0	4	3
29	3	0	0	1	2
29	4	-2	0	1	1
29	5	0	1	4	3
29	6	1	0	4	4
29	7	0	0	0	3
29	8	1	-1	1	3
29	9	0	0	0	3
29	10	0	0	2	2
29	11	2	0	2	4
29	12	2	0	3	3
29	13	3	1	5	4
29	14	0	0	-1	2
29	15	-1	-1	-1	1
29	16	1	1	1	2
29	17	4	2	8	5
29	18	0	-1	0	4
29	19	1	2	3	3
29	20	0	0	1	0
29	21	-2	0	0	2
29	22	-1	1	-1	1
29	23	-1	0	3	1
29	24	2	1	3	4
29	25	0	0	2	1
29	26	1	0	1	1
29	27	1	1	2	2
29	28	3	2	4	6
29	29	0	0	2	3
29	30	-1	0	-2	1
29	31	0	0	1	1
29	32	-1	-1	-1	0
29	33	-3	-1	-5	0
29	34	0	1	5	2
29	35	0	0	0	2
29	36	-1	1	1	2
29	37	4	1	3	4
29	38	0	1	0	1
29	39	1	0	0	2
29	40	1	0	2	4
29	41	3	1	4	2
29	42	-1	0	-2	1
29	43	2	0	3	3
29	44	1	1	2	2
29	45	1	0	4	3
29	46	-2	0	-1	0
29	47	3	0	2	4
29	48	3	0	3	3
29	49	2	0	3	6
29	50	0	0	2	4
29	51	-1	0	0	2
29	52	-1	0	3	3
29	53	-1	0	0	3
29	54	0	0	1	2
29	55	2	0	2	2
29	56	1	0	3	2
29	57	-3	0	-2	-2
29	58	-1	0	-1	0
29	59	2	0	0	2
29	60	1	0	1	2
29	61	0	-1	-3	0
29	62	0	0	0	1
29	63	-2	0	2	2
29	64	3	1	5	5
29	65	-1	-1	-1	1
29	66	-2	0	1	2
29	67	0	0	0	2
29	68	0	0	1	4
29	69	0	0	3	2
29	70	0	0	0	3
29	71	-2	0	-1	0
29	72	0	1	0	2
29	73	-1	0	0	1
29	74	0	0	1	1
29	75	3	1	3	4
30	1	3	3	2	4
30	2	4	3	4	3
30	3	0	4	3	3
30	4	1	2	0	2
30	5	3	3	2	3
30	6	2	2	3	2
30	7	7	5	11	6
30	8	2	4	5	3
30	9	3	4	5	2
30	10	4	2	5	3
30	11	5	4	6	6
30	12	2	3	4	4
30	13	4	4	4	3
30	14	2	2	4	3
30	15	1	3	3	3
30	16	3	3	4	3
30	17	4	4	9	3
30	18	1	3	2	4
30	19	2	4	3	2
30	20	4	4	3	5
30	21	5	2	6	5
30	22	2	2	2	2
30	23	4	3	4	3
30	24	4	2	4	6
30	25	3	3	4	4
30	26	5	3	5	6
30	27	5	5	8	5
30	28	2	4	6	2
30	29	2	2	3	2
30	30	2	4	6	4
30	31	3	4	2	3
30	32	4	3	3	5
30	33	2	2	4	2
30	34	3	2	2	4
30	35	0	3	2	1
30	36	3	5	5	5
30	37	4	3	4	3
30	38	1	3	2	1
30	39	2	4	4	4
30	40	3	3	4	4
30	41	2	3	3	5
30	42	5	5	6	3
30	43	4	4	6	6
30	44	5	3	2	4
30	45	3	4	2	2
30	46	2	2	3	1
30	47	1	2	4	5
30	48	3	4	8	4
30	49	3	2	3	3
30	50	0	1	3	1
30	51	3	5	5	5
30	52	3	3	3	4
30	53	4	3	3	2
30	54	3	2	4	4
30	55	4	4	4	6
30	56	6	3	6	5
30	57	3	3	5	4
30	58	3	4	5	3
30	59	0	2	1	2
30	60	3	2	2	3
30	61	7	6	9	7
30	62	6	3	8	6
30	63	1	3	3	3
30	64	3	3	4	2
30	65	1	3	2	3
30	66	8	5	7	7
30	67	4	3	4	3
30	68	3	2	4	3
30	69	6	5	4	4
30	70	3	2	2	1
30	71	4	3	4	5
30	72	4	4	5	3
30	73	4	2	5	3
30	74	6	5	6	6
30	75	3	3	6	5
31	1	1	5	2	4
31	2	3	4	5	6
31	3	0	4	0	5
31	4	2	3	1	6
31	5	2	5	3	6
31	6	2	4	1	5
31	7	0	5	4	6
31	8	4	4	4	5
31	9	1	2	-1	4
31	10	6	5	4	6
31	11	4	5	7	8
31	12	4	4	2	7
31	13	2	5	2	5
31	14	2	3	4	5
31	15	2	3	2	6
31	16	2	4	1	4
31	17	1	4	4	6
31	18	0	4	2	4
31	19	4	3	4	7
31	20	0	4	4	7
31	21	4	5	6	6
31	22	4	7	6	7
31	23	2	5	1	5
31	24	4	5	5	5
31	25	0	4	2	3
31	26	3	3	1	6
31	27	4	4	6	7
31	28	2	3	1	4
31	29	2	3	3	6
31	30	3	3	2	4
31	31	3	4	4	5
31	32	3	3	1	5
31	33	0	2	0	6
31	34	0	5	0	2
31	35	3	4	2	7
31	36	1	5	2	6
31	37	2	4	3	6
31	38	2	5	2	5
31	39	4	4	4	5
31	40	4	5	5	6
31	41	0	3	0	2
31	42	3	4	5	7
31	43	0	2	0	5
31	44	3	4	2	3
31	45	0	4	0	5
31	46	0	4	2	5
31	47	5	4	7	7
31	48	3	5	3	5
31	49	5	4	4	5
31	50	0	2	-1	2
31	51	2	5	2	8
31	52	1	3	4	7
31	53	2	5	5	6
31	54	0	3	3	6
31	55	6	5	4	5
31	56	0	3	-1	5
31	57	5	5	7	7
31	58	2	3	0	6
31	59	3	4	4	7
31	60	3	4	4	4
31	61	0	3	0	5
31	62	4	5	6	5
31	63	2	5	1	7
31	64	2	4	1	5
31	65	3	4	5	4
31	66	2	4	5	6
31	67	1	5	5	5
31	68	4	4	5	7
31	69	2	4	2	4
31	70	1	4	4	5
31	71	2	4	2	6
31	72	4	5	6	6
31	73	0	3	1	4
31	74	3	4	2	6
31	75	1	3	0	4
32	1	1	3	5	3
32	2	1	3	0	1
32	3	1	2	6	6
32	4	2	2	1	4
32	5	1	1	3	3
32	6	3	2	6	5
32	7	2	2	4	4
32	8	2	3	3	3
32	9	4	2	2	3
32	10	4	2	6	3
32	11	2	2	0	3
32	12	-1	0	2	1
32	13	-1	2	-1	1
32	14	0	2	3	2
32	15	2	3	4	3
32	16	1	2	2	2
32	17	0	1	0	1
32	18	4	3	6	4
32	19	2	2	3	3
32	20	4	4	7	3
32	21	2	3	6	4
32	22	0	1	1	1
32	23	0	2	2	2
32	24	0	1	1	1
32	25	1	1	4	6
32	26	5	3	5	5
32	27	2	1	3	2
32	28	-1	2	-1	3
32	29	4	4	5	4
32	30	0	2	2	1
32	31	4	3	6	4
32	32	2	3	3	2
32	33	0	1	0	0
32	34	2	3	5	4
32	35	1	2	2	1
32	36	-1	0	0	2
32	37	2	3	1	3
32	38	0	2	1	1
32	39	0	2	2	1
32	40	0	2	4	3
32	41	3	1	5	2
32	42	4	3	5	5
32	43	-2	0	0	0
32	44	3	4	5	4
32	45	0	1	3	2
32	46	3	1	4	4
32	47	2	2	6	3
32	48	1	2	6	4
32	49	-1	1	3	1
32	50	1	2	3	2
32	51	1	3	2	3
32	52	4	4	5	3
32	53	2	1	2	1
32	54	4	4	4	3
32	55	0	1	4	1
32	56	2	2	1	3
32	57	0	2	5	2
32	58	-1	0	1	2
32	59	-1	2	2	4
32	60	3	1	3	2
32	61	4	2	6	2
32	62	2	3	4	5
32	63	1	2	5	3
32	64	2	3	3	5
32	65	1	2	3	2
32	66	1	2	1	1
32	67	3	3	4	2
32	68	1	1	0	2
32	69	1	2	0	1
32	70	1	1	5	5
32	71	0	1	2	3
32	72	1	2	5	3
32	73	0	2	2	2
32	74	3	2	4	2
32	75	1	2	6	4
33	1	2	3	6	4
33	2	1	3	2	4
33	3	3	4	5	5
33	4	6	4	7	5
33	5	3	3	5	5
33	6	0	3	4	4
33	7	2	2	3	5
33	8	3	5	3	5
33	9	2	3	5	6
33	10	1	3	4	4
33	11	3	2	5	6
33	12	3	3	4	3
33	13	3	4	5	6
33	14	3	3	5	4
33	15	1	2	0	2
33	16	1	3	3	4
33	17	4	4	6	3
33	18	4	4	6	6
33	19	3	4	4	5
33	20	1	2	0	2
33	21	3	3	2	5
33	22	0	1	2	5
33	23	0	2	2	5
33	24	1	2	4	3
33	25	2	3	2	3
33	26	5	4	6	5
33	27	3	2	2	2
33	28	2	4	4	4
33	29	3	4	3	5
33	30	4	3	6	4
33	31	2	3	4	4
33	32	1	2	3	4
33	33	1	3	4	4
33	34	0	2	1	2
33	35	4	3	6	6
33	36	0	1	-1	1
33	37	2	1	3	4
33	38	0	1	1	3
33	39	0	2	1	2
33	40	3	2	5	2
33	41	4	4	8	6
33	42	6	3	8	6
33	43	1	2	2	4
33	44	0	3	2	3
33	45	1	2	3	2
33	46	4	3	6	6
33	47	0	2	-1	1
33	48	1	3	4	3
33	49	1	4	1	5
33	50	1	2	2	4
33	51	1	2	1	2
33	52	3	3	3	5
33	53	1	2	0	1
33	54	3	3	2	5
33	55	0	2	4	3
33	56	3	3	1	4
33	57	4	3	4	5
33	58	2	4	2	4
33	59	2	3	1	3
33	60	2	2	3	3
33	61	2	2	2	3
33	62	2	2	2	1
33	63	0	1	4	3
33	64	4	3	2	4
33	65	3	3	4	3
33	66	4	4	4	4
33	67	4	4	4	6
33	68	2	4	2	5
33	69	3	4	5	6
33	70	2	3	1	3
33	71	4	6	8	6
33	72	4	3	4	5
33	73	1	3	1	4
33	74	3	4	6	4
33	75	2	1	0	2
34	1	4	3	5	7
34	2	2	2	0	3
34	3	3	2	1	4
34	4	4	1	0	5
34	5	1	1	2	3
34	6	5	3	6	6
34	7	4	4	5	4
34	8	4	3	5	5
34	9	3	2	4	2
34	10	5	3	4	4
34	11	5	4	7	4
34	12	5	3	8	6
34	13	4	3	4	4
34	14	4	3	2	5
34	15	2	2	2	2
34	16	3	2	6	3
34	17	4	3	0	3
34	18	1	2	3	2
34	19	5	3	4	5
34	20	0	1	-1	2
34	21	1	2	3	3
34	22	3	2	4	4
34	23	1	2	1	2
34	24	4	4	7	5
34	25	3	3	2	3
34	26	2	1	0	1
34	27	2	2	2	2
34	28	6	3	4	4
34	29	7	4	7	8
34	30	2	3	4	4
34	31	5	2	4	5
34	32	3	2	4	2
34	33	4	3	5	5
34	34	6	3	5	4
34	35	1	2	-1	1
34	36	3	3	3	3
34	37	4	2	3	4
34	38	0	1	1	2
34	39	5	3	5	1
34	40	1	2	0	3
34	41	3	3	3	3
34	42	4	3	3	3
34	43	4	4	7	5
34	44	5	3	4	4
34	45	5	3	7	5
34	46	2	3	4	3
34	47	0	2	0	2
34	48	4	3	3	5
34	49	7	4	5	4
34	50	1	2	4	3
34	51	6	3	3	5
34	52	5	3	7	3
34	53	5	3	4	3
34	54	2	2	3	2
34	55	3	2	3	4
34	56	2	0	4	3
34	57	2	3	6	4
34	58	3	3	6	3
34	59	2	4	4	4
34	60	4	1	2	4
34	61	6	5	9	6
34	62	5	3	5	4
34	63	2	2	1	2
34	64	4	3	4	4
34	65	4	3	4	3
34	66	5	3	3	4
34	67	2	2	4	5
34	68	4	2	4	3
34	69	3	1	4	3
34	70	3	3	5	2
34	71	1	2	3	2
34	72	2	3	1	2
34	73	2	3	3	2
34	74	3	3	5	4
34	75	2	1	2	4
35	1	3	1	5	2
35	2	2	0	2	2
35	3	0	0	0	0
35	4	5	3	7	5
35	5	4	0	5	4
35	6	3	0	4	3
35	7	2	0	2	2
35	8	4	2	5	2
35	9	3	2	2	4
35	10	3	0	5	4
35	11	2	1	3	5
35	12	1	0	2	4
35	13	3	1	3	4
35	14	3	2	3	3
35	15	5	3	6	5
35	16	1	1	-1	2
35	17	2	2	5	1
35	18	2	0	4	4
35	19	0	0	1	3
35	20	5	1	6	4
35	21	1	1	7	3
35	22	2	0	0	2
35	23	2	0	0	1
35	24	0	0	0	2
35	25	3	0	5	4
35	26	7	3	8	6
35	27	0	0	1	3
35	28	2	1	4	4
35	29	2	0	3	4
35	30	6	3	8	6
35	31	0	0	0	1
35	32	1	0	3	5
35	33	2	0	1	2
35	34	3	1	2	3
35	35	3	0	5	3
35	36	3	0	2	2
35	37	6	1	9	6
35	38	3	1	4	5
35	39	6	4	8	6
35	40	4	2	6	4
35	41	1	0	1	2
35	42	0	0	2	2
35	43	2	1	6	3
35	44	1	0	1	3
35	45	2	1	6	5
35	46	3	1	6	4
35	47	3	1	6	3
35	48	1	0	5	4
35	49	0	0	6	3
35	50	3	0	0	3
35	51	2	1	6	4
35	52	5	1	5	6
35	53	2	2	2	2
35	54	4	2	4	5
35	55	5	3	6	5
35	56	6	3	8	5
35	57	0	0	4	3
35	58	3	1	6	4
35	59	1	0	5	2
35	60	5	1	5	4
35	61	2	1	5	3
35	62	2	0	4	3
35	63	0	2	2	3
35	64	4	1	5	4
35	65	3	1	2	4
35	66	1	0	3	4
35	67	2	0	2	4
35	68	3	1	4	3
35	69	3	2	6	5
35	70	1	1	3	2
35	71	7	2	9	5
35	72	1	0	1	2
35	73	2	3	4	3
35	74	0	0	-2	1
35	75	2	0	1	2
36	1	2	4	6	4
36	2	2	4	6	2
36	3	2	4	4	3
36	4	2	4	2	2
36	5	0	2	0	0
36	6	1	3	2	2
36	7	2	3	5	2
36	8	2	6	3	4
36	9	2	5	7	2
36	10	2	3	4	0
36	11	3	4	3	2
36	12	3	3	1	3
36	13	2	4	4	3
36	14	6	4	8	5
36	15	2	4	3	4
36	16	2	4	4	4
36	17	3	4	2	3
36	18	2	3	0	1
36	19	2	3	3	3
36	20	2	2	4	3
36	21	2	5	3	2
36	22	5	4	7	4
36	23	1	5	1	2
36	24	4	5	7	4
36	25	3	3	0	1
36	26	0	3	0	0
36	27	0	2	-1	1
36	28	5	5	6	3
36	29	4	5	4	2
36	30	1	4	1	1
36	31	3	5	4	2
36	32	5	5	9	6
36	33	6	5	4	3
36	34	2	4	1	2
36	35	1	3	0	0
36	36	3	5	7	2
36	37	2	4	4	3
36	38	1	3	0	2
36	39	3	4	3	3
36	40	0	3	-1	0
36	41	1	3	2	2
36	42	3	3	3	3
36	43	4	3	2	4
36	44	2	3	1	1
36	45	5	5	4	3
36	46	4	5	4	4
36	47	3	3	1	1
36	48	2	4	2	3
36	49	4	5	5	3
36	50	2	3	4	4
36	51	3	3	3	2
36	52	1	3	1	2
36	53	2	5	4	4
36	54	0	2	1	1
36	55	2	3	3	3
36	56	4	5	6	2
36	57	0	4	0	0
36	58	2	4	1	1
36	59	1	4	3	2
36	60	2	4	3	3
36	61	1	1	0	0
36	62	2	3	5	3
36	63	2	2	3	2
36	64	1	4	5	2
36	65	3	4	2	1
36	66	4	5	6	3
36	67	2	4	4	3
36	68	3	4	5	3
36	69	5	5	7	4
36	70	4	5	1	4
36	71	2	5	3	4
36	72	5	4	5	4
36	73	3	4	4	3
36	74	4	4	7	6
36	75	1	2	3	3
37	1	4	0	3	5
37	2	4	1	7	5
37	3	2	0	2	3
37	4	4	1	7	5
37	5	1	2	1	3
37	6	5	3	8	5
37	7	2	0	3	2
37	8	1	0	4	3
37	9	4	3	9	4
37	10	5	2	5	4
37	11	4	1	6	4
37	12	5	1	5	4
37	13	2	1	2	2
37	14	5	2	6	5
37	15	0	2	1	1
37	16	0	1	2	3
37	17	3	1	2	1
37	18	2	1	6	5
37	19	1	2	3	3
37	20	2	2	4	5
37	21	5	1	8	5
37	22	2	0	2	1
37	23	7	4	6	6
37	24	2	0	1	3
37	25	4	2	6	5
37	26	4	1	3	4
37	27	1	0	3	2
37	28	4	2	3	2
37	29	4	2	7	3
37	30	6	2	8	6
37	31	0	0	3	3
37	32	8	4	13	7
37	33	7	2	10	6
37	34	1	0	4	3
37	35	3	1	3	4
37	36	5	1	0	5
37	37	3	1	5	5
37	38	4	1	4	6
37	39	3	1	4	3
37	40	3	1	3	5
37	41	5	1	7	4
37	42	0	0	0	0
37	43	4	1	3	2
37	44	4	2	4	4
37	45	3	1	1	4
37	46	6	1	5	4
37	47	1	1	6	4
37	48	1	1	3	4
37	49	5	2	5	4
37	50	4	1	5	3
37	51	3	2	4	4
37	52	2	0	4	2
37	53	2	0	2	2
37	54	0	0	1	2
37	55	7	3	10	6
37	56	1	1	4	3
37	57	4	3	5	4
37	58	3	1	3	4
37	59	3	1	4	6
37	60	4	2	4	5
37	61	5	2	6	4
37	62	1	1	4	4
37	63	2	0	0	1
37	64	5	2	6	4
37	65	2	0	4	4
37	66	6	1	7	5
37	67	2	2	4	3
37	68	5	3	7	5
37	69	4	2	5	4
37	70	0	1	3	2
37	71	4	0	2	5
37	72	2	1	3	4
37	73	6	2	8	5
37	74	4	1	5	4
37	75	0	1	1	1
38	1	0	1	2	3
38	2	0	2	0	3
38	3	-1	0	-1	0
38	4	1	2	0	3
38	5	0	3	2	4
38	6	0	3	2	2
38	7	0	1	0	1
38	8	1	2	2	2
38	9	-1	2	0	3
38	10	2	4	4	4
38	11	4	4	3	2
38	12	0	1	-1	2
38	13	1	3	4	3
38	14	3	4	4	4
38	15	1	3	3	3
38	16	1	3	3	3
38	17	2	4	5	4
38	18	3	3	3	2
38	19	3	3	4	4
38	20	3	3	3	2
38	21	-2	2	1	2
38	22	2	3	1	3
38	23	2	3	2	4
38	24	0	4	2	4
38	25	-1	1	0	0
38	26	1	3	1	3
38	27	2	4	6	4
38	28	2	3	3	5
38	29	-1	2	0	1
38	30	1	3	4	3
38	31	3	1	3	2
38	32	3	2	2	4
38	33	3	4	7	6
38	34	0	2	0	2
38	35	1	3	5	3
38	36	1	2	1	2
38	37	0	1	-5	1
38	38	4	1	3	5
38	39	0	4	2	3
38	40	6	4	7	6
38	41	0	0	-3	1
38	42	4	4	4	5
38	43	4	4	4	6
38	44	4	4	3	4
38	45	2	3	3	3
38	46	0	2	0	2
38	47	4	4	4	5
38	48	0	2	1	2
38	49	2	2	3	4
38	50	2	4	4	3
38	51	1	4	3	5
38	52	1	3	3	2
38	53	2	1	4	2
38	54	2	4	5	2
38	55	1	3	5	3
38	56	3	4	4	5
38	57	2	4	3	5
38	58	2	2	0	4
38	59	2	4	5	5
38	60	0	3	0	2
38	61	4	4	4	4
38	62	1	2	1	4
38	63	3	3	4	3
38	64	0	2	2	1
38	65	1	3	4	4
38	66	0	1	0	2
38	67	0	1	1	2
38	68	0	2	0	0
38	69	0	2	4	2
38	70	1	2	0	2
38	71	1	3	4	3
38	72	1	3	1	3
38	73	1	2	0	3
38	74	2	3	8	5
38	75	5	3	4	5
39	1	4	4	6	2
39	2	0	2	0	2
39	3	1	5	4	5
39	4	-1	3	0	1
39	5	0	4	2	4
39	6	1	3	5	4
39	7	0	4	2	3
39	8	1	3	1	3
39	9	2	4	2	4
39	10	1	2	3	3
39	11	3	6	4	4
39	12	-1	2	0	1
39	13	0	3	4	3
39	14	2	4	3	3
39	15	2	3	3	3
39	16	1	3	2	1
39	17	0	3	0	1
39	18	0	2	3	1
39	19	0	4	-1	1
39	20	2	3	2	4
39	21	0	4	0	3
39	22	3	4	4	3
39	23	1	3	1	3
39	24	-1	3	0	1
39	25	2	4	3	3
39	26	2	5	2	4
39	27	2	5	1	3
39	28	1	4	4	3
39	29	1	4	1	2
39	30	1	3	2	4
39	31	0	3	1	3
39	32	3	4	2	4
39	33	-1	3	1	1
39	34	1	3	1	3
39	35	0	4	3	1
39	36	1	3	0	2
39	37	0	3	4	2
39	38	0	3	2	2
39	39	2	2	1	3
39	40	0	2	1	3
39	41	0	2	1	1
39	42	0	3	2	3
39	43	2	3	5	2
39	44	0	2	0	3
39	45	1	3	-1	2
39	46	5	5	6	8
39	47	1	3	6	3
39	48	1	3	6	4
39	49	1	3	3	2
39	50	0	5	3	3
39	51	0	4	2	3
39	52	0	4	0	3
39	53	0	4	1	2
39	54	0	3	3	3
39	55	0	4	2	3
39	56	0	3	0	3
39	57	4	4	7	3
39	58	1	5	2	4
39	59	1	3	3	0
39	60	1	4	4	4
39	61	2	4	2	4
39	62	3	4	2	3
39	63	2	3	5	3
39	64	0	3	1	3
39	65	0	4	3	3
39	66	0	2	2	1
39	67	0	2	0	1
39	68	0	2	1	3
39	69	2	4	2	3
39	70	0	3	0	3
39	71	0	3	1	2
39	72	-3	2	1	2
39	73	0	2	2	3
39	74	3	5	5	3
39	75	0	2	2	2
40	1	0	0	1	1
40	2	2	0	1	3
40	3	2	1	2	3
40	4	5	1	2	3
40	5	5	3	5	6
40	6	3	1	4	3
40	7	2	1	3	1
40	8	5	2	6	5
40	9	2	0	0	2
40	10	1	0	0	3
40	11	0	1	2	2
40	12	0	0	0	0
40	13	0	-2	0	0
40	14	5	2	6	4
40	15	2	0	2	1
40	16	0	0	0	0
40	17	0	0	0	1
40	18	1	0	3	1
40	19	4	0	2	1
40	20	1	1	2	1
40	21	1	0	2	1
40	22	3	1	5	4
40	23	2	0	2	2
40	24	0	0	2	2
40	25	4	1	0	2
40	26	0	1	1	0
40	27	3	0	1	1
40	28	1	0	0	2
40	29	6	1	6	5
40	30	-1	0	-3	0
40	31	2	0	4	2
40	32	1	2	1	1
40	33	3	1	3	5
40	34	1	0	2	1
40	35	2	0	0	3
40	36	2	0	3	3
40	37	3	0	4	0
40	38	2	1	3	2
40	39	1	3	6	4
40	40	3	2	5	2
40	41	2	0	1	1
40	42	4	1	5	4
40	43	3	2	4	2
40	44	2	2	4	4
40	45	5	0	4	4
40	46	2	2	1	4
40	47	2	0	1	3
40	48	2	0	0	1
40	49	3	0	3	2
40	50	1	0	2	2
40	51	1	-1	2	2
40	52	4	1	4	5
40	53	1	0	0	0
40	54	3	-1	2	1
40	55	5	1	5	4
40	56	2	0	0	3
40	57	4	1	4	1
40	58	1	0	0	0
40	59	0	1	1	2
40	60	2	0	0	1
40	61	1	0	-1	1
40	62	1	1	0	2
40	63	2	0	0	3
40	64	4	1	5	3
40	65	3	1	2	1
40	66	2	0	0	2
40	67	0	0	0	1
40	68	2	0	4	2
40	69	-1	0	-2	0
40	70	-2	-1	-3	-1
40	71	3	3	2	3
40	72	3	1	3	1
40	73	3	0	4	2
40	74	-1	-2	-2	0
40	75	3	2	3	3
41	1	0	2	2	3
41	2	2	1	2	2
41	3	4	3	3	4
41	4	4	3	4	4
41	5	3	2	1	2
41	6	4	4	7	4
41	7	2	2	3	2
41	8	4	3	5	2
41	9	1	1	1	1
41	10	2	2	1	1
41	11	0	2	2	0
41	12	2	1	3	1
41	13	2	2	4	2
41	14	2	3	1	2
41	15	1	2	1	0
41	16	1	2	2	0
41	17	3	3	5	1
41	18	2	3	0	2
41	19	0	1	0	0
41	20	0	0	0	0
41	21	-1	1	0	1
41	22	0	3	1	1
41	23	3	1	1	1
41	24	1	2	0	0
41	25	1	3	-1	0
41	26	2	2	0	1
41	27	2	2	3	2
41	28	2	1	1	1
41	29	0	3	-1	0
41	30	1	1	2	0
41	31	-2	1	-1	0
41	32	0	1	0	0
41	33	1	1	0	0
41	34	0	2	0	1
41	35	0	2	0	0
41	36	5	3	6	3
41	37	5	3	3	5
41	38	6	4	6	5
41	39	5	3	4	2
41	40	1	2	2	2
41	41	1	2	0	0
41	42	0	1	0	1
41	43	1	1	-1	2
41	44	3	4	4	2
41	45	1	1	2	1
41	46	4	3	2	2
41	47	2	2	3	2
41	48	0	1	-1	0
41	49	1	2	2	4
41	50	1	1	0	0
41	51	2	1	3	0
41	52	6	3	6	3
41	53	2	3	2	2
41	54	1	3	2	1
41	55	0	1	-1	0
41	56	1	2	0	1
41	57	2	4	3	3
41	58	2	4	3	2
41	59	4	2	3	2
41	60	2	2	4	2
41	61	1	2	2	3
41	62	1	1	2	1
41	63	1	2	2	3
41	64	2	2	3	2
41	65	1	2	1	0
41	66	2	2	2	0
41	67	0	3	0	0
41	68	0	0	0	0
41	69	2	3	1	3
41	70	3	2	4	3
41	71	0	2	2	1
41	72	0	1	2	0
41	73	-2	0	-1	0
41	74	0	3	1	3
41	75	0	3	0	0
42	1	3	2	1	2
42	2	4	2	5	3
42	3	0	1	0	2
42	4	2	3	1	3
42	5	0	2	4	2
42	6	2	1	3	4
42	7	0	1	3	1
42	8	0	1	3	4
42	9	4	2	5	3
42	10	4	2	4	5
42	11	0	0	1	2
42	12	1	2	3	4
42	13	0	1	2	2
42	14	2	2	4	3
42	15	3	2	3	1
42	16	2	1	2	2
42	17	2	3	2	5
42	18	4	1	4	3
42	19	1	2	1	1
42	20	4	1	3	4
42	21	2	3	2	2
42	22	3	2	0	1
42	23	1	1	1	2
42	24	3	3	6	1
42	25	2	2	4	3
42	26	3	3	3	3
42	27	2	4	3	3
42	28	1	1	3	4
42	29	0	2	0	3
42	30	2	1	0	3
42	31	1	1	1	3
42	32	1	1	1	1
42	33	0	2	2	3
42	34	1	2	1	2
42	35	1	1	2	2
42	36	0	1	1	0
42	37	1	1	1	3
42	38	2	2	2	2
42	39	1	3	2	3
42	40	2	1	0	2
42	41	5	2	4	4
42	42	0	0	0	0
42	43	3	1	3	3
42	44	4	3	5	5
42	45	1	1	0	2
42	46	3	1	3	2
42	47	1	1	0	2
42	48	1	1	2	2
42	49	3	2	5	2
42	50	2	0	0	0
42	51	1	2	0	1
42	52	3	1	3	2
42	53	2	2	4	2
42	54	3	2	3	3
42	55	1	3	1	3
42	56	3	1	3	4
42	57	0	1	1	0
42	58	1	2	3	2
42	59	0	3	0	3
42	60	3	2	0	3
42	61	2	2	3	4
42	62	2	3	4	2
42	63	3	1	4	4
42	64	2	2	4	1
42	65	2	2	3	3
42	66	-1	1	0	0
42	67	2	2	1	2
42	68	4	3	3	4
42	69	2	2	2	4
42	70	0	0	-1	2
42	71	0	2	-2	2
42	72	0	1	1	1
42	73	1	2	1	3
42	74	3	2	2	3
42	75	0	2	2	3
43	1	0	0	0	3
43	2	2	0	3	4
43	3	0	0	0	1
43	4	-1	1	1	3
43	5	2	-1	0	5
43	6	0	0	0	4
43	7	0	0	0	2
43	8	0	0	0	1
43	9	-1	0	1	4
43	10	1	0	1	4
43	11	3	0	4	4
43	12	0	0	0	3
43	13	1	0	1	4
43	14	0	-1	-2	2
43	15	1	-1	2	4
43	16	0	0	-1	2
43	17	0	-2	-2	1
43	18	0	0	0	2
43	19	1	0	-1	4
43	20	2	1	2	5
43	21	3	-1	1	4
43	22	-2	0	0	1
43	23	2	0	2	4
43	24	0	-1	2	5
43	25	1	-1	2	3
43	26	0	0	1	4
43	27	-2	-1	0	0
43	28	1	0	1	1
43	29	-3	-2	-4	-1
43	30	0	0	0	2
43	31	3	0	5	5
43	32	2	1	5	5
43	33	-2	-1	-1	0
43	34	1	0	1	4
43	35	0	-1	0	2
43	36	0	0	1	4
43	37	-2	-1	0	0
43	38	0	0	0	3
43	39	-2	-2	0	2
43	40	0	-1	1	2
43	41	0	0	-1	4
43	42	0	-2	0	0
43	43	2	0	2	5
43	44	2	0	3	3
43	45	0	0	2	3
43	46	1	0	0	4
43	47	0	0	2	2
43	48	3	-1	2	6
43	49	0	-1	1	2
43	50	0	0	0	3
43	51	3	0	3	4
43	52	2	0	2	3
43	53	1	1	2	2
43	54	0	0	0	2
43	55	1	2	3	6
43	56	-1	-1	0	1
43	57	1	0	3	4
43	58	3	0	3	5
43	59	0	0	0	3
43	60	1	1	2	5
43	61	2	0	1	4
43	62	3	0	4	5
43	63	0	-2	0	3
43	64	2	0	2	5
43	65	-2	-1	-2	0
43	66	3	2	3	4
43	67	0	0	1	1
43	68	0	0	0	1
43	69	1	0	2	3
43	70	0	-1	-2	1
43	71	0	0	-1	2
43	72	0	0	1	4
43	73	0	0	0	3
43	74	1	0	4	5
43	75	0	-1	-2	0
44	1	4	2	3	5
44	2	5	2	10	4
44	3	4	2	3	3
44	4	3	2	6	4
44	5	8	4	10	6
44	6	2	2	1	2
44	7	5	1	4	2
44	8	3	2	4	2
44	9	5	3	7	6
44	10	3	2	2	5
44	11	5	3	4	4
44	12	4	3	5	3
44	13	4	4	5	5
44	14	6	3	8	6
44	15	4	3	7	3
44	16	3	2	1	3
44	17	3	3	5	5
44	18	3	4	7	5
44	19	8	3	7	6
44	20	1	2	4	3
44	21	3	2	4	5
44	22	3	2	6	5
44	23	4	1	2	3
44	24	2	2	3	2
44	25	6	3	10	6
44	26	7	4	7	5
44	27	2	1	1	3
44	28	2	1	1	3
44	29	4	2	7	4
44	30	4	3	6	4
44	31	4	3	5	4
44	32	3	4	5	5
44	33	3	2	6	4
44	34	3	1	4	3
44	35	7	3	9	7
44	36	4	2	4	4
44	37	4	2	3	6
44	38	4	2	5	4
44	39	3	2	6	4
44	40	0	1	2	1
44	41	4	4	7	5
44	42	5	3	8	5
44	43	5	4	7	4
44	44	4	3	4	3
44	45	4	3	5	6
44	46	3	2	0	6
44	47	6	4	5	5
44	48	1	2	5	3
44	49	6	4	7	6
44	50	2	2	4	4
44	51	2	1	3	3
44	52	5	3	7	4
44	53	3	1	5	0
44	54	1	2	5	4
44	55	5	3	6	5
44	56	8	4	8	7
44	57	2	2	7	3
44	58	4	3	7	5
44	59	2	1	4	3
44	60	5	6	8	7
44	61	5	3	4	5
44	62	2	2	5	3
44	63	4	5	4	5
44	64	1	2	4	4
44	65	4	3	3	4
44	66	5	4	7	4
44	67	4	4	7	7
44	68	4	3	4	3
44	69	2	2	5	4
44	70	4	2	4	5
44	71	5	4	5	6
44	72	6	4	9	7
44	73	5	4	8	6
44	74	6	4	8	5
44	75	1	0	2	3
45	1	5	2	6	5
45	2	6	3	3	6
45	3	3	1	4	2
45	4	3	2	0	4
45	5	2	0	2	3
45	6	3	2	2	4
45	7	4	2	2	4
45	8	4	0	1	0
45	9	1	0	0	3
45	10	4	1	3	3
45	11	4	1	0	2
45	12	4	0	3	4
45	13	7	1	6	5
45	14	4	1	3	4
45	15	5	1	4	4
45	16	6	4	5	6
45	17	1	1	2	3
45	18	6	3	5	6
45	19	6	2	4	3
45	20	8	1	8	6
45	21	4	1	5	4
45	22	4	1	2	3
45	23	5	3	3	4
45	24	4	1	5	6
45	25	7	2	9	7
45	26	5	3	6	6
45	27	1	1	0	3
45	28	2	1	3	4
45	29	4	2	4	3
45	30	8	2	7	6
45	31	1	1	2	1
45	32	3	1	1	5
45	33	6	3	8	7
45	34	7	3	10	5
45	35	5	1	6	4
45	36	1	1	1	3
45	37	3	2	0	4
45	38	5	2	3	7
45	39	6	3	8	7
45	40	4	2	4	5
45	41	3	1	2	3
45	42	4	1	5	5
45	43	3	1	4	4
45	44	3	1	2	3
45	45	5	2	5	5
45	46	5	3	9	8
45	47	6	3	2	4
45	48	4	3	4	6
45	49	4	2	2	5
45	50	4	2	4	4
45	51	4	2	4	2
45	52	7	2	6	6
45	53	2	2	4	5
45	54	3	2	0	2
45	55	3	2	5	5
45	56	7	3	4	6
45	57	4	2	1	3
45	58	1	0	0	1
45	59	6	3	8	8
45	60	1	1	3	4
45	61	2	2	3	3
45	62	7	3	6	5
45	63	2	-1	1	1
45	64	2	1	5	3
45	65	1	1	3	4
45	66	3	1	0	2
45	67	5	2	6	5
45	68	5	3	5	6
45	69	5	2	4	4
45	70	2	2	2	3
45	71	2	2	2	5
45	72	5	1	3	3
45	73	3	2	4	3
45	74	6	3	5	5
45	75	5	2	6	6
46	1	0	0	1	2
46	2	1	0	3	5
46	3	-4	-2	0	0
46	4	0	0	1	4
46	5	0	0	2	3
46	6	1	2	3	6
46	7	2	2	3	5
46	8	-4	0	-1	2
46	9	2	0	3	5
46	10	0	0	0	3
46	11	0	1	1	2
46	12	0	1	4	7
46	13	1	2	5	4
46	14	0	0	0	4
46	15	-1	1	0	4
46	16	-1	0	1	2
46	17	2	2	5	6
46	18	-2	0	-1	2
46	19	1	2	3	4
46	20	1	1	6	5
46	21	-2	0	-2	2
46	22	1	0	4	4
46	23	0	0	1	3
46	24	1	0	4	2
46	25	2	1	2	4
46	26	1	1	3	4
46	27	2	0	2	4
46	28	0	1	2	4
46	29	0	0	4	3
46	30	0	0	2	3
46	31	0	0	3	3
46	32	0	0	2	5
46	33	1	0	2	4
46	34	1	1	0	3
46	35	0	1	4	5
46	36	0	0	1	2
46	37	-2	0	-1	1
46	38	0	1	3	4
46	39	1	0	3	4
46	40	1	1	4	4
46	41	1	2	3	5
46	42	0	0	3	3
46	43	1	3	5	3
46	44	-2	0	2	4
46	45	0	0	0	3
46	46	-2	0	1	2
46	47	0	1	1	4
46	48	0	0	1	5
46	49	1	2	3	2
46	50	1	3	3	5
46	51	0	2	4	3
46	52	0	1	3	3
46	53	0	-1	0	3
46	54	2	1	4	5
46	55	-1	1	2	4
46	56	1	1	2	3
46	57	-1	0	2	3
46	58	-1	1	0	3
46	59	-2	0	1	2
46	60	3	1	5	4
46	61	0	0	2	2
46	62	0	0	3	3
46	63	-1	0	2	1
46	64	3	1	4	3
46	65	-1	1	0	2
46	66	0	0	2	4
46	67	0	0	2	1
46	68	1	0	6	5
46	69	1	1	0	3
46	70	0	1	2	2
46	71	3	1	7	6
46	72	2	2	5	4
46	73	0	1	5	4
46	74	1	1	1	2
46	75	3	1	3	5
47	1	0	0	0	1
47	2	1	1	2	2
47	3	6	1	2	1
47	4	2	1	0	2
47	5	1	1	1	3
47	6	2	1	2	2
47	7	2	0	1	4
47	8	2	1	2	1
47	9	2	0	0	1
47	10	4	1	1	3
47	11	5	0	2	2
47	12	5	1	7	5
47	13	2	0	2	1
47	14	6	1	6	4
47	15	0	0	-1	0
47	16	1	1	1	1
47	17	1	0	-1	0
47	18	3	0	5	5
47	19	2	0	4	2
47	20	1	0	-2	0
47	21	2	1	4	3
47	22	2	0	2	3
47	23	3	1	3	2
47	24	0	0	-1	0
47	25	4	1	4	4
47	26	4	1	2	1
47	27	2	0	3	1
47	28	3	1	2	1
47	29	3	0	0	2
47	30	1	1	2	1
47	31	2	0	0	0
47	32	2	0	2	2
47	33	1	0	3	2
47	34	0	0	0	1
47	35	3	0	3	2
47	36	6	1	6	4
47	37	2	0	3	3
47	38	1	0	0	1
47	39	1	0	0	1
47	40	2	1	1	2
47	41	3	1	4	3
47	42	4	0	1	2
47	43	2	0	0	3
47	44	1	0	0	0
47	45	5	1	4	4
47	46	0	0	0	1
47	47	3	1	4	2
47	48	4	0	2	1
47	49	3	1	5	2
47	50	3	1	2	4
47	51	1	0	-1	1
47	52	5	0	3	3
47	53	3	1	2	3
47	54	0	1	3	3
47	55	1	0	3	2
47	56	2	0	5	3
47	57	3	2	2	4
47	58	0	0	0	2
47	59	6	2	5	3
47	60	0	-2	0	0
47	61	0	0	0	0
47	62	3	1	2	3
47	63	2	0	0	1
47	64	1	0	2	3
47	65	0	-1	0	1
47	66	1	0	-1	1
47	67	2	0	2	1
47	68	3	0	5	3
47	69	2	1	3	3
47	70	0	0	1	3
47	71	3	0	4	2
47	72	2	0	0	3
47	73	4	1	2	3
47	74	1	0	4	3
47	75	4	1	2	3
48	1	1	1	-1	0
48	2	3	2	2	2
48	3	0	2	0	0
48	4	3	1	-1	1
48	5	4	4	2	4
48	6	3	3	-1	0
48	7	1	1	-1	0
48	8	0	2	0	3
48	9	3	3	3	4
48	10	0	0	-2	-2
48	11	2	2	0	0
48	12	4	3	1	0
48	13	0	1	0	0
48	14	4	2	0	1
48	15	2	3	2	1
48	16	-2	1	0	0
48	17	1	1	0	-1
48	18	4	5	3	3
48	19	0	2	0	1
48	20	1	2	0	0
48	21	0	1	0	1
48	22	1	2	1	1
48	23	4	2	0	1
48	24	-1	2	1	1
48	25	3	3	2	2
48	26	3	3	3	3
48	27	2	2	2	1
48	28	3	3	1	2
48	29	0	1	2	0
48	30	1	2	0	4
48	31	2	1	4	3
48	32	4	2	3	3
48	33	3	2	0	1
48	34	1	2	1	1
48	35	2	3	1	1
48	36	3	2	0	2
48	37	0	2	0	1
48	38	2	2	1	3
48	39	1	2	0	1
48	40	6	3	3	3
48	41	0	2	1	1
48	42	3	3	2	1
48	43	0	1	-3	2
48	44	1	1	2	1
48	45	1	1	1	0
48	46	4	3	3	3
48	47	2	2	3	1
48	48	2	2	0	2
48	49	2	3	0	1
48	50	2	2	-2	2
48	51	3	4	1	1
48	52	3	4	3	4
48	53	3	3	3	1
48	54	5	2	4	3
48	55	0	2	0	1
48	56	2	2	1	1
48	57	3	3	1	1
48	58	0	3	1	0
48	59	1	2	0	1
48	60	6	3	5	2
48	61	1	2	0	1
48	62	2	3	2	2
48	63	2	2	0	0
48	64	4	3	2	2
48	65	2	1	0	0
48	66	2	2	1	5
48	67	1	2	-2	0
48	68	2	2	3	1
48	69	2	4	4	2
48	70	1	3	2	1
48	71	3	1	0	1
48	72	5	2	2	3
48	73	3	3	5	4
48	74	6	5	5	2
48	75	0	2	1	0
49	1	2	4	2	4
49	2	4	5	6	4
49	3	5	3	4	3
49	4	4	7	5	5
49	5	3	6	2	3
49	6	2	5	4	4
49	7	3	5	9	5
49	8	3	6	3	3
49	9	4	6	4	3
49	10	3	6	2	3
49	11	3	5	3	5
49	12	2	5	0	4
49	13	2	5	4	3
49	14	0	4	0	0
49	15	3	7	9	5
49	16	-1	4	1	1
49	17	0	5	3	1
49	18	3	5	6	2
49	19	3	5	5	5
49	20	3	5	3	3
49	21	4	6	4	5
49	22	2	5	2	3
49	23	5	5	6	4
49	24	4	5	3	4
49	25	5	5	4	4
49	26	4	6	6	6
49	27	0	4	2	2
49	28	2	5	0	4
49	29	4	6	2	4
49	30	1	5	3	2
49	31	3	5	6	4
49	32	0	4	1	3
49	33	2	4	2	4
49	34	0	6	2	3
49	35	3	5	2	4
49	36	2	4	4	1
49	37	3	5	4	3
49	38	0	4	-2	1
49	39	1	5	3	5
49	40	4	4	5	3
49	41	3	5	5	5
49	42	0	2	0	2
49	43	1	5	3	3
49	44	2	5	4	5
49	45	4	5	7	5
49	46	1	6	5	4
49	47	2	5	4	3
49	48	0	3	0	1
49	49	2	4	4	5
49	50	4	5	2	4
49	51	0	3	0	2
49	52	3	5	2	4
49	53	2	5	4	6
49	54	3	5	4	4
49	55	1	6	2	3
49	56	2	4	6	5
49	57	3	4	4	4
49	58	3	5	4	5
49	59	4	6	7	4
49	60	3	4	5	5
49	61	1	4	4	2
49	62	4	5	6	4
49	63	5	6	6	4
49	64	3	4	0	2
49	65	2	5	3	3
49	66	5	5	4	4
49	67	1	4	2	2
49	68	2	4	1	2
49	69	2	4	3	2
49	70	4	5	6	4
49	71	0	5	2	2
49	72	0	6	2	1
49	73	2	5	7	5
49	74	2	5	3	3
49	75	3	5	4	5
50	1	2	2	4	4
50	2	3	0	4	4
50	3	3	1	4	4
50	4	3	0	2	4
50	5	-2	0	0	1
50	6	3	3	4	5
50	7	2	1	2	4
50	8	2	1	2	5
50	9	2	1	1	4
50	10	0	0	0	1
50	11	1	1	1	3
50	12	3	1	6	6
50	13	0	1	0	2
50	14	0	1	-1	0
50	15	2	3	6	6
50	16	0	0	3	2
50	17	2	1	4	5
50	18	2	2	5	6
50	19	3	1	4	6
50	20	1	0	2	4
50	21	3	1	1	3
50	22	2	3	8	7
50	23	5	2	5	5
50	24	2	1	6	5
50	25	1	0	3	5
50	26	1	2	3	3
50	27	3	0	0	2
50	28	0	1	2	3
50	29	0	0	0	3
50	30	1	0	1	4
50	31	0	3	4	4
50	32	0	1	2	4
50	33	0	1	3	4
50	34	2	2	3	2
50	35	5	1	5	4
50	36	4	2	4	7
50	37	0	1	1	3
50	38	2	1	3	4
50	39	2	3	6	6
50	40	0	2	3	3
50	41	0	0	0	4
50	42	0	0	1	2
50	43	2	1	4	4
50	44	4	3	6	5
50	45	0	0	-1	2
50	46	0	0	4	4
50	47	-1	0	0	2
50	48	1	0	3	3
50	49	0	0	1	2
50	50	0	1	1	3
50	51	4	2	11	6
50	52	-1	-1	-1	1
50	53	2	2	1	3
50	54	4	3	7	5
50	55	0	1	0	2
50	56	-1	0	1	2
50	57	3	2	0	4
50	58	1	1	5	5
50	59	0	1	0	3
50	60	0	0	0	3
50	61	1	1	1	2
50	62	-2	-1	-1	2
50	63	-2	0	0	3
50	64	2	0	4	5
50	65	0	2	2	4
50	66	-2	-1	-1	0
50	67	2	1	4	3
50	68	-1	0	-1	2
50	69	1	1	1	3
50	70	2	2	4	5
50	71	-1	0	-1	1
50	72	1	2	5	4
50	73	1	0	5	4
50	74	0	0	0	2
50	75	0	2	4	4
