1	1	1	0	2	4	0	0	2	2	0	0	0	-2	1	0	0	0	1	1	2	4	2	7	4	7	1	0	2	2	2	4	1	4	3	4	0	1	-1	3	3	0	3	0	3	2	1	1	0	2	0	2	1	3	4	5	0	1	1	1	2	-2	0	-3	0	0	2	1	7	1	6	0	1	1	2	0
2	1	2	4	6	3	1	1	2	1	3	4	1	5	3	4	2	1	1	3	4	1	0	2	3	3	0	2	3	3	5	0	1	0	2	1	2	2	6	5	8	1	1	1	2	3	0	0	-2	1	0	-1	1	2	4	3	0	1	0	2	1	-3	-1	-2	0	0	0	1	2	3	4	2	2	2	4	1
3	5	2	4	4	6	2	2	0	4	4	2	3	3	2	4	2	3	2	4	0	6	4	5	6	6	6	3	7	5	6	2	3	2	3	3	4	3	2	4	4	6	4	6	6	7	4	3	7	4	5	4	4	6	4	5	6	4	8	5	3	4	3	8	5	5	5	4	8	5	6	5	2	5	3	6
4	0	1	-1	3	1	2	2	3	4	2	3	2	2	6	5	4	2	2	3	2	0	0	-1	1	-1	3	1	0	5	2	5	3	6	6	5	3	3	3	4	2	0	1	0	3	1	3	1	3	5	1	0	1	2	6	3	2	3	5	5	7	4	3	6	7	5	0	1	0	1	0	3	2	2	4	3
5	0	-1	3	2	5	-1	-1	0	2	2	-1	1	1	4	3	2	0	2	3	2	4	1	7	6	9	-4	-1	0	0	0	4	0	5	7	6	3	1	4	5	5	2	0	4	5	5	2	0	1	4	5	0	0	2	3	4	3	1	6	5	7	0	0	0	3	1	0	0	6	4	5	3	0	7	4	6
6	6	6	8	5	6	3	4	4	4	3	1	4	6	4	4	5	4	5	2	6	4	5	9	4	6	7	6	8	7	7	6	6	7	4	6	3	5	7	5	4	5	6	9	3	6	4	4	7	2	4	6	5	7	5	8	2	6	4	2	6	3	5	4	5	6	2	3	5	2	3	5	5	6	5	6
7	-1	2	1	0	2	0	2	3	2	2	0	1	2	1	1	1	2	2	1	3	0	2	1	1	3	2	2	3	3	6	2	2	3	2	1	1	3	2	1	4	3	4	6	3	7	3	4	4	4	6	3	2	7	3	7	0	3	0	0	3	3	4	4	4	5	1	1	2	1	2	2	4	2	0	4
8	-1	4	4	2	2	0	3	0	1	2	-1	3	-1	0	4	0	4	0	1	3	-2	3	1	2	3	2	4	2	1	5	-3	2	-2	0	0	-1	4	0	1	2	0	3	0	1	4	-1	3	2	2	2	-1	2	0	0	1	-1	2	0	0	2	-3	2	-1	0	1	-1	2	-2	0	2	-1	4	0	1	3
9	0	2	1	4	1	1	2	3	4	5	0	2	2	5	2	0	1	0	2	0	1	2	2	4	4	2	3	2	5	3	2	2	2	5	1	1	2	2	3	3	1	2	-1	3	1	0	3	2	2	0	0	2	0	4	2	1	2	3	4	2	0	1	0	2	1	0	2	0	5	2	0	0	-1	3	0
10	0	1	0	2	1	0	1	2	2	4	0	1	1	1	2	0	1	0	1	2	0	1	3	3	4	-1	0	0	1	2	0	1	5	1	5	1	0	4	4	4	-1	1	0	0	1	0	1	0	1	0	4	4	4	3	7	1	1	5	2	5	0	2	2	3	4	0	1	2	2	3	3	1	3	3	6
11	4	6	4	3	7	3	6	2	3	7	3	5	3	3	6	1	6	4	2	7	3	6	3	3	6	1	6	3	4	4	4	6	4	3	10	4	7	6	2	6	2	4	1	4	5	4	7	4	4	7	4	6	4	5	6	3	6	2	6	5	2	6	4	4	6	2	6	4	1	4	3	6	3	4	5
12	0	4	-1	4	4	0	4	0	3	4	0	5	2	4	4	3	5	5	5	5	1	5	0	2	3	1	4	0	4	3	0	5	-1	2	3	0	5	3	3	4	5	5	2	7	6	0	4	0	4	2	1	4	1	1	1	2	6	2	3	4	3	6	4	5	4	3	6	5	6	7	7	8	8	7	7
13	4	2	5	5	6	4	0	4	4	6	6	3	6	6	8	3	1	2	3	3	2	2	4	5	4	3	1	7	5	6	0	0	0	4	0	-1	0	0	1	1	6	3	7	6	8	2	1	3	6	3	1	0	1	3	4	0	0	1	4	4	3	1	3	4	4	2	1	5	4	5	4	0	7	4	3
14	2	2	4	5	1	3	4	2	5	5	2	3	1	4	2	0	2	2	2	3	3	3	4	4	2	2	2	2	4	0	0	1	3	4	4	0	3	2	2	4	4	5	5	5	6	0	1	0	2	0	0	3	3	4	6	4	2	4	4	2	4	5	7	6	6	1	2	6	5	3	2	3	4	2	3
15	1	2	4	2	3	0	0	2	4	3	1	1	0	2	3	5	2	7	4	7	3	1	4	3	5	0	0	2	3	2	2	3	6	4	7	3	1	1	2	5	3	3	1	2	4	1	3	5	4	4	2	3	0	1	3	0	2	2	3	4	0	1	1	2	3	1	1	1	1	5	0	2	2	2	3
16	0	4	4	6	5	5	6	9	8	11	3	3	4	8	4	0	3	7	6	6	5	5	8	7	6	2	5	6	6	4	5	3	9	7	7	2	3	5	6	4	4	4	7	6	7	2	4	6	6	3	1	3	0	7	4	4	4	4	5	3	2	5	5	5	5	5	4	7	5	8	4	3	4	7	6
17	1	3	2	3	5	2	2	1	2	3	2	3	3	2	4	0	1	3	0	1	-2	0	-1	-1	0	6	4	6	5	9	4	2	6	3	6	3	3	4	1	5	-3	1	0	0	0	4	3	3	4	5	3	3	4	4	6	1	3	4	3	4	3	4	4	4	3	4	4	4	4	6	1	3	2	3	3
18	3	0	1	3	4	0	0	1	3	1	1	0	4	2	4	-1	0	2	0	0	0	-1	1	0	0	-1	-1	0	0	0	-1	0	0	0	1	0	0	1	0	3	0	0	0	1	2	0	-1	-2	0	0	0	-2	0	0	1	2	-1	1	2	3	0	0	-2	0	1	-1	-1	0	0	0	-3	-1	-1	0	-2
19	0	3	0	3	3	3	2	3	4	4	1	2	2	2	5	1	2	2	3	4	2	1	3	2	3	1	2	5	3	5	3	3	5	5	7	1	2	3	2	5	3	2	3	2	3	0	2	0	3	3	0	1	0	0	0	0	2	1	2	0	0	2	3	4	6	1	2	1	1	5	1	2	1	1	5
20	4	4	6	5	6	2	5	7	6	7	4	5	6	5	7	2	4	3	4	4	0	4	0	2	5	0	2	-1	4	3	0	3	1	3	2	0	4	0	1	3	4	3	4	5	6	0	3	3	4	4	2	3	3	5	5	0	4	2	3	3	-1	2	-1	2	1	1	5	2	3	4	0	2	0	3	2
21	0	0	0	1	3	3	2	7	7	7	3	1	1	3	4	2	0	1	0	2	0	0	-2	0	0	1	0	0	1	1	4	2	5	2	5	4	1	3	3	4	1	1	2	2	4	1	1	5	3	3	1	2	2	2	3	0	0	0	1	2	1	2	1	2	2	1	1	1	5	4	1	0	0	2	3
22	1	1	2	5	6	1	1	1	1	4	-1	1	-1	2	3	2	2	3	4	5	1	2	3	5	5	1	1	3	2	4	0	0	2	3	4	-1	0	-3	2	0	3	3	2	4	6	2	0	-1	2	3	2	1	4	4	6	2	2	7	5	8	0	1	1	4	3	4	2	1	2	5	1	2	0	3	6
23	0	4	2	4	3	0	2	-1	2	0	0	4	0	4	5	1	3	4	5	5	1	4	6	6	6	-3	2	-2	2	0	1	4	2	5	4	-1	2	2	2	3	1	3	3	5	3	0	1	0	5	3	0	2	2	5	0	2	4	0	5	3	0	3	4	5	2	0	2	0	6	0	0	3	2	5	2
24	2	2	2	4	4	2	1	1	2	4	0	2	0	3	3	2	1	3	3	3	2	2	1	3	3	2	3	4	2	7	4	3	3	4	3	0	3	3	2	3	0	3	1	3	2	0	3	0	1	3	0	3	0	3	0	0	1	-1	0	2	0	2	0	3	3	0	2	0	2	1	0	2	0	2	5
25	0	-1	0	0	0	0	0	1	0	3	2	0	2	2	4	3	0	0	1	2	0	0	0	1	1	3	1	3	1	2	-1	-1	-1	1	0	2	0	1	3	3	4	1	4	4	6	1	0	2	1	1	1	0	3	2	3	1	0	0	1	0	1	0	1	1	4	2	0	3	3	1	0	-1	1	1	1
26	0	0	0	1	0	0	0	2	1	1	1	1	0	1	0	1	1	2	0	0	2	1	2	1	2	0	2	1	2	2	-1	-1	-3	0	1	0	0	2	0	2	1	1	2	0	2	1	1	0	2	0	1	1	3	3	2	2	1	0	3	0	0	2	1	1	2	0	0	1	0	1	1	1	1	0	2
27	3	3	1	1	3	3	4	5	3	6	6	5	7	6	8	4	5	5	4	6	1	4	4	1	3	3	4	3	1	3	2	4	3	2	3	4	5	4	5	5	5	5	5	3	5	3	5	3	3	5	3	5	1	3	4	3	5	3	4	9	3	3	4	4	5	6	4	4	5	5	2	6	7	4	4
28	1	4	2	2	3	2	3	0	2	1	1	2	0	3	2	1	4	0	3	3	3	5	2	4	3	3	4	2	5	6	3	4	2	2	3	3	4	4	5	3	0	3	1	3	3	0	4	2	4	4	2	3	2	3	1	-1	3	0	1	1	1	3	2	4	3	2	5	3	3	3	5	5	4	4	4
29	0	2	3	5	4	0	0	-3	2	0	1	2	0	4	3	0	3	2	5	3	0	2	2	4	3	2	2	1	4	4	-1	0	-1	2	1	1	0	1	2	3	-3	-1	-2	1	0	1	0	1	4	5	1	3	4	5	4	3	2	3	4	6	-1	0	-3	2	-3	2	2	3	5	1	0	1	-1	4	2
30	2	5	5	5	5	0	2	1	0	0	4	4	4	4	6	0	3	3	1	4	2	3	8	3	6	2	5	4	3	6	0	2	2	2	3	4	6	6	4	5	3	4	7	5	5	4	4	6	3	3	3	5	5	3	6	3	3	3	3	5	2	6	6	5	7	1	3	4	2	2	3	4	2	3	5
31	4	2	9	3	6	4	1	4	5	4	5	1	5	3	5	2	0	6	1	3	7	3	8	5	8	1	0	0	1	5	3	2	5	4	8	5	2	5	5	5	3	1	7	2	4	5	3	6	3	5	4	2	5	3	5	3	3	6	4	6	0	1	3	1	2	4	2	5	3	4	0	0	2	2	1
32	5	3	4	6	6	0	1	1	1	1	2	1	3	3	3	1	2	2	4	3	0	1	1	3	2	0	2	2	3	3	2	3	2	3	2	1	2	1	1	0	3	3	7	5	6	-1	0	0	-1	0	0	3	1	2	3	0	2	4	2	6	0	1	1	1	1	0	2	3	3	3	3	3	7	5	8
33	0	1	2	2	1	0	0	4	4	2	0	0	1	4	3	3	3	6	6	6	0	2	2	5	3	2	1	4	6	5	2	1	2	6	3	4	2	1	5	2	3	3	7	5	5	2	1	4	6	5	0	1	0	3	1	2	3	3	5	5	3	2	7	6	6	3	3	8	7	8	0	1	0	3	3
34	1	3	1	4	5	2	3	3	4	4	1	1	4	3	1	2	1	2	4	0	4	3	7	7	7	5	3	7	6	6	0	1	1	2	1	0	1	-1	1	0	1	2	1	5	3	4	2	4	4	3	3	2	3	4	4	5	3	6	4	6	2	2	3	5	3	0	1	3	3	0	3	4	6	6	5
35	3	4	3	0	2	3	5	4	2	4	4	3	2	4	3	4	4	2	3	6	1	1	0	1	1	5	4	7	5	6	5	4	6	4	5	6	4	6	3	5	5	3	4	3	2	5	5	5	3	4	3	5	1	1	2	6	4	4	3	6	3	3	1	3	5	6	5	5	4	7	3	3	3	2	2
36	0	1	1	3	3	3	1	4	4	5	0	0	2	2	1	2	2	1	3	3	3	2	6	5	5	5	3	8	8	10	2	1	3	4	4	4	2	4	5	5	1	1	2	2	3	8	3	8	6	7	4	2	5	4	4	1	0	2	3	3	6	2	5	4	4	1	1	3	3	3	3	1	2	4	5
37	4	3	3	4	5	6	5	5	6	6	3	2	1	4	3	2	3	3	3	2	2	3	0	5	3	6	4	4	5	3	6	5	7	5	8	5	4	6	4	8	5	3	6	3	7	0	2	0	1	1	4	3	7	4	6	5	4	5	5	3	3	1	3	4	2	3	3	1	3	3	1	2	2	1	4
38	2	3	3	5	3	2	2	2	4	3	0	0	0	3	2	0	2	1	2	0	1	1	1	5	2	0	1	2	3	2	0	2	0	4	4	2	3	3	6	5	1	2	2	2	2	1	2	2	4	3	5	3	5	6	5	0	1	1	2	3	4	4	7	4	7	2	1	4	4	3	2	3	6	4	4
39	0	1	2	1	3	0	1	2	3	1	2	2	2	4	6	1	3	2	6	3	2	4	8	6	7	3	3	4	6	6	0	1	0	3	3	0	2	2	2	3	1	1	2	5	6	2	2	5	7	7	0	0	0	2	3	0	2	0	3	4	3	4	7	4	7	3	2	5	6	6	1	2	3	3	4
40	0	3	2	0	1	1	4	1	1	3	2	5	4	5	6	4	5	7	4	7	2	4	3	2	4	0	3	2	1	2	0	4	3	2	4	0	3	4	1	5	0	3	2	0	4	1	4	4	4	3	3	6	5	4	6	2	3	3	2	5	3	4	3	3	6	1	4	3	2	3	1	3	3	4	5
41	0	0	3	2	1	2	2	4	4	1	1	1	2	2	1	1	0	3	0	0	1	1	2	4	2	3	2	4	3	1	1	0	2	2	0	-2	-1	-2	1	-2	3	3	6	4	4	0	0	2	1	-3	1	0	0	2	1	3	1	3	2	3	-4	-1	0	0	-3	0	0	0	2	0	0	0	-1	1	2
42	0	1	0	1	4	2	3	4	5	6	3	4	5	5	5	1	2	4	5	7	2	2	0	4	2	1	3	3	3	5	0	2	1	2	2	1	2	0	4	2	3	3	3	3	5	1	3	2	4	6	0	1	0	2	4	1	4	3	2	3	-3	0	-3	1	2	1	3	2	4	6	-1	2	0	3	2
43	3	3	4	2	3	3	2	5	2	3	-2	0	-2	-1	-2	1	1	0	2	2	0	0	0	0	0	1	0	2	1	0	1	3	2	2	5	3	1	3	0	1	-1	1	1	-1	0	1	1	3	0	0	0	0	0	-2	-1	3	2	2	2	3	-2	0	-2	-1	-1	3	1	1	0	3	2	1	3	2	0
44	0	3	0	4	2	4	4	8	7	6	2	3	7	5	6	2	3	7	6	6	4	4	7	6	6	4	5	10	6	7	3	4	7	6	7	4	4	4	7	6	2	4	7	3	8	1	3	6	6	5	3	3	3	6	8	2	5	7	4	3	3	4	7	6	8	3	4	4	4	5	4	5	6	6	8
45	3	3	2	3	3	3	2	1	4	1	4	4	6	4	5	3	4	5	5	4	5	4	6	7	6	6	5	7	5	6	3	3	7	6	4	7	3	5	5	6	2	4	1	4	3	2	3	3	3	3	2	2	4	3	3	5	4	4	5	4	4	5	4	5	6	6	3	6	5	5	7	5	7	7	6
46	3	0	3	1	2	1	0	0	1	2	-2	0	1	0	1	1	1	3	2	0	1	0	1	0	2	1	0	1	1	1	0	0	1	1	2	1	0	0	1	1	0	0	0	0	3	3	0	3	1	3	0	0	2	0	2	0	0	0	1	2	0	-1	-1	-1	0	1	0	4	3	0	1	0	-1	0	0
47	-1	0	0	2	1	0	0	1	3	5	0	1	4	4	5	1	0	4	3	2	1	0	2	4	1	3	2	4	6	8	3	1	2	4	4	2	0	2	4	6	0	0	1	1	2	1	1	6	3	5	0	0	0	0	1	1	0	4	3	6	1	0	3	5	7	1	0	1	2	3	1	0	0	2	4
48	3	1	3	3	4	1	3	3	3	2	2	0	2	2	3	1	0	4	3	2	3	1	0	2	4	1	0	1	2	0	3	3	4	3	5	1	0	0	4	4	4	2	2	4	5	0	0	-1	2	1	2	0	0	2	2	0	0	0	2	1	1	3	3	4	5	0	1	4	2	3	0	0	0	1	2
49	5	5	4	3	4	4	5	0	1	4	5	4	4	5	5	2	3	0	1	2	5	5	3	4	6	5	4	1	2	6	2	4	0	2	3	6	3	3	4	4	3	4	1	5	4	6	4	3	3	5	2	3	1	1	3	3	4	1	1	5	3	4	3	3	5	3	3	0	2	3	4	4	4	3	5
50	2	3	5	3	4	1	2	3	1	5	0	1	0	1	1	0	1	2	1	0	1	2	3	0	0	2	3	3	3	3	0	1	4	2	4	0	2	1	0	1	0	1	-3	2	-1	2	3	5	4	2	0	1	0	1	-1	3	2	2	2	3	1	1	2	3	3	2	2	4	2	5	3	3	5	5	3
51	1	2	0	2	1	3	3	5	4	5	3	3	6	5	5	3	3	1	4	4	1	3	0	3	5	2	3	3	4	6	5	3	4	3	5	2	2	0	1	2	5	2	5	5	5	-1	1	0	1	2	0	0	-1	3	1	4	2	4	6	6	1	2	0	1	1	2	3	3	3	1	0	2	1	1	2
52	-1	1	0	2	1	0	1	1	1	3	1	2	0	2	4	2	2	4	2	4	0	2	4	1	5	1	1	1	3	3	0	3	3	2	3	2	2	1	2	2	0	2	0	3	2	2	2	2	3	6	0	0	0	3	1	1	2	2	4	4	0	1	0	3	3	0	1	0	2	0	3	4	5	4	4
53	3	1	2	2	5	0	2	1	0	2	1	4	1	1	1	3	4	1	4	3	0	0	-1	1	0	2	1	3	1	6	3	1	1	3	2	0	2	1	3	0	2	2	2	4	2	4	2	2	5	5	0	2	0	3	1	0	0	0	3	6	6	4	5	5	7	1	2	0	4	4	2	2	2	2	2
54	2	2	5	3	4	2	2	5	4	6	4	2	8	6	8	3	2	6	5	4	4	3	4	6	6	5	4	8	6	5	3	2	7	7	5	5	3	6	7	7	2	1	4	6	3	4	5	4	4	5	2	4	8	7	6	4	4	3	6	6	4	2	5	7	5	3	2	7	6	5	5	2	6	7	4
55	2	4	5	2	4	2	3	0	1	2	2	4	4	3	5	2	3	2	3	5	4	4	4	4	8	2	3	1	3	2	3	3	2	5	6	0	4	-1	0	0	1	3	4	2	4	0	1	3	3	3	4	4	3	6	3	2	3	1	2	3	2	4	1	2	3	4	3	2	3	5	2	3	1	1	3
56	5	4	5	4	2	5	6	7	6	7	3	4	5	6	6	2	6	6	6	6	2	4	0	4	5	2	4	4	5	6	4	4	5	5	5	3	3	3	5	3	2	4	5	5	5	4	4	9	7	7	2	4	3	2	4	3	4	6	6	5	2	4	0	4	3	4	4	5	4	5	1	3	2	3	3
57	0	3	2	1	4	0	0	-2	0	0	0	0	0	0	4	2	0	3	3	5	0	0	0	2	1	-2	0	0	0	2	0	1	4	1	6	2	1	4	5	6	5	0	5	4	5	-1	0	0	3	2	-1	1	-1	0	3	0	0	3	1	6	-1	0	3	1	5	3	1	1	2	6	1	0	2	1	4
58	2	3	2	4	5	3	4	3	7	4	3	2	3	5	5	3	2	6	7	4	3	3	3	4	5	3	4	3	5	4	1	3	2	3	1	2	2	0	5	3	0	1	-2	2	2	5	4	4	6	7	0	1	1	2	0	2	1	2	5	2	2	1	4	3	4	3	4	6	6	6	3	3	5	7	5
59	4	4	5	4	6	1	3	3	4	4	3	3	4	5	5	2	4	1	4	6	2	3	2	4	6	4	5	3	3	6	0	2	0	2	3	1	3	1	4	4	3	3	2	5	3	1	2	2	2	4	2	4	4	3	4	0	3	0	2	4	0	3	4	5	4	2	3	0	1	1	1	3	2	2	3
60	0	1	0	3	3	2	2	5	6	6	0	1	0	2	2	2	4	0	5	3	1	2	2	4	5	2	4	5	5	5	-2	2	0	2	3	2	3	1	3	4	2	4	3	5	4	2	4	4	4	4	2	3	3	4	4	1	3	2	3	4	-1	2	0	0	2	1	4	6	6	5	1	4	3	3	4
61	-2	3	1	2	2	2	4	1	3	3	3	6	5	6	5	2	5	5	5	6	2	4	0	4	5	0	5	4	6	4	1	4	1	4	4	2	5	5	5	2	3	4	4	5	4	1	5	4	6	4	0	3	1	3	2	2	4	5	5	4	4	4	6	7	5	0	3	1	2	3	2	3	2	3	4
62	2	1	4	2	6	0	0	0	0	1	0	0	-1	1	1	0	0	3	1	2	2	1	5	2	4	1	0	0	0	2	2	0	3	1	5	3	2	4	0	6	1	1	2	1	2	1	2	3	2	3	4	1	5	3	5	1	1	3	2	5	3	1	3	2	4	0	1	4	1	4	0	0	-1	0	2
63	3	4	4	5	4	1	4	4	6	4	1	4	2	6	3	0	4	3	4	4	-1	1	-2	3	0	1	3	4	6	3	2	4	4	6	5	0	1	0	3	3	0	0	0	1	3	4	4	7	6	8	0	2	2	3	2	2	4	5	5	4	2	5	2	5	4	2	5	4	6	6	0	3	1	2	3
64	1	2	2	2	2	5	4	3	6	7	4	3	6	3	6	2	3	4	3	4	0	3	2	2	3	3	2	3	1	5	0	1	0	1	1	2	2	3	3	3	0	2	-1	0	0	0	2	0	2	1	5	2	1	3	5	2	2	1	2	1	2	2	2	3	5	3	1	2	3	5	3	2	4	3	6
65	2	3	5	6	5	0	0	0	2	2	0	1	1	2	4	3	2	2	4	3	1	0	1	2	4	-2	1	0	1	2	-2	0	0	2	0	0	1	2	3	5	4	2	5	5	5	-2	0	0	2	0	0	2	0	1	3	-2	0	-3	1	0	0	1	-1	4	3	-1	0	0	1	2	1	1	1	1	3
66	5	3	8	6	9	-1	0	0	1	3	4	1	4	2	4	6	2	6	6	7	2	1	0	2	1	0	1	0	3	5	3	2	1	3	5	4	3	6	4	7	2	1	0	2	4	0	1	0	2	4	3	0	3	4	3	-1	1	-2	2	2	0	1	0	1	3	2	3	2	5	6	4	2	4	2	6
67	-1	0	0	1	0	4	1	3	3	4	0	0	1	1	1	3	1	2	3	3	5	3	5	3	5	0	0	1	1	3	5	1	7	5	7	3	2	6	7	4	1	1	3	2	3	5	1	5	4	5	2	3	3	3	6	3	1	5	5	4	5	1	3	5	5	1	0	2	2	2	0	0	1	1	2
68	6	3	9	4	9	1	5	2	4	3	2	2	3	3	5	1	3	0	1	4	3	4	5	4	5	6	3	6	7	5	5	4	6	6	8	0	0	2	2	0	1	1	2	2	3	3	2	2	4	5	2	3	4	5	5	2	3	2	3	4	0	1	1	2	2	2	4	4	6	4	2	3	0	3	5
69	6	4	6	6	7	2	0	1	0	2	4	4	5	3	6	1	1	0	1	1	0	2	6	1	6	3	5	6	3	7	4	3	7	3	8	-1	2	1	1	0	0	2	1	0	2	2	2	5	1	5	2	3	6	2	3	3	4	5	3	6	2	3	3	1	2	0	3	0	0	3	2	2	4	2	3
70	1	5	3	3	4	6	7	10	5	7	2	6	2	5	6	5	5	2	5	5	9	7	9	6	9	7	8	8	7	9	5	5	6	5	5	6	6	8	6	6	6	6	9	7	9	5	6	4	4	6	2	4	2	4	5	4	7	9	5	7	2	4	0	3	5	4	5	6	5	5	3	5	5	6	6
71	1	1	0	4	1	-2	1	-3	1	0	0	2	0	2	2	4	3	4	5	5	2	1	3	4	2	0	0	2	2	3	2	3	1	2	3	1	3	0	1	1	2	3	4	2	2	1	2	5	4	3	5	4	5	3	5	1	2	1	1	1	2	1	5	4	4	1	3	1	2	4	2	1	4	4	4
72	-3	-2	-1	-1	0	-3	0	0	0	2	-4	-1	-2	0	0	0	-1	1	1	4	-3	-1	-2	1	0	-2	1	-2	0	0	-4	-1	-3	0	-2	0	0	0	0	3	-1	0	0	1	1	0	0	2	2	3	0	0	0	1	2	-3	0	-4	0	-2	0	0	0	0	0	0	0	-2	0	0	0	0	-1	3	0
73	2	3	5	3	3	1	2	1	4	4	3	2	6	4	8	3	4	7	3	5	0	0	-1	2	4	0	1	4	3	4	1	3	1	4	0	7	5	9	6	8	1	2	1	3	2	4	3	5	4	5	3	2	3	3	3	1	2	4	3	5	1	2	3	4	5	3	3	3	4	2	5	3	4	4	5
74	4	1	0	2	5	0	0	0	-1	2	0	0	0	1	1	0	0	0	1	2	0	1	2	1	1	3	2	4	3	2	3	2	4	3	5	0	1	1	0	2	1	1	4	3	3	0	0	-1	2	1	1	1	0	0	0	2	2	2	1	2	0	1	0	1	1	1	1	0	0	2	-1	1	-1	0	2
75	0	1	0	1	4	2	3	0	2	3	0	2	3	2	4	0	0	-4	1	2	1	2	2	5	3	0	1	-2	1	0	2	0	0	1	3	1	1	1	4	2	0	0	2	1	3	0	1	-1	1	0	0	1	0	3	2	1	2	1	3	2	0	3	2	2	3	0	0	-1	1	0	0	0	-3	0	1
76	3	2	1	2	4	5	2	4	1	5	3	2	4	3	2	4	2	5	4	7	6	4	8	5	10	6	4	4	5	8	3	2	6	3	5	5	3	5	4	8	5	3	7	4	6	4	2	2	4	5	5	3	5	4	7	5	2	3	3	7	5	4	5	2	6	2	4	3	2	6	5	3	5	6	7
77	0	3	3	1	3	1	1	3	4	3	2	2	2	2	2	2	3	3	6	3	1	2	4	4	3	1	0	3	4	1	1	2	1	4	2	0	1	1	0	2	0	1	1	2	2	4	3	4	6	3	0	2	2	2	1	2	3	2	3	3	2	2	0	2	2	2	2	4	2	1	3	3	4	4	3
78	0	0	-1	0	1	1	1	0	1	5	1	0	1	0	5	0	0	0	0	4	0	0	1	0	3	0	1	3	1	3	-1	0	0	0	0	-2	0	-1	0	2	1	2	1	0	2	-1	0	0	0	4	-1	0	0	0	6	-2	0	-2	-1	0	-1	0	0	0	1	0	1	3	2	6	2	2	2	1	4
79	1	3	4	2	7	-2	0	2	3	3	2	2	3	1	5	2	3	6	3	5	1	3	5	3	6	1	2	4	4	5	0	3	4	4	5	2	3	2	3	6	2	4	5	4	7	0	2	3	2	3	2	2	3	4	5	0	3	3	1	4	0	2	2	2	4	2	3	6	3	4	0	3	5	3	4
80	3	1	2	1	3	0	1	3	0	4	0	1	1	0	1	3	0	2	2	3	1	1	2	2	2	1	2	5	5	5	1	0	1	1	2	2	1	3	3	6	2	2	3	2	2	2	0	1	3	2	2	2	5	4	8	0	1	1	3	3	0	2	1	3	1	0	3	4	2	6	0	1	0	1	2
81	1	5	2	2	6	0	2	1	0	3	5	5	6	3	6	0	2	-2	0	0	0	3	-1	1	2	0	3	2	0	4	1	3	0	2	4	2	6	3	2	6	1	5	3	4	4	1	5	4	3	5	2	4	5	3	6	2	4	0	2	5	2	3	4	3	7	3	4	5	2	8	3	4	3	2	6
82	0	2	0	0	2	0	2	3	1	5	0	0	0	1	0	1	1	4	2	3	5	5	7	3	6	0	2	1	2	2	4	3	6	2	5	3	2	4	3	6	1	3	5	3	5	2	3	5	3	4	1	2	1	2	3	1	2	2	1	4	1	3	4	2	2	5	4	5	2	8	0	2	0	0	2
83	0	2	0	2	3	1	0	3	4	3	1	2	2	4	5	0	3	1	4	3	0	2	3	4	6	-2	0	0	0	2	2	2	2	3	3	1	1	1	5	5	-1	0	1	1	2	-3	0	-2	0	0	0	2	0	2	3	0	3	0	4	5	0	3	3	2	2	0	1	0	3	3	0	1	2	3	3
84	3	1	3	5	7	2	0	4	2	4	5	1	4	5	7	0	0	5	4	5	0	1	2	2	5	3	1	2	4	4	5	1	5	5	5	2	1	3	4	7	4	2	4	4	5	4	1	7	4	6	4	0	4	4	6	3	1	4	4	5	3	1	6	5	5	1	1	1	2	3	3	1	6	4	6
85	1	2	1	1	2	3	3	7	8	6	0	3	1	2	4	-2	1	-1	-1	-1	3	2	3	2	6	1	2	1	3	4	0	4	2	4	5	1	3	1	2	3	2	4	4	4	3	0	2	0	1	1	0	2	0	1	2	1	3	5	3	5	0	1	-1	2	1	0	2	0	0	3	2	4	3	2	5
86	0	1	4	1	2	4	3	7	3	6	1	2	3	3	5	0	1	1	1	2	0	0	2	1	3	5	2	5	5	7	0	1	1	1	1	3	1	4	2	5	3	1	7	1	5	0	1	2	0	1	4	3	4	4	6	2	0	2	-1	2	2	1	3	3	4	3	0	3	2	5	5	3	7	4	6
87	4	1	3	4	4	3	4	8	3	6	3	2	3	2	3	0	1	0	3	0	3	3	6	4	5	1	2	1	0	4	2	2	1	1	1	4	3	7	3	6	5	2	3	4	4	5	4	5	5	3	5	2	4	4	7	3	3	5	3	3	5	2	5	5	8	4	4	4	3	4	3	3	2	4	4
88	5	5	5	6	6	1	4	3	3	1	2	5	4	4	4	0	2	0	2	2	2	5	5	3	4	-1	2	0	1	1	0	4	4	4	5	-1	1	0	3	0	1	3	3	4	3	0	3	4	3	2	3	5	4	5	3	1	3	0	4	1	0	4	1	3	1	-1	3	0	0	0	3	3	4	4	4
89	3	3	5	4	4	1	0	3	3	1	2	1	7	4	5	1	3	1	2	2	1	0	3	1	2	3	1	4	3	2	2	1	3	2	3	0	0	0	1	1	0	0	0	0	0	3	2	2	1	2	3	2	5	3	4	-2	0	0	-1	-1	0	0	1	0	0	0	1	1	1	3	4	2	2	2	5
90	3	2	6	3	3	4	2	5	5	9	0	1	3	2	2	3	1	4	4	4	5	3	7	6	7	3	2	5	3	5	2	1	3	4	6	1	0	2	3	4	3	0	6	2	7	2	0	2	4	4	-1	-1	1	2	1	1	2	3	2	4	2	2	4	4	5	3	1	6	2	5	4	2	9	4	8
91	1	6	3	6	4	1	4	2	6	3	2	6	5	5	8	6	5	6	8	8	0	5	2	6	5	3	7	5	6	6	0	6	3	4	4	1	5	3	5	6	-1	3	0	2	1	0	5	2	5	1	-1	4	5	3	4	-2	5	1	5	2	0	4	0	3	3	-1	4	0	4	5	2	6	6	7	6
92	0	0	1	5	1	4	1	3	5	4	3	0	4	3	4	3	0	5	6	5	4	0	4	5	3	4	0	4	3	2	2	0	4	3	3	4	0	2	4	5	3	1	7	6	5	2	0	4	3	3	7	2	9	7	10	3	0	2	5	2	6	2	9	8	8	1	0	4	4	3	0	-1	1	2	1
93	0	2	1	0	2	1	2	1	2	5	3	4	5	4	9	3	3	7	4	9	4	3	5	3	5	3	3	5	3	6	2	3	2	2	4	0	2	1	3	6	0	3	2	1	2	2	3	1	2	4	2	3	2	2	4	2	2	3	2	5	4	3	4	2	6	4	4	3	3	7	5	4	7	4	7
94	-4	1	-3	0	0	1	4	0	3	4	2	3	0	2	4	0	3	0	1	3	-2	3	0	0	1	0	2	3	2	3	0	2	0	3	2	2	2	3	3	6	0	2	-1	1	2	6	4	8	5	7	0	1	0	1	2	1	3	0	2	4	-1	1	0	2	2	0	1	3	2	3	4	4	6	4	6
95	5	2	2	3	5	4	2	7	4	7	3	1	3	2	6	7	3	5	6	10	4	4	4	3	7	3	2	2	3	7	4	3	4	5	6	4	2	3	4	10	4	3	4	4	7	1	2	4	4	7	5	3	6	5	6	4	3	7	6	11	5	4	9	6	7	5	3	7	4	6	4	3	7	5	9
96	1	2	4	3	3	0	3	2	1	6	1	3	5	1	4	2	2	2	2	5	2	1	2	1	5	1	3	2	2	5	1	3	2	0	5	0	2	1	2	3	1	2	4	3	5	0	1	2	0	3	2	1	1	2	4	0	2	3	2	4	-1	1	0	1	2	0	3	4	5	6	-1	1	0	1	3
97	8	5	8	6	8	1	3	5	4	6	2	5	2	3	2	6	5	8	6	8	1	3	8	5	5	3	3	4	2	3	6	6	7	5	9	0	4	1	1	2	4	3	4	4	6	5	2	4	3	3	2	4	6	4	5	4	5	7	6	5	4	4	6	6	6	2	3	6	4	3	4	5	3	5	7
98	3	7	7	6	4	1	3	4	3	5	0	3	2	4	3	1	4	6	3	3	0	2	1	3	0	3	6	5	7	4	6	6	11	7	8	1	3	5	5	4	1	3	4	3	5	1	3	5	2	4	6	6	7	6	6	2	3	5	6	6	2	5	7	5	6	3	6	7	5	7	3	6	7	6	8
99	3	2	3	6	3	0	3	0	2	0	1	3	0	2	1	3	3	0	0	3	0	2	0	1	-2	1	0	-1	2	3	5	3	2	5	4	0	2	0	2	0	3	3	0	2	1	4	3	2	6	6	2	3	3	4	2	4	2	2	4	3	2	3	2	4	2	2	2	1	3	1	-1	0	-2	1	-1
100	1	0	-1	3	1	0	2	-1	0	0	1	0	3	1	0	6	2	8	5	7	3	1	0	2	2	0	0	1	1	2	4	1	3	4	2	3	1	3	2	4	2	0	1	2	2	2	2	1	2	1	1	1	2	2	1	1	1	1	2	2	2	2	1	2	2	1	1	2	2	5	0	0	0	1	2
101	2	2	2	3	4	1	3	0	1	2	2	4	4	5	7	0	1	2	2	2	3	3	0	3	5	4	3	4	3	6	2	2	2	4	7	2	2	1	3	4	3	2	5	2	5	-1	1	-3	0	0	2	2	0	2	3	1	3	0	3	5	4	3	3	2	4	2	3	5	3	5	3	3	4	2	7
102	1	2	0	4	3	2	4	3	6	3	2	4	4	3	4	2	3	4	4	4	0	3	0	3	2	1	3	2	3	2	1	3	1	3	2	3	3	4	5	4	0	2	2	3	1	3	5	4	5	4	8	5	8	7	8	5	3	6	7	5	4	4	7	5	4	2	3	2	4	3	1	3	3	5	5
103	0	0	0	4	3	0	-1	-2	0	0	0	0	2	2	4	2	1	0	2	0	2	1	1	3	4	0	0	2	2	3	3	0	5	6	4	3	2	6	4	5	2	1	4	5	3	2	1	2	3	4	2	0	3	3	3	2	2	0	4	2	3	2	5	5	4	4	3	3	6	5	-1	1	0	2	0
104	1	0	4	5	5	-1	0	0	0	2	-1	0	0	2	3	1	2	5	3	7	0	1	1	1	2	0	0	1	3	3	0	2	2	3	4	-1	0	1	2	3	1	0	1	1	3	1	1	3	3	4	-1	0	0	0	1	1	0	1	1	4	0	0	2	2	2	-1	-1	-2	0	2	1	0	0	4	3
105	0	1	0	2	0	1	3	2	5	3	0	0	0	1	1	0	0	0	0	0	2	1	0	3	2	2	1	0	4	1	1	2	1	2	1	1	2	0	3	2	-1	0	0	3	0	0	1	0	2	0	2	3	2	2	3	2	2	4	6	5	-1	0	0	0	0	1	1	0	3	0	1	1	1	3	2
106	1	1	0	1	2	3	2	4	4	4	2	2	0	2	3	2	2	4	3	7	5	3	5	4	8	2	2	2	3	6	3	2	7	2	8	-2	0	-2	2	2	0	0	0	0	2	2	2	6	3	4	1	2	0	2	3	0	1	3	2	5	3	3	6	3	6	1	2	1	2	4	0	1	3	2	5
107	0	1	1	1	1	-3	0	0	-1	0	0	0	0	0	0	0	1	2	2	3	1	1	4	3	5	-1	0	1	2	1	-3	0	1	0	0	1	2	5	4	6	2	2	1	2	4	1	0	4	2	4	2	1	4	3	4	1	1	4	1	3	-1	0	1	1	1	1	1	4	3	4	0	1	0	0	0
108	-2	0	2	0	0	0	1	3	1	0	0	0	1	0	1	0	0	2	0	0	-1	0	1	1	0	-2	0	-1	0	-2	-2	0	-2	0	0	-3	0	0	-1	-1	0	0	4	2	2	-2	0	0	0	0	-2	0	2	1	2	0	2	4	2	1	0	0	0	0	-1	1	1	1	1	0	0	0	0	0	0
109	2	0	5	4	5	0	2	3	4	3	1	0	0	4	3	3	1	5	5	5	0	1	4	4	3	0	1	1	0	3	1	0	4	3	2	3	2	7	5	6	0	0	0	1	2	0	0	3	2	1	3	1	6	4	6	0	0	0	2	3	3	3	9	5	8	0	0	1	3	1	0	0	0	2	2
110	2	3	5	5	5	5	3	3	5	5	6	5	10	10	8	3	4	3	5	5	2	4	5	6	4	0	2	1	2	4	5	2	6	4	6	-1	2	-1	2	0	1	3	7	5	4	4	4	5	5	8	1	3	4	5	5	2	3	5	4	5	1	3	3	6	3	2	5	4	4	5	0	3	5	4	3
111	-1	0	1	2	1	0	0	3	4	0	0	0	2	3	0	2	1	4	4	3	0	2	3	1	2	0	0	0	2	0	2	1	6	3	3	1	1	5	4	3	-1	0	0	0	0	2	0	3	2	0	0	1	0	1	0	1	2	3	1	0	0	2	3	3	4	0	1	1	2	1	2	0	3	2	3
112	1	4	4	2	4	3	5	6	3	6	2	4	7	4	6	1	3	2	2	1	2	3	4	3	7	0	2	1	2	3	3	4	6	5	8	0	3	6	2	3	2	5	5	4	5	1	4	3	4	3	2	3	5	2	4	2	3	7	3	7	1	2	2	3	2	0	2	0	1	5	1	3	3	4	4
113	2	2	3	1	1	0	3	-1	0	1	0	2	1	0	0	3	3	3	2	3	0	3	0	1	-1	2	4	2	1	3	2	2	0	0	0	1	3	-1	0	0	0	1	-1	0	0	1	3	1	0	0	0	2	-1	0	-1	1	3	1	0	0	4	4	2	3	2	2	2	2	0	3	2	4	4	2	6
114	-2	0	0	0	-1	1	0	3	2	2	5	1	2	4	5	4	2	4	4	3	2	2	1	2	3	4	2	6	6	5	7	2	5	5	4	1	0	0	2	1	1	0	3	2	2	0	0	0	3	1	1	0	-1	2	2	3	1	1	4	4	2	2	2	2	3	0	0	0	4	1	2	1	3	1	5
115	0	3	1	3	3	3	4	5	5	6	2	4	1	5	4	3	4	2	4	4	0	4	1	4	3	1	4	3	6	1	5	2	3	6	6	2	2	5	4	1	3	3	2	4	5	2	2	1	5	2	4	2	4	3	2	2	3	4	3	3	2	3	2	5	4	5	4	3	4	2	2	4	0	3	3
116	3	4	1	4	7	4	4	3	4	8	0	4	4	1	4	1	3	3	3	5	1	4	4	6	5	1	3	2	0	5	0	3	3	4	6	0	3	3	4	7	-1	1	-1	0	4	2	3	0	3	4	0	2	3	1	2	1	1	0	0	4	0	3	5	3	4	1	3	3	3	4	2	5	6	4	8
117	-2	0	0	1	3	4	3	2	3	5	1	2	1	2	3	1	2	4	4	4	1	2	0	1	2	4	2	3	4	4	4	3	4	3	8	2	3	5	3	4	0	1	3	0	2	4	5	4	6	6	1	2	3	3	6	0	2	4	4	5	1	3	3	2	5	0	2	3	2	4	1	1	3	2	5
118	-1	0	0	1	2	1	1	6	4	3	1	1	4	2	1	1	0	1	3	1	1	2	2	4	0	-2	1	-1	1	0	3	2	6	5	2	0	1	2	4	2	0	0	4	3	0	0	2	0	1	0	0	0	1	0	0	0	0	2	1	2	0	3	6	2	2	1	3	2	3	3	0	3	4	3	3
119	0	3	2	2	2	0	1	-1	0	1	3	3	2	4	5	-1	3	1	0	0	0	3	2	1	2	1	3	4	3	4	-1	1	-2	1	2	-1	2	1	0	0	0	2	3	2	3	1	5	7	4	8	-1	3	1	1	2	0	2	3	2	0	0	2	0	1	2	0	5	4	2	7	0	3	0	0	4
120	0	-1	-1	0	0	0	-2	0	0	1	0	-1	3	2	1	0	0	-1	0	0	2	0	2	1	2	2	0	3	2	1	3	1	2	2	3	0	-1	0	2	2	3	0	4	3	4	-3	-2	-2	-1	-2	4	0	3	3	3	1	0	2	2	2	1	0	1	2	0	1	0	1	3	2	0	0	-1	0	0
121	0	1	1	2	3	3	1	2	2	2	-1	0	0	2	2	2	2	1	3	3	0	0	2	4	4	0	1	1	3	5	-1	0	0	3	4	1	2	4	5	4	-1	0	-1	0	2	0	0	0	3	1	0	0	1	2	4	3	3	5	2	7	0	3	3	2	5	2	2	5	5	6	0	1	0	4	4
122	1	0	5	1	1	3	1	3	1	2	3	0	4	0	5	3	0	5	3	6	-1	0	1	2	1	2	-1	4	1	2	2	1	3	1	4	0	1	3	1	4	0	0	3	0	4	3	0	3	1	2	1	0	0	0	2	0	0	3	1	3	2	1	4	2	3	0	0	-1	0	0	0	0	4	2	4
123	3	4	4	3	5	1	3	1	2	4	3	4	1	6	3	0	1	2	1	2	2	3	4	4	2	1	4	1	4	4	1	3	0	4	3	1	2	1	2	0	0	2	3	3	3	0	3	2	1	1	0	3	0	3	4	2	4	5	5	6	2	2	1	2	3	3	4	4	4	2	0	3	2	4	4
124	2	2	4	4	2	0	2	4	5	4	-1	2	5	4	2	1	2	1	3	1	0	1	0	4	0	0	0	1	2	1	0	1	2	3	2	0	1	2	3	5	4	2	6	5	6	0	1	2	3	1	-2	0	0	1	0	0	1	0	3	0	0	2	1	3	1	3	2	5	5	5	1	3	3	2	4
125	5	4	9	7	9	2	4	4	5	6	1	3	1	3	4	2	4	7	6	7	1	2	4	5	7	4	4	4	6	7	3	4	6	5	6	3	4	6	4	4	2	3	4	4	6	6	4	9	8	9	7	5	9	7	8	4	3	2	6	6	2	3	5	6	7	5	4	8	7	7	4	4	6	8	8
126	0	4	0	3	2	3	5	3	6	4	0	5	0	2	3	2	4	2	6	3	2	5	1	4	4	0	3	-2	2	0	0	5	1	2	2	0	3	-3	0	0	-2	4	0	2	0	0	4	2	3	3	3	5	3	4	2	3	5	4	5	6	1	4	1	6	2	0	3	0	2	2	0	4	0	3	1
127	2	2	3	4	6	3	3	5	4	5	3	3	6	5	7	1	3	5	4	5	1	2	5	3	5	3	3	6	5	8	-1	1	-1	0	2	3	2	5	4	5	3	2	3	3	7	2	2	0	2	3	2	3	4	6	5	2	0	2	4	3	2	2	3	4	5	1	1	2	4	6	1	2	2	3	3
128	0	0	0	0	2	1	1	2	3	2	1	1	3	2	5	0	1	3	1	4	-2	2	2	2	0	-1	1	3	0	3	2	0	3	0	2	4	1	6	3	6	2	1	5	4	7	0	3	3	2	5	4	4	5	5	6	1	2	6	4	6	3	3	5	4	5	0	2	2	4	1	2	2	5	5	6
129	0	0	0	2	3	-1	0	4	3	4	0	1	0	4	3	0	1	2	3	3	-2	2	1	2	2	1	2	4	2	6	0	1	1	3	2	0	1	0	1	3	-1	1	1	0	1	0	0	-2	1	2	0	3	2	3	3	0	1	0	1	3	-1	1	0	1	2	1	1	5	3	3	-3	1	-1	0	-1
130	4	0	5	5	5	6	1	4	4	5	4	1	2	3	4	6	0	4	4	7	4	1	2	4	2	1	0	2	3	0	4	0	3	4	4	1	0	2	2	1	4	0	5	5	6	0	0	1	1	0	5	1	3	5	6	3	0	5	5	2	0	-1	0	0	0	4	0	2	5	1	0	0	0	4	2
131	4	4	5	5	7	0	3	0	2	0	3	4	3	3	4	1	3	2	4	3	4	4	2	6	8	2	4	3	2	3	4	5	7	6	7	3	4	3	4	2	5	4	1	5	5	5	4	4	8	8	2	3	3	5	5	5	5	6	6	9	5	3	4	4	9	4	5	4	6	7	0	3	0	3	3
132	0	1	0	2	6	0	2	0	2	2	2	2	6	4	5	2	3	6	5	5	0	2	3	1	3	1	0	2	3	5	-2	2	0	1	1	1	3	4	6	3	3	4	6	7	4	-1	3	1	1	2	-3	1	0	0	3	3	5	4	4	8	2	4	6	5	5	0	3	3	3	4	3	2	1	3	6
133	0	2	0	3	1	1	2	4	1	2	2	2	1	2	1	3	4	5	4	5	2	2	1	1	3	-2	0	-3	-1	-1	2	2	4	4	4	0	3	0	0	1	2	3	7	3	4	0	0	-2	1	0	0	1	1	1	3	2	2	3	4	4	1	3	1	4	4	0	1	-1	0	0	0	1	0	1	0
134	0	0	2	2	1	1	2	5	6	5	2	1	1	3	3	5	3	4	6	4	2	1	3	3	3	1	0	0	3	3	4	1	5	5	3	0	-1	2	3	2	2	0	8	5	6	3	0	3	5	4	2	0	4	5	4	1	1	5	5	3	0	2	2	4	3	1	0	1	4	3	0	1	2	3	2
135	-1	0	0	-1	0	0	1	0	0	4	1	0	3	-1	1	0	-1	0	0	1	-2	0	-2	-1	-1	-1	0	0	-1	2	-4	-1	-3	-2	2	-3	-1	-1	0	0	0	0	3	1	7	-2	-2	0	-3	0	-3	0	-1	-2	1	-2	-1	-1	-2	1	-1	-1	0	0	0	-1	-2	-3	-2	0	0	0	2	-1	2
136	0	0	2	3	4	4	3	6	4	8	1	3	2	5	6	3	4	5	4	7	-1	0	0	4	5	0	4	4	4	6	3	4	7	4	5	2	3	2	5	7	2	3	4	5	7	0	1	3	4	6	1	2	2	3	8	3	2	3	3	5	2	2	4	4	6	2	4	5	5	6	3	3	5	5	8
137	3	0	3	3	4	0	1	3	1	4	0	0	0	1	2	0	0	1	1	4	-1	0	0	1	2	0	0	2	1	3	-1	0	3	1	4	-2	-1	-2	-1	0	3	1	4	4	5	-1	0	-1	-1	0	-3	-1	-4	-1	-2	0	0	0	3	4	0	-1	1	1	5	0	0	0	2	3	0	0	0	2	4
138	4	3	2	1	2	3	6	5	3	5	6	4	9	6	6	0	3	4	2	4	6	3	4	4	5	2	4	4	4	3	2	4	4	3	4	4	5	6	4	7	4	5	6	3	6	5	5	8	7	7	2	4	6	2	2	6	5	7	4	6	2	5	1	2	3	3	3	3	4	3	2	4	5	3	2
139	4	6	5	8	7	4	6	7	7	8	6	6	3	6	9	5	7	7	7	7	3	6	2	5	4	5	6	5	5	7	6	4	8	5	8	6	6	7	6	11	6	6	7	6	7	5	6	7	7	8	7	6	5	6	7	4	6	4	5	8	5	6	7	4	7	3	5	4	7	8	6	6	5	6	6
140	0	0	1	0	0	-1	0	1	-2	1	0	1	0	1	1	-2	0	-3	-2	-1	0	1	0	-1	2	0	1	3	1	3	1	0	0	0	1	2	3	2	1	4	-2	1	2	0	2	1	1	2	0	2	0	1	1	0	5	1	1	2	1	1	1	1	1	0	2	-2	2	0	1	2	1	0	2	0	4
141	2	2	5	6	4	2	3	5	6	3	3	3	3	4	6	3	2	5	5	3	2	3	2	5	4	2	3	1	3	3	2	4	3	5	5	1	2	4	5	3	2	1	1	4	4	0	2	1	3	3	4	2	2	5	4	2	1	4	4	6	1	1	3	4	1	-1	1	1	3	0	2	1	3	5	5
142	0	0	1	0	3	2	3	5	3	6	1	0	0	1	1	0	0	0	0	1	2	2	0	2	4	3	1	6	3	5	3	1	3	1	2	2	2	3	1	5	1	1	2	0	6	-1	1	0	0	3	2	0	3	1	3	0	0	0	0	3	1	1	2	1	2	3	2	3	2	3	0	2	3	1	4
143	0	0	0	-1	-1	-2	0	0	0	-1	0	0	0	-1	-1	-2	0	-3	-2	-1	0	0	1	0	3	0	2	2	0	2	4	0	3	1	5	-2	0	1	-1	-1	0	2	2	0	0	2	1	1	0	2	1	0	0	0	0	-1	1	0	0	1	1	1	3	1	4	0	0	2	-1	0	1	2	0	2	3
144	-1	0	1	0	0	1	0	1	0	1	1	0	1	0	2	0	1	2	0	0	0	0	0	1	1	0	0	0	1	0	1	0	1	2	0	1	1	3	2	4	0	0	0	0	0	0	0	0	1	1	0	0	1	0	1	2	1	5	3	4	3	2	6	3	4	0	1	3	1	1	0	0	0	0	0
145	0	1	3	4	5	0	1	1	0	1	-1	0	2	2	4	0	1	4	3	4	0	1	1	3	2	-1	1	0	1	0	0	0	2	3	0	-1	0	0	0	1	2	3	5	4	7	0	0	0	2	2	1	0	3	4	3	0	2	1	1	3	0	2	1	3	4	1	1	1	2	3	0	0	-1	2	2
146	2	0	2	1	4	1	1	1	1	2	3	1	3	3	5	0	0	1	2	4	2	1	2	1	3	1	1	0	1	4	5	1	4	3	4	1	1	4	4	2	0	0	0	0	0	1	2	3	2	2	1	1	0	1	5	3	2	2	4	3	0	0	0	1	2	-1	0	0	0	1	2	2	2	2	3
147	1	1	2	2	4	0	0	1	2	2	0	1	3	1	5	1	0	1	4	2	-1	0	0	0	0	0	0	0	2	3	0	0	-2	0	1	2	1	3	4	1	1	1	0	2	3	-1	0	0	0	3	0	0	1	3	3	0	0	-1	2	2	2	1	0	3	3	-5	0	-5	-1	-2	-1	0	-3	0	1
148	2	3	4	3	4	3	4	3	4	2	-1	1	-1	0	0	1	3	4	3	3	6	5	6	6	6	2	4	1	2	1	2	4	5	4	3	3	2	2	4	3	1	4	2	4	2	2	3	1	3	4	1	4	2	4	3	2	3	3	4	4	-1	2	-1	1	0	3	4	3	4	5	4	3	4	5	3
149	6	3	9	4	6	6	4	10	6	10	7	3	5	3	5	4	4	8	5	7	3	2	5	4	5	3	3	7	3	6	3	3	2	3	5	8	5	11	7	10	3	3	5	4	8	5	4	9	6	5	6	5	6	7	6	3	1	3	1	4	5	3	5	3	6	2	2	5	3	2	4	4	5	4	8
150	1	1	-1	0	2	0	1	0	1	3	2	0	2	2	4	0	1	2	1	1	2	1	0	1	0	0	0	0	1	0	1	1	2	1	1	1	2	0	0	2	2	2	0	3	4	0	0	0	2	3	-1	2	-1	1	2	4	3	4	4	6	-1	1	-2	1	2	-1	1	1	2	3	1	1	1	1	3
151	1	3	1	4	5	0	2	2	4	5	0	2	-1	4	4	0	3	0	3	0	0	2	1	4	4	4	2	4	6	7	1	1	3	4	4	6	5	7	6	8	1	2	0	2	4	4	3	3	7	4	1	2	1	6	4	1	2	2	5	7	2	3	4	3	4	2	3	5	6	5	0	2	3	2	5
152	5	2	8	6	5	4	3	6	5	3	3	1	4	6	3	2	3	2	5	5	0	1	0	4	1	1	2	3	4	2	1	2	3	5	5	1	3	5	6	4	6	3	8	6	3	2	3	1	4	1	1	1	3	5	4	5	5	5	6	6	0	1	1	3	3	3	2	4	6	6	3	0	5	6	5
153	2	1	4	3	2	0	2	2	3	4	2	3	3	4	4	7	4	8	6	10	3	3	4	4	4	2	2	4	3	3	3	4	5	3	6	-1	1	0	2	2	3	4	5	5	4	5	4	5	4	5	2	3	3	4	4	4	3	1	4	4	1	2	5	3	4	2	4	8	4	4	0	3	2	2	2
154	0	1	2	3	2	0	3	4	4	3	3	2	4	5	5	-1	0	0	2	2	-2	0	-2	2	1	0	1	2	4	2	0	1	2	3	3	0	2	4	5	4	-2	0	1	4	2	-2	2	1	3	4	1	2	7	5	5	-1	1	2	2	1	1	2	2	4	3	0	2	3	4	3	-2	0	1	2	3
155	3	5	4	5	6	1	3	0	1	2	0	3	3	1	2	4	4	5	3	6	0	1	-1	3	0	2	4	4	6	3	1	2	2	3	3	2	4	4	2	2	2	4	3	4	5	2	2	1	4	1	1	4	0	2	4	3	3	4	5	5	3	4	3	3	8	0	3	-1	3	1	0	2	1	3	0
156	0	0	0	2	2	0	2	0	2	3	2	2	4	2	2	5	3	4	5	5	1	2	0	3	5	0	2	0	3	2	0	2	1	2	3	0	1	-1	1	2	1	2	0	2	2	-1	2	0	3	3	1	3	1	3	4	-4	0	-3	0	0	-1	1	0	1	0	2	2	4	4	5	1	2	1	3	6
157	3	2	4	3	6	2	2	2	0	2	4	4	5	3	5	2	3	1	2	4	3	3	4	2	5	2	2	1	1	3	5	3	3	4	4	0	3	1	2	4	5	3	6	2	5	3	3	2	1	2	7	4	9	5	10	3	3	2	2	4	3	2	5	1	6	2	2	0	2	3	4	2	3	2	6
158	0	1	3	2	4	4	2	2	1	3	3	3	2	4	3	0	1	2	0	3	2	3	4	3	5	1	2	0	1	2	2	2	4	2	4	3	2	4	3	4	0	1	1	0	0	2	1	0	1	2	1	3	2	1	1	-1	0	-1	0	0	1	2	3	3	2	4	2	5	2	6	0	1	0	0	1
159	1	3	3	3	4	3	2	5	4	3	3	2	3	3	4	2	2	6	3	6	6	2	2	4	6	3	3	5	2	4	6	3	7	7	8	4	1	3	3	4	3	1	0	2	2	0	1	2	2	2	3	1	6	3	5	0	1	3	3	5	4	3	7	6	7	3	2	4	2	4	3	1	5	3	8
160	-1	0	-1	1	2	0	0	1	2	4	1	1	-1	3	4	-1	0	1	1	1	0	0	0	1	1	0	0	0	2	1	0	1	4	4	3	2	2	2	4	5	2	2	0	3	5	2	1	4	5	7	1	2	0	3	1	4	1	2	4	6	1	2	2	4	2	3	2	4	4	5	0	0	-1	0	1
161	2	3	3	3	5	5	4	7	4	7	5	6	7	6	9	4	4	6	3	5	3	4	4	4	5	5	5	7	5	7	5	2	7	3	5	3	3	4	5	5	3	4	5	4	4	6	4	7	5	9	1	4	4	6	3	3	4	1	4	4	4	5	4	4	5	0	2	2	2	2	5	4	6	7	8
162	0	1	0	2	1	1	0	0	1	0	1	2	3	2	0	4	3	5	6	5	1	1	1	1	2	0	0	0	2	-1	1	1	1	2	1	3	1	4	4	3	2	1	1	1	1	2	2	2	4	2	4	0	5	3	3	-1	0	-2	0	-1	4	0	2	2	3	2	1	0	2	0	0	0	0	1	2
163	4	3	4	5	6	1	0	0	0	2	4	1	2	1	3	0	0	0	-1	2	2	0	3	0	4	0	1	0	2	4	3	1	0	0	4	3	2	1	1	3	0	0	-2	0	0	5	1	6	1	5	5	2	6	2	5	0	1	0	1	2	0	2	3	1	3	3	3	5	3	6	-1	0	0	0	3
164	3	5	6	7	6	6	7	11	9	10	4	5	6	5	5	7	6	6	7	9	5	7	6	7	9	5	4	5	5	8	5	5	8	7	8	6	5	3	6	8	5	5	7	8	9	6	4	6	6	8	3	3	3	3	4	5	7	9	7	9	8	5	8	7	12	7	5	7	7	9	4	6	5	5	8
165	0	1	2	2	2	-1	0	0	2	0	-1	0	0	2	0	1	2	3	3	2	-3	0	-3	1	-1	0	0	2	3	5	0	2	0	0	2	-2	0	0	1	0	0	1	0	2	2	0	1	3	2	1	0	1	4	4	2	0	3	5	6	5	0	2	5	4	4	0	1	3	5	3	1	2	5	4	4
166	4	3	3	2	5	0	0	3	2	3	0	1	3	3	3	0	0	2	3	1	1	0	2	3	2	0	0	1	3	4	1	1	0	3	2	4	1	7	5	6	4	1	4	5	5	2	0	5	2	6	1	1	3	2	4	4	0	5	3	7	4	0	5	3	4	1	0	2	1	1	0	0	-1	1	3
167	0	3	3	1	3	2	3	6	5	2	1	4	5	4	5	5	5	8	4	7	3	4	6	4	5	3	4	3	5	3	3	4	7	3	4	2	2	5	4	6	0	2	3	1	2	2	2	2	3	6	0	3	3	2	1	0	2	1	2	4	1	2	1	2	3	3	3	4	5	5	0	2	4	3	5
168	3	3	3	3	3	2	3	8	5	7	0	3	0	3	2	0	1	2	2	1	3	3	4	4	8	2	1	2	3	2	1	2	1	1	3	0	0	0	2	2	1	2	2	3	3	1	1	3	2	2	3	3	4	1	6	1	2	3	0	4	3	3	6	4	7	2	2	4	3	3	3	2	4	3	6
169	4	0	5	4	5	4	1	7	4	5	2	1	3	3	3	1	0	4	2	3	1	0	3	4	4	0	0	1	3	2	1	0	2	2	1	1	0	3	4	6	-1	0	2	1	4	4	2	3	5	3	5	2	4	5	6	1	1	3	3	2	3	1	4	4	4	0	0	1	3	1	4	1	6	5	7
170	2	4	4	2	3	6	6	6	3	4	3	5	4	2	3	7	5	9	6	5	4	4	5	4	2	5	3	4	2	1	5	5	6	4	5	5	4	5	4	4	2	3	4	3	1	4	4	6	3	3	4	5	6	5	4	5	5	3	4	5	3	3	2	3	0	3	5	4	3	2	2	5	6	5	5
171	2	3	4	3	6	2	1	3	2	3	0	1	2	2	1	2	4	4	4	6	2	3	4	3	5	3	2	4	4	5	0	0	0	1	0	1	1	0	4	2	2	3	3	4	3	0	1	-1	1	1	4	3	9	5	9	2	2	-2	3	2	0	2	0	3	5	-1	1	-1	1	2	4	3	6	5	6
172	4	4	2	3	5	0	4	2	1	1	2	3	2	1	3	0	2	1	0	1	0	3	0	0	0	-1	2	3	0	2	1	3	1	1	2	4	6	3	1	4	3	4	5	2	4	2	3	3	1	3	1	4	3	0	3	2	5	5	2	6	1	3	2	1	3	1	4	3	1	3	1	2	1	1	0
173	2	2	3	4	5	3	3	5	3	4	0	0	2	1	3	1	0	2	2	5	0	0	0	0	1	3	1	4	3	4	3	1	5	3	5	3	0	4	2	3	3	1	6	5	5	2	1	3	2	2	3	1	3	4	4	2	0	0	0	1	1	0	-1	0	0	6	3	8	6	6	1	1	2	5	4
174	5	6	5	5	6	5	4	6	5	7	5	3	5	3	6	4	4	8	6	8	6	4	8	5	9	1	2	4	2	4	2	4	0	3	5	3	4	5	3	6	5	4	5	4	7	1	3	0	2	3	3	4	3	6	6	4	4	4	4	4	4	3	4	2	5	1	2	3	2	4	4	4	8	5	9
175	0	1	1	0	4	0	1	2	1	1	3	2	6	1	4	0	0	0	0	0	-2	0	0	1	-3	1	1	0	0	1	0	2	0	0	0	0	1	0	1	4	-1	2	2	1	1	-2	0	1	0	1	0	1	3	0	1	1	3	3	2	2	0	0	2	0	0	2	3	2	4	4	2	1	3	2	2
176	1	3	4	3	6	0	1	2	0	3	0	2	1	1	2	-1	1	0	0	2	0	2	0	0	2	-3	2	1	1	0	0	2	3	2	5	-3	1	0	0	0	1	3	2	3	4	-2	1	0	1	2	-2	0	0	0	0	2	2	5	3	4	0	1	0	1	3	0	2	0	2	2	0	0	2	2	4
177	3	3	5	3	4	2	3	7	4	6	1	2	2	1	4	3	3	5	4	3	-1	0	-1	1	0	0	1	5	5	4	2	2	6	2	5	3	0	4	1	2	1	3	4	3	3	0	1	3	3	0	0	2	3	2	2	1	4	6	4	5	0	1	4	1	2	2	3	8	3	6	2	2	3	3	5
178	1	1	2	1	2	4	3	6	7	6	0	3	4	3	2	3	4	6	5	7	-1	1	2	3	3	2	2	3	4	4	1	2	2	2	4	4	3	6	6	6	3	4	5	6	6	3	3	3	4	3	2	1	1	3	2	1	4	4	5	4	2	3	4	5	7	0	1	0	2	1	2	3	6	4	5
179	4	2	6	7	6	3	1	2	4	6	6	2	10	7	9	3	2	4	6	5	2	1	4	2	4	3	1	6	5	6	2	1	3	4	5	1	1	3	3	4	-1	-1	-2	0	0	2	0	2	4	4	0	0	4	5	6	3	1	4	5	3	1	0	5	5	5	2	2	4	5	5	3	2	6	6	6
180	0	0	3	4	3	0	0	2	1	2	-1	0	3	4	1	0	1	2	4	3	-3	1	1	3	4	-1	-1	0	0	1	3	1	5	4	5	1	2	5	3	6	0	0	0	2	4	0	1	1	3	4	0	2	0	2	2	0	0	2	2	4	2	1	4	3	4	1	1	2	3	2	1	0	0	2	2
181	-1	0	0	2	3	1	1	3	3	1	0	2	0	1	2	-1	0	-2	3	2	3	2	3	6	3	1	2	1	2	2	0	1	2	1	2	-1	1	1	0	0	3	1	2	4	3	1	1	0	1	0	0	2	0	1	3	2	2	2	2	5	0	2	0	3	0	2	2	3	4	6	0	0	-1	2	0
182	2	1	1	1	5	4	3	5	5	5	6	4	7	4	6	4	3	3	4	3	1	1	4	2	5	7	4	9	5	7	2	2	4	4	5	0	3	2	6	4	4	2	2	3	3	3	2	7	3	4	3	1	2	4	3	5	3	5	6	6	6	4	4	4	5	3	2	7	4	6	6	4	8	4	8
183	1	3	4	4	6	4	3	5	4	4	0	2	2	3	3	3	3	3	3	5	0	1	1	1	0	0	2	2	2	4	3	3	4	4	7	4	2	6	6	6	0	1	3	3	3	1	1	4	3	4	0	1	0	2	1	1	0	0	1	0	0	3	2	2	3	0	1	2	1	2	0	2	2	4	4
184	-1	0	0	1	1	-1	0	0	2	1	2	2	1	5	2	2	1	3	6	4	0	1	0	2	3	3	1	4	5	5	0	1	4	3	4	1	2	5	3	4	1	1	3	1	1	1	1	4	3	2	0	2	4	3	1	1	1	2	2	2	0	2	5	3	2	-1	1	0	1	3	-3	0	1	0	-1
185	1	3	1	3	4	1	4	2	4	5	-1	1	-1	1	-2	-2	1	-2	1	2	0	3	1	2	3	2	2	0	3	4	2	3	2	5	4	0	2	3	3	4	0	3	1	2	4	1	3	2	3	3	1	3	2	6	3	3	2	4	4	5	-2	1	2	2	1	0	3	0	1	4	3	3	5	3	6
186	-2	2	-1	0	-1	-1	1	-1	-2	0	2	1	3	1	3	2	3	2	2	3	-1	2	4	1	2	4	4	5	2	1	1	5	6	1	2	3	2	3	2	3	2	3	3	1	1	0	2	2	3	0	1	3	3	1	2	0	2	0	-1	-2	-1	2	2	1	1	2	3	2	1	3	0	2	4	1	0
187	3	2	2	1	2	5	3	6	5	6	5	2	4	5	6	1	2	1	3	2	5	3	4	3	6	2	2	1	4	4	3	2	3	4	5	2	3	3	2	3	1	1	5	3	4	5	4	5	4	8	4	2	7	6	8	3	3	3	4	6	5	3	8	4	7	3	3	5	4	4	4	3	5	4	5
188	5	3	3	6	4	1	2	1	4	1	1	3	2	4	3	5	4	4	7	4	2	2	1	4	3	3	3	2	5	4	1	2	2	5	3	1	0	0	3	0	4	3	5	4	5	2	3	1	5	3	0	2	2	4	2	5	3	6	6	5	0	1	-3	1	0	2	1	-1	4	3	2	1	0	2	2
189	3	5	1	4	3	2	5	4	4	4	5	5	9	5	4	0	2	0	1	0	2	5	4	5	6	1	3	4	3	1	4	4	6	5	3	2	3	3	3	2	3	5	4	2	6	2	3	2	2	4	3	4	0	4	3	2	4	3	2	0	1	3	1	2	1	1	5	3	4	2	4	4	3	3	2
190	0	0	3	3	1	0	0	2	2	2	0	0	4	3	6	-2	0	-1	3	1	0	0	4	4	4	1	1	3	3	5	1	0	3	4	3	-1	0	2	2	2	-1	0	3	2	3	-1	0	0	0	0	-2	0	0	2	0	0	1	1	3	3	0	0	3	3	2	-2	-1	0	1	0	1	0	2	4	4
191	1	3	5	4	5	0	1	-1	3	3	5	3	7	6	7	4	2	5	3	8	0	1	1	2	3	2	1	2	2	4	3	3	4	3	6	2	1	2	3	4	0	0	2	1	3	2	2	2	2	5	6	4	8	5	11	3	2	6	3	7	3	2	5	3	6	0	1	5	3	3	1	1	3	2	4
192	1	2	1	1	0	1	4	2	1	6	1	3	3	1	5	6	5	4	5	6	2	3	1	3	3	2	4	2	1	4	1	2	1	2	3	4	3	0	2	6	1	3	2	1	3	2	2	-1	1	3	1	3	0	2	6	1	3	-2	1	3	0	4	0	2	4	3	3	2	2	6	3	4	3	4	5
193	3	4	5	4	5	3	5	1	3	1	3	4	3	3	3	1	4	2	3	2	5	3	4	3	5	6	5	4	6	5	0	3	0	2	3	5	5	4	5	4	2	4	0	1	2	3	4	1	4	4	1	4	1	3	0	4	3	1	2	3	6	5	7	4	6	1	5	2	3	3	0	3	-2	2	1
194	2	3	4	4	5	1	1	0	1	1	0	1	0	2	0	-1	1	1	0	1	0	1	0	1	0	-1	0	0	1	2	1	2	4	2	3	0	1	3	2	3	3	2	3	3	3	0	0	2	3	3	0	0	0	2	0	1	1	3	3	4	-2	1	0	1	0	0	1	-1	4	0	-1	2	2	1	4
195	-1	0	0	1	0	1	0	2	0	1	-1	0	2	1	1	-1	0	3	2	1	-1	0	0	2	2	-2	0	0	1	-1	-2	1	0	3	2	-1	0	0	2	0	1	2	1	3	0	2	1	6	4	5	0	0	0	1	1	0	0	0	3	3	0	0	2	2	2	0	1	2	3	4	-4	-1	0	1	1
196	5	4	3	6	5	6	3	7	6	6	6	3	7	6	7	3	3	1	5	3	3	2	4	5	6	4	3	5	5	4	7	6	9	8	9	9	6	10	8	10	6	5	5	8	8	4	3	2	4	4	6	5	5	8	7	4	4	7	6	5	5	6	7	6	6	7	4	7	7	8	7	5	8	8	9
197	2	3	4	2	3	1	1	3	2	1	2	3	6	5	5	5	4	5	5	5	3	4	5	5	5	4	3	4	6	3	1	3	2	4	3	0	2	2	2	1	4	2	5	4	2	0	0	0	1	0	5	2	6	5	5	3	3	3	4	4	3	3	7	4	4	2	2	5	2	1	-1	0	0	0	-1
198	0	1	1	0	1	2	2	3	1	3	-1	1	0	0	2	2	3	2	2	4	-1	1	-3	1	0	0	2	1	1	2	-1	1	0	0	0	0	1	1	1	3	1	3	0	1	4	2	4	4	2	4	0	1	1	1	2	0	2	2	1	2	4	4	2	2	3	0	2	0	0	1	2	2	0	1	4
199	2	0	0	1	1	1	2	5	3	2	-1	0	0	2	0	2	1	0	4	2	4	1	2	5	5	2	1	4	3	4	1	1	1	4	2	-1	0	-1	1	-1	4	1	6	4	4	0	0	2	2	2	1	3	2	2	5	0	-1	0	3	0	-1	0	3	2	1	2	2	5	4	5	2	0	2	3	4
200	1	1	0	2	2	1	1	3	3	2	-1	0	-3	1	0	0	0	3	2	4	0	2	2	4	2	2	3	4	3	4	0	0	0	2	2	0	2	2	2	0	0	2	1	2	2	2	4	9	8	7	0	4	3	5	5	-1	0	-3	0	0	0	1	1	2	1	0	2	2	2	2	0	2	2	2	2
201	2	3	4	7	3	5	5	6	9	7	2	5	5	6	5	4	4	7	8	5	5	5	7	8	6	2	4	5	7	4	3	5	5	7	4	5	6	8	8	8	4	4	7	6	7	2	4	3	8	3	6	5	5	8	6	3	4	3	8	3	3	5	4	8	5	2	5	6	8	3	5	5	7	8	6
202	4	4	6	5	8	1	1	2	4	4	1	2	4	2	4	1	3	3	3	3	3	3	4	5	4	5	4	8	5	8	1	3	5	4	6	2	2	3	3	5	4	2	4	3	3	1	2	1	2	3	4	4	7	5	7	0	3	0	3	6	1	1	3	2	4	3	3	6	4	5	2	1	3	4	6
203	1	2	2	2	2	1	3	0	3	1	4	4	3	3	5	0	2	0	2	0	1	3	1	3	2	0	3	0	4	3	1	1	-2	1	2	0	2	-3	4	1	1	1	0	2	1	0	4	0	0	2	1	3	1	2	4	1	1	0	2	0	5	5	2	5	5	0	3	0	2	3	-1	2	-2	3	2
204	3	2	2	5	3	2	2	4	3	3	5	4	8	7	8	0	2	3	4	3	4	4	5	4	4	4	2	6	4	5	3	2	6	4	4	1	1	2	4	4	1	3	6	4	6	0	0	3	3	1	2	1	1	5	3	2	0	5	3	3	1	1	3	3	4	5	2	6	6	5	2	3	3	3	3
205	0	1	4	2	2	0	3	1	2	2	2	3	7	4	6	2	4	6	4	4	0	2	3	2	1	1	2	4	5	4	0	2	0	2	0	0	3	2	2	2	-1	2	2	4	2	-2	2	1	3	0	2	3	4	4	1	0	2	1	5	2	0	2	2	4	2	1	3	5	5	6	4	3	5	4	5
206	-2	1	-1	0	1	1	3	1	0	4	0	4	1	2	4	3	2	5	3	5	1	3	0	3	3	1	4	1	2	4	4	4	5	3	6	1	3	1	2	4	5	4	4	3	6	-1	1	-1	0	0	6	4	4	4	4	0	1	-3	-1	-1	3	4	2	3	4	4	4	3	3	7	1	3	1	1	2
207	1	1	0	2	3	1	1	3	1	4	-1	0	0	4	4	1	1	3	3	4	1	1	1	5	5	1	1	1	2	3	-1	0	0	1	0	2	1	2	1	2	1	0	0	3	3	4	0	4	2	5	0	0	0	1	2	1	0	1	2	2	0	-1	0	1	0	0	0	-3	0	1	0	-1	0	0	2
208	1	3	4	1	4	-5	0	-2	0	-2	2	3	5	2	7	-1	2	1	2	0	1	4	2	2	4	2	2	4	2	2	1	2	2	2	3	1	2	3	2	3	-2	1	0	2	2	-2	2	0	1	0	1	4	4	3	4	1	3	3	1	1	0	2	2	3	3	0	2	1	0	2	0	2	1	2	2
209	0	2	0	2	2	0	2	1	2	2	3	3	3	3	3	3	3	2	5	3	2	3	1	4	3	4	3	8	5	6	3	2	7	2	3	2	2	2	5	3	1	2	3	2	3	2	2	4	3	5	7	4	7	3	6	4	3	5	4	6	2	4	6	4	2	2	2	3	1	1	3	4	5	3	5
210	-2	0	-1	0	0	4	4	7	5	6	2	1	4	3	2	2	4	7	5	4	2	1	2	4	4	7	3	9	6	5	0	2	1	1	1	4	2	4	6	4	2	4	3	4	3	6	2	5	2	4	0	2	0	2	1	5	3	5	6	6	2	1	2	5	3	1	3	2	3	2	0	2	1	2	2
211	0	1	1	2	3	2	2	-1	1	1	0	0	0	3	0	3	1	1	2	3	4	2	7	4	4	4	3	2	5	4	0	0	-3	1	-1	3	3	6	5	4	4	3	5	4	6	4	4	5	5	5	5	4	4	5	6	3	2	4	4	3	-1	-1	-2	0	-1	4	4	5	3	4	3	2	1	4	4
212	1	1	1	2	0	2	0	2	4	4	0	1	4	2	0	2	2	2	3	2	2	3	3	4	5	1	0	5	3	0	0	2	2	2	1	-1	1	4	1	-1	2	0	3	5	4	2	2	3	4	4	2	2	7	5	4	3	3	7	5	5	-1	0	0	0	1	0	3	5	3	1	-2	0	3	2	0
213	5	5	4	6	5	4	4	4	4	4	2	3	0	3	2	3	4	5	3	5	6	4	4	7	6	1	4	4	3	4	0	2	2	3	0	4	5	4	5	5	6	4	6	5	7	3	3	4	2	5	6	4	8	6	8	5	4	2	4	3	0	3	1	2	1	2	4	2	4	4	1	5	4	3	6
214	1	0	3	4	5	0	0	3	4	2	3	1	3	5	5	1	1	2	3	1	1	1	4	6	3	2	0	4	7	3	2	0	1	5	3	1	1	0	2	2	0	0	3	3	1	0	0	0	5	2	0	1	3	5	4	0	1	0	4	4	0	0	1	2	2	-2	0	1	1	0	0	-1	0	3	0
215	2	1	1	2	1	4	2	3	6	6	0	0	3	3	0	1	1	0	0	1	0	0	0	3	2	0	0	1	0	1	3	2	3	2	5	1	1	0	2	4	0	2	3	3	3	1	1	2	4	3	3	1	2	2	3	0	0	-1	0	0	0	0	1	2	0	1	0	1	3	2	2	1	0	1	0
216	4	5	1	3	4	3	4	4	6	5	6	5	9	7	10	3	4	7	4	4	2	3	3	3	8	7	6	8	6	8	6	5	5	6	5	5	4	4	6	6	2	4	4	2	4	5	4	5	5	7	7	5	5	7	9	6	5	6	4	6	2	3	1	2	4	7	6	7	6	8	5	5	5	4	8
217	3	0	5	6	6	2	0	4	5	5	3	0	3	5	5	3	1	5	5	8	3	0	6	4	6	1	0	5	4	5	0	-1	3	2	3	4	0	1	5	5	2	1	3	4	7	1	0	2	4	2	2	-1	1	3	4	2	0	1	3	2	-1	-2	0	0	3	2	0	4	4	6	0	-2	0	1	2
218	1	0	2	0	3	0	0	0	0	0	2	2	1	3	4	0	1	0	1	3	2	0	4	5	7	0	0	0	1	4	1	0	4	1	3	0	0	0	1	1	2	1	1	1	5	0	0	-1	1	2	0	1	1	2	3	0	0	0	0	2	0	-1	-1	0	3	1	0	2	3	4	-3	-1	-3	-3	-1
219	1	1	-1	2	4	0	0	0	1	1	1	0	4	2	4	1	0	2	3	4	0	0	-1	0	0	1	0	4	3	3	3	0	6	4	5	2	0	5	4	5	0	0	2	1	4	4	0	4	4	5	3	0	4	3	5	1	0	3	2	3	-1	0	1	1	0	0	0	1	3	2	0	1	2	2	3
220	-2	0	-2	0	-1	0	-1	1	2	1	2	0	2	4	4	1	0	1	3	2	1	0	2	3	4	4	0	3	5	4	0	0	-1	2	1	2	0	1	3	3	2	0	3	3	4	-1	0	-1	0	-1	-1	-2	-2	1	0	3	0	2	5	3	0	0	0	3	1	4	1	4	5	6	0	0	0	4	2
221	0	2	2	2	4	-1	1	-2	0	0	0	3	1	1	4	0	1	1	1	1	4	4	8	5	7	-2	0	1	0	3	2	1	5	3	7	1	4	3	4	4	0	1	1	2	4	1	1	1	3	3	-1	1	0	1	1	1	1	3	1	4	-1	2	1	1	4	-3	3	1	2	1	3	1	3	3	3
222	1	2	0	3	4	1	0	0	2	2	3	2	3	6	7	1	1	5	5	6	0	2	0	2	3	0	1	1	4	1	4	2	6	7	6	0	2	1	3	4	2	2	5	6	8	0	1	2	4	3	0	0	0	4	2	0	2	4	5	6	-2	0	0	0	2	-1	2	3	3	4	1	1	3	3	4
223	4	2	6	5	4	5	0	4	5	5	3	1	3	5	5	4	2	7	6	5	7	3	7	6	7	4	2	6	6	7	3	3	2	3	3	1	1	1	1	2	2	1	1	3	2	3	0	2	4	5	4	1	3	5	4	3	1	2	5	4	2	2	4	4	3	2	0	5	5	4	3	0	4	4	4
224	1	1	1	2	2	0	1	3	1	6	0	3	2	2	5	1	2	1	0	4	0	1	3	0	3	3	3	6	4	7	5	2	7	3	7	-2	1	0	1	2	3	3	5	1	7	3	2	5	1	5	1	3	4	3	6	1	2	2	2	5	3	2	6	3	5	3	1	3	2	4	0	1	2	0	2
225	2	2	2	3	1	1	2	5	4	4	0	1	2	3	2	0	0	0	1	2	0	1	0	2	0	2	3	2	1	3	0	1	2	3	2	1	1	0	0	1	2	1	2	3	3	2	1	0	1	0	0	1	2	2	2	3	1	2	2	4	-1	0	0	0	0	2	0	0	1	1	-1	0	0	1	0
226	0	4	0	2	2	4	3	6	5	7	3	5	5	4	7	2	3	3	4	5	3	3	2	4	3	3	3	3	5	6	2	3	-1	2	3	0	1	0	0	1	-2	2	-4	1	1	1	4	2	5	3	2	3	1	3	5	0	1	0	2	3	5	4	4	2	3	1	4	0	5	4	2	4	2	3	4
227	3	3	1	4	4	4	2	4	5	3	1	1	5	5	4	0	2	0	6	4	1	0	0	3	1	1	0	1	1	0	3	0	2	3	2	2	1	1	4	3	4	0	4	3	6	1	0	-1	2	-1	0	0	0	1	0	1	1	2	4	1	-1	1	-2	2	0	3	2	3	4	3	1	0	0	2	3
228	-2	1	-3	-1	0	0	3	1	2	3	0	3	3	3	2	0	2	1	1	0	0	2	0	0	0	1	3	0	0	2	3	2	4	2	6	0	2	2	0	0	3	4	5	3	4	2	5	4	3	6	0	1	-1	0	0	4	4	1	4	3	1	3	2	3	3	1	4	2	2	6	2	4	2	3	4
229	2	3	5	6	6	2	3	1	3	5	0	2	2	0	0	4	3	5	4	6	2	3	5	3	7	4	5	8	5	7	4	4	7	7	6	4	3	6	5	5	2	2	3	4	3	3	3	4	5	4	5	6	3	7	6	3	2	3	5	6	2	4	2	4	3	0	2	1	3	3	3	3	4	4	4
230	0	1	2	1	3	1	1	2	1	1	1	0	1	0	0	1	0	0	1	1	3	1	1	2	4	2	3	0	1	3	4	3	3	2	5	0	0	0	0	1	-1	0	-2	0	-1	1	2	1	1	1	3	1	3	2	3	0	2	0	0	2	0	1	-1	0	0	0	2	1	0	2	1	1	0	1	2
231	8	4	8	7	10	7	4	9	5	7	5	4	7	5	10	4	3	8	6	10	6	3	3	5	6	4	4	9	4	8	6	4	8	7	11	6	2	7	6	9	7	3	10	6	10	6	3	7	5	9	6	4	8	5	12	8	4	7	7	9	5	2	5	3	6	7	5	7	6	9	7	4	8	7	10
232	3	5	3	3	5	1	5	2	2	4	0	3	0	2	0	0	3	-3	0	2	2	4	1	3	6	4	3	1	4	4	3	5	3	3	6	1	3	3	2	6	3	4	0	1	7	3	5	5	3	5	2	3	1	3	4	0	4	1	1	2	1	4	4	3	5	2	5	3	3	5	1	3	0	2	3
233	0	2	1	4	3	0	2	0	6	3	1	2	2	5	3	2	2	0	5	6	1	2	6	6	7	4	4	8	5	5	1	1	2	3	3	0	2	2	4	4	1	2	5	5	5	0	1	1	4	2	4	3	3	6	6	1	3	7	7	6	0	1	1	3	4	0	3	6	4	6	0	2	4	5	4
234	1	0	1	2	0	3	0	5	4	3	1	0	2	3	2	0	0	0	0	1	1	0	1	4	3	2	0	1	2	2	2	1	0	3	2	3	0	5	5	5	4	1	6	4	3	1	0	2	1	2	4	0	5	5	7	5	1	4	5	4	0	-1	1	3	2	4	1	6	5	5	3	1	5	4	6
235	2	0	4	4	5	2	2	3	4	4	0	0	-1	1	1	5	2	4	6	5	0	1	1	2	5	0	2	1	5	2	0	2	0	4	3	3	1	3	4	4	3	2	7	6	6	1	0	3	2	2	1	0	0	3	4	1	1	0	2	3	1	0	3	4	3	5	3	6	7	7	0	0	0	0	1
236	0	0	3	3	5	3	0	3	3	2	1	0	3	2	2	-1	-2	0	1	0	1	0	0	5	4	0	-1	0	1	2	0	-2	-1	0	0	0	-1	0	2	1	0	-1	-2	1	0	3	0	2	4	7	0	-1	0	3	1	2	0	1	4	5	0	0	1	3	4	0	0	-1	0	0	1	0	2	3	4
237	1	2	0	3	7	1	1	-1	0	3	3	2	3	4	6	2	1	1	1	4	2	2	2	2	3	1	2	0	1	4	0	1	0	1	6	0	0	0	0	5	2	1	3	2	4	1	1	3	3	3	2	2	1	2	4	4	2	2	3	5	0	1	1	2	5	2	2	3	2	5	4	2	4	2	5
238	5	3	6	6	6	1	1	1	5	5	2	2	3	6	6	2	4	4	4	6	3	1	5	5	4	3	3	5	5	6	1	2	1	3	3	1	2	3	5	5	2	3	3	4	4	3	3	5	5	6	0	2	3	5	6	2	1	1	5	5	2	2	3	4	5	1	2	3	3	3	4	3	4	5	6
239	3	1	2	3	3	3	4	5	5	7	0	3	3	4	3	-1	2	-1	0	3	1	4	2	3	4	4	3	7	4	6	0	3	2	1	4	3	4	1	4	3	0	3	1	1	0	2	4	4	6	4	4	3	6	5	3	2	3	2	4	6	3	4	5	6	5	2	4	4	3	4	5	4	7	5	6
240	3	3	2	1	5	5	4	3	3	5	2	3	2	2	2	2	2	2	2	3	2	2	3	2	1	2	3	1	1	2	0	1	1	0	2	2	3	0	2	2	0	3	1	0	0	2	3	0	1	1	2	2	2	2	3	2	2	0	2	3	1	1	-1	0	0	1	0	-1	-2	0	3	4	5	4	5
241	2	1	0	0	2	3	2	3	5	4	0	1	1	0	0	1	1	2	1	4	0	0	0	2	2	3	1	2	3	2	0	0	0	-1	0	3	2	4	0	1	3	0	4	1	2	3	2	4	4	6	1	1	1	0	3	1	1	0	2	2	-1	0	0	0	-1	1	0	0	2	2	1	1	5	1	1
242	2	1	0	3	1	0	2	2	0	2	3	4	3	2	2	0	1	-1	3	2	3	2	2	3	2	3	3	3	4	2	0	1	2	1	1	1	3	0	1	0	0	2	0	1	1	1	2	3	4	5	1	2	-1	1	1	2	2	0	1	1	0	2	-1	0	1	1	2	3	3	3	1	1	1	2	3
243	5	4	5	6	5	7	5	3	5	5	1	4	1	2	2	5	3	5	2	1	6	4	4	6	6	5	5	3	7	6	4	6	5	6	6	4	6	2	4	2	8	4	9	8	6	6	5	3	6	7	5	6	4	5	3	5	5	6	5	7	5	6	6	6	7	7	6	6	6	5	5	5	4	4	5
244	-1	0	0	1	2	3	0	3	2	5	-1	0	-1	1	1	0	1	0	1	4	0	2	3	4	5	0	0	0	0	0	0	0	2	1	5	1	1	4	0	5	2	1	2	3	5	-1	0	1	0	1	2	1	2	1	4	2	0	1	0	4	1	1	4	5	3	1	1	6	1	5	0	1	0	1	2
245	1	1	1	0	1	0	0	0	2	0	-1	1	4	0	1	0	1	4	1	0	-1	0	0	0	1	1	1	4	2	2	0	1	3	1	2	4	3	5	3	5	3	3	3	3	4	1	1	3	3	4	0	0	0	0	0	4	3	7	5	2	0	1	2	3	1	2	0	2	3	2	-1	1	-2	0	-1
246	4	5	8	4	7	2	5	4	2	5	1	3	3	3	5	3	4	6	4	5	5	6	7	3	7	4	4	3	4	5	2	4	4	3	6	3	5	7	6	8	1	4	3	1	6	2	4	4	3	5	3	5	4	5	7	1	3	0	2	3	5	5	7	5	9	2	3	2	2	5	1	3	6	2	7
247	5	2	0	5	3	3	2	0	3	3	5	3	2	6	3	3	2	2	3	3	2	3	3	5	5	0	2	1	2	0	6	3	3	5	5	2	3	0	0	2	3	2	1	0	1	2	2	-1	3	2	4	3	4	4	4	1	2	-2	1	2	3	3	0	2	4	3	2	0	3	2	1	2	0	2	0
248	0	1	1	0	3	0	1	1	0	3	0	1	0	2	1	1	0	0	0	1	0	2	2	3	1	1	2	1	3	3	2	3	2	3	3	-3	1	-1	0	0	-2	1	0	1	0	-1	0	0	0	0	-1	0	0	0	-1	3	3	5	4	4	-3	0	-5	0	-3	-2	1	-2	1	0	0	0	0	2	0
249	3	2	3	2	1	2	2	3	5	4	3	4	3	2	6	4	4	5	4	6	0	2	0	1	3	2	5	5	3	4	0	1	0	0	0	3	4	4	4	6	1	2	1	0	2	3	2	3	5	3	3	2	1	2	1	4	4	2	3	4	3	3	1	3	1	2	3	0	2	3	2	3	2	4	4
250	5	6	10	6	9	4	3	1	3	4	1	3	6	3	4	2	3	2	1	3	1	2	2	1	5	3	2	4	1	4	1	3	2	3	2	5	5	5	4	6	3	5	5	3	5	2	4	6	2	4	4	4	7	3	5	3	2	3	0	1	1	2	1	2	2	2	3	4	3	6	1	3	1	1	2
251	3	3	6	2	4	2	3	0	2	3	4	5	2	2	2	0	1	-1	0	0	4	4	5	2	2	0	1	-1	0	0	2	3	2	1	3	3	3	0	0	3	1	1	2	0	0	5	3	4	2	3	2	3	2	1	3	1	3	0	0	0	4	3	6	3	3	3	3	2	2	3	2	2	2	2	2
252	2	2	6	3	3	0	0	-1	0	1	1	2	0	3	2	2	2	3	3	3	-3	0	-2	0	0	-2	3	1	1	2	0	2	2	1	0	2	2	2	5	3	3	4	4	3	4	1	2	1	3	3	0	1	3	2	1	1	3	3	2	3	0	2	2	2	1	-1	2	1	2	1	-3	0	0	0	0
253	2	1	0	3	2	2	2	3	3	5	3	2	1	2	4	0	2	-1	0	3	1	1	0	1	4	3	3	3	2	7	1	3	3	4	5	4	3	3	1	5	1	2	3	2	3	2	3	1	1	5	0	1	0	1	1	3	2	4	2	3	2	2	3	2	2	1	2	5	2	4	1	3	2	1	4
254	0	1	0	-1	0	2	3	1	2	5	0	2	2	2	2	0	3	1	0	2	2	1	1	0	5	2	2	1	1	6	1	1	1	0	3	2	3	2	0	5	0	2	0	1	2	1	1	-1	0	3	5	4	6	5	9	2	3	3	0	6	0	1	0	0	2	1	3	4	1	5	5	2	1	2	4
255	2	4	4	5	3	2	5	6	7	7	7	7	10	8	8	3	5	7	4	6	5	4	6	6	7	4	5	10	6	7	3	6	6	6	6	4	4	6	6	8	4	5	7	8	8	4	4	4	5	4	0	3	1	4	4	4	5	6	4	6	2	4	5	5	4	2	4	7	5	5	4	5	2	4	6
256	-2	0	1	2	0	2	1	3	5	4	5	2	5	6	3	2	0	0	3	3	1	0	2	1	1	0	1	3	3	1	0	0	3	3	1	0	1	4	5	5	1	1	3	3	3	0	1	2	3	3	2	1	5	3	4	2	1	3	4	5	4	2	3	5	5	5	2	5	4	5	1	0	2	1	1
257	5	4	5	4	5	1	1	1	1	2	4	1	1	3	3	3	0	1	1	1	3	1	5	4	6	2	0	3	3	1	3	2	3	4	5	3	2	4	5	5	4	2	2	2	2	4	3	6	4	7	6	3	6	5	5	4	2	4	4	5	1	2	3	2	2	1	1	1	1	1	1	2	1	1	2
258	2	2	3	5	3	2	5	2	2	3	1	4	3	5	7	3	4	6	4	7	1	3	3	3	4	4	4	5	6	7	2	2	4	3	6	1	3	2	4	5	3	3	4	5	7	2	2	4	3	6	3	4	3	3	5	2	5	5	4	4	6	5	6	5	8	0	4	2	2	6	3	4	6	5	5
259	-1	1	0	1	4	2	2	5	5	5	-1	1	0	2	3	0	1	2	1	3	1	4	5	3	4	0	3	3	3	5	1	3	7	4	6	2	2	2	3	5	1	3	2	3	6	1	3	2	2	5	0	2	2	2	1	0	1	5	3	6	0	0	2	0	0	1	3	3	4	4	1	0	2	2	4
260	1	0	2	3	1	1	1	0	0	0	0	1	0	2	0	2	2	2	4	2	-1	0	0	0	0	2	0	2	3	1	-1	0	0	0	-1	1	1	1	1	0	0	0	3	2	-1	1	2	4	4	4	1	1	5	2	1	2	2	1	0	1	2	0	1	1	1	1	0	0	1	0	-2	0	0	1	-1
261	-1	1	-3	1	0	0	2	-2	3	3	1	3	0	1	2	1	1	0	1	0	0	1	-1	2	2	0	0	3	2	2	6	4	5	6	5	0	2	1	3	0	4	3	2	5	3	1	2	2	2	2	1	2	1	3	1	4	4	6	6	7	3	2	2	4	3	0	3	1	0	4	0	1	0	1	0
262	1	2	0	1	4	2	3	3	4	4	0	1	0	0	2	2	2	2	3	3	0	4	4	0	3	0	2	-2	0	1	0	0	-3	1	0	0	1	0	0	0	2	3	0	1	4	2	2	0	1	0	1	2	1	0	3	1	2	1	1	4	0	2	-2	1	2	1	4	0	2	3	0	2	1	2	1
263	3	3	2	2	3	1	0	1	3	0	3	2	3	2	4	1	2	3	3	3	1	0	1	1	2	0	0	-1	1	0	2	2	2	1	2	3	2	2	2	4	4	3	4	3	3	5	3	5	3	4	1	1	1	1	2	1	2	0	1	4	1	0	0	2	1	3	2	5	4	4	2	1	1	2	2
264	1	2	4	2	5	3	3	3	2	5	2	1	4	4	5	2	2	4	1	6	3	4	9	6	9	1	1	3	3	4	3	4	7	5	7	2	4	6	3	7	6	5	9	6	8	1	3	3	4	5	3	3	4	4	7	1	2	3	2	4	-1	3	4	2	4	2	2	4	4	3	0	2	5	4	6
265	4	5	6	5	4	6	5	5	6	6	4	4	6	5	4	0	2	2	3	0	6	3	8	6	6	4	5	7	7	5	5	4	6	5	8	6	4	8	7	8	5	4	5	6	4	6	6	8	5	7	3	3	8	4	5	3	4	4	5	4	5	4	9	7	6	7	4	8	8	8	4	4	6	5	5
266	5	5	5	6	6	2	4	4	5	6	3	5	5	5	6	7	6	9	6	8	6	5	4	7	7	4	5	5	6	7	5	4	7	5	6	2	5	4	6	4	1	2	3	3	3	4	5	7	8	5	3	3	7	5	8	3	4	2	5	4	6	6	8	5	9	7	5	6	7	5	6	5	6	7	9
267	2	3	3	4	5	1	2	1	3	3	3	2	1	2	3	-1	2	1	2	1	2	2	1	4	5	-2	0	-1	0	1	2	3	3	2	3	3	2	2	4	5	1	1	0	2	3	2	1	2	3	5	0	0	0	1	1	3	3	4	4	2	5	3	5	5	8	4	2	4	4	5	5	3	4	6	8
268	0	2	-1	1	1	-1	2	0	1	1	2	3	1	1	4	0	2	1	2	1	0	2	1	0	4	1	2	0	0	3	0	1	2	1	1	1	2	0	1	2	-1	2	1	0	1	1	3	2	0	1	0	1	-1	0	1	-1	0	-1	0	0	2	4	2	2	6	-2	0	-1	-2	1	0	2	1	0	4
269	0	0	0	0	2	0	2	1	2	3	4	4	7	5	6	0	1	1	1	3	0	1	5	1	4	1	1	3	1	4	-1	1	1	0	1	2	1	6	5	6	0	2	1	0	3	4	2	4	2	3	0	0	1	0	1	2	2	4	2	3	2	1	3	2	4	1	1	3	2	3	0	2	3	2	4
270	4	3	5	5	5	2	4	3	4	8	5	5	6	5	8	7	6	8	6	8	3	3	3	3	6	4	5	6	4	7	3	4	3	2	7	1	4	4	3	6	3	3	4	4	4	0	2	0	3	2	3	5	5	4	8	6	3	6	5	5	1	2	2	3	2	1	3	1	3	1	2	4	3	5	4
271	4	5	5	5	6	4	5	8	6	7	0	2	1	3	2	2	4	6	4	5	4	5	7	6	7	0	3	3	2	3	0	2	1	2	3	2	3	5	3	5	5	4	6	6	8	1	4	3	4	2	1	2	2	3	3	2	3	4	4	5	2	5	2	3	5	1	4	2	4	4	2	4	2	5	7
272	0	3	3	3	3	2	4	5	2	3	3	5	5	4	4	2	4	5	5	2	4	4	4	6	4	1	2	0	2	0	2	4	2	2	2	3	4	5	4	3	0	2	0	1	0	2	3	4	3	2	2	3	4	6	2	3	2	4	6	3	0	2	2	3	0	0	3	3	5	3	2	2	3	3	0
273	2	2	4	6	5	3	1	2	3	1	0	1	2	3	3	4	4	5	6	6	2	3	5	5	5	2	1	1	3	2	1	3	2	3	1	2	2	4	2	1	2	3	3	6	5	6	4	5	6	7	3	4	7	5	5	0	2	2	3	4	4	4	8	4	6	0	3	4	3	3	5	5	8	7	5
274	-1	0	0	1	1	-1	1	4	2	6	-3	0	0	0	0	0	1	0	0	4	-1	1	0	0	1	0	1	0	1	3	-2	0	0	0	1	-2	2	-1	0	2	-3	0	-2	0	-1	1	2	6	3	4	0	1	3	1	6	1	2	3	2	6	-1	1	0	0	2	-1	0	2	1	2	0	0	0	1	2
275	3	2	2	5	3	2	1	3	7	5	3	3	2	5	5	2	2	0	5	4	3	4	4	8	3	5	5	4	7	7	4	3	1	6	5	3	3	5	6	4	3	4	3	4	5	2	3	3	5	3	3	4	1	4	5	2	3	4	6	4	2	2	5	4	1	4	3	2	4	5	4	4	4	7	4
276	3	3	3	1	5	3	2	4	2	4	3	1	3	1	4	3	3	3	3	4	-2	0	0	0	0	2	1	2	2	5	1	0	1	0	1	2	2	3	1	6	0	0	0	0	2	2	3	4	3	8	1	1	3	2	1	3	1	2	2	3	5	2	4	5	6	5	2	6	3	5	2	2	2	2	4
277	-1	2	0	0	2	3	4	7	3	6	0	0	2	3	6	0	2	1	1	3	0	2	1	1	3	-1	1	0	0	3	1	1	0	0	2	0	1	1	1	2	3	3	4	4	4	1	1	2	0	3	2	1	3	3	5	3	3	5	5	7	2	2	3	1	4	0	0	0	0	0	2	3	3	5	6
278	2	2	2	4	5	4	4	4	3	5	0	3	0	2	3	3	2	3	2	1	1	3	2	1	5	3	5	6	5	6	0	3	0	0	4	0	4	3	3	5	1	4	2	4	6	4	3	4	4	6	0	2	3	1	4	2	3	8	4	7	1	3	2	2	3	-1	3	2	4	4	2	3	3	4	7
279	2	3	5	6	3	3	2	1	2	2	4	2	3	4	5	1	2	2	1	4	5	3	6	5	6	1	2	2	3	5	2	3	2	3	1	4	3	6	5	5	3	2	4	5	4	0	3	4	2	1	5	3	5	6	4	3	1	1	4	5	5	3	4	4	5	3	2	4	5	7	1	2	0	3	4
280	1	2	3	5	2	3	2	4	3	3	0	1	2	2	3	-1	1	-1	1	1	1	1	0	2	2	0	3	3	3	3	3	2	4	4	5	3	2	6	5	5	3	2	4	4	3	2	2	3	4	2	0	0	2	3	0	2	1	2	3	0	2	3	4	3	5	2	0	2	1	3	1	2	4	3	0
281	2	0	0	1	3	0	1	1	1	0	1	0	2	0	3	0	1	1	1	1	-1	0	-2	0	-1	1	0	0	1	0	0	0	-1	1	0	0	1	0	0	1	0	0	2	1	1	0	0	-1	0	1	0	0	4	0	3	3	1	3	2	4	0	0	0	1	2	0	0	3	1	0	-1	0	0	0	1
282	2	2	4	3	5	4	4	3	2	5	3	3	5	3	6	5	2	4	5	6	2	2	3	6	6	2	4	4	4	5	2	1	3	1	3	3	1	3	4	4	1	2	0	0	3	4	2	6	4	9	2	3	3	5	5	5	2	4	3	6	5	3	5	6	6	3	2	3	4	3	6	3	6	5	6
283	2	2	4	1	6	5	2	6	3	8	4	4	4	1	9	3	3	3	1	3	2	2	3	1	6	1	4	3	2	5	4	3	6	1	5	3	2	7	2	4	4	3	6	5	7	3	3	2	1	5	4	4	7	2	6	2	3	3	2	4	0	1	1	0	3	2	3	5	2	8	1	2	1	0	0
284	0	0	2	2	5	0	0	0	1	1	0	0	6	3	6	1	0	3	2	4	0	0	0	0	3	1	0	3	3	4	0	0	2	3	3	1	0	3	2	5	3	1	1	4	3	0	0	3	1	2	1	-1	1	2	3	-4	-1	0	-1	0	1	0	1	3	2	2	0	3	4	4	2	1	4	2	3
285	1	0	5	3	6	0	2	3	3	4	2	2	3	4	5	0	1	3	3	0	0	1	2	2	1	0	0	2	4	2	3	0	3	4	6	2	1	3	3	3	1	0	3	3	3	1	1	4	4	3	0	2	7	4	3	3	2	8	4	6	0	0	1	0	2	1	1	4	5	6	1	0	1	3	3
286	4	3	5	4	8	3	1	6	4	7	5	3	6	4	8	0	0	0	1	4	1	2	4	4	4	3	4	6	5	6	2	0	2	2	3	0	0	2	2	5	2	3	5	3	6	0	2	3	3	5	2	3	4	5	9	1	1	3	4	5	0	2	4	3	5	0	1	0	1	4	0	2	5	2	5
287	4	4	7	5	5	0	1	0	2	2	4	2	3	6	6	2	3	3	2	4	2	2	3	5	4	1	1	2	4	5	1	1	1	3	5	1	1	2	3	3	4	2	5	6	6	3	3	3	4	5	3	1	3	3	4	2	2	5	6	5	5	2	3	4	3	0	3	2	3	3	3	2	2	5	5
288	0	1	4	3	3	1	3	7	6	6	6	4	11	7	8	2	1	6	5	2	1	3	6	5	3	3	3	9	7	7	4	2	9	6	5	5	2	10	8	9	3	2	5	6	7	3	2	6	5	8	4	4	9	6	7	1	2	5	5	2	2	3	7	6	5	2	3	5	5	8	6	3	9	8	7
289	3	0	4	5	6	3	1	4	5	6	-1	0	1	4	3	0	0	0	5	1	0	0	0	4	4	-1	-1	0	3	3	-4	0	-3	1	0	0	0	3	3	1	0	0	2	2	3	2	0	2	4	7	-1	0	-2	2	2	0	0	1	3	3	0	0	0	3	3	3	1	5	4	5	2	0	4	4	5
290	1	3	0	2	1	0	0	3	2	5	0	1	3	2	4	0	2	-1	2	3	1	2	4	5	3	0	3	3	3	5	1	3	3	3	4	0	2	2	3	4	1	2	1	6	4	2	1	3	4	4	2	2	0	3	3	3	2	5	6	6	0	1	1	1	4	0	2	2	2	3	0	2	3	2	5
291	5	5	8	3	8	5	5	6	4	8	0	3	0	0	1	0	5	3	3	6	1	3	2	1	6	5	5	6	5	7	2	5	3	4	8	5	4	4	4	7	4	3	2	2	6	1	3	3	2	3	1	3	2	1	1	4	4	6	3	8	5	4	3	3	7	5	4	3	2	5	2	5	1	2	3
292	2	5	5	5	7	1	4	2	1	5	1	3	3	4	6	3	5	5	3	6	1	4	3	4	3	0	4	0	2	2	5	6	8	6	5	2	5	3	5	7	5	6	7	6	7	2	6	1	3	6	3	4	5	3	6	3	5	4	4	5	1	5	3	2	2	0	4	0	3	4	6	8	7	7	7
293	3	3	5	5	4	4	3	7	6	8	1	1	1	4	2	4	3	6	6	8	3	2	4	5	4	3	4	4	5	4	3	2	2	5	4	5	3	7	6	4	3	4	5	6	6	0	2	2	3	0	2	3	6	4	5	5	4	6	6	7	3	3	6	5	4	3	4	7	7	5	5	3	4	5	6
294	2	4	3	2	3	1	3	1	3	4	0	2	2	2	0	3	4	3	2	4	4	5	8	3	6	2	3	1	2	3	1	3	4	4	5	0	2	1	1	3	3	3	2	5	2	1	4	0	0	2	4	2	2	3	5	1	3	0	1	1	1	3	2	3	3	5	6	5	5	7	1	2	1	1	2
295	5	4	6	5	8	2	3	1	6	6	3	4	6	4	6	6	5	10	7	12	4	5	6	6	7	4	3	7	7	7	3	3	6	7	5	5	5	7	5	7	4	4	6	4	4	5	5	8	5	8	3	3	6	5	3	3	3	3	6	7	2	2	5	4	7	3	3	6	6	7	2	2	5	5	5
296	1	1	1	1	0	3	2	4	4	4	3	4	4	3	4	6	3	6	5	6	1	1	1	1	2	5	4	5	5	7	2	1	0	2	4	1	2	4	5	4	1	1	1	3	1	4	3	8	6	6	2	2	2	4	3	3	2	1	4	3	5	1	3	3	1	8	4	7	7	8	0	2	1	4	2
297	5	5	6	5	6	5	4	5	8	7	7	4	8	6	6	4	5	10	8	7	5	6	4	5	7	5	3	5	6	5	6	6	6	6	4	5	3	4	5	2	7	6	8	7	10	6	5	6	7	8	2	3	4	6	4	1	3	4	3	3	5	4	11	8	10	3	5	6	6	7	1	3	3	6	3
298	-1	-1	-1	0	1	-2	0	0	0	1	0	0	2	2	2	-1	0	0	1	0	0	0	5	2	3	2	1	2	4	6	3	1	4	1	2	0	0	1	1	2	2	0	3	3	3	-2	0	0	0	0	0	0	1	0	0	-1	0	2	1	2	1	0	1	1	1	0	1	0	1	1	-1	0	3	2	4
299	2	1	1	2	6	5	4	5	3	5	1	2	2	3	5	0	3	3	2	3	2	2	2	2	2	4	4	6	4	4	5	1	4	4	5	2	2	5	3	3	2	2	4	4	8	1	1	1	1	2	4	3	3	4	5	3	1	4	2	2	1	1	0	2	1	1	2	1	1	1	2	2	0	2	4
300	6	5	5	8	6	0	3	1	3	2	2	3	2	4	5	1	4	3	2	2	4	3	3	6	3	4	4	3	3	7	4	6	5	7	7	4	5	5	6	6	4	5	6	5	6	7	5	6	6	8	1	4	3	3	4	4	3	5	6	4	4	5	5	8	7	4	4	2	3	4	0	4	1	3	1
301	0	1	1	3	4	1	1	3	4	4	0	0	0	2	2	-1	0	-5	0	-1	0	1	0	0	2	0	0	-1	2	2	-1	0	0	1	2	1	0	1	2	2	3	1	3	3	4	0	0	-1	1	1	1	0	0	1	2	-1	2	0	2	1	3	2	2	5	4	0	0	-1	0	1	0	0	0	0	1
302	1	1	2	4	4	1	1	0	1	1	0	1	0	3	2	0	1	-1	2	1	-2	0	-2	-2	-1	2	0	2	3	2	-1	1	2	1	1	2	3	3	3	5	1	2	1	1	0	1	2	3	3	2	0	2	3	3	1	1	2	2	2	2	-2	1	-1	0	-1	0	1	3	4	3	1	2	5	3	3
303	0	0	4	2	3	0	2	3	1	0	0	0	-1	1	0	1	0	1	4	1	2	1	1	3	5	2	2	3	2	3	3	0	4	3	3	1	1	1	1	1	2	2	2	2	3	0	0	0	0	1	-1	-1	-3	0	-2	1	1	4	1	3	0	0	1	2	0	0	-1	0	2	-2	2	0	0	3	1
304	0	0	2	2	3	0	1	0	2	4	2	1	3	4	4	-1	-1	-1	0	1	2	1	2	2	3	1	1	0	4	2	1	1	3	2	3	0	1	1	2	2	2	1	-1	1	3	0	1	2	4	4	0	2	0	0	1	5	3	5	3	6	1	3	2	4	4	0	0	0	0	2	1	2	2	3	3
305	1	2	3	2	5	1	2	3	2	3	1	2	4	1	3	1	3	4	2	3	3	4	7	2	6	1	1	3	2	3	3	3	3	3	4	0	2	2	1	2	2	2	2	1	4	2	1	1	3	2	2	3	3	2	3	3	1	1	2	4	0	1	2	2	3	0	3	1	2	4	0	3	2	3	3
306	2	3	4	7	3	0	3	4	3	2	3	3	3	3	2	6	4	8	7	6	1	4	3	4	0	2	3	2	4	5	3	4	4	6	5	1	3	3	2	2	0	1	1	2	2	3	4	6	5	7	2	4	7	4	4	0	2	0	3	2	4	3	7	5	6	4	3	5	6	7	5	5	7	6	7
307	-2	0	0	1	-1	0	0	4	3	3	1	-1	0	2	2	-2	-3	-2	3	0	0	-2	-2	3	-1	0	0	4	5	1	0	0	1	2	0	-2	-1	-2	0	0	-1	0	0	3	-2	-2	-3	-5	1	-3	1	0	2	3	4	1	-1	2	3	2	1	0	2	5	2	-1	0	0	2	-1	-1	0	0	4	0
308	2	1	3	3	1	4	2	0	4	4	5	4	6	5	9	4	3	6	5	5	2	3	2	6	6	4	4	6	7	5	2	3	3	3	5	5	3	4	4	5	4	3	3	5	5	4	3	2	2	4	1	1	1	1	0	2	3	0	4	2	8	2	3	7	7	1	1	1	4	5	4	4	3	6	7
309	3	2	6	4	5	3	2	4	3	4	4	3	6	4	4	3	3	6	5	6	5	4	9	5	7	4	4	5	3	4	4	2	4	6	5	0	1	2	3	4	3	2	6	7	5	4	3	5	5	3	7	5	7	6	7	0	2	2	3	0	2	1	4	3	5	4	1	6	4	2	2	3	3	5	7
310	6	4	6	5	8	2	3	5	4	6	2	5	4	2	8	2	2	4	3	5	8	6	9	8	7	4	3	7	3	6	4	6	5	3	7	4	4	3	3	5	2	4	3	2	4	7	4	9	4	5	2	3	4	2	2	4	3	5	3	6	3	4	7	5	8	1	1	3	2	4	4	5	6	6	9
311	0	5	4	4	4	2	6	8	4	7	-1	3	0	2	4	0	5	5	5	5	1	6	5	4	6	0	4	2	3	5	4	7	6	5	8	1	6	5	4	3	3	3	3	4	6	3	6	4	6	6	3	5	3	5	4	4	5	4	4	8	2	5	7	5	5	1	5	7	5	7	1	4	5	5	3
312	1	1	5	5	8	1	1	3	5	6	5	4	6	9	8	2	1	4	5	4	2	3	4	4	4	2	2	2	4	4	-1	1	0	1	0	0	1	1	4	1	1	2	1	3	4	1	2	4	3	5	0	1	0	4	5	3	2	2	6	4	4	2	5	7	5	3	3	7	9	6	0	1	1	0	0
313	1	3	3	3	3	0	1	2	2	5	0	1	1	2	4	1	2	2	4	4	0	1	0	2	0	-1	2	1	2	1	2	1	3	2	3	-1	0	-3	1	2	0	1	2	3	3	0	0	0	2	1	1	1	0	0	0	0	1	0	2	0	3	1	3	0	4	0	1	1	1	1	1	1	2	3	5
314	4	2	4	3	6	2	0	0	0	0	3	1	3	3	6	4	0	3	3	4	1	0	1	2	3	0	0	0	0	2	4	1	6	5	9	-1	0	0	0	1	0	0	-1	2	4	2	2	5	2	5	0	0	-1	0	1	3	1	0	1	3	0	0	-2	1	0	2	1	1	0	2	4	4	7	3	7
315	0	1	1	2	4	2	1	2	2	4	2	2	1	3	5	1	0	1	0	2	0	0	0	0	2	0	0	3	2	1	3	1	2	2	6	0	0	0	1	2	1	0	1	2	4	1	1	4	0	5	2	2	-1	0	3	2	1	0	1	3	2	2	1	3	4	0	0	0	1	1	1	1	0	1	3
316	5	3	3	4	2	2	3	3	4	4	2	2	5	6	5	5	4	3	5	6	1	3	2	3	3	2	1	2	2	3	4	4	5	6	6	1	1	1	1	0	0	3	0	1	1	2	3	4	2	3	2	2	5	5	2	2	2	2	3	1	1	1	1	2	2	3	4	5	2	3	1	2	0	4	2
317	1	0	1	4	3	3	2	5	4	3	4	2	4	5	6	3	2	2	6	3	4	1	4	5	4	0	1	1	4	3	0	1	0	0	0	0	0	0	2	0	2	2	4	5	5	-1	0	-2	0	0	3	2	4	3	3	2	1	2	1	1	4	2	5	7	9	1	1	3	4	3	0	1	-1	1	0
318	2	0	3	4	3	3	0	4	3	2	0	0	0	1	1	0	-1	0	2	1	2	0	3	4	2	1	0	0	3	1	0	-1	2	2	2	1	0	4	3	2	6	1	3	4	3	1	0	1	4	5	1	2	6	3	6	0	0	1	2	3	0	0	1	2	0	1	-1	2	4	3	0	0	2	2	0
319	4	5	8	8	7	4	5	6	7	6	3	5	5	6	5	4	6	8	6	8	1	4	4	5	3	3	5	2	6	7	2	4	4	6	3	2	6	5	5	5	1	4	3	5	2	3	4	2	4	5	2	4	6	4	6	5	5	5	5	6	4	5	6	4	5	2	4	4	6	7	2	4	1	6	4
320	1	4	4	3	6	4	4	4	4	7	2	4	2	5	8	2	3	3	2	3	4	4	5	4	8	0	3	3	3	4	3	5	6	4	8	2	4	6	2	7	6	3	4	4	6	5	4	5	5	6	2	3	5	4	7	0	3	2	2	4	3	3	4	3	3	0	2	3	1	3	2	2	2	3	5
321	4	1	4	2	6	2	1	4	1	4	1	2	3	3	3	0	2	3	2	4	3	3	7	3	6	2	3	3	3	3	0	0	0	2	3	2	2	3	2	5	2	3	2	3	7	1	2	1	2	2	0	1	2	3	4	2	1	2	1	5	3	3	3	5	5	3	2	1	1	1	5	2	5	5	8
322	1	0	3	0	0	5	0	4	3	4	5	3	4	4	4	2	1	5	2	4	7	2	9	4	6	4	2	3	2	5	2	1	6	3	3	3	1	4	2	4	3	2	5	2	2	3	1	5	2	4	2	2	7	1	6	5	2	8	5	8	2	0	6	3	4	4	1	4	1	4	4	1	4	3	4
323	0	3	-2	2	-2	0	2	0	3	2	0	3	1	1	0	-2	2	0	0	-1	0	1	-1	1	-1	1	2	0	4	0	-1	2	0	2	2	1	4	3	0	3	-1	2	0	3	1	1	2	1	1	2	0	3	2	2	4	-1	3	-1	2	-1	2	3	2	3	3	0	3	3	3	3	3	4	5	5	6
324	1	6	0	3	5	0	4	0	2	0	4	8	5	5	4	3	5	3	5	2	4	8	6	6	7	1	5	2	4	2	6	8	5	7	7	5	7	7	7	5	3	6	5	5	3	6	6	4	5	4	4	6	7	5	3	6	8	6	7	9	1	5	2	5	3	1	7	2	7	4	2	7	1	4	4
325	2	1	2	3	3	2	1	1	1	2	4	2	4	5	7	1	1	2	2	5	0	2	0	2	3	2	2	3	3	4	-1	0	-3	1	0	2	2	4	3	6	0	0	1	2	3	0	1	2	3	5	-1	1	1	1	2	1	1	4	3	4	2	2	4	3	4	2	2	2	3	3	0	2	0	1	2
326	3	4	4	4	7	2	3	3	2	8	3	5	2	5	6	1	4	3	1	6	7	5	8	6	10	0	2	1	0	5	3	4	5	3	6	6	5	9	4	10	0	4	5	1	4	-1	2	-1	2	2	0	3	2	1	5	2	4	5	3	6	4	4	6	6	7	3	3	7	4	9	0	4	3	2	9
327	-1	2	0	3	1	0	4	0	2	2	0	4	3	4	3	0	4	2	4	2	1	3	1	5	1	0	1	0	1	0	1	3	2	6	3	2	3	1	4	2	1	2	0	2	0	0	2	0	1	0	2	4	0	5	3	2	2	2	5	2	-1	1	-1	2	0	0	3	1	4	1	2	3	3	5	2
328	3	2	4	5	6	0	2	3	4	1	3	2	5	4	4	1	2	7	4	7	0	2	5	2	2	1	2	8	5	7	3	3	7	5	8	0	2	2	2	4	2	2	7	3	5	-4	0	-2	-1	0	-2	0	1	2	1	4	3	8	4	8	-2	0	0	1	-1	1	2	2	4	4	0	1	4	2	2
329	0	3	4	6	6	1	3	3	5	4	2	2	5	6	6	2	3	6	7	6	2	3	6	6	4	0	2	4	7	4	5	4	7	8	6	1	2	1	3	6	3	3	5	7	5	1	0	-1	3	3	1	4	5	6	6	1	3	4	6	4	4	4	5	7	7	2	3	2	6	6	2	2	1	7	2
330	0	0	2	2	3	1	1	4	3	6	0	1	1	2	6	0	0	2	6	4	1	2	5	4	6	2	1	6	5	8	-1	-1	-1	1	4	0	0	0	0	4	2	0	6	6	9	0	0	3	4	4	0	0	3	2	4	2	1	6	3	7	0	1	0	2	4	0	0	4	3	4	0	0	3	3	8
331	4	3	8	6	5	6	4	6	5	5	4	3	5	6	5	4	3	5	7	4	5	4	5	5	6	3	3	3	5	6	4	3	2	3	2	4	2	4	6	4	4	2	4	7	3	6	3	6	7	5	2	1	2	5	2	4	3	4	4	4	1	2	3	5	3	4	4	5	7	5	5	2	8	7	5
332	2	3	4	3	2	-1	1	-1	0	0	0	2	0	2	0	0	2	0	0	0	0	2	1	3	3	0	1	-2	2	0	1	2	0	2	1	2	2	4	2	4	1	2	1	3	4	0	3	4	3	3	0	2	1	2	0	0	2	1	2	2	0	0	0	0	0	1	2	1	4	4	-2	0	0	0	-1
333	0	0	-3	1	0	1	1	2	2	3	0	0	-3	1	1	1	0	0	2	3	0	1	-2	0	0	2	2	0	2	2	1	0	-2	1	-2	4	2	3	3	3	-1	1	-2	0	0	1	1	0	3	3	2	1	3	3	2	4	2	1	3	3	3	4	3	4	5	0	0	-2	1	0	1	1	2	1	0
334	3	2	0	3	6	4	3	3	3	4	5	2	2	4	4	5	3	5	4	6	4	5	7	4	7	5	4	5	3	5	8	3	8	5	8	2	2	0	4	3	5	3	4	4	6	4	3	6	4	5	4	3	2	4	4	5	2	2	3	4	5	3	4	4	6	6	4	8	4	8	2	3	2	2	3
335	3	2	1	2	5	3	1	2	5	3	2	3	5	3	6	5	3	5	4	7	2	3	1	3	1	2	1	2	4	4	1	1	-3	1	2	1	4	4	4	4	3	3	3	4	5	3	2	5	4	6	1	2	0	5	1	4	3	6	4	5	1	2	1	2	3	4	2	6	5	5	1	1	4	3	4
336	3	-1	1	1	0	-1	0	0	1	0	-2	-1	-1	0	0	0	-1	2	0	0	-1	-3	-1	0	0	-1	-2	-2	-1	0	-1	0	0	1	0	-1	-1	-1	0	-1	0	0	0	1	0	-1	0	0	0	0	0	-1	1	0	1	-3	-3	-1	0	0	0	-2	0	1	2	0	-1	2	1	2	-2	-1	0	1	0
337	1	3	3	3	6	0	1	2	1	3	-2	0	0	2	0	-1	0	-2	0	1	0	4	0	3	4	-3	0	-3	1	0	2	3	3	5	7	0	2	1	3	3	-5	0	-4	0	0	-1	1	-2	1	1	-2	1	-4	1	2	-2	1	-2	0	0	-2	0	-4	0	0	2	2	1	2	4	0	1	0	3	5
338	4	1	3	4	5	4	0	6	5	5	0	1	5	2	2	3	1	3	5	5	-1	0	1	3	3	0	0	1	1	2	0	1	1	2	1	1	2	3	2	3	0	0	1	3	1	1	1	5	4	5	0	2	4	3	3	3	1	7	5	6	-1	0	2	2	2	-1	0	-1	2	4	-1	1	0	3	3
339	0	1	2	3	5	1	1	0	2	4	4	2	4	2	6	4	3	7	5	8	4	3	7	4	8	4	4	6	3	7	3	3	5	5	6	5	3	6	4	8	3	2	5	3	7	1	2	4	4	5	3	1	8	4	6	5	5	11	7	11	2	3	4	3	5	2	3	2	3	3	4	3	6	5	9
340	1	0	1	1	1	2	1	-1	2	0	4	3	4	3	5	0	0	0	2	3	0	0	0	0	2	1	0	0	1	3	0	1	0	3	1	2	3	3	4	5	1	1	4	2	5	4	2	7	6	8	2	2	4	5	3	0	0	0	1	2	0	2	4	3	7	0	0	2	4	4	4	3	4	4	7
341	0	2	1	2	2	1	5	2	4	2	4	2	4	3	2	1	3	7	4	2	1	2	0	1	2	2	2	2	3	4	0	0	1	0	0	4	3	5	3	4	1	2	3	2	3	3	3	6	6	7	3	2	7	5	7	0	1	3	3	4	1	4	4	3	3	3	3	4	5	6	3	3	6	5	5
342	2	3	1	2	2	2	2	0	1	1	5	6	5	5	5	3	5	2	2	3	5	5	4	5	6	3	4	3	3	1	5	4	6	5	4	7	5	6	4	6	5	6	5	6	5	3	3	0	2	1	5	3	1	1	2	3	3	2	2	4	6	5	7	5	6	7	5	6	3	6	8	5	8	6	7
343	2	4	3	2	7	1	2	4	3	4	3	3	8	2	5	4	3	7	5	8	0	1	3	2	2	2	2	2	2	4	5	4	8	5	8	7	2	7	5	7	0	2	0	2	4	4	4	6	3	7	4	3	6	4	7	1	2	3	3	5	4	4	5	5	4	4	3	7	4	5	3	4	5	3	6
344	3	2	6	5	5	4	3	6	6	7	2	2	4	2	3	0	0	0	2	0	2	2	3	5	2	0	0	-1	2	0	1	1	5	4	1	1	1	1	3	2	0	1	2	1	0	-1	0	2	3	2	7	4	12	7	10	0	1	1	2	4	0	0	2	2	2	1	1	0	3	3	0	0	1	5	3
345	6	3	9	5	8	2	1	2	3	3	1	0	0	4	3	0	0	3	5	2	4	0	8	3	4	1	1	0	3	4	2	0	3	3	3	1	2	2	1	4	0	0	1	2	3	1	0	0	2	3	2	0	4	3	5	3	0	6	4	5	1	0	4	3	4	1	1	3	3	4	0	1	1	2	3
346	1	0	1	2	2	1	1	0	0	5	0	0	0	1	2	0	0	1	1	2	-2	0	0	0	2	2	0	-1	1	2	0	0	3	1	2	0	0	2	2	3	-1	-1	0	0	2	0	0	2	3	3	0	0	-2	1	1	1	0	-2	0	1	-3	0	-2	0	0	-1	0	0	0	1	0	0	2	3	4
347	1	1	0	1	3	2	3	3	2	3	2	2	3	4	6	2	2	2	2	3	0	0	2	0	1	1	1	2	3	5	-1	0	2	1	2	0	1	2	1	3	0	1	1	2	5	2	2	3	3	5	0	0	2	3	1	0	1	0	1	1	0	1	3	2	1	0	1	0	1	0	3	2	3	4	6
348	1	1	3	2	3	2	1	0	3	1	0	2	-2	2	1	4	2	1	3	5	2	3	2	2	3	0	0	0	0	1	1	1	0	2	2	1	2	0	3	3	1	2	1	3	0	0	2	0	4	2	3	2	3	2	4	3	2	2	2	4	3	2	3	2	1	2	1	1	1	1	0	1	-2	1	2
349	3	0	1	0	4	1	0	0	0	2	4	1	0	1	2	0	0	0	0	3	1	0	0	1	3	0	0	-1	0	0	3	1	2	2	3	0	1	2	1	2	5	2	6	2	6	1	1	1	1	1	2	0	2	0	0	4	1	7	3	4	4	0	4	3	3	4	2	4	3	4	2	1	3	1	0
350	2	2	2	3	3	2	3	3	2	5	2	3	6	3	5	1	2	0	1	3	0	1	0	2	0	2	2	2	2	4	0	1	0	2	2	2	1	4	2	2	0	1	-2	0	2	4	4	6	3	7	2	2	3	2	4	2	2	2	1	3	2	3	4	1	3	0	2	2	2	0	0	2	0	0	2
351	3	4	2	5	7	3	3	1	2	3	3	3	3	2	6	0	2	-1	0	0	4	2	4	3	6	3	3	5	2	7	4	4	5	1	6	5	4	5	3	8	5	4	4	4	6	5	3	3	3	5	3	3	1	2	4	2	4	2	1	2	0	2	0	1	5	7	4	7	5	7	1	1	1	1	2
352	0	0	1	2	2	0	0	0	3	2	1	-1	1	0	3	0	-1	1	2	1	-1	-2	-1	0	0	1	0	0	4	4	0	0	0	2	3	0	-1	0	3	2	-2	-1	0	1	1	0	0	1	2	0	0	-1	-2	1	0	0	-1	2	2	1	1	0	0	1	2	-3	-2	-3	0	0	2	0	3	3	5
353	4	2	8	7	7	3	1	4	6	4	0	1	3	1	2	1	1	4	2	3	2	0	5	5	5	2	1	5	3	5	3	1	5	4	3	0	1	2	4	2	4	2	7	3	5	5	2	7	4	8	0	0	5	3	5	2	0	4	4	2	2	2	3	3	1	-1	0	0	3	3	0	0	0	2	1
354	0	1	1	1	1	0	3	1	2	5	1	4	5	2	6	2	4	6	3	6	-1	2	1	0	4	1	3	1	1	4	0	3	0	3	4	2	2	3	3	5	2	2	6	3	4	3	4	6	4	8	2	4	6	3	7	4	4	6	4	8	1	4	3	3	6	3	5	6	4	7	-1	2	2	1	4
355	4	2	0	2	3	3	3	3	6	5	3	2	2	4	6	4	3	3	5	5	4	3	1	5	7	2	3	0	3	4	3	3	6	4	6	2	3	3	5	6	2	2	0	3	3	4	4	4	4	8	2	1	0	2	3	5	2	3	4	4	1	2	0	1	2	2	2	4	4	3	3	2	2	4	3
356	4	5	5	5	7	4	4	3	5	7	2	6	4	4	6	0	5	2	2	4	2	6	3	4	7	3	6	4	4	6	0	4	1	4	2	0	3	1	4	7	1	4	2	4	4	3	4	4	4	4	1	4	3	3	6	3	6	8	8	11	1	4	0	2	3	0	2	2	1	4	0	4	2	3	5
357	3	4	8	7	7	3	4	6	5	6	0	1	3	3	6	0	2	1	2	2	0	2	2	4	4	-3	2	1	3	1	2	4	4	7	6	2	2	3	3	2	0	2	0	1	2	2	3	2	5	3	1	2	2	3	3	2	4	7	5	6	1	1	5	4	3	0	3	5	2	0	0	2	2	5	5
358	3	1	5	5	5	0	1	0	2	2	2	1	4	3	4	1	1	4	3	5	4	0	5	1	5	0	0	0	3	3	2	1	4	4	4	3	2	5	4	4	3	1	7	6	8	-1	0	0	2	3	0	0	1	0	3	2	1	3	4	3	0	1	2	2	2	3	1	6	6	5	0	0	0	2	0
359	0	0	0	0	1	0	0	0	0	0	0	0	3	2	0	0	0	0	0	0	-1	0	0	1	0	-3	-1	-5	-1	-3	0	-1	0	0	1	0	0	0	1	2	-5	-2	-3	-1	-1	0	0	2	1	1	0	-1	1	0	0	-1	-1	-2	0	-4	1	-1	-1	0	0	0	0	1	1	0	-1	0	0	0	0
360	5	4	4	5	6	8	7	10	9	9	7	4	4	4	7	8	5	6	6	7	7	5	9	6	9	6	6	5	8	8	6	7	6	5	9	7	5	4	6	7	4	6	5	6	11	5	4	5	4	4	7	6	8	4	8	8	5	6	7	6	4	3	2	6	8	7	6	8	7	9	7	5	5	8	8
361	2	4	5	4	4	1	3	1	3	1	4	4	5	5	4	0	2	0	1	1	4	5	8	5	7	3	4	2	4	4	0	2	-1	1	1	0	4	1	1	1	1	3	-1	1	0	1	2	1	4	4	3	4	3	4	3	0	3	1	1	1	2	5	1	3	2	0	3	0	2	1	2	4	6	5	6
362	2	2	3	5	7	4	3	3	4	6	6	4	9	6	9	3	4	6	7	5	0	2	0	4	2	2	3	6	6	4	0	3	0	3	1	6	5	6	7	7	5	2	6	6	9	2	2	2	3	3	2	4	4	3	4	2	4	6	5	7	0	2	0	2	2	6	5	6	8	8	4	3	7	6	5
363	2	4	3	4	4	0	3	1	4	3	4	5	6	6	7	1	4	2	5	4	2	5	5	6	2	1	3	0	4	4	0	4	2	6	6	0	4	1	4	1	0	3	4	3	2	0	3	3	5	2	1	5	5	6	5	1	3	3	6	5	0	2	2	6	3	0	2	0	2	1	0	2	1	4	1
364	3	4	3	4	4	4	3	3	3	7	4	4	4	3	3	0	4	2	4	6	-1	2	-1	1	2	3	3	5	5	7	3	4	4	3	5	3	3	3	3	3	2	5	5	3	4	-1	1	1	1	2	4	4	4	3	7	4	5	6	5	9	4	5	7	7	8	0	2	1	2	3	2	4	4	5	6
365	2	0	1	2	3	3	1	3	2	3	5	2	7	4	8	4	1	4	5	6	0	1	1	2	5	2	2	2	4	5	4	1	2	3	3	1	0	0	3	2	2	2	3	2	3	2	1	2	4	2	0	1	1	1	1	1	1	3	2	3	4	2	5	4	7	0	1	3	3	2	1	0	0	3	5
366	-1	0	-2	-1	0	6	2	3	3	5	3	1	4	3	2	1	1	1	1	2	3	3	5	5	5	4	1	3	2	3	2	2	5	2	2	2	2	2	3	4	2	2	3	2	4	4	3	5	5	4	5	2	6	4	4	4	3	3	4	4	3	2	4	3	5	4	3	3	4	1	3	2	0	0	1
367	5	5	6	8	5	1	3	2	6	5	1	4	3	5	6	4	5	6	8	7	2	4	5	7	6	0	3	0	5	3	0	5	1	6	5	0	4	2	6	3	2	4	3	6	4	1	3	2	3	2	0	4	4	6	4	0	4	1	5	3	2	4	3	5	3	0	3	1	4	1	0	4	3	6	5
368	2	3	0	2	2	1	2	1	2	2	1	2	1	1	4	1	3	1	3	4	0	2	1	0	1	4	1	4	4	6	0	2	-2	1	1	4	4	3	4	5	1	1	0	2	2	0	2	0	2	1	3	3	0	0	3	1	2	2	3	3	0	1	-2	0	1	2	2	0	2	2	1	2	3	3	6
369	6	6	8	8	9	4	4	7	7	9	6	5	10	9	10	4	3	5	5	8	1	3	6	6	6	0	3	5	3	3	4	3	6	7	7	0	2	3	4	5	0	1	2	3	3	2	4	9	6	9	4	3	2	5	4	3	4	4	6	8	0	2	1	4	3	-3	0	-1	0	0	3	3	4	5	4
370	1	2	-1	1	0	1	2	3	1	1	0	2	4	4	5	1	1	3	1	1	2	3	2	3	4	0	1	0	2	1	1	2	1	1	1	0	1	4	3	2	4	2	5	2	4	0	0	1	0	0	3	2	4	3	4	1	2	1	1	0	1	1	0	0	0	4	2	3	4	2	4	4	3	3	4
371	4	6	11	7	9	5	4	9	6	11	4	4	7	6	9	6	6	10	8	10	4	3	5	5	9	3	4	7	4	9	3	3	6	6	7	4	3	8	7	9	3	4	6	4	9	4	5	8	7	8	1	4	4	5	5	5	4	6	5	5	6	5	8	4	7	5	2	5	5	8	2	4	5	4	7
372	1	1	6	3	1	0	0	4	0	2	0	0	1	0	2	1	0	2	1	1	0	0	1	0	2	0	0	4	3	4	1	0	1	3	1	0	-1	-4	-2	0	0	-1	1	0	0	0	0	3	1	0	0	0	1	0	0	0	0	1	-1	0	1	0	5	4	4	2	0	8	2	4	1	1	5	2	2
373	-1	2	2	3	2	3	4	5	4	4	2	3	3	3	5	3	5	5	5	7	0	2	1	2	1	2	4	6	3	5	6	4	6	6	8	-1	1	0	1	1	1	3	6	3	6	1	3	2	5	6	3	3	2	2	5	1	4	2	4	5	0	3	0	2	2	-1	2	0	1	2	-1	1	-1	0	2
374	0	0	0	5	-1	4	2	4	6	6	1	2	5	5	5	2	2	1	5	2	4	2	3	5	4	2	1	3	6	1	6	3	5	8	5	4	1	5	6	5	2	0	4	6	1	2	1	1	4	2	2	1	1	3	3	2	0	0	5	1	5	2	4	5	8	3	2	6	6	5	0	1	1	4	2
375	4	2	2	3	1	2	1	2	2	3	2	0	0	4	1	3	2	2	4	4	6	3	5	6	5	1	1	0	0	-2	2	2	3	4	2	4	2	6	6	4	4	1	2	4	1	2	3	3	3	1	4	2	4	5	4	5	1	4	4	3	3	3	3	4	5	2	0	0	1	0	2	1	1	2	2
376	1	2	3	3	4	4	3	4	5	5	1	2	4	3	4	3	3	4	4	5	3	3	4	4	3	1	0	0	1	1	2	2	3	3	4	2	3	5	3	3	1	1	0	4	1	0	0	0	0	0	2	2	1	3	3	1	4	3	3	5	1	2	3	2	1	4	3	5	5	6	2	0	0	1	1
377	4	0	4	4	5	0	1	2	4	4	2	1	6	4	6	2	0	5	4	4	1	0	5	3	4	1	0	3	3	4	3	2	5	5	5	5	0	4	3	5	0	0	4	5	3	3	2	7	4	8	0	0	1	1	1	0	0	0	1	0	5	3	7	5	7	2	0	0	3	1	3	1	8	3	4
378	4	2	3	7	6	4	1	1	5	5	2	2	0	5	4	2	1	0	6	3	4	1	2	7	5	2	1	2	4	3	2	2	0	2	2	5	1	4	5	4	3	1	0	5	3	3	1	3	5	4	2	0	0	4	3	3	2	0	6	2	2	1	1	5	2	4	2	3	6	3	6	2	2	4	3
379	3	1	3	2	2	1	1	3	2	4	3	2	4	4	3	2	1	5	4	2	2	0	1	3	2	2	1	1	5	2	3	1	4	3	3	1	0	-1	1	0	3	1	4	5	2	4	2	5	5	4	3	1	2	3	1	2	2	3	4	2	0	0	2	2	2	2	0	1	2	3	2	2	4	4	2
380	1	1	1	1	1	1	0	2	0	1	-1	0	-1	-1	0	-2	0	-1	0	-2	-1	0	0	0	0	-1	1	0	1	1	-1	1	0	-1	-1	-1	1	3	0	1	0	3	2	0	1	-1	1	0	-1	-3	0	0	0	0	0	0	0	2	0	0	-1	0	-3	-2	0	-2	0	-1	0	0	0	1	1	2	-2
381	1	2	0	0	2	2	0	5	3	2	0	1	-2	-1	0	1	0	1	0	2	3	3	4	5	4	2	3	0	0	0	0	2	4	1	3	2	3	4	3	3	1	2	2	2	3	5	4	4	5	2	4	3	6	1	4	5	4	7	4	7	2	3	5	2	4	5	3	8	5	5	2	4	3	3	2
382	-1	2	0	1	1	4	3	2	4	4	2	2	4	1	1	2	4	2	3	6	5	4	4	5	7	4	2	5	3	4	1	1	0	1	2	4	3	5	4	7	4	3	4	4	6	1	3	3	1	5	2	2	2	0	3	0	3	0	1	2	1	1	0	1	1	-2	1	-2	0	1	0	2	1	1	3
383	1	3	2	2	4	0	2	1	1	2	-2	1	0	0	1	3	4	4	0	5	2	1	1	0	4	0	3	4	0	4	0	2	0	-2	0	4	3	4	1	6	0	1	2	1	4	4	3	5	2	7	1	4	4	0	6	1	2	5	2	3	2	4	4	1	3	2	2	1	2	5	2	3	6	2	4
384	4	3	5	5	6	2	1	0	4	4	1	1	1	1	3	1	1	-1	3	3	0	0	0	3	2	0	1	1	4	2	-1	1	-1	0	1	0	1	0	1	2	3	3	4	5	7	-1	1	-2	0	1	5	2	5	6	5	0	2	3	2	4	3	3	2	5	4	2	2	2	2	3	0	2	0	3	1
385	6	4	8	3	7	2	3	3	3	4	3	2	2	2	2	1	3	2	3	3	0	3	2	2	3	4	5	4	4	6	3	4	4	3	5	2	4	4	3	4	0	2	0	1	2	1	3	3	3	0	0	2	0	0	2	0	2	3	1	1	5	3	6	5	7	6	3	4	5	8	0	2	4	3	1
386	6	2	7	6	7	3	2	6	7	6	4	1	3	5	5	5	1	6	7	7	1	1	4	6	7	4	3	6	5	8	3	1	8	5	5	2	1	4	4	3	4	2	7	7	5	3	1	4	5	5	2	1	2	5	3	3	0	3	4	5	2	1	2	6	4	4	2	6	5	7	2	1	5	4	5
387	3	3	3	5	5	-2	3	2	3	0	0	2	4	6	3	0	2	3	4	6	1	3	3	5	2	1	1	3	5	3	1	2	2	4	3	1	2	4	6	4	3	2	4	5	4	2	4	4	6	7	1	2	4	5	4	1	1	3	4	3	4	3	10	6	6	1	3	4	3	3	1	2	4	3	3
388	0	0	0	1	2	0	1	0	2	2	2	1	0	1	3	1	2	3	2	2	1	3	5	5	6	2	1	1	3	3	2	2	1	3	3	0	2	1	2	2	0	1	-2	1	2	0	2	0	1	2	-1	0	0	1	3	0	1	0	5	3	0	1	4	3	4	1	1	2	3	5	-2	1	-3	0	1
389	0	4	4	3	3	-2	2	0	0	3	0	3	1	2	4	2	4	3	2	3	1	3	4	3	5	0	2	2	3	5	0	3	2	2	2	0	1	3	4	6	-1	2	1	1	4	3	2	4	3	4	1	2	2	4	4	0	1	1	2	3	1	3	4	3	5	2	3	4	4	5	1	3	5	4	5
390	3	2	5	5	5	0	0	0	1	2	0	1	0	3	2	3	0	6	7	4	4	1	5	4	4	1	1	3	2	2	3	1	4	3	5	5	3	6	7	5	2	1	3	3	4	0	1	2	3	4	1	2	1	3	2	0	0	2	2	2	2	1	4	4	4	2	1	3	3	5	2	1	5	4	1
391	0	2	0	2	5	2	1	2	3	5	0	1	1	1	3	0	1	0	1	0	0	0	0	1	4	0	0	1	3	3	1	1	2	2	4	-2	0	-1	1	1	4	3	6	4	6	0	1	0	3	0	0	1	1	5	3	0	1	1	2	0	0	2	3	3	2	0	0	1	3	2	-2	0	-3	0	-1
392	4	1	6	3	8	0	-1	1	1	0	1	0	1	2	2	-1	0	-2	0	-1	-2	-2	-2	0	-2	1	0	3	2	3	3	0	4	0	2	1	0	0	2	3	-1	0	0	0	3	-1	-1	-2	0	-1	-1	0	0	0	0	0	0	3	2	1	-3	0	-2	-2	0	3	1	5	2	3	0	0	0	0	0
393	0	2	2	3	0	2	5	2	3	2	2	5	5	6	3	2	3	2	5	3	-3	3	0	2	1	1	4	4	4	4	6	5	7	6	7	0	4	5	5	3	3	4	7	4	7	3	4	5	4	2	3	4	7	5	5	3	4	5	5	2	3	5	5	7	5	1	2	3	4	1	2	3	4	5	5
394	4	3	4	3	4	-1	2	0	1	0	3	4	4	3	5	1	3	0	2	0	2	2	-1	1	3	0	2	1	2	0	4	3	1	2	5	2	2	0	1	0	0	1	0	0	0	2	1	1	4	1	-1	3	0	0	0	2	3	-1	2	0	6	5	4	4	5	2	2	1	2	3	3	3	3	5	5
395	0	0	0	0	1	-1	2	-1	1	-1	1	3	3	3	5	0	2	1	2	3	5	4	5	5	7	4	2	3	3	6	-1	1	-2	0	0	4	2	4	1	4	-1	2	0	1	2	1	3	2	3	2	1	1	1	3	4	0	2	1	0	0	0	3	0	1	1	1	3	3	2	3	2	3	4	2	2
396	0	1	2	1	3	4	3	8	5	10	6	4	8	6	8	1	3	4	3	6	2	1	0	1	2	3	3	5	7	9	5	4	8	5	8	0	1	4	3	2	3	4	2	2	5	1	1	3	3	3	3	2	5	4	5	3	2	6	3	7	-1	1	2	2	3	1	2	3	3	6	1	3	5	2	7
397	0	1	0	3	3	2	0	1	4	3	1	2	0	3	3	0	1	0	1	0	0	2	-1	1	2	1	1	0	1	4	3	1	2	4	4	3	2	5	3	7	2	2	4	4	3	2	1	2	3	3	1	2	3	4	2	0	0	0	3	3	-3	-1	-2	0	0	0	1	0	3	3	1	2	0	3	4
398	1	3	3	4	2	0	1	1	3	2	0	4	1	3	1	5	4	6	9	8	0	3	0	4	2	2	5	5	4	5	1	2	4	5	4	5	6	7	5	7	3	5	4	6	5	5	6	7	8	8	2	4	4	5	7	0	3	1	3	3	1	4	5	4	5	2	4	4	4	5	2	4	2	5	3
399	0	2	0	3	2	2	2	0	3	5	-2	0	-1	0	0	-2	-1	-2	0	0	0	0	0	3	4	0	1	1	4	5	2	3	3	4	3	-2	0	-2	0	0	0	1	-1	3	1	0	1	-3	2	2	1	0	1	2	1	1	2	3	4	4	4	3	3	6	5	0	1	-1	2	2	2	1	0	2	3
400	0	0	-1	1	1	6	2	7	6	5	3	1	2	4	2	2	2	3	2	5	1	1	2	3	4	0	1	0	2	0	0	1	3	4	2	0	0	0	2	0	1	1	5	3	1	2	2	3	4	4	0	0	1	3	3	0	0	-2	1	0	2	1	3	4	1	1	2	2	3	4	1	2	3	3	3
401	3	2	7	4	4	0	1	1	2	1	0	0	3	2	1	-1	0	2	1	2	5	2	8	6	7	0	1	3	2	0	1	3	5	5	5	0	0	2	1	1	3	2	5	3	4	2	2	4	1	3	-1	0	1	0	1	3	2	7	2	2	2	2	4	4	5	3	2	4	4	5	0	0	1	3	3
402	0	1	0	-1	0	-1	0	-3	0	-2	0	0	0	-1	1	0	0	0	1	0	1	0	1	1	0	0	0	0	1	0	0	1	0	2	0	1	1	2	2	3	1	2	1	2	2	3	2	4	3	2	-1	1	0	1	2	0	1	2	2	0	-1	0	-1	1	0	0	1	4	4	3	0	0	-2	3	-1
403	0	2	0	2	2	0	2	2	1	3	1	3	3	2	3	0	2	2	1	5	-1	1	-1	1	0	4	2	3	3	4	0	1	1	0	1	2	3	2	5	5	1	2	-1	1	3	0	2	2	1	1	3	4	4	3	4	1	0	0	3	4	2	2	4	2	5	3	2	6	2	6	3	3	3	4	4
404	3	1	2	2	4	2	0	2	2	5	2	2	4	3	4	3	1	4	2	2	2	1	6	3	7	0	2	1	2	3	1	2	1	2	3	7	3	7	6	9	5	2	8	4	7	2	0	1	2	2	3	3	3	3	2	2	3	4	3	3	2	2	2	4	2	4	3	5	2	5	4	2	4	3	5
405	5	3	7	6	11	3	4	4	6	3	4	3	3	6	6	4	3	4	3	5	0	0	3	2	1	0	3	2	3	4	4	4	0	4	6	1	2	0	3	2	1	2	2	3	3	3	3	2	5	5	3	3	1	5	5	2	3	0	3	4	4	4	2	5	4	2	2	3	4	3	3	2	1	6	5
406	0	4	0	2	4	2	3	2	3	3	-2	0	-1	0	0	0	1	-1	3	0	-1	1	-1	1	1	0	2	0	1	2	-1	0	-4	0	0	0	1	1	1	2	0	2	1	4	3	3	3	2	5	4	-1	1	-3	0	-1	0	2	1	3	4	-1	2	-1	1	0	-3	0	-5	-1	-1	1	3	2	3	2
407	2	3	1	0	3	0	3	0	0	3	1	1	3	2	4	3	3	2	0	4	2	2	4	2	4	1	2	0	0	0	0	1	1	1	3	4	3	4	2	4	1	2	0	0	2	4	1	4	0	6	2	2	2	1	6	3	3	5	2	7	4	2	4	2	4	1	4	3	1	5	3	3	3	2	7
408	3	4	3	2	7	1	4	3	2	3	3	3	2	2	5	1	3	1	2	2	1	3	5	0	4	5	3	4	5	7	4	4	7	3	6	3	4	5	3	6	1	5	4	3	4	3	5	5	2	6	3	4	1	0	4	2	4	3	3	6	-1	2	0	2	4	1	4	2	2	2	1	4	4	4	4
409	0	0	0	0	1	4	1	1	4	4	0	1	1	3	2	0	0	5	1	3	1	1	0	2	4	1	0	0	2	1	3	1	2	4	6	1	-1	-1	2	0	5	2	8	4	6	3	1	1	3	3	2	0	2	3	2	3	0	2	2	0	1	0	2	2	3	-2	0	0	0	0	1	0	2	2	3
410	1	1	6	4	2	1	1	2	2	0	0	2	2	2	0	1	3	4	2	1	5	2	2	5	3	1	2	4	3	1	0	1	3	2	0	1	2	0	2	0	-1	0	0	2	0	4	2	5	4	4	5	3	5	4	5	-1	2	1	2	1	0	1	0	1	1	2	3	4	3	3	5	3	8	5	6
411	7	4	9	3	9	3	2	5	0	5	3	1	5	1	3	6	4	8	4	8	7	3	9	3	5	1	2	3	0	4	1	3	0	0	2	6	4	4	1	7	4	3	3	2	5	0	1	0	0	2	5	2	4	2	6	5	3	6	3	8	4	4	4	3	4	5	3	6	3	7	3	2	3	1	5
412	0	4	3	2	4	2	4	4	4	6	2	2	3	3	5	0	2	0	1	4	1	3	0	3	5	0	3	0	2	4	0	2	2	0	4	0	2	1	2	3	0	2	2	0	3	2	3	6	3	5	0	1	0	1	3	2	2	2	3	3	5	5	4	4	6	1	2	0	2	3	0	3	3	2	4
413	4	2	2	5	3	3	3	5	4	5	2	2	2	5	4	0	1	4	2	2	1	0	2	1	4	3	2	6	4	5	0	0	0	0	0	5	2	8	7	4	4	1	7	4	5	0	0	0	1	1	-1	2	0	2	1	0	1	2	3	3	4	2	4	5	4	2	1	5	3	5	2	2	4	4	4
414	3	3	2	6	4	0	4	5	5	6	0	3	1	3	2	0	3	1	6	3	0	2	2	5	4	0	2	1	4	4	-2	1	1	1	3	1	2	1	2	3	4	3	9	7	6	1	3	3	4	4	0	3	4	4	7	0	2	1	2	0	1	5	4	5	6	1	5	4	5	4	0	2	3	4	2
415	2	1	1	0	3	1	1	3	1	2	1	1	2	1	0	4	3	3	1	5	2	1	3	0	3	3	3	4	3	5	0	2	3	0	2	-1	1	-3	0	0	0	0	-1	0	0	-1	1	-1	0	0	2	3	5	2	5	0	1	1	1	2	2	2	4	2	3	3	3	3	2	3	0	2	0	1	2
416	1	1	2	1	4	4	1	4	1	4	-2	0	0	0	1	-1	0	0	0	-1	1	0	0	1	2	1	0	1	0	0	0	1	3	0	2	0	0	2	0	0	0	0	0	0	-1	0	0	1	0	0	-2	0	-2	0	0	-2	-1	0	-1	0	-2	-1	-2	-2	-2	-3	-2	-2	-1	-4	0	0	-2	0	2
417	4	4	4	2	4	4	3	2	2	7	3	0	3	2	4	2	2	1	0	4	0	1	0	0	2	1	3	1	1	3	0	1	1	0	1	0	1	2	1	2	2	2	0	0	0	5	3	3	3	4	3	3	0	2	2	5	1	4	4	6	3	4	7	5	7	2	1	5	4	4	2	3	0	2	5
418	3	4	6	6	8	1	2	3	4	5	2	2	3	2	5	3	3	7	5	6	-3	2	2	2	2	1	2	5	3	5	0	3	5	3	6	2	3	3	4	6	1	2	0	2	2	0	2	0	3	2	3	3	4	4	6	0	3	4	4	6	0	2	2	4	1	0	1	1	3	4	0	1	1	3	4
419	5	3	5	5	6	2	4	4	5	4	1	2	2	3	3	5	5	5	5	5	3	4	3	4	4	3	3	2	4	4	4	3	5	5	5	1	3	1	3	3	0	1	0	1	1	3	3	1	4	2	1	3	1	3	1	3	4	4	4	5	0	1	1	1	0	2	4	2	5	3	5	5	8	6	7
420	3	3	3	3	5	4	1	4	4	4	3	3	4	2	6	0	2	1	2	4	0	2	0	0	2	1	2	3	1	5	3	3	5	3	5	4	2	3	5	5	1	3	3	0	4	2	1	0	1	4	0	0	0	1	1	0	2	3	3	3	1	1	1	2	2	0	0	0	0	1	0	2	1	0	3
421	4	3	4	3	7	4	5	3	3	8	5	5	6	5	5	1	2	2	0	3	5	5	6	5	10	2	3	2	2	4	3	3	4	2	7	4	5	7	5	11	2	3	2	2	8	1	3	0	2	7	4	5	4	3	8	0	3	1	2	3	4	4	3	3	7	1	4	3	1	5	5	3	4	5	6
422	2	5	6	4	6	3	4	5	4	4	0	3	5	2	4	1	3	3	3	2	4	5	3	3	4	4	4	2	2	4	0	2	6	3	1	1	2	1	1	3	3	3	4	1	5	3	2	4	3	3	2	2	4	4	3	3	4	5	3	3	0	2	3	2	2	3	3	4	5	5	2	3	3	2	3
423	0	2	2	4	3	3	2	5	2	3	0	2	0	0	1	4	3	4	3	5	4	2	2	3	5	0	3	0	4	4	5	1	3	4	4	3	2	3	2	4	1	2	1	2	3	0	2	0	1	2	0	3	0	2	5	1	3	2	3	4	2	2	3	2	3	0	1	-1	1	1	1	1	3	3	5
424	4	3	3	5	3	2	3	6	4	3	4	5	9	5	8	3	5	4	5	4	5	4	6	3	7	2	3	4	5	5	5	4	4	4	6	2	3	3	3	3	6	5	6	6	8	2	4	2	3	5	1	3	3	3	3	0	2	1	3	5	4	5	5	6	7	2	4	4	5	5	1	2	2	1	2
425	-1	0	-2	2	2	0	0	2	4	3	0	1	1	2	3	1	0	2	3	4	0	0	0	3	3	2	2	0	4	2	1	1	1	5	4	1	1	1	4	5	1	1	0	4	3	1	0	2	5	5	-1	0	-2	2	0	1	1	0	2	2	0	2	3	4	6	0	2	2	2	3	1	0	1	2	4
426	1	3	0	0	0	3	4	2	2	3	1	5	5	2	6	1	3	2	3	3	1	3	2	3	1	5	2	4	1	5	1	4	3	1	4	2	3	5	2	2	1	3	0	2	0	4	2	3	1	1	5	3	4	2	3	3	3	0	1	3	2	3	2	0	2	2	3	6	2	2	2	4	3	3	3
427	6	4	4	7	6	7	4	10	6	9	4	5	5	4	6	3	4	5	5	6	5	5	9	8	8	1	3	3	2	5	8	5	7	8	7	5	5	7	7	5	6	4	7	7	8	3	5	6	5	5	6	5	5	7	7	2	5	3	5	5	4	5	5	5	6	1	4	3	4	3	5	4	6	6	8
428	3	3	3	3	5	3	3	2	3	4	2	4	4	3	4	2	4	6	4	7	1	3	1	1	5	3	4	2	3	4	1	3	1	2	4	0	2	0	1	2	0	1	0	2	0	5	4	5	4	5	5	4	6	3	7	3	4	5	3	6	-1	2	0	0	2	0	3	0	3	2	4	4	5	5	8
429	5	4	9	3	6	7	6	8	4	5	7	6	12	5	5	4	3	3	3	3	5	3	4	3	3	3	3	5	4	5	5	2	6	5	3	4	3	4	4	2	4	3	5	4	4	4	4	4	1	7	4	2	4	2	2	6	4	8	6	7	4	3	3	4	4	2	1	1	0	3	4	4	6	3	3
430	-3	-2	-2	-2	-2	1	1	0	1	2	1	1	0	3	3	0	1	0	3	2	-1	0	0	2	1	1	1	1	3	2	0	0	-2	2	0	1	1	1	4	2	2	1	1	4	3	2	1	0	4	2	0	1	2	2	1	1	0	6	6	4	-1	1	-1	1	0	1	2	0	3	2	-1	-1	0	1	0
431	2	2	3	2	5	1	2	0	0	2	4	2	2	2	6	2	2	2	1	3	1	2	1	2	5	1	1	1	3	5	-1	2	0	1	1	4	2	2	3	6	4	3	2	3	4	0	1	0	0	1	1	4	-1	0	4	2	3	4	3	6	2	3	3	3	7	4	4	7	6	6	0	3	2	1	2
432	2	1	5	8	3	2	2	6	9	3	0	0	3	3	3	1	1	3	6	5	1	1	4	6	4	5	2	6	8	7	0	2	5	8	4	0	1	2	5	3	4	0	4	5	5	0	0	4	5	3	1	0	8	5	3	0	1	4	4	1	0	2	4	6	5	3	2	4	6	3	1	0	2	7	4
433	1	2	3	2	1	1	3	3	3	5	2	2	2	3	3	3	4	6	6	5	6	5	6	6	6	6	4	4	4	3	0	2	2	4	1	0	2	2	1	1	1	3	4	2	3	3	4	5	7	4	4	4	6	6	6	2	2	1	3	2	4	2	5	5	3	3	2	3	4	3	2	2	3	2	2
434	-1	0	-2	2	-2	2	1	1	2	4	-2	0	-2	0	0	0	1	1	2	3	-2	1	-1	0	0	0	2	0	0	2	0	0	0	1	2	-1	1	0	2	1	0	1	-1	0	2	2	3	2	1	2	0	2	3	3	3	1	2	1	3	2	0	1	0	3	3	0	0	-1	1	2	2	2	1	3	4
435	0	0	2	4	2	0	-1	2	1	3	0	0	2	1	5	2	1	3	5	6	2	0	2	5	5	4	1	6	4	6	6	1	7	6	9	2	0	2	3	6	1	0	2	2	4	3	1	6	3	4	3	0	4	4	5	3	1	8	6	7	0	0	3	3	5	0	-1	4	3	2	4	1	5	4	6
436	2	1	0	4	0	0	2	0	5	0	1	3	2	4	4	-1	0	-2	1	-1	0	1	0	3	0	-1	0	-1	4	1	-1	1	0	3	0	0	2	0	2	1	0	1	0	3	-1	2	1	3	3	3	2	3	2	5	2	0	1	0	4	0	0	2	0	4	2	0	1	2	3	0	-2	1	0	2	-2
437	1	0	2	4	4	0	0	3	5	3	1	0	0	3	3	0	0	-1	2	2	5	1	7	8	6	2	1	1	3	4	0	1	2	4	4	4	0	7	5	9	6	1	7	7	9	1	0	3	4	4	0	0	2	3	5	2	1	4	5	3	0	0	2	2	3	1	1	1	3	3	2	0	3	5	4
438	2	2	3	4	4	4	5	9	7	5	2	4	5	6	4	5	3	4	5	3	3	4	6	7	6	5	6	6	6	7	3	3	3	3	2	1	4	3	3	4	1	3	3	2	2	0	2	3	1	3	0	3	4	3	2	4	3	6	5	4	3	3	4	3	5	3	4	7	3	7	2	3	4	3	5
439	-3	0	-3	-2	0	-1	0	-3	-1	-1	-2	0	0	2	2	0	0	-2	-1	-1	-3	-1	-5	0	-2	-3	-1	-4	0	-1	0	-1	-2	0	0	-1	0	0	0	1	0	0	0	-1	0	-1	0	-1	0	0	-1	0	-1	0	1	-1	0	0	1	3	1	0	1	0	2	0	0	-1	0	1	0	1	0	1	0
440	2	2	2	2	5	1	1	1	1	4	5	3	5	2	6	2	2	1	2	2	6	4	4	4	8	4	3	4	3	6	1	2	0	2	1	2	2	1	1	3	6	4	5	4	7	0	0	0	0	1	4	3	3	4	4	4	3	3	3	4	3	2	0	4	4	5	2	1	2	4	2	2	2	4	4
441	-1	1	-1	0	2	0	0	1	1	1	-2	-2	-3	0	0	2	0	0	0	3	0	2	1	2	0	2	1	0	1	3	1	1	3	1	2	1	1	1	2	3	2	2	2	0	6	2	1	3	1	4	0	1	0	0	2	0	0	2	1	0	3	3	3	1	5	2	2	5	3	3	2	1	1	1	4
442	1	2	0	4	3	0	4	4	5	6	0	3	6	5	6	0	5	3	3	2	5	3	5	6	6	0	1	0	4	1	2	2	2	4	3	4	6	4	5	6	1	3	4	5	4	3	4	4	5	3	3	4	2	5	2	0	3	3	4	2	6	5	6	7	5	2	5	3	4	3	0	5	2	4	4
443	0	2	1	2	2	3	2	6	4	5	1	2	2	2	4	2	3	5	5	6	2	2	6	5	7	4	3	9	7	7	0	2	4	2	4	1	4	6	4	5	0	3	6	3	5	0	2	2	2	3	-2	2	0	3	0	0	1	1	1	2	3	2	7	5	6	4	5	7	4	8	0	2	1	2	1
444	4	3	2	1	4	0	2	0	1	4	0	3	4	4	4	4	2	2	4	8	1	2	1	0	4	0	1	0	-1	2	1	2	2	1	4	3	3	4	3	6	3	2	4	4	6	3	4	4	3	8	0	2	1	3	4	4	5	7	5	10	1	5	5	4	6	0	2	2	1	5	1	2	3	2	6
445	1	2	4	4	5	1	1	5	2	3	0	1	2	4	2	3	2	4	5	3	1	2	4	2	4	0	2	2	1	3	0	0	0	4	1	2	2	2	4	2	0	1	0	2	3	1	1	3	6	3	0	1	1	1	1	1	2	3	6	2	3	4	5	4	5	2	2	0	3	3	-2	1	-1	2	1
446	3	1	4	4	6	2	2	2	4	5	0	0	0	1	2	2	1	6	5	5	0	0	0	1	2	0	1	1	3	5	4	1	6	4	9	1	2	6	5	7	2	1	2	5	3	0	0	-1	0	1	2	1	2	5	4	0	1	1	3	3	4	0	1	5	6	3	1	4	6	3	2	0	4	4	4
447	0	1	3	2	5	0	0	3	3	3	2	0	1	3	4	1	0	3	4	3	3	0	2	3	3	2	2	2	3	5	0	1	2	1	3	0	0	1	2	4	0	2	2	2	4	1	1	2	3	6	0	0	4	3	6	0	1	0	1	0	0	2	3	5	5	2	1	7	4	6	2	0	1	0	5
448	5	2	5	6	8	4	1	6	3	7	3	1	6	3	7	1	1	2	1	3	4	1	6	2	3	6	1	3	4	5	2	1	1	2	2	3	0	1	4	3	4	1	5	5	7	7	2	4	3	6	3	1	3	3	7	4	0	2	4	4	2	0	2	4	4	8	1	8	7	9	4	0	3	3	6
449	0	0	1	1	4	-3	1	-1	1	0	-2	0	-1	0	0	-3	0	0	0	2	-1	2	2	3	1	0	2	-1	1	2	0	1	-2	2	1	0	2	0	2	3	-1	0	-2	1	2	0	0	0	0	3	-4	1	-2	0	0	0	0	0	2	2	0	2	0	1	1	0	1	-2	2	2	0	0	-1	1	1
450	1	1	5	4	4	0	-1	1	0	1	-2	1	3	0	0	-1	0	0	1	0	0	0	1	2	1	0	0	5	1	0	-4	0	-1	0	-1	-1	1	1	0	0	0	0	1	2	0	-2	0	0	0	-1	-1	0	2	1	1	-1	2	3	1	0	0	0	4	2	2	0	0	1	1	2	3	3	5	4	5
451	4	5	3	5	5	0	5	2	4	3	4	5	4	4	5	5	5	6	6	6	4	6	6	4	5	2	6	4	4	6	1	5	5	6	5	2	4	2	6	6	5	6	8	6	9	1	4	2	3	2	3	5	4	3	5	3	6	1	4	3	4	6	7	6	6	4	5	4	6	6	6	6	6	7	7
452	2	3	6	4	8	1	3	2	5	4	3	4	6	6	8	0	3	1	6	5	0	3	1	5	5	3	5	9	6	8	2	5	5	6	8	1	2	2	3	3	1	2	5	5	6	4	3	6	6	7	1	4	9	6	5	3	2	5	5	5	0	4	1	5	2	0	4	4	7	6	3	3	7	8	8
453	0	3	1	1	3	4	6	3	6	5	3	4	5	5	3	4	4	1	4	4	0	2	0	1	0	2	4	1	0	4	4	3	5	4	7	5	5	6	5	5	3	4	4	5	4	0	3	1	3	2	3	5	2	2	4	3	4	4	5	3	0	3	3	3	1	0	2	0	2	3	2	2	4	3	1
454	5	4	5	6	7	5	6	8	6	10	3	4	5	7	9	0	2	3	1	4	3	4	2	2	2	6	6	7	6	8	2	3	5	4	5	2	4	3	3	6	3	5	4	4	4	4	6	7	4	11	3	5	4	3	5	2	2	1	2	6	5	4	4	5	9	1	3	2	3	3	1	4	3	4	7
455	3	3	8	6	4	1	1	3	3	1	2	3	2	4	2	4	4	7	4	6	2	2	1	1	2	0	1	-1	0	1	2	3	6	2	3	7	4	8	6	8	3	1	3	5	2	1	2	1	1	4	2	1	4	3	4	4	3	6	4	7	2	2	3	2	3	4	2	6	6	5	5	1	5	4	3
456	-5	0	-6	-2	-1	-1	0	0	1	0	-3	0	-1	3	1	-2	0	0	0	1	-2	0	0	0	1	-2	0	-3	-1	0	-3	0	-2	0	-1	-4	0	-2	-1	0	0	1	1	2	6	-5	-1	-3	0	0	-2	0	-2	-1	1	-2	1	-1	0	1	-3	-1	-4	-1	0	-2	-1	-4	0	-2	-2	0	-1	-1	0
457	2	4	4	4	3	4	5	4	5	7	2	4	4	4	3	2	1	2	4	2	8	4	11	8	9	1	3	4	5	2	5	6	8	7	8	3	4	4	3	4	4	3	4	4	4	0	3	3	5	5	5	5	4	7	7	1	3	3	3	3	2	5	4	4	8	4	4	5	6	5	1	3	3	3	3
458	0	2	-1	1	3	0	2	1	2	3	0	0	-1	1	1	2	3	1	3	2	0	2	1	3	2	2	3	2	1	3	-1	2	0	0	0	1	2	5	3	4	1	3	3	2	2	0	2	0	2	2	2	3	5	3	4	0	2	1	5	1	0	2	-2	1	0	3	4	3	6	5	-1	3	2	2	2
459	1	4	2	3	6	2	4	5	6	7	0	2	5	4	7	1	4	2	4	6	0	4	5	4	6	-1	3	0	3	5	1	4	6	5	5	2	4	3	4	5	0	4	2	4	3	0	2	2	4	5	2	2	6	4	8	0	2	1	4	4	2	4	2	5	7	0	3	6	5	6	0	2	2	2	3
460	3	2	4	1	7	2	2	0	3	4	3	3	5	2	5	2	2	2	2	4	1	0	1	2	0	2	2	2	4	5	0	2	2	2	2	1	1	2	1	3	1	3	5	2	6	4	3	4	0	6	0	2	2	0	4	3	2	4	2	3	-1	2	2	1	1	1	0	0	-1	0	0	0	0	0	1
461	3	2	1	4	2	5	2	4	6	8	3	3	0	4	6	1	1	0	2	3	2	2	3	4	5	1	1	1	4	4	1	2	4	5	6	3	1	3	3	5	4	2	4	4	7	2	0	1	2	4	3	2	4	6	6	3	1	4	4	6	3	4	5	4	7	4	0	2	5	6	3	1	2	1	3
462	5	2	3	3	6	4	3	3	2	4	4	2	5	2	3	2	2	2	1	3	5	3	4	3	6	5	4	8	3	6	5	3	6	3	6	2	1	3	2	4	1	3	3	2	1	2	2	3	3	5	4	2	5	3	3	1	2	2	3	1	6	4	6	4	4	2	3	3	3	2	1	2	2	1	2
463	2	2	3	1	6	1	2	4	1	3	3	3	5	4	5	1	4	3	3	6	0	2	0	0	2	2	1	3	2	4	2	3	3	0	3	3	3	3	3	5	3	3	3	3	5	4	2	2	3	4	3	3	2	2	3	0	3	2	1	6	4	4	5	3	4	5	5	7	5	10	3	3	3	1	5
464	-3	0	-3	0	0	0	2	0	0	4	0	2	1	1	4	1	2	1	1	2	2	3	1	1	7	2	3	0	1	4	1	3	3	4	6	1	3	4	3	5	-1	1	-1	0	1	2	4	4	2	5	2	3	5	3	7	1	2	1	2	4	0	0	1	2	2	-1	1	-1	1	2	2	2	7	4	7
465	5	3	3	6	4	0	0	-1	3	1	1	3	1	3	4	3	2	2	6	1	0	2	0	4	3	2	0	0	3	2	2	3	2	2	4	1	0	0	1	0	0	1	-1	1	0	1	2	3	3	4	-1	1	-1	2	0	1	0	-2	1	0	0	2	0	2	1	-1	1	1	1	1	-1	1	-2	0	0
466	7	5	9	7	8	3	3	6	5	3	3	4	5	5	5	0	1	1	1	1	4	3	6	4	4	0	2	0	2	3	5	3	4	4	4	3	3	5	7	6	3	2	5	4	3	3	3	5	4	3	6	1	8	6	6	3	2	1	4	3	3	4	5	5	6	3	3	6	5	8	5	3	6	6	7
467	2	3	6	4	2	0	3	4	5	5	0	1	3	3	4	2	3	7	4	5	0	5	5	4	4	1	3	2	5	4	-1	2	4	4	2	0	3	4	4	3	3	4	4	5	3	1	2	2	3	5	4	4	8	8	7	1	2	3	5	2	3	4	5	5	5	1	3	4	4	4	1	3	6	6	3
468	4	5	6	7	7	5	5	8	8	8	1	4	4	7	5	0	4	0	4	4	1	4	3	4	6	2	4	5	6	7	3	5	4	5	6	3	4	9	6	11	2	5	3	6	7	1	3	0	5	3	3	5	9	7	8	3	4	4	5	4	2	6	5	8	8	1	3	2	3	4	2	4	3	5	5
469	1	2	2	4	5	4	4	7	6	7	4	4	3	7	7	1	2	4	4	4	2	3	4	5	5	2	3	2	4	0	2	2	2	3	4	1	2	0	4	3	0	1	0	1	2	2	1	2	5	3	2	3	3	4	3	0	1	0	2	2	1	0	0	2	2	4	5	9	6	7	2	2	2	4	4
470	4	2	5	4	7	2	2	6	3	6	5	4	6	7	7	1	2	4	4	6	3	3	4	6	6	3	4	6	4	6	2	2	1	3	3	3	2	1	3	3	2	2	7	6	6	5	3	7	6	8	3	2	6	4	4	1	1	3	2	5	3	3	7	5	5	1	2	3	5	3	1	3	2	3	3
471	8	3	8	5	9	3	3	4	1	7	5	4	8	5	12	6	4	6	6	7	3	3	6	3	9	5	4	5	3	7	3	4	6	4	7	6	2	5	5	8	4	3	5	4	7	3	4	6	6	8	4	2	10	1	8	3	4	9	3	7	8	5	8	7	10	1	2	4	3	6	2	3	3	4	7
472	0	0	4	2	3	1	1	5	5	5	0	0	1	4	2	0	1	4	3	5	-1	1	2	1	2	0	0	-1	2	1	0	2	4	3	4	-1	1	1	2	1	0	1	0	0	3	-1	0	0	3	0	1	1	3	4	4	1	2	5	4	6	0	0	0	1	1	0	1	0	2	3	-1	0	0	0	3
473	-1	0	-1	1	1	0	0	0	3	4	0	0	-1	4	4	-1	0	0	2	0	-1	0	0	3	2	1	1	2	4	4	-3	0	-3	1	0	1	2	4	5	8	0	0	0	2	4	0	1	1	2	7	-1	0	1	1	5	-1	2	0	3	4	-1	0	0	2	0	-1	0	1	2	1	-1	0	3	2	5
474	1	2	3	2	2	-1	0	1	1	1	1	2	5	3	3	0	2	1	2	1	0	1	0	1	-1	1	2	4	3	3	1	1	3	4	2	3	2	5	2	2	3	2	6	5	4	1	3	6	4	4	0	1	3	1	-1	0	2	5	2	3	0	2	4	4	2	2	2	5	2	2	-1	3	1	1	1
475	3	0	0	3	2	4	1	4	3	7	2	0	0	0	5	2	1	2	2	5	2	-1	2	0	3	-3	-2	0	-1	0	2	0	2	1	4	2	1	1	2	4	5	2	8	4	7	2	1	1	1	4	0	0	-2	0	1	1	1	0	1	2	0	-1	-1	1	1	3	0	2	2	5	0	1	2	1	2
476	2	1	4	4	4	1	0	6	5	6	-1	1	0	2	2	2	0	5	3	5	0	1	2	3	4	2	1	2	2	4	0	0	2	4	2	0	0	-2	2	1	2	1	3	3	3	-3	0	-2	2	2	-3	0	1	1	2	2	2	2	4	3	2	0	3	5	6	4	1	4	6	3	0	0	3	2	3
477	4	4	6	5	6	3	6	9	7	6	3	3	4	6	5	4	5	6	4	5	2	4	2	3	2	4	5	6	5	6	3	5	6	6	5	5	5	5	6	7	1	4	1	4	6	4	4	6	5	4	2	5	7	5	5	5	5	7	8	7	3	7	4	7	7	1	5	4	4	7	4	5	6	5	5
478	2	1	2	3	4	1	0	1	2	1	5	4	6	5	6	3	1	1	1	4	2	1	3	3	3	0	1	0	1	1	0	1	2	3	3	1	1	1	1	3	2	2	3	4	3	2	2	2	3	5	0	1	0	3	3	0	2	3	3	3	2	0	2	2	5	3	2	1	3	4	3	3	4	2	5
479	3	1	4	4	6	3	0	1	3	4	4	1	1	3	4	1	1	2	2	3	3	1	6	4	8	1	1	1	4	5	0	0	1	3	5	5	1	8	7	8	4	1	6	5	8	0	1	4	3	5	3	0	3	3	5	1	0	0	1	1	3	2	5	2	7	0	0	3	3	2	2	0	4	4	7
480	0	1	1	3	5	0	1	0	2	1	0	0	-1	2	1	3	2	5	6	4	-2	0	0	2	3	1	1	3	3	3	0	2	2	3	3	1	3	2	4	3	1	2	2	5	6	0	2	2	5	3	1	1	2	2	4	2	2	4	4	5	0	1	4	4	6	5	2	6	5	7	2	1	2	6	4
481	5	3	5	6	4	4	3	2	3	2	3	4	3	5	4	4	5	3	3	3	2	3	1	4	3	3	3	0	5	2	4	3	4	4	2	6	5	6	5	7	5	4	6	5	5	2	3	3	0	1	3	2	4	5	0	3	4	4	5	5	1	2	1	2	1	3	4	5	4	3	3	3	2	6	3
482	2	4	6	5	9	2	4	4	5	9	2	4	6	3	6	2	3	6	3	6	2	4	4	4	7	5	5	9	7	10	1	3	4	4	8	3	3	7	4	6	1	3	6	4	7	0	1	3	2	3	3	2	4	3	5	1	2	5	1	5	1	4	1	3	5	2	2	0	2	8	0	3	2	3	6
483	2	3	6	5	5	4	3	6	6	11	5	4	6	5	9	1	4	3	4	7	3	4	3	4	7	5	6	6	7	11	2	3	3	4	5	3	4	6	4	7	6	5	7	5	8	3	4	5	4	8	2	3	4	3	8	4	4	5	4	8	2	3	4	5	8	2	3	4	4	6	4	3	3	6	7
484	2	4	2	0	3	2	3	1	2	5	3	5	3	5	6	2	3	6	2	4	3	3	4	3	4	0	2	0	1	3	3	4	3	3	7	1	3	2	0	5	5	4	4	4	3	2	4	4	2	3	2	3	2	2	3	1	3	2	4	5	1	3	0	2	2	1	3	1	0	2	4	4	6	3	5
485	6	4	8	5	6	4	2	3	2	3	3	2	3	4	4	3	3	5	3	7	5	2	4	2	5	4	2	6	3	3	3	1	3	2	4	5	3	6	4	6	4	2	6	5	5	3	1	3	4	5	4	3	5	4	5	6	2	5	3	6	6	0	6	5	6	6	3	8	5	5	4	3	6	2	4
486	2	3	5	5	3	0	4	2	5	3	2	5	6	7	5	0	3	2	6	5	3	4	3	4	3	-1	2	-3	1	0	2	4	4	6	3	1	4	0	4	3	6	6	7	10	9	2	4	4	6	2	3	3	4	6	7	3	4	4	6	4	1	3	2	6	4	3	5	3	6	6	2	5	4	5	5
487	2	2	4	5	5	3	2	3	6	5	2	1	2	4	3	0	1	-1	2	1	0	2	4	5	4	2	3	6	7	6	4	3	8	7	8	3	4	6	5	6	4	3	3	7	6	2	2	2	5	2	2	2	4	5	6	2	3	1	5	3	1	3	3	5	5	4	3	7	8	8	1	1	3	4	3
488	1	1	6	2	3	0	2	4	2	2	0	1	5	3	5	5	3	5	4	8	0	1	-1	0	-1	5	2	6	4	5	2	2	3	2	3	1	1	4	4	3	3	2	4	3	5	3	3	3	4	5	3	2	6	6	7	2	2	6	4	3	0	0	-2	0	0	1	2	3	2	0	0	2	1	2	4
489	3	7	6	6	5	1	5	3	2	5	1	5	2	4	4	2	5	3	5	6	0	5	2	4	4	2	7	3	5	7	3	6	5	4	4	5	8	9	6	8	1	5	0	1	4	2	5	5	5	5	4	8	7	6	6	2	5	2	3	3	4	6	5	5	7	2	6	4	4	6	1	3	1	3	3
490	1	2	2	0	1	1	2	0	0	2	3	2	2	1	4	5	4	8	3	8	2	2	4	2	3	2	2	2	0	1	1	3	1	2	4	2	2	5	1	4	3	4	3	0	3	4	2	6	2	4	2	3	2	2	3	1	3	4	0	3	2	0	0	0	0	1	1	0	-1	0	3	2	0	1	3
491	2	1	3	4	6	3	3	2	4	4	3	4	4	8	9	5	4	3	6	4	2	3	5	6	6	2	3	1	5	6	2	3	0	3	3	3	3	2	4	7	1	3	1	5	2	0	1	1	3	2	2	2	2	6	5	0	2	0	3	3	5	5	4	9	8	1	3	1	6	4	2	3	2	5	4
492	2	1	2	3	4	1	1	5	4	1	3	2	8	5	5	3	2	4	6	5	4	4	8	6	7	0	1	6	4	4	1	2	5	5	4	6	4	10	7	7	4	3	7	5	5	1	1	4	6	4	2	1	3	6	4	0	2	5	4	1	2	2	4	4	2	3	3	4	5	6	1	2	3	5	4
493	3	2	6	5	3	1	2	3	3	4	7	4	5	6	7	3	2	5	5	6	0	1	5	3	4	3	2	5	4	5	2	2	4	4	3	3	2	3	2	5	3	2	7	3	3	7	4	6	5	6	6	3	7	7	6	5	4	8	5	7	3	2	4	5	3	5	3	4	5	3	0	1	-2	0	0
494	0	4	1	3	4	0	2	-1	2	0	3	5	4	5	6	0	3	0	1	1	0	3	-2	2	2	0	2	0	5	2	0	2	-3	2	0	0	3	2	3	2	0	3	5	5	5	0	4	3	3	1	2	5	4	6	6	1	2	-2	3	0	0	3	3	3	5	1	5	3	4	3	0	3	1	3	3
495	1	1	4	4	3	0	0	0	1	3	0	0	1	0	1	1	0	0	3	1	2	0	1	2	2	0	0	0	0	1	-1	0	-1	1	0	1	0	0	2	0	0	1	-1	0	3	1	0	1	2	4	1	0	0	2	0	1	2	2	1	4	3	0	5	2	4	1	0	2	2	6	0	0	-2	0	1
496	0	3	0	2	3	0	1	1	3	3	3	3	5	5	5	0	1	0	2	1	2	1	1	2	2	0	1	3	4	4	0	2	1	4	5	1	1	3	3	2	0	0	0	2	4	2	2	1	3	6	-3	0	-5	1	-1	-1	1	-2	1	0	-1	0	-2	1	1	1	2	4	3	4	0	2	1	2	2
497	3	3	4	6	5	4	3	4	6	4	3	3	4	4	4	2	5	2	4	1	4	2	5	4	5	5	5	4	5	5	2	2	2	3	2	3	2	3	4	4	3	3	0	2	1	0	1	0	2	0	2	2	-2	3	1	0	3	-1	1	1	2	2	2	5	2	0	3	-1	4	1	5	3	8	6	7
498	2	3	5	4	7	0	3	3	2	4	0	3	2	4	4	2	4	7	5	8	0	2	5	4	3	0	3	2	2	3	1	3	2	5	4	0	2	2	3	4	0	3	2	2	4	2	5	7	6	8	3	4	4	5	6	0	3	6	4	4	1	2	3	4	3	3	5	8	5	7	3	4	4	3	4
499	0	2	0	4	4	0	4	3	3	4	4	6	7	6	6	1	2	1	2	2	1	4	3	5	5	2	4	4	5	5	0	3	3	4	5	2	4	6	5	7	0	4	0	3	3	2	2	2	5	3	1	2	0	3	4	1	4	4	6	3	0	3	4	5	4	1	3	3	4	5	2	3	2	5	6
500	6	3	2	6	6	3	1	4	4	3	3	2	3	2	3	2	3	4	5	5	4	3	3	5	4	-1	1	0	4	4	0	1	0	2	2	1	2	3	2	7	3	4	6	6	7	4	3	3	4	4	1	2	2	5	5	3	4	3	5	5	4	4	4	6	5	2	4	4	7	8	0	2	2	1	3
