1	1	2	4	2	3	4
1	2	1	4	1	2	2
1	3	0	3	0	2	4
1	4	-1	3	-1	1	0
1	5	2	4	2	3	6
1	6	1	4	1	3	2
1	7	0	2	1	0	1
1	8	-3	3	0	0	2
1	9	2	3	1	2	2
1	10	-1	4	0	1	0
1	11	0	3	0	3	1
1	12	0	3	0	1	0
1	13	1	4	6	5	3
1	14	0	4	3	1	2
1	15	1	5	4	3	4
1	16	-4	2	-4	0	-2
1	17	1	3	1	1	2
1	18	1	3	2	3	1
1	19	0	2	-1	0	0
1	20	2	5	5	5	3
1	21	-1	3	-2	2	0
1	22	0	4	2	4	3
1	23	1	4	4	4	5
1	24	1	4	2	2	2
1	25	0	3	1	0	2
1	26	1	3	3	3	6
1	27	1	3	1	2	1
1	28	-3	2	1	2	0
1	29	-1	2	0	2	1
1	30	2	5	5	3	7
2	1	2	3	0	1	2
2	2	0	2	0	0	-1
2	3	0	2	2	3	3
2	4	3	2	3	2	2
2	5	0	2	0	1	0
2	6	-1	2	0	0	0
2	7	2	3	2	3	2
2	8	4	3	4	2	7
2	9	1	4	2	3	4
2	10	1	3	0	3	1
2	11	0	2	-2	1	1
2	12	3	3	1	2	2
2	13	0	4	3	2	4
2	14	3	4	5	2	4
2	15	2	3	0	1	1
2	16	0	3	4	3	4
2	17	1	3	0	2	1
2	18	1	2	2	2	2
2	19	3	3	5	3	4
2	20	3	5	2	3	5
2	21	0	1	-3	1	0
2	22	2	3	2	3	2
2	23	3	4	4	2	4
2	24	0	3	0	0	0
2	25	2	3	3	2	0
2	26	0	3	0	0	1
2	27	3	4	7	2	4
2	28	2	4	4	2	3
2	29	2	4	3	1	4
2	30	2	3	2	2	2
3	1	3	3	7	4	7
3	2	4	3	7	6	9
3	3	6	4	8	6	9
3	4	4	3	4	4	5
3	5	1	1	1	1	3
3	6	4	3	4	3	6
3	7	4	3	4	5	6
3	8	4	5	5	4	5
3	9	3	4	5	5	7
3	10	4	4	7	6	9
3	11	1	3	2	4	6
3	12	3	4	5	4	5
3	13	4	3	7	4	5
3	14	3	3	3	4	5
3	15	5	2	3	5	5
3	16	1	3	1	2	4
3	17	2	2	3	3	5
3	18	1	2	0	3	5
3	19	2	3	3	1	5
3	20	2	4	1	3	3
3	21	3	4	4	5	10
3	22	4	4	8	7	7
3	23	1	3	4	2	5
3	24	1	2	3	2	4
3	25	3	2	0	3	4
3	26	3	3	4	3	7
3	27	2	2	3	4	8
3	28	2	4	5	5	5
3	29	3	2	4	3	4
3	30	0	2	1	2	2
4	1	1	3	1	3	4
4	2	3	3	4	4	6
4	3	4	4	4	3	7
4	4	0	2	1	2	3
4	5	0	2	-1	1	2
4	6	7	3	7	6	6
4	7	2	3	1	4	2
4	8	1	2	0	4	3
4	9	1	2	3	4	3
4	10	0	1	0	0	2
4	11	0	3	1	1	1
4	12	0	0	-2	3	1
4	13	1	2	1	3	2
4	14	1	2	3	2	4
4	15	0	1	-1	2	2
4	16	3	3	4	3	4
4	17	2	3	4	5	5
4	18	0	2	1	2	2
4	19	1	2	1	4	6
4	20	3	4	3	5	6
4	21	3	4	4	5	5
4	22	2	4	0	3	4
4	23	1	2	1	4	4
4	24	3	2	2	2	3
4	25	2	3	6	5	3
4	26	2	3	4	4	7
4	27	1	5	3	4	5
4	28	1	1	1	2	5
4	29	2	2	5	4	7
4	30	1	2	2	5	3
5	1	0	1	1	4	2
5	2	-1	0	-1	2	0
5	3	2	3	2	7	5
5	4	-2	2	0	2	0
5	5	2	1	3	4	3
5	6	1	2	4	3	3
5	7	1	1	3	5	4
5	8	1	2	3	4	0
5	9	0	1	1	2	2
5	10	2	3	5	5	4
5	11	2	2	4	6	7
5	12	2	2	4	5	4
5	13	-1	0	0	2	0
5	14	1	2	5	5	5
5	15	1	2	2	2	2
5	16	3	4	6	6	3
5	17	3	2	3	4	3
5	18	0	1	2	5	2
5	19	0	1	1	2	3
5	20	2	2	4	7	3
5	21	3	2	4	4	3
5	22	2	2	2	5	4
5	23	3	4	7	7	7
5	24	0	3	3	5	4
5	25	2	3	1	3	3
5	26	-2	1	-1	0	0
5	27	5	3	8	7	6
5	28	0	1	2	2	3
5	29	5	4	6	4	6
5	30	3	2	6	4	2
6	1	4	5	8	6	8
6	2	4	3	3	3	5
6	3	5	4	5	4	6
6	4	4	2	7	4	7
6	5	3	4	4	2	6
6	6	4	2	5	4	5
6	7	6	4	7	4	7
6	8	2	3	4	6	5
6	9	2	1	3	2	3
6	10	2	4	3	5	6
6	11	2	4	6	4	7
6	12	5	3	6	4	7
6	13	3	5	8	5	4
6	14	1	2	2	2	4
6	15	3	3	7	3	7
6	16	3	4	7	5	7
6	17	5	3	7	5	8
6	18	4	3	5	3	7
6	19	3	3	3	3	5
6	20	5	2	6	4	9
6	21	1	2	4	1	4
6	22	3	2	5	2	4
6	23	4	4	4	2	8
6	24	1	3	1	3	2
6	25	4	4	6	5	7
6	26	5	4	9	5	9
6	27	4	3	5	3	5
6	28	3	2	4	3	7
6	29	4	3	6	4	6
6	30	4	1	6	3	6
7	1	2	2	3	5	4
7	2	2	3	5	4	5
7	3	0	2	3	3	3
7	4	1	0	0	3	2
7	5	-2	0	-2	2	0
7	6	0	2	0	2	2
7	7	3	3	4	4	5
7	8	-2	1	1	0	0
7	9	0	0	0	1	2
7	10	1	1	0	4	3
7	11	0	1	3	4	2
7	12	0	1	0	3	2
7	13	5	3	3	4	5
7	14	1	2	1	3	1
7	15	0	2	1	2	4
7	16	2	1	5	4	4
7	17	2	2	5	2	2
7	18	1	1	2	4	3
7	19	1	1	1	4	3
7	20	3	2	2	4	3
7	21	3	2	5	5	4
7	22	1	1	0	3	2
7	23	3	2	3	4	5
7	24	2	2	4	3	6
7	25	2	1	6	2	3
7	26	2	3	3	3	2
7	27	1	2	2	3	5
7	28	5	2	7	6	6
7	29	2	2	1	2	3
7	30	1	2	2	2	2
8	1	-4	-1	-2	0	-1
8	2	-4	0	-2	2	-3
8	3	0	2	0	2	1
8	4	0	0	2	3	2
8	5	1	1	0	3	1
8	6	0	2	0	3	2
8	7	0	0	0	1	0
8	8	0	1	5	3	2
8	9	-2	0	-1	0	0
8	10	-3	0	-2	2	-1
8	11	-1	-1	-1	1	0
8	12	0	1	4	3	4
8	13	0	0	0	2	1
8	14	0	0	3	3	1
8	15	-1	0	0	2	0
8	16	-1	-1	-2	2	0
8	17	0	0	0	1	1
8	18	-2	0	-1	1	-2
8	19	-1	0	-1	2	-1
8	20	-3	-1	-1	0	-1
8	21	0	1	2	3	2
8	22	-1	0	0	2	0
8	23	0	1	2	4	2
8	24	1	1	5	5	2
8	25	0	0	0	1	1
8	26	-1	1	0	2	1
8	27	-2	0	-2	0	-3
8	28	-2	0	-1	1	1
8	29	0	1	0	3	0
8	30	-1	0	1	2	0
9	1	0	3	0	0	2
9	2	3	4	8	5	7
9	3	0	3	1	1	1
9	4	2	2	0	2	3
9	5	1	4	6	2	3
9	6	0	2	2	1	1
9	7	1	2	4	2	2
9	8	4	4	3	1	6
9	9	5	3	6	4	6
9	10	0	4	1	2	4
9	11	0	4	5	2	4
9	12	1	3	1	2	3
9	13	2	3	4	3	4
9	14	0	1	1	1	0
9	15	4	4	6	4	5
9	16	0	2	0	0	2
9	17	0	2	0	2	-1
9	18	0	3	0	2	2
9	19	1	4	2	2	2
9	20	3	4	5	3	7
9	21	2	4	4	4	5
9	22	0	3	0	2	2
9	23	-1	1	0	1	1
9	24	-2	3	0	1	0
9	25	1	3	1	2	1
9	26	2	5	8	5	7
9	27	-2	2	0	0	0
9	28	2	5	2	3	3
9	29	1	2	3	2	2
9	30	3	5	5	4	6
10	1	1	0	1	1	1
10	2	2	3	5	3	4
10	3	2	1	2	1	0
10	4	3	2	5	3	4
10	5	4	3	6	6	4
10	6	5	3	6	5	6
10	7	1	3	6	3	5
10	8	4	3	7	6	6
10	9	4	3	4	6	2
10	10	1	2	2	1	3
10	11	2	2	4	3	4
10	12	0	2	0	0	2
10	13	2	1	3	2	5
10	14	2	3	6	4	5
10	15	3	1	3	3	2
10	16	2	3	5	2	3
10	17	1	1	1	1	0
10	18	0	1	4	2	4
10	19	1	2	2	1	4
10	20	2	1	2	3	4
10	21	1	2	2	1	0
10	22	1	1	3	1	3
10	23	0	1	0	1	2
10	24	5	3	7	5	4
10	25	3	3	5	2	4
10	26	1	2	1	2	2
10	27	2	2	4	4	5
10	28	0	1	0	3	1
10	29	3	2	1	3	3
10	30	2	1	1	3	4
11	1	0	1	2	3	2
11	2	1	3	5	4	4
11	3	4	3	4	5	6
11	4	6	4	7	7	7
11	5	3	3	7	6	5
11	6	3	3	3	5	6
11	7	3	5	7	8	6
11	8	3	3	5	5	5
11	9	4	4	6	5	8
11	10	3	3	4	6	5
11	11	6	5	10	7	10
11	12	2	4	3	4	2
11	13	4	4	6	4	5
11	14	0	2	2	3	1
11	15	3	3	5	6	5
11	16	5	4	8	6	7
11	17	4	5	8	8	9
11	18	-1	2	1	2	2
11	19	3	4	5	5	5
11	20	6	4	9	7	6
11	21	1	2	6	5	3
11	22	2	2	6	5	5
11	23	4	3	4	5	5
11	24	3	4	6	6	6
11	25	4	3	6	6	8
11	26	6	4	8	7	8
11	27	3	3	4	4	2
11	28	3	3	7	7	4
11	29	7	6	9	9	9
11	30	2	3	5	4	6
12	1	3	3	4	4	4
12	2	1	1	1	1	0
12	3	3	3	4	5	6
12	4	2	3	4	4	3
12	5	1	2	1	4	4
12	6	2	1	2	2	5
12	7	3	2	2	4	1
12	8	1	2	3	4	2
12	9	0	3	3	4	4
12	10	6	4	7	7	5
12	11	3	3	5	5	4
12	12	3	2	2	3	3
12	13	1	0	1	0	1
12	14	3	3	5	2	3
12	15	2	2	3	2	3
12	16	2	2	0	2	4
12	17	3	2	1	1	5
12	18	7	4	7	5	9
12	19	2	2	1	4	3
12	20	1	3	2	1	1
12	21	3	2	2	4	4
12	22	0	3	2	2	4
12	23	3	3	5	5	5
12	24	2	4	2	3	4
12	25	3	3	5	5	4
12	26	1	1	2	2	3
12	27	2	2	3	3	3
12	28	4	2	3	4	4
12	29	1	1	-1	3	1
12	30	5	3	6	5	6
13	1	4	4	6	5	8
13	2	4	6	6	7	10
13	3	1	3	4	4	5
13	4	2	1	4	4	5
13	5	1	4	2	4	3
13	6	0	4	2	3	5
13	7	-2	2	1	2	3
13	8	0	3	0	1	3
13	9	3	3	1	4	4
13	10	0	4	3	3	5
13	11	1	3	2	2	5
13	12	-3	2	-3	0	1
13	13	0	3	0	1	3
13	14	0	4	0	2	2
13	15	2	4	3	5	6
13	16	2	3	3	3	1
13	17	-1	3	1	2	6
13	18	1	4	3	2	5
13	19	2	5	0	4	3
13	20	0	4	3	4	4
13	21	3	6	4	6	9
13	22	0	3	1	3	1
13	23	2	3	2	3	3
13	24	0	2	1	5	3
13	25	2	5	4	6	6
13	26	0	3	2	2	5
13	27	0	3	1	5	4
13	28	0	5	4	6	5
13	29	0	3	1	4	4
13	30	4	6	6	7	9
14	1	0	3	3	3	7
14	2	1	0	1	2	2
14	3	0	2	2	2	6
14	4	1	0	3	3	5
14	5	2	2	2	3	3
14	6	0	0	1	3	3
14	7	4	2	4	4	5
14	8	1	1	0	1	2
14	9	0	1	3	2	2
14	10	2	1	1	4	5
14	11	0	0	3	1	1
14	12	1	1	0	0	1
14	13	2	3	3	4	5
14	14	0	2	1	2	4
14	15	-3	1	-1	0	0
14	16	5	2	6	6	6
14	17	2	2	4	1	4
14	18	5	4	6	5	8
14	19	1	2	2	4	4
14	20	2	2	1	3	2
14	21	7	3	7	7	10
14	22	7	4	8	7	9
14	23	-1	1	1	2	2
14	24	1	2	2	4	6
14	25	1	2	0	3	3
14	26	3	1	4	4	5
14	27	1	1	3	3	3
14	28	0	2	0	2	1
14	29	2	1	1	3	6
14	30	3	3	5	6	6
15	1	3	0	1	3	3
15	2	0	0	4	2	1
15	3	4	3	6	3	6
15	4	0	1	3	2	4
15	5	-1	0	0	0	-1
15	6	3	1	1	1	1
15	7	5	1	4	4	6
15	8	2	2	4	2	3
15	9	0	0	1	0	4
15	10	2	1	3	4	1
15	11	0	0	0	2	3
15	12	2	1	1	2	3
15	13	0	0	-1	1	2
15	14	0	0	4	2	0
15	15	2	1	3	3	5
15	16	-1	0	0	1	1
15	17	3	1	1	3	2
15	18	1	2	4	3	0
15	19	1	2	1	4	2
15	20	5	2	5	5	5
15	21	2	1	1	3	0
15	22	2	1	2	3	4
15	23	1	0	1	3	0
15	24	2	0	2	2	2
15	25	2	0	4	3	2
15	26	0	0	0	1	1
15	27	0	0	-1	2	0
15	28	0	0	2	2	2
15	29	3	1	4	5	6
15	30	1	1	1	0	3
16	1	4	6	8	3	4
16	2	1	7	3	3	5
16	3	4	5	7	3	6
16	4	4	5	4	2	4
16	5	5	7	8	5	9
16	6	4	6	7	4	6
16	7	2	4	4	2	4
16	8	3	6	6	3	5
16	9	5	8	6	3	7
16	10	5	5	7	5	5
16	11	7	6	7	3	7
16	12	1	5	5	4	7
16	13	6	6	9	2	9
16	14	5	6	6	3	8
16	15	4	6	5	3	5
16	16	1	4	3	3	4
16	17	2	5	5	1	3
16	18	3	6	6	4	5
16	19	4	5	7	2	7
16	20	5	7	9	6	9
16	21	5	5	6	2	4
16	22	1	5	6	3	5
16	23	3	5	3	3	6
16	24	4	4	4	3	4
16	25	5	6	6	4	6
16	26	4	6	6	2	5
16	27	3	6	9	2	6
16	28	3	4	3	3	4
16	29	4	5	4	2	4
16	30	4	4	3	3	5
17	1	5	3	5	5	6
17	2	2	1	4	4	6
17	3	4	1	4	3	5
17	4	1	1	0	0	2
17	5	1	3	4	4	5
17	6	0	0	2	3	3
17	7	0	0	0	3	5
17	8	6	2	6	5	6
17	9	1	1	2	2	3
17	10	1	2	1	3	1
17	11	5	4	6	5	9
17	12	0	0	0	2	0
17	13	3	3	4	6	5
17	14	3	2	4	5	5
17	15	2	3	3	1	2
17	16	3	2	4	4	4
17	17	1	3	2	4	5
17	18	3	2	6	6	4
17	19	2	2	3	3	4
17	20	1	2	0	3	4
17	21	5	3	5	4	5
17	22	5	2	5	4	6
17	23	0	1	2	3	3
17	24	1	0	2	2	1
17	25	1	3	5	4	5
17	26	1	2	2	3	4
17	27	1	2	2	4	3
17	28	2	2	3	5	6
17	29	0	1	1	2	0
17	30	1	2	3	3	1
18	1	-2	0	-2	0	2
18	2	0	0	2	2	3
18	3	3	1	4	4	5
18	4	-3	-1	-1	0	0
18	5	1	1	0	1	4
18	6	0	1	-2	4	4
18	7	-1	0	-1	1	0
18	8	-1	0	-1	0	0
18	9	0	1	4	1	6
18	10	-4	-1	-4	-1	-2
18	11	-1	0	-4	0	0
18	12	-2	-1	-3	0	0
18	13	2	0	0	4	3
18	14	-1	0	0	1	3
18	15	-3	0	-1	1	0
18	16	2	2	6	5	5
18	17	-1	0	0	3	2
18	18	-2	0	-2	1	-1
18	19	0	0	1	2	2
18	20	0	-2	-4	0	-1
18	21	0	0	0	1	3
18	22	-1	-1	-1	1	0
18	23	0	0	-2	1	1
18	24	0	-1	-2	1	0
18	25	-2	0	-4	0	0
18	26	-1	-1	-3	1	0
18	27	-1	-1	-1	1	-1
18	28	0	1	2	3	3
18	29	1	1	3	3	4
18	30	0	0	-1	1	3
19	1	1	0	4	5	3
19	2	1	2	5	3	1
19	3	1	1	4	5	2
19	4	2	1	5	5	3
19	5	2	1	3	5	4
19	6	0	0	3	2	2
19	7	1	0	3	4	2
19	8	3	2	7	7	8
19	9	0	2	2	4	2
19	10	4	1	5	5	3
19	11	1	1	4	5	5
19	12	1	1	4	2	3
19	13	2	2	7	5	5
19	14	2	0	5	4	7
19	15	4	3	7	7	5
19	16	1	2	5	6	3
19	17	2	2	3	5	5
19	18	2	1	8	4	3
19	19	0	0	3	3	1
19	20	1	1	4	2	3
19	21	3	2	4	6	5
19	22	0	0	4	4	4
19	23	0	1	4	5	4
19	24	2	2	5	4	4
19	25	0	2	4	4	3
19	26	0	0	0	3	0
19	27	1	3	6	3	4
19	28	2	2	6	5	5
19	29	0	0	3	3	3
19	30	5	3	9	5	10
20	1	1	1	4	3	4
20	2	1	1	3	5	4
20	3	-1	0	0	2	1
20	4	2	0	2	3	2
20	5	1	1	4	3	3
20	6	2	0	3	3	4
20	7	0	0	0	1	2
20	8	1	1	5	2	4
20	9	0	0	1	1	0
20	10	-1	0	1	2	1
20	11	1	1	3	1	4
20	12	0	0	0	2	1
20	13	0	1	3	2	1
20	14	1	0	1	2	2
20	15	2	0	3	2	3
20	16	1	1	3	3	5
20	17	0	0	-1	1	3
20	18	0	0	0	0	1
20	19	2	0	6	3	4
20	20	-2	-1	-2	-2	-1
20	21	1	0	1	2	1
20	22	3	2	5	6	5
20	23	4	3	6	4	4
20	24	1	1	3	2	3
20	25	0	0	0	0	2
20	26	2	0	1	3	3
20	27	0	0	2	2	2
20	28	2	2	5	4	6
20	29	0	0	3	1	1
20	30	0	1	3	3	4
21	1	2	1	3	3	4
21	2	-1	0	0	2	1
21	3	3	1	4	4	5
21	4	-2	0	0	1	3
21	5	0	0	2	4	3
21	6	1	1	3	5	5
21	7	-1	0	0	2	-1
21	8	3	1	5	4	3
21	9	0	0	1	4	1
21	10	1	0	1	5	4
21	11	1	1	1	2	4
21	12	0	1	1	3	2
21	13	2	1	0	3	2
21	14	0	0	0	2	2
21	15	1	0	1	3	2
21	16	0	1	4	5	2
21	17	-3	0	-1	1	0
21	18	-3	0	0	3	1
21	19	-1	0	0	3	1
21	20	0	0	0	0	2
21	21	0	1	5	5	5
21	22	0	0	0	2	3
21	23	-1	0	-1	0	1
21	24	0	0	1	4	3
21	25	0	1	0	3	2
21	26	1	1	3	6	6
21	27	-1	0	0	2	0
21	28	2	2	2	6	7
21	29	2	0	1	2	3
21	30	0	2	1	4	2
22	1	0	2	0	1	1
22	2	3	5	8	6	6
22	3	1	3	3	3	1
22	4	-1	2	0	1	1
22	5	1	3	2	3	4
22	6	-3	1	2	0	-1
22	7	1	3	1	3	5
22	8	0	3	2	3	4
22	9	0	4	5	3	4
22	10	0	3	5	4	5
22	11	0	3	1	2	1
22	12	2	3	5	6	4
22	13	3	2	5	4	6
22	14	0	3	1	1	3
22	15	0	1	2	2	1
22	16	2	3	4	4	4
22	17	0	2	3	3	4
22	18	1	4	5	4	4
22	19	3	4	7	5	5
22	20	0	2	5	4	3
22	21	2	4	4	5	4
22	22	2	3	5	3	3
22	23	2	3	4	4	4
22	24	2	3	5	5	4
22	25	3	3	6	5	4
22	26	0	2	0	0	3
22	27	0	0	1	2	-1
22	28	2	3	3	2	4
22	29	0	3	2	1	3
22	30	1	3	5	3	1
23	1	0	3	3	4	4
23	2	3	3	1	3	2
23	3	0	2	0	2	2
23	4	-2	1	1	1	1
23	5	1	2	0	1	0
23	6	1	2	3	4	4
23	7	1	3	1	2	2
23	8	2	3	4	3	4
23	9	1	2	1	1	1
23	10	1	3	2	3	3
23	11	0	4	3	3	2
23	12	2	4	3	4	2
23	13	0	1	2	1	2
23	14	-1	2	2	1	2
23	15	1	2	0	3	0
23	16	0	3	0	1	3
23	17	2	3	0	2	2
23	18	2	4	3	4	4
23	19	0	1	0	3	1
23	20	0	2	0	0	0
23	21	1	3	-3	3	0
23	22	-1	1	0	1	0
23	23	0	1	0	3	1
23	24	-2	0	0	0	-1
23	25	-2	1	-3	0	0
23	26	1	3	1	2	1
23	27	0	2	0	2	1
23	28	-1	1	-1	0	-1
23	29	-2	0	-2	0	-1
23	30	2	2	1	1	0
24	1	2	3	3	6	5
24	2	5	2	4	6	3
24	3	0	3	1	5	0
24	4	1	2	2	4	3
24	5	1	2	2	6	2
24	6	0	2	2	3	2
24	7	0	2	4	4	2
24	8	0	1	1	2	0
24	9	0	3	3	2	3
24	10	3	3	2	6	2
24	11	1	1	1	2	1
24	12	1	2	0	2	2
24	13	0	1	0	2	0
24	14	1	2	4	3	3
24	15	1	2	1	4	4
24	16	3	2	3	6	3
24	17	0	1	0	1	0
24	18	1	4	3	2	5
24	19	-1	1	3	2	1
24	20	0	2	0	4	0
24	21	0	4	6	5	5
24	22	0	2	0	2	2
24	23	0	4	3	4	3
24	24	0	2	2	3	3
24	25	0	2	3	2	1
24	26	2	3	4	3	3
24	27	0	1	3	3	0
24	28	-2	1	-3	1	0
24	29	0	3	3	5	3
24	30	2	4	2	4	1
25	1	2	1	1	1	2
25	2	0	1	-3	0	0
25	3	6	2	4	4	6
25	4	6	3	7	5	10
25	5	1	1	0	1	3
25	6	3	1	3	2	2
25	7	4	1	3	4	5
25	8	0	0	1	1	2
25	9	0	0	0	1	2
25	10	0	1	-1	0	3
25	11	1	0	1	2	2
25	12	1	2	0	4	6
25	13	0	1	2	2	2
25	14	2	1	1	1	3
25	15	3	1	0	3	3
25	16	0	0	-2	0	0
25	17	4	1	2	3	4
25	18	0	0	0	0	0
25	19	2	0	3	1	2
25	20	3	1	1	0	3
25	21	2	1	0	2	3
25	22	4	2	4	4	5
25	23	0	0	1	0	3
25	24	1	1	0	0	2
25	25	0	0	0	0	0
25	26	0	0	0	0	2
25	27	0	1	0	0	1
25	28	2	0	1	3	4
25	29	1	0	-1	1	1
25	30	4	1	1	3	4
26	1	0	1	0	0	1
26	2	-2	0	-1	0	2
26	3	0	-1	2	0	-1
26	4	3	1	3	2	3
26	5	0	0	4	2	3
26	6	3	3	5	5	4
26	7	0	1	0	2	1
26	8	-2	0	-1	0	0
26	9	-3	0	0	0	1
26	10	0	0	0	2	2
26	11	1	1	4	3	3
26	12	-1	1	0	1	3
26	13	0	1	5	2	4
26	14	0	0	1	1	2
26	15	-1	0	-1	0	1
26	16	-1	1	0	2	2
26	17	1	1	1	1	3
26	18	0	1	3	1	3
26	19	0	1	2	2	2
26	20	0	0	3	2	1
26	21	-1	0	-1	0	1
26	22	-2	1	-2	0	2
26	23	2	1	6	4	4
26	24	-1	1	0	0	0
26	25	-1	0	0	1	1
26	26	3	1	1	1	2
26	27	-2	0	-2	0	-1
26	28	1	0	-1	0	0
26	29	-2	0	0	0	1
26	30	-1	2	1	1	4
27	1	2	2	4	6	6
27	2	2	3	3	7	8
27	3	5	1	7	7	5
27	4	5	3	5	6	7
27	5	4	2	4	9	4
27	6	0	1	0	6	3
27	7	2	2	2	5	7
27	8	2	2	3	7	3
27	9	3	3	4	8	6
27	10	0	0	3	5	6
27	11	1	1	4	6	5
27	12	1	2	3	6	5
27	13	5	3	5	9	8
27	14	5	3	5	6	10
27	15	5	2	1	7	7
27	16	0	2	2	5	3
27	17	4	2	3	8	4
27	18	4	3	8	8	6
27	19	3	3	4	5	5
27	20	0	3	3	6	6
27	21	1	2	3	3	4
27	22	1	2	2	6	6
27	23	4	2	6	7	9
27	24	1	2	4	7	6
27	25	6	2	4	6	6
27	26	4	4	8	8	6
27	27	3	3	4	7	8
27	28	3	4	7	7	10
27	29	0	3	1	4	3
27	30	4	1	3	5	5
28	1	1	2	5	4	5
28	2	3	1	4	4	5
28	3	0	0	1	1	0
28	4	4	3	5	3	4
28	5	3	2	4	3	6
28	6	1	2	2	3	6
28	7	3	1	2	2	4
28	8	1	1	2	3	4
28	9	4	1	4	5	4
28	10	2	2	5	4	4
28	11	2	1	3	4	3
28	12	5	2	5	4	6
28	13	3	1	5	4	4
28	14	3	2	6	3	4
28	15	1	1	0	1	3
28	16	4	2	6	5	5
28	17	3	2	3	4	3
28	18	3	3	6	4	6
28	19	2	3	2	2	3
28	20	2	0	3	2	5
28	21	3	3	6	3	3
28	22	0	0	2	1	1
28	23	2	2	5	4	2
28	24	3	1	4	3	5
28	25	-1	1	0	1	0
28	26	2	2	1	3	5
28	27	0	0	-2	0	0
28	28	2	2	2	3	2
28	29	2	3	4	3	3
28	30	0	0	3	2	1
29	1	1	2	3	3	2
29	2	0	3	5	5	5
29	3	-1	1	0	2	2
29	4	1	3	3	5	4
29	5	0	2	3	3	3
29	6	-3	1	1	2	1
29	7	-1	1	-2	0	1
29	8	-5	0	-1	0	0
29	9	0	3	1	5	4
29	10	-1	3	0	2	3
29	11	1	3	3	7	5
29	12	0	1	0	4	3
29	13	0	4	2	4	2
29	14	1	3	2	5	4
29	15	0	0	3	2	2
29	16	0	2	3	3	3
29	17	0	2	3	5	4
29	18	0	3	4	4	4
29	19	0	2	5	5	4
29	20	-1	3	3	3	2
29	21	0	2	0	2	1
29	22	2	3	3	3	3
29	23	0	2	3	5	3
29	24	0	3	3	5	4
29	25	0	2	5	4	3
29	26	0	1	2	3	0
29	27	0	2	2	2	1
29	28	1	2	2	5	2
29	29	0	1	4	3	2
29	30	-1	1	1	3	1
30	1	3	2	2	4	5
30	2	0	2	1	1	4
30	3	2	1	5	1	3
30	4	2	2	2	4	4
30	5	0	1	1	2	2
30	6	0	2	1	0	1
30	7	5	3	5	4	7
30	8	1	2	5	3	4
30	9	0	2	0	1	2
30	10	4	1	4	3	6
30	11	5	4	5	4	9
30	12	5	3	6	5	5
30	13	4	2	4	1	7
30	14	5	3	6	3	7
30	15	0	1	3	3	5
30	16	3	4	7	5	8
30	17	1	0	2	3	5
30	18	3	2	4	4	7
30	19	8	3	9	5	8
30	20	4	3	7	4	5
30	21	3	3	4	6	6
30	22	2	2	1	3	1
30	23	2	2	3	3	4
30	24	6	4	10	5	8
30	25	1	3	3	0	3
30	26	3	2	4	2	4
30	27	4	2	6	6	6
30	28	5	4	7	4	7
30	29	5	3	7	4	6
30	30	2	1	3	3	5
31	1	3	4	3	1	3
31	2	2	5	2	3	4
31	3	3	3	3	2	2
31	4	3	3	5	5	4
31	5	5	4	6	5	6
31	6	7	5	8	5	7
31	7	5	4	7	3	4
31	8	2	3	2	1	3
31	9	5	6	5	5	7
31	10	2	4	7	4	7
31	11	3	4	3	4	3
31	12	1	3	1	2	4
31	13	5	6	4	4	5
31	14	5	4	6	3	7
31	15	4	3	1	4	2
31	16	4	5	3	4	6
31	17	3	4	4	3	5
31	18	4	4	7	4	6
31	19	4	4	5	3	6
31	20	1	2	4	4	5
31	21	4	5	2	4	5
31	22	2	4	4	2	4
31	23	3	5	2	3	4
31	24	2	4	3	4	4
31	25	4	5	5	4	5
31	26	6	5	2	4	4
31	27	7	6	8	3	7
31	28	2	2	0	2	2
31	29	2	5	2	4	3
31	30	4	5	5	4	5
32	1	4	4	7	5	4
32	2	0	2	2	4	3
32	3	1	1	0	4	3
32	4	1	1	1	2	1
32	5	2	2	3	3	2
32	6	2	3	4	4	6
32	7	2	2	1	3	3
32	8	4	2	3	3	3
32	9	3	3	2	4	4
32	10	3	2	3	4	3
32	11	3	1	4	4	5
32	12	2	2	3	5	3
32	13	3	2	0	5	3
32	14	5	2	3	5	5
32	15	1	2	1	2	4
32	16	5	2	4	6	5
32	17	0	1	2	3	3
32	18	1	3	3	4	3
32	19	1	-1	1	0	2
32	20	1	2	1	4	1
32	21	1	1	4	4	1
32	22	1	1	2	2	1
32	23	0	1	1	1	1
32	24	2	2	4	2	4
32	25	3	2	3	4	5
32	26	-1	0	-2	2	2
32	27	2	3	0	4	3
32	28	0	1	-1	1	2
32	29	0	0	0	3	2
32	30	2	2	4	4	5
33	1	1	3	1	4	3
33	2	5	3	6	5	6
33	3	2	3	1	4	3
33	4	2	4	7	4	5
33	5	2	4	2	4	2
33	6	1	2	0	3	0
33	7	4	4	6	7	6
33	8	3	3	5	4	5
33	9	2	3	4	3	3
33	10	2	3	5	3	3
33	11	5	4	6	7	4
33	12	3	3	4	3	2
33	13	0	2	2	2	3
33	14	2	3	0	3	3
33	15	1	2	3	5	1
33	16	3	4	6	4	4
33	17	4	2	5	5	6
33	18	3	3	2	3	4
33	19	3	4	4	4	4
33	20	3	2	2	4	2
33	21	2	3	3	3	3
33	22	5	4	7	5	6
33	23	-1	1	0	2	2
33	24	2	2	5	6	5
33	25	2	3	4	3	4
33	26	2	4	5	6	5
33	27	1	2	2	4	2
33	28	3	4	2	4	2
33	29	5	5	7	7	6
33	30	4	5	5	5	4
34	1	0	0	0	1	3
34	2	1	3	3	3	4
34	3	0	2	4	0	4
34	4	0	0	3	1	4
34	5	3	2	4	2	5
34	6	1	3	5	3	6
34	7	0	2	5	3	3
34	8	6	2	9	6	9
34	9	0	1	0	1	2
34	10	4	1	5	6	9
34	11	3	3	4	3	4
34	12	4	3	6	4	6
34	13	1	3	4	3	6
34	14	3	2	5	4	2
34	15	0	1	3	2	2
34	16	2	1	3	4	4
34	17	6	3	10	4	8
34	18	4	4	6	5	7
34	19	5	4	8	4	7
34	20	4	3	4	5	6
34	21	3	3	10	4	7
34	22	2	3	6	5	6
34	23	2	3	5	4	6
34	24	2	2	4	1	2
34	25	1	1	3	2	4
34	26	0	0	2	1	4
34	27	3	1	5	4	4
34	28	3	4	6	4	4
34	29	5	2	8	4	7
34	30	2	3	4	3	3
35	1	1	2	4	3	5
35	2	6	5	10	7	13
35	3	1	3	3	6	6
35	4	4	4	7	5	7
35	5	1	3	3	3	6
35	6	0	2	5	3	6
35	7	2	2	7	4	6
35	8	6	3	7	5	9
35	9	0	3	5	3	6
35	10	2	3	6	4	9
35	11	0	2	0	3	4
35	12	0	1	2	3	6
35	13	2	1	3	1	3
35	14	2	3	6	6	6
35	15	0	2	5	4	6
35	16	0	2	3	3	4
35	17	4	3	5	5	9
35	18	6	3	6	5	7
35	19	0	1	1	1	4
35	20	2	4	2	4	9
35	21	-1	1	1	4	4
35	22	1	2	1	1	4
35	23	1	3	5	6	10
35	24	3	3	6	6	6
35	25	4	4	7	8	9
35	26	0	1	2	3	7
35	27	-1	1	0	1	0
35	28	0	1	0	2	4
35	29	2	2	5	5	7
35	30	1	3	5	3	6
36	1	0	0	0	0	2
36	2	2	2	3	4	5
36	3	5	1	6	5	7
36	4	5	2	2	4	6
36	5	2	1	1	2	4
36	6	0	0	0	2	2
36	7	3	1	1	2	3
36	8	4	2	4	3	6
36	9	3	2	4	3	7
36	10	1	0	0	0	1
36	11	4	2	5	4	8
36	12	3	2	3	3	4
36	13	4	2	2	4	6
36	14	2	1	0	2	3
36	15	3	1	2	2	4
36	16	2	2	0	4	3
36	17	6	2	4	4	6
36	18	6	4	2	4	8
36	19	3	2	4	4	5
36	20	6	3	5	4	7
36	21	1	1	0	2	4
36	22	6	1	4	4	7
36	23	3	0	1	2	4
36	24	3	1	2	2	3
36	25	5	2	3	3	5
36	26	5	2	6	4	7
36	27	5	2	4	3	7
36	28	1	2	2	2	6
36	29	1	2	1	1	5
36	30	4	1	6	2	6
37	1	2	3	3	5	7
37	2	2	4	5	6	7
37	3	0	3	3	4	4
37	4	4	4	6	6	6
37	5	0	2	1	4	4
37	6	3	3	4	4	6
37	7	0	3	0	2	5
37	8	-2	0	-4	1	2
37	9	-1	2	1	4	4
37	10	1	2	3	5	5
37	11	1	3	3	6	5
37	12	0	1	-1	4	1
37	13	1	2	0	2	3
37	14	4	4	4	6	7
37	15	2	2	3	2	4
37	16	0	4	3	4	8
37	17	0	1	2	3	2
37	18	1	3	3	5	5
37	19	2	3	1	4	5
37	20	1	2	5	4	5
37	21	3	1	4	4	4
37	22	2	4	0	5	4
37	23	-4	0	-4	2	2
37	24	3	3	6	6	8
37	25	2	4	7	7	9
37	26	0	0	-2	2	2
37	27	1	3	5	3	5
37	28	3	2	4	6	5
37	29	2	3	4	3	7
37	30	3	5	5	6	7
38	1	0	2	0	3	3
38	2	6	5	6	7	8
38	3	0	2	0	3	3
38	4	3	2	5	5	7
38	5	1	2	4	3	5
38	6	1	2	0	3	3
38	7	2	2	1	4	3
38	8	0	1	3	3	0
38	9	4	3	7	3	6
38	10	1	3	1	3	4
38	11	2	2	5	5	4
38	12	2	2	1	4	2
38	13	1	2	1	5	3
38	14	0	0	0	2	2
38	15	1	2	3	6	4
38	16	0	0	-3	1	1
38	17	2	1	-1	1	4
38	18	0	2	1	2	0
38	19	1	2	-2	2	1
38	20	4	2	3	2	5
38	21	4	3	3	6	6
38	22	0	3	0	4	1
38	23	3	1	3	5	3
38	24	2	2	5	5	5
38	25	0	1	0	2	2
38	26	1	2	2	5	2
38	27	2	2	5	5	4
38	28	2	1	1	3	4
38	29	1	2	2	4	2
38	30	5	2	4	5	5
39	1	0	2	2	0	3
39	2	2	2	2	0	2
39	3	1	3	2	1	2
39	4	5	4	7	1	6
39	5	3	3	4	2	5
39	6	2	1	3	0	0
39	7	2	0	1	-1	0
39	8	2	1	2	1	1
39	9	3	3	2	2	6
39	10	5	1	5	1	6
39	11	1	2	1	1	2
39	12	4	3	3	3	5
39	13	2	3	2	0	0
39	14	1	1	0	0	0
39	15	3	1	3	0	3
39	16	4	4	7	2	5
39	17	4	3	2	2	3
39	18	3	2	3	1	4
39	19	2	1	0	-1	2
39	20	4	3	4	1	1
39	21	0	1	1	0	1
39	22	1	1	-1	-1	0
39	23	3	2	2	0	2
39	24	3	3	3	2	4
39	25	5	4	8	2	5
39	26	0	3	1	0	2
39	27	2	2	2	1	2
39	28	5	2	7	2	3
39	29	5	3	4	2	5
39	30	4	3	1	1	3
40	1	0	2	0	4	4
40	2	0	1	3	3	1
40	3	4	2	5	5	6
40	4	0	1	3	5	5
40	5	-2	0	0	3	0
40	6	3	2	4	5	5
40	7	0	1	2	5	5
40	8	-1	1	1	3	2
40	9	0	1	5	3	3
40	10	1	0	1	4	5
40	11	0	1	3	5	4
40	12	0	1	2	2	2
40	13	0	1	1	3	2
40	14	0	0	1	2	1
40	15	0	1	3	3	2
40	16	1	2	4	4	4
40	17	0	2	2	5	4
40	18	1	2	4	5	5
40	19	-1	0	0	2	0
40	20	1	1	1	4	2
40	21	1	0	4	6	2
40	22	0	1	0	3	1
40	23	2	2	4	6	7
40	24	0	1	2	3	1
40	25	-2	2	0	3	3
40	26	1	1	3	4	2
40	27	0	1	2	5	1
40	28	0	1	1	3	3
40	29	1	0	3	5	2
40	30	-2	0	0	2	0
41	1	0	0	0	0	1
41	2	0	0	0	1	2
41	3	0	1	3	2	2
41	4	3	1	5	4	5
41	5	3	3	6	3	5
41	6	1	1	4	0	3
41	7	0	0	5	2	2
41	8	2	1	5	0	1
41	9	0	1	1	1	3
41	10	-1	0	-2	0	0
41	11	1	1	3	1	4
41	12	2	0	0	1	0
41	13	2	2	3	0	4
41	14	1	0	0	-1	1
41	15	0	2	1	2	3
41	16	1	0	0	2	1
41	17	1	0	4	2	2
41	18	3	2	3	3	3
41	19	3	0	4	1	2
41	20	1	2	1	2	5
41	21	0	0	0	0	3
41	22	4	1	4	4	3
41	23	2	0	3	1	3
41	24	0	0	2	0	2
41	25	2	1	5	1	5
41	26	2	1	4	2	4
41	27	0	1	-1	-1	2
41	28	5	1	4	3	6
41	29	0	0	4	0	2
41	30	3	1	4	3	4
42	1	2	1	2	4	2
42	2	0	1	3	4	3
42	3	0	0	-1	0	0
42	4	0	0	0	0	1
42	5	1	0	2	5	5
42	6	2	2	1	3	3
42	7	-1	0	0	2	2
42	8	2	3	5	4	6
42	9	3	2	6	5	5
42	10	0	0	2	2	0
42	11	1	2	4	4	2
42	12	1	0	2	1	0
42	13	0	2	1	2	3
42	14	2	2	4	4	4
42	15	2	4	3	5	3
42	16	0	0	3	3	3
42	17	1	0	3	2	1
42	18	0	1	0	2	0
42	19	2	2	4	4	3
42	20	-1	1	0	1	1
42	21	-2	0	0	0	-1
42	22	2	4	8	6	7
42	23	5	4	6	4	7
42	24	2	1	2	3	3
42	25	2	3	5	6	4
42	26	0	1	3	3	2
42	27	2	4	5	4	3
42	28	1	1	4	4	3
42	29	3	2	4	4	2
42	30	0	0	-1	0	0
43	1	2	3	3	4	3
43	2	0	1	1	1	1
43	3	-4	2	0	0	0
43	4	0	2	3	3	2
43	5	-1	2	0	3	0
43	6	0	4	3	4	5
43	7	-2	0	-1	0	0
43	8	-1	3	0	2	1
43	9	1	3	4	4	5
43	10	3	3	4	5	4
43	11	2	2	3	3	4
43	12	0	4	5	6	6
43	13	0	3	2	3	1
43	14	0	2	0	3	1
43	15	1	2	1	2	3
43	16	0	3	4	3	4
43	17	4	4	5	5	6
43	18	-4	1	0	0	-2
43	19	0	2	2	2	1
43	20	0	4	3	4	3
43	21	-2	1	0	1	4
43	22	-2	2	0	2	0
43	23	-1	4	3	3	3
43	24	-3	1	2	1	2
43	25	0	1	4	2	6
43	26	0	2	3	3	6
43	27	2	3	7	3	6
43	28	-2	2	-2	3	0
43	29	0	4	4	3	3
43	30	-2	2	1	2	1
44	1	2	1	5	4	5
44	2	6	3	9	7	9
44	3	6	4	8	6	7
44	4	3	3	5	4	4
44	5	4	3	5	7	6
44	6	3	1	6	5	3
44	7	0	3	5	7	9
44	8	4	3	5	6	6
44	9	3	2	6	6	4
44	10	3	2	8	8	6
44	11	6	4	9	8	9
44	12	1	2	3	5	4
44	13	3	2	6	4	6
44	14	6	4	12	7	6
44	15	3	3	3	5	5
44	16	-1	2	0	3	2
44	17	4	3	8	5	8
44	18	1	2	4	3	4
44	19	1	3	4	5	2
44	20	4	3	9	7	8
44	21	5	6	10	8	10
44	22	1	4	5	5	3
44	23	6	3	8	6	6
44	24	4	3	4	6	5
44	25	4	0	4	5	8
44	26	7	2	8	6	9
44	27	5	4	3	7	6
44	28	3	0	3	4	2
44	29	1	3	5	5	4
44	30	5	3	10	5	6
45	1	-1	1	-2	0	1
45	2	3	3	7	5	8
45	3	0	2	0	2	3
45	4	2	3	2	5	6
45	5	1	3	2	3	5
45	6	4	4	7	5	6
45	7	2	4	4	4	6
45	8	1	2	4	5	6
45	9	3	3	5	4	6
45	10	0	1	3	3	4
45	11	2	3	2	5	6
45	12	3	4	7	6	5
45	13	3	4	7	5	5
45	14	1	1	3	2	4
45	15	1	3	4	5	6
45	16	0	1	1	1	3
45	17	2	3	4	4	6
45	18	4	3	7	5	8
45	19	1	1	-2	2	3
45	20	0	3	0	3	1
45	21	3	5	6	6	9
45	22	1	1	0	4	4
45	23	2	3	8	5	7
45	24	3	4	3	3	5
45	25	1	3	6	5	7
45	26	3	3	6	5	5
45	27	1	3	5	2	2
45	28	0	2	0	3	3
45	29	2	3	3	2	6
45	30	5	5	11	7	10
46	1	1	3	0	3	4
46	2	-1	4	0	2	4
46	3	0	3	1	1	5
46	4	-1	3	0	0	3
46	5	3	4	6	5	5
46	6	0	2	0	0	2
46	7	1	2	0	1	3
46	8	0	3	0	2	5
46	9	0	3	0	1	4
46	10	4	5	5	4	7
46	11	-2	1	-1	0	0
46	12	4	4	2	5	4
46	13	0	2	-2	3	0
46	14	3	4	3	3	4
46	15	-4	2	-3	0	0
46	16	1	4	4	3	3
46	17	0	3	2	2	3
46	18	0	1	0	0	0
46	19	0	2	-1	0	0
46	20	0	3	0	1	2
46	21	1	3	2	5	7
46	22	-2	2	0	0	0
46	23	0	3	0	1	1
46	24	3	4	2	5	7
46	25	-3	3	-1	0	0
46	26	0	4	1	3	3
46	27	2	3	-2	1	3
46	28	0	1	-2	0	0
46	29	0	3	-1	0	4
46	30	1	2	1	3	3
47	1	0	1	3	3	3
47	2	2	3	3	5	4
47	3	0	0	0	2	2
47	4	0	1	0	2	0
47	5	1	1	4	4	5
47	6	-3	1	0	4	4
47	7	1	0	4	4	1
47	8	1	3	8	4	5
47	9	0	0	2	2	1
47	10	1	3	5	4	4
47	11	-1	1	2	4	0
47	12	2	3	5	2	5
47	13	0	3	3	4	5
47	14	-2	0	0	1	2
47	15	-2	0	0	1	1
47	16	0	1	1	4	1
47	17	2	1	1	4	3
47	18	0	1	1	3	2
47	19	2	2	4	4	2
47	20	0	1	0	2	0
47	21	0	2	1	2	2
47	22	1	3	2	3	2
47	23	-1	0	1	1	0
47	24	3	3	3	5	3
47	25	1	1	3	4	4
47	26	0	1	1	3	0
47	27	-1	0	0	3	0
47	28	0	1	0	2	2
47	29	2	4	4	5	7
47	30	0	1	0	2	2
48	1	0	0	0	3	0
48	2	4	1	2	4	4
48	3	3	1	2	3	2
48	4	2	2	3	6	4
48	5	0	0	2	2	3
48	6	3	1	4	4	5
48	7	0	-1	0	1	3
48	8	0	1	2	5	3
48	9	2	0	2	3	2
48	10	1	1	4	5	4
48	11	1	0	3	4	3
48	12	2	2	5	4	4
48	13	4	1	6	5	4
48	14	0	1	2	4	2
48	15	0	0	1	4	3
48	16	0	0	1	0	4
48	17	2	0	1	4	2
48	18	1	0	1	3	3
48	19	5	1	6	5	6
48	20	-1	0	-1	2	2
48	21	0	0	0	3	1
48	22	1	0	0	4	2
48	23	2	0	2	4	4
48	24	3	1	3	5	5
48	25	0	0	3	2	3
48	26	1	1	3	4	4
48	27	1	0	0	4	4
48	28	2	2	7	4	4
48	29	4	1	3	4	4
48	30	3	0	1	3	1
49	1	5	3	5	1	5
49	2	5	3	6	3	6
49	3	1	0	1	1	5
49	4	4	1	2	2	5
49	5	4	3	3	3	8
49	6	3	1	4	2	6
49	7	4	3	3	1	5
49	8	2	2	3	2	7
49	9	5	0	2	2	6
49	10	1	1	0	1	4
49	11	1	1	3	2	6
49	12	3	1	4	2	6
49	13	5	2	5	2	7
49	14	6	4	7	4	8
49	15	4	2	3	3	7
49	16	3	3	4	4	7
49	17	4	3	3	1	5
49	18	6	2	4	3	7
49	19	3	3	3	1	10
49	20	5	1	2	3	5
49	21	5	2	5	4	9
49	22	2	1	0	0	6
49	23	7	3	4	3	7
49	24	5	2	3	2	6
49	25	6	3	2	3	5
49	26	3	2	5	0	4
49	27	5	3	3	3	6
49	28	4	1	5	3	8
49	29	1	0	0	0	3
49	30	3	1	0	1	5
50	1	2	2	3	4	4
50	2	1	1	3	1	3
50	3	0	2	2	0	0
50	4	0	2	0	0	4
50	5	0	4	0	2	3
50	6	-1	2	0	0	0
50	7	2	3	4	2	6
50	8	-1	2	0	0	0
50	9	0	2	1	0	3
50	10	0	2	0	1	1
50	11	0	2	1	1	1
50	12	0	3	0	0	0
50	13	1	3	3	1	4
50	14	0	2	2	1	4
50	15	1	3	1	3	3
50	16	-2	0	-1	-1	-1
50	17	-1	1	0	2	0
50	18	0	3	1	1	4
50	19	-1	1	0	1	1
50	20	0	1	2	1	2
50	21	3	3	4	3	5
50	22	1	2	1	1	3
50	23	1	2	0	1	2
50	24	0	2	2	0	3
50	25	1	4	1	3	1
50	26	0	3	1	2	1
50	27	0	0	2	1	1
50	28	1	3	4	2	2
50	29	1	3	4	5	6
50	30	1	3	2	1	3
51	1	2	1	3	6	3
51	2	3	2	3	5	4
51	3	4	2	5	5	4
51	4	3	2	4	4	6
51	5	3	1	4	4	5
51	6	0	1	2	4	3
51	7	3	0	4	5	3
51	8	2	2	4	5	4
51	9	2	2	5	7	5
51	10	2	3	4	5	6
51	11	2	3	4	5	5
51	12	2	1	3	4	3
51	13	0	1	0	3	3
51	14	1	3	4	4	4
51	15	4	3	7	5	7
51	16	0	1	2	4	4
51	17	3	0	3	3	2
51	18	2	2	5	5	2
51	19	0	1	2	4	4
51	20	2	3	5	6	6
51	21	3	1	4	5	4
51	22	1	2	1	3	4
51	23	3	3	6	6	6
51	24	4	3	7	4	5
51	25	3	1	4	5	6
51	26	4	2	5	7	7
51	27	1	1	2	5	3
51	28	1	2	0	4	6
51	29	3	3	4	4	5
51	30	4	4	3	5	4
52	1	1	1	2	4	3
52	2	0	1	1	5	4
52	3	0	1	0	2	2
52	4	2	3	3	7	5
52	5	0	-1	-1	2	0
52	6	2	0	2	3	3
52	7	4	3	1	2	2
52	8	0	1	1	3	1
52	9	2	0	0	5	3
52	10	0	1	-1	2	0
52	11	4	2	3	6	3
52	12	0	0	0	1	0
52	13	0	0	-3	1	1
52	14	1	1	1	4	2
52	15	3	2	1	4	3
52	16	0	2	1	2	5
52	17	1	2	0	4	2
52	18	3	2	1	3	1
52	19	0	0	-1	3	2
52	20	1	1	3	2	4
52	21	2	0	2	4	5
52	22	4	2	3	4	6
52	23	4	1	2	5	5
52	24	3	2	4	6	6
52	25	3	1	1	3	5
52	26	2	4	2	4	1
52	27	0	0	-3	3	0
52	28	2	0	-1	1	0
52	29	2	1	2	3	2
52	30	3	2	3	4	4
53	1	3	4	2	4	3
53	2	2	2	5	4	5
53	3	0	1	1	1	2
53	4	2	1	0	3	6
53	5	2	3	3	2	5
53	6	1	1	3	3	3
53	7	2	2	2	3	4
53	8	0	1	4	2	3
53	9	4	1	3	3	4
53	10	1	1	2	3	4
53	11	3	2	3	2	4
53	12	0	1	0	1	1
53	13	2	1	0	2	5
53	14	1	1	1	2	5
53	15	0	0	1	1	0
53	16	1	2	3	3	4
53	17	1	2	2	3	3
53	18	3	2	0	3	6
53	19	3	3	4	5	5
53	20	3	2	4	5	5
53	21	3	2	5	6	5
53	22	2	2	2	2	3
53	23	2	2	3	3	2
53	24	2	2	5	5	6
53	25	2	2	2	3	7
53	26	0	0	-1	1	2
53	27	2	1	0	3	2
53	28	2	2	6	6	9
53	29	0	1	1	4	4
53	30	3	2	4	3	5
54	1	3	3	2	6	4
54	2	2	4	3	5	3
54	3	3	3	1	6	6
54	4	4	4	6	6	6
54	5	2	2	6	3	8
54	6	5	5	6	5	7
54	7	2	3	5	6	5
54	8	2	2	4	4	3
54	9	4	4	6	6	4
54	10	3	4	5	6	7
54	11	7	5	8	7	7
54	12	2	2	5	5	4
54	13	3	3	4	4	3
54	14	1	3	8	6	6
54	15	3	5	8	5	9
54	16	2	3	5	5	4
54	17	3	4	5	6	5
54	18	0	2	5	5	3
54	19	0	3	3	6	3
54	20	5	4	7	6	7
54	21	1	2	4	6	8
54	22	3	3	5	6	6
54	23	1	3	4	3	4
54	24	5	4	8	6	8
54	25	3	4	5	5	9
54	26	2	3	6	4	3
54	27	3	5	6	6	8
54	28	0	2	1	4	2
54	29	2	3	1	5	7
54	30	5	4	7	7	8
55	1	1	3	2	4	5
55	2	4	4	4	4	5
55	3	1	4	1	2	3
55	4	-1	1	-2	1	-1
55	5	-1	3	0	2	2
55	6	2	3	3	3	3
55	7	2	5	4	5	6
55	8	2	3	3	3	3
55	9	1	6	2	4	4
55	10	0	2	2	3	2
55	11	0	2	0	4	1
55	12	0	4	0	4	4
55	13	4	6	2	6	7
55	14	1	5	5	6	6
55	15	2	4	3	4	6
55	16	2	5	3	3	6
55	17	0	4	0	4	6
55	18	3	5	3	4	5
55	19	2	3	1	4	5
55	20	0	2	1	2	4
55	21	0	4	1	3	4
55	22	1	3	1	3	4
55	23	1	4	1	4	4
55	24	2	3	1	3	5
55	25	0	4	0	1	2
55	26	-1	3	-2	1	1
55	27	4	4	4	6	4
55	28	0	3	1	3	4
55	29	2	3	3	4	7
55	30	0	2	0	2	4
56	1	1	3	3	1	4
56	2	2	3	4	2	3
56	3	0	3	2	1	4
56	4	0	0	3	0	2
56	5	4	4	5	4	8
56	6	6	4	6	3	5
56	7	2	3	5	1	2
56	8	4	4	7	2	4
56	9	1	3	3	1	2
56	10	4	4	2	3	6
56	11	3	3	6	2	4
56	12	2	2	3	2	3
56	13	2	2	4	1	2
56	14	2	4	3	1	4
56	15	4	2	4	3	7
56	16	5	4	5	3	5
56	17	4	4	5	3	5
56	18	2	3	2	2	4
56	19	1	3	3	1	1
56	20	3	3	6	3	5
56	21	2	4	5	0	3
56	22	3	4	4	3	4
56	23	6	4	8	4	8
56	24	3	2	3	2	3
56	25	4	4	8	4	7
56	26	2	3	4	2	2
56	27	4	3	3	2	5
56	28	1	3	4	2	3
56	29	4	3	4	1	3
56	30	3	4	6	1	4
57	1	-1	2	1	2	0
57	2	-1	2	0	2	1
57	3	-3	0	-3	0	-2
57	4	2	1	0	1	3
57	5	1	3	1	3	3
57	6	0	2	1	2	3
57	7	1	3	2	2	4
57	8	0	2	1	5	2
57	9	2	3	1	3	2
57	10	2	3	2	3	1
57	11	-2	0	-1	1	0
57	12	0	2	0	3	3
57	13	2	3	5	4	3
57	14	0	0	0	2	0
57	15	0	1	3	2	3
57	16	0	1	0	3	2
57	17	1	2	1	2	2
57	18	1	2	0	1	0
57	19	-1	2	0	1	0
57	20	0	1	1	3	3
57	21	0	2	1	3	2
57	22	0	1	0	3	2
57	23	1	2	2	2	2
57	24	0	2	1	2	4
57	25	-1	2	0	2	-1
57	26	4	4	0	4	4
57	27	3	4	5	4	5
57	28	3	3	3	4	5
57	29	0	3	0	1	1
57	30	-2	0	-1	3	-2
58	1	4	3	3	2	3
58	2	2	5	7	1	5
58	3	2	4	4	4	5
58	4	1	3	1	2	3
58	5	0	3	1	2	3
58	6	3	3	4	2	4
58	7	3	5	5	3	4
58	8	4	4	5	4	7
58	9	4	3	4	3	7
58	10	0	3	0	2	2
58	11	0	1	1	1	1
58	12	0	2	0	1	0
58	13	4	3	4	4	5
58	14	2	4	6	3	6
58	15	1	4	5	4	7
58	16	0	3	4	1	2
58	17	4	5	7	6	7
58	18	1	4	3	5	2
58	19	7	4	5	7	7
58	20	3	4	5	5	5
58	21	3	5	5	4	7
58	22	2	3	6	3	4
58	23	1	2	6	1	2
58	24	0	2	0	3	2
58	25	0	3	1	2	2
58	26	2	3	4	3	4
58	27	0	5	4	4	4
58	28	1	2	4	4	4
58	29	3	2	4	5	5
58	30	2	3	4	4	5
59	1	2	3	0	3	2
59	2	1	3	2	2	3
59	3	2	0	-1	2	1
59	4	3	2	4	6	6
59	5	3	2	2	3	5
59	6	2	1	0	3	2
59	7	2	2	-1	2	1
59	8	2	2	0	2	5
59	9	2	0	1	4	2
59	10	0	1	0	1	0
59	11	2	1	-2	2	1
59	12	4	3	3	5	4
59	13	3	2	-1	3	3
59	14	0	1	1	2	2
59	15	5	2	5	4	4
59	16	3	3	3	5	5
59	17	4	2	1	4	4
59	18	3	2	3	2	4
59	19	1	2	1	2	4
59	20	3	2	2	3	3
59	21	2	1	3	4	5
59	22	4	3	3	5	4
59	23	6	4	5	6	5
59	24	0	3	1	3	3
59	25	0	0	1	1	2
59	26	2	1	2	4	2
59	27	5	4	8	6	7
59	28	2	1	1	5	5
59	29	5	4	3	3	5
59	30	1	1	2	3	1
60	1	0	1	5	2	3
60	2	0	0	3	3	1
60	3	1	1	3	1	1
60	4	4	2	7	5	6
60	5	2	1	4	3	1
60	6	2	0	6	2	1
60	7	5	2	6	3	3
60	8	4	2	7	6	8
60	9	1	0	7	4	3
60	10	-1	0	2	1	1
60	11	0	0	3	2	2
60	12	0	0	1	0	0
60	13	0	0	-2	0	0
60	14	3	2	10	4	3
60	15	1	1	3	4	3
60	16	0	1	5	3	3
60	17	3	3	6	6	6
60	18	1	0	4	3	2
60	19	0	1	5	3	3
60	20	1	1	4	3	5
60	21	1	2	4	5	2
60	22	1	1	1	1	2
60	23	3	1	7	5	4
60	24	3	1	4	4	2
60	25	2	0	3	1	4
60	26	0	0	3	1	0
60	27	4	2	5	6	5
60	28	3	1	6	7	4
60	29	5	2	4	5	8
60	30	1	1	5	4	6
61	1	1	2	0	3	3
61	2	3	1	3	3	3
61	3	4	2	2	3	4
61	4	2	1	2	4	2
61	5	3	4	6	5	3
61	6	4	2	0	3	3
61	7	0	0	0	4	-2
61	8	0	0	0	2	0
61	9	3	0	4	5	3
61	10	4	2	2	5	3
61	11	-1	0	-1	1	0
61	12	1	1	1	3	2
61	13	3	2	3	6	3
61	14	3	2	6	6	6
61	15	1	1	0	3	2
61	16	0	1	0	3	3
61	17	0	1	1	2	2
61	18	3	3	3	4	5
61	19	5	3	3	4	3
61	20	2	1	1	3	4
61	21	0	2	2	2	1
61	22	2	0	3	5	2
61	23	3	3	2	4	2
61	24	2	3	3	4	2
61	25	6	2	5	7	6
61	26	3	1	2	5	3
61	27	1	3	1	4	3
61	28	2	1	2	3	3
61	29	0	3	-1	1	1
61	30	4	3	3	3	3
62	1	1	1	3	2	1
62	2	4	3	7	5	6
62	3	1	2	2	2	3
62	4	0	1	2	1	2
62	5	0	2	1	1	2
62	6	3	2	7	4	7
62	7	1	2	3	3	4
62	8	0	0	3	3	3
62	9	-2	0	2	2	2
62	10	0	0	2	2	2
62	11	1	1	0	1	3
62	12	1	2	4	4	3
62	13	0	1	3	2	3
62	14	1	0	0	1	2
62	15	0	1	2	4	5
62	16	2	2	5	4	5
62	17	1	1	3	2	2
62	18	0	1	1	2	2
62	19	2	1	3	3	6
62	20	1	0	0	1	4
62	21	0	2	4	3	6
62	22	3	2	5	4	5
62	23	0	1	3	1	2
62	24	1	1	0	3	2
62	25	0	0	2	2	4
62	26	-1	1	5	3	3
62	27	2	3	6	3	5
62	28	1	2	1	0	2
62	29	1	0	4	3	3
62	30	-2	0	-1	-1	0
63	1	0	0	2	4	4
63	2	-1	1	2	4	1
63	3	-2	2	0	2	0
63	4	1	2	3	3	3
63	5	0	2	4	5	3
63	6	1	2	1	2	4
63	7	1	2	2	4	2
63	8	0	2	3	5	5
63	9	1	2	5	5	4
63	10	0	1	1	3	1
63	11	0	0	0	1	0
63	12	2	1	1	2	5
63	13	4	3	3	4	3
63	14	2	1	1	4	1
63	15	0	0	1	2	0
63	16	2	0	2	5	4
63	17	0	2	1	3	3
63	18	0	1	3	2	1
63	19	0	2	4	4	2
63	20	1	3	6	5	6
63	21	1	3	4	4	4
63	22	-1	2	3	3	3
63	23	2	1	2	2	1
63	24	0	0	0	1	1
63	25	0	2	0	1	2
63	26	3	4	7	4	7
63	27	3	3	3	4	6
63	28	1	2	0	3	2
63	29	-1	1	0	4	1
63	30	-3	0	1	2	1
64	1	4	5	3	3	7
64	2	2	2	2	1	2
64	3	2	2	2	2	3
64	4	6	4	5	1	4
64	5	2	3	2	0	0
64	6	4	2	1	0	5
64	7	5	3	5	3	3
64	8	2	2	0	2	2
64	9	4	4	4	3	6
64	10	3	3	4	2	5
64	11	0	2	0	1	1
64	12	2	3	3	3	4
64	13	0	2	2	1	3
64	14	3	1	1	1	4
64	15	2	3	2	2	4
64	16	2	2	1	2	2
64	17	5	2	1	1	4
64	18	4	3	3	4	4
64	19	1	2	0	0	2
64	20	6	4	3	3	4
64	21	5	4	7	6	6
64	22	3	2	4	3	5
64	23	2	4	2	3	3
64	24	2	1	2	0	3
64	25	3	2	4	2	4
64	26	2	2	0	2	2
64	27	3	3	3	2	4
64	28	3	1	0	1	2
64	29	4	2	2	1	5
64	30	5	3	5	2	5
65	1	2	6	5	3	2
65	2	4	6	7	3	4
65	3	0	4	1	0	1
65	4	1	5	4	1	2
65	5	-1	3	-3	-1	-1
65	6	-1	3	0	0	2
65	7	0	4	3	1	4
65	8	0	2	-2	0	0
65	9	0	2	2	0	3
65	10	0	3	0	1	0
65	11	0	3	1	0	1
65	12	0	4	1	2	1
65	13	0	2	1	0	2
65	14	-3	0	-2	0	-3
65	15	1	3	2	1	3
65	16	0	3	1	2	3
65	17	2	3	2	0	2
65	18	0	3	0	0	1
65	19	3	4	4	2	1
65	20	2	4	7	2	3
65	21	-3	1	-2	-1	-2
65	22	2	3	4	1	3
65	23	-1	2	0	-2	0
65	24	0	4	1	1	0
65	25	0	2	1	0	1
65	26	0	3	0	0	0
65	27	2	4	2	4	4
65	28	0	3	3	1	1
65	29	1	4	2	1	1
65	30	-1	2	-2	-1	-2
66	1	3	5	3	6	7
66	2	3	5	3	5	7
66	3	2	4	3	5	5
66	4	1	4	2	4	4
66	5	4	4	6	6	4
66	6	1	3	0	2	3
66	7	3	5	8	6	6
66	8	0	4	2	4	5
66	9	4	4	5	6	6
66	10	1	5	1	5	3
66	11	3	2	2	4	3
66	12	3	4	7	7	4
66	13	3	4	3	5	6
66	14	2	5	4	6	3
66	15	5	4	3	5	3
66	16	4	5	5	4	6
66	17	2	4	1	4	3
66	18	4	5	4	6	6
66	19	1	4	4	4	2
66	20	1	4	4	6	3
66	21	2	5	3	6	5
66	22	2	5	5	6	5
66	23	2	2	3	5	3
66	24	3	4	2	4	5
66	25	1	3	2	3	2
66	26	3	4	4	4	5
66	27	2	3	2	4	2
66	28	4	6	8	5	8
66	29	4	6	6	4	6
66	30	1	5	3	6	4
67	1	5	3	5	6	7
67	2	4	3	3	6	6
67	3	3	3	2	5	5
67	4	4	4	3	5	5
67	5	1	2	4	4	5
67	6	2	3	1	4	5
67	7	1	3	2	3	3
67	8	1	0	1	3	2
67	9	3	3	2	4	4
67	10	3	4	5	6	5
67	11	4	2	4	4	3
67	12	0	2	0	2	2
67	13	4	3	5	7	7
67	14	6	2	5	4	5
67	15	6	3	8	6	5
67	16	5	2	8	5	7
67	17	2	2	3	1	2
67	18	2	2	1	3	4
67	19	1	1	0	4	2
67	20	5	3	4	5	9
67	21	3	3	7	6	7
67	22	0	3	2	3	4
67	23	0	2	1	3	4
67	24	4	3	4	4	6
67	25	-1	0	1	2	2
67	26	5	3	8	7	7
67	27	2	2	6	5	4
67	28	0	1	0	3	1
67	29	1	3	5	4	6
67	30	4	2	2	4	3
68	1	-2	-1	-1	2	2
68	2	1	0	3	4	4
68	3	2	0	0	4	3
68	4	0	0	2	4	1
68	5	0	1	2	4	5
68	6	2	0	4	6	3
68	7	3	1	8	8	7
68	8	-1	0	-2	2	0
68	9	2	0	2	5	6
68	10	-1	0	0	3	3
68	11	3	2	4	6	6
68	12	2	1	4	4	4
68	13	2	2	3	7	6
68	14	0	-1	0	4	2
68	15	3	0	4	5	4
68	16	3	0	3	4	4
68	17	2	2	7	6	5
68	18	1	0	2	5	2
68	19	2	2	3	6	5
68	20	0	1	0	2	2
68	21	0	0	3	4	5
68	22	2	1	1	5	3
68	23	-1	0	0	4	3
68	24	1	0	0	4	5
68	25	2	0	6	4	4
68	26	3	2	6	6	4
68	27	4	1	4	7	7
68	28	1	0	3	5	4
68	29	2	1	1	7	7
68	30	2	0	2	5	3
69	1	2	3	0	2	3
69	2	5	3	5	4	3
69	3	2	3	4	2	3
69	4	3	2	3	2	3
69	5	2	3	5	3	7
69	6	3	2	3	2	5
69	7	3	3	3	5	5
69	8	2	3	2	2	4
69	9	3	3	4	4	4
69	10	3	4	6	5	6
69	11	3	2	4	5	4
69	12	3	1	2	3	4
69	13	5	5	8	5	6
69	14	6	3	8	6	5
69	15	3	4	6	3	5
69	16	2	3	6	4	5
69	17	5	2	5	5	6
69	18	3	3	6	4	6
69	19	5	2	4	6	6
69	20	2	3	3	4	5
69	21	4	3	4	5	7
69	22	2	2	3	3	3
69	23	7	4	4	5	7
69	24	4	2	6	3	4
69	25	1	1	0	3	2
69	26	2	2	2	3	4
69	27	5	3	4	4	4
69	28	5	3	5	5	7
69	29	2	3	2	1	6
69	30	1	1	1	2	2
70	1	5	4	6	5	7
70	2	2	3	1	6	7
70	3	5	3	5	5	7
70	4	4	4	3	5	5
70	5	3	3	3	7	4
70	6	7	4	7	7	8
70	7	4	3	1	6	4
70	8	3	3	5	6	6
70	9	1	4	5	7	7
70	10	5	6	6	6	6
70	11	3	3	5	6	5
70	12	4	3	4	6	6
70	13	4	3	4	8	6
70	14	3	3	3	5	4
70	15	7	5	5	8	9
70	16	1	3	5	4	2
70	17	2	4	3	7	6
70	18	2	3	2	3	4
70	19	1	2	4	3	3
70	20	4	4	6	6	4
70	21	5	5	6	6	9
70	22	7	5	9	8	9
70	23	4	4	3	6	6
70	24	3	4	4	6	4
70	25	4	3	5	7	3
70	26	5	4	5	6	8
70	27	0	2	0	5	2
70	28	5	3	6	6	5
70	29	4	3	3	7	8
70	30	3	3	4	5	6
71	1	-2	0	-1	3	1
71	2	1	2	2	4	4
71	3	-2	0	2	3	0
71	4	0	1	4	4	4
71	5	1	3	1	3	2
71	6	1	2	2	5	4
71	7	1	3	5	5	5
71	8	0	3	1	3	3
71	9	0	2	1	3	2
71	10	0	3	1	4	2
71	11	0	2	1	3	2
71	12	0	3	1	4	0
71	13	0	2	1	3	3
71	14	2	4	5	4	3
71	15	0	2	3	4	2
71	16	0	2	4	4	3
71	17	3	4	4	6	6
71	18	2	2	4	4	4
71	19	2	4	6	7	6
71	20	0	3	3	2	2
71	21	4	4	4	4	6
71	22	1	2	6	5	4
71	23	-1	3	1	3	2
71	24	0	3	3	5	3
71	25	0	1	1	3	1
71	26	1	3	5	4	8
71	27	1	2	3	5	3
71	28	1	1	1	3	4
71	29	1	0	3	4	5
71	30	1	1	0	4	2
72	1	2	2	1	1	2
72	2	2	1	1	1	1
72	3	0	0	0	2	2
72	4	0	1	-1	1	-1
72	5	-1	1	0	0	0
72	6	0	1	-1	0	0
72	7	3	0	2	2	3
72	8	2	2	1	1	0
72	9	0	0	-3	1	1
72	10	0	1	-2	1	-1
72	11	-2	0	-2	0	0
72	12	-2	1	-4	0	0
72	13	-1	1	-1	0	-1
72	14	1	1	1	0	1
72	15	-4	0	-5	0	-2
72	16	-2	2	-2	0	0
72	17	-2	1	0	1	0
72	18	-1	0	0	-2	-1
72	19	2	2	-1	2	1
72	20	-1	0	-3	1	0
72	21	0	0	-3	-1	-2
72	22	-2	0	-1	-1	-1
72	23	1	1	-1	1	0
72	24	1	3	2	4	5
72	25	0	0	0	0	0
72	26	0	2	0	1	1
72	27	-1	1	-2	-1	-2
72	28	2	3	1	2	1
72	29	0	2	0	1	1
72	30	-6	0	-5	-1	-3
73	1	1	4	5	2	4
73	2	3	4	3	1	5
73	3	0	3	1	2	3
73	4	1	3	4	3	2
73	5	1	2	2	2	4
73	6	3	4	6	4	5
73	7	4	4	2	5	4
73	8	4	4	5	5	6
73	9	4	3	4	3	6
73	10	5	4	6	4	7
73	11	3	2	4	1	3
73	12	1	1	-1	0	2
73	13	1	5	4	4	6
73	14	3	5	6	4	6
73	15	3	3	4	3	4
73	16	3	6	4	5	6
73	17	2	4	5	5	4
73	18	4	4	4	5	4
73	19	3	4	3	4	3
73	20	2	3	2	2	5
73	21	3	4	4	2	4
73	22	5	4	3	5	5
73	23	5	4	6	4	5
73	24	2	4	3	4	5
73	25	2	3	1	2	5
73	26	7	5	9	5	8
73	27	1	4	6	4	6
73	28	0	3	3	0	2
73	29	5	5	7	4	6
73	30	3	4	4	1	3
74	1	2	1	4	4	4
74	2	3	0	0	2	4
74	3	3	0	3	2	3
74	4	2	0	0	3	3
74	5	3	0	1	1	1
74	6	1	0	1	0	1
74	7	1	0	1	1	1
74	8	2	0	2	1	2
74	9	2	0	4	3	4
74	10	2	1	2	2	4
74	11	4	0	2	3	1
74	12	1	0	0	0	1
74	13	2	0	1	2	-1
74	14	5	1	5	2	4
74	15	3	0	3	3	4
74	16	2	0	3	1	2
74	17	2	0	1	1	1
74	18	4	1	3	3	1
74	19	4	0	1	2	3
74	20	2	2	3	2	4
74	21	3	1	0	1	4
74	22	1	0	-1	2	3
74	23	2	1	2	3	3
74	24	3	0	2	2	3
74	25	4	1	3	4	5
74	26	0	-1	0	1	1
74	27	4	0	2	2	0
74	28	0	0	0	1	3
74	29	1	0	0	0	2
74	30	3	0	5	4	3
75	1	0	2	2	3	1
75	2	-1	1	0	1	0
75	3	1	2	-1	0	0
75	4	-3	2	0	1	0
75	5	3	3	5	4	3
75	6	3	4	8	5	5
75	7	0	1	0	0	2
75	8	0	2	3	3	3
75	9	1	2	3	2	3
75	10	4	4	8	5	6
75	11	-3	1	-1	0	-1
75	12	-1	1	0	1	4
75	13	-2	2	0	2	0
75	14	0	3	0	4	1
75	15	0	2	3	3	2
75	16	0	2	2	2	1
75	17	3	3	5	2	5
75	18	2	2	0	0	4
75	19	2	5	7	5	6
75	20	2	3	4	3	3
75	21	0	1	1	0	1
75	22	0	2	0	2	0
75	23	0	4	2	3	2
75	24	0	2	2	1	2
75	25	0	2	3	3	4
75	26	0	2	2	5	3
75	27	1	2	3	2	2
75	28	0	2	2	1	3
75	29	-1	2	1	0	2
75	30	0	1	0	0	2
76	1	3	3	5	5	7
76	2	1	3	6	6	9
76	3	4	3	3	4	4
76	4	4	3	7	3	8
76	5	4	4	7	7	8
76	6	4	4	8	6	8
76	7	1	3	0	2	6
76	8	3	1	5	6	7
76	9	0	4	2	4	4
76	10	2	3	4	5	7
76	11	5	3	2	4	6
76	12	3	3	2	4	6
76	13	2	2	2	4	5
76	14	3	3	4	8	7
76	15	2	1	3	5	6
76	16	0	4	2	3	6
76	17	2	3	5	5	7
76	18	2	3	5	4	5
76	19	7	3	6	6	9
76	20	0	1	3	3	4
76	21	5	5	11	6	9
76	22	0	3	3	4	4
76	23	2	3	5	5	6
76	24	-1	1	0	2	3
76	25	0	1	1	4	3
76	26	3	3	5	5	7
76	27	2	4	6	5	5
76	28	2	2	3	5	7
76	29	2	3	2	3	5
76	30	0	1	0	3	2
77	1	1	0	0	3	2
77	2	1	1	1	3	2
77	3	2	3	1	5	5
77	4	2	2	1	5	4
77	5	1	0	3	3	1
77	6	2	2	2	3	3
77	7	0	3	2	4	4
77	8	2	2	0	6	4
77	9	3	4	1	5	7
77	10	1	1	1	2	5
77	11	0	2	2	4	5
77	12	1	2	2	5	4
77	13	1	2	0	2	1
77	14	0	0	1	3	4
77	15	0	2	2	6	5
77	16	3	3	0	4	4
77	17	2	2	3	6	6
77	18	0	3	3	3	3
77	19	3	3	3	7	6
77	20	0	1	0	3	1
77	21	0	0	-3	3	0
77	22	0	1	-1	1	1
77	23	2	2	4	5	5
77	24	2	1	3	6	2
77	25	1	2	2	5	2
77	26	0	0	2	5	3
77	27	4	2	6	6	8
77	28	2	4	3	5	4
77	29	0	1	0	3	2
77	30	0	2	0	4	1
78	1	1	0	5	3	2
78	2	2	0	2	1	2
78	3	0	1	1	1	1
78	4	1	1	3	2	3
78	5	-2	1	-3	0	0
78	6	-1	1	0	0	2
78	7	1	0	2	2	2
78	8	0	2	2	2	3
78	9	0	0	-1	1	0
78	10	4	2	1	2	3
78	11	2	2	4	3	4
78	12	0	0	-2	0	0
78	13	0	0	0	0	3
78	14	3	1	3	2	2
78	15	0	2	2	1	4
78	16	0	0	0	2	1
78	17	0	2	-1	1	1
78	18	1	2	2	2	4
78	19	-3	0	-1	0	0
78	20	-2	0	0	1	2
78	21	1	2	3	3	2
78	22	0	1	-1	0	-1
78	23	1	0	-1	0	0
78	24	1	1	0	2	2
78	25	-1	0	1	1	3
78	26	-1	0	0	0	-1
78	27	0	2	2	3	3
78	28	0	0	-1	2	1
78	29	1	0	0	3	1
78	30	2	0	0	0	0
79	1	3	3	6	4	3
79	2	1	3	1	4	3
79	3	3	2	1	5	4
79	4	5	2	6	4	4
79	5	3	2	0	4	4
79	6	4	3	6	5	4
79	7	3	3	3	5	4
79	8	2	4	4	6	3
79	9	4	4	6	5	8
79	10	0	3	6	3	3
79	11	4	3	2	3	4
79	12	5	3	6	6	5
79	13	2	1	2	2	3
79	14	4	3	3	4	4
79	15	0	2	2	2	2
79	16	4	3	6	5	5
79	17	2	1	2	2	1
79	18	1	1	1	3	2
79	19	4	4	6	4	3
79	20	2	2	4	4	3
79	21	3	3	4	4	4
79	22	2	3	4	5	3
79	23	2	4	4	4	1
79	24	5	4	7	7	4
79	25	2	3	0	1	0
79	26	1	3	4	3	2
79	27	0	1	0	0	0
79	28	5	3	4	6	5
79	29	1	3	3	4	3
79	30	2	2	4	2	4
80	1	3	3	5	6	6
80	2	1	1	0	3	1
80	3	3	2	4	5	7
80	4	0	0	0	0	3
80	5	4	2	3	4	5
80	6	3	2	2	3	4
80	7	0	2	2	4	2
80	8	-1	0	0	3	1
80	9	5	3	5	3	3
80	10	3	2	5	5	7
80	11	0	0	-1	1	2
80	12	4	5	8	7	8
80	13	4	5	5	7	7
80	14	2	1	0	2	2
80	15	1	2	0	3	4
80	16	0	0	1	2	5
80	17	2	4	1	2	5
80	18	1	2	2	3	6
80	19	1	2	3	2	3
80	20	2	2	3	3	5
80	21	4	2	3	5	5
80	22	-2	0	-1	0	0
80	23	1	1	1	1	2
80	24	2	2	2	3	4
80	25	4	2	1	2	4
80	26	4	2	3	3	4
80	27	-1	1	0	3	4
80	28	0	2	0	2	4
80	29	3	3	3	5	4
80	30	3	3	2	2	3
81	1	0	2	2	2	3
81	2	1	0	3	2	1
81	3	-1	0	-1	1	1
81	4	0	0	2	3	1
81	5	5	4	8	7	6
81	6	0	0	4	4	3
81	7	2	2	2	3	4
81	8	2	0	3	3	3
81	9	1	2	4	4	7
81	10	0	1	2	3	5
81	11	3	1	5	5	4
81	12	0	0	1	1	4
81	13	-1	0	1	2	1
81	14	3	2	5	4	5
81	15	1	0	2	3	3
81	16	4	1	5	4	5
81	17	0	0	2	4	3
81	18	2	1	6	6	5
81	19	1	0	2	3	4
81	20	0	1	2	3	2
81	21	4	1	2	5	5
81	22	0	0	1	1	3
81	23	3	2	7	5	6
81	24	1	1	2	5	4
81	25	-2	0	0	0	0
81	26	1	0	4	2	3
81	27	-1	0	1	1	2
81	28	-2	-1	0	0	-1
81	29	1	1	4	2	3
81	30	1	0	2	3	5
82	1	2	3	1	1	2
82	2	1	2	3	1	1
82	3	4	3	1	3	3
82	4	0	2	2	3	3
82	5	5	3	5	4	5
82	6	4	4	3	4	3
82	7	0	1	1	2	2
82	8	1	3	1	3	3
82	9	4	3	5	4	5
82	10	2	2	2	3	4
82	11	4	4	4	4	4
82	12	3	3	5	4	5
82	13	5	4	5	3	3
82	14	4	5	6	5	5
82	15	3	4	2	5	3
82	16	0	2	1	2	2
82	17	3	2	2	4	3
82	18	5	4	3	3	4
82	19	2	3	2	4	4
82	20	0	2	0	2	0
82	21	2	2	1	3	3
82	22	4	3	4	5	5
82	23	2	5	2	3	6
82	24	2	3	3	4	1
82	25	2	3	4	3	3
82	26	2	3	3	5	2
82	27	3	4	6	6	5
82	28	6	4	6	5	7
82	29	2	3	0	2	2
82	30	2	3	3	3	3
83	1	0	3	1	3	0
83	2	-2	0	-2	2	0
83	3	2	3	1	4	4
83	4	1	2	0	3	1
83	5	3	3	7	6	6
83	6	-2	0	-1	1	0
83	7	2	3	5	6	4
83	8	1	1	3	4	5
83	9	1	2	1	6	4
83	10	0	3	2	5	2
83	11	0	2	2	3	0
83	12	2	2	3	7	4
83	13	0	1	1	2	0
83	14	3	2	4	3	3
83	15	3	2	1	2	2
83	16	0	3	6	4	5
83	17	0	2	2	3	1
83	18	0	1	2	4	1
83	19	2	2	2	5	1
83	20	1	2	4	4	2
83	21	3	3	4	5	4
83	22	3	1	3	4	4
83	23	1	2	1	5	3
83	24	4	3	3	4	5
83	25	-1	3	1	3	0
83	26	4	2	5	5	4
83	27	-2	2	0	2	3
83	28	2	2	2	4	2
83	29	0	0	0	2	0
83	30	1	4	0	4	3
84	1	0	1	0	1	3
84	2	2	2	1	2	4
84	3	0	1	1	3	1
84	4	1	2	2	4	3
84	5	2	2	2	4	4
84	6	3	2	4	4	4
84	7	0	1	0	2	4
84	8	1	2	0	3	4
84	9	3	3	6	4	7
84	10	5	4	6	6	7
84	11	2	3	6	6	4
84	12	0	2	1	3	4
84	13	2	4	5	5	8
84	14	-1	2	0	2	2
84	15	0	3	5	3	6
84	16	3	3	4	5	6
84	17	0	2	2	6	5
84	18	3	2	3	4	4
84	19	1	2	3	3	6
84	20	2	2	2	3	5
84	21	3	4	3	4	6
84	22	0	2	0	0	1
84	23	2	2	1	4	5
84	24	1	3	5	4	5
84	25	1	3	3	7	5
84	26	2	2	0	4	2
84	27	0	2	0	4	2
84	28	0	0	2	5	2
84	29	0	1	3	2	2
84	30	1	3	5	3	5
85	1	-1	1	1	2	2
85	2	0	3	3	3	3
85	3	0	2	4	4	3
85	4	0	1	1	1	0
85	5	0	2	1	4	3
85	6	2	2	3	4	4
85	7	1	3	2	4	2
85	8	1	2	0	1	3
85	9	0	3	1	2	2
85	10	0	2	1	4	3
85	11	1	1	1	4	3
85	12	2	3	4	3	3
85	13	0	2	0	1	0
85	14	-1	0	2	4	2
85	15	0	1	0	1	0
85	16	-2	1	1	4	2
85	17	2	1	4	2	1
85	18	0	1	1	1	2
85	19	1	1	1	2	2
85	20	1	2	1	4	3
85	21	1	0	0	2	0
85	22	0	1	6	3	3
85	23	3	1	3	4	1
85	24	0	0	0	2	2
85	25	0	1	0	4	1
85	26	3	4	5	7	9
85	27	4	1	3	4	3
85	28	1	1	1	2	3
85	29	0	2	2	3	2
85	30	1	4	1	3	2
86	1	0	4	3	3	3
86	2	0	2	2	3	4
86	3	0	2	2	3	2
86	4	1	4	3	3	4
86	5	2	3	2	4	4
86	6	1	1	2	4	4
86	7	1	2	6	7	4
86	8	2	3	3	4	6
86	9	2	2	1	5	0
86	10	4	1	6	6	5
86	11	4	3	4	6	5
86	12	2	3	5	5	4
86	13	0	3	3	5	3
86	14	1	2	0	1	4
86	15	2	2	4	4	4
86	16	0	2	2	2	2
86	17	0	2	2	3	1
86	18	1	2	2	5	3
86	19	2	3	6	4	4
86	20	1	2	2	3	4
86	21	1	2	3	5	2
86	22	0	1	0	1	2
86	23	0	2	0	5	3
86	24	4	3	5	5	4
86	25	1	2	1	2	2
86	26	1	1	2	3	2
86	27	3	2	3	5	5
86	28	0	4	6	6	5
86	29	4	3	6	5	5
86	30	4	4	9	7	9
87	1	5	4	6	7	6
87	2	5	4	6	6	4
87	3	5	5	8	7	9
87	4	3	2	5	4	5
87	5	5	3	4	5	6
87	6	3	4	4	5	5
87	7	0	0	5	5	3
87	8	2	3	2	3	1
87	9	7	5	7	7	8
87	10	2	2	4	5	4
87	11	5	2	5	6	3
87	12	2	2	2	4	4
87	13	3	4	6	7	5
87	14	4	4	6	5	5
87	15	4	3	3	5	4
87	16	4	3	2	5	4
87	17	5	5	7	8	8
87	18	5	3	8	5	6
87	19	3	3	5	7	5
87	20	4	3	4	5	5
87	21	3	3	3	4	3
87	22	4	2	8	5	4
87	23	2	3	5	3	6
87	24	5	6	7	7	9
87	25	0	1	0	2	2
87	26	4	4	6	6	6
87	27	3	3	5	5	4
87	28	5	6	8	7	10
87	29	2	4	2	5	4
87	30	3	4	5	6	6
88	1	3	4	0	2	5
88	2	4	4	2	4	1
88	3	2	4	3	4	4
88	4	4	6	6	6	6
88	5	3	5	2	4	4
88	6	1	5	1	3	2
88	7	6	5	7	6	7
88	8	3	3	3	3	4
88	9	4	3	4	3	6
88	10	4	3	6	3	7
88	11	3	5	5	4	6
88	12	2	5	3	4	5
88	13	0	4	2	4	3
88	14	2	5	6	3	3
88	15	2	4	3	3	4
88	16	1	5	3	5	4
88	17	5	7	8	4	7
88	18	3	4	1	1	1
88	19	1	4	3	4	3
88	20	3	5	3	4	6
88	21	4	5	5	4	5
88	22	4	6	5	3	3
88	23	1	4	1	3	2
88	24	1	4	2	1	3
88	25	2	4	4	2	3
88	26	2	3	1	1	2
88	27	2	3	5	3	4
88	28	0	3	0	2	5
88	29	5	4	5	4	5
88	30	1	4	1	2	2
89	1	3	2	1	4	4
89	2	1	2	2	4	2
89	3	2	2	3	5	4
89	4	1	0	0	2	1
89	5	0	-1	-1	2	-1
89	6	5	3	7	6	6
89	7	2	1	4	6	3
89	8	3	1	3	5	4
89	9	0	0	-2	1	0
89	10	2	2	3	5	5
89	11	2	2	2	5	5
89	12	1	2	0	5	4
89	13	1	4	3	5	6
89	14	4	3	3	6	7
89	15	0	1	2	4	4
89	16	5	4	5	7	7
89	17	1	3	2	6	4
89	18	4	2	4	5	5
89	19	2	2	2	3	3
89	20	3	0	1	5	2
89	21	0	1	-1	3	2
89	22	3	2	3	3	3
89	23	2	2	1	4	4
89	24	2	1	0	6	4
89	25	0	1	0	2	1
89	26	2	2	1	2	1
89	27	3	3	5	6	3
89	28	0	0	-3	3	4
89	29	2	1	0	4	2
89	30	-2	0	-3	1	2
90	1	1	3	1	1	3
90	2	2	4	4	4	3
90	3	3	2	5	4	3
90	4	2	3	4	4	3
90	5	0	3	2	2	1
90	6	4	3	4	4	3
90	7	5	4	7	6	5
90	8	3	3	4	3	3
90	9	0	1	0	1	2
90	10	3	2	1	4	2
90	11	1	1	0	1	1
90	12	1	2	2	3	2
90	13	0	2	4	4	3
90	14	1	3	0	3	3
90	15	1	4	3	2	3
90	16	4	6	8	4	7
90	17	5	5	7	7	8
90	18	7	5	8	7	9
90	19	4	3	6	7	5
90	20	3	2	4	6	4
90	21	3	3	3	2	1
90	22	0	3	4	3	3
90	23	3	4	3	3	4
90	24	5	4	7	8	5
90	25	2	4	5	6	4
90	26	2	3	7	5	5
90	27	3	3	3	3	5
90	28	0	2	1	3	1
90	29	5	3	4	3	7
90	30	3	2	5	4	3
91	1	2	4	3	5	1
91	2	4	6	10	7	5
91	3	3	5	4	5	4
91	4	1	3	5	4	2
91	5	3	4	0	2	1
91	6	1	3	2	4	2
91	7	5	5	5	5	4
91	8	5	5	3	5	4
91	9	3	4	3	4	3
91	10	4	4	6	6	4
91	11	2	4	2	3	5
91	12	2	3	4	5	2
91	13	2	4	2	4	5
91	14	3	4	6	6	4
91	15	3	4	3	4	1
91	16	3	5	5	5	2
91	17	0	4	3	4	1
91	18	2	3	3	3	1
91	19	3	4	5	3	4
91	20	2	5	3	5	5
91	21	2	4	4	4	2
91	22	3	4	3	4	0
91	23	-1	2	-2	1	0
91	24	4	5	3	4	4
91	25	1	3	4	2	0
91	26	2	4	6	3	3
91	27	5	5	7	5	4
91	28	0	3	3	3	2
91	29	3	5	7	6	4
91	30	3	4	1	5	3
92	1	3	4	3	6	7
92	2	1	3	0	3	3
92	3	3	3	3	5	7
92	4	5	6	4	5	6
92	5	6	5	6	8	8
92	6	2	3	0	4	4
92	7	1	5	3	5	7
92	8	0	3	3	4	4
92	9	1	4	1	4	6
92	10	1	2	2	6	3
92	11	2	3	1	4	5
92	12	3	5	3	5	8
92	13	3	4	5	6	5
92	14	2	3	5	5	3
92	15	2	4	1	6	6
92	16	2	3	4	4	5
92	17	2	4	0	5	3
92	18	1	5	0	5	4
92	19	3	4	3	6	3
92	20	2	4	4	5	5
92	21	4	4	2	6	6
92	22	5	5	4	6	6
92	23	1	3	1	5	7
92	24	3	4	4	5	5
92	25	1	2	-1	5	5
92	26	1	2	0	5	6
92	27	1	2	0	4	3
92	28	2	4	0	3	5
92	29	1	3	1	3	4
92	30	1	2	1	5	4
93	1	1	1	1	4	2
93	2	2	3	0	6	5
93	3	2	3	5	6	4
93	4	1	4	2	5	5
93	5	0	3	2	4	4
93	6	4	4	6	5	6
93	7	0	2	0	3	1
93	8	2	4	4	5	6
93	9	4	4	6	7	7
93	10	1	3	2	3	4
93	11	2	2	6	4	4
93	12	1	2	5	4	4
93	13	0	4	2	5	4
93	14	2	4	5	6	4
93	15	0	3	1	3	2
93	16	0	2	2	4	3
93	17	4	4	4	5	4
93	18	4	4	3	6	5
93	19	4	4	5	5	6
93	20	3	4	6	7	5
93	21	4	5	5	5	7
93	22	0	2	0	4	0
93	23	0	4	5	5	4
93	24	-1	2	1	3	5
93	25	2	3	2	3	6
93	26	3	4	6	5	6
93	27	1	3	5	5	5
93	28	3	3	3	4	6
93	29	2	4	3	4	3
93	30	2	4	4	3	5
94	1	0	0	-1	-1	0
94	2	1	1	0	0	2
94	3	3	2	4	2	5
94	4	2	1	1	1	4
94	5	-1	1	0	0	2
94	6	-1	0	-1	0	2
94	7	0	0	0	0	1
94	8	1	1	1	3	3
94	9	2	2	3	3	4
94	10	-1	0	2	1	3
94	11	-1	1	0	1	3
94	12	1	1	5	5	4
94	13	-1	0	0	1	0
94	14	1	0	0	0	2
94	15	0	1	1	2	4
94	16	-2	1	2	2	3
94	17	0	0	0	0	1
94	18	0	1	1	3	0
94	19	-1	1	0	0	3
94	20	0	1	0	2	4
94	21	2	2	2	2	4
94	22	2	1	4	1	3
94	23	1	1	4	2	3
94	24	0	0	0	1	2
94	25	1	2	0	1	3
94	26	0	2	2	0	1
94	27	0	1	-2	1	0
94	28	0	0	3	1	2
94	29	1	1	2	2	4
94	30	3	3	2	1	5
95	1	5	7	6	4	7
95	2	0	5	0	2	3
95	3	2	7	6	4	7
95	4	4	5	4	4	8
95	5	2	5	2	3	6
95	6	4	5	6	3	7
95	7	2	4	1	3	2
95	8	3	5	5	4	3
95	9	-1	3	-2	1	0
95	10	3	5	5	6	4
95	11	6	6	8	4	9
95	12	5	8	7	4	8
95	13	-1	3	-1	1	2
95	14	2	4	7	6	7
95	15	2	5	3	3	5
95	16	2	4	5	5	7
95	17	0	4	2	2	2
95	18	2	6	5	4	6
95	19	1	5	3	3	5
95	20	4	6	7	3	5
95	21	2	5	3	3	7
95	22	2	4	3	2	2
95	23	2	7	5	4	9
95	24	1	7	5	4	6
95	25	2	6	2	3	6
95	26	4	6	6	4	7
95	27	1	7	4	4	4
95	28	2	6	6	5	9
95	29	1	5	4	3	5
95	30	1	4	2	2	5
96	1	5	2	5	2	3
96	2	5	2	4	4	2
96	3	4	2	4	1	1
96	4	3	2	3	2	0
96	5	4	3	4	3	5
96	6	2	1	1	0	0
96	7	5	1	4	5	4
96	8	5	4	7	3	4
96	9	3	2	5	1	2
96	10	3	1	3	2	4
96	11	4	2	3	2	4
96	12	5	3	4	3	5
96	13	0	2	2	0	1
96	14	5	4	4	2	4
96	15	1	0	0	0	-1
96	16	6	4	5	4	4
96	17	1	2	2	0	0
96	18	1	1	2	2	0
96	19	1	2	2	3	2
96	20	1	1	0	0	0
96	21	2	2	3	1	1
96	22	3	2	1	2	3
96	23	2	1	0	1	2
96	24	5	3	7	4	4
96	25	1	0	0	-1	0
96	26	2	2	0	1	3
96	27	3	2	6	2	2
96	28	2	1	0	0	0
96	29	3	2	1	1	1
96	30	4	3	8	3	4
97	1	2	4	0	3	3
97	2	3	5	3	4	3
97	3	3	5	4	3	3
97	4	6	7	4	6	8
97	5	4	7	5	5	6
97	6	6	7	6	6	6
97	7	3	5	4	6	5
97	8	4	5	5	7	7
97	9	7	7	5	6	8
97	10	4	7	5	5	5
97	11	2	6	0	4	4
97	12	6	5	4	7	7
97	13	4	7	6	5	7
97	14	8	7	9	9	8
97	15	3	5	3	4	5
97	16	3	5	4	5	8
97	17	5	6	2	6	7
97	18	4	4	5	7	4
97	19	2	6	6	4	4
97	20	7	6	9	7	9
97	21	7	7	8	7	8
97	22	2	5	5	5	4
97	23	4	4	2	4	4
97	24	6	5	3	5	5
97	25	4	7	7	6	6
97	26	6	7	6	5	5
97	27	7	7	6	8	7
97	28	4	5	3	6	6
97	29	5	5	3	4	4
97	30	8	8	7	6	10
98	1	3	2	5	6	4
98	2	3	1	5	5	7
98	3	1	2	7	4	3
98	4	4	3	7	5	4
98	5	0	1	2	2	0
98	6	3	4	6	6	5
98	7	4	4	5	7	6
98	8	3	3	6	3	4
98	9	4	2	3	5	2
98	10	2	3	6	5	6
98	11	0	2	2	4	6
98	12	3	4	6	5	5
98	13	2	2	4	4	3
98	14	7	3	9	6	6
98	15	0	2	5	4	3
98	16	1	1	1	5	2
98	17	4	3	6	4	4
98	18	1	2	2	2	0
98	19	0	1	4	4	4
98	20	4	2	5	5	6
98	21	5	3	7	7	7
98	22	0	1	5	3	3
98	23	3	3	7	6	6
98	24	0	1	3	3	2
98	25	7	4	7	5	7
98	26	2	3	6	5	4
98	27	2	1	7	2	2
98	28	4	3	8	5	5
98	29	1	2	3	4	3
98	30	3	2	4	3	4
99	1	1	2	3	4	4
99	2	1	2	4	5	7
99	3	1	1	0	2	3
99	4	0	0	0	3	4
99	5	1	3	1	3	5
99	6	1	2	2	3	6
99	7	3	3	3	6	8
99	8	2	4	5	5	6
99	9	2	4	4	3	5
99	10	-1	0	0	1	2
99	11	2	2	3	5	5
99	12	3	2	2	4	6
99	13	0	0	1	3	1
99	14	0	1	1	5	4
99	15	0	1	0	2	2
99	16	2	1	4	5	4
99	17	1	3	1	5	3
99	18	-1	1	0	1	0
99	19	0	1	-3	1	2
99	20	1	3	5	3	2
99	21	0	2	0	2	1
99	22	0	1	0	3	3
99	23	2	3	2	5	6
99	24	0	1	1	2	3
99	25	2	1	0	3	4
99	26	2	1	2	3	6
99	27	0	1	0	2	2
99	28	2	3	3	4	6
99	29	2	3	3	3	3
99	30	4	3	3	3	6
100	1	-1	1	0	0	3
100	2	0	0	-1	1	2
100	3	0	3	4	4	4
100	4	-1	2	2	3	6
100	5	2	3	5	5	8
100	6	3	2	5	5	6
100	7	-2	1	1	1	2
100	8	-1	2	0	2	3
100	9	0	2	3	4	2
100	10	2	3	4	3	5
100	11	0	1	0	1	0
100	12	-1	2	-1	1	4
100	13	3	4	5	4	7
100	14	3	4	3	5	4
100	15	1	2	3	3	3
100	16	-1	1	-1	2	2
100	17	0	1	0	3	4
100	18	1	3	2	4	7
100	19	3	3	5	4	7
100	20	0	3	1	3	4
100	21	0	2	-1	2	3
100	22	0	1	3	2	4
100	23	0	1	1	2	3
100	24	-1	2	-2	1	2
100	25	0	1	3	2	4
100	26	1	4	3	3	8
100	27	0	2	2	2	3
100	28	0	2	3	2	5
100	29	-1	2	0	1	4
100	30	2	2	2	4	3
