1	1	0	4	3
1	2	-1	5	0
1	3	-1	3	-1
1	4	0	3	1
1	5	2	4	2
1	6	0	3	-2
1	7	0	3	2
1	8	1	6	3
1	9	1	2	-1
1	10	0	4	3
1	11	2	3	1
1	12	3	4	1
1	13	0	4	4
1	14	0	4	1
1	15	-3	3	0
1	16	-4	1	-5
1	17	1	5	1
1	18	-1	4	1
1	19	1	4	3
1	20	-1	3	0
1	21	3	4	4
1	22	0	4	2
1	23	0	4	0
1	24	2	4	4
1	25	0	3	0
1	26	0	2	0
1	27	5	6	6
1	28	0	4	2
1	29	3	5	4
1	30	-3	4	-2
1	31	1	2	3
1	32	1	3	1
1	33	2	4	3
1	34	-2	4	2
1	35	0	4	0
1	36	-1	4	0
1	37	1	5	4
1	38	1	4	5
1	39	-2	2	-2
1	40	3	4	5
1	41	0	2	-1
1	42	0	4	0
1	43	0	4	2
1	44	1	3	0
1	45	0	2	0
1	46	0	4	1
1	47	2	5	2
1	48	0	4	5
1	49	-2	2	-4
1	50	-1	2	-1
1	51	3	4	4
1	52	2	5	5
1	53	1	4	2
1	54	2	4	4
1	55	3	5	4
1	56	-3	2	-1
1	57	1	6	5
1	58	0	3	0
1	59	1	4	1
1	60	1	4	1
1	61	1	4	1
1	62	0	3	1
1	63	1	3	2
1	64	0	3	2
1	65	0	3	-2
1	66	3	5	5
1	67	0	4	3
1	68	2	6	6
1	69	0	5	3
1	70	2	5	4
1	71	2	6	5
1	72	0	4	1
1	73	0	3	-1
1	74	1	4	1
1	75	1	3	2
2	1	2	3	2
2	2	4	4	5
2	3	0	3	0
2	4	3	4	3
2	5	0	3	0
2	6	0	3	0
2	7	2	3	2
2	8	2	3	4
2	9	2	3	1
2	10	1	4	5
2	11	3	4	5
2	12	1	5	2
2	13	1	4	1
2	14	2	3	7
2	15	1	3	1
2	16	1	3	2
2	17	4	5	5
2	18	6	3	6
2	19	-1	3	0
2	20	0	2	1
2	21	0	2	0
2	22	1	4	3
2	23	0	5	1
2	24	2	3	2
2	25	2	3	5
2	26	1	2	2
2	27	2	3	-1
2	28	1	4	3
2	29	3	3	3
2	30	0	2	-1
2	31	1	3	1
2	32	0	3	0
2	33	-1	2	-2
2	34	3	3	2
2	35	0	2	3
2	36	1	4	1
2	37	2	3	0
2	38	3	4	4
2	39	3	3	2
2	40	0	3	1
2	41	0	3	0
2	42	0	4	1
2	43	3	2	3
2	44	1	2	0
2	45	2	3	0
2	46	2	5	5
2	47	3	3	1
2	48	0	3	0
2	49	3	3	0
2	50	3	4	3
2	51	3	6	1
2	52	3	3	5
2	53	1	2	3
2	54	2	4	2
2	55	0	2	-1
2	56	1	4	2
2	57	1	2	2
2	58	0	2	0
2	59	2	3	3
2	60	4	3	6
2	61	3	3	2
2	62	2	3	1
2	63	3	3	0
2	64	1	3	1
2	65	1	2	2
2	66	2	4	2
2	67	1	3	1
2	68	2	3	2
2	69	-1	3	0
2	70	3	4	7
2	71	2	3	1
2	72	2	3	0
2	73	3	4	3
2	74	2	4	6
2	75	0	3	2
3	1	3	4	6
3	2	1	3	3
3	3	3	5	6
3	4	4	5	6
3	5	6	5	5
3	6	2	4	2
3	7	4	4	2
3	8	2	3	4
3	9	4	3	3
3	10	1	2	4
3	11	1	3	3
3	12	3	4	7
3	13	1	3	5
3	14	4	4	5
3	15	2	2	2
3	16	3	3	8
3	17	5	4	5
3	18	3	3	5
3	19	1	2	3
3	20	3	2	6
3	21	4	3	5
3	22	0	3	1
3	23	3	3	2
3	24	4	4	5
3	25	4	3	2
3	26	6	5	8
3	27	5	3	5
3	28	5	4	3
3	29	1	3	0
3	30	3	2	3
3	31	3	3	1
3	32	5	3	5
3	33	2	2	2
3	34	3	4	6
3	35	2	3	2
3	36	2	4	3
3	37	3	5	6
3	38	3	3	3
3	39	3	3	5
3	40	0	3	0
3	41	0	1	-2
3	42	3	3	5
3	43	5	4	8
3	44	3	3	4
3	45	7	3	3
3	46	3	2	1
3	47	1	3	2
3	48	1	1	1
3	49	4	3	5
3	50	7	5	9
3	51	4	4	7
3	52	3	3	10
3	53	3	5	4
3	54	2	1	1
3	55	3	5	7
3	56	3	3	4
3	57	0	3	2
3	58	2	3	2
3	59	2	3	3
3	60	3	2	2
3	61	4	2	2
3	62	1	2	1
3	63	6	3	10
3	64	4	3	3
3	65	5	4	6
3	66	-1	1	-1
3	67	1	3	3
3	68	3	3	5
3	69	1	2	3
3	70	7	4	7
3	71	0	2	2
3	72	4	3	3
3	73	5	5	6
3	74	4	3	7
3	75	0	3	3
4	1	1	5	3
4	2	1	2	1
4	3	1	2	0
4	4	1	2	0
4	5	6	5	5
4	6	0	2	3
4	7	-1	0	-1
4	8	2	3	2
4	9	3	2	1
4	10	-1	1	0
4	11	-2	1	0
4	12	3	2	2
4	13	4	5	2
4	14	0	3	5
4	15	2	2	1
4	16	1	2	0
4	17	1	2	2
4	18	2	3	3
4	19	3	3	3
4	20	1	1	2
4	21	3	3	4
4	22	2	2	1
4	23	1	2	2
4	24	1	4	4
4	25	3	4	5
4	26	-3	2	0
4	27	1	2	2
4	28	1	3	4
4	29	-1	2	0
4	30	1	1	2
4	31	4	2	1
4	32	2	3	5
4	33	1	3	2
4	34	2	3	4
4	35	1	2	0
4	36	6	3	5
4	37	3	4	5
4	38	4	4	6
4	39	1	2	1
4	40	0	1	-3
4	41	1	2	3
4	42	2	3	1
4	43	1	2	4
4	44	1	3	3
4	45	2	4	3
4	46	1	3	1
4	47	2	2	0
4	48	2	2	2
4	49	1	2	2
4	50	1	2	3
4	51	0	2	0
4	52	1	2	1
4	53	0	2	0
4	54	1	2	0
4	55	0	1	1
4	56	2	5	2
4	57	4	3	4
4	58	1	2	1
4	59	0	2	-1
4	60	0	1	-1
4	61	0	3	2
4	62	1	4	2
4	63	1	2	5
4	64	1	1	1
4	65	0	0	-2
4	66	1	3	3
4	67	4	4	6
4	68	3	4	7
4	69	1	2	2
4	70	-1	2	-1
4	71	6	3	5
4	72	0	1	0
4	73	1	2	3
4	74	2	2	3
4	75	0	2	1
5	1	0	0	0
5	2	-1	0	0
5	3	0	1	2
5	4	0	2	4
5	5	0	1	0
5	6	2	1	1
5	7	1	2	2
5	8	0	1	2
5	9	2	3	2
5	10	2	3	5
5	11	1	2	3
5	12	0	2	2
5	13	1	1	3
5	14	1	1	3
5	15	3	1	5
5	16	3	3	4
5	17	3	2	3
5	18	0	3	2
5	19	1	3	2
5	20	0	1	4
5	21	0	1	0
5	22	-1	0	0
5	23	3	3	4
5	24	-1	0	0
5	25	1	2	2
5	26	0	2	4
5	27	2	3	5
5	28	1	0	4
5	29	3	1	1
5	30	2	2	7
5	31	3	4	5
5	32	4	2	4
5	33	0	0	-3
5	34	4	3	6
5	35	1	2	3
5	36	2	2	3
5	37	3	2	4
5	38	2	1	3
5	39	0	2	3
5	40	2	2	4
5	41	3	2	3
5	42	1	2	5
5	43	5	4	5
5	44	1	2	2
5	45	3	2	3
5	46	0	0	-2
5	47	5	3	7
5	48	0	2	4
5	49	4	3	7
5	50	1	1	4
5	51	3	2	8
5	52	1	1	2
5	53	2	2	2
5	54	0	2	4
5	55	1	2	1
5	56	1	1	2
5	57	4	2	4
5	58	2	1	2
5	59	0	1	0
5	60	2	2	1
5	61	1	2	4
5	62	1	2	7
5	63	1	1	2
5	64	0	1	0
5	65	0	3	2
5	66	3	2	5
5	67	3	3	7
5	68	1	3	1
5	69	1	2	0
5	70	2	3	5
5	71	0	1	0
5	72	1	1	3
5	73	2	3	2
5	74	-1	0	0
5	75	2	3	4
6	1	5	5	8
6	2	4	3	4
6	3	3	4	5
6	4	3	3	4
6	5	5	3	5
6	6	7	3	7
6	7	6	4	7
6	8	3	3	6
6	9	1	2	5
6	10	3	1	1
6	11	4	2	4
6	12	6	4	6
6	13	1	1	3
6	14	2	3	3
6	15	4	3	4
6	16	4	2	5
6	17	2	3	2
6	18	5	4	9
6	19	3	2	6
6	20	2	3	5
6	21	4	3	4
6	22	5	2	6
6	23	3	3	6
6	24	5	3	5
6	25	4	3	6
6	26	4	4	6
6	27	2	3	5
6	28	5	4	5
6	29	6	4	5
6	30	6	3	6
6	31	5	2	6
6	32	5	4	5
6	33	7	4	10
6	34	6	3	6
6	35	2	2	4
6	36	0	2	1
6	37	3	1	3
6	38	3	4	5
6	39	4	4	6
6	40	5	4	7
6	41	5	4	8
6	42	5	2	6
6	43	6	4	8
6	44	1	3	5
6	45	3	2	4
6	46	1	4	2
6	47	6	5	5
6	48	3	3	5
6	49	5	3	7
6	50	4	3	5
6	51	4	3	4
6	52	3	4	3
6	53	2	2	4
6	54	1	2	5
6	55	1	2	6
6	56	6	4	9
6	57	2	2	4
6	58	4	4	6
6	59	6	4	7
6	60	3	4	5
6	61	4	3	5
6	62	3	1	2
6	63	1	4	4
6	64	3	2	3
6	65	3	3	5
6	66	4	3	5
6	67	9	5	12
6	68	2	2	4
6	69	3	3	6
6	70	4	3	7
6	71	2	2	6
6	72	3	3	6
6	73	5	5	7
6	74	4	5	10
6	75	3	4	6
7	1	2	2	3
7	2	2	2	3
7	3	3	2	2
7	4	0	0	2
7	5	4	3	6
7	6	2	1	0
7	7	0	0	0
7	8	1	1	2
7	9	2	1	3
7	10	4	4	4
7	11	1	3	3
7	12	2	1	3
7	13	1	1	1
7	14	2	0	0
7	15	0	1	2
7	16	4	4	5
7	17	0	0	0
7	18	3	2	5
7	19	2	2	1
7	20	2	3	5
7	21	0	1	0
7	22	2	2	2
7	23	1	0	1
7	24	4	2	2
7	25	4	2	5
7	26	3	3	6
7	27	3	2	2
7	28	4	3	8
7	29	1	1	3
7	30	2	2	0
7	31	2	2	2
7	32	0	1	1
7	33	2	3	0
7	34	4	3	5
7	35	3	1	2
7	36	2	2	2
7	37	2	0	1
7	38	0	3	0
7	39	1	3	0
7	40	3	2	2
7	41	1	0	0
7	42	3	2	5
7	43	0	2	1
7	44	4	2	8
7	45	1	2	3
7	46	1	1	2
7	47	3	3	1
7	48	1	1	0
7	49	3	2	3
7	50	2	2	3
7	51	1	0	0
7	52	0	1	0
7	53	3	2	3
7	54	3	2	4
7	55	5	2	3
7	56	0	2	1
7	57	1	2	2
7	58	0	2	3
7	59	0	3	4
7	60	2	1	1
7	61	5	4	7
7	62	0	0	0
7	63	1	2	5
7	64	-1	0	0
7	65	3	1	3
7	66	3	3	3
7	67	4	3	4
7	68	1	1	-1
7	69	3	1	4
7	70	3	2	5
7	71	2	0	1
7	72	0	2	4
7	73	4	1	2
7	74	4	2	0
7	75	1	3	3
8	1	0	2	6
8	2	0	-1	1
8	3	-1	0	1
8	4	5	2	7
8	5	1	0	1
8	6	0	0	2
8	7	-3	-1	-2
8	8	0	1	1
8	9	0	0	1
8	10	0	0	3
8	11	-2	1	0
8	12	0	0	0
8	13	-2	0	1
8	14	-1	0	1
8	15	1	0	2
8	16	1	0	4
8	17	-1	0	0
8	18	-3	0	-3
8	19	-2	0	-1
8	20	-2	0	-1
8	21	0	0	1
8	22	-1	1	-1
8	23	1	3	5
8	24	-1	0	2
8	25	-4	0	-1
8	26	0	0	0
8	27	-2	1	0
8	28	0	1	0
8	29	0	0	3
8	30	-2	0	0
8	31	-3	0	-1
8	32	1	0	2
8	33	1	0	1
8	34	-4	-1	-1
8	35	0	1	3
8	36	-1	2	1
8	37	1	3	4
8	38	1	0	0
8	39	0	0	0
8	40	0	0	1
8	41	-1	0	1
8	42	-3	0	-3
8	43	-4	0	-3
8	44	0	0	1
8	45	-2	0	0
8	46	-2	0	1
8	47	-4	0	-2
8	48	-1	0	-1
8	49	-3	0	0
8	50	0	1	0
8	51	-4	-1	-3
8	52	-1	1	0
8	53	0	0	0
8	54	-1	0	0
8	55	0	0	2
8	56	2	2	5
8	57	-1	-1	-1
8	58	-1	0	1
8	59	-2	0	1
8	60	2	1	4
8	61	0	0	0
8	62	0	0	2
8	63	0	0	2
8	64	-2	0	2
8	65	0	2	6
8	66	2	2	2
8	67	-2	0	-1
8	68	0	1	3
8	69	0	1	0
8	70	1	0	0
8	71	-1	0	0
8	72	0	1	5
8	73	-2	0	0
8	74	0	0	0
8	75	-1	1	0
9	1	0	2	0
9	2	0	1	1
9	3	0	4	2
9	4	0	3	3
9	5	-2	1	-2
9	6	2	4	5
9	7	1	3	3
9	8	3	5	7
9	9	2	3	4
9	10	0	2	1
9	11	5	6	5
9	12	3	5	8
9	13	1	2	1
9	14	0	4	2
9	15	0	3	2
9	16	1	4	3
9	17	1	3	3
9	18	-2	2	0
9	19	0	4	3
9	20	4	4	4
9	21	2	3	3
9	22	2	2	1
9	23	4	5	5
9	24	3	4	3
9	25	0	1	-1
9	26	0	2	3
9	27	3	5	4
9	28	2	3	3
9	29	0	4	1
9	30	3	2	3
9	31	-1	4	0
9	32	2	3	3
9	33	-2	3	0
9	34	-3	2	0
9	35	2	5	4
9	36	-2	3	2
9	37	0	3	4
9	38	1	1	2
9	39	0	2	1
9	40	3	4	7
9	41	-1	2	0
9	42	0	4	5
9	43	0	1	0
9	44	1	3	1
9	45	0	3	2
9	46	0	2	-1
9	47	-1	1	0
9	48	-1	3	2
9	49	4	5	4
9	50	1	4	5
9	51	2	2	5
9	52	1	3	1
9	53	1	4	3
9	54	1	2	2
9	55	2	5	3
9	56	1	3	4
9	57	0	2	0
9	58	1	3	0
9	59	1	4	4
9	60	2	3	4
9	61	1	4	7
9	62	0	4	2
9	63	2	5	6
9	64	2	4	1
9	65	0	3	4
9	66	0	2	2
9	67	0	2	0
9	68	1	3	4
9	69	1	4	2
9	70	3	5	5
9	71	2	2	4
9	72	0	3	1
9	73	-2	4	1
9	74	0	2	0
9	75	1	3	4
10	1	0	2	4
10	2	2	2	4
10	3	3	1	2
10	4	4	1	2
10	5	2	1	3
10	6	4	2	5
10	7	3	3	4
10	8	3	2	3
10	9	1	1	1
10	10	2	2	4
10	11	1	1	1
10	12	3	3	0
10	13	1	2	4
10	14	2	1	1
10	15	0	0	0
10	16	5	4	6
10	17	0	0	0
10	18	2	2	5
10	19	2	2	4
10	20	0	0	0
10	21	1	1	4
10	22	3	2	5
10	23	3	1	5
10	24	2	1	5
10	25	1	1	3
10	26	2	2	4
10	27	5	3	5
10	28	1	1	0
10	29	0	0	-1
10	30	1	2	4
10	31	0	1	4
10	32	0	1	0
10	33	2	3	4
10	34	1	0	1
10	35	1	0	3
10	36	0	2	4
10	37	2	2	5
10	38	4	3	6
10	39	0	1	2
10	40	4	3	5
10	41	0	3	6
10	42	1	0	3
10	43	2	1	1
10	44	3	4	5
10	45	0	0	1
10	46	1	1	2
10	47	0	1	0
10	48	4	2	8
10	49	0	3	2
10	50	0	1	2
10	51	6	3	9
10	52	3	2	3
10	53	1	0	2
10	54	3	2	4
10	55	0	0	1
10	56	1	3	3
10	57	2	1	3
10	58	3	1	5
10	59	0	1	1
10	60	-1	1	1
10	61	1	1	1
10	62	1	0	4
10	63	3	2	6
10	64	5	3	6
10	65	0	3	1
10	66	3	1	1
10	67	2	0	4
10	68	3	1	4
10	69	3	1	2
10	70	2	2	4
10	71	1	1	2
10	72	2	1	3
10	73	4	4	5
10	74	1	0	2
10	75	4	1	5
11	1	1	4	4
11	2	0	3	4
11	3	6	4	9
11	4	2	5	5
11	5	6	4	8
11	6	4	3	4
11	7	2	4	4
11	8	3	2	6
11	9	1	2	3
11	10	2	3	3
11	11	3	4	5
11	12	1	4	6
11	13	3	4	3
11	14	2	4	5
11	15	1	3	3
11	16	0	1	-1
11	17	3	3	6
11	18	3	4	7
11	19	1	3	4
11	20	4	7	9
11	21	3	4	7
11	22	4	4	9
11	23	1	3	5
11	24	3	3	5
11	25	2	4	3
11	26	3	4	8
11	27	2	3	4
11	28	1	4	4
11	29	0	2	2
11	30	3	2	4
11	31	2	4	5
11	32	2	3	6
11	33	1	2	5
11	34	2	3	3
11	35	4	3	7
11	36	5	5	7
11	37	2	4	2
11	38	2	2	3
11	39	3	4	8
11	40	0	1	0
11	41	2	2	4
11	42	5	4	9
11	43	7	3	8
11	44	3	4	8
11	45	0	3	4
11	46	2	3	4
11	47	1	3	3
11	48	3	5	8
11	49	0	2	3
11	50	3	4	6
11	51	3	4	6
11	52	2	3	0
11	53	2	5	6
11	54	0	3	2
11	55	5	3	6
11	56	4	5	9
11	57	1	1	3
11	58	5	3	7
11	59	2	2	3
11	60	4	4	6
11	61	4	4	5
11	62	4	3	4
11	63	4	3	5
11	64	3	3	2
11	65	2	3	7
11	66	3	3	8
11	67	1	2	0
11	68	0	3	1
11	69	1	3	5
11	70	2	3	3
11	71	4	5	4
11	72	0	4	2
11	73	1	3	0
11	74	2	4	4
11	75	2	3	4
12	1	3	4	4
12	2	1	1	2
12	3	3	5	4
12	4	1	3	5
12	5	2	2	5
12	6	1	1	3
12	7	4	4	8
12	8	0	1	4
12	9	0	2	1
12	10	1	3	2
12	11	0	0	0
12	12	0	4	5
12	13	3	3	3
12	14	2	3	3
12	15	5	4	5
12	16	1	1	4
12	17	4	3	4
12	18	5	4	8
12	19	1	3	2
12	20	2	2	3
12	21	5	3	5
12	22	3	3	3
12	23	3	3	4
12	24	4	3	5
12	25	2	2	4
12	26	4	3	4
12	27	2	2	6
12	28	2	3	4
12	29	4	3	6
12	30	3	3	6
12	31	3	3	0
12	32	2	0	2
12	33	5	3	4
12	34	3	3	4
12	35	2	1	5
12	36	5	4	4
12	37	3	3	4
12	38	2	3	2
12	39	1	2	4
12	40	2	2	4
12	41	4	4	8
12	42	3	3	5
12	43	4	4	7
12	44	1	2	4
12	45	3	3	7
12	46	1	3	7
12	47	2	3	4
12	48	5	3	2
12	49	3	3	1
12	50	1	2	2
12	51	4	3	4
12	52	2	3	5
12	53	4	4	5
12	54	3	3	1
12	55	2	1	4
12	56	3	1	3
12	57	2	2	3
12	58	1	3	4
12	59	0	1	0
12	60	0	1	0
12	61	2	2	3
12	62	2	3	1
12	63	1	1	1
12	64	0	1	0
12	65	2	1	3
12	66	4	4	6
12	67	4	2	9
12	68	2	1	3
12	69	4	2	6
12	70	2	3	5
12	71	2	3	2
12	72	3	2	3
12	73	1	2	1
12	74	3	3	3
12	75	5	2	6
13	1	0	3	0
13	2	0	3	0
13	3	1	2	0
13	4	1	4	5
13	5	1	4	4
13	6	2	4	1
13	7	0	2	0
13	8	1	5	2
13	9	0	3	1
13	10	4	2	2
13	11	4	5	3
13	12	1	4	2
13	13	2	4	6
13	14	0	4	1
13	15	0	3	3
13	16	0	4	3
13	17	1	2	0
13	18	0	2	-1
13	19	4	4	2
13	20	0	3	4
13	21	0	3	4
13	22	-2	1	0
13	23	3	5	7
13	24	6	7	11
13	25	2	3	3
13	26	2	3	3
13	27	2	4	7
13	28	0	3	0
13	29	0	3	2
13	30	0	4	-1
13	31	0	3	0
13	32	0	5	3
13	33	1	3	1
13	34	1	4	1
13	35	1	3	2
13	36	0	2	0
13	37	1	4	3
13	38	-1	2	0
13	39	2	3	0
13	40	1	4	0
13	41	0	3	2
13	42	4	5	4
13	43	2	3	1
13	44	0	3	0
13	45	-1	2	0
13	46	0	3	3
13	47	-1	2	0
13	48	2	4	2
13	49	0	2	0
13	50	1	4	2
13	51	1	3	3
13	52	0	4	0
13	53	0	2	1
13	54	1	4	5
13	55	2	4	3
13	56	4	5	5
13	57	2	3	1
13	58	-2	3	0
13	59	2	3	2
13	60	1	4	4
13	61	5	4	5
13	62	1	4	2
13	63	2	5	7
13	64	2	4	3
13	65	-2	3	1
13	66	3	4	3
13	67	3	4	3
13	68	3	4	4
13	69	1	4	4
13	70	1	3	1
13	71	2	3	2
13	72	0	4	1
13	73	4	5	4
13	74	0	2	0
13	75	-1	3	1
14	1	2	2	5
14	2	1	0	1
14	3	0	1	3
14	4	2	1	1
14	5	2	3	5
14	6	1	2	2
14	7	1	3	6
14	8	3	1	5
14	9	2	2	3
14	10	0	0	4
14	11	-1	0	0
14	12	3	3	2
14	13	1	0	3
14	14	4	2	3
14	15	0	2	1
14	16	2	1	1
14	17	0	2	1
14	18	4	3	5
14	19	2	4	4
14	20	3	2	2
14	21	1	1	0
14	22	1	0	4
14	23	5	2	4
14	24	1	1	4
14	25	0	2	1
14	26	0	1	2
14	27	1	2	1
14	28	2	3	4
14	29	0	2	0
14	30	2	2	1
14	31	2	1	7
14	32	2	3	5
14	33	5	4	6
14	34	0	0	-1
14	35	2	1	1
14	36	0	2	0
14	37	0	2	5
14	38	1	0	0
14	39	3	1	3
14	40	4	3	4
14	41	3	3	2
14	42	0	2	4
14	43	3	2	1
14	44	2	1	4
14	45	2	2	5
14	46	2	1	0
14	47	2	2	5
14	48	1	1	5
14	49	3	2	5
14	50	1	1	2
14	51	2	2	4
14	52	3	1	1
14	53	4	3	5
14	54	1	1	4
14	55	0	2	1
14	56	4	1	3
14	57	1	0	0
14	58	1	0	2
14	59	2	2	6
14	60	-3	0	-2
14	61	2	2	2
14	62	0	0	-1
14	63	1	0	3
14	64	0	1	3
14	65	0	0	4
14	66	1	1	2
14	67	4	3	3
14	68	1	2	2
14	69	0	3	5
14	70	1	2	4
14	71	0	1	0
14	72	0	2	-1
14	73	0	0	-1
14	74	3	2	3
14	75	2	2	1
15	1	4	2	4
15	2	1	0	2
15	3	0	0	0
15	4	3	1	3
15	5	0	1	2
15	6	1	0	2
15	7	0	1	1
15	8	2	1	5
15	9	4	1	1
15	10	1	0	1
15	11	0	0	1
15	12	2	1	0
15	13	4	1	3
15	14	2	1	4
15	15	4	1	3
15	16	2	0	1
15	17	0	0	1
15	18	2	0	3
15	19	2	0	2
15	20	0	0	2
15	21	0	0	3
15	22	0	1	1
15	23	-1	0	-1
15	24	0	0	0
15	25	-1	0	-1
15	26	0	0	-1
15	27	4	2	5
15	28	-1	0	1
15	29	-1	0	0
15	30	0	1	3
15	31	2	3	2
15	32	3	1	3
15	33	4	2	3
15	34	3	1	4
15	35	0	1	0
15	36	0	2	3
15	37	3	1	0
15	38	1	2	2
15	39	5	2	6
15	40	3	0	2
15	41	1	1	4
15	42	0	0	0
15	43	0	0	1
15	44	5	2	6
15	45	0	0	1
15	46	1	0	2
15	47	1	1	2
15	48	3	2	3
15	49	3	1	5
15	50	1	0	2
15	51	2	0	0
15	52	0	0	3
15	53	0	0	0
15	54	1	0	2
15	55	6	1	2
15	56	3	1	7
15	57	3	0	5
15	58	0	0	-1
15	59	4	2	4
15	60	3	2	4
15	61	0	0	1
15	62	0	1	0
15	63	3	1	4
15	64	4	2	5
15	65	1	0	0
15	66	2	1	4
15	67	0	1	2
15	68	1	1	2
15	69	0	2	3
15	70	1	1	0
15	71	1	1	1
15	72	1	0	1
15	73	1	0	0
15	74	2	1	3
15	75	3	1	3
16	1	4	5	8
16	2	6	7	10
16	3	1	4	2
16	4	5	4	5
16	5	4	6	5
16	6	6	6	9
16	7	4	5	7
16	8	4	6	7
16	9	4	4	4
16	10	4	5	5
16	11	6	7	7
16	12	2	6	5
16	13	5	5	7
16	14	4	6	6
16	15	4	5	7
16	16	7	7	9
16	17	4	5	3
16	18	4	6	6
16	19	7	7	7
16	20	5	6	7
16	21	6	7	7
16	22	3	6	4
16	23	5	5	6
16	24	1	5	3
16	25	5	4	3
16	26	3	4	8
16	27	2	4	5
16	28	5	5	2
16	29	7	6	7
16	30	4	7	7
16	31	2	5	6
16	32	4	5	9
16	33	2	5	5
16	34	3	5	5
16	35	5	7	7
16	36	5	5	3
16	37	5	6	9
16	38	5	5	5
16	39	5	6	6
16	40	2	5	2
16	41	1	3	5
16	42	5	7	9
16	43	2	6	7
16	44	3	5	5
16	45	5	5	4
16	46	6	5	7
16	47	2	5	5
16	48	3	5	6
16	49	2	5	4
16	50	2	4	2
16	51	6	6	9
16	52	5	7	6
16	53	3	5	4
16	54	3	5	5
16	55	3	5	4
16	56	3	5	4
16	57	4	7	6
16	58	2	5	1
16	59	5	6	6
16	60	4	6	4
16	61	3	6	7
16	62	3	4	4
16	63	3	5	5
16	64	5	6	6
16	65	7	6	6
16	66	0	5	4
16	67	3	5	7
16	68	3	5	3
16	69	3	5	4
16	70	4	5	5
16	71	3	6	7
16	72	3	4	4
16	73	7	8	10
16	74	0	4	1
16	75	5	8	5
17	1	2	2	2
17	2	4	3	4
17	3	2	3	1
17	4	2	1	4
17	5	1	1	1
17	6	2	2	2
17	7	5	4	8
17	8	3	3	4
17	9	4	3	6
17	10	3	2	4
17	11	5	3	3
17	12	4	3	4
17	13	3	3	3
17	14	1	1	3
17	15	1	2	4
17	16	0	2	0
17	17	3	1	3
17	18	2	1	3
17	19	2	3	6
17	20	3	1	2
17	21	1	1	4
17	22	8	5	11
17	23	3	2	6
17	24	4	2	6
17	25	1	2	4
17	26	2	2	2
17	27	5	2	4
17	28	4	3	4
17	29	4	2	3
17	30	4	4	6
17	31	0	1	0
17	32	2	2	2
17	33	1	1	-1
17	34	2	2	5
17	35	2	2	3
17	36	2	1	1
17	37	3	4	5
17	38	3	2	7
17	39	0	1	4
17	40	3	4	4
17	41	0	1	2
17	42	1	1	2
17	43	3	4	8
17	44	2	2	4
17	45	4	4	4
17	46	2	3	3
17	47	-1	0	1
17	48	0	1	1
17	49	4	3	7
17	50	4	2	3
17	51	1	1	0
17	52	2	2	3
17	53	3	3	4
17	54	5	2	5
17	55	3	2	1
17	56	-1	1	1
17	57	0	1	3
17	58	3	3	4
17	59	3	3	5
17	60	-2	0	0
17	61	4	4	4
17	62	4	1	3
17	63	3	2	6
17	64	1	1	0
17	65	0	2	2
17	66	1	1	4
17	67	5	2	7
17	68	3	4	4
17	69	3	2	2
17	70	5	3	7
17	71	0	2	3
17	72	3	3	5
17	73	2	2	3
17	74	0	1	2
17	75	5	2	3
18	1	0	0	0
18	2	0	1	0
18	3	0	0	0
18	4	-1	0	-3
18	5	0	0	2
18	6	0	0	0
18	7	0	0	3
18	8	-1	0	0
18	9	0	0	1
18	10	-2	0	-4
18	11	0	0	0
18	12	-4	0	-2
18	13	-3	-1	-5
18	14	-2	0	-3
18	15	-2	0	0
18	16	-1	0	3
18	17	-4	-2	-3
18	18	-1	-1	-2
18	19	2	0	0
18	20	-1	0	0
18	21	0	1	0
18	22	0	-2	-1
18	23	-1	0	0
18	24	0	0	0
18	25	-1	0	0
18	26	-1	0	-1
18	27	-3	0	-1
18	28	-5	-1	-7
18	29	4	1	0
18	30	1	1	4
18	31	-1	-1	-2
18	32	-1	0	-1
18	33	2	0	3
18	34	1	0	4
18	35	0	0	0
18	36	-2	0	-3
18	37	2	1	3
18	38	-3	0	-2
18	39	0	1	1
18	40	0	0	-1
18	41	0	0	-1
18	42	-1	0	0
18	43	-3	-1	-2
18	44	0	1	0
18	45	-3	0	0
18	46	0	0	0
18	47	0	-1	-1
18	48	0	0	-1
18	49	-1	0	-2
18	50	-1	0	0
18	51	-2	-1	-4
18	52	0	0	-3
18	53	-2	-2	-2
18	54	-2	-1	-2
18	55	0	0	-1
18	56	2	1	1
18	57	-1	-1	-3
18	58	0	0	0
18	59	0	0	0
18	60	-1	0	-2
18	61	-1	-1	0
18	62	0	0	0
18	63	-2	0	-1
18	64	-2	-1	-4
18	65	0	0	1
18	66	0	0	0
18	67	0	0	-1
18	68	0	0	-4
18	69	1	1	3
18	70	-1	0	1
18	71	-2	-1	0
18	72	-3	-1	-4
18	73	-2	-1	-2
18	74	0	1	2
18	75	0	1	1
19	1	0	1	4
19	2	4	3	2
19	3	4	0	4
19	4	1	0	0
19	5	2	1	7
19	6	6	3	7
19	7	3	1	5
19	8	2	2	4
19	9	2	1	3
19	10	1	0	7
19	11	1	1	2
19	12	0	0	2
19	13	3	1	5
19	14	1	2	5
19	15	5	3	8
19	16	1	1	2
19	17	2	1	5
19	18	2	2	6
19	19	2	2	4
19	20	1	1	3
19	21	1	3	1
19	22	2	0	5
19	23	3	3	7
19	24	3	3	7
19	25	0	0	1
19	26	4	2	6
19	27	3	2	5
19	28	1	1	5
19	29	0	2	2
19	30	1	3	4
19	31	1	2	5
19	32	1	1	5
19	33	0	1	4
19	34	1	1	3
19	35	4	1	5
19	36	5	2	6
19	37	3	2	3
19	38	3	3	8
19	39	0	0	3
19	40	0	1	5
19	41	3	1	4
19	42	1	1	2
19	43	5	3	6
19	44	0	1	5
19	45	2	2	3
19	46	0	1	3
19	47	2	1	5
19	48	1	1	4
19	49	1	1	4
19	50	0	0	3
19	51	0	1	2
19	52	1	1	5
19	53	3	1	5
19	54	2	3	6
19	55	6	2	8
19	56	1	2	5
19	57	3	1	4
19	58	2	0	5
19	59	1	2	5
19	60	0	0	2
19	61	2	2	8
19	62	0	0	4
19	63	2	2	7
19	64	0	1	5
19	65	1	2	2
19	66	2	1	5
19	67	2	1	4
19	68	3	1	6
19	69	2	1	4
19	70	2	3	7
19	71	0	2	4
19	72	4	2	5
19	73	1	2	3
19	74	1	1	1
19	75	2	3	3
20	1	1	1	2
20	2	-1	0	2
20	3	1	2	5
20	4	1	0	0
20	5	2	1	3
20	6	0	0	2
20	7	0	0	0
20	8	-2	0	0
20	9	1	0	0
20	10	1	1	1
20	11	1	0	5
20	12	0	0	-3
20	13	2	2	4
20	14	2	1	5
20	15	-2	0	1
20	16	1	0	4
20	17	0	0	1
20	18	0	0	1
20	19	0	0	3
20	20	2	0	1
20	21	-1	1	0
20	22	0	0	1
20	23	0	0	1
20	24	1	0	4
20	25	0	0	0
20	26	-3	-1	-2
20	27	2	2	4
20	28	2	2	7
20	29	0	1	2
20	30	1	0	5
20	31	0	0	3
20	32	1	0	3
20	33	2	0	5
20	34	1	0	2
20	35	-3	0	-1
20	36	0	1	4
20	37	0	0	1
20	38	-2	-1	2
20	39	0	0	1
20	40	0	0	2
20	41	1	2	6
20	42	0	0	0
20	43	0	0	1
20	44	2	1	5
20	45	3	1	3
20	46	0	1	4
20	47	2	2	6
20	48	1	0	4
20	49	0	0	3
20	50	2	0	2
20	51	1	1	6
20	52	4	2	7
20	53	-1	-2	0
20	54	1	0	2
20	55	1	0	3
20	56	1	1	0
20	57	-1	0	1
20	58	2	1	3
20	59	-1	0	2
20	60	0	3	2
20	61	2	2	3
20	62	1	2	6
20	63	-1	0	0
20	64	3	0	3
20	65	0	0	2
20	66	0	0	0
20	67	3	2	2
20	68	2	1	6
20	69	0	0	1
20	70	2	0	3
20	71	-2	0	1
20	72	0	2	3
20	73	0	1	3
20	74	1	0	0
20	75	1	0	5
21	1	3	2	4
21	2	-1	0	3
21	3	0	0	3
21	4	1	0	5
21	5	0	0	0
21	6	-2	0	-3
21	7	1	2	3
21	8	0	0	1
21	9	0	-1	0
21	10	2	1	5
21	11	4	2	7
21	12	0	0	0
21	13	1	1	3
21	14	0	0	0
21	15	2	2	1
21	16	4	2	4
21	17	2	0	1
21	18	-1	-1	-1
21	19	0	0	1
21	20	3	0	3
21	21	-1	-1	-2
21	22	2	2	7
21	23	0	0	0
21	24	0	1	1
21	25	0	0	1
21	26	2	0	3
21	27	0	1	0
21	28	0	0	1
21	29	1	0	2
21	30	0	0	0
21	31	0	0	0
21	32	4	0	2
21	33	1	0	1
21	34	-3	0	-2
21	35	1	0	3
21	36	-3	0	-2
21	37	0	1	1
21	38	2	1	4
21	39	-2	0	0
21	40	-1	-1	-2
21	41	2	2	5
21	42	0	0	0
21	43	3	1	4
21	44	2	0	0
21	45	2	1	3
21	46	2	0	3
21	47	2	-1	-2
21	48	0	0	2
21	49	0	1	3
21	50	3	3	5
21	51	0	1	1
21	52	0	1	2
21	53	0	2	0
21	54	0	1	0
21	55	2	1	3
21	56	0	0	0
21	57	-1	0	3
21	58	2	2	0
21	59	0	1	0
21	60	1	3	5
21	61	-1	0	0
21	62	5	1	4
21	63	2	0	0
21	64	5	1	3
21	65	-2	0	0
21	66	3	0	2
21	67	3	0	3
21	68	-1	0	-1
21	69	0	0	0
21	70	1	0	1
21	71	3	3	3
21	72	0	0	1
21	73	0	0	1
21	74	3	3	1
21	75	-1	0	0
22	1	3	3	3
22	2	1	2	4
22	3	0	0	2
22	4	0	3	3
22	5	2	3	2
22	6	0	3	3
22	7	2	3	7
22	8	0	3	2
22	9	0	1	1
22	10	4	4	7
22	11	0	4	3
22	12	0	2	4
22	13	2	4	6
22	14	0	2	3
22	15	4	3	6
22	16	0	1	1
22	17	1	4	4
22	18	1	4	1
22	19	0	2	1
22	20	0	2	0
22	21	0	2	1
22	22	2	3	2
22	23	0	2	3
22	24	2	2	3
22	25	-1	1	3
22	26	0	3	3
22	27	1	2	2
22	28	0	1	1
22	29	2	3	6
22	30	1	3	5
22	31	1	1	1
22	32	-1	2	0
22	33	0	3	1
22	34	3	5	6
22	35	0	2	2
22	36	0	1	3
22	37	0	3	3
22	38	1	2	4
22	39	3	2	6
22	40	1	2	1
22	41	4	3	6
22	42	1	2	0
22	43	1	2	1
22	44	0	2	2
22	45	3	3	5
22	46	1	2	2
22	47	4	2	5
22	48	4	2	7
22	49	1	1	2
22	50	1	3	3
22	51	0	3	0
22	52	1	2	3
22	53	2	2	4
22	54	2	4	4
22	55	-1	2	1
22	56	-1	1	0
22	57	0	2	3
22	58	1	3	5
22	59	1	3	5
22	60	0	3	0
22	61	2	2	5
22	62	0	3	3
22	63	3	2	6
22	64	2	3	4
22	65	0	1	2
22	66	1	2	2
22	67	1	2	2
22	68	-2	2	0
22	69	-1	2	3
22	70	3	3	3
22	71	0	2	2
22	72	0	1	4
22	73	2	3	1
22	74	2	3	0
22	75	-1	2	0
23	1	-1	2	0
23	2	0	2	1
23	3	0	2	1
23	4	1	3	5
23	5	0	2	0
23	6	0	3	0
23	7	1	2	1
23	8	1	2	2
23	9	0	4	0
23	10	2	1	0
23	11	3	4	4
23	12	-1	2	-1
23	13	2	2	3
23	14	0	2	1
23	15	0	1	-1
23	16	-1	1	0
23	17	0	2	-1
23	18	0	3	0
23	19	-1	0	-2
23	20	0	2	0
23	21	0	2	2
23	22	-1	2	0
23	23	0	0	-1
23	24	-1	3	1
23	25	0	2	0
23	26	-3	1	-3
23	27	1	4	1
23	28	-2	0	-1
23	29	0	2	1
23	30	-1	1	0
23	31	-1	1	-1
23	32	-1	1	0
23	33	1	3	0
23	34	0	3	2
23	35	0	2	2
23	36	-3	0	-3
23	37	-2	0	-3
23	38	0	3	0
23	39	-2	1	0
23	40	0	2	0
23	41	2	3	3
23	42	-1	2	2
23	43	-2	2	0
23	44	0	3	0
23	45	-2	1	0
23	46	0	1	0
23	47	0	1	0
23	48	0	2	1
23	49	0	4	2
23	50	0	2	2
23	51	-1	1	2
23	52	0	2	0
23	53	0	2	-1
23	54	0	3	0
23	55	0	2	5
23	56	-1	2	-1
23	57	0	1	0
23	58	0	2	0
23	59	1	2	2
23	60	1	3	0
23	61	0	2	1
23	62	0	1	-1
23	63	0	2	0
23	64	2	2	0
23	65	2	4	3
23	66	-1	2	-3
23	67	0	0	0
23	68	2	0	0
23	69	-1	2	2
23	70	1	3	0
23	71	-1	2	-1
23	72	0	2	-3
23	73	2	3	3
23	74	1	2	1
23	75	2	3	2
24	1	2	4	5
24	2	0	1	0
24	3	1	3	1
24	4	1	2	3
24	5	1	2	5
24	6	0	2	2
24	7	0	3	1
24	8	0	2	2
24	9	3	3	5
24	10	-1	0	-2
24	11	2	2	1
24	12	0	1	2
24	13	0	1	2
24	14	1	2	4
24	15	-2	1	-1
24	16	0	2	6
24	17	-2	1	0
24	18	-1	1	-2
24	19	1	2	3
24	20	0	2	4
24	21	0	3	0
24	22	0	2	0
24	23	2	1	3
24	24	1	2	-1
24	25	0	3	3
24	26	0	3	2
24	27	2	3	4
24	28	2	3	3
24	29	4	4	3
24	30	2	3	5
24	31	0	1	2
24	32	0	0	-1
24	33	0	1	3
24	34	0	2	1
24	35	2	2	2
24	36	1	1	0
24	37	2	2	0
24	38	0	1	0
24	39	0	3	1
24	40	1	2	3
24	41	0	2	2
24	42	0	2	0
24	43	0	2	1
24	44	1	2	1
24	45	1	2	0
24	46	0	2	2
24	47	0	0	-1
24	48	1	2	2
24	49	-1	3	0
24	50	-2	0	0
24	51	0	2	1
24	52	0	2	3
24	53	0	3	1
24	54	3	2	2
24	55	0	3	2
24	56	1	2	4
24	57	1	1	0
24	58	1	1	2
24	59	2	3	4
24	60	-1	3	2
24	61	-1	1	0
24	62	-1	1	2
24	63	2	5	2
24	64	0	2	1
24	65	1	2	1
24	66	0	1	2
24	67	0	1	0
24	68	0	2	0
24	69	1	2	1
24	70	0	4	1
24	71	3	3	6
24	72	0	2	2
24	73	-1	1	1
24	74	1	1	4
24	75	1	3	4
25	1	6	1	4
25	2	0	0	2
25	3	2	0	3
25	4	4	1	2
25	5	3	3	3
25	6	2	0	1
25	7	4	1	2
25	8	2	0	0
25	9	0	0	1
25	10	3	2	3
25	11	3	2	1
25	12	1	1	4
25	13	0	0	0
25	14	5	2	4
25	15	4	3	3
25	16	2	0	0
25	17	3	2	2
25	18	0	0	0
25	19	4	2	0
25	20	4	2	3
25	21	2	1	0
25	22	2	1	5
25	23	1	0	2
25	24	-1	-1	-3
25	25	1	0	1
25	26	3	0	4
25	27	4	2	5
25	28	2	0	2
25	29	2	1	2
25	30	1	0	0
25	31	0	0	2
25	32	1	1	0
25	33	4	2	6
25	34	3	2	4
25	35	2	2	2
25	36	5	2	2
25	37	1	2	-2
25	38	3	1	3
25	39	1	1	1
25	40	0	1	0
25	41	1	1	-1
25	42	0	1	3
25	43	2	1	3
25	44	1	2	0
25	45	0	0	-1
25	46	0	0	-3
25	47	3	1	5
25	48	2	1	0
25	49	2	2	2
25	50	2	1	0
25	51	0	1	0
25	52	0	0	3
25	53	0	1	0
25	54	0	0	-3
25	55	2	3	4
25	56	3	1	4
25	57	0	0	0
25	58	1	1	0
25	59	2	0	-1
25	60	1	2	1
25	61	2	1	2
25	62	1	0	0
25	63	2	0	0
25	64	0	1	-1
25	65	4	2	2
25	66	3	1	1
25	67	2	1	2
25	68	1	1	0
25	69	-1	0	-1
25	70	2	1	2
25	71	3	0	3
25	72	2	1	3
25	73	2	3	3
25	74	0	0	-1
25	75	4	2	1
26	1	0	0	0
26	2	-1	1	-2
26	3	-1	0	2
26	4	0	0	2
26	5	0	0	-1
26	6	-2	0	0
26	7	0	0	3
26	8	-3	0	-4
26	9	-1	2	0
26	10	-1	1	2
26	11	-1	1	2
26	12	1	2	1
26	13	1	1	3
26	14	1	1	1
26	15	0	0	3
26	16	-2	0	0
26	17	0	1	2
26	18	1	1	4
26	19	-2	0	0
26	20	0	1	0
26	21	0	1	0
26	22	2	0	2
26	23	0	0	0
26	24	-2	0	-1
26	25	-1	1	2
26	26	1	1	1
26	27	-1	1	0
26	28	-1	1	1
26	29	0	2	3
26	30	0	0	0
26	31	1	1	3
26	32	2	2	2
26	33	2	2	2
26	34	-2	0	0
26	35	-3	-1	-2
26	36	0	0	0
26	37	0	1	1
26	38	0	1	3
26	39	-1	0	1
26	40	-3	0	0
26	41	-2	0	1
26	42	0	0	4
26	43	2	2	2
26	44	0	2	1
26	45	-3	0	0
26	46	-2	0	-2
26	47	-2	0	-2
26	48	0	1	2
26	49	1	1	1
26	50	0	3	0
26	51	-3	0	0
26	52	1	2	2
26	53	0	0	0
26	54	1	2	4
26	55	0	1	0
26	56	0	2	1
26	57	0	0	0
26	58	0	0	0
26	59	0	0	0
26	60	-2	0	-1
26	61	-1	1	1
26	62	0	1	3
26	63	-1	1	0
26	64	-2	1	-1
26	65	0	1	1
26	66	-1	0	0
26	67	0	0	0
26	68	-2	0	-1
26	69	0	2	0
26	70	1	2	-1
26	71	-1	0	0
26	72	0	0	0
26	73	-1	1	1
26	74	-1	0	-2
26	75	-2	0	-1
27	1	1	1	0
27	2	3	2	5
27	3	3	2	5
27	4	2	1	1
27	5	4	2	5
27	6	3	3	5
27	7	4	2	4
27	8	1	2	0
27	9	2	3	3
27	10	2	2	3
27	11	3	3	4
27	12	2	2	5
27	13	6	3	5
27	14	2	2	3
27	15	0	1	2
27	16	4	1	3
27	17	7	4	8
27	18	0	3	3
27	19	6	3	6
27	20	2	0	4
27	21	2	2	4
27	22	3	1	2
27	23	3	1	1
27	24	5	3	8
27	25	3	1	6
27	26	3	1	4
27	27	5	2	7
27	28	6	4	10
27	29	3	2	7
27	30	0	1	0
27	31	2	1	0
27	32	0	0	1
27	33	0	0	0
27	34	5	2	6
27	35	1	2	2
27	36	4	2	2
27	37	4	3	7
27	38	3	1	2
27	39	3	2	3
27	40	2	3	3
27	41	4	1	4
27	42	1	1	3
27	43	3	2	4
27	44	4	1	5
27	45	3	2	4
27	46	0	0	2
27	47	4	3	4
27	48	3	2	8
27	49	3	4	6
27	50	2	3	4
27	51	1	2	3
27	52	3	2	2
27	53	1	3	5
27	54	1	1	3
27	55	3	2	5
27	56	2	2	3
27	57	1	-1	0
27	58	0	0	0
27	59	3	2	2
27	60	2	2	2
27	61	0	1	0
27	62	2	1	0
27	63	3	2	6
27	64	5	3	3
27	65	0	1	0
27	66	2	2	0
27	67	2	2	2
27	68	3	3	4
27	69	3	2	5
27	70	3	3	3
27	71	2	1	2
27	72	3	2	2
27	73	1	1	1
27	74	2	1	4
27	75	5	3	6
28	1	1	2	2
28	2	2	1	3
28	3	2	2	3
28	4	0	0	3
28	5	2	1	4
28	6	0	1	0
28	7	5	3	7
28	8	3	1	3
28	9	2	0	3
28	10	0	1	4
28	11	4	3	5
28	12	2	2	4
28	13	2	1	2
28	14	0	1	0
28	15	1	1	0
28	16	1	1	1
28	17	3	1	6
28	18	2	2	3
28	19	3	1	2
28	20	3	3	4
28	21	0	2	5
28	22	0	1	2
28	23	1	1	2
28	24	1	3	5
28	25	2	2	4
28	26	2	3	5
28	27	5	2	7
28	28	3	0	2
28	29	0	1	2
28	30	3	2	6
28	31	3	1	3
28	32	2	2	5
28	33	0	1	1
28	34	0	1	4
28	35	0	0	-1
28	36	4	2	3
28	37	1	1	0
28	38	1	0	2
28	39	2	2	2
28	40	2	2	4
28	41	2	3	1
28	42	5	1	5
28	43	3	3	3
28	44	2	2	5
28	45	3	1	3
28	46	0	0	1
28	47	0	3	2
28	48	3	2	8
28	49	1	1	4
28	50	-1	0	1
28	51	5	2	4
28	52	2	2	4
28	53	2	1	3
28	54	0	1	2
28	55	4	3	5
28	56	2	2	6
28	57	2	2	2
28	58	2	1	3
28	59	0	1	0
28	60	0	1	3
28	61	6	4	2
28	62	3	4	6
28	63	2	1	4
28	64	1	1	1
28	65	1	1	0
28	66	5	4	7
28	67	2	1	3
28	68	0	1	0
28	69	4	2	5
28	70	0	0	5
28	71	2	3	5
28	72	3	1	5
28	73	1	1	4
28	74	5	3	6
28	75	2	3	4
29	1	1	1	0
29	2	0	2	1
29	3	0	2	1
29	4	-1	2	1
29	5	1	2	3
29	6	0	1	0
29	7	1	2	1
29	8	1	2	3
29	9	-3	1	1
29	10	1	2	4
29	11	2	3	6
29	12	0	3	4
29	13	1	2	1
29	14	-1	2	3
29	15	-1	2	2
29	16	0	1	1
29	17	0	2	2
29	18	0	1	2
29	19	0	3	2
29	20	0	3	4
29	21	1	2	3
29	22	4	3	6
29	23	0	2	1
29	24	1	2	3
29	25	-1	0	0
29	26	-1	2	3
29	27	0	3	3
29	28	-1	1	0
29	29	-1	3	1
29	30	-1	1	0
29	31	0	2	1
29	32	-1	2	1
29	33	-2	2	0
29	34	0	0	0
29	35	0	3	2
29	36	1	3	2
29	37	0	2	2
29	38	0	2	1
29	39	0	2	3
29	40	1	2	4
29	41	-2	0	0
29	42	0	3	5
29	43	-3	2	-1
29	44	0	0	0
29	45	0	2	0
29	46	0	1	0
29	47	0	3	4
29	48	1	2	2
29	49	0	2	3
29	50	-3	0	0
29	51	1	4	0
29	52	0	3	4
29	53	1	2	3
29	54	-1	2	1
29	55	1	1	2
29	56	-1	1	0
29	57	2	3	6
29	58	-1	3	-2
29	59	0	3	3
29	60	0	1	3
29	61	-2	2	-1
29	62	1	1	3
29	63	1	3	2
29	64	0	1	2
29	65	0	1	1
29	66	0	2	3
29	67	1	1	2
29	68	1	3	4
29	69	0	1	1
29	70	0	1	4
29	71	0	2	2
29	72	1	2	4
29	73	-1	1	2
29	74	0	2	4
29	75	-1	1	1
30	1	5	3	6
30	2	4	1	3
30	3	4	4	9
30	4	3	3	8
30	5	2	2	4
30	6	3	4	9
30	7	3	3	4
30	8	4	2	4
30	9	3	2	4
30	10	3	3	6
30	11	3	2	5
30	12	0	2	3
30	13	2	1	3
30	14	2	2	4
30	15	5	2	6
30	16	3	2	4
30	17	1	1	6
30	18	6	3	7
30	19	3	3	4
30	20	7	2	6
30	21	5	3	7
30	22	1	1	1
30	23	3	2	4
30	24	0	1	3
30	25	2	5	8
30	26	5	4	7
30	27	2	2	2
30	28	2	2	3
30	29	6	3	6
30	30	2	1	2
30	31	5	3	8
30	32	4	2	5
30	33	1	1	2
30	34	4	3	5
30	35	3	1	7
30	36	0	2	1
30	37	4	2	5
30	38	2	1	4
30	39	2	1	4
30	40	3	3	3
30	41	1	2	5
30	42	5	4	8
30	43	0	0	1
30	44	6	3	6
30	45	2	2	4
30	46	2	3	7
30	47	3	2	7
30	48	4	3	4
30	49	1	2	1
30	50	3	2	7
30	51	4	2	5
30	52	5	2	5
30	53	2	1	5
30	54	6	3	5
30	55	2	1	6
30	56	2	3	4
30	57	3	2	3
30	58	0	2	2
30	59	2	3	4
30	60	2	2	7
30	61	4	2	7
30	62	5	4	8
30	63	3	2	3
30	64	4	4	5
30	65	2	2	5
30	66	2	1	1
30	67	4	1	5
30	68	1	2	0
30	69	2	1	2
30	70	2	4	6
30	71	2	2	4
30	72	3	2	5
30	73	2	2	3
30	74	2	2	4
30	75	3	3	4
31	1	4	4	5
31	2	2	4	1
31	3	6	5	9
31	4	5	5	7
31	5	4	5	4
31	6	4	5	4
31	7	2	5	3
31	8	6	5	6
31	9	4	6	4
31	10	4	5	4
31	11	3	6	6
31	12	2	3	3
31	13	4	5	6
31	14	4	4	4
31	15	1	3	1
31	16	3	4	3
31	17	4	4	5
31	18	5	6	4
31	19	4	5	4
31	20	1	3	2
31	21	4	5	4
31	22	0	5	1
31	23	1	5	3
31	24	1	4	3
31	25	3	3	1
31	26	4	5	7
31	27	1	3	1
31	28	4	4	1
31	29	5	5	3
31	30	4	4	7
31	31	3	4	1
31	32	1	4	1
31	33	3	4	5
31	34	1	3	2
31	35	4	6	5
31	36	0	2	0
31	37	0	4	4
31	38	0	3	0
31	39	1	3	0
31	40	2	3	3
31	41	5	6	6
31	42	4	6	9
31	43	2	4	5
31	44	3	3	2
31	45	2	3	5
31	46	3	5	5
31	47	0	2	-1
31	48	4	3	4
31	49	4	5	1
31	50	2	4	2
31	51	1	3	0
31	52	2	5	3
31	53	2	2	0
31	54	3	5	6
31	55	1	4	2
31	56	3	4	3
31	57	4	5	4
31	58	4	4	3
31	59	3	4	2
31	60	2	4	2
31	61	2	4	1
31	62	2	2	1
31	63	0	4	2
31	64	3	4	4
31	65	3	4	3
31	66	5	4	4
31	67	6	5	7
31	68	4	5	5
31	69	6	5	7
31	70	3	4	4
31	71	7	6	7
31	72	4	5	5
31	73	2	4	0
31	74	5	4	4
31	75	0	3	0
32	1	3	4	1
32	2	0	1	0
32	3	0	2	3
32	4	0	3	0
32	5	0	1	0
32	6	3	3	4
32	7	4	2	1
32	8	3	3	2
32	9	1	0	2
32	10	3	2	3
32	11	4	2	3
32	12	2	3	4
32	13	3	2	2
32	14	2	3	2
32	15	1	1	1
32	16	0	1	0
32	17	1	1	0
32	18	1	1	0
32	19	3	2	4
32	20	-1	1	-3
32	21	1	1	0
32	22	1	2	1
32	23	1	1	0
32	24	5	2	3
32	25	2	2	0
32	26	0	0	-1
32	27	1	1	0
32	28	3	2	2
32	29	5	5	4
32	30	2	2	2
32	31	1	3	1
32	32	0	0	0
32	33	3	3	5
32	34	2	2	3
32	35	0	0	-2
32	36	2	1	2
32	37	1	2	2
32	38	0	1	0
32	39	2	0	0
32	40	0	2	0
32	41	2	2	3
32	42	2	1	1
32	43	4	2	3
32	44	2	2	2
32	45	3	3	4
32	46	2	1	2
32	47	0	1	-3
32	48	2	3	-1
32	49	4	2	2
32	50	0	2	3
32	51	3	3	3
32	52	3	1	4
32	53	3	1	4
32	54	2	1	1
32	55	0	2	1
32	56	-1	2	2
32	57	2	2	4
32	58	3	1	5
32	59	4	2	3
32	60	0	2	2
32	61	6	3	5
32	62	3	2	2
32	63	0	0	0
32	64	3	2	5
32	65	2	1	3
32	66	2	2	2
32	67	1	3	2
32	68	1	2	0
32	69	0	2	2
32	70	2	0	2
32	71	1	1	1
32	72	2	1	0
32	73	2	1	3
32	74	3	2	2
32	75	0	2	1
33	1	4	2	4
33	2	0	3	4
33	3	1	1	1
33	4	7	4	6
33	5	2	4	3
33	6	2	3	1
33	7	2	2	5
33	8	4	2	3
33	9	4	3	4
33	10	1	4	5
33	11	3	4	3
33	12	1	4	4
33	13	4	3	4
33	14	4	3	3
33	15	6	4	6
33	16	3	2	1
33	17	4	2	2
33	18	0	3	3
33	19	1	3	2
33	20	4	3	6
33	21	3	3	4
33	22	0	2	0
33	23	1	2	1
33	24	1	2	0
33	25	2	3	6
33	26	7	4	11
33	27	2	3	2
33	28	3	3	6
33	29	2	3	4
33	30	6	5	7
33	31	0	1	1
33	32	0	4	2
33	33	2	2	1
33	34	2	3	3
33	35	1	3	0
33	36	1	2	2
33	37	4	5	7
33	38	3	4	2
33	39	8	5	9
33	40	4	3	4
33	41	0	2	0
33	42	1	2	4
33	43	3	3	3
33	44	2	3	4
33	45	4	4	3
33	46	4	4	6
33	47	3	3	5
33	48	1	4	0
33	49	1	3	1
33	50	0	3	1
33	51	3	4	2
33	52	4	5	6
33	53	5	2	3
33	54	5	4	6
33	55	7	4	7
33	56	6	4	7
33	57	2	3	4
33	58	4	4	5
33	59	2	2	2
33	60	3	3	4
33	61	3	3	2
33	62	2	3	3
33	63	4	3	3
33	64	4	3	7
33	65	2	3	4
33	66	1	3	3
33	67	1	4	2
33	68	3	3	2
33	69	5	4	6
33	70	2	2	2
33	71	5	4	6
33	72	1	2	2
33	73	5	3	3
33	74	1	2	0
33	75	2	2	1
34	1	3	3	4
34	2	2	1	6
34	3	2	3	6
34	4	2	2	4
34	5	0	0	1
34	6	1	2	3
34	7	1	1	4
34	8	5	3	6
34	9	4	2	4
34	10	1	0	3
34	11	2	2	3
34	12	1	2	5
34	13	2	2	4
34	14	4	4	7
34	15	2	4	5
34	16	3	3	5
34	17	3	2	6
34	18	0	1	2
34	19	0	3	4
34	20	0	3	7
34	21	4	2	6
34	22	3	3	5
34	23	3	2	4
34	24	4	3	7
34	25	1	1	3
34	26	1	0	-1
34	27	0	1	0
34	28	4	2	5
34	29	4	1	3
34	30	2	1	5
34	31	4	2	4
34	32	4	4	6
34	33	5	2	6
34	34	2	2	4
34	35	1	1	2
34	36	5	2	6
34	37	3	2	5
34	38	1	1	4
34	39	3	2	4
34	40	0	1	0
34	41	0	2	3
34	42	2	2	6
34	43	1	3	6
34	44	0	1	4
34	45	5	2	5
34	46	4	3	5
34	47	1	1	6
34	48	3	3	3
34	49	4	2	5
34	50	2	3	6
34	51	1	2	7
34	52	1	2	3
34	53	4	3	7
34	54	0	1	1
34	55	1	3	3
34	56	5	2	5
34	57	1	0	2
34	58	1	1	2
34	59	2	2	2
34	60	2	3	6
34	61	-1	0	1
34	62	2	3	8
34	63	0	2	2
34	64	3	2	5
34	65	3	1	6
34	66	4	2	5
34	67	3	2	3
34	68	2	3	5
34	69	5	3	10
34	70	3	3	3
34	71	4	3	7
34	72	2	3	5
34	73	3	2	3
34	74	3	5	8
34	75	0	2	3
35	1	0	3	4
35	2	2	3	9
35	3	0	2	3
35	4	2	3	7
35	5	2	2	1
35	6	4	3	7
35	7	0	1	3
35	8	0	2	3
35	9	4	2	6
35	10	3	2	4
35	11	1	3	5
35	12	1	3	5
35	13	1	1	2
35	14	4	3	7
35	15	1	0	2
35	16	1	2	3
35	17	0	0	0
35	18	2	3	5
35	19	2	2	4
35	20	2	3	3
35	21	2	3	6
35	22	0	1	4
35	23	6	4	9
35	24	-2	2	1
35	25	2	3	8
35	26	2	3	6
35	27	0	1	3
35	28	2	1	3
35	29	2	2	8
35	30	3	4	6
35	31	-2	2	1
35	32	6	4	12
35	33	4	4	9
35	34	0	2	3
35	35	1	3	4
35	36	1	3	2
35	37	0	3	2
35	38	1	4	5
35	39	1	2	5
35	40	2	3	4
35	41	1	3	7
35	42	-2	0	0
35	43	0	1	2
35	44	2	2	6
35	45	0	3	3
35	46	2	3	7
35	47	0	3	5
35	48	1	3	5
35	49	3	2	7
35	50	1	2	5
35	51	2	2	3
35	52	0	1	5
35	53	0	1	0
35	54	0	1	4
35	55	5	4	10
35	56	2	2	5
35	57	5	3	7
35	58	1	2	1
35	59	1	4	3
35	60	2	3	3
35	61	3	2	6
35	62	0	3	3
35	63	-1	1	-1
35	64	3	3	10
35	65	0	2	4
35	66	2	3	6
35	67	2	2	4
35	68	4	3	7
35	69	2	3	3
35	70	1	1	4
35	71	1	3	5
35	72	1	2	2
35	73	3	3	8
35	74	1	3	3
35	75	0	1	0
36	1	1	1	2
36	2	2	1	0
36	3	-1	0	-1
36	4	2	1	3
36	5	4	2	2
36	6	4	0	2
36	7	1	0	0
36	8	1	1	1
36	9	1	1	0
36	10	5	2	3
36	11	5	1	5
36	12	1	1	0
36	13	3	1	0
36	14	5	2	4
36	15	3	1	5
36	16	3	1	4
36	17	5	2	6
36	18	3	0	6
36	19	4	2	6
36	20	4	0	3
36	21	1	0	-2
36	22	3	1	2
36	23	4	2	1
36	24	5	2	2
36	25	0	0	-1
36	26	4	1	0
36	27	6	2	6
36	28	4	3	2
36	29	1	0	-1
36	30	4	1	2
36	31	1	0	2
36	32	3	2	4
36	33	5	3	5
36	34	1	1	0
36	35	4	1	1
36	36	2	0	2
36	37	0	0	-1
36	38	1	2	0
36	39	5	1	1
36	40	6	3	6
36	41	-2	0	-1
36	42	6	2	4
36	43	6	3	4
36	44	5	2	3
36	45	4	1	0
36	46	2	0	1
36	47	6	2	5
36	48	2	0	-1
36	49	2	2	5
36	50	6	1	6
36	51	6	3	4
36	52	3	1	0
36	53	1	1	2
36	54	4	0	2
36	55	3	1	5
36	56	6	2	4
36	57	6	2	4
36	58	3	2	3
36	59	5	3	6
36	60	4	0	3
36	61	6	2	3
36	62	2	2	0
36	63	3	1	0
36	64	1	0	1
36	65	4	2	3
36	66	0	1	0
36	67	1	1	2
36	68	1	0	1
36	69	2	0	1
36	70	1	1	1
36	71	4	1	2
36	72	3	1	2
36	73	2	1	1
36	74	5	3	5
36	75	5	3	3
37	1	3	2	6
37	2	0	2	-1
37	3	3	4	3
37	4	0	1	1
37	5	2	3	1
37	6	1	3	6
37	7	1	2	2
37	8	1	2	1
37	9	2	3	2
37	10	0	3	4
37	11	4	3	5
37	12	0	1	0
37	13	1	3	1
37	14	2	3	3
37	15	1	3	4
37	16	1	1	1
37	17	1	1	1
37	18	0	1	0
37	19	1	1	0
37	20	1	3	3
37	21	1	2	1
37	22	2	2	4
37	23	0	2	2
37	24	0	1	0
37	25	2	2	2
37	26	3	3	2
37	27	2	2	2
37	28	1	3	2
37	29	2	2	0
37	30	1	3	3
37	31	0	3	0
37	32	1	3	3
37	33	0	1	1
37	34	0	2	0
37	35	1	1	0
37	36	0	2	0
37	37	0	2	3
37	38	1	2	1
37	39	0	2	0
37	40	0	3	3
37	41	-1	1	0
37	42	0	2	5
37	43	1	2	5
37	44	0	2	0
37	45	0	2	0
37	46	4	6	5
37	47	1	2	5
37	48	0	3	2
37	49	1	2	2
37	50	3	2	3
37	51	2	2	2
37	52	1	2	0
37	53	1	2	1
37	54	0	3	2
37	55	1	3	2
37	56	0	3	2
37	57	2	2	3
37	58	2	3	5
37	59	0	0	0
37	60	2	3	3
37	61	2	3	2
37	62	1	2	0
37	63	1	2	2
37	64	0	3	2
37	65	2	2	1
37	66	0	1	0
37	67	0	1	0
37	68	0	2	3
37	69	2	2	5
37	70	0	3	0
37	71	0	2	1
37	72	-1	2	-1
37	73	0	2	3
37	74	4	2	3
37	75	0	2	0
38	1	1	1	1
38	2	1	3	2
38	3	3	3	4
38	4	3	3	5
38	5	7	5	9
38	6	3	3	4
38	7	3	2	2
38	8	5	4	4
38	9	2	2	1
38	10	2	3	3
38	11	3	2	5
38	12	0	1	0
38	13	-2	0	0
38	14	5	4	6
38	15	1	2	2
38	16	0	1	0
38	17	0	2	0
38	18	2	2	2
38	19	1	2	4
38	20	3	2	6
38	21	2	2	3
38	22	3	4	1
38	23	2	3	0
38	24	0	2	1
38	25	3	2	3
38	26	2	1	1
38	27	1	1	2
38	28	0	3	1
38	29	4	5	4
38	30	0	1	-1
38	31	0	2	2
38	32	4	2	3
38	33	4	5	6
38	34	1	2	5
38	35	3	3	3
38	36	2	3	5
38	37	2	1	3
38	38	3	2	1
38	39	6	4	8
38	40	5	3	4
38	41	1	1	3
38	42	4	4	7
38	43	5	2	2
38	44	4	4	2
38	45	3	4	6
38	46	4	4	1
38	47	2	3	3
38	48	1	2	2
38	49	2	2	2
38	50	2	3	3
38	51	0	3	1
38	52	4	4	6
38	53	2	1	1
38	54	0	2	3
38	55	4	4	4
38	56	0	3	3
38	57	3	2	6
38	58	1	1	2
38	59	3	2	4
38	60	1	2	3
38	61	0	2	-2
38	62	2	3	1
38	63	1	3	2
38	64	4	3	4
38	65	3	1	1
38	66	1	2	2
38	67	2	2	0
38	68	2	3	2
38	69	0	1	2
38	70	-2	0	-2
38	71	6	3	5
38	72	4	2	5
38	73	3	2	3
38	74	-3	1	0
38	75	4	3	2
39	1	3	3	3
39	2	1	3	3
39	3	4	4	4
39	4	4	4	3
39	5	2	2	2
39	6	6	4	4
39	7	3	2	4
39	8	4	3	7
39	9	1	2	4
39	10	3	1	4
39	11	1	1	2
39	12	2	2	2
39	13	2	2	4
39	14	3	2	3
39	15	3	1	0
39	16	3	0	2
39	17	5	1	4
39	18	3	3	0
39	19	1	1	2
39	20	0	1	1
39	21	0	2	0
39	22	3	2	2
39	23	2	1	1
39	24	2	1	1
39	25	3	0	2
39	26	2	1	4
39	27	3	2	4
39	28	1	1	2
39	29	3	1	2
39	30	0	1	0
39	31	0	0	-1
39	32	1	1	0
39	33	0	1	3
39	34	2	1	1
39	35	2	1	0
39	36	5	3	7
39	37	4	4	8
39	38	6	4	7
39	39	4	3	4
39	40	2	2	0
39	41	2	0	0
39	42	1	1	2
39	43	1	2	1
39	44	6	2	5
39	45	2	2	4
39	46	4	2	4
39	47	2	3	3
39	48	0	1	-1
39	49	3	4	2
39	50	1	1	0
39	51	1	1	2
39	52	5	3	8
39	53	5	2	3
39	54	3	1	2
39	55	1	1	-1
39	56	3	2	1
39	57	6	3	7
39	58	6	2	4
39	59	2	2	4
39	60	2	3	6
39	61	3	3	4
39	62	1	2	2
39	63	2	3	3
39	64	2	3	2
39	65	3	1	0
39	66	2	1	3
39	67	3	1	2
39	68	0	1	0
39	69	4	3	3
39	70	3	3	3
39	71	2	1	4
39	72	1	1	2
39	73	0	0	-3
39	74	4	3	3
39	75	3	0	-1
40	1	1	1	4
40	2	1	1	7
40	3	0	1	1
40	4	3	1	0
40	5	0	1	0
40	6	0	2	3
40	7	0	0	0
40	8	0	2	2
40	9	1	1	5
40	10	2	3	7
40	11	-3	1	0
40	12	1	2	3
40	13	0	1	4
40	14	1	1	4
40	15	1	0	1
40	16	0	1	3
40	17	2	3	1
40	18	0	1	5
40	19	0	0	1
40	20	0	2	3
40	21	2	1	3
40	22	1	0	1
40	23	0	0	1
40	24	2	0	3
40	25	1	1	2
40	26	2	1	4
40	27	4	1	4
40	28	0	2	4
40	29	0	1	2
40	30	0	1	1
40	31	0	2	0
40	32	-1	0	-1
40	33	0	1	0
40	34	0	1	0
40	35	0	1	1
40	36	-1	0	0
40	37	0	1	1
40	38	1	0	2
40	39	2	1	0
40	40	0	1	0
40	41	1	2	3
40	42	-3	0	-1
40	43	0	2	1
40	44	2	2	4
40	45	0	1	2
40	46	0	1	4
40	47	0	1	0
40	48	0	0	2
40	49	0	0	3
40	50	-1	0	1
40	51	0	0	1
40	52	0	0	4
40	53	1	1	1
40	54	1	2	4
40	55	2	1	4
40	56	0	2	3
40	57	-1	0	-1
40	58	0	0	4
40	59	1	1	4
40	60	1	2	2
40	61	1	2	5
40	62	3	1	2
40	63	0	2	2
40	64	0	0	3
40	65	1	1	3
40	66	0	0	0
40	67	0	1	2
40	68	2	2	5
40	69	0	2	2
40	70	-2	1	2
40	71	0	1	0
40	72	0	0	0
40	73	0	1	1
40	74	2	1	2
40	75	0	1	0
41	1	1	1	-1
41	2	1	1	0
41	3	1	0	1
41	4	4	1	1
41	5	0	2	4
41	6	0	1	2
41	7	1	0	0
41	8	1	0	0
41	9	0	1	0
41	10	2	2	2
41	11	3	1	2
41	12	2	1	2
41	13	3	1	4
41	14	0	0	1
41	15	0	1	2
41	16	1	0	2
41	17	-2	0	0
41	18	1	0	2
41	19	2	2	3
41	20	5	2	4
41	21	0	1	4
41	22	0	0	-2
41	23	1	1	1
41	24	0	2	3
41	25	0	1	3
41	26	3	1	2
41	27	0	0	0
41	28	1	0	3
41	29	-3	-2	-1
41	30	1	0	2
41	31	2	2	5
41	32	4	2	4
41	33	0	0	-2
41	34	3	1	4
41	35	0	0	0
41	36	1	1	2
41	37	0	0	-1
41	38	2	1	1
41	39	-1	0	0
41	40	0	0	5
41	41	0	1	2
41	42	-1	0	0
41	43	2	2	3
41	44	2	1	4
41	45	2	1	3
41	46	2	1	2
41	47	2	0	0
41	48	0	3	3
41	49	0	0	1
41	50	1	1	0
41	51	3	1	6
41	52	2	0	2
41	53	4	0	3
41	54	1	0	4
41	55	6	2	5
41	56	0	0	-1
41	57	2	1	3
41	58	3	2	2
41	59	2	1	5
41	60	3	2	4
41	61	3	2	3
41	62	2	2	4
41	63	-1	0	1
41	64	3	2	3
41	65	0	-1	0
41	66	6	1	4
41	67	1	0	0
41	68	2	0	2
41	69	1	0	1
41	70	0	0	1
41	71	1	0	2
41	72	3	1	2
41	73	1	1	1
41	74	3	1	7
41	75	0	0	0
42	1	0	2	2
42	2	0	1	4
42	3	0	0	1
42	4	0	1	3
42	5	3	2	8
42	6	0	0	1
42	7	-1	0	2
42	8	0	0	0
42	9	2	2	5
42	10	0	2	1
42	11	1	1	3
42	12	1	0	1
42	13	4	2	0
42	14	2	2	6
42	15	1	0	2
42	16	0	0	0
42	17	1	2	2
42	18	3	2	6
42	19	2	2	7
42	20	0	1	0
42	21	0	2	1
42	22	0	2	3
42	23	0	0	3
42	24	0	0	1
42	25	2	2	6
42	26	3	2	6
42	27	0	0	1
42	28	0	0	-2
42	29	0	1	0
42	30	2	1	3
42	31	1	1	3
42	32	3	1	6
42	33	0	1	2
42	34	-1	0	2
42	35	2	3	5
42	36	0	1	2
42	37	0	3	2
42	38	1	1	1
42	39	1	1	1
42	40	-1	0	0
42	41	3	2	6
42	42	2	2	4
42	43	3	1	5
42	44	2	0	2
42	45	2	2	3
42	46	0	3	0
42	47	3	1	3
42	48	0	1	0
42	49	3	2	4
42	50	0	1	1
42	51	0	0	0
42	52	1	1	2
42	53	-1	-1	1
42	54	0	1	0
42	55	1	2	5
42	56	3	3	6
42	57	0	0	2
42	58	2	2	3
42	59	0	0	1
42	60	6	3	7
42	61	2	1	4
42	62	0	0	1
42	63	4	2	3
42	64	0	1	1
42	65	1	1	1
42	66	2	1	2
42	67	4	3	4
42	68	1	1	1
42	69	0	1	2
42	70	0	2	0
42	71	4	3	3
42	72	4	3	6
42	73	4	2	5
42	74	3	2	6
42	75	-2	1	0
43	1	0	3	5
43	2	1	3	3
43	3	-1	0	1
43	4	0	2	0
43	5	-3	1	0
43	6	0	2	2
43	7	0	2	1
43	8	-3	0	-1
43	9	-3	2	0
43	10	-1	1	0
43	11	-2	1	1
43	12	-2	2	0
43	13	0	3	2
43	14	-1	2	1
43	15	-1	2	1
43	16	2	3	4
43	17	-1	1	0
43	18	1	3	6
43	19	0	1	3
43	20	0	3	5
43	21	-1	2	2
43	22	-1	2	2
43	23	1	2	1
43	24	0	3	2
43	25	0	4	7
43	26	1	3	3
43	27	-1	2	0
43	28	-1	2	1
43	29	0	1	2
43	30	0	3	4
43	31	-1	0	-1
43	32	-2	3	-1
43	33	2	4	6
43	34	1	2	4
43	35	0	2	2
43	36	-2	2	1
43	37	0	3	0
43	38	0	4	3
43	39	2	4	6
43	40	0	3	2
43	41	-1	2	1
43	42	-1	3	2
43	43	-1	2	3
43	44	-1	1	1
43	45	0	3	3
43	46	1	5	4
43	47	0	2	2
43	48	1	3	2
43	49	0	3	2
43	50	0	2	2
43	51	0	1	2
43	52	0	4	3
43	53	0	3	2
43	54	0	1	2
43	55	0	3	2
43	56	1	4	4
43	57	0	1	2
43	58	-3	0	-2
43	59	2	5	6
43	60	-2	2	1
43	61	0	1	0
43	62	2	3	3
43	63	-5	0	0
43	64	-1	1	0
43	65	-1	2	-1
43	66	-2	1	0
43	67	0	3	3
43	68	1	4	5
43	69	0	2	3
43	70	0	1	0
43	71	0	3	2
43	72	-1	2	0
43	73	0	1	0
43	74	1	3	2
43	75	0	3	2
44	1	2	2	3
44	2	3	4	7
44	3	-1	1	0
44	4	3	3	5
44	5	0	3	4
44	6	6	5	9
44	7	5	4	10
44	8	0	2	2
44	9	3	4	5
44	10	3	3	5
44	11	3	2	7
44	12	4	5	7
44	13	6	4	8
44	14	0	4	6
44	15	4	3	8
44	16	3	2	5
44	17	5	5	8
44	18	0	3	2
44	19	5	3	6
44	20	5	4	8
44	21	0	2	-1
44	22	4	3	7
44	23	1	2	7
44	24	2	2	6
44	25	4	3	6
44	26	4	4	9
44	27	3	3	6
44	28	4	3	4
44	29	2	3	6
44	30	1	2	5
44	31	3	2	3
44	32	2	4	6
44	33	3	3	6
44	34	3	3	3
44	35	4	4	5
44	36	2	2	3
44	37	3	2	2
44	38	4	3	7
44	39	2	3	6
44	40	5	3	7
44	41	6	4	8
44	42	3	3	8
44	43	7	3	6
44	44	2	3	2
44	45	2	3	4
44	46	2	2	5
44	47	4	4	5
44	48	3	4	5
44	49	6	2	7
44	50	7	4	8
44	51	5	3	7
44	52	3	3	3
44	53	0	3	5
44	54	3	4	7
44	55	4	3	5
44	56	3	3	5
44	57	2	2	5
44	58	3	3	4
44	59	3	2	3
44	60	5	3	7
44	61	3	2	6
44	62	2	3	4
44	63	2	1	2
44	64	4	2	9
44	65	4	2	2
44	66	1	3	3
44	67	2	1	5
44	68	2	4	8
44	69	4	3	8
44	70	4	2	6
44	71	6	5	8
44	72	6	3	6
44	73	4	3	6
44	74	3	2	5
44	75	4	4	10
45	1	0	2	2
45	2	3	2	6
45	3	3	2	5
45	4	3	3	3
45	5	3	3	2
45	6	4	3	5
45	7	1	5	6
45	8	2	2	4
45	9	2	2	6
45	10	4	3	3
45	11	2	2	3
45	12	4	4	6
45	13	2	2	2
45	14	4	4	4
45	15	0	1	0
45	16	3	2	1
45	17	0	2	2
45	18	1	5	5
45	19	0	3	6
45	20	0	1	1
45	21	3	3	5
45	22	1	3	1
45	23	3	3	5
45	24	0	2	1
45	25	3	4	5
45	26	3	2	3
45	27	0	2	1
45	28	3	2	5
45	29	1	3	3
45	30	3	2	5
45	31	0	1	3
45	32	1	3	2
45	33	0	3	4
45	34	1	2	2
45	35	2	2	5
45	36	3	4	7
45	37	2	4	5
45	38	1	2	2
45	39	0	2	4
45	40	2	3	5
45	41	3	4	5
45	42	1	2	6
45	43	0	3	3
45	44	0	2	-1
45	45	3	4	7
45	46	0	2	1
45	47	4	3	4
45	48	1	2	4
45	49	3	3	5
45	50	4	4	7
45	51	0	2	1
45	52	3	3	7
45	53	3	3	7
45	54	2	4	3
45	55	0	3	1
45	56	2	3	4
45	57	4	4	6
45	58	1	3	0
45	59	4	3	7
45	60	-2	1	2
45	61	0	0	0
45	62	3	3	6
45	63	1	2	2
45	64	1	3	5
45	65	0	2	3
45	66	0	2	1
45	67	1	2	3
45	68	2	3	2
45	69	3	3	6
45	70	1	3	7
45	71	2	2	3
45	72	1	4	5
45	73	2	3	3
45	74	1	3	1
45	75	3	3	4
46	1	-1	1	-1
46	2	0	3	0
46	3	0	2	-2
46	4	-1	2	-1
46	5	2	5	2
46	6	1	1	0
46	7	-1	2	0
46	8	-1	4	0
46	9	1	5	0
46	10	-3	0	-3
46	11	0	2	1
46	12	0	1	0
46	13	-2	2	0
46	14	0	3	0
46	15	1	2	0
46	16	-1	2	-2
46	17	-1	1	-1
46	18	4	4	3
46	19	0	2	-1
46	20	0	2	0
46	21	-1	2	0
46	22	0	3	0
46	23	0	2	2
46	24	0	2	1
46	25	1	3	0
46	26	1	4	3
46	27	0	3	2
46	28	2	3	1
46	29	-1	1	-1
46	30	0	5	0
46	31	0	4	3
46	32	0	4	-1
46	33	0	2	0
46	34	0	2	2
46	35	1	2	1
46	36	0	4	2
46	37	0	3	-1
46	38	0	4	1
46	39	0	3	0
46	40	1	4	2
46	41	0	3	-1
46	42	1	3	0
46	43	-2	4	-4
46	44	-1	3	1
46	45	-1	1	0
46	46	2	4	0
46	47	0	2	-1
46	48	0	3	-1
46	49	1	3	0
46	50	0	3	-1
46	51	2	3	0
46	52	3	5	3
46	53	1	3	1
46	54	0	4	2
46	55	0	2	-3
46	56	0	3	0
46	57	1	3	1
46	58	1	2	0
46	59	0	3	1
46	60	2	3	5
46	61	0	3	0
46	62	0	3	2
46	63	0	2	-4
46	64	1	3	0
46	65	-1	2	-1
46	66	0	6	1
46	67	0	2	-3
46	68	0	3	0
46	69	3	3	3
46	70	0	2	0
46	71	-1	3	0
46	72	0	4	3
46	73	2	4	3
46	74	5	3	5
46	75	0	2	-1
47	1	-1	2	0
47	2	0	2	4
47	3	-1	1	4
47	4	3	3	2
47	5	1	1	4
47	6	0	2	1
47	7	1	3	3
47	8	2	1	2
47	9	2	1	5
47	10	1	1	2
47	11	1	3	2
47	12	0	2	1
47	13	0	1	0
47	14	-2	0	-2
47	15	3	3	4
47	16	-1	0	1
47	17	0	0	1
47	18	0	0	3
47	19	1	3	5
47	20	1	2	4
47	21	2	2	5
47	22	0	1	3
47	23	1	2	3
47	24	0	2	1
47	25	0	2	2
47	26	2	3	2
47	27	-1	1	0
47	28	0	2	1
47	29	1	2	2
47	30	0	0	2
47	31	0	2	4
47	32	0	1	0
47	33	0	2	4
47	34	0	1	0
47	35	0	2	2
47	36	0	0	0
47	37	1	1	4
47	38	-1	0	0
47	39	1	3	0
47	40	0	1	1
47	41	1	2	3
47	42	-3	1	0
47	43	1	2	0
47	44	0	3	1
47	45	0	3	3
47	46	1	2	2
47	47	0	1	1
47	48	-2	0	-1
47	49	0	2	5
47	50	0	2	2
47	51	-3	1	0
47	52	1	2	1
47	53	1	4	4
47	54	1	2	4
47	55	1	1	0
47	56	0	2	4
47	57	0	2	0
47	58	0	3	4
47	59	2	2	3
47	60	0	3	4
47	61	0	1	0
47	62	1	2	4
47	63	2	2	5
47	64	0	0	0
47	65	0	1	1
47	66	1	2	4
47	67	-1	1	0
47	68	-2	1	-1
47	69	0	0	2
47	70	0	2	5
47	71	0	1	0
47	72	1	0	2
47	73	1	3	3
47	74	0	1	2
47	75	0	3	2
48	1	4	0	4
48	2	1	0	3
48	3	3	1	3
48	4	0	0	3
48	5	0	0	-1
48	6	5	1	4
48	7	2	1	4
48	8	2	1	1
48	9	1	1	2
48	10	0	0	-2
48	11	3	0	3
48	12	3	2	3
48	13	1	0	0
48	14	1	-1	0
48	15	6	2	7
48	16	0	0	2
48	17	3	1	4
48	18	3	2	2
48	19	3	2	4
48	20	0	1	1
48	21	1	0	2
48	22	5	3	4
48	23	4	1	6
48	24	2	1	4
48	25	0	1	2
48	26	4	0	3
48	27	0	0	0
48	28	3	0	3
48	29	0	0	0
48	30	0	1	0
48	31	5	0	2
48	32	2	1	1
48	33	2	0	2
48	34	3	0	2
48	35	3	1	5
48	36	4	2	6
48	37	1	0	1
48	38	2	0	2
48	39	5	2	2
48	40	3	0	2
48	41	0	0	0
48	42	0	0	1
48	43	2	1	3
48	44	6	1	6
48	45	0	0	1
48	46	1	1	1
48	47	0	0	-2
48	48	1	0	0
48	49	0	0	0
48	50	3	0	2
48	51	4	2	7
48	52	-1	0	0
48	53	3	0	3
48	54	6	1	6
48	55	2	0	-1
48	56	0	0	0
48	57	3	1	0
48	58	3	1	5
48	59	1	0	-1
48	60	0	0	0
48	61	2	0	2
48	62	-2	0	-2
48	63	-1	0	0
48	64	2	1	1
48	65	3	1	3
48	66	-2	-1	-1
48	67	3	0	1
48	68	0	0	-1
48	69	2	0	0
48	70	4	2	3
48	71	-1	0	0
48	72	4	0	5
48	73	2	1	4
48	74	0	0	1
48	75	4	0	3
49	1	4	4	2
49	2	5	2	4
49	3	7	1	3
49	4	2	1	1
49	5	0	0	0
49	6	8	3	9
49	7	3	4	3
49	8	4	2	4
49	9	3	2	0
49	10	5	4	5
49	11	8	3	6
49	12	7	4	6
49	13	1	0	3
49	14	3	1	2
49	15	5	2	2
49	16	4	3	4
49	17	4	3	2
49	18	1	1	2
49	19	4	3	5
49	20	4	3	0
49	21	8	3	6
49	22	3	0	0
49	23	5	3	4
49	24	2	1	-1
49	25	1	1	5
49	26	5	4	5
49	27	6	2	7
49	28	0	1	1
49	29	2	1	0
49	30	3	1	4
49	31	3	2	5
49	32	5	4	4
49	33	3	2	2
49	34	1	2	0
49	35	3	1	3
49	36	1	1	0
49	37	6	3	7
49	38	2	2	0
49	39	5	1	0
49	40	9	3	6
49	41	7	4	6
49	42	4	2	3
49	43	6	2	5
49	44	6	2	6
49	45	5	3	2
49	46	2	1	0
49	47	4	3	7
49	48	2	0	-1
49	49	3	1	3
49	50	3	2	3
49	51	3	1	0
49	52	0	1	-2
49	53	2	2	1
49	54	7	3	5
49	55	4	1	3
49	56	3	0	3
49	57	4	3	2
49	58	3	3	1
49	59	4	3	5
49	60	3	2	6
49	61	7	4	6
49	62	3	2	1
49	63	5	1	5
49	64	4	3	1
49	65	4	1	5
49	66	3	0	2
49	67	3	3	4
49	68	2	0	1
49	69	6	1	5
49	70	3	0	1
49	71	4	4	2
49	72	2	1	1
49	73	6	1	3
49	74	5	3	4
49	75	5	3	7
50	1	1	3	3
50	2	0	2	-1
50	3	2	2	2
50	4	2	3	1
50	5	2	3	2
50	6	0	3	3
50	7	0	2	0
50	8	1	2	5
50	9	1	5	5
50	10	-1	1	-3
50	11	0	2	2
50	12	0	3	0
50	13	5	5	7
50	14	0	2	0
50	15	2	4	4
50	16	1	3	1
50	17	0	3	2
50	18	0	2	2
50	19	1	3	2
50	20	3	3	2
50	21	3	3	1
50	22	0	2	0
50	23	-1	2	1
50	24	0	2	0
50	25	0	3	3
50	26	3	3	5
50	27	3	4	6
50	28	0	2	2
50	29	0	2	5
50	30	0	1	0
50	31	1	3	1
50	32	2	4	3
50	33	0	3	1
50	34	0	3	1
50	35	-2	3	0
50	36	0	2	1
50	37	2	3	2
50	38	1	3	4
50	39	0	0	-2
50	40	1	3	4
50	41	0	2	0
50	42	2	0	1
50	43	1	2	3
50	44	0	1	4
50	45	0	2	0
50	46	0	2	1
50	47	1	3	3
50	48	1	3	4
50	49	0	1	0
50	50	0	1	-1
50	51	0	2	-1
50	52	2	2	2
50	53	0	2	2
50	54	0	2	2
50	55	3	4	6
50	56	3	3	2
50	57	0	2	3
50	58	1	3	2
50	59	2	2	5
50	60	1	2	0
50	61	2	3	3
50	62	1	2	1
50	63	2	4	3
50	64	0	4	0
50	65	1	3	3
50	66	0	3	4
50	67	0	1	3
50	68	1	2	2
50	69	1	3	3
50	70	0	2	4
50	71	0	0	3
50	72	0	2	1
50	73	0	2	1
50	74	0	2	1
50	75	3	3	4
51	1	0	2	3
51	2	2	2	3
51	3	2	2	0
51	4	3	2	5
51	5	4	2	5
51	6	2	1	0
51	7	3	2	2
51	8	4	1	3
51	9	1	1	2
51	10	2	2	4
51	11	2	2	5
51	12	0	0	2
51	13	0	0	0
51	14	4	3	4
51	15	0	2	1
51	16	1	1	2
51	17	0	1	0
51	18	0	2	2
51	19	1	2	5
51	20	4	3	5
51	21	3	2	5
51	22	0	0	3
51	23	3	1	4
51	24	3	3	7
51	25	3	2	5
51	26	3	2	5
51	27	1	3	5
51	28	3	2	3
51	29	4	4	6
51	30	1	2	4
51	31	3	1	4
51	32	2	3	4
51	33	2	2	3
51	34	4	2	7
51	35	1	3	5
51	36	4	2	4
51	37	1	2	4
51	38	0	2	2
51	39	4	0	4
51	40	2	2	3
51	41	2	3	7
51	42	2	0	2
51	43	3	2	4
51	44	3	3	4
51	45	3	0	3
51	46	3	3	6
51	47	2	2	3
51	48	2	2	2
51	49	1	3	5
51	50	1	2	1
51	51	2	3	4
51	52	0	0	3
51	53	6	3	7
51	54	0	0	0
51	55	1	1	0
51	56	1	1	3
51	57	2	1	1
51	58	3	4	5
51	59	2	3	5
51	60	2	3	6
51	61	3	2	7
51	62	3	2	1
51	63	3	1	5
51	64	4	2	6
51	65	4	2	4
51	66	0	2	0
51	67	0	1	3
51	68	0	0	0
51	69	2	0	4
51	70	5	4	7
51	71	0	1	1
51	72	4	2	6
51	73	3	2	4
51	74	2	2	4
51	75	2	2	5
52	1	1	0	-1
52	2	1	1	0
52	3	1	1	2
52	4	5	2	3
52	5	0	1	-1
52	6	1	1	0
52	7	3	0	3
52	8	3	2	3
52	9	2	2	1
52	10	2	1	3
52	11	0	0	1
52	12	4	2	2
52	13	3	1	2
52	14	0	0	1
52	15	-1	0	-1
52	16	1	2	0
52	17	1	2	1
52	18	2	3	3
52	19	2	1	1
52	20	2	1	2
52	21	2	2	0
52	22	2	1	2
52	23	5	1	2
52	24	0	1	3
52	25	0	1	0
52	26	3	2	0
52	27	4	1	2
52	28	1	1	0
52	29	3	2	2
52	30	4	1	4
52	31	3	1	2
52	32	2	1	1
52	33	3	1	4
52	34	1	1	0
52	35	3	1	3
52	36	3	1	0
52	37	5	2	6
52	38	0	2	0
52	39	0	0	-2
52	40	4	1	2
52	41	2	1	1
52	42	1	3	2
52	43	2	2	1
52	44	3	3	4
52	45	0	1	0
52	46	1	1	-1
52	47	2	2	4
52	48	1	0	-1
52	49	1	1	0
52	50	4	2	3
52	51	0	1	2
52	52	5	3	6
52	53	2	2	1
52	54	1	1	0
52	55	0	0	0
52	56	5	2	3
52	57	0	1	0
52	58	4	1	2
52	59	3	1	5
52	60	0	1	0
52	61	4	4	2
52	62	2	0	0
52	63	2	1	2
52	64	4	0	1
52	65	6	3	5
52	66	3	0	1
52	67	2	3	6
52	68	2	1	1
52	69	-1	0	-1
52	70	2	3	4
52	71	0	1	0
52	72	1	1	0
52	73	3	2	4
52	74	4	1	1
52	75	4	3	2
53	1	3	2	2
53	2	2	3	3
53	3	4	2	3
53	4	2	3	2
53	5	2	2	1
53	6	5	3	5
53	7	1	2	3
53	8	2	3	3
53	9	0	0	0
53	10	2	3	4
53	11	-1	0	0
53	12	0	2	4
53	13	0	0	0
53	14	1	1	2
53	15	0	1	3
53	16	3	3	3
53	17	1	1	0
53	18	0	2	0
53	19	0	1	0
53	20	3	1	4
53	21	4	4	4
53	22	1	0	2
53	23	2	2	7
53	24	1	3	0
53	25	2	0	2
53	26	3	2	3
53	27	2	2	2
53	28	0	0	-1
53	29	0	0	0
53	30	3	2	2
53	31	3	2	4
53	32	-2	0	0
53	33	0	0	0
53	34	0	2	0
53	35	4	2	1
53	36	2	2	3
53	37	4	2	3
53	38	0	2	1
53	39	3	1	2
53	40	5	3	4
53	41	3	2	3
53	42	2	1	1
53	43	0	0	0
53	44	3	1	3
53	45	1	0	0
53	46	-1	-1	-1
53	47	1	2	0
53	48	2	2	2
53	49	3	1	3
53	50	4	2	6
53	51	2	3	3
53	52	2	0	1
53	53	3	2	4
53	54	7	2	6
53	55	1	2	2
53	56	4	4	4
53	57	0	2	3
53	58	2	2	3
53	59	0	0	-1
53	60	0	2	1
53	61	0	1	4
53	62	-1	2	0
53	63	0	1	0
53	64	0	1	0
53	65	3	3	5
53	66	0	1	0
53	67	3	2	2
53	68	2	0	3
53	69	2	2	3
53	70	3	1	2
53	71	3	2	2
53	72	2	0	2
53	73	3	1	1
53	74	3	2	6
53	75	1	1	3
54	1	7	5	10
54	2	3	4	3
54	3	6	5	10
54	4	1	4	5
54	5	0	1	3
54	6	0	3	3
54	7	1	2	3
54	8	3	4	7
54	9	3	4	9
54	10	4	4	7
54	11	3	4	7
54	12	2	3	4
54	13	0	3	3
54	14	0	4	4
54	15	2	3	3
54	16	2	4	4
54	17	2	3	5
54	18	4	4	6
54	19	4	5	5
54	20	5	5	9
54	21	-2	2	0
54	22	3	5	4
54	23	4	4	4
54	24	2	4	4
54	25	0	4	2
54	26	1	3	6
54	27	2	3	2
54	28	4	3	7
54	29	2	3	2
54	30	8	5	11
54	31	2	2	3
54	32	3	4	3
54	33	0	2	3
54	34	1	2	7
54	35	6	5	9
54	36	4	3	2
54	37	3	3	7
54	38	2	2	3
54	39	6	4	5
54	40	3	4	4
54	41	2	3	2
54	42	3	4	4
54	43	3	2	3
54	44	3	4	4
54	45	0	3	4
54	46	4	4	6
54	47	3	4	7
54	48	4	4	9
54	49	4	4	7
54	50	2	4	7
54	51	3	4	7
54	52	3	5	4
54	53	3	5	8
54	54	4	4	5
54	55	5	3	5
54	56	3	4	5
54	57	3	5	5
54	58	2	3	4
54	59	4	3	7
54	60	3	2	5
54	61	4	3	4
54	62	3	4	6
54	63	0	3	3
54	64	3	4	7
54	65	0	2	2
54	66	6	4	7
54	67	0	2	4
54	68	0	3	1
54	69	4	4	7
54	70	0	2	7
54	71	1	2	3
54	72	4	4	6
54	73	0	2	0
54	74	2	2	3
54	75	3	1	3
55	1	0	3	2
55	2	1	4	3
55	3	1	3	2
55	4	0	2	2
55	5	1	4	0
55	6	2	6	3
55	7	0	2	0
55	8	-1	2	-2
55	9	1	3	2
55	10	-1	1	-2
55	11	2	5	1
55	12	5	4	6
55	13	0	1	1
55	14	0	2	0
55	15	0	2	1
55	16	5	5	3
55	17	1	2	1
55	18	2	4	3
55	19	2	5	3
55	20	2	5	3
55	21	2	3	4
55	22	0	4	0
55	23	0	4	1
55	24	2	4	0
55	25	0	3	0
55	26	0	1	0
55	27	4	4	3
55	28	-1	3	0
55	29	2	4	1
55	30	3	4	3
55	31	1	4	4
55	32	3	3	3
55	33	1	4	3
55	34	1	4	2
55	35	-2	2	-1
55	36	1	3	0
55	37	0	4	0
55	38	0	3	3
55	39	5	4	8
55	40	3	3	1
55	41	0	3	1
55	42	3	4	3
55	43	2	3	3
55	44	2	2	1
55	45	1	4	1
55	46	0	4	2
55	47	1	4	1
55	48	1	4	2
55	49	1	3	2
55	50	0	3	0
55	51	2	3	3
55	52	1	4	0
55	53	2	5	5
55	54	0	2	3
55	55	2	4	0
55	56	4	4	5
55	57	1	3	3
55	58	2	3	1
55	59	2	3	5
55	60	-1	2	-2
55	61	2	4	1
55	62	1	4	0
55	63	4	4	3
55	64	2	4	5
55	65	3	4	5
55	66	1	3	0
55	67	2	4	2
55	68	1	4	2
55	69	1	3	2
55	70	0	3	0
55	71	0	3	1
55	72	0	4	0
55	73	3	3	3
55	74	0	3	0
55	75	3	5	3
56	1	9	6	9
56	2	6	4	8
56	3	5	5	8
56	4	3	3	3
56	5	2	4	5
56	6	2	3	3
56	7	2	1	0
56	8	2	2	5
56	9	4	4	3
56	10	4	4	4
56	11	1	3	5
56	12	5	3	8
56	13	5	5	9
56	14	4	3	7
56	15	4	4	5
56	16	4	1	6
56	17	4	5	3
56	18	5	4	8
56	19	6	6	6
56	20	0	3	2
56	21	4	4	8
56	22	1	2	2
56	23	1	3	2
56	24	5	5	8
56	25	3	4	4
56	26	2	2	4
56	27	3	5	5
56	28	1	3	4
56	29	4	2	4
56	30	4	4	6
56	31	1	2	3
56	32	4	3	4
56	33	2	3	5
56	34	1	1	0
56	35	4	3	3
56	36	2	3	3
56	37	3	5	7
56	38	2	3	3
56	39	1	3	5
56	40	4	3	5
56	41	4	3	5
56	42	3	4	5
56	43	3	5	4
56	44	0	2	4
56	45	2	3	5
56	46	5	5	7
56	47	4	4	9
56	48	1	2	4
56	49	3	3	3
56	50	3	3	6
56	51	3	3	2
56	52	5	4	7
56	53	3	4	3
56	54	4	3	6
56	55	7	5	8
56	56	4	3	5
56	57	5	4	9
56	58	0	2	0
56	59	1	2	2
56	60	4	4	8
56	61	3	4	3
56	62	2	3	5
56	63	4	5	8
56	64	3	4	4
56	65	1	3	6
56	66	2	4	3
56	67	0	2	2
56	68	2	2	1
56	69	3	4	5
56	70	4	4	6
56	71	1	2	3
56	72	0	3	3
56	73	4	5	7
56	74	5	5	3
56	75	4	4	7
57	1	2	3	2
57	2	1	2	2
57	3	-1	1	0
57	4	1	2	2
57	5	0	2	-2
57	6	0	1	1
57	7	0	2	2
57	8	1	1	1
57	9	1	1	2
57	10	0	1	1
57	11	0	1	-1
57	12	0	0	-2
57	13	-2	0	0
57	14	2	1	4
57	15	-1	1	0
57	16	0	1	2
57	17	0	3	3
57	18	0	1	0
57	19	2	2	1
57	20	1	1	0
57	21	1	1	2
57	22	0	3	1
57	23	0	1	-2
57	24	2	3	3
57	25	0	2	2
57	26	0	2	0
57	27	0	2	2
57	28	2	3	5
57	29	0	1	-2
57	30	0	2	0
57	31	2	2	4
57	32	0	1	-1
57	33	3	4	6
57	34	0	0	0
57	35	0	1	-1
57	36	0	1	1
57	37	3	2	0
57	38	4	4	6
57	39	1	2	0
57	40	0	2	1
57	41	-1	0	-2
57	42	3	1	2
57	43	-3	0	-4
57	44	0	2	3
57	45	2	3	1
57	46	0	2	0
57	47	0	1	1
57	48	0	2	0
57	49	0	4	0
57	50	-1	1	1
57	51	-2	1	0
57	52	0	1	2
57	53	-1	1	0
57	54	1	2	3
57	55	0	2	1
57	56	0	1	0
57	57	1	1	4
57	58	1	2	3
57	59	-2	1	-1
57	60	1	1	1
57	61	-1	2	-1
57	62	0	2	1
57	63	0	2	1
57	64	0	2	0
57	65	1	1	1
57	66	0	2	1
57	67	2	3	2
57	68	0	2	4
57	69	0	1	-1
57	70	0	1	1
57	71	-1	0	-1
57	72	1	2	3
57	73	-1	1	2
57	74	1	3	2
57	75	0	2	0
58	1	2	2	4
58	2	2	3	6
58	3	2	2	2
58	4	0	2	0
58	5	1	3	2
58	6	3	3	6
58	7	2	3	1
58	8	2	2	4
58	9	4	4	6
58	10	2	3	3
58	11	3	4	5
58	12	3	2	3
58	13	3	3	1
58	14	1	2	1
58	15	2	3	4
58	16	2	2	1
58	17	2	4	4
58	18	5	4	5
58	19	3	2	5
58	20	4	5	7
58	21	-1	1	2
58	22	2	3	4
58	23	5	3	3
58	24	4	4	5
58	25	3	4	3
58	26	5	4	7
58	27	7	4	6
58	28	2	1	0
58	29	2	2	4
58	30	0	1	0
58	31	2	2	0
58	32	4	3	2
58	33	3	4	4
58	34	0	2	1
58	35	2	3	4
58	36	-1	2	2
58	37	2	3	6
58	38	1	3	1
58	39	2	4	2
58	40	0	3	1
58	41	0	3	3
58	42	4	2	4
58	43	1	2	5
58	44	2	3	2
58	45	1	2	2
58	46	3	2	4
58	47	1	3	4
58	48	1	3	2
58	49	4	3	3
58	50	1	3	0
58	51	5	4	2
58	52	6	4	5
58	53	1	4	5
58	54	3	3	4
58	55	3	4	5
58	56	3	3	4
58	57	2	3	4
58	58	2	3	4
58	59	0	1	0
58	60	4	3	1
58	61	1	3	4
58	62	3	1	1
58	63	2	3	6
58	64	3	3	4
58	65	4	5	7
58	66	-1	1	0
58	67	4	4	3
58	68	1	3	1
58	69	2	3	4
58	70	2	3	0
58	71	4	3	3
58	72	4	4	5
58	73	3	5	6
58	74	0	2	4
58	75	4	6	5
59	1	2	2	1
59	2	1	2	3
59	3	2	3	2
59	4	1	2	1
59	5	2	1	2
59	6	0	0	0
59	7	3	2	5
59	8	3	2	3
59	9	3	2	1
59	10	3	3	1
59	11	0	2	-1
59	12	5	3	5
59	13	2	2	2
59	14	1	1	3
59	15	2	3	0
59	16	1	2	1
59	17	2	1	1
59	18	1	4	5
59	19	3	4	1
59	20	2	4	3
59	21	1	2	1
59	22	2	1	-1
59	23	6	2	2
59	24	0	2	1
59	25	1	2	2
59	26	4	2	3
59	27	1	1	-2
59	28	0	2	0
59	29	2	2	2
59	30	4	4	7
59	31	1	2	1
59	32	2	1	2
59	33	2	2	0
59	34	2	4	3
59	35	2	2	-1
59	36	1	1	0
59	37	1	1	0
59	38	1	1	3
59	39	1	2	0
59	40	3	2	2
59	41	3	3	3
59	42	4	4	3
59	43	1	1	0
59	44	4	3	4
59	45	-2	0	-2
59	46	5	3	3
59	47	2	2	2
59	48	2	2	1
59	49	2	2	1
59	50	1	2	0
59	51	2	2	0
59	52	5	2	1
59	53	0	1	-1
59	54	3	2	0
59	55	2	1	1
59	56	1	2	0
59	57	0	0	0
59	58	3	3	3
59	59	0	0	-2
59	60	1	0	-1
59	61	0	0	0
59	62	5	4	4
59	63	2	3	1
59	64	4	3	4
59	65	2	1	-1
59	66	3	2	4
59	67	5	3	1
59	68	4	1	3
59	69	5	3	3
59	70	0	1	0
59	71	3	1	3
59	72	4	3	2
59	73	2	3	2
59	74	1	3	1
59	75	5	2	2
60	1	2	0	2
60	2	1	1	4
60	3	3	2	5
60	4	0	0	0
60	5	0	0	6
60	6	3	2	6
60	7	1	1	3
60	8	3	2	3
60	9	0	0	4
60	10	2	1	6
60	11	1	2	3
60	12	1	1	2
60	13	1	0	3
60	14	0	0	5
60	15	0	1	4
60	16	0	0	2
60	17	2	2	7
60	18	2	0	3
60	19	3	1	6
60	20	0	1	4
60	21	2	1	5
60	22	0	1	6
60	23	0	1	7
60	24	1	1	3
60	25	0	0	1
60	26	0	0	2
60	27	0	0	3
60	28	0	0	4
60	29	5	1	7
60	30	0	0	3
60	31	-1	0	0
60	32	0	0	1
60	33	0	1	3
60	34	3	1	6
60	35	1	2	4
60	36	3	2	9
60	37	0	1	3
60	38	0	0	0
60	39	1	1	7
60	40	0	0	4
60	41	3	1	3
60	42	1	1	5
60	43	1	1	5
60	44	1	0	3
60	45	4	1	9
60	46	5	2	8
60	47	2	0	1
60	48	1	1	4
60	49	3	1	8
60	50	2	1	6
60	51	0	1	3
60	52	3	1	6
60	53	0	1	3
60	54	2	0	5
60	55	2	1	4
60	56	0	0	0
60	57	0	2	4
60	58	0	0	0
60	59	-2	0	1
60	60	0	0	5
60	61	3	1	6
60	62	4	1	7
60	63	1	0	4
60	64	0	0	2
60	65	0	0	3
60	66	1	0	4
60	67	3	1	6
60	68	2	2	7
60	69	1	1	6
60	70	1	0	6
60	71	3	2	8
60	72	-1	0	0
60	73	2	1	6
60	74	2	0	4
60	75	2	1	0
61	1	3	3	4
61	2	3	0	2
61	3	3	2	3
61	4	1	1	2
61	5	2	1	2
61	6	1	0	0
61	7	3	1	2
61	8	3	1	2
61	9	2	1	2
61	10	0	2	1
61	11	0	1	2
61	12	3	0	2
61	13	5	1	5
61	14	4	2	5
61	15	2	3	3
61	16	6	4	5
61	17	3	2	6
61	18	5	3	4
61	19	1	2	2
61	20	4	2	4
61	21	2	0	2
61	22	1	1	6
61	23	3	2	2
61	24	2	2	4
61	25	1	3	3
61	26	4	2	6
61	27	2	2	3
61	28	2	1	1
61	29	1	1	3
61	30	2	1	0
61	31	4	3	4
61	32	3	2	2
61	33	1	2	2
61	34	5	1	7
61	35	0	1	0
61	36	4	2	5
61	37	6	3	4
61	38	4	2	2
61	39	6	2	4
61	40	3	2	2
61	41	0	2	2
61	42	4	2	3
61	43	1	1	2
61	44	4	2	6
61	45	0	2	1
61	46	4	3	3
61	47	3	0	5
61	48	0	0	0
61	49	4	1	2
61	50	0	1	0
61	51	4	2	4
61	52	0	1	0
61	53	3	2	2
61	54	1	1	2
61	55	3	2	2
61	56	2	2	2
61	57	4	3	7
61	58	3	2	3
61	59	5	2	1
61	60	5	2	4
61	61	1	1	2
61	62	5	2	6
61	63	5	1	4
61	64	4	3	4
61	65	0	1	0
61	66	1	1	0
61	67	1	1	0
61	68	4	2	6
61	69	3	2	6
61	70	1	1	4
61	71	3	0	2
61	72	0	1	0
61	73	3	2	4
61	74	5	3	6
61	75	0	2	1
62	1	-3	0	0
62	2	3	3	3
62	3	2	2	5
62	4	0	2	2
62	5	2	1	1
62	6	-2	1	0
62	7	0	1	4
62	8	0	0	2
62	9	1	2	5
62	10	1	1	2
62	11	-3	-1	-3
62	12	1	1	4
62	13	-1	1	1
62	14	0	1	7
62	15	-2	0	-2
62	16	0	0	1
62	17	1	0	3
62	18	0	1	2
62	19	-2	0	-1
62	20	-1	0	0
62	21	-1	0	2
62	22	0	2	4
62	23	1	2	1
62	24	4	3	4
62	25	1	2	2
62	26	0	0	0
62	27	3	2	4
62	28	0	0	2
62	29	1	1	7
62	30	2	1	2
62	31	1	0	3
62	32	0	1	5
62	33	0	2	2
62	34	0	0	1
62	35	0	1	2
62	36	0	1	2
62	37	2	3	2
62	38	3	1	5
62	39	2	0	3
62	40	0	1	0
62	41	0	2	3
62	42	-2	0	0
62	43	-1	1	1
62	44	2	2	6
62	45	0	0	2
62	46	-1	1	0
62	47	0	0	1
62	48	0	0	2
62	49	0	0	-1
62	50	1	1	5
62	51	0	0	0
62	52	2	1	4
62	53	0	1	0
62	54	1	2	3
62	55	-2	0	0
62	56	0	2	2
62	57	1	2	5
62	58	0	2	0
62	59	0	1	3
62	60	-1	0	1
62	61	0	1	0
62	62	2	0	1
62	63	0	0	2
62	64	1	2	3
62	65	2	2	3
62	66	3	1	4
62	67	1	2	4
62	68	0	0	0
62	69	0	1	2
62	70	0	1	1
62	71	0	2	3
62	72	0	1	4
62	73	-2	0	-1
62	74	4	3	5
62	75	0	0	0
63	1	-2	0	-3
63	2	0	1	0
63	3	1	0	2
63	4	1	1	2
63	5	1	2	1
63	6	1	1	0
63	7	0	3	3
63	8	3	2	7
63	9	-2	1	2
63	10	3	1	2
63	11	0	2	2
63	12	0	1	2
63	13	1	3	4
63	14	1	3	4
63	15	2	3	5
63	16	0	1	4
63	17	3	3	5
63	18	0	3	0
63	19	0	1	1
63	20	0	2	3
63	21	0	2	2
63	22	0	2	4
63	23	2	2	1
63	24	1	3	4
63	25	-1	2	0
63	26	1	2	3
63	27	2	1	6
63	28	2	3	4
63	29	2	2	4
63	30	0	3	4
63	31	3	2	3
63	32	0	3	2
63	33	1	3	4
63	34	0	2	1
63	35	2	2	2
63	36	0	1	3
63	37	0	2	2
63	38	0	2	1
63	39	-1	1	-1
63	40	1	2	1
63	41	0	2	4
63	42	1	0	0
63	43	3	4	4
63	44	-1	2	3
63	45	2	2	3
63	46	0	3	2
63	47	2	3	4
63	48	1	2	3
63	49	-1	3	1
63	50	2	1	4
63	51	0	1	4
63	52	0	2	5
63	53	1	2	3
63	54	2	2	4
63	55	0	2	1
63	56	0	2	0
63	57	1	4	3
63	58	0	1	3
63	59	0	0	1
63	60	0	1	0
63	61	2	2	1
63	62	1	1	3
63	63	0	0	2
63	64	-2	1	0
63	65	0	0	2
63	66	0	0	1
63	67	1	3	6
63	68	0	0	0
63	69	-2	0	0
63	70	1	2	1
63	71	2	1	6
63	72	2	1	3
63	73	1	2	3
63	74	0	1	3
63	75	-2	2	0
64	1	3	1	3
64	2	1	1	0
64	3	2	2	1
64	4	4	3	3
64	5	2	3	2
64	6	1	1	1
64	7	0	1	0
64	8	2	2	0
64	9	0	2	-2
64	10	3	2	1
64	11	3	4	2
64	12	7	2	3
64	13	0	2	2
64	14	3	3	2
64	15	4	3	2
64	16	4	1	0
64	17	1	3	0
64	18	3	2	3
64	19	2	2	2
64	20	4	4	1
64	21	1	1	1
64	22	4	2	2
64	23	3	2	2
64	24	2	3	2
64	25	2	2	0
64	26	3	2	1
64	27	4	2	1
64	28	4	3	4
64	29	1	1	0
64	30	2	2	0
64	31	1	2	1
64	32	4	3	6
64	33	5	4	7
64	34	1	2	4
64	35	3	2	1
64	36	3	2	4
64	37	2	3	1
64	38	2	1	2
64	39	3	3	4
64	40	2	2	1
64	41	1	2	0
64	42	4	2	3
64	43	1	2	0
64	44	5	4	6
64	45	3	2	1
64	46	4	2	4
64	47	3	3	2
64	48	3	4	2
64	49	5	3	2
64	50	3	1	0
64	51	3	1	2
64	52	2	3	1
64	53	4	2	3
64	54	0	1	1
64	55	3	3	2
64	56	2	3	0
64	57	6	3	4
64	58	2	3	4
64	59	0	1	0
64	60	2	3	3
64	61	2	2	0
64	62	4	4	2
64	63	1	1	0
64	64	0	0	0
64	65	3	3	2
64	66	4	3	4
64	67	2	2	3
64	68	3	4	6
64	69	4	3	3
64	70	1	3	1
64	71	4	2	3
64	72	3	2	0
64	73	5	3	6
64	74	4	4	3
64	75	1	3	2
65	1	0	4	3
65	2	1	2	0
65	3	3	4	2
65	4	-4	2	-3
65	5	0	3	-1
65	6	0	3	3
65	7	1	3	1
65	8	-3	0	-3
65	9	0	3	2
65	10	4	4	5
65	11	0	3	0
65	12	0	3	4
65	13	0	1	1
65	14	0	3	1
65	15	0	2	0
65	16	0	3	1
65	17	0	3	2
65	18	-4	1	-3
65	19	0	3	1
65	20	1	2	2
65	21	2	3	4
65	22	2	4	6
65	23	2	3	0
65	24	0	4	3
65	25	-1	2	0
65	26	0	3	2
65	27	-1	3	-2
65	28	3	4	6
65	29	-1	3	0
65	30	0	4	4
65	31	1	4	1
65	32	0	1	0
65	33	1	3	0
65	34	-1	2	0
65	35	0	4	0
65	36	0	3	0
65	37	0	4	0
65	38	2	3	2
65	39	-1	3	3
65	40	2	3	1
65	41	-1	1	0
65	42	0	3	3
65	43	1	5	0
65	44	2	4	0
65	45	-1	2	1
65	46	-2	4	0
65	47	3	5	5
65	48	-2	3	-1
65	49	-2	4	2
65	50	0	3	2
65	51	0	3	0
65	52	-1	3	1
65	53	-1	3	-2
65	54	-1	3	-1
65	55	-1	3	0
65	56	3	3	3
65	57	0	2	2
65	58	5	5	5
65	59	0	3	0
65	60	3	3	2
65	61	0	3	0
65	62	0	3	1
65	63	1	3	3
65	64	1	3	4
65	65	-1	3	2
65	66	2	4	6
65	67	1	4	4
65	68	0	2	2
65	69	0	5	0
65	70	-2	2	-1
65	71	-1	3	0
65	72	0	3	1
65	73	0	5	3
65	74	3	5	6
65	75	0	4	0
66	1	0	3	2
66	2	4	7	5
66	3	0	3	0
66	4	2	4	3
66	5	2	2	4
66	6	2	2	3
66	7	0	3	1
66	8	2	4	2
66	9	7	5	7
66	10	2	4	3
66	11	2	3	3
66	12	3	5	4
66	13	-1	2	0
66	14	3	5	4
66	15	5	4	4
66	16	2	4	2
66	17	4	4	0
66	18	1	3	4
66	19	2	5	7
66	20	0	4	1
66	21	2	4	4
66	22	2	5	6
66	23	6	5	5
66	24	1	3	2
66	25	0	3	-1
66	26	3	3	4
66	27	2	4	3
66	28	3	5	6
66	29	0	2	2
66	30	0	5	2
66	31	4	5	8
66	32	1	4	4
66	33	4	5	4
66	34	2	5	5
66	35	0	3	2
66	36	4	5	5
66	37	2	3	0
66	38	0	4	4
66	39	4	5	6
66	40	0	2	0
66	41	2	4	5
66	42	1	2	3
66	43	2	4	5
66	44	2	5	4
66	45	2	3	2
66	46	1	4	1
66	47	3	4	5
66	48	3	4	4
66	49	0	4	0
66	50	1	3	1
66	51	1	2	1
66	52	2	4	1
66	53	3	4	5
66	54	6	5	6
66	55	3	4	2
66	56	2	4	2
66	57	1	4	3
66	58	2	3	0
66	59	2	4	1
66	60	0	4	0
66	61	2	5	3
66	62	-3	2	-2
66	63	0	3	1
66	64	4	4	5
66	65	2	4	2
66	66	2	3	4
66	67	1	4	2
66	68	4	6	4
66	69	2	4	1
66	70	3	5	4
66	71	1	4	1
66	72	4	5	3
66	73	0	5	1
66	74	4	5	6
66	75	2	5	2
67	1	6	4	9
67	2	2	3	2
67	3	3	3	5
67	4	2	2	0
67	5	4	3	4
67	6	1	2	4
67	7	5	2	3
67	8	4	3	4
67	9	1	1	3
67	10	3	4	5
67	11	2	2	1
67	12	3	3	5
67	13	4	3	6
67	14	1	1	3
67	15	3	2	1
67	16	2	3	3
67	17	0	0	0
67	18	2	2	4
67	19	5	3	6
67	20	1	2	2
67	21	1	4	2
67	22	3	2	4
67	23	2	2	2
67	24	1	3	5
67	25	5	2	1
67	26	2	3	4
67	27	5	4	6
67	28	4	2	2
67	29	2	2	0
67	30	-1	1	1
67	31	2	2	5
67	32	0	1	2
67	33	3	4	6
67	34	2	3	3
67	35	2	2	4
67	36	0	2	0
67	37	2	2	3
67	38	2	3	1
67	39	0	1	3
67	40	1	1	3
67	41	0	2	3
67	42	1	2	7
67	43	3	3	4
67	44	3	3	2
67	45	3	3	6
67	46	3	3	2
67	47	5	2	4
67	48	2	3	4
67	49	4	4	6
67	50	1	1	1
67	51	1	2	2
67	52	4	3	6
67	53	4	4	6
67	54	3	2	5
67	55	2	2	3
67	56	4	4	6
67	57	4	1	5
67	58	3	2	3
67	59	2	3	3
67	60	5	2	6
67	61	0	3	3
67	62	3	2	0
67	63	3	4	3
67	64	0	1	0
67	65	5	2	5
67	66	1	2	2
67	67	3	1	3
67	68	2	3	5
67	69	6	5	7
67	70	2	3	4
67	71	1	2	2
67	72	2	3	3
67	73	4	2	6
67	74	3	2	3
67	75	4	4	4
68	1	4	0	6
68	2	-1	0	-1
68	3	4	0	3
68	4	2	1	1
68	5	0	0	1
68	6	4	2	5
68	7	1	0	1
68	8	4	1	3
68	9	0	-1	0
68	10	2	0	4
68	11	0	1	1
68	12	3	0	1
68	13	3	2	2
68	14	0	0	-1
68	15	5	1	7
68	16	5	1	7
68	17	0	1	1
68	18	0	1	4
68	19	3	2	6
68	20	-1	0	0
68	21	0	0	1
68	22	2	3	7
68	23	0	0	1
68	24	3	1	2
68	25	1	2	2
68	26	1	0	1
68	27	1	0	4
68	28	2	0	0
68	29	1	0	2
68	30	2	0	1
68	31	0	-1	0
68	32	1	2	4
68	33	3	1	3
68	34	3	1	2
68	35	0	1	1
68	36	1	0	2
68	37	0	0	1
68	38	0	0	0
68	39	3	1	4
68	40	-1	-1	-3
68	41	1	0	2
68	42	1	1	1
68	43	-1	0	0
68	44	1	0	0
68	45	1	0	3
68	46	1	1	4
68	47	2	3	6
68	48	2	2	6
68	49	2	1	4
68	50	3	2	6
68	51	3	3	2
68	52	0	0	3
68	53	0	1	3
68	54	0	0	1
68	55	0	0	1
68	56	0	0	1
68	57	0	1	0
68	58	3	1	6
68	59	4	2	3
68	60	1	0	4
68	61	0	1	2
68	62	3	0	5
68	63	3	0	4
68	64	1	0	1
68	65	0	0	-1
68	66	-1	0	1
68	67	1	0	4
68	68	0	1	3
68	69	3	3	6
68	70	2	2	4
68	71	2	2	1
68	72	2	1	5
68	73	0	0	3
68	74	0	0	2
68	75	1	0	0
69	1	0	3	3
69	2	0	2	1
69	3	2	1	2
69	4	4	3	4
69	5	1	1	4
69	6	5	4	5
69	7	4	4	10
69	8	2	4	2
69	9	3	1	4
69	10	5	3	6
69	11	4	1	4
69	12	3	2	3
69	13	1	0	2
69	14	4	2	4
69	15	3	1	5
69	16	5	3	6
69	17	4	2	5
69	18	5	4	8
69	19	4	2	6
69	20	5	2	6
69	21	4	2	5
69	22	4	3	8
69	23	2	2	4
69	24	2	1	4
69	25	2	2	4
69	26	0	1	2
69	27	1	1	3
69	28	1	1	4
69	29	-1	1	3
69	30	5	4	4
69	31	5	3	5
69	32	2	2	4
69	33	3	3	5
69	34	1	1	2
69	35	5	2	7
69	36	2	3	4
69	37	6	5	7
69	38	4	3	4
69	39	8	3	9
69	40	4	3	6
69	41	5	1	4
69	42	5	3	6
69	43	5	3	5
69	44	3	1	5
69	45	4	3	6
69	46	4	3	6
69	47	5	4	4
69	48	3	2	3
69	49	4	3	4
69	50	2	4	6
69	51	4	3	7
69	52	4	2	5
69	53	2	1	4
69	54	4	4	6
69	55	4	3	6
69	56	5	3	6
69	57	1	0	1
69	58	3	1	2
69	59	4	3	5
69	60	3	2	1
69	61	6	4	12
69	62	4	2	0
69	63	2	2	2
69	64	0	2	1
69	65	7	3	8
69	66	6	3	3
69	67	2	3	3
69	68	4	2	3
69	69	1	2	3
69	70	2	2	1
69	71	0	1	4
69	72	2	2	2
69	73	6	5	5
69	74	5	3	6
69	75	3	2	4
70	1	4	4	5
70	2	5	6	7
70	3	4	3	4
70	4	4	5	5
70	5	4	3	3
70	6	5	5	6
70	7	6	6	8
70	8	3	3	4
70	9	3	4	5
70	10	1	2	3
70	11	6	4	7
70	12	5	4	8
70	13	5	3	7
70	14	5	4	9
70	15	5	5	5
70	16	5	4	6
70	17	4	2	3
70	18	4	3	1
70	19	8	6	10
70	20	4	4	5
70	21	5	6	5
70	22	5	4	6
70	23	5	3	5
70	24	5	4	8
70	25	7	4	8
70	26	2	2	4
70	27	3	3	0
70	28	3	4	5
70	29	5	4	5
70	30	2	2	0
70	31	4	4	3
70	32	4	4	4
70	33	5	3	4
70	34	2	2	3
70	35	5	4	8
70	36	4	4	5
70	37	4	4	5
70	38	7	5	9
70	39	3	3	3
70	40	1	2	4
70	41	5	4	3
70	42	3	5	3
70	43	4	4	3
70	44	2	5	5
70	45	1	3	5
70	46	3	4	6
70	47	5	6	6
70	48	4	3	6
70	49	6	6	5
70	50	6	4	7
70	51	6	6	8
70	52	6	3	6
70	53	5	4	5
70	54	4	3	3
70	55	4	4	3
70	56	2	4	4
70	57	6	4	6
70	58	2	3	2
70	59	6	5	5
70	60	3	4	3
70	61	3	2	2
70	62	7	4	9
70	63	5	3	3
70	64	4	5	4
70	65	4	3	5
70	66	6	5	8
70	67	6	5	9
70	68	5	5	5
70	69	7	5	7
70	70	1	2	0
70	71	4	4	7
70	72	6	4	9
70	73	6	3	6
70	74	5	5	6
70	75	4	4	5
71	1	0	3	3
71	2	1	4	6
71	3	0	1	4
71	4	2	4	8
71	5	2	3	3
71	6	1	1	3
71	7	4	3	7
71	8	0	3	4
71	9	3	4	6
71	10	-2	2	2
71	11	2	2	3
71	12	1	2	2
71	13	4	3	7
71	14	2	4	5
71	15	3	3	4
71	16	2	1	2
71	17	0	4	4
71	18	2	3	5
71	19	0	1	0
71	20	1	3	6
71	21	3	4	6
71	22	2	2	2
71	23	6	4	11
71	24	2	3	4
71	25	2	2	4
71	26	2	3	6
71	27	1	3	3
71	28	0	2	4
71	29	-2	0	-2
71	30	1	1	2
71	31	0	2	4
71	32	2	3	4
71	33	1	2	5
71	34	1	4	4
71	35	2	4	6
71	36	0	1	4
71	37	0	1	2
71	38	0	2	3
71	39	0	2	3
71	40	-2	3	2
71	41	-1	0	0
71	42	3	3	5
71	43	1	3	5
71	44	0	1	0
71	45	1	2	2
71	46	1	3	1
71	47	1	2	2
71	48	2	2	4
71	49	2	2	2
71	50	1	1	0
71	51	-1	0	1
71	52	1	2	5
71	53	0	3	1
71	54	-1	2	0
71	55	3	3	5
71	56	1	3	3
71	57	0	3	4
71	58	0	2	2
71	59	3	2	4
71	60	1	2	2
71	61	0	4	2
71	62	2	3	4
71	63	0	3	1
71	64	2	3	5
71	65	0	1	0
71	66	0	1	0
71	67	1	3	4
71	68	3	3	5
71	69	1	3	1
71	70	-1	1	3
71	71	4	4	7
71	72	0	2	2
71	73	-2	2	1
71	74	1	2	1
71	75	0	2	6
72	1	-1	0	-3
72	2	0	2	-1
72	3	1	2	-2
72	4	-1	1	1
72	5	1	2	2
72	6	0	2	1
72	7	2	2	1
72	8	-1	1	-1
72	9	1	2	0
72	10	-2	1	-1
72	11	-1	2	0
72	12	1	2	1
72	13	2	1	2
72	14	-1	1	0
72	15	0	1	0
72	16	-2	0	-4
72	17	0	0	-2
72	18	0	2	0
72	19	-2	0	-1
72	20	0	1	0
72	21	-2	0	-3
72	22	-2	0	-2
72	23	1	2	-1
72	24	0	1	0
72	25	0	1	-3
72	26	2	1	0
72	27	-1	1	0
72	28	0	2	1
72	29	0	1	0
72	30	0	1	0
72	31	-1	2	1
72	32	0	1	0
72	33	-1	2	1
72	34	-2	1	-3
72	35	-4	0	-2
72	36	0	1	-1
72	37	0	3	0
72	38	-3	0	-4
72	39	-3	0	-5
72	40	-1	1	-2
72	41	0	0	-2
72	42	0	2	0
72	43	-1	1	0
72	44	-1	2	-2
72	45	0	1	0
72	46	0	1	0
72	47	1	0	1
72	48	-3	0	-1
72	49	-2	1	-3
72	50	1	2	1
72	51	-4	0	-5
72	52	-4	0	-6
72	53	0	0	0
72	54	0	0	-1
72	55	-3	0	0
72	56	1	1	1
72	57	0	3	2
72	58	1	0	-1
72	59	0	1	0
72	60	-2	0	-1
72	61	0	1	-1
72	62	-3	0	-4
72	63	-3	0	-1
72	64	0	1	-1
72	65	-1	0	0
72	66	0	0	-2
72	67	1	1	0
72	68	1	1	0
72	69	-2	0	-3
72	70	1	1	-1
72	71	-1	0	-4
72	72	0	0	-2
72	73	-1	1	-2
72	74	-2	0	0
72	75	1	2	0
73	1	4	4	7
73	2	3	5	4
73	3	5	5	8
73	4	3	4	5
73	5	4	4	5
73	6	6	5	5
73	7	1	4	4
73	8	2	5	5
73	9	6	6	6
73	10	3	4	4
73	11	4	5	4
73	12	2	4	5
73	13	2	2	1
73	14	5	5	7
73	15	3	5	4
73	16	1	4	4
73	17	6	5	8
73	18	0	3	-1
73	19	3	3	1
73	20	3	3	3
73	21	3	4	2
73	22	2	4	4
73	23	5	5	10
73	24	0	2	0
73	25	3	5	5
73	26	1	3	5
73	27	5	3	7
73	28	2	2	4
73	29	4	5	4
73	30	2	3	2
73	31	3	3	1
73	32	3	4	4
73	33	1	2	2
73	34	2	5	3
73	35	4	4	4
73	36	3	4	4
73	37	3	4	4
73	38	4	4	6
73	39	0	3	0
73	40	2	4	6
73	41	5	5	5
73	42	4	4	5
73	43	2	3	4
73	44	1	4	5
73	45	1	4	2
73	46	0	3	1
73	47	3	5	3
73	48	3	3	5
73	49	1	3	1
73	50	4	4	4
73	51	2	5	5
73	52	0	3	-1
73	53	6	5	7
73	54	5	4	5
73	55	1	3	1
73	56	3	3	2
73	57	4	4	4
73	58	3	3	2
73	59	0	2	2
73	60	3	4	2
73	61	7	5	9
73	62	4	4	7
73	63	4	4	5
73	64	1	2	6
73	65	2	3	4
73	66	2	2	3
73	67	2	4	4
73	68	1	3	6
73	69	6	4	7
73	70	3	3	4
73	71	3	4	5
73	72	2	2	4
73	73	5	3	3
73	74	2	3	5
73	75	3	2	1
74	1	1	0	1
74	2	2	0	-1
74	3	0	0	0
74	4	3	0	3
74	5	3	0	4
74	6	3	0	5
74	7	3	0	1
74	8	2	0	3
74	9	0	0	2
74	10	5	0	4
74	11	6	0	4
74	12	0	-1	0
74	13	5	1	4
74	14	2	0	0
74	15	3	0	1
74	16	1	0	1
74	17	4	-1	1
74	18	6	1	7
74	19	1	0	2
74	20	0	0	-2
74	21	4	1	4
74	22	3	0	0
74	23	1	0	-1
74	24	0	0	1
74	25	1	0	0
74	26	1	0	0
74	27	3	0	4
74	28	2	0	3
74	29	5	0	3
74	30	3	0	1
74	31	1	-1	0
74	32	3	0	3
74	33	0	0	0
74	34	1	0	-1
74	35	1	0	2
74	36	2	0	2
74	37	4	0	4
74	38	1	0	4
74	39	2	0	4
74	40	1	0	2
74	41	0	0	1
74	42	1	1	1
74	43	1	0	1
74	44	4	2	2
74	45	6	1	7
74	46	4	0	0
74	47	3	0	2
74	48	3	0	4
74	49	3	1	4
74	50	0	-1	1
74	51	1	0	0
74	52	3	0	3
74	53	2	0	4
74	54	0	0	-2
74	55	0	-1	1
74	56	0	0	1
74	57	4	1	5
74	58	5	1	6
74	59	3	1	2
74	60	1	0	0
74	61	3	0	1
74	62	1	0	4
74	63	2	2	3
74	64	4	0	3
74	65	4	1	4
74	66	2	1	2
74	67	1	0	2
74	68	2	1	4
74	69	5	2	4
74	70	3	2	3
74	71	4	1	3
74	72	1	1	1
74	73	0	0	0
74	74	4	0	4
74	75	0	-1	-1
75	1	3	3	4
75	2	1	3	1
75	3	1	3	6
75	4	0	2	4
75	5	-3	0	-1
75	6	0	1	3
75	7	2	2	4
75	8	0	1	1
75	9	2	3	3
75	10	-1	1	-1
75	11	1	2	2
75	12	-1	1	1
75	13	0	1	2
75	14	1	3	2
75	15	3	4	5
75	16	1	1	2
75	17	0	2	4
75	18	4	3	3
75	19	0	1	0
75	20	2	2	0
75	21	1	2	0
75	22	0	3	5
75	23	-2	1	0
75	24	1	3	1
75	25	3	3	2
75	26	1	2	4
75	27	0	2	1
75	28	-2	0	-1
75	29	3	3	6
75	30	0	2	2
75	31	0	5	2
75	32	0	0	0
75	33	-2	2	3
75	34	1	3	5
75	35	1	2	2
75	36	2	2	1
75	37	2	2	4
75	38	0	0	-2
75	39	0	1	4
75	40	1	3	3
75	41	4	4	5
75	42	0	1	1
75	43	2	3	3
75	44	1	3	2
75	45	3	5	10
75	46	1	4	4
75	47	0	1	-2
75	48	0	2	2
75	49	0	3	3
75	50	1	3	3
75	51	-1	1	0
75	52	1	2	2
75	53	0	3	1
75	54	1	1	3
75	55	1	2	3
75	56	-1	1	1
75	57	0	2	2
75	58	1	3	4
75	59	0	2	3
75	60	-1	1	0
75	61	2	2	1
75	62	0	2	0
75	63	0	2	1
75	64	0	3	2
75	65	2	2	3
75	66	2	3	3
75	67	0	1	0
75	68	0	2	2
75	69	0	2	1
75	70	1	3	2
75	71	3	4	6
75	72	0	2	2
75	73	0	2	0
75	74	2	2	1
75	75	0	2	0
76	1	4	4	6
76	2	0	3	0
76	3	1	1	3
76	4	3	3	5
76	5	2	1	3
76	6	2	2	5
76	7	2	3	3
76	8	5	4	7
76	9	0	2	3
76	10	3	3	4
76	11	2	3	3
76	12	2	1	1
76	13	1	2	0
76	14	2	1	4
76	15	1	4	2
76	16	3	3	4
76	17	3	1	2
76	18	6	5	5
76	19	2	3	3
76	20	0	2	0
76	21	3	3	1
76	22	2	3	4
76	23	5	5	7
76	24	0	3	2
76	25	4	5	5
76	26	4	3	5
76	27	2	3	5
76	28	0	2	2
76	29	1	4	5
76	30	0	0	3
76	31	1	2	1
76	32	2	1	5
76	33	1	2	3
76	34	5	3	5
76	35	2	3	2
76	36	2	1	5
76	37	1	4	2
76	38	4	3	8
76	39	4	5	7
76	40	1	2	3
76	41	3	2	5
76	42	2	2	0
76	43	1	3	3
76	44	0	2	3
76	45	0	2	2
76	46	3	3	5
76	47	1	2	2
76	48	1	2	3
76	49	3	4	6
76	50	6	3	6
76	51	-1	1	1
76	52	2	3	4
76	53	1	4	4
76	54	3	2	7
76	55	1	3	3
76	56	2	4	4
76	57	4	3	7
76	58	2	3	3
76	59	6	4	7
76	60	0	1	0
76	61	6	4	6
76	62	0	1	-1
76	63	3	4	5
76	64	5	4	5
76	65	1	3	4
76	66	2	3	3
76	67	2	3	5
76	68	0	3	2
76	69	2	3	5
76	70	2	3	4
76	71	2	3	3
76	72	0	2	2
76	73	3	3	4
76	74	2	3	3
76	75	5	3	6
77	1	0	1	0
77	2	2	1	1
77	3	0	0	1
77	4	1	1	-3
77	5	0	0	0
77	6	2	2	3
77	7	-4	0	-3
77	8	3	3	4
77	9	0	2	0
77	10	2	3	1
77	11	3	1	3
77	12	2	1	2
77	13	2	2	2
77	14	-1	0	0
77	15	-1	2	0
77	16	2	3	3
77	17	2	2	3
77	18	1	2	2
77	19	0	2	0
77	20	1	1	0
77	21	-1	1	-3
77	22	-1	1	-2
77	23	1	2	0
77	24	0	1	-1
77	25	0	2	-1
77	26	1	2	4
77	27	1	1	3
77	28	0	1	-1
77	29	0	1	0
77	30	0	1	0
77	31	4	2	3
77	32	2	2	1
77	33	0	2	2
77	34	0	1	0
77	35	0	3	1
77	36	-3	0	-2
77	37	3	3	5
77	38	1	1	2
77	39	1	3	5
77	40	1	1	0
77	41	6	3	7
77	42	-1	2	0
77	43	3	2	3
77	44	1	4	1
77	45	5	2	4
77	46	0	1	0
77	47	4	2	4
77	48	1	0	1
77	49	0	3	1
77	50	0	2	0
77	51	0	0	0
77	52	1	2	-2
77	53	0	0	0
77	54	2	0	1
77	55	3	2	7
77	56	3	3	1
77	57	-1	0	-3
77	58	1	2	5
77	59	2	3	4
77	60	2	3	4
77	61	3	3	4
77	62	2	2	3
77	63	-2	-1	-3
77	64	3	4	4
77	65	2	2	0
77	66	1	1	-1
77	67	1	1	0
77	68	0	2	1
77	69	1	2	0
77	70	1	3	1
77	71	1	0	3
77	72	0	2	0
77	73	-1	1	1
77	74	2	0	0
77	75	1	2	1
78	1	1	1	3
78	2	1	2	3
78	3	-2	0	-3
78	4	-1	2	2
78	5	-3	0	0
78	6	2	3	1
78	7	2	1	2
78	8	0	0	-2
78	9	0	1	2
78	10	3	1	1
78	11	-1	1	1
78	12	-2	0	0
78	13	2	2	1
78	14	4	2	4
78	15	0	0	1
78	16	3	2	5
78	17	2	1	0
78	18	-2	0	-1
78	19	0	1	0
78	20	0	2	1
78	21	0	1	2
78	22	0	1	1
78	23	3	2	1
78	24	0	1	0
78	25	1	2	3
78	26	2	1	2
78	27	1	0	0
78	28	1	1	0
78	29	0	0	1
78	30	0	0	0
78	31	0	2	2
78	32	0	1	-1
78	33	0	0	0
78	34	-2	0	0
78	35	0	0	-2
78	36	1	1	1
78	37	3	2	2
78	38	0	0	3
78	39	0	0	0
78	40	0	0	0
78	41	-1	0	1
78	42	2	2	3
78	43	0	1	0
78	44	0	2	2
78	45	0	1	1
78	46	2	1	2
78	47	-1	0	-1
78	48	0	0	0
78	49	0	0	0
78	50	1	1	0
78	51	0	2	-2
78	52	0	0	0
78	53	2	2	5
78	54	0	0	3
78	55	-1	0	0
78	56	2	2	4
78	57	2	1	2
78	58	1	0	1
78	59	-1	0	0
78	60	1	0	1
78	61	3	1	1
78	62	2	1	2
78	63	-1	0	-2
78	64	3	2	3
78	65	0	2	1
78	66	2	2	4
78	67	1	2	3
78	68	2	2	2
78	69	1	2	5
78	70	2	2	5
78	71	0	2	4
78	72	-1	0	2
78	73	2	2	0
78	74	1	2	2
78	75	0	2	1
79	1	3	1	2
79	2	3	2	2
79	3	-1	1	1
79	4	2	3	5
79	5	0	1	0
79	6	2	2	4
79	7	1	2	1
79	8	3	5	3
79	9	1	4	2
79	10	4	3	6
79	11	1	1	1
79	12	2	3	6
79	13	1	2	2
79	14	4	4	3
79	15	0	2	0
79	16	2	4	3
79	17	1	2	2
79	18	2	1	0
79	19	3	3	4
79	20	-1	1	-1
79	21	3	4	0
79	22	1	2	1
79	23	2	3	5
79	24	3	2	4
79	25	2	2	0
79	26	3	3	5
79	27	5	3	7
79	28	4	2	6
79	29	0	2	3
79	30	6	3	5
79	31	5	3	5
79	32	3	3	4
79	33	0	2	2
79	34	2	2	2
79	35	1	4	3
79	36	0	2	0
79	37	2	1	3
79	38	3	3	4
79	39	3	2	3
79	40	2	3	4
79	41	5	3	5
79	42	1	2	0
79	43	4	3	3
79	44	4	3	5
79	45	0	2	0
79	46	0	0	0
79	47	5	2	4
79	48	1	2	1
79	49	6	4	6
79	50	2	3	2
79	51	1	2	3
79	52	0	1	-1
79	53	1	3	2
79	54	2	2	2
79	55	6	4	9
79	56	0	0	2
79	57	4	2	6
79	58	2	4	4
79	59	1	2	2
79	60	3	2	2
79	61	0	1	1
79	62	3	2	4
79	63	0	3	2
79	64	-1	4	2
79	65	5	1	4
79	66	2	3	0
79	67	2	1	0
79	68	4	3	2
79	69	2	2	4
79	70	0	3	-1
79	71	0	2	0
79	72	5	3	6
79	73	0	3	0
79	74	3	3	4
79	75	1	2	2
80	1	0	0	-2
80	2	0	3	2
80	3	-2	0	-2
80	4	-1	2	1
80	5	1	1	1
80	6	2	3	3
80	7	2	1	1
80	8	0	2	1
80	9	1	3	4
80	10	5	4	4
80	11	2	3	3
80	12	1	4	0
80	13	0	2	-1
80	14	0	2	-1
80	15	0	1	0
80	16	1	2	1
80	17	0	2	0
80	18	0	3	1
80	19	0	1	2
80	20	1	0	1
80	21	0	1	0
80	22	0	1	1
80	23	0	2	1
80	24	1	2	0
80	25	0	1	1
80	26	2	3	5
80	27	5	1	5
80	28	-2	1	0
80	29	3	3	4
80	30	3	2	3
80	31	0	2	2
80	32	0	2	1
80	33	2	2	5
80	34	2	1	1
80	35	0	1	0
80	36	2	3	1
80	37	1	3	4
80	38	0	2	1
80	39	0	1	0
80	40	0	1	-1
80	41	2	3	2
80	42	0	2	1
80	43	1	2	0
80	44	2	2	1
80	45	2	2	-1
80	46	0	1	1
80	47	3	2	1
80	48	-1	1	-1
80	49	2	0	0
80	50	-1	1	0
80	51	0	3	0
80	52	3	2	6
80	53	2	4	5
80	54	2	2	3
80	55	2	2	2
80	56	2	2	3
80	57	1	2	-1
80	58	-1	0	0
80	59	-2	1	-5
80	60	0	3	2
80	61	1	2	1
80	62	0	0	0
80	63	4	3	4
80	64	1	3	0
80	65	1	3	2
80	66	3	4	2
80	67	4	3	4
80	68	1	3	5
80	69	0	4	0
80	70	1	1	1
80	71	1	2	2
80	72	3	1	2
80	73	2	2	2
80	74	4	1	5
80	75	1	1	0
81	1	0	0	1
81	2	1	1	4
81	3	-1	1	-1
81	4	2	2	5
81	5	1	1	2
81	6	-2	0	-1
81	7	0	0	3
81	8	0	1	4
81	9	0	0	3
81	10	0	0	1
81	11	1	1	1
81	12	3	0	6
81	13	0	0	3
81	14	3	2	7
81	15	2	3	6
81	16	0	-1	0
81	17	4	2	3
81	18	1	1	4
81	19	1	2	4
81	20	2	2	4
81	21	1	0	4
81	22	0	0	0
81	23	0	0	1
81	24	3	0	4
81	25	1	0	5
81	26	3	2	8
81	27	3	1	7
81	28	2	1	5
81	29	0	0	2
81	30	2	0	4
81	31	4	3	3
81	32	2	0	3
81	33	1	1	2
81	34	0	0	1
81	35	1	1	4
81	36	0	0	4
81	37	1	0	4
81	38	1	0	2
81	39	1	0	2
81	40	3	0	2
81	41	1	2	1
81	42	4	2	4
81	43	0	0	2
81	44	-1	0	-1
81	45	1	1	3
81	46	3	0	5
81	47	0	1	1
81	48	-1	0	0
81	49	0	1	2
81	50	1	0	2
81	51	4	1	4
81	52	2	2	6
81	53	1	2	3
81	54	0	0	4
81	55	2	1	0
81	56	0	2	5
81	57	2	1	4
81	58	1	0	3
81	59	2	0	6
81	60	1	0	3
81	61	2	1	4
81	62	4	2	4
81	63	1	0	2
81	64	2	2	3
81	65	3	1	4
81	66	2	2	4
81	67	0	1	3
81	68	-1	0	0
81	69	-1	0	-2
81	70	0	0	2
81	71	2	0	2
81	72	1	2	4
81	73	0	0	4
81	74	2	0	0
81	75	2	2	6
82	1	3	2	3
82	2	0	3	2
82	3	2	4	6
82	4	3	4	4
82	5	2	2	2
82	6	2	3	1
82	7	2	3	0
82	8	3	4	2
82	9	4	3	0
82	10	3	3	6
82	11	6	5	8
82	12	3	2	2
82	13	2	3	2
82	14	3	3	5
82	15	1	2	2
82	16	6	4	3
82	17	3	4	7
82	18	1	2	1
82	19	3	4	6
82	20	2	3	4
82	21	2	2	2
82	22	4	3	6
82	23	2	4	3
82	24	2	3	2
82	25	3	3	2
82	26	3	2	3
82	27	3	4	1
82	28	4	4	6
82	29	5	4	8
82	30	2	4	3
82	31	5	4	6
82	32	7	5	5
82	33	1	2	3
82	34	5	5	7
82	35	5	4	6
82	36	4	2	6
82	37	4	4	5
82	38	1	1	0
82	39	7	4	6
82	40	1	3	4
82	41	2	4	3
82	42	3	3	3
82	43	5	3	5
82	44	6	4	9
82	45	3	2	5
82	46	3	2	1
82	47	3	3	2
82	48	3	2	5
82	49	7	5	8
82	50	2	2	1
82	51	2	4	5
82	52	5	4	6
82	53	4	5	5
82	54	1	1	3
82	55	4	4	3
82	56	3	3	1
82	57	2	1	0
82	58	2	3	2
82	59	3	2	0
82	60	5	4	5
82	61	2	3	2
82	62	5	3	4
82	63	3	3	4
82	64	1	3	0
82	65	4	4	4
82	66	2	4	1
82	67	2	3	0
82	68	4	4	4
82	69	3	2	2
82	70	3	3	2
82	71	2	4	0
82	72	1	3	0
82	73	1	2	1
82	74	4	2	4
82	75	2	2	3
83	1	1	2	0
83	2	3	3	1
83	3	-1	1	1
83	4	1	3	3
83	5	3	2	3
83	6	4	3	5
83	7	0	1	0
83	8	1	2	3
83	9	1	4	3
83	10	2	1	4
83	11	2	3	4
83	12	0	2	0
83	13	0	2	2
83	14	0	3	3
83	15	2	3	4
83	16	-1	2	2
83	17	1	1	0
83	18	1	2	2
83	19	0	2	3
83	20	3	3	3
83	21	2	0	1
83	22	2	3	4
83	23	0	2	2
83	24	-2	1	-2
83	25	0	3	2
83	26	3	2	6
83	27	-1	2	1
83	28	2	3	0
83	29	0	2	0
83	30	1	3	4
83	31	3	2	5
83	32	1	2	1
83	33	2	3	4
83	34	1	3	3
83	35	4	3	6
83	36	2	2	3
83	37	4	3	4
83	38	1	3	2
83	39	1	2	2
83	40	2	2	3
83	41	1	3	2
83	42	0	1	2
83	43	1	2	0
83	44	0	3	2
83	45	2	2	0
83	46	2	2	3
83	47	2	2	1
83	48	1	1	0
83	49	1	0	0
83	50	3	3	6
83	51	1	3	1
83	52	2	4	4
83	53	0	3	2
83	54	1	2	2
83	55	0	2	0
83	56	3	2	2
83	57	0	0	0
83	58	2	3	5
83	59	3	2	5
83	60	3	3	5
83	61	1	2	2
83	62	0	2	0
83	63	-1	1	0
83	64	1	2	0
83	65	0	2	6
83	66	1	1	1
83	67	0	1	3
83	68	2	4	4
83	69	0	1	0
83	70	2	2	3
83	71	3	3	4
83	72	0	1	3
83	73	0	2	1
83	74	-1	2	1
83	75	0	2	4
84	1	1	2	0
84	2	2	2	2
84	3	0	2	0
84	4	1	2	4
84	5	1	1	3
84	6	2	1	3
84	7	3	2	2
84	8	-1	1	0
84	9	2	0	3
84	10	2	2	2
84	11	2	2	1
84	12	0	3	4
84	13	1	3	1
84	14	4	1	8
84	15	2	2	1
84	16	2	3	3
84	17	1	3	5
84	18	2	3	4
84	19	4	4	4
84	20	1	2	2
84	21	0	2	0
84	22	4	2	4
84	23	0	2	0
84	24	2	3	0
84	25	2	4	4
84	26	1	2	1
84	27	0	2	3
84	28	2	3	5
84	29	3	4	3
84	30	0	2	2
84	31	3	3	3
84	32	4	3	2
84	33	2	3	5
84	34	2	4	7
84	35	1	3	1
84	36	2	2	2
84	37	0	1	0
84	38	0	2	4
84	39	1	2	4
84	40	0	1	0
84	41	1	2	4
84	42	0	2	3
84	43	4	4	5
84	44	3	4	3
84	45	2	2	3
84	46	0	1	0
84	47	4	4	8
84	48	1	2	2
84	49	2	2	2
84	50	-1	2	-1
84	51	4	2	6
84	52	1	3	2
84	53	0	1	1
84	54	3	2	4
84	55	4	4	5
84	56	3	2	1
84	57	1	2	2
84	58	3	2	5
84	59	1	2	1
84	60	1	2	2
84	61	2	3	2
84	62	0	1	-2
84	63	5	3	5
84	64	2	0	0
84	65	1	1	4
84	66	3	2	1
84	67	2	2	1
84	68	3	3	3
84	69	2	2	3
84	70	1	3	5
84	71	-1	3	2
84	72	4	3	5
84	73	1	3	1
84	74	2	2	2
84	75	0	2	0
85	1	1	3	4
85	2	0	2	-1
85	3	0	2	1
85	4	0	2	0
85	5	0	2	1
85	6	1	2	4
85	7	1	1	3
85	8	1	1	2
85	9	2	1	2
85	10	2	2	4
85	11	3	3	3
85	12	4	3	4
85	13	-1	2	0
85	14	-1	1	1
85	15	0	0	1
85	16	0	1	1
85	17	4	3	7
85	18	-1	1	-3
85	19	0	1	0
85	20	1	1	2
85	21	1	1	4
85	22	0	2	3
85	23	1	4	3
85	24	3	3	5
85	25	0	1	0
85	26	0	4	5
85	27	0	0	0
85	28	2	3	4
85	29	0	1	1
85	30	2	2	4
85	31	1	1	1
85	32	3	3	2
85	33	2	2	1
85	34	1	2	0
85	35	1	2	2
85	36	4	5	9
85	37	2	2	0
85	38	0	2	5
85	39	0	2	1
85	40	0	1	1
85	41	2	1	3
85	42	0	3	1
85	43	3	4	4
85	44	2	4	4
85	45	1	3	5
85	46	2	3	6
85	47	2	1	2
85	48	0	1	0
85	49	1	2	3
85	50	0	2	0
85	51	2	2	7
85	52	1	2	1
85	53	3	4	3
85	54	-1	0	0
85	55	3	3	5
85	56	-1	1	0
85	57	1	3	2
85	58	2	2	1
85	59	0	1	2
85	60	4	2	5
85	61	1	3	3
85	62	0	2	0
85	63	3	3	7
85	64	2	2	3
85	65	1	2	3
85	66	2	2	6
85	67	0	0	0
85	68	2	2	0
85	69	2	2	3
85	70	-2	0	-2
85	71	-1	2	1
85	72	0	1	2
85	73	2	2	3
85	74	4	4	4
85	75	2	2	2
86	1	1	1	4
86	2	2	3	5
86	3	0	2	4
86	4	0	2	2
86	5	-2	0	0
86	6	2	2	2
86	7	3	2	5
86	8	3	3	3
86	9	0	2	0
86	10	1	2	2
86	11	3	3	5
86	12	2	3	5
86	13	4	3	5
86	14	1	3	4
86	15	2	3	3
86	16	1	2	1
86	17	3	2	6
86	18	2	2	5
86	19	2	2	7
86	20	2	3	4
86	21	0	1	2
86	22	2	3	3
86	23	0	2	4
86	24	0	3	3
86	25	2	1	2
86	26	2	2	3
86	27	1	1	3
86	28	2	3	4
86	29	0	2	0
86	30	1	1	0
86	31	5	4	8
86	32	2	3	5
86	33	0	1	2
86	34	1	3	5
86	35	5	2	3
86	36	0	2	3
86	37	0	3	4
86	38	5	5	9
86	39	1	2	5
86	40	3	2	5
86	41	2	2	8
86	42	2	4	5
86	43	3	2	5
86	44	3	2	6
86	45	2	2	3
86	46	-1	1	0
86	47	2	3	5
86	48	0	1	4
86	49	0	2	5
86	50	2	3	0
86	51	-1	1	2
86	52	3	2	3
86	53	5	4	6
86	54	2	2	1
86	55	1	1	2
86	56	0	3	4
86	57	1	1	3
86	58	0	3	5
86	59	2	3	3
86	60	0	3	2
86	61	2	3	5
86	62	3	2	4
86	63	4	3	4
86	64	5	3	5
86	65	2	2	3
86	66	3	4	5
86	67	0	1	1
86	68	2	2	1
86	69	1	0	0
86	70	2	2	5
86	71	0	0	2
86	72	1	2	3
86	73	1	2	4
86	74	2	2	1
86	75	2	3	5
87	1	6	4	6
87	2	4	4	4
87	3	1	3	3
87	4	1	3	1
87	5	1	3	1
87	6	4	2	4
87	7	4	5	3
87	8	3	4	4
87	9	4	4	6
87	10	3	3	3
87	11	6	4	6
87	12	4	2	5
87	13	3	3	3
87	14	5	3	4
87	15	4	3	5
87	16	4	4	4
87	17	4	5	6
87	18	8	5	7
87	19	1	4	3
87	20	5	4	7
87	21	2	3	2
87	22	6	4	8
87	23	2	3	2
87	24	3	2	5
87	25	4	6	7
87	26	3	4	5
87	27	5	4	9
87	28	5	4	4
87	29	5	4	5
87	30	4	4	5
87	31	3	4	4
87	32	4	3	7
87	33	3	2	4
87	34	5	5	6
87	35	4	2	4
87	36	5	3	6
87	37	5	4	4
87	38	4	4	4
87	39	6	5	6
87	40	2	3	3
87	41	7	3	6
87	42	2	3	3
87	43	5	3	4
87	44	3	3	7
87	45	5	5	8
87	46	5	4	9
87	47	6	4	5
87	48	6	3	5
87	49	5	3	4
87	50	1	2	3
87	51	1	2	0
87	52	2	3	0
87	53	3	4	3
87	54	3	2	2
87	55	3	2	1
87	56	2	1	6
87	57	8	5	8
87	58	3	3	4
87	59	6	4	5
87	60	4	3	5
87	61	3	3	4
87	62	6	5	9
87	63	6	3	5
87	64	3	4	4
87	65	2	2	2
87	66	4	3	3
87	67	4	4	6
87	68	2	2	2
87	69	5	3	6
87	70	2	5	7
87	71	1	3	0
87	72	3	1	0
87	73	3	2	2
87	74	4	4	3
87	75	4	3	2
88	1	2	4	3
88	2	2	4	3
88	3	0	4	0
88	4	2	6	2
88	5	0	4	2
88	6	3	5	2
88	7	1	2	1
88	8	3	4	3
88	9	1	4	3
88	10	1	2	1
88	11	0	3	-1
88	12	2	5	2
88	13	4	5	2
88	14	4	5	4
88	15	5	5	5
88	16	1	3	1
88	17	1	4	0
88	18	1	2	0
88	19	3	4	5
88	20	2	3	1
88	21	1	3	2
88	22	3	4	1
88	23	2	2	2
88	24	2	3	2
88	25	3	5	7
88	26	2	2	1
88	27	3	5	5
88	28	2	5	4
88	29	6	6	7
88	30	1	4	1
88	31	3	4	2
88	32	1	3	1
88	33	-1	4	2
88	34	2	3	3
88	35	0	3	3
88	36	2	5	1
88	37	4	5	1
88	38	1	4	1
88	39	-1	2	-2
88	40	3	3	3
88	41	2	5	2
88	42	2	4	1
88	43	4	4	3
88	44	2	3	1
88	45	4	5	3
88	46	1	3	3
88	47	0	4	0
88	48	3	4	5
88	49	5	3	4
88	50	2	4	1
88	51	3	4	3
88	52	0	3	2
88	53	1	5	3
88	54	5	6	8
88	55	4	5	2
88	56	2	4	3
88	57	3	4	6
88	58	0	5	2
88	59	0	2	1
88	60	2	4	5
88	61	1	3	5
88	62	1	4	1
88	63	4	5	6
88	64	5	5	4
88	65	4	4	5
88	66	2	5	3
88	67	0	4	1
88	68	3	4	1
88	69	-1	3	1
88	70	2	4	2
88	71	-2	2	-1
88	72	2	4	3
88	73	3	3	2
88	74	1	3	0
88	75	2	3	2
89	1	0	-1	-1
89	2	3	2	3
89	3	4	2	4
89	4	3	1	3
89	5	4	3	4
89	6	3	2	0
89	7	1	2	0
89	8	4	2	2
89	9	3	2	3
89	10	2	2	2
89	11	3	1	1
89	12	2	1	3
89	13	3	2	1
89	14	1	1	2
89	15	3	3	3
89	16	2	1	0
89	17	0	0	0
89	18	4	4	3
89	19	0	0	0
89	20	2	2	3
89	21	0	0	0
89	22	0	2	0
89	23	5	4	6
89	24	1	1	0
89	25	1	1	5
89	26	1	1	2
89	27	0	1	1
89	28	3	1	5
89	29	0	2	0
89	30	4	2	3
89	31	0	0	0
89	32	3	2	3
89	33	3	1	2
89	34	2	1	3
89	35	1	1	2
89	36	3	2	4
89	37	1	2	2
89	38	4	3	5
89	39	6	4	7
89	40	2	1	2
89	41	3	3	6
89	42	2	2	2
89	43	0	2	3
89	44	2	2	3
89	45	0	0	-1
89	46	2	3	4
89	47	5	1	5
89	48	0	1	1
89	49	0	1	0
89	50	1	2	2
89	51	5	2	3
89	52	4	2	7
89	53	0	0	0
89	54	2	2	4
89	55	4	3	5
89	56	0	1	1
89	57	0	0	0
89	58	3	1	3
89	59	6	2	5
89	60	1	2	2
89	61	1	0	0
89	62	2	1	3
89	63	2	2	0
89	64	1	2	0
89	65	3	2	1
89	66	0	1	1
89	67	1	2	3
89	68	3	3	3
89	69	1	2	3
89	70	4	2	2
89	71	0	0	-1
89	72	2	1	0
89	73	3	2	2
89	74	0	0	-1
89	75	1	1	2
90	1	2	3	4
90	2	3	2	4
90	3	0	2	2
90	4	0	3	3
90	5	3	2	4
90	6	2	2	4
90	7	3	2	2
90	8	0	1	2
90	9	4	5	5
90	10	2	4	4
90	11	2	2	1
90	12	1	3	2
90	13	2	3	4
90	14	2	3	3
90	15	5	4	5
90	16	3	4	7
90	17	0	2	2
90	18	4	4	8
90	19	0	3	3
90	20	5	6	8
90	21	2	3	4
90	22	2	4	7
90	23	0	3	3
90	24	4	4	3
90	25	2	4	4
90	26	3	3	3
90	27	1	2	2
90	28	1	5	1
90	29	0	3	1
90	30	5	5	10
90	31	3	4	7
90	32	4	5	7
90	33	2	4	3
90	34	2	3	6
90	35	3	3	2
90	36	3	2	4
90	37	2	1	5
90	38	3	3	4
90	39	1	2	2
90	40	3	5	6
90	41	5	6	6
90	42	4	3	3
90	43	3	4	6
90	44	3	5	4
90	45	2	4	5
90	46	3	5	2
90	47	2	3	5
90	48	2	3	7
90	49	4	3	4
90	50	4	5	6
90	51	3	5	5
90	52	3	4	5
90	53	4	2	5
90	54	3	5	4
90	55	-2	2	1
90	56	2	3	4
90	57	1	1	3
90	58	2	3	5
90	59	0	1	1
90	60	2	4	6
90	61	1	2	4
90	62	3	3	4
90	63	6	4	6
90	64	5	4	7
90	65	3	3	4
90	66	0	3	0
90	67	4	5	8
90	68	0	2	4
90	69	1	3	3
90	70	0	4	2
90	71	0	2	2
90	72	2	2	1
90	73	0	2	3
90	74	4	4	5
90	75	2	2	3
91	1	3	3	4
91	2	4	5	5
91	3	3	4	3
91	4	0	1	0
91	5	4	5	4
91	6	3	3	3
91	7	5	5	5
91	8	2	4	1
91	9	4	3	4
91	10	2	4	4
91	11	4	6	7
91	12	0	4	1
91	13	1	5	4
91	14	2	5	3
91	15	5	4	5
91	16	0	3	4
91	17	4	4	9
91	18	2	4	3
91	19	0	4	3
91	20	4	5	4
91	21	2	5	6
91	22	3	4	2
91	23	4	4	4
91	24	2	4	2
91	25	5	5	6
91	26	1	4	2
91	27	2	4	2
91	28	4	5	7
91	29	4	4	4
91	30	0	4	4
91	31	5	4	6
91	32	3	3	2
91	33	6	5	5
91	34	3	4	4
91	35	2	4	1
91	36	3	4	5
91	37	5	4	5
91	38	1	4	3
91	39	0	3	0
91	40	2	3	1
91	41	2	5	4
91	42	4	4	5
91	43	5	4	7
91	44	5	4	5
91	45	4	4	4
91	46	1	2	3
91	47	4	3	3
91	48	4	5	5
91	49	3	3	3
91	50	2	4	6
91	51	5	5	4
91	52	3	5	4
91	53	3	4	5
91	54	2	5	4
91	55	1	3	1
91	56	4	5	3
91	57	2	3	1
91	58	3	5	3
91	59	3	4	5
91	60	3	4	1
91	61	3	5	8
91	62	6	5	7
91	63	3	4	3
91	64	3	4	6
91	65	1	4	3
91	66	2	3	4
91	67	4	6	3
91	68	3	4	5
91	69	4	4	4
91	70	2	3	3
91	71	2	5	4
91	72	1	3	3
91	73	3	3	3
91	74	0	3	1
91	75	4	4	6
92	1	1	4	2
92	2	4	3	3
92	3	4	4	4
92	4	2	3	2
92	5	5	4	4
92	6	2	4	3
92	7	5	3	5
92	8	4	5	3
92	9	3	4	2
92	10	2	4	2
92	11	1	5	2
92	12	4	4	4
92	13	3	3	6
92	14	4	4	5
92	15	3	4	1
92	16	4	5	6
92	17	2	4	2
92	18	0	2	0
92	19	2	4	4
92	20	1	3	0
92	21	1	3	3
92	22	2	4	0
92	23	2	5	6
92	24	3	5	3
92	25	2	3	0
92	26	3	3	4
92	27	1	4	2
92	28	2	4	4
92	29	5	5	1
92	30	1	4	3
92	31	3	3	2
92	32	-2	2	0
92	33	2	4	1
92	34	4	4	4
92	35	4	5	5
92	36	2	3	4
92	37	1	5	3
92	38	3	5	3
92	39	1	4	2
92	40	2	4	2
92	41	1	3	1
92	42	4	2	3
92	43	3	4	2
92	44	2	3	2
92	45	2	4	4
92	46	2	5	6
92	47	4	5	7
92	48	1	3	0
92	49	2	4	4
92	50	2	3	0
92	51	5	4	4
92	52	4	3	4
92	53	6	4	5
92	54	1	2	0
92	55	2	4	3
92	56	4	6	5
92	57	2	2	0
92	58	1	2	1
92	59	3	4	3
92	60	1	3	2
92	61	2	5	3
92	62	2	3	2
92	63	0	3	3
92	64	0	2	0
92	65	0	3	4
92	66	4	6	6
92	67	0	2	0
92	68	4	4	2
92	69	1	5	2
92	70	1	4	2
92	71	1	3	1
92	72	1	3	0
92	73	1	3	1
92	74	4	3	4
92	75	2	4	2
93	1	2	3	3
93	2	2	3	5
93	3	4	3	3
93	4	0	4	2
93	5	3	4	2
93	6	0	2	2
93	7	1	4	5
93	8	5	5	9
93	9	1	2	4
93	10	0	4	4
93	11	3	4	7
93	12	3	3	6
93	13	5	3	8
93	14	3	3	3
93	15	3	3	4
93	16	3	5	7
93	17	1	3	3
93	18	2	4	5
93	19	2	4	3
93	20	6	4	7
93	21	5	4	5
93	22	5	5	6
93	23	0	4	2
93	24	1	3	2
93	25	2	3	1
93	26	0	2	1
93	27	-2	2	-2
93	28	2	3	5
93	29	1	3	4
93	30	4	4	4
93	31	0	4	-1
93	32	1	3	3
93	33	2	3	2
93	34	5	4	7
93	35	4	4	5
93	36	1	4	0
93	37	0	2	3
93	38	0	3	3
93	39	1	3	0
93	40	2	3	4
93	41	1	4	4
93	42	1	4	4
93	43	1	4	3
93	44	2	3	2
93	45	2	2	4
93	46	3	3	1
93	47	3	4	6
93	48	0	2	2
93	49	0	3	3
93	50	1	4	4
93	51	3	4	7
93	52	4	5	5
93	53	0	2	-1
93	54	-1	4	2
93	55	0	2	1
93	56	3	5	5
93	57	0	4	2
93	58	3	4	3
93	59	3	3	1
93	60	0	3	2
93	61	0	2	1
93	62	2	4	5
93	63	3	4	2
93	64	4	3	2
93	65	0	5	0
93	66	2	3	5
93	67	1	3	2
93	68	1	2	2
93	69	2	3	5
93	70	0	2	3
93	71	0	2	0
93	72	5	4	8
93	73	2	3	3
93	74	5	4	7
93	75	2	4	1
94	1	1	0	3
94	2	1	1	1
94	3	0	1	1
94	4	-1	0	-2
94	5	4	4	5
94	6	0	1	1
94	7	1	1	3
94	8	-1	0	-2
94	9	1	1	2
94	10	0	0	0
94	11	0	1	0
94	12	0	0	-1
94	13	1	1	3
94	14	0	2	1
94	15	-3	0	-1
94	16	0	1	2
94	17	1	2	2
94	18	0	1	2
94	19	0	1	3
94	20	1	1	0
94	21	1	2	3
94	22	0	1	1
94	23	0	0	2
94	24	3	2	3
94	25	3	3	8
94	26	1	1	1
94	27	0	1	4
94	28	-1	0	1
94	29	2	1	2
94	30	0	2	0
94	31	3	0	2
94	32	0	1	0
94	33	0	1	2
94	34	4	3	5
94	35	0	0	1
94	36	2	1	2
94	37	-1	0	-2
94	38	0	1	1
94	39	2	2	6
94	40	0	1	2
94	41	0	0	3
94	42	0	0	1
94	43	1	1	2
94	44	0	1	1
94	45	1	2	4
94	46	0	0	2
94	47	0	0	0
94	48	-1	0	0
94	49	0	0	1
94	50	-1	0	1
94	51	0	0	0
94	52	1	1	3
94	53	1	3	2
94	54	4	2	5
94	55	-1	0	0
94	56	3	2	4
94	57	0	0	-1
94	58	0	0	3
94	59	0	0	0
94	60	2	2	6
94	61	0	0	1
94	62	1	1	0
94	63	3	0	1
94	64	6	3	6
94	65	-1	1	0
94	66	1	2	1
94	67	1	1	1
94	68	3	0	3
94	69	0	2	6
94	70	1	3	0
94	71	1	0	1
94	72	2	2	2
94	73	1	0	0
94	74	3	3	4
94	75	2	2	2
95	1	1	4	2
95	2	0	4	3
95	3	4	6	10
95	4	1	6	5
95	5	0	4	2
95	6	1	4	2
95	7	0	5	2
95	8	3	5	5
95	9	1	5	4
95	10	3	6	9
95	11	4	7	6
95	12	5	7	7
95	13	2	5	5
95	14	5	6	6
95	15	0	5	3
95	16	2	5	5
95	17	0	5	6
95	18	4	6	5
95	19	2	6	4
95	20	1	5	6
95	21	3	5	3
95	22	5	7	7
95	23	2	5	3
95	24	0	6	4
95	25	2	5	3
95	26	4	7	8
95	27	5	5	5
95	28	3	5	6
95	29	2	5	5
95	30	1	5	3
95	31	5	6	5
95	32	3	5	5
95	33	1	5	1
95	34	1	5	2
95	35	2	5	1
95	36	5	6	6
95	37	0	4	1
95	38	1	5	2
95	39	0	5	3
95	40	2	4	3
95	41	3	5	3
95	42	3	7	5
95	43	3	6	5
95	44	3	6	7
95	45	6	6	6
95	46	0	5	3
95	47	3	4	5
95	48	3	6	6
95	49	2	5	3
95	50	0	5	2
95	51	1	6	5
95	52	3	6	6
95	53	1	5	3
95	54	0	4	-1
95	55	1	6	3
95	56	2	4	2
95	57	0	5	3
95	58	2	5	4
95	59	4	6	6
95	60	1	4	2
95	61	2	4	2
95	62	0	6	3
95	63	5	6	6
95	64	0	4	2
95	65	0	5	3
95	66	3	5	5
95	67	3	6	3
95	68	2	5	3
95	69	1	5	2
95	70	0	3	0
95	71	4	4	5
95	72	0	5	5
95	73	4	7	6
95	74	3	6	4
95	75	3	7	6
96	1	2	2	4
96	2	3	2	3
96	3	0	1	0
96	4	2	2	4
96	5	3	3	7
96	6	2	1	5
96	7	1	3	4
96	8	1	0	0
96	9	3	1	3
96	10	3	2	3
96	11	3	3	4
96	12	4	2	6
96	13	3	2	2
96	14	3	3	4
96	15	1	1	1
96	16	0	0	-2
96	17	2	2	5
96	18	1	1	3
96	19	0	0	1
96	20	3	2	0
96	21	1	1	3
96	22	2	1	0
96	23	3	2	4
96	24	0	-1	0
96	25	3	1	3
96	26	2	1	0
96	27	2	1	4
96	28	1	1	2
96	29	3	1	-1
96	30	1	1	3
96	31	1	2	0
96	32	6	3	5
96	33	2	3	3
96	34	0	0	0
96	35	2	2	2
96	36	2	1	3
96	37	2	1	2
96	38	2	2	4
96	39	2	3	3
96	40	4	4	6
96	41	2	1	3
96	42	4	3	3
96	43	0	1	2
96	44	3	2	2
96	45	3	1	0
96	46	3	2	3
96	47	4	1	1
96	48	0	0	1
96	49	1	2	1
96	50	0	2	2
96	51	2	2	3
96	52	0	1	3
96	53	3	2	2
96	54	6	3	7
96	55	2	2	2
96	56	2	2	1
96	57	3	3	3
96	58	1	1	2
96	59	0	0	0
96	60	4	3	5
96	61	3	2	6
96	62	0	1	0
96	63	4	1	7
96	64	4	1	4
96	65	5	4	7
96	66	0	1	2
96	67	2	2	6
96	68	4	0	3
96	69	0	0	0
96	70	2	0	0
96	71	2	1	6
96	72	2	2	4
96	73	0	1	0
96	74	1	2	2
96	75	0	0	-3
97	1	6	7	8
97	2	6	5	7
97	3	7	6	8
97	4	4	7	6
97	5	4	6	6
97	6	4	5	5
97	7	5	6	3
97	8	6	8	9
97	9	5	7	8
97	10	4	7	5
97	11	5	7	8
97	12	3	7	5
97	13	6	7	7
97	14	5	7	6
97	15	6	6	5
97	16	2	5	4
97	17	4	6	2
97	18	9	6	6
97	19	2	4	3
97	20	5	8	6
97	21	5	6	7
97	22	4	6	5
97	23	5	6	7
97	24	5	7	7
97	25	7	7	10
97	26	5	8	6
97	27	5	5	5
97	28	1	5	3
97	29	5	6	7
97	30	5	7	6
97	31	9	8	8
97	32	2	5	3
97	33	3	5	5
97	34	6	5	7
97	35	4	7	4
97	36	7	6	7
97	37	3	5	6
97	38	3	7	5
97	39	2	4	5
97	40	9	8	10
97	41	4	5	7
97	42	4	8	6
97	43	4	6	4
97	44	3	6	3
97	45	8	6	10
97	46	3	5	4
97	47	4	5	6
97	48	4	6	8
97	49	2	4	3
97	50	5	7	6
97	51	3	7	4
97	52	5	7	8
97	53	1	4	1
97	54	3	7	6
97	55	5	7	5
97	56	4	6	3
97	57	7	8	7
97	58	5	7	6
97	59	6	5	4
97	60	6	8	4
97	61	6	6	3
97	62	7	6	5
97	63	5	6	8
97	64	4	7	8
97	65	4	5	6
97	66	5	5	7
97	67	5	5	5
97	68	9	8	8
97	69	5	5	5
97	70	5	6	6
97	71	5	6	4
97	72	1	5	1
97	73	4	5	3
97	74	4	6	3
97	75	4	6	6
98	1	1	1	1
98	2	4	1	4
98	3	5	2	7
98	4	5	3	9
98	5	0	1	3
98	6	5	4	8
98	7	4	3	7
98	8	3	2	6
98	9	4	3	8
98	10	3	2	4
98	11	2	3	6
98	12	5	2	9
98	13	1	1	1
98	14	4	2	7
98	15	2	1	4
98	16	4	2	4
98	17	2	2	5
98	18	6	2	8
98	19	2	2	6
98	20	4	2	7
98	21	6	3	7
98	22	3	2	4
98	23	4	3	7
98	24	6	2	6
98	25	3	1	5
98	26	1	2	4
98	27	6	3	10
98	28	0	1	3
98	29	1	0	2
98	30	4	4	8
98	31	1	1	2
98	32	4	2	4
98	33	0	2	1
98	34	3	2	5
98	35	6	5	10
98	36	1	2	5
98	37	3	2	6
98	38	4	3	4
98	39	2	1	5
98	40	2	1	3
98	41	1	0	7
98	42	4	2	5
98	43	1	0	3
98	44	2	1	4
98	45	2	2	7
98	46	3	3	2
98	47	3	2	4
98	48	4	3	4
98	49	0	1	3
98	50	2	2	3
98	51	4	2	4
98	52	1	2	5
98	53	2	1	6
98	54	5	3	5
98	55	1	2	4
98	56	2	0	4
98	57	4	3	7
98	58	0	0	3
98	59	0	2	2
98	60	2	2	6
98	61	2	1	7
98	62	2	1	4
98	63	1	0	3
98	64	2	3	7
98	65	0	1	2
98	66	2	1	4
98	67	4	3	8
98	68	5	3	7
98	69	4	3	6
98	70	5	2	7
98	71	2	2	4
98	72	1	2	3
98	73	1	1	3
98	74	3	2	7
98	75	0	0	0
99	1	2	2	3
99	2	2	2	1
99	3	3	3	4
99	4	1	1	3
99	5	-1	1	-2
99	6	2	2	3
99	7	3	3	4
99	8	0	3	0
99	9	0	1	0
99	10	2	2	3
99	11	1	2	1
99	12	0	1	2
99	13	1	1	4
99	14	5	3	4
99	15	1	3	1
99	16	1	5	6
99	17	0	2	2
99	18	0	2	1
99	19	1	1	2
99	20	0	2	2
99	21	2	2	5
99	22	1	2	2
99	23	1	2	1
99	24	2	3	5
99	25	0	1	1
99	26	0	2	0
99	27	0	0	0
99	28	0	2	2
99	29	0	1	0
99	30	0	1	0
99	31	0	1	2
99	32	3	2	2
99	33	2	2	3
99	34	0	1	1
99	35	0	1	-1
99	36	0	2	2
99	37	3	2	1
99	38	1	2	0
99	39	1	2	0
99	40	3	3	3
99	41	-1	1	0
99	42	2	3	3
99	43	1	3	3
99	44	5	2	1
99	45	4	2	3
99	46	1	1	3
99	47	0	1	0
99	48	2	2	2
99	49	-1	1	0
99	50	1	1	0
99	51	4	2	3
99	52	1	1	3
99	53	1	2	3
99	54	0	3	2
99	55	3	3	6
99	56	2	3	2
99	57	0	0	0
99	58	2	2	2
99	59	2	3	2
99	60	1	2	1
99	61	0	1	2
99	62	2	1	1
99	63	3	3	2
99	64	3	3	0
99	65	5	2	4
99	66	0	0	0
99	67	2	1	0
99	68	2	3	1
99	69	0	2	1
99	70	4	3	5
99	71	1	3	0
99	72	0	2	2
99	73	0	1	0
99	74	0	2	2
99	75	0	2	2
100	1	-1	3	2
100	2	1	3	4
100	3	-1	1	2
100	4	0	2	0
100	5	0	2	0
100	6	0	2	-1
100	7	0	2	0
100	8	0	3	2
100	9	-3	2	0
100	10	0	1	-1
100	11	0	2	0
100	12	-2	1	0
100	13	0	3	3
100	14	-2	2	0
100	15	1	2	1
100	16	0	2	2
100	17	-2	3	0
100	18	1	3	2
100	19	0	3	3
100	20	3	3	6
100	21	-1	2	-1
100	22	-2	0	-1
100	23	1	4	3
100	24	0	1	0
100	25	1	4	3
100	26	-1	2	0
100	27	3	4	2
100	28	1	3	5
100	29	0	2	3
100	30	3	3	2
100	31	0	2	5
100	32	2	4	4
100	33	-2	1	0
100	34	-1	3	0
100	35	-1	3	0
100	36	0	1	1
100	37	1	2	0
100	38	3	3	3
100	39	0	2	1
100	40	0	2	-1
100	41	1	2	2
100	42	-2	0	-4
100	43	0	3	3
100	44	0	0	0
100	45	-1	1	1
100	46	-2	1	0
100	47	0	2	3
100	48	1	3	3
100	49	1	3	1
100	50	-1	2	0
100	51	1	3	1
100	52	0	2	0
100	53	1	3	0
100	54	0	2	0
100	55	4	4	5
100	56	-2	1	-2
100	57	1	3	2
100	58	3	4	6
100	59	-2	2	1
100	60	-4	1	-4
100	61	-2	1	-1
100	62	0	2	1
100	63	1	3	3
100	64	0	1	4
100	65	-1	2	0
100	66	-3	1	-1
100	67	-2	3	0
100	68	-1	3	3
100	69	-1	3	1
100	70	0	2	0
100	71	-2	0	0
100	72	0	2	2
100	73	0	2	0
100	74	0	1	-1
100	75	-2	1	0
