1	1	2	0	1	3	3	6	3	1	2	4	2	1	2	2	4	0	3	4	3	3	2	4	2	0	2	3	3	2	1	1	1	2	2	4	2	4	2	5	4	3	2	3	0	4	3	4	3	1	0	2	0	2	3	4	3	2	2	4	5	4	1	2	3	3	1	2	3	2	3	2	1	1	2	1	3	1	3	3	1	1	2	4	4	0	1	1	3	0	3	2	4	2	3	4	3	4	2	7	6	2	2	3	2	3	2	4	3	2	1	4	2	0	1	2	2	2	2	5	4	6	3	8	5	4	3	5	3	2	2	3	1	0	2	3	2	0	1	-1	1	1	3	7	3	2	2	1	1	4	2	5	5	7	4	8	7	0	1	2	1	6	3	5	4	1	4	3	2	1	1	0	3	1	0	3	0	1	1	2	0	1	1	6	3	3	1	1	2	4	2	6	4	5	4	7	7	0	0	0	2	2	2	5	4	2	3	6	4	1	2	4	2	1	2	3	2	4	1	4	2	3	2	5	3	2	3	3	5	2	1	5	3	6	2	3	4	3	3	4	2
2	7	3	6	4	2	3	3	2	-1	1	1	3	8	4	12	7	3	3	4	3	2	3	4	5	4	3	4	5	2	1	4	2	3	4	5	3	4	3	7	4	2	3	3	4	3	2	6	3	2	1	5	3	6	4	7	6	3	2	3	1	2	2	2	1	4	2	6	3	1	4	5	5	4	3	4	3	1	3	5	3	2	2	2	2	5	4	5	7	2	3	4	3	2	3	3	2	4	3	6	2	2	2	4	3	3	5	7	4	4	3	3	3	5	3	6	4	2	3	3	3	5	4	3	5	3	2	4	4	2	3	4	4	2	3	1	1	2	1	1	3	7	3	7	6	4	4	7	4	3	4	2	2	3	3	4	4	2	2	2	2	7	4	8	6	5	6	5	5	2	4	6	2	4	3	7	2	1	2	4	4	3	3	3	3	3	3	3	2	1	2	5	4	5	3	6	8	2	2	5	2	3	1	5	3	5	3	1	3	4	3	6	5	2	2	3	3	2	1	2	1	5	3	6	5	4	3	4	3	2	2	2	3	3	2	4	1	2	2	3	2
3	6	6	9	6	5	5	9	6	6	6	9	7	7	7	8	7	5	5	7	6	5	6	9	6	5	5	7	5	6	4	5	5	6	6	9	7	4	3	6	4	10	7	12	7	6	5	5	6	6	4	7	6	3	4	6	4	6	6	6	5	5	4	5	5	6	6	8	4	5	4	11	6	8	6	8	4	4	3	5	6	6	4	6	6	5	5	6	5	8	6	10	4	6	4	5	5	7	6	6	6	9	7	10	9	5	5	5	4	5	4	4	3	6	4	6	6	6	5	8	7	5	4	7	6	5	3	7	2	4	4	8	5	7	4	9	4	6	6	11	9	6	4	7	6	6	5	9	7	8	5	8	6	6	5	7	5	5	3	4	5	4	3	6	5	6	5	5	6	6	4	8	6	8	4	10	7	9	6	10	8	8	6	8	8	4	5	3	6	2	1	7	4	6	4	6	4	3	3	8	5	7	5	10	5	7	6	9	7	7	6	8	6	4	4	4	5	6	5	7	7	7	5	5	4	7	5	6	6	7	5	7	6	5	4	8	5	8	4	7	5
4	2	2	1	2	6	4	7	6	3	4	5	3	3	1	4	4	4	3	5	4	2	3	4	4	4	3	7	2	7	4	8	7	4	3	4	4	4	3	6	5	7	4	5	4	4	5	7	5	6	4	8	4	4	3	2	5	5	4	7	5	2	4	4	2	7	4	10	6	1	2	2	2	6	3	7	3	6	4	6	6	3	3	2	3	1	4	2	4	1	2	2	3	1	3	2	2	6	2	5	4	3	3	5	4	1	1	1	1	5	3	5	4	5	3	7	6	7	5	8	6	4	3	10	7	5	4	6	5	1	1	4	3	2	3	4	4	4	3	3	2	4	3	3	5	2	4	4	4	3	3	3	2	6	5	9	5	3	3	7	6	3	4	5	5	6	4	5	4	1	1	3	1	5	3	7	3	3	4	1	2	3	4	5	3	4	3	4	5	2	4	6	4	5	5	7	4	4	2	5	3	5	4	9	5	2	2	3	1	3	3	6	4	7	4	7	5	6	4	6	4	3	2	3	2	0	2	4	0	3	4	5	3	4	2	7	5	3	3	3	4
5	5	3	6	5	5	3	9	5	6	5	7	5	4	4	3	3	3	2	6	2	0	2	1	1	3	2	3	3	2	1	3	4	2	2	0	3	2	3	4	3	6	3	7	4	3	1	1	1	2	1	5	3	5	4	6	4	3	1	5	4	4	3	8	5	4	3	5	3	4	2	6	5	0	1	1	0	6	4	10	6	4	3	4	3	5	2	7	4	4	4	4	6	4	3	7	4	3	3	6	4	4	4	5	5	4	3	5	4	2	2	4	2	5	4	7	5	2	3	4	2	7	6	9	6	2	3	2	3	1	2	3	4	4	4	5	6	3	3	5	4	2	2	3	4	4	2	2	3	5	2	5	5	4	3	5	3	1	2	0	2	5	3	6	2	3	3	3	5	2	4	4	3	0	1	4	4	5	2	7	4	6	5	8	5	4	4	6	5	3	2	4	3	3	2	3	3	4	3	5	5	4	2	2	2	2	1	1	0	6	3	6	6	3	2	4	2	2	2	5	3	6	3	9	6	3	2	4	4	5	3	6	5	3	3	3	1	2	4	6	5
6	4	4	9	6	4	5	5	7	4	4	4	6	7	4	8	6	7	5	10	6	1	4	6	4	5	4	6	6	7	6	7	8	4	4	9	5	5	4	9	7	7	4	8	7	8	6	8	6	6	6	9	7	7	5	8	5	7	4	8	5	1	3	2	4	7	4	7	6	6	6	8	6	7	5	10	7	7	4	9	6	9	6	10	8	6	4	8	9	5	5	8	8	8	5	12	8	5	3	7	5	7	5	7	5	11	6	11	7	6	5	4	6	8	5	9	7	4	4	3	5	7	5	8	5	7	5	8	6	6	4	8	5	3	5	7	4	6	5	7	6	4	5	7	3	7	6	8	7	7	6	10	8	2	3	3	5	9	7	8	7	4	3	7	6	8	6	6	7	6	6	11	7	4	4	7	5	5	3	6	6	7	6	8	6	6	6	8	4	6	5	11	8	2	4	3	5	4	3	5	3	9	6	10	7	9	5	8	7	7	5	6	6	7	5	7	5	6	5	11	7	3	3	2	2	9	5	10	8	6	5	6	4	7	6	8	6	6	4	9	6
7	6	4	8	7	5	3	6	3	4	4	7	4	5	3	6	4	3	3	2	4	7	4	7	5	5	4	6	5	6	5	7	6	3	3	5	4	6	4	7	6	7	5	9	7	5	2	6	5	2	2	4	3	3	4	4	2	5	3	4	4	4	2	7	3	6	5	7	7	4	3	4	5	6	3	6	6	3	4	4	3	4	2	6	4	4	3	4	6	6	5	6	6	5	2	7	6	6	5	8	7	6	4	5	6	5	4	6	6	3	3	5	3	7	4	9	7	3	3	3	4	4	3	6	4	8	4	10	5	5	4	7	4	3	3	2	2	3	3	4	2	1	2	5	1	5	2	7	3	4	4	5	4	4	5	6	4	5	4	6	6	4	3	4	5	3	4	4	2	7	4	8	5	7	3	6	6	1	3	2	4	5	4	4	4	4	2	3	4	1	1	1	2	6	4	5	4	6	3	6	4	5	4	6	5	5	4	9	4	4	5	7	6	6	5	5	6	3	3	3	2	3	2	4	4	4	2	5	4	5	3	5	3	4	2	2	4	3	4	7	4
8	3	2	9	2	2	2	2	2	1	1	1	1	4	2	2	1	2	3	5	4	4	2	4	2	4	2	4	4	3	1	0	3	1	2	5	1	1	0	2	2	2	1	4	2	0	1	0	2	0	1	0	1	1	2	3	3	6	2	6	3	2	2	4	4	4	4	4	3	3	3	4	3	0	1	2	1	2	1	2	2	2	2	2	1	0	1	3	0	3	2	3	2	0	0	1	1	3	2	5	2	2	1	5	3	0	0	1	1	2	2	3	1	5	4	7	4	1	1	3	0	3	2	4	2	2	0	2	2	3	3	2	3	2	2	4	4	5	3	6	3	1	2	0	0	2	1	2	2	1	2	0	2	3	0	3	1	1	3	0	1	1	0	0	3	2	1	3	2	0	0	1	1	4	3	5	3	1	0	0	0	2	1	4	2	2	2	3	1	2	2	4	2	1	1	0	2	3	1	3	2	2	2	4	4	1	0	0	1	1	2	0	1	0	1	4	4	1	1	2	1	5	3	5	3	1	3	3	2	2	2	4	3	-1	1	-1	1	2	1	1	2
9	3	3	1	3	2	1	5	3	2	2	2	0	4	2	2	5	2	2	1	3	4	2	4	2	4	2	5	2	2	1	4	2	3	3	5	4	1	1	2	2	0	0	-1	0	2	3	5	4	3	3	4	4	2	1	3	3	3	3	5	3	1	1	4	2	2	3	3	3	0	1	1	1	2	2	6	4	7	4	5	6	3	3	4	6	4	2	5	2	2	2	5	0	1	1	0	0	4	3	6	6	3	2	5	2	0	1	1	2	1	1	0	2	2	2	5	3	3	2	3	1	2	3	2	3	0	1	1	1	3	4	5	6	3	1	3	2	5	3	7	4	0	0	-1	-1	1	1	2	2	2	3	3	1	0	1	0	3	5	4	5	3	2	2	2	0	3	4	4	1	3	3	4	5	2	2	4	3	2	0	3	2	3	3	4	5	2	2	6	3	0	2	0	2	0	2	1	2	5	2	8	7	2	2	4	3	0	0	1	1	1	3	6	4	2	2	4	3	0	2	1	1	0	1	0	0	3	3	6	3	3	2	6	6	4	3	7	5	2	3	3	2
10	1	2	1	4	4	2	6	4	4	2	5	3	4	3	4	6	2	2	3	4	3	3	7	4	3	3	2	2	1	2	3	3	3	3	3	2	5	3	7	5	0	2	1	1	3	3	3	3	4	2	4	4	2	1	1	0	3	3	4	5	2	1	1	2	4	3	8	5	5	3	5	7	5	2	6	4	3	3	5	2	3	2	5	3	4	3	6	3	5	3	7	5	2	2	4	3	-1	0	0	1	3	2	5	4	3	3	3	2	5	2	3	3	5	3	7	3	5	4	7	3	2	2	2	3	4	2	4	2	3	2	6	5	2	3	0	3	1	3	4	4	1	1	0	1	1	1	2	3	0	2	2	1	2	0	4	1	3	1	3	2	3	3	5	4	5	5	6	3	3	1	4	3	1	1	1	2	1	1	0	2	3	2	1	3	1	2	3	4	5	3	4	2	1	2	2	3	0	1	0	0	3	2	4	3	4	3	4	4	5	2	7	4	2	2	3	1	2	1	0	0	5	4	9	7	4	3	3	4	2	3	4	3	3	3	3	5	0	0	1	2
11	5	3	5	4	2	4	3	5	4	5	2	6	5	3	7	5	3	4	5	3	6	4	7	7	6	6	10	5	4	4	3	4	5	5	6	7	7	6	8	6	7	6	7	6	7	4	7	6	4	5	5	5	4	4	7	5	6	6	8	7	6	5	8	6	8	5	8	6	2	3	9	5	4	5	7	4	5	5	6	5	4	4	6	3	3	3	5	4	7	6	7	7	4	3	3	3	4	5	7	6	6	4	6	7	4	5	8	7	6	5	5	7	3	3	5	4	7	5	7	6	7	6	9	9	6	5	9	6	2	3	3	5	6	5	9	8	6	3	5	5	9	6	8	5	6	4	8	4	5	5	6	6	5	3	6	5	6	6	9	7	6	4	8	4	6	5	7	7	10	7	13	9	7	5	7	5	6	4	9	5	3	1	3	2	8	6	11	10	4	3	4	4	9	4	10	8	5	4	7	6	8	6	10	7	5	4	5	7	7	5	8	6	4	5	9	4	6	3	6	6	3	5	7	6	7	5	9	6	5	6	8	4	2	4	1	2	6	5	5	5
12	5	3	4	5	3	3	5	5	6	4	7	5	2	2	3	2	4	3	6	4	6	5	7	4	5	5	7	5	4	3	5	4	4	3	5	4	3	4	9	6	1	1	1	4	3	2	6	5	5	2	7	4	3	4	3	1	5	4	6	3	6	4	7	6	4	3	6	3	3	3	4	6	4	3	6	5	1	3	7	2	5	4	5	5	6	4	7	8	4	4	9	4	1	3	6	3	2	3	0	3	4	3	3	5	6	4	4	4	2	0	2	3	1	2	2	2	3	4	2	4	3	4	7	6	3	4	1	5	6	4	7	6	5	3	6	4	4	3	5	3	3	4	7	5	5	3	7	5	3	4	3	3	3	4	6	3	5	4	7	6	5	4	8	5	2	3	4	3	5	4	6	5	4	3	6	7	3	3	10	5	6	3	7	5	5	3	7	2	5	5	8	6	4	3	5	5	4	2	4	4	0	1	2	1	3	3	3	2	6	3	7	5	4	4	7	6	5	3	6	5	6	3	8	6	4	2	4	5	6	4	11	6	4	2	5	2	2	3	2	4
13	0	2	4	2	6	4	6	5	3	3	6	5	5	4	6	4	3	3	6	3	1	3	3	5	3	3	6	3	2	3	1	2	2	3	5	3	1	2	3	1	5	4	7	4	3	3	3	3	5	4	6	4	6	5	8	6	3	2	2	3	5	3	7	5	2	1	2	3	4	2	4	2	5	4	5	3	4	3	5	4	4	2	9	3	7	5	11	8	4	3	5	4	2	3	4	2	5	4	6	3	3	3	6	4	3	4	5	4	6	3	8	6	5	4	6	5	5	4	5	4	6	3	9	5	4	3	5	4	4	4	6	6	1	3	3	3	6	5	9	6	3	2	5	4	2	4	3	2	4	3	4	1	5	3	4	4	6	4	8	6	6	5	9	5	4	4	7	5	1	3	2	2	4	3	3	3	4	4	5	4	8	5	10	7	2	2	0	2	7	4	6	5	3	4	5	4	7	5	9	6	2	2	4	4	6	4	6	4	2	2	2	2	5	3	8	6	7	6	8	7	7	5	11	6	7	4	7	6	7	6	10	8	7	5	8	7	5	2	4	3
14	4	3	7	3	4	1	4	3	2	2	5	4	6	4	9	5	4	3	7	4	5	2	4	3	2	2	1	3	3	2	4	3	5	2	6	3	3	3	5	4	3	2	3	2	4	1	6	5	2	2	4	2	6	4	9	6	6	2	7	5	4	3	4	3	4	4	5	4	3	3	4	4	4	4	6	4	3	3	7	3	1	2	4	3	2	3	4	3	4	3	8	6	5	5	8	5	4	4	7	5	3	3	4	2	7	5	8	5	3	3	6	3	5	3	5	3	4	4	7	3	8	4	9	6	4	3	3	1	4	3	3	6	0	2	1	0	3	4	5	4	5	4	6	4	7	5	7	6	0	1	2	1	5	3	4	5	6	5	7	6	2	3	5	4	1	3	2	3	3	3	6	3	4	4	5	5	4	4	7	4	5	5	6	5	4	3	4	4	3	5	5	5	8	6	9	8	4	3	5	4	4	3	6	3	1	2	3	1	4	4	7	3	4	3	6	4	3	3	4	4	1	2	4	2	3	4	5	3	3	3	2	2	4	3	3	3	7	5	8	4
15	3	3	5	4	1	2	4	3	0	0	4	1	2	1	3	2	2	1	4	2	2	1	4	3	2	0	5	2	5	3	6	5	2	2	5	3	3	1	3	2	2	2	2	4	2	1	1	2	4	3	3	3	5	2	5	3	3	3	6	5	0	1	0	1	2	2	6	4	2	3	3	2	0	2	0	1	3	3	4	2	3	3	6	4	6	4	8	4	2	3	4	4	0	2	4	2	3	2	3	4	3	2	5	2	0	1	0	1	1	0	0	0	2	3	2	3	3	2	2	3	2	1	5	3	0	0	1	0	2	0	1	3	2	1	1	3	4	3	5	5	1	2	1	2	1	1	2	2	3	1	3	4	4	2	3	1	4	3	3	3	7	3	8	6	2	2	2	2	2	2	4	2	0	3	2	1	6	3	7	6	2	1	0	0	2	3	5	3	5	3	7	5	2	2	3	1	6	4	7	4	4	2	4	4	0	2	0	2	3	2	6	2	1	2	3	3	3	3	6	6	1	2	3	4	4	3	4	4	1	1	0	2	1	1	3	3	2	3	2	3
16	3	3	8	4	5	3	4	4	8	5	6	6	6	5	7	6	4	3	2	3	7	7	8	7	6	3	11	6	11	6	11	8	8	5	10	8	6	5	9	5	10	8	12	9	10	8	14	10	5	4	3	4	7	6	8	8	7	5	7	5	6	6	9	7	5	5	10	6	6	4	4	6	6	5	10	5	9	7	13	9	4	6	7	5	5	5	6	6	10	5	11	8	7	5	10	7	5	3	4	5	7	4	10	8	7	6	10	8	9	5	11	7	6	3	9	6	8	7	7	6	3	5	7	5	6	5	11	6	5	4	7	4	5	5	8	6	7	6	9	7	5	4	5	5	7	6	9	7	8	6	9	7	9	6	7	6	8	7	11	9	6	6	7	6	8	6	8	7	6	6	7	6	6	5	6	5	6	5	10	6	6	4	5	5	5	5	6	4	5	5	6	5	7	7	10	8	6	3	8	7	8	5	7	5	7	5	9	7	6	5	9	6	5	4	6	6	9	6	8	6	6	6	6	7	4	4	8	6	6	6	10	4	9	5	10	7	6	6	8	7
17	6	4	10	5	3	5	5	3	6	3	6	6	5	4	10	5	4	4	3	4	2	4	1	3	3	3	4	3	6	4	5	5	4	3	3	4	7	6	7	7	4	3	10	5	3	4	5	5	3	4	2	4	2	4	4	5	5	4	7	5	4	3	4	4	5	3	7	5	2	4	5	5	4	3	6	6	2	4	5	3	7	4	10	8	3	4	6	5	2	3	4	4	3	1	5	1	5	4	6	6	2	3	3	4	2	3	7	4	4	4	8	7	3	3	5	4	3	3	3	3	7	4	9	6	0	3	1	5	6	5	6	4	4	5	9	4	5	2	5	3	5	4	6	5	6	4	7	3	5	5	7	6	5	3	7	6	3	4	7	5	6	4	8	5	4	4	7	5	2	3	5	4	1	3	2	2	6	4	4	5	4	3	7	4	4	4	5	3	4	4	7	5	2	3	4	3	4	3	8	6	3	3	4	4	5	4	9	6	8	6	10	7	2	3	1	4	6	3	8	4	7	5	7	5	4	3	1	5	4	2	3	5	7	3	7	7	1	1	1	3
18	0	0	0	1	0	0	0	1	2	3	4	1	0	0	0	1	1	1	0	2	6	3	6	5	1	2	2	0	0	0	0	2	2	1	1	1	-3	0	-1	1	1	0	3	2	0	1	1	0	1	1	2	1	-1	1	-1	1	1	0	0	1	0	0	0	0	0	1	-1	2	4	2	6	2	4	1	7	3	0	0	1	1	-1	1	2	0	1	0	0	1	0	1	1	0	0	1	2	1	1	1	1	1	0	0	-2	1	-1	1	0	1	1	3	3	3	1	1	0	0	0	1	2	1	0	1	2	1	0	0	0	0	2	1	4	4	0	0	2	2	4	3	4	3	1	2	1	2	1	1	1	0	0	1	0	3	0	0	-1	0	0	0	0	0	2	2	3	2	0	1	0	1	0	1	0	1	1	0	3	2	1	1	1	1	-2	0	-3	-1	3	0	2	2	2	1	3	1	0	0	0	0	3	1	5	4	2	2	3	2	2	3	2	2	0	1	0	1	0	1	2	2	1	2	1	0	1	2	2	3	0	0	1	0	2	1	2	0	0	0	0	0	-1	1	1	1
19	6	3	5	4	3	4	6	3	5	3	6	6	4	4	4	4	4	3	8	5	6	4	9	6	3	3	5	5	4	2	6	4	5	4	6	6	1	0	3	1	5	3	6	4	8	6	8	9	9	5	9	8	5	4	7	4	3	3	2	5	4	4	6	5	3	4	4	3	7	5	10	6	3	3	7	3	5	5	7	5	6	3	8	4	4	3	3	3	6	4	7	5	3	2	5	5	4	4	6	5	6	5	7	5	2	3	4	3	6	4	10	6	4	5	6	4	5	5	8	5	5	3	5	4	5	3	5	4	5	4	4	5	3	3	3	3	3	4	4	4	6	5	9	5	1	2	2	3	3	3	1	3	3	4	1	4	2	1	5	4	5	5	7	6	2	2	5	3	2	1	1	1	2	4	5	3	5	3	5	3	6	5	6	4	3	3	4	2	8	5	8	8	5	3	7	5	6	4	7	5	4	2	4	3	9	6	7	6	6	3	5	4	3	3	4	3	5	4	4	5	2	1	2	3	5	4	5	4	5	4	4	4	7	3	6	6	6	4	8	6
20	4	2	3	1	4	5	6	4	4	3	8	4	3	1	2	2	0	2	2	1	4	3	5	4	2	2	4	3	5	3	5	4	5	4	5	4	3	3	5	2	5	4	6	3	4	2	4	4	4	3	3	3	4	4	5	3	4	4	6	5	2	0	0	2	0	2	1	1	3	1	4	4	4	1	5	3	4	2	3	3	4	4	5	5	4	3	4	5	3	2	5	3	1	2	4	2	2	2	2	3	3	4	5	5	4	2	6	3	5	3	8	5	3	1	4	3	5	3	7	4	5	3	6	5	5	4	5	3	2	2	3	1	3	2	5	2	2	3	5	4	5	2	4	3	4	3	4	4	5	4	6	6	1	3	3	3	3	1	1	4	4	3	3	3	2	1	4	4	2	3	3	4	0	1	-1	2	0	0	2	3	4	2	6	2	2	3	1	2	1	0	1	2	0	1	-1	2	3	1	4	4	4	4	2	3	4	4	8	5	4	3	4	2	4	3	7	5	3	4	5	3	3	2	6	4	2	3	5	3	1	1	3	4	4	1	3	3	4	4	7	4
21	1	1	0	1	2	1	3	4	1	1	1	1	2	2	5	2	3	2	4	2	2	3	4	2	1	0	1	2	4	1	5	1	0	1	0	2	1	2	5	3	5	2	5	4	2	1	3	3	4	2	2	3	2	2	1	1	2	1	2	2	3	1	5	3	0	2	1	1	0	0	1	1	4	3	6	4	4	2	2	3	2	2	4	2	1	0	-2	0	5	3	4	4	6	4	12	5	1	1	2	3	2	2	4	5	2	3	4	3	1	1	1	3	1	1	2	2	1	0	1	0	0	2	2	3	3	3	4	3	1	2	2	2	2	1	2	2	3	3	3	0	0	0	0	0	3	2	4	3	0	0	1	0	1	1	2	3	1	1	3	1	1	2	3	1	3	3	4	5	0	1	0	1	1	1	0	3	0	1	0	0	0	1	-1	2	2	1	3	1	1	2	5	1	1	1	0	0	2	2	3	3	3	1	5	0	1	1	-1	1	-1	1	1	1	3	3	3	4	1	2	5	3	7	4	8	5	2	3	4	3	0	0	1	1	1	1	0	2	1	3	5	2
22	4	4	8	5	4	3	6	3	5	3	7	6	4	3	5	5	0	2	3	2	4	3	4	3	4	2	7	4	4	2	3	3	5	3	5	3	3	4	4	5	1	2	4	2	3	2	1	2	5	5	5	5	3	2	1	2	1	3	2	1	5	2	5	3	2	2	2	3	1	1	3	3	1	2	2	2	6	3	4	4	4	3	6	4	5	4	4	4	2	3	5	4	5	3	4	3	4	5	6	3	0	3	1	0	2	2	4	4	3	3	5	3	4	4	7	4	0	2	3	4	2	3	4	3	2	3	2	3	5	4	6	4	5	3	8	5	4	3	6	6	3	2	3	2	4	4	8	3	5	4	8	5	4	2	5	3	5	3	6	3	2	1	1	0	3	3	4	1	3	4	5	3	3	4	4	1	3	3	3	4	6	4	5	5	4	3	7	3	6	3	5	5	3	1	0	3	2	2	4	3	4	3	4	3	3	3	4	3	1	1	1	2	5	2	5	3	4	2	6	3	4	3	4	3	3	1	6	5	3	3	3	4	4	4	6	6	5	3	6	3
23	1	2	3	1	3	2	4	6	2	2	4	2	3	2	5	2	1	0	2	2	3	3	6	7	2	2	4	2	4	3	6	4	4	1	3	2	0	1	1	2	5	2	5	3	0	0	2	1	3	2	4	3	1	2	3	1	0	0	-3	1	3	2	3	2	0	0	0	1	3	2	4	3	4	2	2	3	0	1	1	3	2	2	2	2	4	3	4	3	1	1	3	2	4	3	4	5	3	2	2	1	0	1	1	2	0	0	0	0	0	0	0	-1	5	3	2	4	4	1	1	1	4	4	6	4	1	2	5	4	5	2	4	3	4	3	4	4	0	1	3	0	2	2	8	3	2	3	3	3	4	2	6	4	3	3	5	4	4	2	2	2	3	1	3	1	4	2	4	4	3	3	2	1	4	3	3	3	2	2	2	4	1	2	4	3	2	1	0	1	3	3	5	3	2	2	5	3	1	2	3	1	1	3	1	1	1	0	3	2	0	0	3	3	1	2	4	2	0	1	1	2	1	0	-1	1	4	2	5	4	2	2	2	2	0	1	1	1	1	1	3	1
24	5	2	6	4	3	4	4	5	2	1	5	4	4	2	6	4	1	2	2	2	5	4	5	3	0	2	6	1	2	3	3	3	5	3	7	6	4	3	5	4	4	4	4	4	2	2	1	2	2	2	1	1	6	3	6	7	3	0	3	2	2	1	5	3	3	4	6	5	5	2	6	5	3	3	5	5	1	2	3	3	2	1	0	1	3	2	5	3	1	1	4	0	1	3	4	4	3	3	6	5	4	3	6	6	2	2	2	4	1	1	2	0	5	3	5	2	2	3	5	3	2	3	3	2	0	1	1	1	5	2	5	2	3	1	7	7	1	2	2	3	4	2	3	3	2	2	3	2	3	2	6	4	2	2	2	1	0	2	3	3	3	2	2	2	2	1	4	2	3	2	2	3	2	2	3	1	3	2	6	2	3	3	4	4	5	2	5	4	0	1	2	1	3	2	3	3	4	3	4	3	6	3	5	5	3	3	2	2	1	3	2	3	2	1	4	3	4	2	5	3	5	2	5	5	4	2	2	3	3	2	3	2	4	3	2	3	3	2	4	5
25	2	2	2	6	3	4	6	5	2	4	4	5	3	3	8	5	3	1	5	3	4	4	6	3	2	2	3	3	5	3	5	2	-2	0	1	1	3	3	5	2	2	3	1	2	1	2	3	3	1	1	1	1	3	1	4	3	3	3	6	3	0	2	2	1	5	3	4	4	2	1	2	1	0	3	0	2	3	3	4	3	2	2	3	2	3	3	7	4	3	2	3	2	3	2	5	3	4	2	1	2	0	1	1	2	5	4	6	3	2	2	6	3	2	2	1	2	3	1	3	1	5	4	8	4	2	1	1	3	1	1	3	0	2	1	2	3	1	3	0	3	4	2	5	4	2	3	4	2	3	1	6	4	4	2	3	2	1	2	4	4	2	1	1	2	5	3	5	4	0	1	1	2	2	3	3	5	3	2	3	3	4	4	6	2	0	2	2	1	3	2	4	0	6	4	7	6	5	3	4	3	-1	1	2	1	4	2	4	3	2	0	2	4	0	1	2	1	2	1	4	3	4	2	4	2	3	2	4	3	4	4	8	5	0	1	1	1	2	4	5	2
26	2	1	2	2	3	2	3	1	2	1	1	0	0	2	0	1	0	0	1	0	0	2	0	3	4	1	6	4	3	2	2	2	4	2	4	3	3	2	2	3	3	2	3	4	3	2	3	2	2	2	2	1	0	0	0	1	0	0	1	1	-2	0	-1	0	0	2	4	1	4	1	4	3	1	2	3	2	2	1	2	2	1	1	0	1	6	3	10	5	2	3	3	2	4	2	5	3	2	1	1	1	1	1	4	1	1	1	3	2	3	2	4	3	2	1	1	0	2	1	4	3	0	1	-1	0	0	0	2	1	0	0	1	1	2	2	2	2	1	1	2	0	1	0	1	1	3	2	4	4	3	2	4	2	0	0	1	0	4	1	3	3	0	1	0	0	0	0	0	3	3	3	5	4	2	2	5	3	4	4	4	3	-1	0	1	0	-1	0	-1	1	0	0	0	0	1	2	7	3	2	0	1	1	-1	0	0	0	2	2	1	0	1	2	4	3	2	2	3	3	0	0	2	0	-1	1	0	0	1	0	0	0	1	1	1	3	2	1	3	2	0	0	-3	0
27	6	4	10	5	5	4	8	3	6	5	8	5	4	3	2	4	3	4	4	3	5	5	7	3	6	5	8	6	8	4	8	7	5	5	7	7	7	5	8	5	4	4	4	3	4	4	7	5	3	3	5	6	4	4	5	3	6	4	9	6	6	5	7	7	7	4	7	6	5	4	4	5	6	2	4	5	4	3	9	7	6	5	6	5	7	5	8	5	5	4	5	3	8	5	8	5	3	4	6	5	5	4	8	7	5	3	4	3	1	2	2	2	4	4	2	3	4	4	7	5	5	5	8	5	2	4	3	2	4	2	4	3	7	5	7	7	5	2	6	7	8	4	6	6	3	3	5	2	6	4	5	3	5	3	7	4	5	4	7	5	3	4	5	5	7	4	5	4	0	3	0	2	7	5	7	7	8	5	8	7	2	2	3	3	5	3	5	5	5	5	10	7	7	3	8	8	9	5	7	6	3	4	4	5	9	6	11	8	4	3	4	2	5	5	9	7	4	3	8	5	4	3	6	4	5	4	3	5	2	3	3	2	7	3	9	6	6	3	5	6
28	4	4	4	3	4	3	4	3	3	4	5	4	1	2	3	2	4	4	7	5	0	2	1	1	1	1	1	2	3	2	5	3	3	2	2	4	3	2	5	4	5	4	8	6	3	3	3	3	2	4	4	5	4	3	5	6	2	2	4	4	4	4	4	2	4	4	4	4	2	2	3	4	3	3	5	4	3	4	5	4	3	3	4	3	3	3	5	3	5	4	5	3	7	3	8	8	6	4	8	5	2	2	3	2	0	1	3	3	2	3	6	3	6	4	7	6	2	4	8	3	3	3	4	3	5	5	7	6	5	2	7	4	2	2	3	2	2	3	5	4	7	4	6	4	5	4	5	4	4	3	4	5	2	1	3	5	5	3	7	5	2	3	4	4	1	1	2	1	4	2	5	4	6	4	3	4	8	4	11	5	4	2	3	2	4	3	4	2	4	4	8	4	5	4	9	5	4	3	7	4	4	3	4	2	4	3	4	4	6	4	7	6	5	4	8	4	0	3	2	2	6	3	7	7	4	4	5	4	4	3	6	4	3	3	4	5	2	4	6	3
29	2	3	5	2	2	1	2	2	2	1	4	4	0	1	3	1	2	1	4	2	4	2	5	4	3	2	2	4	3	3	4	4	0	1	2	1	2	2	2	1	1	3	6	2	1	1	3	2	4	3	5	4	2	1	1	1	3	1	4	2	3	2	3	2	2	3	3	3	1	1	2	1	1	2	2	2	0	0	2	0	1	0	1	1	1	1	1	3	2	2	3	1	3	4	6	4	5	2	4	4	3	1	3	2	2	2	2	5	2	0	2	3	3	1	1	3	0	1	-1	2	2	1	1	4	1	2	3	2	4	1	6	3	2	0	4	1	4	2	0	0	0	2	2	1	1	3	4	3	4	3	2	2	2	2	2	3	5	2	3	2	0	0	-1	2	3	4	7	4	2	1	4	2	0	1	3	1	2	1	3	1	3	3	4	4	1	0	1	2	4	3	8	4	1	0	4	0	3	3	4	2	1	2	4	3	2	2	3	2	0	0	0	0	0	0	0	2	1	3	2	4	3	1	6	2	0	1	0	0	5	2	5	6	3	3	5	5	0	1	2	1
30	6	5	8	7	3	3	5	3	6	4	6	6	7	4	10	5	9	5	8	7	4	4	7	5	3	4	6	4	5	4	5	3	6	5	8	5	5	3	3	3	1	2	0	3	10	6	9	7	10	4	10	8	4	4	6	5	7	6	7	7	5	4	7	5	9	5	9	5	5	5	10	5	6	5	7	4	2	3	6	3	7	6	9	7	4	3	6	5	5	3	5	3	5	5	7	3	4	5	5	4	8	5	9	6	2	3	6	3	6	5	6	4	7	6	10	7	7	6	8	8	6	5	10	7	8	7	10	7	7	5	7	5	5	5	5	4	5	4	8	7	7	5	10	7	8	6	11	9	3	3	4	2	5	4	6	6	9	6	9	6	3	4	7	5	4	4	6	2	8	5	9	7	3	4	6	6	4	4	6	6	5	5	8	7	7	5	9	6	4	5	2	4	7	5	7	7	4	4	6	4	2	3	3	3	6	6	8	8	7	4	10	6	5	3	7	4	6	6	8	7	2	4	5	5	5	5	8	5	5	5	6	4	3	5	6	4	5	6	10	6
31	6	5	8	4	3	3	3	1	2	3	5	4	6	5	7	6	4	4	4	5	1	2	0	2	4	3	5	4	3	2	3	2	4	3	3	3	5	4	10	5	9	5	10	6	4	3	1	3	5	4	5	6	4	4	4	4	0	3	8	5	4	4	10	6	6	5	5	5	0	3	5	3	4	3	6	4	4	3	5	6	1	1	0	1	5	4	6	4	2	2	2	1	4	4	5	4	4	3	7	5	6	4	8	5	5	3	6	4	3	4	5	5	5	3	6	6	1	3	3	3	4	4	7	4	6	5	7	5	6	4	7	5	1	2	2	3	4	4	8	4	1	2	2	3	3	3	5	4	5	5	7	5	1	2	0	1	3	3	4	4	8	5	9	6	1	4	3	3	5	4	8	6	5	3	4	5	5	4	7	5	4	5	8	5	4	2	1	3	3	3	3	3	3	2	4	3	8	5	11	6	5	4	4	6	5	4	7	3	4	2	5	3	4	2	5	5	7	6	7	6	3	2	6	2	3	3	6	3	5	3	6	3	4	3	4	6	8	5	8	7
32	0	1	0	1	6	5	7	6	2	3	1	3	6	3	7	4	1	2	1	2	5	3	5	3	3	2	7	4	0	1	1	3	1	1	2	2	4	2	4	5	4	5	3	5	2	1	3	2	4	2	4	3	6	5	7	6	3	1	5	3	5	3	6	4	4	2	8	3	1	1	3	2	3	1	4	3	2	3	5	5	2	2	5	5	5	4	6	6	1	2	2	2	1	2	0	2	3	3	6	4	2	4	2	2	2	4	4	3	6	3	9	3	1	2	3	4	6	3	5	5	2	4	1	2	5	2	4	4	6	3	5	5	0	1	3	3	1	1	0	1	3	3	4	2	3	3	5	4	2	3	6	5	4	3	7	5	3	2	4	3	3	2	2	3	5	3	4	4	1	1	1	1	5	4	4	3	3	3	3	3	2	2	1	3	0	3	1	2	2	2	5	3	7	4	7	7	1	2	4	3	2	2	4	2	4	3	7	4	4	3	4	3	6	4	4	2	2	1	6	3	4	3	8	6	0	1	2	2	4	4	4	4	3	2	2	3	5	4	4	4
33	4	5	7	4	8	5	6	6	7	5	9	6	6	4	5	4	4	4	6	5	4	2	2	4	5	5	4	4	4	4	6	6	7	5	11	6	3	3	2	4	2	4	6	4	4	5	7	4	5	5	8	4	6	5	8	6	4	3	4	5	6	4	7	6	4	4	5	5	7	4	8	6	6	4	10	6	4	4	5	3	6	3	5	4	6	5	8	5	2	3	1	2	3	4	6	5	6	5	8	3	3	4	6	4	6	3	6	5	5	4	6	4	1	4	5	5	2	3	5	3	3	4	7	6	3	4	5	5	4	3	5	6	7	5	7	6	5	4	6	5	6	5	7	6	6	3	8	4	6	4	6	5	7	3	6	6	4	4	5	4	6	5	8	7	3	3	4	3	6	4	9	5	4	4	9	5	6	4	6	5	4	2	5	5	6	4	6	5	4	4	9	7	0	2	2	2	3	4	6	5	5	6	8	6	3	3	6	7	4	2	5	3	5	2	7	3	6	4	9	6	3	3	4	2	6	4	5	5	3	3	3	4	4	3	6	4	4	3	5	3
34	3	3	4	2	6	3	5	2	6	4	8	6	4	3	6	4	5	5	6	5	0	2	1	4	2	4	4	3	6	4	7	4	2	4	6	4	2	4	4	4	6	5	8	6	4	4	4	5	4	4	6	5	4	3	6	5	7	5	5	5	5	4	6	4	1	4	5	4	5	5	6	5	5	7	10	6	6	4	5	5	3	5	5	6	5	4	7	5	6	4	8	6	5	3	5	6	4	3	8	4	3	4	5	4	2	5	7	5	5	4	4	5	4	5	4	6	7	4	7	6	6	4	6	4	3	3	2	3	4	3	3	4	6	4	7	5	7	4	6	5	3	4	2	4	2	3	7	4	5	4	5	6	3	3	4	5	6	5	7	4	4	4	4	6	4	3	4	4	7	5	9	5	7	3	7	6	5	4	9	5	5	5	5	5	4	4	4	5	5	3	6	3	6	4	7	5	7	4	7	5	3	4	5	5	3	5	5	6	4	3	5	4	8	6	11	5	0	3	1	2	3	4	8	6	7	3	4	5	4	3	4	5	3	5	9	6	3	3	3	4
35	6	5	6	6	2	2	5	3	2	2	1	2	4	4	5	3	5	4	8	5	5	3	4	2	5	4	5	4	6	3	5	6	2	4	5	4	5	3	6	5	3	4	8	7	7	4	8	5	5	4	6	3	6	5	9	7	5	3	7	6	9	4	6	3	0	4	1	3	2	2	4	3	4	3	5	4	5	4	7	4	8	4	4	4	5	4	9	5	3	2	2	4	4	3	5	4	6	3	6	5	4	3	6	5	5	3	5	6	4	3	4	4	4	4	8	4	4	3	5	5	5	3	4	6	3	2	4	2	4	3	5	3	3	3	3	3	2	2	2	3	5	4	2	4	5	3	7	3	5	4	6	5	7	5	5	6	5	5	7	5	6	5	9	6	5	3	5	5	5	3	6	4	5	5	8	5	5	4	7	3	2	2	3	3	3	4	6	3	5	5	7	5	4	4	4	6	6	3	8	3	4	5	6	3	5	4	5	4	4	4	6	5	6	4	6	7	3	2	8	5	7	4	7	5	4	4	6	3	3	3	5	4	5	5	7	5	6	4	9	7
36	7	4	10	7	3	3	4	5	3	3	6	4	4	4	9	5	7	4	9	5	4	4	4	4	5	4	7	6	3	4	3	4	4	5	4	5	6	4	7	4	3	4	7	3	5	4	6	5	3	2	2	3	7	4	10	5	5	4	6	4	4	3	6	2	7	4	6	6	3	3	2	3	4	4	5	5	5	5	6	6	5	4	5	5	5	4	7	5	5	3	5	5	0	2	2	2	3	3	4	3	4	3	6	4	7	5	10	6	3	3	4	4	8	4	6	4	3	3	5	4	2	4	5	4	5	4	2	3	8	5	7	6	7	5	6	6	6	4	7	6	7	3	8	6	5	4	6	4	7	4	6	5	4	4	6	5	2	2	4	5	4	3	2	4	3	3	5	6	5	4	8	5	3	3	5	2	5	2	4	4	2	2	3	1	6	6	8	4	4	4	6	4	4	4	7	5	2	2	3	3	3	3	4	3	5	4	6	5	3	3	4	4	0	1	4	2	6	5	7	3	6	4	5	5	4	3	1	4	6	3	7	4	4	3	3	3	6	4	5	5
37	4	3	4	4	3	4	3	3	2	3	4	4	4	3	3	4	3	4	5	6	5	4	6	5	5	4	7	4	4	3	2	1	3	3	5	3	4	4	7	8	5	2	6	4	5	4	6	5	6	5	9	5	3	4	5	1	6	5	10	5	3	3	4	4	4	3	7	3	4	3	5	3	3	3	6	4	6	2	2	5	5	3	2	4	5	3	5	5	0	2	2	2	3	3	4	2	6	4	6	5	5	3	4	6	6	3	9	4	5	5	5	6	6	4	7	5	7	4	7	4	2	3	3	2	4	4	6	4	7	4	8	6	2	3	5	3	4	4	8	6	4	4	6	6	6	3	8	5	4	3	5	6	5	3	4	5	3	4	6	4	4	4	6	6	4	4	5	5	5	4	6	4	5	3	4	5	5	4	6	3	8	5	8	7	9	4	10	6	7	5	9	6	5	3	6	5	1	4	1	3	5	3	6	6	7	2	8	5	5	4	8	6	3	3	4	3	3	3	2	2	4	3	6	4	6	4	4	4	6	4	7	4	5	4	8	7	4	3	3	5
38	0	1	4	1	2	1	0	0	3	3	5	3	5	3	8	4	4	3	5	4	3	1	0	2	6	5	8	5	4	4	4	3	5	5	7	6	4	4	6	3	6	3	8	5	3	3	5	4	2	1	3	4	2	3	4	3	3	2	6	4	3	3	6	4	6	3	6	5	2	4	4	2	2	4	3	3	3	4	5	4	4	3	2	3	4	2	4	2	0	2	3	2	4	5	7	5	3	2	5	3	1	3	5	3	3	2	4	3	3	2	6	3	0	4	3	2	2	1	5	2	1	2	1	1	6	4	9	6	4	3	5	5	1	2	3	1	4	3	6	6	6	4	5	3	4	3	5	3	3	2	5	3	3	2	3	5	4	3	6	3	2	3	7	4	5	4	7	4	7	5	7	4	5	2	4	2	1	2	2	2	2	3	7	5	8	5	9	7	2	4	4	4	6	2	6	6	2	2	5	5	3	2	7	4	3	3	4	4	4	2	4	2	7	4	8	4	4	3	5	3	2	2	7	3	5	3	6	4	7	5	8	5	3	3	7	4	3	2	2	3
39	2	2	2	3	0	1	0	1	0	1	0	1	6	3	7	5	3	4	2	2	3	3	6	2	7	4	5	5	2	3	4	3	3	2	4	1	4	2	4	3	4	4	5	3	3	1	2	2	4	4	7	3	4	3	6	3	2	1	3	3	2	2	4	2	5	5	4	3	5	5	9	4	6	4	8	6	4	3	5	4	3	2	3	4	2	2	2	2	3	2	5	3	1	3	4	4	6	3	6	3	3	1	7	4	0	3	-1	0	0	1	0	2	1	3	5	3	3	3	3	4	0	1	2	0	1	2	3	3	3	4	6	4	4	4	7	5	1	2	0	1	1	2	2	2	2	1	1	2	5	2	6	3	5	3	6	5	1	2	6	4	2	1	2	2	1	3	4	3	5	2	2	2	4	3	4	3	4	5	9	5	1	3	1	2	5	2	5	3	1	2	1	2	4	0	4	3	5	2	4	3	2	3	3	3	6	5	8	7	5	3	4	3	3	2	2	4	4	2	1	1	5	4	9	6	5	3	6	4	2	3	5	2	1	3	3	3	1	3	2	4
40	3	2	2	3	5	4	7	5	2	3	5	2	1	2	3	2	3	4	6	3	5	4	6	6	2	3	4	2	2	3	4	3	3	3	5	5	1	1	7	4	4	3	3	4	5	3	7	5	3	2	4	4	2	3	2	2	2	2	4	3	3	3	2	2	6	3	7	5	4	1	3	2	2	3	5	3	1	0	4	2	1	3	5	4	2	3	2	3	3	2	3	2	3	2	3	1	3	4	4	3	3	2	2	3	4	3	8	5	3	4	5	4	4	3	5	4	2	2	3	4	0	1	1	1	2	1	5	2	6	3	7	3	2	3	2	2	0	2	1	1	1	4	9	4	4	2	5	3	2	2	4	3	3	3	6	4	6	4	6	3	5	3	8	4	3	3	6	1	3	1	4	4	0	1	3	0	3	1	2	2	7	3	9	6	6	3	5	4	3	2	3	3	2	3	3	1	0	2	2	2	8	3	10	6	3	2	5	2	2	3	5	3	6	2	8	4	3	2	4	3	3	1	7	4	5	3	8	6	2	3	1	3	6	3	7	5	4	3	4	4
41	2	1	5	1	3	3	5	3	2	2	2	1	1	2	2	3	4	3	4	4	2	3	4	4	3	2	3	2	4	4	7	4	1	1	0	0	5	3	7	5	6	5	4	5	2	3	5	4	5	3	3	6	1	1	2	3	3	3	2	3	3	2	3	2	3	2	4	3	0	2	3	2	3	2	4	5	4	3	3	3	6	3	4	3	7	3	6	5	4	2	2	2	5	2	2	3	1	0	0	3	2	1	1	2	5	2	5	5	1	2	0	2	1	2	4	3	2	3	4	3	1	2	2	5	3	3	4	3	0	2	2	3	-3	1	0	0	3	2	2	4	2	3	6	3	2	1	6	5	2	2	4	0	3	3	4	2	4	3	6	5	-1	0	-2	0	3	2	6	4	0	0	0	2	3	2	1	3	0	1	1	1	3	1	3	1	4	4	8	5	2	2	4	2	4	2	6	4	0	0	1	1	4	3	3	2	4	3	3	3	4	2	4	3	3	2	3	1	3	3	6	5	0	0	0	2	5	3	5	5	2	2	1	2	3	3	5	5	4	3	4	5
42	0	2	1	2	4	4	7	5	4	3	3	4	5	4	6	3	3	3	4	5	6	2	6	5	4	2	6	4	5	4	6	5	3	2	3	4	4	4	7	4	5	3	4	3	5	4	6	5	0	3	6	2	3	2	6	3	2	2	2	4	3	2	7	4	2	2	5	2	7	3	7	6	7	2	6	3	4	4	3	2	4	4	8	6	4	4	6	2	5	3	4	4	6	3	4	5	3	2	5	2	3	3	2	3	4	2	1	2	0	2	0	1	3	3	2	2	5	4	8	4	3	3	1	2	2	1	0	2	6	4	9	5	3	3	6	4	5	4	6	4	3	3	8	3	3	0	3	3	3	2	1	3	1	3	1	1	4	4	4	5	5	4	5	6	4	2	3	3	2	2	3	3	4	3	4	6	0	2	2	1	5	4	8	6	3	3	7	4	1	2	0	1	5	3	4	4	3	3	3	3	0	1	1	0	2	3	5	3	1	2	2	3	2	2	2	0	5	2	3	4	2	3	6	3	6	5	9	5	1	1	0	0	3	3	7	6	2	1	2	2
43	4	2	5	3	3	1	5	3	4	3	5	4	-2	1	1	0	2	2	2	2	2	1	4	1	4	2	4	4	2	2	2	3	4	2	5	3	2	0	2	1	0	1	3	0	2	2	2	3	1	1	1	0	0	1	3	1	1	1	5	2	4	2	3	4	4	3	3	1	0	2	0	2	3	3	4	1	0	2	0	2	2	0	1	2	3	2	3	3	2	0	3	2	1	0	1	1	3	0	4	4	1	0	0	2	3	2	2	1	1	0	-1	1	2	1	4	2	4	2	4	2	1	2	5	4	0	1	3	0	6	2	4	3	3	3	7	5	4	1	5	3	3	2	3	1	1	2	2	1	2	2	5	2	2	3	4	2	2	1	3	2	2	2	3	4	0	0	1	2	4	2	3	3	1	0	3	2	0	1	0	0	1	0	1	1	3	1	5	2	2	2	5	4	2	0	2	3	-1	0	0	0	1	0	4	3	0	2	1	2	0	1	0	2	1	1	1	2	0	2	2	2	3	2	5	3	0	1	2	1	0	1	2	1	2	2	3	2	5	1	3	5
44	5	6	7	6	5	5	7	6	5	6	6	5	5	4	8	6	8	6	11	8	4	4	2	5	6	6	7	7	4	3	5	5	3	3	5	4	7	5	9	7	9	5	8	9	9	6	11	8	7	5	8	5	6	6	6	5	5	6	7	6	7	5	12	7	2	5	3	3	6	5	8	7	5	6	7	7	5	4	5	5	3	4	2	4	6	5	7	7	2	4	8	5	5	5	8	6	7	5	7	4	6	6	9	7	7	6	10	6	7	5	8	5	5	4	5	6	7	5	7	7	6	4	9	7	7	5	6	2	6	5	9	5	8	5	8	7	6	5	7	6	6	5	9	5	9	7	11	9	7	5	9	7	9	7	13	9	7	4	5	6	9	5	13	8	6	6	9	8	6	4	8	5	8	6	10	7	5	4	5	7	7	5	9	6	6	6	8	5	5	5	10	7	3	5	6	5	5	5	8	4	9	6	12	7	7	6	11	8	5	6	11	7	7	6	9	7	7	5	11	8	8	5	10	9	6	7	12	8	9	6	8	7	5	6	7	7	7	6	7	7
45	5	4	7	4	5	4	6	3	5	4	8	6	7	4	8	7	3	3	3	3	6	3	5	3	5	5	7	6	3	2	5	4	7	6	9	8	4	5	7	4	4	3	4	2	3	3	6	4	5	4	10	5	9	7	12	7	3	4	7	7	7	5	8	5	5	3	4	4	9	6	9	8	7	5	9	6	2	3	2	3	6	3	7	4	5	3	9	6	3	4	4	4	4	5	6	6	3	4	6	3	6	5	7	6	6	6	7	5	6	5	8	5	4	4	8	6	6	5	10	6	2	3	6	4	1	2	1	3	7	5	6	4	8	5	9	7	4	5	6	5	8	6	10	7	7	6	9	6	6	6	5	5	6	5	6	5	4	4	5	4	6	4	7	4	6	6	9	6	6	5	6	6	5	5	7	7	4	4	4	4	8	6	11	7	6	5	9	6	4	2	5	5	7	5	8	6	5	3	5	5	7	6	9	5	4	4	6	6	5	4	6	6	5	5	7	5	5	4	9	6	4	3	5	5	4	4	5	5	5	4	8	6	6	5	5	5	6	4	8	5
46	2	2	2	1	0	0	2	1	2	2	0	1	4	2	6	4	2	2	4	1	2	1	4	1	1	1	3	2	4	2	5	3	2	1	4	1	5	1	4	4	3	1	4	3	2	1	2	3	3	3	2	2	2	2	3	3	4	3	7	5	0	1	1	1	3	2	2	1	2	1	3	1	2	0	0	2	2	3	3	4	1	3	4	2	0	1	1	1	1	0	1	3	1	1	0	0	4	3	5	5	6	3	7	6	0	0	0	1	2	2	1	1	1	2	4	3	6	4	6	5	0	0	-1	0	0	1	3	3	1	2	0	1	3	3	5	0	2	2	3	0	2	1	1	3	4	2	6	3	1	0	3	2	7	4	8	5	4	2	4	3	0	0	2	1	1	1	1	0	4	2	2	2	1	1	2	2	2	2	5	1	2	4	5	3	1	1	5	3	2	1	2	2	2	0	2	2	0	1	1	3	3	2	4	3	3	3	5	3	2	2	3	2	2	0	3	2	5	3	7	4	5	2	7	4	3	0	3	2	1	3	1	3	3	2	0	1	2	2	5	4
47	4	3	3	5	3	2	3	4	1	3	1	1	5	5	5	3	0	3	3	4	5	2	1	2	3	3	4	3	4	2	4	4	5	3	6	5	1	1	2	2	8	4	9	6	3	2	1	3	4	3	3	1	0	1	0	2	1	2	2	3	3	3	4	4	5	3	6	3	2	3	6	4	4	1	2	3	0	2	0	2	0	1	1	3	1	2	4	3	4	3	5	4	4	3	5	5	0	2	1	4	2	2	3	4	4	3	2	3	3	4	4	3	7	3	7	6	1	1	2	2	3	2	5	3	3	3	1	4	2	1	1	2	0	1	3	2	3	4	4	4	5	2	5	3	4	4	7	3	4	2	4	3	5	5	7	5	1	2	3	3	0	1	0	3	1	0	1	0	3	3	6	6	2	4	4	3	2	3	2	3	1	3	2	3	4	4	6	4	7	3	7	5	2	2	2	4	2	2	2	2	3	4	6	3	2	2	4	5	3	2	3	2	4	3	5	2	2	1	0	0	3	2	3	2	1	3	6	3	4	3	6	3	0	2	4	1	4	3	5	5
48	5	4	5	4	1	1	1	2	2	1	3	4	4	2	6	5	4	2	3	6	0	3	5	4	3	2	1	1	5	2	3	6	0	2	0	1	0	2	1	2	5	3	4	4	2	2	1	0	0	1	2	1	3	3	5	4	1	2	4	4	0	1	1	0	4	4	6	5	0	3	5	2	2	3	3	3	2	2	4	3	3	3	6	4	3	3	4	4	3	4	4	2	3	3	9	5	2	3	6	5	4	3	5	5	4	4	6	3	5	4	6	3	5	3	6	4	3	2	2	4	4	2	4	4	5	4	8	6	0	1	4	3	4	2	6	6	2	1	3	1	4	3	6	6	0	1	1	2	0	2	1	2	6	2	6	6	3	2	5	3	4	2	4	2	3	4	4	4	5	3	3	4	6	5	9	5	3	1	2	2	2	2	0	2	0	0	0	1	4	4	6	4	3	3	3	3	2	1	3	4	5	5	7	6	2	3	3	3	4	4	8	5	0	0	3	1	4	3	6	5	4	3	3	3	3	4	4	2	0	2	3	3	5	2	6	4	4	4	7	5
49	2	3	6	4	10	7	10	9	10	6	11	8	4	3	5	5	5	4	5	5	2	4	5	3	7	3	5	4	6	4	5	7	5	3	4	7	5	4	6	4	5	5	11	7	2	2	2	2	3	3	6	5	5	4	7	4	4	4	4	4	5	4	10	7	3	4	7	4	4	3	5	3	6	5	9	6	6	3	8	5	6	3	4	4	4	3	4	4	2	2	5	3	3	4	4	6	11	6	10	6	4	5	5	5	7	3	7	5	3	4	5	4	7	4	7	7	5	4	6	4	6	5	7	5	4	2	5	3	3	3	3	3	7	4	8	8	4	4	5	5	6	5	9	4	3	4	4	4	6	5	9	7	4	4	8	5	5	4	6	4	5	5	8	4	4	2	5	3	8	5	8	7	6	5	5	5	4	2	3	3	4	3	7	3	2	3	5	3	1	2	0	3	6	3	6	4	5	4	5	5	3	2	4	3	2	2	4	2	3	4	6	4	3	3	3	2	5	4	7	5	6	4	8	6	1	3	1	4	5	4	4	4	5	3	6	6	3	3	9	3
50	5	3	5	5	4	3	4	3	4	2	8	5	7	4	8	4	5	4	7	3	1	2	3	3	2	3	4	3	4	2	7	3	3	3	5	4	1	2	4	1	1	2	4	2	4	4	7	4	6	2	5	3	3	3	2	3	3	3	2	5	3	4	5	4	4	4	4	4	6	3	7	6	2	1	1	0	3	2	6	2	5	2	2	3	0	2	3	1	4	3	4	3	3	2	5	4	5	4	9	6	-1	1	-1	0	6	4	9	5	3	3	9	4	3	5	6	5	4	4	5	4	3	2	5	3	4	5	6	6	2	1	2	4	3	2	6	3	4	1	5	3	6	3	6	4	4	2	4	3	1	3	5	2	3	4	2	4	4	3	6	4	5	4	9	4	3	3	5	6	4	4	6	3	5	3	7	4	4	2	4	5	4	3	7	4	3	2	3	4	4	3	7	5	0	2	2	0	6	3	5	5	0	1	3	1	2	2	5	3	1	3	1	1	3	3	4	3	2	3	2	3	3	3	6	5	2	2	5	4	3	2	3	3	4	3	7	3	6	4	7	6
51	6	4	6	5	3	3	1	3	6	4	6	6	2	2	3	2	5	2	4	3	5	4	7	6	3	5	4	5	3	3	4	4	3	3	6	4	4	2	8	4	6	3	4	4	2	1	1	1	4	4	4	5	4	3	4	6	5	6	7	5	3	3	6	4	3	3	5	4	1	4	2	2	2	2	5	2	4	3	4	4	2	2	4	4	5	3	6	5	4	3	8	3	2	1	2	3	4	3	7	4	4	4	6	5	5	4	3	5	3	2	3	4	6	2	4	2	4	3	3	4	2	4	3	3	5	3	5	4	3	2	4	4	1	4	4	3	2	2	5	2	3	3	3	3	2	2	5	2	2	1	2	3	2	2	5	1	4	4	4	3	1	2	2	2	3	3	6	5	3	4	6	4	0	2	6	5	3	4	1	1	8	5	10	6	3	4	4	5	3	2	2	3	4	3	7	3	7	3	7	5	6	3	4	5	3	2	6	5	3	2	3	4	5	2	2	4	5	3	3	4	1	3	5	3	4	5	5	7	5	3	6	4	3	4	3	3	2	4	7	5
52	4	4	6	3	5	4	4	5	4	3	2	4	3	1	5	0	2	3	4	4	2	1	4	3	3	2	0	2	3	3	4	4	4	3	5	3	2	2	5	3	2	4	1	3	0	1	2	1	2	4	4	4	4	3	4	5	3	2	2	1	1	2	2	3	3	3	5	5	6	4	5	5	5	4	8	4	6	5	8	7	5	4	9	6	4	3	6	3	7	4	9	7	2	2	6	4	2	3	3	4	4	3	6	4	0	3	1	3	2	1	2	0	6	4	8	5	1	3	3	4	1	4	3	3	1	2	3	2	5	4	5	3	5	3	7	5	3	3	6	4	4	3	4	5	6	5	6	6	3	3	5	3	2	4	4	3	3	3	5	3	2	2	1	3	2	3	3	4	2	2	5	2	8	4	7	6	0	1	0	1	5	4	6	2	2	3	4	2	8	4	7	6	4	3	2	3	4	4	3	4	4	2	6	4	3	3	5	5	3	3	6	3	7	5	8	6	5	4	4	4	5	3	5	4	5	5	8	5	3	3	6	6	2	3	7	4	3	3	6	5
53	4	4	4	5	4	4	6	5	4	3	4	3	5	3	2	4	3	3	5	2	4	5	5	1	8	4	7	4	3	2	3	5	3	4	4	3	6	4	6	5	4	3	5	4	6	3	7	6	3	3	2	3	3	2	5	2	3	2	2	2	2	2	2	4	2	3	3	3	1	2	2	4	3	3	7	5	3	2	6	3	4	3	4	5	3	3	4	1	4	4	6	4	1	2	1	3	-2	2	0	0	6	4	9	5	4	4	5	4	3	4	6	6	0	1	2	3	4	3	8	3	4	4	4	4	4	4	4	4	7	3	5	5	6	4	6	5	3	3	3	4	8	5	7	5	5	4	7	6	5	3	9	5	4	2	5	3	2	3	3	2	3	2	2	1	4	2	5	5	5	3	5	4	3	4	7	4	2	1	3	2	4	1	6	4	7	4	9	7	1	2	1	4	2	3	3	2	1	1	2	2	2	1	5	2	4	3	3	2	2	3	4	1	3	3	1	5	3	1	3	3	3	3	4	4	5	4	6	3	2	2	2	5	0	1	2	2	1	3	1	4
54	1	3	2	4	3	4	4	5	3	5	5	5	4	4	4	4	6	3	7	3	9	4	11	7	9	6	8	7	9	6	11	11	6	6	8	5	4	6	6	5	5	3	5	5	5	4	5	4	6	4	6	5	7	7	8	8	6	6	9	7	5	5	7	6	5	4	5	6	2	4	4	4	5	4	7	5	4	5	6	5	5	5	6	5	9	6	11	8	8	5	11	6	3	4	7	4	4	3	3	3	4	4	4	4	7	5	7	7	7	5	9	5	5	5	7	5	6	6	8	6	5	4	6	5	4	5	5	5	5	4	7	5	6	6	12	8	5	5	4	3	7	5	10	8	5	5	4	3	3	4	5	4	6	4	6	5	6	5	11	6	5	5	7	6	4	4	5	5	1	2	3	2	6	4	8	6	4	3	5	4	6	4	6	5	7	5	10	8	3	4	7	4	8	6	9	5	5	5	6	6	6	5	9	6	4	4	3	4	5	5	8	4	9	4	9	8	8	7	12	8	3	4	4	3	7	4	13	5	5	4	7	6	6	4	10	7	4	5	6	6
55	3	2	3	2	5	2	5	5	5	4	8	4	2	3	4	5	4	3	2	4	3	2	4	5	4	3	4	4	5	3	7	5	5	3	7	3	5	3	6	3	3	3	6	3	5	3	3	5	3	3	5	3	4	3	5	4	1	3	2	2	1	3	4	3	1	2	2	1	3	1	4	3	3	1	1	2	1	3	3	3	0	3	3	3	2	4	4	1	3	3	6	3	4	3	4	5	2	2	4	3	4	3	8	4	1	2	1	2	5	3	5	5	5	4	6	5	3	1	4	4	2	2	4	5	2	2	3	1	3	3	5	3	4	4	4	5	3	1	2	2	1	3	6	3	5	3	4	3	5	4	7	4	5	3	5	5	5	4	7	4	5	3	4	4	1	2	4	2	4	3	4	3	1	2	6	4	2	1	7	3	5	3	6	5	3	3	2	4	3	3	6	3	4	2	6	2	4	2	8	4	2	1	5	1	4	1	4	2	5	3	8	6	4	2	9	5	3	2	2	4	0	2	3	2	2	2	2	2	4	4	6	4	5	4	3	4	2	2	4	1
56	5	5	7	5	6	7	10	7	5	4	10	5	4	4	8	5	7	5	9	5	5	5	8	5	4	4	6	4	5	6	8	5	5	3	6	5	6	5	8	7	8	5	11	8	6	5	5	6	6	5	8	6	3	5	7	5	7	4	9	5	7	3	5	4	5	5	6	4	5	4	9	5	6	5	10	7	9	5	10	6	8	4	8	7	4	3	5	6	8	5	8	5	6	5	8	7	5	4	6	6	6	4	10	7	3	5	5	5	5	5	8	5	1	3	0	2	6	6	7	4	7	5	13	8	10	5	7	7	2	3	5	2	4	6	7	9	5	4	7	5	3	5	6	7	2	4	3	3	7	5	7	4	4	4	5	3	6	4	6	6	6	4	9	6	4	4	6	4	7	5	7	8	8	5	8	7	7	4	8	6	7	5	6	6	7	5	7	7	7	6	10	7	5	4	8	4	3	3	5	4	7	5	9	7	7	6	10	8	6	5	10	6	6	5	7	6	8	6	12	5	4	4	7	5	5	7	10	8	9	6	8	8	6	4	6	4	5	6	7	5
57	2	2	4	3	4	2	5	3	2	0	1	0	5	2	5	2	-1	0	0	0	5	3	7	2	2	1	2	1	0	2	1	2	2	2	3	3	0	0	0	2	2	1	0	1	2	2	3	1	1	1	0	1	5	3	6	4	-1	0	0	1	2	1	1	2	3	2	5	2	1	1	0	1	1	1	2	1	4	3	5	3	-1	0	-1	0	0	0	1	2	0	0	1	1	3	1	2	2	2	1	0	1	3	2	4	2	0	2	0	2	0	3	2	2	3	1	3	5	3	1	1	0	0	0	0	0	0	2	1	1	2	0	3	2	4	3	7	3	0	0	1	1	0	1	1	2	2	2	1	1	-1	2	2	0	0	0	1	0	2	2	6	4	3	2	2	2	0	1	2	0	-1	0	-2	1	0	1	2	3	2	1	5	1	2	1	2	2	3	3	5	4	0	1	0	1	0	0	1	0	4	2	5	4	1	2	0	2	0	1	2	0	1	1	0	3	2	1	2	2	-1	0	0	0	4	2	5	2	5	3	3	2	3	0	3	3	1	1	1	1	3	1	1	4
58	3	3	2	3	7	4	5	5	4	3	2	4	6	5	8	5	4	3	4	6	2	4	3	2	5	3	6	4	3	2	4	1	2	3	2	3	5	4	8	5	6	5	9	6	3	2	4	6	6	5	8	4	2	3	3	3	7	3	9	7	6	3	6	4	3	2	4	3	5	4	5	6	3	3	5	3	3	2	7	3	5	4	6	4	5	5	8	7	2	3	5	2	2	4	4	3	6	4	6	5	5	3	9	6	7	6	9	8	8	5	7	7	8	4	6	5	1	3	1	2	4	5	8	5	5	4	7	4	2	4	4	3	3	5	6	3	2	3	3	2	4	5	7	4	6	5	5	4	2	2	2	4	2	3	5	4	6	3	4	4	4	3	5	3	4	3	5	4	6	5	8	6	3	3	7	5	4	3	6	4	4	4	6	7	3	3	3	3	6	4	7	4	6	4	8	5	6	4	8	7	2	2	3	3	1	3	4	3	6	5	7	4	4	4	7	6	6	5	12	6	5	5	8	7	3	3	6	6	3	3	5	3	5	4	8	6	7	4	10	7
59	2	2	2	2	3	2	4	2	7	4	8	8	6	5	10	6	4	4	5	3	1	3	1	3	2	4	5	3	5	4	8	4	5	4	9	5	5	4	4	2	3	3	4	4	2	3	5	3	3	3	7	3	3	2	5	4	2	3	7	5	6	3	8	5	4	3	5	4	4	2	5	4	3	2	5	3	3	4	6	5	2	3	7	5	5	4	9	7	3	4	7	4	3	2	4	4	4	5	6	4	5	4	6	4	4	3	4	2	0	2	2	1	7	4	7	5	3	2	4	3	3	2	5	2	6	4	8	6	2	1	2	3	4	2	2	3	3	3	4	3	1	1	1	2	6	4	7	6	7	4	9	5	3	3	6	4	4	2	3	2	2	3	4	6	3	2	3	4	4	3	5	4	4	3	6	4	6	4	5	4	3	4	4	4	3	3	5	3	2	1	1	2	4	4	5	5	2	3	1	3	4	4	5	6	6	3	7	6	0	1	1	2	6	3	4	4	4	2	3	3	5	3	4	3	5	3	8	4	5	5	9	6	2	3	1	4	3	3	5	4
60	1	3	6	2	4	4	8	5	2	3	2	2	7	4	8	6	4	3	8	4	1	1	1	3	4	3	5	5	4	3	5	3	6	4	7	5	2	3	6	3	3	4	6	5	5	4	6	5	5	4	7	5	5	3	5	4	4	1	4	2	3	3	5	4	7	3	5	5	5	3	5	5	2	3	4	4	5	3	7	4	3	2	4	3	2	2	2	3	4	3	6	5	5	3	5	5	6	4	7	5	4	4	7	4	4	3	6	5	6	3	7	4	2	3	4	3	3	3	2	3	1	3	2	3	5	3	5	4	6	2	7	3	5	3	6	4	4	3	9	5	5	4	4	4	4	4	6	4	1	3	2	4	5	3	4	4	2	2	7	4	3	5	4	2	4	2	3	4	3	2	2	4	3	2	3	3	3	4	7	7	4	4	6	4	2	4	3	3	2	1	1	2	4	2	3	5	4	2	2	3	3	3	4	5	3	3	6	4	4	4	8	6	4	3	5	4	3	3	5	5	8	4	11	6	4	2	7	4	3	3	6	6	3	2	4	3	5	4	8	6
61	3	1	4	3	2	3	7	4	6	3	8	4	4	3	5	3	3	3	5	3	5	3	6	5	5	4	5	5	4	3	4	4	3	4	4	6	4	4	5	5	5	3	7	5	4	4	8	7	3	3	5	4	6	4	8	5	3	0	1	2	3	4	4	3	2	2	3	3	4	5	7	4	7	5	7	5	2	1	2	3	5	4	4	6	2	2	3	4	4	5	8	4	1	2	3	3	6	4	6	6	5	3	8	5	3	3	2	2	4	2	5	5	4	3	5	4	4	3	4	5	0	3	2	2	3	3	6	3	4	3	6	3	2	2	4	3	4	3	6	3	8	4	10	5	4	4	6	5	3	2	4	4	2	3	5	4	3	2	4	4	5	3	5	5	2	3	7	5	3	3	5	2	2	2	5	0	4	4	7	5	2	2	3	1	5	3	6	5	4	4	5	4	5	3	6	5	8	4	8	5	2	2	2	2	4	4	7	6	4	4	9	3	5	3	3	3	3	4	6	4	5	3	6	4	5	3	8	6	1	2	1	3	7	5	7	5	0	2	2	2
62	0	1	1	0	4	3	8	3	2	0	0	2	2	3	3	3	2	2	1	2	0	1	0	3	1	2	1	4	4	4	5	4	2	3	4	2	1	2	1	1	4	3	5	3	3	2	4	3	1	3	3	3	2	1	5	5	4	3	5	3	2	2	0	2	3	2	6	3	1	3	4	3	2	2	4	2	5	3	3	4	2	2	2	3	2	2	1	2	2	1	2	2	3	3	5	3	-1	0	0	1	1	2	3	3	4	2	5	4	3	0	1	1	4	3	5	3	3	3	6	4	0	0	0	1	1	2	2	0	5	3	7	6	1	0	2	4	1	2	3	3	2	1	2	3	4	1	3	4	4	2	4	3	1	2	5	3	2	2	2	1	6	3	5	4	3	3	4	4	3	3	6	5	1	2	2	2	5	2	2	3	4	2	6	5	3	3	3	4	4	2	4	3	1	2	6	3	3	2	3	4	3	3	3	3	0	1	2	1	3	3	6	5	3	3	3	3	3	4	4	4	0	2	1	3	3	2	6	3	2	1	0	1	1	2	1	2	0	2	1	2
63	5	5	6	4	4	4	4	4	2	3	4	3	4	2	5	2	2	2	4	3	1	3	4	4	5	5	7	4	4	3	6	6	4	3	5	3	2	2	2	1	2	3	6	3	3	2	2	4	2	2	3	1	5	2	5	3	4	5	9	5	1	2	2	2	4	2	5	4	0	3	2	2	2	2	5	4	1	1	2	2	3	3	7	4	2	1	1	2	3	2	2	3	3	3	5	4	5	2	2	3	2	1	2	2	7	4	6	4	5	5	8	5	7	5	10	6	2	3	3	3	3	2	2	2	3	3	6	3	4	3	6	5	5	3	7	3	3	2	6	3	3	3	3	4	5	2	10	4	1	3	5	3	4	3	6	5	3	4	5	4	3	3	4	3	1	2	2	4	3	3	5	3	0	0	0	3	4	3	5	4	2	2	2	2	2	2	5	3	1	2	4	4	6	4	8	5	3	3	4	4	5	3	6	5	4	3	3	4	6	3	6	4	4	2	4	5	4	2	8	2	4	3	7	5	2	2	1	1	3	3	4	3	3	1	5	2	1	2	3	3
64	3	2	4	4	0	2	0	1	3	3	2	3	0	1	1	0	1	1	2	3	2	1	0	2	3	1	6	4	1	2	0	0	3	3	3	4	0	2	2	3	4	2	3	4	0	0	0	2	1	2	2	2	3	1	4	1	4	2	4	3	2	2	4	2	3	3	5	2	-1	0	0	2	1	2	4	4	0	3	2	2	0	0	0	0	3	2	2	3	2	3	7	3	2	2	2	5	1	0	1	2	2	3	2	4	2	1	4	4	3	2	4	2	4	4	4	3	2	2	4	3	1	2	1	3	3	1	5	2	5	3	4	3	1	0	3	2	1	1	2	2	4	3	5	4	1	2	2	2	0	1	-1	2	1	1	1	2	4	2	7	5	2	0	2	2	3	2	1	2	3	2	4	4	2	2	4	3	2	3	3	3	5	3	6	6	3	1	4	3	5	2	5	3	2	2	6	3	0	1	1	1	3	2	7	3	3	1	1	2	3	3	4	2	3	2	2	3	0	1	-2	2	2	3	3	2	3	2	6	3	2	1	2	1	0	0	1	0	5	2	7	6
65	1	0	1	2	3	2	6	3	4	2	3	4	7	3	5	5	2	1	2	2	-1	2	2	1	3	4	7	5	5	4	4	5	1	1	3	1	3	1	2	2	2	2	1	3	2	2	3	2	4	2	4	1	0	1	2	0	2	1	3	2	4	3	5	3	0	1	1	2	2	2	7	3	1	1	3	3	5	3	5	4	7	5	8	6	1	2	3	3	4	2	4	3	5	3	6	4	2	1	2	1	1	1	2	1	3	2	1	1	4	3	5	4	4	3	7	4	2	1	2	2	2	2	2	3	-1	1	0	0	2	2	1	3	1	1	0	1	1	2	3	3	8	3	9	4	0	3	0	2	3	2	5	3	2	2	7	6	1	0	2	2	0	2	1	2	3	0	2	2	5	2	6	5	1	1	0	2	0	0	0	2	3	2	1	2	-1	0	0	1	0	0	1	1	4	3	5	4	3	3	3	2	0	1	0	0	3	2	5	5	-1	1	-1	0	2	2	3	2	2	1	3	3	0	0	0	0	3	2	6	5	3	3	4	5	2	1	1	3	3	3	3	3
66	7	3	2	5	5	3	7	4	6	5	5	5	2	3	2	1	1	1	1	3	8	5	10	6	6	3	7	5	4	4	6	3	1	2	3	3	5	3	7	5	6	6	8	6	6	5	7	6	2	2	2	2	1	4	3	3	2	3	7	5	6	4	5	6	3	2	2	4	3	2	6	4	3	4	4	5	2	2	4	3	7	5	8	7	3	1	4	3	6	4	8	5	1	2	0	2	4	2	3	3	5	3	6	6	5	5	9	6	2	2	0	2	0	3	4	3	4	2	5	4	3	4	3	2	3	3	6	6	1	3	1	3	5	1	1	3	3	4	5	4	3	3	2	3	5	4	8	5	5	1	6	4	3	3	7	5	6	4	7	6	7	4	10	6	3	4	5	4	4	2	7	4	7	4	8	7	5	3	4	4	3	3	5	3	4	3	6	4	3	2	2	2	3	4	5	4	3	4	6	4	5	2	4	4	-1	1	0	1	4	3	2	4	6	4	8	6	4	4	5	5	3	2	3	3	3	2	2	3	3	2	3	2	4	3	3	4	5	3	8	4
67	6	4	6	7	2	4	2	0	6	5	8	3	3	4	6	4	4	3	6	4	2	3	3	1	5	3	6	4	2	2	6	2	6	5	8	5	3	3	4	3	4	2	4	6	2	2	3	2	4	5	8	3	5	4	7	6	5	4	6	6	7	5	6	6	4	2	1	3	3	3	4	4	3	3	4	3	4	4	6	4	3	3	4	4	4	4	4	4	7	5	7	6	5	5	9	5	1	2	3	3	4	4	3	5	1	4	5	5	10	6	11	8	4	3	5	5	7	4	8	7	4	5	7	3	4	3	5	4	5	4	6	4	3	3	6	5	6	3	9	4	5	3	6	4	1	2	2	2	4	2	5	4	2	3	6	4	1	3	6	3	6	4	7	7	6	5	6	4	3	3	7	4	6	3	7	4	3	3	4	2	3	3	5	2	5	4	7	6	4	4	7	4	4	2	3	4	2	0	3	3	3	4	4	4	5	4	3	4	5	4	6	6	4	3	3	3	4	4	8	6	0	3	5	2	3	2	4	3	5	3	6	3	5	4	6	4	3	2	5	5
68	1	3	6	4	3	4	5	3	4	3	6	7	4	4	4	2	1	1	3	2	3	2	6	3	4	3	4	4	1	1	2	2	5	3	7	4	6	4	9	5	5	4	5	5	3	2	3	3	2	3	6	4	5	4	6	5	1	3	5	3	3	3	5	4	5	2	5	5	4	3	4	2	4	4	5	2	4	5	6	4	4	3	6	5	4	2	6	4	2	2	1	3	5	3	5	4	2	3	6	3	3	2	3	4	4	3	4	6	3	4	2	4	2	2	4	3	5	3	6	6	2	3	1	4	5	3	6	5	3	2	2	3	3	5	2	5	4	3	6	5	2	2	1	4	4	4	6	5	6	2	7	5	3	2	3	4	4	4	6	5	2	3	7	3	2	3	5	3	1	2	4	2	5	3	5	4	3	3	2	2	3	2	4	3	2	2	1	1	3	3	3	3	5	4	6	3	6	6	7	6	4	3	6	5	1	2	3	2	3	3	3	6	5	3	8	4	6	4	6	6	4	4	6	6	4	4	8	4	6	4	5	5	7	4	5	5	2	2	5	2
69	6	5	6	6	3	4	3	5	6	3	7	6	6	5	8	7	5	4	8	5	3	4	5	5	2	5	5	5	2	3	4	5	6	3	7	5	3	3	5	4	5	4	9	6	3	3	5	5	6	3	6	6	6	5	7	4	4	4	5	3	6	5	6	5	5	4	5	5	4	4	6	4	6	3	4	4	3	4	5	3	7	5	7	5	3	3	6	4	8	6	9	6	2	3	5	1	3	2	4	3	4	4	7	4	4	2	4	5	8	4	10	8	6	3	5	5	5	5	7	5	6	5	8	5	6	4	7	4	5	4	8	5	6	5	7	5	6	4	8	5	4	2	2	3	4	4	7	4	2	3	2	2	5	4	5	4	8	6	7	7	6	4	6	5	5	6	6	5	6	5	4	5	6	5	7	4	3	4	4	7	4	5	5	5	4	3	4	3	4	5	5	3	6	5	8	7	3	2	5	4	4	3	5	5	6	4	3	5	7	3	9	6	4	4	6	4	6	5	7	7	5	2	5	3	4	6	7	5	5	5	5	5	4	3	4	4	2	3	2	3
70	5	4	8	5	8	5	10	8	7	6	8	7	5	6	7	5	6	5	9	7	7	5	7	6	5	5	8	6	8	5	9	5	7	5	9	6	6	4	7	4	6	5	7	6	8	5	8	8	7	6	9	8	8	6	11	9	7	5	10	7	6	6	7	8	6	3	8	6	6	5	10	8	4	4	6	3	9	4	10	9	7	6	5	6	9	6	14	8	5	6	8	6	4	3	4	2	8	5	12	7	6	5	7	4	7	5	6	6	8	5	8	8	8	6	8	6	5	4	6	5	6	4	7	4	9	6	10	8	6	4	6	7	6	5	6	4	7	5	9	8	6	6	8	6	9	7	11	9	8	6	9	7	6	5	6	6	5	3	7	7	6	5	13	9	5	4	4	6	7	6	7	6	10	6	10	8	4	5	7	5	9	6	12	8	6	5	6	6	6	4	8	7	7	5	8	6	11	6	12	10	7	7	12	8	8	5	11	8	5	3	6	5	2	3	8	3	7	6	9	8	4	4	3	2	6	4	6	4	8	5	9	6	7	6	7	8	6	5	11	7
71	5	3	6	6	3	3	4	3	4	2	4	4	5	3	6	4	2	3	5	4	5	3	6	5	3	2	5	3	5	4	6	4	4	2	1	1	1	0	5	4	1	1	0	0	2	3	3	4	1	1	0	1	4	3	2	4	4	2	3	2	6	3	7	5	4	1	2	3	0	2	4	1	0	0	1	0	3	2	4	3	5	3	6	3	2	1	4	3	4	3	7	6	2	3	3	2	0	1	3	2	4	1	3	5	4	3	5	5	2	1	0	2	0	1	1	1	3	4	3	2	5	2	8	2	-1	2	0	2	1	1	0	1	3	3	5	4	3	3	6	4	2	2	6	3	4	3	4	5	2	1	1	3	4	2	5	2	5	4	6	6	2	2	6	3	3	2	6	3	2	2	4	2	3	2	4	5	2	1	1	3	0	1	1	1	1	1	1	1	1	2	3	4	2	2	4	3	3	3	7	4	3	2	4	3	3	4	5	2	7	2	7	5	7	4	11	5	4	2	4	3	5	3	6	4	3	2	6	4	3	2	4	1	0	1	0	1	1	1	3	2
72	0	0	0	0	-1	0	-1	0	1	0	0	0	0	0	1	3	2	1	7	2	-1	0	-1	1	0	0	1	1	1	0	-1	2	2	1	1	1	2	0	0	2	0	0	0	1	0	1	0	2	4	1	3	1	3	1	2	4	0	1	3	0	4	2	5	4	0	0	1	0	4	2	7	4	1	1	0	0	-1	0	0	0	-1	0	-1	0	-1	1	-1	0	4	1	2	3	3	2	2	4	0	0	1	2	1	1	2	2	0	1	-1	0	0	-1	0	0	-1	0	1	0	0	1	0	-1	0	0	1	1	0	1	1	0	1	1	2	3	1	2	3	2	0	1	4	1	-2	-1	-2	-2	0	0	2	1	2	0	-1	0	0	0	1	0	-1	0	-1	0	1	0	1	0	-1	1	0	1	1	2	2	2	0	0	0	0	5	3	9	4	1	0	-2	0	0	1	0	0	0	1	-1	0	0	0	1	-1	3	2	3	4	1	1	0	1	1	1	1	1	0	-1	0	1	3	1	4	4	2	1	3	1	-1	1	-2	0	0	0	1	0	0	1	1	1	0	0	4	1	0	0	0	0
73	6	4	6	4	7	5	8	6	8	5	6	7	6	4	5	5	4	4	5	6	5	4	6	5	6	4	8	7	7	5	9	7	5	4	7	4	6	5	7	7	6	3	8	5	7	4	7	6	6	3	6	5	6	5	8	5	5	4	6	4	3	5	5	4	4	3	6	7	2	2	2	5	8	5	9	6	4	2	5	3	8	5	10	7	4	4	5	5	3	4	3	5	7	5	9	6	5	4	9	5	4	3	1	2	6	6	12	5	2	2	1	2	3	4	6	5	1	4	3	3	3	3	5	5	3	4	7	4	4	3	4	7	3	4	5	6	7	4	6	5	6	4	5	7	3	4	6	5	2	3	2	2	5	4	5	4	2	2	2	1	5	4	8	6	7	5	11	7	3	3	4	5	4	4	5	4	6	3	5	4	7	3	8	6	6	4	6	6	5	4	8	4	8	4	10	5	6	4	6	3	4	5	7	5	3	4	6	5	6	4	6	5	2	3	7	4	3	3	4	2	3	3	6	3	5	5	6	6	4	3	4	4	4	4	4	6	6	5	8	7
74	1	3	4	2	3	2	3	4	2	3	5	5	2	2	4	3	0	2	0	0	3	3	1	1	0	2	1	1	1	3	2	1	5	3	8	7	3	1	2	3	0	1	2	3	2	2	7	4	3	3	4	4	3	2	4	2	2	2	2	4	2	1	4	2	2	2	1	2	4	3	4	4	3	2	4	4	0	2	3	2	5	2	5	3	1	1	3	1	5	2	6	5	1	1	3	3	3	3	7	4	5	2	6	4	7	2	6	4	2	2	4	2	3	3	4	5	1	1	0	0	3	2	3	2	2	3	6	2	2	2	5	3	3	3	3	3	3	2	7	5	1	2	2	2	4	3	5	3	4	2	4	3	4	4	5	4	2	2	1	2	2	3	3	4	2	2	2	3	2	2	6	2	1	2	3	1	5	3	6	3	5	4	10	7	6	3	6	2	2	2	7	4	0	1	1	3	3	2	5	3	4	1	2	4	0	0	3	0	1	2	2	3	2	1	2	3	3	1	4	2	3	3	4	1	3	3	3	2	6	3	8	3	4	4	7	4	3	2	4	3
75	3	3	4	2	4	2	5	3	3	3	4	3	3	3	3	4	1	2	3	0	4	3	5	3	1	2	2	1	1	1	0	2	7	4	4	4	2	1	3	4	4	1	3	4	5	2	6	5	3	2	2	2	2	2	1	2	3	3	3	4	-1	2	3	0	0	1	4	4	2	2	5	2	1	1	0	1	4	3	5	3	1	2	1	3	4	3	6	3	0	2	3	3	3	1	3	2	3	2	6	4	1	1	3	3	4	3	5	2	4	3	5	3	3	2	4	3	3	1	2	2	3	2	5	4	6	3	5	4	0	1	-1	0	0	3	5	3	6	3	6	4	2	1	1	2	5	4	7	4	1	2	3	2	4	3	5	4	4	3	8	4	5	3	5	4	6	3	7	5	0	1	1	0	1	2	0	1	5	3	5	4	2	2	2	1	2	1	3	2	4	3	4	4	3	2	2	3	3	2	6	3	1	3	4	2	0	1	0	1	0	1	-1	0	2	2	1	3	2	2	2	2	1	2	0	1	1	0	1	2	5	4	7	4	3	3	5	3	3	4	2	4
76	6	5	9	6	5	5	5	6	3	4	3	5	8	4	11	5	4	3	3	4	3	4	4	5	6	4	8	5	5	5	9	6	6	4	8	5	4	4	10	6	6	4	6	3	3	3	5	3	3	3	5	3	6	3	8	5	3	4	8	4	6	5	8	6	7	4	11	7	4	2	4	4	7	5	7	6	4	2	8	4	6	4	7	5	5	5	6	4	2	3	5	4	7	4	8	4	6	5	8	4	4	4	7	6	7	4	6	6	9	6	10	6	5	4	4	5	5	5	8	4	6	6	12	6	3	4	5	3	9	5	9	8	4	2	4	5	5	4	6	5	5	3	6	5	6	6	7	7	10	6	13	9	5	4	5	7	4	6	9	5	2	3	2	5	4	3	10	5	0	3	3	2	4	3	7	4	8	6	9	7	4	5	7	5	4	2	6	4	4	4	7	4	5	4	4	5	6	4	6	5	4	3	6	4	5	4	7	4	5	4	5	6	5	4	9	5	6	5	9	7	3	3	6	4	6	4	10	4	8	5	10	9	3	3	2	3	6	4	9	6
77	2	3	3	2	3	2	3	3	3	3	5	5	5	3	5	5	4	3	4	3	1	1	0	2	4	3	5	3	3	4	7	5	2	1	1	1	3	3	5	2	0	2	2	4	5	4	8	4	2	2	5	5	5	3	6	3	3	2	4	2	3	2	4	4	4	4	4	4	2	3	1	2	0	2	0	2	3	2	4	3	3	4	6	3	3	2	3	3	3	2	3	1	5	2	7	6	2	2	4	1	5	3	8	5	1	3	2	3	1	3	3	2	3	3	2	3	3	2	3	4	1	1	3	3	3	2	6	3	5	3	5	4	2	2	5	3	7	4	6	5	1	3	0	2	2	0	3	2	4	3	4	3	2	3	4	3	5	3	3	5	7	3	8	5	4	3	5	5	0	2	2	1	3	2	1	4	2	2	3	2	0	1	1	3	6	3	4	1	3	2	6	4	2	2	2	3	3	2	7	3	2	3	2	3	3	3	3	3	3	3	5	6	4	3	2	3	3	2	2	2	1	3	0	4	3	3	5	4	4	1	1	3	4	2	2	3	1	2	1	2
78	3	1	3	1	1	0	3	2	0	1	2	3	1	1	3	1	0	1	0	1	1	2	6	1	4	4	7	4	2	0	0	2	0	1	4	5	4	3	7	3	0	1	0	2	1	1	1	2	3	1	2	2	2	1	1	2	1	1	2	1	0	0	0	0	1	0	0	1	2	2	1	1	2	1	4	2	6	3	6	5	-2	0	-2	0	3	2	4	4	0	1	1	2	2	1	2	2	0	1	0	3	4	1	4	4	5	2	7	6	2	1	3	1	-1	2	1	1	5	5	5	5	1	2	2	2	1	2	3	2	2	0	2	3	1	1	2	2	1	1	4	2	1	1	1	1	3	2	5	4	3	3	6	2	1	2	2	1	3	1	5	3	0	0	0	1	2	2	4	5	2	2	2	2	3	3	4	2	2	1	2	0	1	2	4	1	1	0	2	2	5	2	5	2	3	2	4	3	3	3	5	4	1	3	0	0	2	0	2	0	3	3	6	4	0	1	1	0	3	1	2	1	2	2	4	3	0	1	0	3	0	0	1	1	5	2	2	4	3	4	6	3
79	3	3	3	3	4	3	3	2	1	2	4	4	6	4	7	5	4	2	3	3	3	2	3	2	2	3	3	3	3	3	5	3	3	2	5	3	4	3	7	5	5	2	6	4	4	3	7	3	2	3	5	3	6	4	5	5	-1	1	0	0	6	3	6	5	4	2	5	4	3	3	4	3	4	2	5	4	1	1	1	2	2	3	2	4	3	3	4	3	2	2	2	3	5	4	7	5	4	3	6	4	4	3	6	4	4	2	1	4	8	3	7	5	1	2	3	2	0	1	3	2	3	3	3	3	5	3	6	7	4	4	6	4	3	3	7	5	4	4	2	4	3	3	6	3	7	4	5	4	4	3	8	3	7	4	8	6	2	4	3	2	4	4	6	3	4	3	7	5	6	4	6	5	5	3	6	3	6	5	6	4	3	3	5	2	2	4	3	3	4	4	6	6	3	1	1	2	4	3	5	4	5	3	8	6	4	3	4	3	3	4	7	4	2	3	5	3	3	4	4	4	1	3	4	3	4	5	4	5	1	3	4	1	4	3	4	3	3	2	3	2
80	3	1	3	2	6	3	8	3	2	2	3	3	3	2	6	4	2	2	4	4	4	4	4	3	5	3	4	5	2	2	6	4	4	2	3	3	2	3	4	4	3	2	4	4	5	3	3	3	3	3	5	4	5	4	7	5	3	2	3	4	0	0	0	2	2	1	4	2	2	2	2	4	6	2	8	5	2	3	7	4	5	4	6	5	4	3	6	5	1	1	0	2	6	3	5	4	1	1	4	3	3	4	3	3	2	2	2	3	2	2	4	2	3	3	2	3	6	4	6	4	5	4	7	5	2	3	2	2	4	2	4	4	4	4	7	5	4	3	7	5	3	2	4	3	4	4	6	6	3	1	5	4	3	2	6	4	4	3	4	5	0	3	1	1	3	2	5	3	1	1	2	2	2	2	2	0	5	5	5	4	3	5	5	3	7	5	6	4	3	3	5	5	3	2	1	1	3	2	3	3	5	4	5	3	6	5	9	6	4	3	8	6	3	2	6	2	2	2	4	5	7	3	7	6	0	3	0	1	4	4	6	5	4	2	4	4	3	1	3	2
81	5	4	8	5	0	2	2	4	4	3	3	3	6	2	5	4	2	3	5	3	0	2	0	2	5	4	7	4	3	3	4	4	3	1	1	4	2	2	4	3	2	2	1	1	3	2	2	4	6	3	9	6	3	3	6	6	2	4	4	4	6	5	6	5	4	4	8	5	4	2	5	6	2	1	3	3	8	3	7	4	1	2	4	3	4	3	4	2	3	3	3	5	2	3	5	4	2	3	4	4	5	2	5	7	3	3	4	4	3	2	4	5	3	2	4	3	2	2	1	3	2	3	7	3	4	1	4	3	4	2	5	3	5	3	8	4	0	1	0	2	4	3	6	5	5	4	8	6	5	3	8	5	4	5	8	6	1	1	5	2	1	3	2	2	2	3	3	3	2	1	1	2	5	3	5	5	3	3	2	3	4	2	5	5	4	1	4	2	-2	0	2	1	3	4	3	5	3	2	2	2	5	4	6	4	0	1	2	2	5	4	4	3	2	3	4	3	8	4	8	4	2	2	5	4	4	4	8	5	3	4	3	3	4	4	4	5	7	5	7	5
82	4	3	2	3	6	3	9	5	4	3	7	6	6	4	10	4	1	2	0	2	6	3	7	4	2	1	3	3	7	4	8	5	6	3	9	3	3	3	5	3	3	5	5	3	3	1	3	2	6	3	6	6	5	6	8	5	2	2	3	3	1	2	2	2	3	4	7	6	5	3	7	7	4	5	6	3	4	3	4	5	4	3	3	3	3	3	5	3	3	4	4	3	7	5	8	3	4	4	7	5	0	3	1	3	6	3	5	5	5	2	4	2	5	4	9	6	2	2	3	2	5	3	6	3	5	5	7	5	4	5	7	4	0	2	2	3	2	3	4	3	2	2	3	4	5	5	9	8	3	3	4	4	7	4	7	6	3	3	8	4	4	3	5	2	5	4	6	4	3	2	3	2	5	4	8	7	6	5	6	6	5	2	5	5	6	4	5	5	4	4	5	5	2	4	4	5	2	4	6	4	3	2	3	5	5	4	5	6	5	3	7	4	4	3	5	3	3	3	4	4	5	4	5	5	3	3	3	2	4	3	5	5	8	5	9	8	3	2	1	5
83	3	2	4	2	4	1	3	1	2	0	3	3	1	1	1	2	3	3	2	3	2	3	1	2	5	3	8	5	3	2	5	4	5	3	6	6	0	2	0	1	2	2	3	2	3	2	6	4	2	2	5	3	3	3	5	2	4	3	3	1	3	2	2	3	2	3	0	2	4	1	0	2	3	2	6	3	6	3	8	5	6	3	7	2	5	2	5	2	4	3	2	2	3	3	4	3	1	2	7	2	5	3	2	3	3	2	5	1	0	1	0	0	6	5	8	6	0	1	3	2	0	1	0	0	4	2	4	1	4	2	4	3	4	2	5	4	3	3	2	3	1	2	2	3	4	2	3	3	5	3	7	5	1	4	2	1	2	1	5	5	2	3	3	4	2	3	5	2	3	2	9	4	3	2	3	4	4	3	7	6	5	2	7	3	5	4	6	4	3	3	3	3	2	2	3	4	1	2	5	2	3	3	3	4	5	3	4	4	4	1	3	4	3	4	6	3	0	2	1	3	2	2	5	4	4	4	5	5	5	3	5	3	3	3	3	4	2	3	4	5
84	6	4	5	6	5	3	7	5	4	4	5	4	4	5	6	4	5	4	7	7	4	3	4	3	5	3	6	4	3	4	6	4	2	2	2	3	6	4	4	6	5	4	5	5	3	4	5	5	6	5	11	6	5	4	6	5	5	3	5	5	5	3	6	6	7	4	6	5	6	4	7	4	4	5	4	5	5	4	8	5	5	3	7	5	4	3	12	5	6	3	6	6	7	5	7	5	4	4	7	3	5	4	6	4	7	4	7	7	5	4	7	6	5	4	5	6	3	3	4	4	6	4	5	5	5	4	6	4	0	3	6	4	3	2	2	1	5	4	6	7	4	4	3	3	6	3	7	8	3	1	6	4	2	3	4	2	6	5	6	5	6	4	7	5	4	4	4	5	5	4	6	4	6	3	8	4	3	3	5	4	4	4	6	4	2	2	3	4	1	4	5	3	4	4	6	6	3	3	5	5	4	3	7	4	3	3	2	2	3	3	3	3	1	2	1	4	5	4	5	5	6	4	7	4	7	4	9	7	5	3	2	3	2	3	7	6	4	4	6	3
85	4	2	4	4	3	2	3	3	3	4	7	4	4	3	3	3	4	3	7	4	2	3	2	1	2	3	5	3	3	2	5	3	1	3	4	2	4	3	5	2	2	3	4	2	2	3	5	4	5	4	8	6	1	2	3	1	2	3	3	4	3	1	4	2	5	3	8	4	5	3	7	6	5	3	6	6	3	3	2	2	6	3	8	5	4	2	4	3	3	2	4	5	3	5	6	6	4	3	3	2	4	2	4	4	3	2	4	4	5	2	5	2	6	4	8	5	3	2	3	2	5	3	6	3	4	2	2	4	4	4	6	5	6	5	7	4	4	1	4	1	5	3	5	5	3	2	5	3	1	4	6	4	3	2	4	4	4	3	5	4	4	2	3	2	5	3	6	3	5	2	5	4	2	1	0	2	3	4	3	3	2	3	4	2	4	3	6	3	3	4	4	2	1	2	0	1	5	3	4	4	3	3	7	3	3	2	7	3	3	4	9	5	5	3	7	5	3	4	1	2	4	3	5	6	3	2	2	2	6	3	7	4	6	2	6	5	2	3	6	2
86	5	3	6	5	5	3	5	3	5	3	8	4	2	1	2	0	4	4	3	3	5	3	3	5	2	2	3	4	1	0	2	1	3	2	3	4	8	5	10	6	1	4	1	2	4	3	5	3	4	3	5	3	4	3	6	5	3	5	5	4	6	2	4	4	4	4	4	5	0	1	2	0	2	4	4	4	4	4	6	5	5	4	5	6	7	3	9	6	4	3	6	3	4	2	6	5	2	2	2	2	5	2	7	6	1	2	4	3	8	5	10	6	3	2	5	4	6	3	9	5	5	2	5	5	2	3	2	2	3	4	4	4	4	3	4	3	4	4	7	4	2	3	4	4	2	4	4	2	5	3	7	7	4	4	6	4	5	4	4	3	3	3	3	3	3	3	6	5	3	3	3	3	5	5	6	5	3	3	5	4	3	3	4	5	8	4	9	8	2	3	5	2	4	5	6	4	5	5	7	3	4	4	7	7	2	2	4	3	2	3	2	2	3	3	4	2	2	4	4	5	5	3	7	6	5	3	5	4	8	4	8	4	4	3	5	5	2	4	5	5
87	6	4	7	5	5	4	11	6	6	4	6	6	6	5	9	6	4	5	6	6	6	5	9	8	6	4	9	4	4	5	6	4	6	4	5	5	3	3	4	4	4	3	5	4	4	4	7	6	7	6	7	6	6	4	8	6	5	4	6	3	4	3	5	6	7	6	9	8	3	3	4	5	4	3	5	6	7	4	8	6	6	3	6	4	3	3	4	3	5	4	7	4	9	8	13	7	5	4	4	4	5	5	6	4	6	5	7	5	3	3	5	4	6	5	9	7	7	3	8	5	5	4	5	4	4	5	6	6	6	3	8	5	6	4	8	8	4	4	4	3	4	5	4	7	5	4	7	5	8	5	11	7	4	3	5	5	4	4	4	3	5	4	6	4	4	4	7	6	7	5	6	6	5	5	4	4	5	3	6	3	6	6	10	8	5	4	6	5	6	5	9	7	6	5	9	7	5	3	5	4	7	5	10	7	5	3	5	3	3	3	5	5	7	6	9	8	2	4	5	3	7	4	9	8	6	4	8	6	6	6	9	6	5	6	10	6	3	4	7	3
88	3	2	3	4	5	4	6	6	5	4	7	7	4	3	3	5	3	4	3	1	4	3	4	4	5	4	4	4	4	3	8	5	6	5	12	6	6	4	10	6	3	4	7	5	5	3	5	4	5	2	4	4	2	3	3	4	2	2	3	3	5	4	5	5	0	1	0	0	3	3	4	2	6	5	5	5	4	4	5	5	4	3	8	4	5	3	6	3	5	4	8	3	5	4	6	4	6	5	7	5	2	3	7	5	3	3	8	4	3	4	5	3	8	4	10	6	3	2	6	3	8	6	11	7	3	3	6	3	2	3	4	5	5	3	6	3	6	3	7	5	5	4	5	5	4	3	7	4	6	4	7	4	4	4	4	4	6	4	6	5	3	3	3	3	4	3	7	5	6	3	9	6	2	2	1	2	5	3	5	3	4	2	3	3	2	1	2	2	5	4	6	4	6	4	8	5	3	1	3	3	4	3	4	2	4	2	4	4	3	2	7	3	4	3	4	5	4	2	6	6	5	1	5	4	8	4	8	9	3	4	7	3	3	2	2	2	2	2	1	2
89	3	2	3	3	2	2	3	3	3	3	5	6	6	1	4	3	2	3	4	5	1	1	0	1	2	3	4	3	3	2	3	3	2	1	1	0	1	3	1	2	2	1	3	2	2	3	8	4	5	3	6	4	3	2	8	6	5	4	6	5	3	1	5	5	4	4	5	5	2	1	2	3	3	5	6	4	1	2	3	2	1	2	2	1	5	4	5	2	5	5	7	5	3	2	3	2	4	1	3	2	1	2	6	5	3	0	3	4	3	2	6	4	4	2	6	3	4	3	4	5	1	2	2	1	2	2	3	3	4	2	8	4	0	1	1	1	5	4	6	5	2	3	2	3	1	2	2	2	3	4	4	3	6	4	9	6	1	3	3	5	3	1	1	0	4	2	6	2	5	3	6	5	3	2	1	2	3	3	5	3	5	4	9	6	0	1	2	1	4	4	6	3	0	2	5	1	2	2	3	4	8	4	9	6	3	2	4	4	4	3	6	4	2	1	3	2	3	2	7	3	4	3	4	2	2	2	3	3	5	3	7	3	3	2	2	2	7	4	6	5
90	8	6	12	8	4	3	4	3	7	5	6	5	7	5	9	8	3	4	3	4	6	4	7	6	10	6	9	7	4	3	6	4	7	7	10	7	4	5	7	6	6	5	5	5	5	4	8	6	5	3	5	5	5	4	10	7	4	4	4	4	5	3	4	3	8	5	9	6	6	4	8	8	6	4	6	6	3	3	6	5	4	5	5	4	4	3	3	2	3	3	3	3	8	6	7	7	3	3	3	4	4	6	8	5	4	3	5	4	2	4	3	4	6	4	7	4	4	4	6	4	6	4	9	7	8	8	11	6	7	5	10	8	7	5	10	6	9	5	7	6	5	6	6	7	3	4	5	5	7	4	6	6	4	3	4	5	5	5	6	3	3	3	5	4	5	4	4	6	7	5	10	7	6	5	8	7	4	5	7	6	6	5	6	7	5	6	10	6	5	5	8	7	2	3	8	4	4	3	5	3	2	4	4	3	5	3	5	5	6	5	8	5	9	5	9	8	8	4	6	5	5	5	7	5	7	3	11	6	4	4	8	5	4	4	4	3	5	4	4	4
91	2	3	4	3	3	3	5	4	5	3	4	2	6	5	9	6	2	3	4	3	6	4	8	4	7	6	11	7	4	3	7	4	5	4	7	5	5	4	8	5	6	4	4	5	5	4	6	5	3	2	4	2	6	4	5	5	6	4	6	4	4	4	7	4	6	5	7	5	5	5	9	6	5	5	8	5	8	5	8	6	6	4	8	6	8	4	7	6	5	4	6	5	6	3	5	4	2	3	5	6	2	4	5	3	3	4	3	5	2	4	4	6	3	4	2	4	4	4	6	5	6	5	8	6	4	3	5	5	6	5	6	4	2	2	1	4	6	6	8	7	3	4	7	5	8	5	10	6	4	5	6	5	8	5	9	7	8	4	8	6	5	4	4	6	7	5	10	5	7	6	6	6	5	2	5	5	7	5	6	4	5	5	6	6	4	5	7	7	5	3	6	5	5	3	5	5	6	4	10	6	7	7	11	6	4	5	6	7	3	3	5	3	7	6	9	8	6	3	5	5	6	6	9	6	4	3	2	3	5	5	3	5	6	5	8	4	1	2	5	4
92	9	6	13	7	5	2	5	4	5	5	9	4	2	1	0	2	8	4	12	5	5	4	8	5	2	3	4	5	4	4	7	5	4	2	4	5	2	1	2	2	2	3	5	2	4	3	3	3	7	4	8	6	4	4	5	5	4	2	6	4	3	3	7	3	6	3	8	6	4	4	4	4	6	4	6	5	3	3	5	5	5	5	6	5	5	5	8	6	2	3	5	5	4	4	8	4	1	2	1	2	3	4	6	4	5	4	5	5	5	4	6	6	5	4	7	6	3	2	3	2	7	4	8	7	2	2	5	3	0	2	3	4	8	5	9	8	7	2	6	6	7	4	7	5	6	3	8	5	2	3	6	5	5	4	9	4	6	7	8	7	3	3	2	1	3	3	4	3	3	4	3	3	4	4	5	4	2	2	2	4	5	3	7	6	3	2	2	3	2	3	6	4	3	3	3	4	5	3	8	4	4	5	7	4	5	4	6	5	6	4	7	5	4	2	5	3	2	3	3	3	4	2	6	3	6	3	5	3	5	3	5	6	3	4	4	4	2	3	5	3
93	3	3	5	2	5	3	5	6	1	2	5	5	5	4	6	5	6	3	6	4	6	4	8	5	6	2	5	4	5	3	6	5	2	2	4	2	3	2	5	4	4	3	2	3	5	3	7	6	2	3	4	3	4	5	7	4	4	1	3	3	3	1	2	4	6	5	10	6	5	4	6	3	3	5	5	5	4	3	4	4	3	4	5	4	6	3	9	7	5	3	6	4	6	4	6	5	0	2	1	0	4	4	7	4	4	4	8	4	4	4	5	4	4	3	6	4	4	3	6	4	2	2	4	4	5	5	8	6	5	2	7	3	6	3	7	5	4	3	5	2	4	3	2	2	6	5	8	6	5	4	5	3	5	5	7	6	1	2	2	3	3	4	5	6	3	2	6	4	5	5	6	8	7	4	7	4	4	4	5	4	1	2	1	5	4	3	8	7	4	4	7	5	0	3	3	2	6	4	8	5	5	4	8	5	2	5	6	4	9	7	11	6	5	4	6	5	3	2	3	4	5	4	8	5	2	3	6	4	4	3	4	5	0	1	0	0	3	2	5	6
94	3	2	4	3	4	3	7	3	2	2	5	3	3	2	3	3	3	4	7	4	5	1	3	4	0	2	0	3	1	2	2	3	4	2	3	2	2	0	1	1	0	1	0	1	4	3	5	3	3	3	4	5	1	1	5	2	4	1	5	4	1	2	2	3	1	2	2	3	4	1	5	3	2	4	4	4	2	2	3	3	0	2	2	1	3	3	1	4	3	0	1	3	2	2	0	3	4	3	6	4	2	2	6	3	3	2	2	2	0	2	1	1	3	3	4	5	1	1	3	1	2	2	4	5	5	2	6	4	2	2	3	2	6	3	5	5	1	1	4	2	0	1	1	1	2	3	3	3	5	3	5	5	2	2	4	2	3	2	4	2	3	3	4	4	4	2	2	3	1	2	1	1	1	1	2	2	2	2	3	3	1	3	0	0	4	3	5	5	2	3	3	3	5	5	6	4	4	3	7	5	3	3	6	3	5	3	7	4	2	3	3	1	4	2	7	3	0	1	0	0	3	2	5	3	6	4	9	5	6	3	8	7	2	4	3	4	3	2	5	3
95	3	4	7	4	2	3	4	4	5	4	9	6	6	5	7	5	5	5	7	6	4	4	6	5	4	4	4	4	9	5	8	8	5	5	8	6	3	4	6	5	8	5	9	7	7	5	8	5	5	5	9	7	4	6	7	3	8	5	8	8	7	6	7	6	6	4	8	7	7	5	9	6	6	5	8	5	2	3	5	4	7	4	5	6	6	6	8	6	2	3	2	3	4	2	5	5	6	5	8	6	7	4	10	6	5	5	11	7	5	5	8	5	6	5	8	5	5	5	9	6	8	5	10	8	5	6	9	8	4	5	2	4	6	4	4	5	7	6	7	6	1	3	3	2	1	1	3	3	5	4	7	6	5	3	5	5	4	5	7	5	7	5	10	6	6	6	9	7	8	4	9	7	5	5	7	6	4	6	6	6	6	4	7	5	4	3	2	3	4	3	5	5	8	5	8	6	6	4	7	6	4	3	6	6	5	6	12	7	7	5	8	4	3	4	6	6	4	3	9	5	6	4	6	4	5	4	6	5	5	4	6	5	7	5	6	5	7	6	9	6
96	3	2	5	4	2	3	3	4	7	2	6	4	3	2	7	3	3	3	5	2	5	3	3	5	2	1	3	3	3	1	5	5	5	4	8	6	3	2	3	4	3	4	4	5	1	3	4	4	1	2	4	3	4	3	6	3	2	2	6	3	2	2	3	4	5	2	6	6	-1	1	0	2	2	3	1	2	3	1	4	3	3	2	6	3	3	2	4	3	3	3	8	4	0	0	2	1	6	2	6	4	3	1	2	2	4	3	8	2	3	2	1	4	5	3	6	5	4	2	3	1	3	2	2	1	0	3	1	1	2	1	1	1	0	2	3	4	4	2	4	3	5	2	4	2	3	2	3	3	2	4	6	5	2	1	-1	0	4	2	3	4	5	3	6	5	3	2	4	5	2	2	4	4	3	2	2	1	1	2	1	2	0	1	3	0	4	2	4	3	3	3	2	3	1	2	0	1	4	4	3	5	4	3	6	5	0	2	1	0	5	2	7	5	6	4	7	4	0	0	1	3	2	1	2	1	1	3	3	2	3	3	4	3	1	1	3	0	1	2	3	3
97	9	8	14	10	6	6	10	8	8	6	13	7	4	4	6	6	6	5	8	6	4	5	7	5	8	6	8	7	7	5	8	6	9	7	13	9	7	5	6	7	9	5	9	6	6	4	8	6	7	5	8	7	5	5	7	6	4	4	7	4	6	6	10	7	6	4	8	5	4	5	8	7	6	6	10	5	8	5	12	8	7	6	9	8	6	5	11	6	6	6	10	6	4	4	7	5	8	4	10	6	9	6	11	7	6	5	6	4	6	6	11	9	3	6	6	6	8	8	10	7	5	6	5	7	7	6	10	7	9	6	12	9	7	7	7	8	4	5	4	4	7	6	10	8	5	5	8	6	7	5	6	6	5	5	8	6	4	4	6	7	5	5	10	6	7	6	9	7	7	5	8	7	9	5	9	8	8	5	8	7	6	4	8	5	9	7	11	6	4	4	8	5	6	6	7	5	7	5	7	7	7	4	5	5	8	6	12	6	8	5	9	8	8	6	8	9	6	5	9	7	5	5	6	6	8	5	10	8	6	6	6	7	7	6	10	9	9	7	15	10
98	7	5	6	8	5	5	9	5	6	6	11	6	8	5	11	7	3	4	6	5	5	4	5	5	5	5	7	6	6	5	9	5	5	4	7	5	4	5	3	5	6	3	6	5	8	5	11	7	8	6	10	9	7	5	12	7	4	4	4	5	8	4	8	6	5	4	6	4	5	5	7	5	5	5	10	6	8	5	13	7	7	4	8	5	3	4	4	4	6	6	10	8	7	5	11	8	4	6	10	5	9	6	8	7	6	5	7	6	4	4	5	4	6	7	7	6	6	3	3	2	6	6	9	7	6	4	7	8	7	6	6	8	4	5	7	6	2	3	4	3	5	4	6	4	7	5	7	7	5	5	8	6	8	5	6	6	4	3	5	6	6	5	9	5	6	4	3	6	5	3	7	5	6	4	8	6	8	5	12	8	8	6	7	7	6	4	8	7	8	6	10	8	6	5	7	6	7	6	10	7	5	4	8	5	7	4	10	7	3	4	3	4	7	6	5	6	7	5	9	6	8	6	10	8	7	4	9	6	1	2	3	4	9	4	11	7	5	5	8	5
99	4	4	4	3	1	1	1	2	2	2	4	2	5	4	8	5	3	3	4	2	4	4	5	3	4	4	5	5	1	3	2	1	5	3	5	4	5	4	4	3	4	3	7	4	3	2	2	2	4	2	5	3	5	3	6	5	9	6	13	7	5	3	7	6	0	2	0	2	3	3	4	3	3	2	6	3	4	2	7	4	2	2	2	2	5	2	8	5	1	2	3	2	3	2	3	2	4	3	4	5	3	2	5	3	2	2	7	4	6	4	5	6	3	4	4	3	1	3	3	2	4	2	6	4	2	3	4	3	4	2	5	2	4	3	7	4	4	3	4	5	5	3	8	4	2	2	4	1	3	2	3	3	1	2	4	2	3	2	3	4	4	5	7	6	3	3	4	4	4	3	4	3	3	3	7	4	2	2	3	2	7	4	8	5	4	4	6	3	3	1	2	3	4	3	5	4	2	3	2	5	2	2	4	4	5	2	5	4	5	4	8	4	4	3	2	3	5	3	5	4	2	2	4	4	4	3	4	4	2	2	4	3	2	2	3	2	2	2	4	3
100	5	3	6	4	2	2	-1	3	5	2	6	5	3	1	2	3	0	0	3	0	1	1	0	4	2	2	2	2	4	3	6	4	1	2	3	3	2	1	0	2	2	2	5	2	1	2	4	4	0	2	0	1	5	2	5	1	1	0	0	2	1	0	4	1	3	2	5	2	1	2	3	1	4	3	7	4	2	1	2	2	1	0	1	1	0	1	4	3	4	4	6	5	3	3	5	5	1	1	-1	2	4	3	5	4	0	0	2	0	1	2	2	2	0	2	1	1	1	1	0	0	3	2	2	2	1	2	3	1	3	2	5	2	4	2	5	3	2	2	4	3	1	1	1	0	2	1	3	4	4	2	2	3	3	1	5	5	3	1	1	2	2	2	3	1	5	4	5	3	1	2	1	4	4	4	6	5	0	0	0	0	6	3	7	7	-1	2	0	-1	3	2	6	5	4	2	2	3	0	2	2	3	1	2	5	3	1	1	5	4	3	1	2	3	2	1	4	3	4	3	4	3	2	1	4	4	-1	0	-1	0	2	3	5	3	2	2	2	2	3	2	3	1
