1	1	2	1	4
1	2	3	2	0
1	3	2	.	5
1	4	4	3	5
1	5	0	1	.
1	6	2	2	3
1	7	1	2	1
1	8	0	1	0
1	9	.	2	4
1	10	2	2	5
1	11	2	3	3
1	12	3	3	2
1	13	4	3	6
1	14	5	3	.
1	15	2	2	3
2	1	2	3	2
2	2	.	4	4
2	3	5	1	6
2	4	2	2	2
2	5	4	2	2
2	6	4	4	8
2	7	5	3	4
2	8	1	.	.
2	9	4	2	2
2	10	5	3	5
2	11	5	5	.
2	12	5	3	8
2	13	3	2	.
2	14	4	3	5
2	15	2	2	1
3	1	6	.	8
3	2	5	.	7
3	3	3	4	5
3	4	6	5	9
3	5	9	5	12
3	6	8	5	7
3	7	7	4	7
3	8	7	5	6
3	9	5	4	6
3	10	5	3	8
3	11	6	5	.
3	12	5	4	6
3	13	6	5	7
3	14	3	.	4
3	15	7	5	13
4	1	4	3	4
4	2	4	3	3
4	3	5	4	6
4	4	4	4	9
4	5	2	3	5
4	6	4	4	7
4	7	1	2	3
4	8	4	4	7
4	9	4	5	.
4	10	6	.	6
4	11	2	4	3
4	12	.	4	3
4	13	.	2	5
4	14	5	3	4
4	15	2	2	4
5	1	2	.	3
5	2	4	3	7
5	3	2	.	6
5	4	5	4	6
5	5	3	2	3
5	6	4	3	9
5	7	6	4	5
5	8	3	3	5
5	9	2	2	4
5	10	3	2	7
5	11	4	2	5
5	12	0	3	1
5	13	3	3	3
5	14	5	3	6
5	15	4	.	3
6	1	8	6	11
6	2	.	5	8
6	3	.	5	6
6	4	3	4	3
6	5	6	4	6
6	6	6	5	4
6	7	8	4	8
6	8	.	3	5
6	9	6	6	9
6	10	5	4	5
6	11	4	5	6
6	12	5	.	9
6	13	6	5	7
6	14	6	4	8
6	15	2	4	3
7	1	0	1	-1
7	2	4	3	6
7	3	6	4	9
7	4	4	3	5
7	5	8	3	4
7	6	4	2	.
7	7	2	3	4
7	8	2	1	2
7	9	5	3	6
7	10	8	5	10
7	11	5	4	8
7	12	.	4	11
7	13	4	5	5
7	14	2	2	2
7	15	4	.	8
8	1	1	2	3
8	2	0	1	0
8	3	0	.	1
8	4	1	1	2
8	5	2	0	1
8	6	2	1	0
8	7	0	0	0
8	8	4	2	.
8	9	3	1	1
8	10	.	2	4
8	11	-2	0	-3
8	12	0	2	1
8	13	1	1	.
8	14	0	0	.
8	15	5	2	6
9	1	0	1	1
9	2	4	2	2
9	3	5	4	6
9	4	4	2	.
9	5	0	.	2
9	6	2	4	5
9	7	2	2	3
9	8	2	1	2
9	9	2	2	1
9	10	7	.	6
9	11	1	2	5
9	12	.	.	0
9	13	.	.	.
9	14	4	2	.
9	15	.	1	0
10	1	.	1	1
10	2	4	2	4
10	3	5	5	.
10	4	2	3	7
10	5	3	1	3
10	6	2	2	2
10	7	3	2	4
10	8	3	.	5
10	9	4	3	5
10	10	3	1	4
10	11	5	3	6
10	12	3	2	3
10	13	3	2	4
10	14	2	3	6
10	15	4	3	7
11	1	0	3	4
11	2	5	4	7
11	3	5	5	9
11	4	2	3	4
11	5	5	3	7
11	6	8	.	6
11	7	6	5	10
11	8	5	5	7
11	9	6	5	9
11	10	5	4	5
11	11	.	4	9
11	12	7	6	.
11	13	.	5	11
11	14	5	4	6
11	15	3	3	1
12	1	4	.	6
12	2	5	3	5
12	3	4	3	7
12	4	3	4	6
12	5	5	5	7
12	6	3	3	4
12	7	5	3	2
12	8	5	2	5
12	9	3	2	5
12	10	3	3	7
12	11	2	2	.
12	12	3	3	4
12	13	2	.	3
12	14	4	3	4
12	15	3	.	4
13	1	5	6	5
13	2	6	3	.
13	3	4	3	4
13	4	2	2	2
13	5	3	2	2
13	6	3	4	5
13	7	.	4	5
13	8	4	2	8
13	9	4	.	5
13	10	2	1	0
13	11	4	3	6
13	12	6	4	10
13	13	.	5	10
13	14	4	3	5
13	15	0	3	1
14	1	8	4	8
14	2	3	1	.
14	3	3	2	.
14	4	5	2	5
14	5	2	2	4
14	6	2	1	2
14	7	0	2	3
14	8	2	.	5
14	9	3	3	6
14	10	3	2	2
14	11	5	3	4
14	12	.	3	4
14	13	.	2	4
14	14	5	4	4
14	15	5	4	8
15	1	2	3	4
15	2	2	2	3
15	3	2	2	5
15	4	2	2	4
15	5	5	1	7
15	6	5	4	.
15	7	5	3	5
15	8	2	3	4
15	9	3	.	.
15	10	2	2	5
15	11	.	2	0
15	12	0	.	2
15	13	4	4	6
15	14	0	1	1
15	15	2	2	3
16	1	5	5	10
16	2	7	6	10
16	3	6	3	9
16	4	8	.	6
16	5	7	6	12
16	6	8	.	10
16	7	9	6	9
16	8	5	.	2
16	9	10	6	11
16	10	6	5	8
16	11	8	5	8
16	12	8	.	9
16	13	7	4	8
16	14	5	5	8
16	15	7	5	9
17	1	6	3	6
17	2	4	4	8
17	3	.	5	8
17	4	4	4	5
17	5	7	4	7
17	6	2	2	0
17	7	9	.	10
17	8	4	4	7
17	9	7	5	10
17	10	4	3	.
17	11	6	4	11
17	12	4	3	6
17	13	5	.	6
17	14	2	4	7
17	15	.	4	4
18	1	1	0	1
18	2	3	1	3
18	3	2	0	1
18	4	0	0	-1
18	5	1	1	0
18	6	1	1	3
18	7	1	1	6
18	8	1	0	1
18	9	0	0	0
18	10	.	2	1
18	11	2	1	4
18	12	3	2	6
18	13	1	.	.
18	14	1	1	0
18	15	1	.	.
19	1	3	3	3
19	2	4	3	6
19	3	5	5	6
19	4	2	2	3
19	5	5	.	7
19	6	6	6	8
19	7	5	3	5
19	8	4	5	5
19	9	4	4	5
19	10	6	4	6
19	11	8	4	8
19	12	7	4	.
19	13	4	3	7
19	14	2	3	6
19	15	4	2	.
20	1	3	1	3
20	2	5	3	5
20	3	0	0	.
20	4	1	2	1
20	5	4	2	3
20	6	4	2	4
20	7	2	2	1
20	8	4	3	8
20	9	2	1	5
20	10	1	2	4
20	11	3	2	3
20	12	4	1	4
20	13	2	2	5
20	14	4	2	4
20	15	3	2	4
21	1	2	2	3
21	2	1	.	2
21	3	.	.	3
21	4	4	.	2
21	5	4	.	3
21	6	4	1	4
21	7	4	2	2
21	8	6	2	8
21	9	4	1	4
21	10	1	1	2
21	11	.	1	0
21	12	1	0	1
21	13	2	2	3
21	14	3	3	4
21	15	3	.	5
22	1	.	4	.
22	2	4	2	5
22	3	5	3	7
22	4	1	3	.
22	5	3	2	3
22	6	0	3	1
22	7	5	5	4
22	8	2	3	4
22	9	5	3	6
22	10	3	3	.
22	11	4	3	3
22	12	3	3	.
22	13	1	1	3
22	14	.	2	4
22	15	1	2	5
23	1	5	3	6
23	2	0	.	.
23	3	2	2	4
23	4	4	.	5
23	5	2	3	2
23	6	2	2	2
23	7	2	0	0
23	8	0	3	2
23	9	1	1	0
23	10	.	1	3
23	11	2	1	3
23	12	7	3	9
23	13	0	1	2
23	14	1	2	4
23	15	3	2	4
24	1	0	1	5
24	2	2	2	4
24	3	4	4	5
24	4	3	4	8
24	5	.	3	5
24	6	3	3	4
24	7	3	2	4
24	8	4	3	3
24	9	0	0	3
24	10	5	3	8
24	11	3	2	2
24	12	0	0	2
24	13	2	2	3
24	14	3	2	4
24	15	5	4	5
25	1	2	4	5
25	2	4	2	5
25	3	.	2	3
25	4	3	0	0
25	5	1	1	4
25	6	.	5	6
25	7	.	1	1
25	8	4	2	7
25	9	3	2	.
25	10	3	4	7
25	11	1	1	2
25	12	3	3	4
25	13	2	1	3
25	14	5	2	4
25	15	5	3	7
26	1	2	2	5
26	2	3	.	2
26	3	.	2	8
26	4	1	0	3
26	5	2	1	0
26	6	2	2	2
26	7	0	1	0
26	8	1	2	0
26	9	4	2	5
26	10	2	0	.
26	11	1	1	2
26	12	2	0	0
26	13	0	2	0
26	14	.	2	0
26	15	2	2	1
27	1	4	2	5
27	2	6	4	9
27	3	3	4	5
27	4	7	4	12
27	5	4	4	7
27	6	4	3	7
27	7	6	5	5
27	8	4	3	3
27	9	6	4	7
27	10	5	.	7
27	11	4	2	.
27	12	3	3	4
27	13	6	.	7
27	14	6	4	.
27	15	.	.	7
28	1	3	.	4
28	2	3	4	5
28	3	3	3	6
28	4	2	5	7
28	5	4	3	3
28	6	8	6	10
28	7	1	1	2
28	8	4	3	7
28	9	0	1	3
28	10	6	.	.
28	11	5	4	6
28	12	6	5	7
28	13	3	.	.
28	14	5	3	7
28	15	5	3	8
29	1	2	.	2
29	2	0	2	.
29	3	5	1	3
29	4	.	2	1
29	5	1	.	4
29	6	3	3	8
29	7	3	0	.
29	8	1	1	4
29	9	8	4	.
29	10	4	2	3
29	11	3	2	4
29	12	0	0	0
29	13	4	2	3
29	14	2	.	3
29	15	.	2	5
30	1	4	5	6
30	2	5	3	5
30	3	3	3	8
30	4	4	4	7
30	5	7	4	8
30	6	8	.	10
30	7	5	4	5
30	8	2	3	2
30	9	3	.	.
30	10	4	4	4
30	11	6	.	7
30	12	5	5	4
30	13	8	7	11
30	14	4	4	8
30	15	1	3	.
31	1	4	3	4
31	2	2	4	4
31	3	4	4	5
31	4	4	4	8
31	5	3	3	4
31	6	2	3	3
31	7	6	3	6
31	8	6	.	5
31	9	1	.	2
31	10	5	4	8
31	11	.	5	6
31	12	.	.	9
31	13	.	4	5
31	14	5	3	4
31	15	4	2	5
32	1	3	.	5
32	2	0	2	0
32	3	0	2	0
32	4	3	2	5
32	5	1	3	3
32	6	2	.	4
32	7	0	.	0
32	8	2	2	1
32	9	0	1	2
32	10	.	3	4
32	11	0	1	.
32	12	2	4	2
32	13	3	3	4
32	14	2	1	.
32	15	4	2	.
33	1	8	6	10
33	2	4	2	4
33	3	4	3	.
33	4	3	3	6
33	5	8	4	9
33	6	5	4	5
33	7	6	3	7
33	8	6	4	8
33	9	3	4	7
33	10	6	6	11
33	11	8	5	7
33	12	3	.	4
33	13	5	5	8
33	14	6	4	5
33	15	.	3	5
34	1	4	3	.
34	2	.	4	11
34	3	3	3	5
34	4	5	3	4
34	5	4	4	5
34	6	4	2	.
34	7	3	2	5
34	8	5	5	6
34	9	4	4	7
34	10	1	1	1
34	11	7	5	9
34	12	5	.	7
34	13	8	.	.
34	14	6	4	8
34	15	4	3	5
35	1	.	7	9
35	2	8	6	12
35	3	5	3	4
35	4	4	5	6
35	5	4	.	6
35	6	6	4	6
35	7	5	3	7
35	8	1	3	4
35	9	4	5	7
35	10	8	4	8
35	11	7	4	7
35	12	6	3	5
35	13	9	6	9
35	14	7	5	7
35	15	3	1	1
36	1	5	3	7
36	2	.	5	.
36	3	6	4	7
36	4	.	5	.
36	5	7	3	7
36	6	2	5	4
36	7	6	4	7
36	8	1	4	4
36	9	.	3	2
36	10	6	5	8
36	11	1	3	5
36	12	4	4	7
36	13	5	2	6
36	14	4	3	5
36	15	7	5	11
37	1	2	2	2
37	2	4	4	.
37	3	4	2	4
37	4	5	3	5
37	5	4	3	5
37	6	4	3	2
37	7	2	2	3
37	8	2	3	5
37	9	7	6	8
37	10	5	4	8
37	11	6	3	9
37	12	5	3	5
37	13	5	.	7
37	14	4	.	5
37	15	5	5	6
38	1	4	3	7
38	2	2	.	2
38	3	4	3	3
38	4	4	3	6
38	5	5	3	7
38	6	4	4	.
38	7	2	4	5
38	8	5	5	.
38	9	5	4	3
38	10	2	2	6
38	11	3	2	4
38	12	.	1	2
38	13	4	.	6
38	14	4	4	.
38	15	6	5	8
39	1	5	2	6
39	2	3	3	3
39	3	0	.	3
39	4	2	2	2
39	5	4	3	.
39	6	1	3	6
39	7	3	3	5
39	8	4	2	4
39	9	5	2	3
39	10	3	2	4
39	11	5	3	6
39	12	5	4	5
39	13	4	3	4
39	14	2	2	2
39	15	3	3	5
40	1	2	2	2
40	2	4	4	.
40	3	2	.	6
40	4	3	2	.
40	5	2	1	0
40	6	6	.	7
40	7	0	1	1
40	8	3	3	6
40	9	4	3	6
40	10	.	1	1
40	11	2	2	.
40	12	4	3	6
40	13	5	2	6
40	14	4	2	6
40	15	3	.	4
41	1	3	2	5
41	2	5	3	.
41	3	2	1	0
41	4	1	0	0
41	5	2	3	4
41	6	1	2	4
41	7	.	2	1
41	8	3	3	.
41	9	2	0	1
41	10	2	.	4
41	11	1	3	5
41	12	.	3	6
41	13	5	4	6
41	14	1	1	3
41	15	5	3	6
42	1	2	4	8
42	2	3	2	4
42	3	4	2	2
42	4	5	5	6
42	5	0	0	3
42	6	3	2	3
42	7	2	2	1
42	8	6	.	.
42	9	1	4	3
42	10	2	2	3
42	11	8	4	10
42	12	4	3	.
42	13	3	1	3
42	14	4	3	5
42	15	2	1	2
43	1	1	.	2
43	2	2	1	2
43	3	.	1	5
43	4	0	1	1
43	5	-1	1	.
43	6	1	1	.
43	7	1	0	3
43	8	3	2	.
43	9	5	3	5
43	10	0	3	1
43	11	3	1	1
43	12	2	.	3
43	13	3	.	4
43	14	3	1	1
43	15	2	2	3
44	1	6	.	7
44	2	7	.	8
44	3	.	8	10
44	4	6	4	8
44	5	9	5	11
44	6	5	6	8
44	7	4	5	8
44	8	10	6	12
44	9	6	7	9
44	10	10	6	11
44	11	8	5	8
44	12	6	6	8
44	13	7	5	9
44	14	4	4	6
44	15	5	5	6
45	1	5	5	7
45	2	4	4	8
45	3	6	5	4
45	4	5	5	6
45	5	4	.	5
45	6	2	2	0
45	7	6	4	8
45	8	5	5	9
45	9	4	4	5
45	10	7	8	.
45	11	6	5	9
45	12	7	5	10
45	13	4	4	.
45	14	6	3	7
45	15	4	5	5
46	1	2	2	5
46	2	1	2	2
46	3	0	2	2
46	4	0	1	0
46	5	2	1	.
46	6	.	3	3
46	7	1	1	4
46	8	1	1	3
46	9	1	1	.
46	10	3	2	5
46	11	4	3	4
46	12	1	2	0
46	13	1	1	1
46	14	3	2	6
46	15	0	0	-2
47	1	3	.	3
47	2	5	3	8
47	3	7	2	.
47	4	3	3	7
47	5	1	2	3
47	6	3	.	.
47	7	1	2	2
47	8	.	4	7
47	9	1	1	.
47	10	3	3	.
47	11	3	3	5
47	12	2	2	.
47	13	.	4	5
47	14	1	3	.
47	15	5	2	5
48	1	4	4	8
48	2	.	0	2
48	3	5	3	6
48	4	2	1	.
48	5	4	3	5
48	6	4	3	4
48	7	4	2	3
48	8	4	2	4
48	9	3	2	1
48	10	3	2	6
48	11	.	.	6
48	12	1	2	0
48	13	0	2	0
48	14	.	2	4
48	15	2	2	2
49	1	6	5	.
49	2	2	5	3
49	3	3	3	1
49	4	4	4	5
49	5	4	3	5
49	6	5	5	7
49	7	3	2	4
49	8	5	6	7
49	9	3	4	7
49	10	4	3	7
49	11	3	3	6
49	12	6	5	10
49	13	2	2	6
49	14	3	3	4
49	15	4	5	4
50	1	1	.	1
50	2	1	4	.
50	3	.	4	4
50	4	3	3	4
50	5	6	4	6
50	6	2	2	5
50	7	5	3	5
50	8	6	4	9
50	9	.	3	3
50	10	.	.	.
50	11	.	3	6
50	12	4	3	4
50	13	4	3	5
50	14	5	4	6
50	15	3	3	5
51	1	6	3	6
51	2	3	3	7
51	3	3	4	6
51	4	6	4	7
51	5	4	3	8
51	6	5	.	2
51	7	3	0	3
51	8	6	3	.
51	9	4	3	6
51	10	4	2	7
51	11	.	5	5
51	12	5	3	6
51	13	3	4	4
51	14	.	.	6
51	15	3	2	6
52	1	.	.	9
52	2	4	3	7
52	3	6	4	.
52	4	2	3	5
52	5	4	4	9
52	6	2	3	8
52	7	3	3	6
52	8	6	3	3
52	9	5	3	2
52	10	3	.	3
52	11	5	4	5
52	12	3	3	6
52	13	5	4	7
52	14	.	3	3
52	15	3	1	5
53	1	4	1	.
53	2	4	2	4
53	3	2	3	5
53	4	1	1	1
53	5	1	2	1
53	6	3	3	4
53	7	3	.	3
53	8	2	.	.
53	9	1	1	1
53	10	3	2	4
53	11	.	.	7
53	12	.	3	11
53	13	3	1	4
53	14	5	3	8
53	15	3	.	6
54	1	5	5	6
54	2	6	4	7
54	3	.	3	5
54	4	6	5	.
54	5	.	4	10
54	6	4	4	5
54	7	5	4	5
54	8	6	.	4
54	9	6	5	10
54	10	5	5	9
54	11	7	5	6
54	12	4	3	5
54	13	6	6	7
54	14	5	4	6
54	15	8	2	7
55	1	6	4	.
55	2	3	3	.
55	3	5	3	8
55	4	.	3	3
55	5	3	2	5
55	6	3	3	5
55	7	3	1	2
55	8	1	1	.
55	9	6	3	.
55	10	3	2	6
55	11	2	2	6
55	12	0	0	.
55	13	6	4	9
55	14	8	6	.
55	15	4	2	5
56	1	7	4	9
56	2	7	5	12
56	3	5	4	4
56	4	4	4	8
56	5	4	5	3
56	6	5	4	5
56	7	.	6	8
56	8	6	4	6
56	9	6	5	7
56	10	6	4	8
56	11	4	3	4
56	12	6	5	.
56	13	3	.	5
56	14	7	4	.
56	15	6	5	5
57	1	1	1	2
57	2	4	2	4
57	3	2	1	1
57	4	0	1	0
57	5	0	0	0
57	6	0	0	3
57	7	0	0	0
57	8	2	1	2
57	9	.	0	0
57	10	2	1	1
57	11	.	1	3
57	12	0	.	0
57	13	1	0	1
57	14	2	2	5
57	15	2	2	3
58	1	7	5	9
58	2	6	3	5
58	3	0	3	2
58	4	.	.	5
58	5	4	4	7
58	6	8	4	9
58	7	4	4	6
58	8	6	5	10
58	9	5	4	6
58	10	0	3	4
58	11	7	4	6
58	12	6	4	7
58	13	6	4	7
58	14	4	4	7
58	15	4	3	5
59	1	4	3	5
59	2	3	4	4
59	3	7	4	6
59	4	1	.	3
59	5	1	3	4
59	6	4	3	8
59	7	.	1	3
59	8	1	2	5
59	9	.	3	4
59	10	4	4	8
59	11	3	3	5
59	12	.	4	9
59	13	5	3	7
59	14	4	.	.
59	15	2	.	.
60	1	1	2	2
60	2	5	4	4
60	3	4	2	6
60	4	6	3	5
60	5	1	4	.
60	6	4	3	4
60	7	2	3	.
60	8	6	4	8
60	9	4	5	.
60	10	5	4	5
60	11	3	2	1
60	12	4	2	7
60	13	7	3	7
60	14	4	3	7
60	15	2	3	4
61	1	1	2	.
61	2	4	.	4
61	3	4	5	7
61	4	2	3	3
61	5	4	4	4
61	6	4	3	10
61	7	4	4	8
61	8	8	6	.
61	9	2	.	1
61	10	4	3	4
61	11	3	4	3
61	12	3	4	8
61	13	3	1	3
61	14	5	3	6
61	15	6	4	7
62	1	4	4	3
62	2	1	.	5
62	3	4	3	2
62	4	3	2	.
62	5	4	3	7
62	6	3	2	.
62	7	4	3	7
62	8	2	2	7
62	9	4	3	6
62	10	2	2	4
62	11	3	3	6
62	12	5	2	3
62	13	5	4	7
62	14	2	2	5
62	15	1	.	3
63	1	5	.	.
63	2	3	1	2
63	3	3	1	4
63	4	4	3	8
63	5	-1	1	.
63	6	3	3	4
63	7	1	0	0
63	8	3	1	5
63	9	1	.	.
63	10	2	1	5
63	11	2	2	4
63	12	5	4	4
63	13	2	3	4
63	14	2	4	7
63	15	2	3	6
64	1	1	.	0
64	2	0	2	0
64	3	1	1	0
64	4	3	3	3
64	5	2	2	1
64	6	5	3	6
64	7	2	2	3
64	8	1	1	2
64	9	4	3	5
64	10	1	2	3
64	11	2	2	4
64	12	1	3	3
64	13	3	3	7
64	14	5	.	2
64	15	2	2	.
65	1	1	1	2
65	2	3	2	1
65	3	4	.	5
65	4	.	2	5
65	5	5	2	5
65	6	3	0	2
65	7	0	1	3
65	8	3	1	4
65	9	3	1	3
65	10	0	1	3
65	11	.	2	4
65	12	0	2	2
65	13	0	1	0
65	14	0	1	1
65	15	0	0	0
66	1	2	1	.
66	2	7	4	9
66	3	1	3	4
66	4	1	2	3
66	5	3	4	7
66	6	5	.	6
66	7	6	.	7
66	8	7	4	6
66	9	5	.	8
66	10	3	4	3
66	11	3	5	6
66	12	6	.	3
66	13	4	4	6
66	14	8	5	10
66	15	.	3	.
67	1	4	4	8
67	2	.	2	3
67	3	2	3	5
67	4	7	5	10
67	5	3	3	5
67	6	3	3	6
67	7	4	4	6
67	8	.	5	7
67	9	6	.	9
67	10	4	3	6
67	11	5	2	3
67	12	3	3	7
67	13	2	2	4
67	14	4	3	6
67	15	8	4	6
68	1	6	4	11
68	2	5	2	8
68	3	1	3	1
68	4	6	4	7
68	5	5	4	8
68	6	2	2	5
68	7	2	3	3
68	8	6	3	7
68	9	6	4	8
68	10	3	2	3
68	11	4	4	8
68	12	2	3	5
68	13	.	4	5
68	14	2	4	6
68	15	4	3	4
69	1	5	5	.
69	2	5	4	6
69	3	5	4	5
69	4	5	4	8
69	5	7	.	7
69	6	5	3	.
69	7	7	5	.
69	8	2	3	.
69	9	6	3	5
69	10	5	.	.
69	11	7	4	10
69	12	5	4	8
69	13	5	4	7
69	14	5	3	5
69	15	4	3	6
70	1	9	7	9
70	2	5	5	8
70	3	7	.	9
70	4	6	6	8
70	5	7	5	10
70	6	9	6	12
70	7	7	5	5
70	8	7	6	8
70	9	10	7	10
70	10	.	6	.
70	11	9	7	10
70	12	5	6	7
70	13	8	5	9
70	14	4	5	5
70	15	7	4	5
71	1	2	1	6
71	2	1	1	4
71	3	4	2	0
71	4	5	3	6
71	5	3	4	5
71	6	0	.	4
71	7	3	2	8
71	8	0	2	3
71	9	.	2	4
71	10	4	4	5
71	11	3	2	1
71	12	4	3	8
71	13	4	2	4
71	14	4	3	5
71	15	1	1	0
72	1	-2	-1	0
72	2	2	2	4
72	3	0	1	2
72	4	0	0	0
72	5	1	0	.
72	6	3	0	2
72	7	0	0	.
72	8	0	0	1
72	9	-1	0	0
72	10	-1	0	.
72	11	2	1	4
72	12	2	1	2
72	13	0	.	0
72	14	0	0	1
72	15	0	0	0
73	1	4	4	5
73	2	5	5	7
73	3	3	3	2
73	4	6	5	7
73	5	5	4	5
73	6	.	5	8
73	7	4	3	5
73	8	4	3	6
73	9	6	5	7
73	10	8	4	7
73	11	1	4	5
73	12	4	4	8
73	13	4	4	4
73	14	4	4	5
73	15	5	4	6
74	1	1	3	5
74	2	1	1	2
74	3	6	4	8
74	4	-1	1	0
74	5	4	4	3
74	6	.	2	2
74	7	4	3	4
74	8	2	3	2
74	9	2	1	4
74	10	1	1	1
74	11	3	2	2
74	12	5	4	.
74	13	4	3	.
74	14	4	3	6
74	15	3	2	5
75	1	5	3	3
75	2	5	3	4
75	3	4	.	3
75	4	2	1	3
75	5	2	2	4
75	6	0	2	1
75	7	3	2	3
75	8	2	1	.
75	9	3	.	6
75	10	.	1	3
75	11	1	2	4
75	12	8	.	11
75	13	4	2	7
75	14	5	2	6
75	15	2	2	5
76	1	4	4	5
76	2	7	.	7
76	3	7	6	8
76	4	7	.	6
76	5	6	6	9
76	6	.	3	4
76	7	.	4	5
76	8	4	3	1
76	9	5	4	8
76	10	5	4	6
76	11	5	3	4
76	12	6	6	8
76	13	5	4	10
76	14	3	.	7
76	15	6	6	7
77	1	1	2	3
77	2	.	1	3
77	3	4	4	.
77	4	3	2	5
77	5	5	4	5
77	6	3	3	.
77	7	0	0	2
77	8	0	1	2
77	9	.	3	8
77	10	5	2	4
77	11	.	1	0
77	12	2	3	4
77	13	4	3	5
77	14	6	3	6
77	15	3	2	2
78	1	-1	0	1
78	2	.	0	3
78	3	3	2	4
78	4	.	2	5
78	5	-3	0	.
78	6	3	3	.
78	7	3	1	2
78	8	3	2	6
78	9	0	1	0
78	10	0	.	1
78	11	1	0	3
78	12	4	2	6
78	13	3	.	4
78	14	2	1	2
78	15	4	2	6
79	1	.	3	5
79	2	4	4	6
79	3	3	3	5
79	4	2	2	4
79	5	.	3	5
79	6	5	4	6
79	7	.	4	6
79	8	4	4	6
79	9	3	4	2
79	10	5	4	8
79	11	4	4	6
79	12	5	4	9
79	13	3	3	.
79	14	5	3	.
79	15	2	2	1
80	1	5	3	.
80	2	0	3	2
80	3	1	1	0
80	4	2	3	1
80	5	2	2	4
80	6	3	2	.
80	7	0	1	.
80	8	3	2	2
80	9	6	4	6
80	10	2	2	5
80	11	4	5	5
80	12	4	1	4
80	13	.	3	5
80	14	3	.	6
80	15	3	3	5
81	1	3	2	4
81	2	1	2	4
81	3	0	2	-1
81	4	8	4	6
81	5	6	5	10
81	6	3	1	3
81	7	3	3	4
81	8	7	3	9
81	9	6	4	10
81	10	5	3	5
81	11	2	3	1
81	12	7	5	9
81	13	1	3	3
81	14	5	5	7
81	15	4	4	3
82	1	.	.	4
82	2	3	3	5
82	3	1	2	4
82	4	4	5	7
82	5	2	4	6
82	6	5	4	6
82	7	4	.	5
82	8	4	3	4
82	9	3	3	.
82	10	4	3	.
82	11	3	2	1
82	12	4	4	2
82	13	3	1	4
82	14	2	2	4
82	15	5	4	.
83	1	6	4	6
83	2	2	1	.
83	3	4	2	5
83	4	4	3	4
83	5	2	2	2
83	6	3	1	4
83	7	3	2	4
83	8	1	3	3
83	9	1	2	1
83	10	3	3	6
83	11	3	3	5
83	12	3	2	3
83	13	3	2	0
83	14	5	4	.
83	15	2	3	6
84	1	3	2	6
84	2	2	2	2
84	3	3	3	4
84	4	5	5	9
84	5	4	6	7
84	6	3	4	5
84	7	7	5	3
84	8	6	2	5
84	9	3	2	2
84	10	5	4	9
84	11	8	5	9
84	12	6	.	6
84	13	5	4	5
84	14	5	3	4
84	15	4	3	9
85	1	2	2	2
85	2	1	1	2
85	3	4	3	5
85	4	2	4	5
85	5	.	4	8
85	6	3	3	2
85	7	4	2	.
85	8	4	3	6
85	9	4	4	4
85	10	2	3	3
85	11	2	4	1
85	12	4	1	5
85	13	5	4	7
85	14	4	4	.
85	15	.	.	1
86	1	6	4	7
86	2	5	4	6
86	3	3	.	6
86	4	2	4	3
86	5	3	4	5
86	6	3	4	6
86	7	3	3	6
86	8	3	3	4
86	9	3	2	.
86	10	7	3	6
86	11	7	4	7
86	12	6	4	4
86	13	5	5	9
86	14	.	2	4
86	15	3	3	6
87	1	7	3	6
87	2	4	.	4
87	3	8	6	9
87	4	3	.	7
87	5	5	4	5
87	6	4	4	5
87	7	5	3	.
87	8	4	4	6
87	9	4	3	6
87	10	.	3	5
87	11	3	.	4
87	12	4	4	7
87	13	6	.	7
87	14	5	6	8
87	15	9	5	10
88	1	4	4	6
88	2	5	.	5
88	3	5	2	5
88	4	.	4	6
88	5	1	2	.
88	6	5	4	9
88	7	2	2	5
88	8	4	4	8
88	9	3	3	6
88	10	3	4	3
88	11	5	3	6
88	12	5	3	.
88	13	5	3	7
88	14	4	3	.
88	15	5	5	8
89	1	1	3	4
89	2	5	3	.
89	3	3	3	3
89	4	.	2	1
89	5	3	4	3
89	6	.	3	4
89	7	1	3	4
89	8	4	4	7
89	9	.	2	2
89	10	5	4	5
89	11	3	2	4
89	12	3	2	2
89	13	0	1	2
89	14	3	2	1
89	15	3	4	.
90	1	6	4	9
90	2	4	.	0
90	3	7	.	8
90	4	7	5	9
90	5	2	3	.
90	6	6	3	8
90	7	4	3	5
90	8	.	4	5
90	9	.	4	7
90	10	7	.	6
90	11	3	5	3
90	12	5	3	5
90	13	5	3	6
90	14	6	4	8
90	15	3	.	.
91	1	0	2	.
91	2	7	6	.
91	3	7	.	11
91	4	5	4	6
91	5	5	4	9
91	6	4	.	.
91	7	6	4	.
91	8	6	4	9
91	9	5	3	6
91	10	0	3	.
91	11	4	4	8
91	12	4	4	6
91	13	2	2	6
91	14	.	4	5
91	15	.	3	6
92	1	5	5	10
92	2	3	2	3
92	3	4	3	4
92	4	6	5	9
92	5	7	4	6
92	6	4	.	7
92	7	6	6	.
92	8	.	2	7
92	9	3	3	7
92	10	6	4	5
92	11	.	5	9
92	12	8	5	11
92	13	2	1	4
92	14	5	.	5
92	15	5	.	7
93	1	5	4	3
93	2	.	1	3
93	3	5	4	5
93	4	.	3	5
93	5	4	5	5
93	6	6	5	6
93	7	.	5	9
93	8	1	2	3
93	9	6	3	6
93	10	3	.	5
93	11	3	3	2
93	12	7	5	5
93	13	.	.	8
93	14	3	2	4
93	15	6	3	6
94	1	0	1	2
94	2	3	.	.
94	3	3	3	4
94	4	4	.	.
94	5	3	2	7
94	6	5	4	7
94	7	.	2	6
94	8	.	2	.
94	9	4	2	8
94	10	3	2	2
94	11	0	1	0
94	12	3	3	5
94	13	2	.	3
94	14	3	0	.
94	15	4	3	7
95	1	9	6	13
95	2	4	3	5
95	3	6	5	9
95	4	4	4	6
95	5	7	6	7
95	6	9	6	10
95	7	7	4	7
95	8	3	2	4
95	9	4	.	.
95	10	8	4	9
95	11	.	2	3
95	12	8	6	12
95	13	5	3	6
95	14	4	5	7
95	15	5	4	7
96	1	4	2	6
96	2	3	3	1
96	3	2	2	4
96	4	4	2	4
96	5	1	1	3
96	6	1	2	2
96	7	6	1	5
96	8	4	2	3
96	9	-1	.	0
96	10	.	2	5
96	11	.	1	.
96	12	2	2	3
96	13	5	3	7
96	14	0	1	1
96	15	0	0	0
97	1	9	7	12
97	2	5	5	7
97	3	10	6	11
97	4	8	5	8
97	5	8	.	10
97	6	9	.	10
97	7	8	.	.
97	8	6	4	10
97	9	6	6	10
97	10	9	8	12
97	11	7	6	8
97	12	7	6	9
97	13	6	7	7
97	14	6	6	.
97	15	8	6	11
98	1	5	4	5
98	2	3	5	9
98	3	7	6	6
98	4	6	6	6
98	5	7	7	11
98	6	4	.	.
98	7	10	5	10
98	8	7	3	.
98	9	10	5	9
98	10	2	3	5
98	11	8	5	8
98	12	8	4	9
98	13	3	4	4
98	14	5	3	6
98	15	6	4	8
99	1	6	5	6
99	2	2	1	4
99	3	3	.	4
99	4	6	5	4
99	5	1	1	3
99	6	5	3	4
99	7	3	3	6
99	8	2	1	3
99	9	2	4	4
99	10	5	3	4
99	11	3	3	4
99	12	5	3	8
99	13	2	3	.
99	14	1	1	3
99	15	7	.	8
100	1	2	3	3
100	2	1	1	.
100	3	3	.	6
100	4	.	1	3
100	5	.	3	6
100	6	2	1	1
100	7	2	4	4
100	8	3	3	1
100	9	.	2	1
100	10	0	1	0
100	11	1	1	1
100	12	3	2	2
100	13	1	2	3
100	14	3	2	.
100	15	0	1	3
101	1	1	2	4
101	2	3	2	2
101	3	1	1	2
101	4	.	.	6
101	5	3	3	5
101	6	3	0	2
101	7	0	1	1
101	8	1	.	.
101	9	5	4	6
101	10	2	2	3
101	11	1	0	3
101	12	2	.	4
101	13	3	1	5
101	14	4	2	6
101	15	3	2	1
102	1	7	4	8
102	2	5	3	2
102	3	4	3	3
102	4	3	3	5
102	5	6	4	7
102	6	.	3	4
102	7	8	3	7
102	8	7	3	9
102	9	4	.	.
102	10	4	3	5
102	11	.	4	3
102	12	4	.	6
102	13	5	3	6
102	14	5	4	7
102	15	2	3	3
103	1	1	1	1
103	2	2	2	5
103	3	4	3	6
103	4	4	4	.
103	5	3	3	1
103	6	5	3	6
103	7	2	3	4
103	8	5	3	8
103	9	.	3	6
103	10	2	1	4
103	11	3	2	3
103	12	3	2	4
103	13	0	2	0
103	14	1	2	.
103	15	6	3	4
104	1	2	2	3
104	2	3	2	5
104	3	4	3	2
104	4	.	3	1
104	5	1	.	1
104	6	2	2	2
104	7	2	2	5
104	8	.	3	.
104	9	.	3	8
104	10	3	.	3
104	11	3	3	3
104	12	5	2	5
104	13	4	3	.
104	14	3	.	3
104	15	.	1	4
105	1	5	3	7
105	2	0	2	1
105	3	.	2	6
105	4	2	2	3
105	5	2	1	1
105	6	0	1	2
105	7	3	2	.
105	8	.	.	3
105	9	0	0	0
105	10	1	1	1
105	11	2	2	5
105	12	1	2	3
105	13	2	0	1
105	14	0	3	3
105	15	1	2	3
106	1	0	1	1
106	2	4	5	5
106	3	1	1	2
106	4	2	3	5
106	5	2	2	.
106	6	2	2	3
106	7	2	2	3
106	8	5	3	3
106	9	3	.	6
106	10	3	3	.
106	11	0	0	0
106	12	1	1	0
106	13	3	.	5
106	14	1	2	4
106	15	4	2	4
107	1	4	3	6
107	2	1	2	5
107	3	0	1	2
107	4	2	2	4
107	5	0	1	.
107	6	2	1	2
107	7	1	1	2
107	8	2	2	4
107	9	3	4	5
107	10	1	2	5
107	11	1	1	5
107	12	3	2	3
107	13	2	.	1
107	14	.	.	2
107	15	.	2	8
108	1	0	1	0
108	2	1	0	1
108	3	1	1	2
108	4	2	1	3
108	5	.	2	.
108	6	0	1	3
108	7	0	0	0
108	8	1	0	.
108	9	3	1	2
108	10	4	.	4
108	11	0	1	-1
108	12	1	0	0
108	13	.	0	0
108	14	0	1	4
108	15	2	2	0
109	1	1	.	2
109	2	2	2	0
109	3	5	3	7
109	4	4	2	5
109	5	5	3	5
109	6	5	4	7
109	7	1	1	3
109	8	4	4	3
109	9	4	.	6
109	10	3	2	8
109	11	1	3	4
109	12	3	3	3
109	13	2	2	.
109	14	6	4	7
109	15	.	1	.
110	1	6	4	6
110	2	5	3	6
110	3	3	3	7
110	4	5	4	9
110	5	1	3	3
110	6	4	.	10
110	7	.	.	4
110	8	2	3	2
110	9	5	4	7
110	10	4	4	8
110	11	5	5	5
110	12	4	4	5
110	13	6	3	7
110	14	5	4	2
110	15	4	5	7
111	1	1	4	4
111	2	5	4	6
111	3	4	3	5
111	4	6	4	5
111	5	4	3	.
111	6	3	1	4
111	7	3	0	0
111	8	2	1	.
111	9	2	2	3
111	10	4	3	4
111	11	3	2	2
111	12	4	3	.
111	13	1	1	1
111	14	2	.	.
111	15	3	3	4
112	1	3	3	6
112	2	4	.	4
112	3	4	3	5
112	4	.	4	5
112	5	5	4	.
112	6	3	4	6
112	7	3	2	1
112	8	5	4	6
112	9	2	4	4
112	10	1	1	4
112	11	4	4	5
112	12	4	3	.
112	13	3	4	5
112	14	7	4	6
112	15	3	4	6
113	1	2	1	4
113	2	2	0	0
113	3	2	0	2
113	4	3	2	4
113	5	-1	3	2
113	6	0	0	0
113	7	0	0	2
113	8	3	4	.
113	9	0	1	1
113	10	.	1	1
113	11	1	0	2
113	12	0	0	0
113	13	0	1	0
113	14	2	1	1
113	15	1	3	1
114	1	6	4	.
114	2	2	.	5
114	3	1	2	.
114	4	.	2	7
114	5	4	3	7
114	6	7	3	8
114	7	1	2	.
114	8	3	1	7
114	9	6	3	5
114	10	4	5	6
114	11	3	2	5
114	12	5	3	5
114	13	3	1	4
114	14	1	1	4
114	15	4	4	6
115	1	5	5	6
115	2	3	4	8
115	3	3	3	4
115	4	7	4	9
115	5	6	5	.
115	6	4	2	.
115	7	5	5	6
115	8	2	2	.
115	9	6	4	.
115	10	.	5	7
115	11	5	4	3
115	12	4	3	9
115	13	3	3	6
115	14	1	0	0
115	15	.	2	5
116	1	5	2	8
116	2	6	4	9
116	3	4	3	6
116	4	4	3	5
116	5	.	2	3
116	6	1	1	6
116	7	3	3	3
116	8	6	4	10
116	9	5	4	8
116	10	4	4	6
116	11	7	4	6
116	12	2	4	1
116	13	5	3	7
116	14	3	3	5
116	15	2	3	4
117	1	3	3	1
117	2	1	3	6
117	3	.	3	7
117	4	3	4	2
117	5	1	2	2
117	6	1	1	0
117	7	5	3	8
117	8	3	.	3
117	9	4	4	6
117	10	4	.	3
117	11	2	3	.
117	12	2	2	7
117	13	1	3	2
117	14	.	2	0
117	15	4	5	8
118	1	4	2	7
118	2	.	1	1
118	3	2	2	2
118	4	2	1	1
118	5	1	3	4
118	6	3	2	4
118	7	.	.	3
118	8	3	1	3
118	9	1	2	1
118	10	4	3	4
118	11	.	2	.
118	12	2	2	4
118	13	2	2	2
118	14	0	0	1
118	15	.	2	5
119	1	3	1	5
119	2	2	2	5
119	3	2	4	5
119	4	0	1	0
119	5	.	3	3
119	6	2	1	3
119	7	1	2	0
119	8	1	1	5
119	9	.	.	5
119	10	3	2	1
119	11	.	1	2
119	12	3	2	6
119	13	0	0	-1
119	14	1	3	3
119	15	1	3	5
120	1	1	3	4
120	2	.	3	.
120	3	5	2	5
120	4	4	.	4
120	5	.	1	5
120	6	0	1	2
120	7	2	.	5
120	8	4	2	7
120	9	.	1	1
120	10	2	3	3
120	11	.	2	3
120	12	5	2	5
120	13	2	1	1
120	14	0	1	0
120	15	1	3	4
121	1	.	3	6
121	2	3	3	3
121	3	3	3	5
121	4	4	4	8
121	5	5	1	4
121	6	6	4	8
121	7	6	5	6
121	8	7	5	7
121	9	2	3	.
121	10	1	.	2
121	11	.	2	5
121	12	4	3	6
121	13	4	.	7
121	14	2	3	5
121	15	1	3	4
122	1	0	2	4
122	2	3	2	6
122	3	5	.	5
122	4	3	4	.
122	5	0	1	3
122	6	0	0	0
122	7	1	0	0
122	8	2	2	.
122	9	4	.	4
122	10	2	4	2
122	11	0	1	3
122	12	4	3	5
122	13	2	1	2
122	14	4	.	.
122	15	3	2	2
123	1	4	4	5
123	2	3	2	3
123	3	3	1	3
123	4	3	1	2
123	5	1	1	1
123	6	2	3	4
123	7	3	3	6
123	8	2	2	2
123	9	1	3	1
123	10	3	3	4
123	11	2	.	3
123	12	3	2	4
123	13	0	1	1
123	14	3	4	2
123	15	5	3	2
124	1	3	2	4
124	2	4	1	4
124	3	.	3	5
124	4	.	2	1
124	5	1	1	2
124	6	1	1	1
124	7	4	3	6
124	8	3	2	6
124	9	2	2	2
124	10	4	2	6
124	11	3	3	5
124	12	4	3	4
124	13	1	3	0
124	14	2	3	3
124	15	2	2	4
125	1	7	6	.
125	2	6	5	10
125	3	9	5	9
125	4	5	5	7
125	5	4	.	6
125	6	8	4	7
125	7	10	6	13
125	8	4	6	7
125	9	9	5	10
125	10	5	3	8
125	11	6	5	8
125	12	.	4	6
125	13	6	4	6
125	14	8	6	12
125	15	7	4	10
126	1	3	1	4
126	2	5	2	6
126	3	6	4	10
126	4	.	2	7
126	5	0	1	0
126	6	2	2	0
126	7	0	1	1
126	8	0	0	0
126	9	5	2	5
126	10	1	2	2
126	11	4	2	.
126	12	.	.	7
126	13	3	1	2
126	14	3	2	3
126	15	2	3	3
127	1	5	2	5
127	2	.	2	5
127	3	4	3	6
127	4	5	2	7
127	5	4	.	6
127	6	2	1	3
127	7	.	4	6
127	8	4	3	9
127	9	4	6	7
127	10	3	4	6
127	11	2	3	5
127	12	4	.	4
127	13	2	4	7
127	14	2	2	4
127	15	5	3	6
128	1	3	.	4
128	2	2	0	1
128	3	1	1	0
128	4	4	3	3
128	5	3	3	3
128	6	0	2	0
128	7	2	2	2
128	8	4	2	7
128	9	6	4	5
128	10	0	2	0
128	11	3	3	1
128	12	2	3	.
128	13	4	4	5
128	14	4	3	6
128	15	4	4	5
129	1	2	0	1
129	2	3	1	.
129	3	1	1	1
129	4	2	1	.
129	5	4	3	5
129	6	1	2	2
129	7	2	1	3
129	8	.	2	.
129	9	0	1	3
129	10	3	1	4
129	11	1	1	0
129	12	6	3	7
129	13	3	2	3
129	14	3	1	3
129	15	0	1	4
130	1	5	5	.
130	2	4	3	6
130	3	4	2	3
130	4	2	2	2
130	5	2	3	.
130	6	2	3	3
130	7	5	2	7
130	8	4	3	4
130	9	5	2	4
130	10	5	4	5
130	11	2	4	6
130	12	1	2	3
130	13	3	2	4
130	14	2	.	6
130	15	.	3	5
131	1	6	6	9
131	2	9	5	11
131	3	6	3	7
131	4	3	.	6
131	5	7	5	10
131	6	6	4	7
131	7	6	6	9
131	8	4	4	5
131	9	4	4	8
131	10	4	3	2
131	11	8	.	7
131	12	5	4	4
131	13	5	3	6
131	14	6	5	6
131	15	6	5	8
132	1	.	4	4
132	2	7	3	7
132	3	5	5	5
132	4	4	4	8
132	5	5	3	5
132	6	2	2	4
132	7	.	5	5
132	8	5	4	10
132	9	3	3	6
132	10	1	2	3
132	11	7	4	6
132	12	5	4	6
132	13	.	3	6
132	14	2	3	4
132	15	6	5	8
133	1	4	4	8
133	2	3	.	4
133	3	4	2	4
133	4	1	2	0
133	5	2	3	5
133	6	8	.	4
133	7	.	5	7
133	8	4	3	6
133	9	3	.	3
133	10	2	3	1
133	11	6	5	9
133	12	4	2	.
133	13	2	3	1
133	14	.	3	7
133	15	1	2	7
134	1	3	4	6
134	2	5	2	6
134	3	2	2	5
134	4	6	4	7
134	5	3	4	5
134	6	4	1	2
134	7	.	3	4
134	8	3	2	3
134	9	2	3	4
134	10	4	3	6
134	11	3	2	.
134	12	4	3	3
134	13	4	2	5
134	14	0	2	3
134	15	5	3	7
135	1	3	2	5
135	2	1	.	3
135	3	2	0	1
135	4	0	1	2
135	5	0	1	2
135	6	1	0	1
135	7	1	1	1
135	8	0	0	2
135	9	0	.	2
135	10	1	2	3
135	11	2	.	3
135	12	5	2	6
135	13	.	0	0
135	14	2	1	.
135	15	0	0	0
136	1	4	5	8
136	2	6	6	8
136	3	4	3	.
136	4	4	5	6
136	5	4	4	4
136	6	5	4	6
136	7	.	4	6
136	8	3	5	4
136	9	5	.	4
136	10	5	5	7
136	11	6	5	7
136	12	5	5	.
136	13	6	4	6
136	14	6	4	8
136	15	7	5	9
137	1	0	0	0
137	2	2	2	5
137	3	-1	1	0
137	4	2	.	0
137	5	1	1	0
137	6	1	1	1
137	7	2	2	4
137	8	.	1	3
137	9	1	1	4
137	10	-1	0	0
137	11	3	3	1
137	12	1	3	5
137	13	.	2	3
137	14	0	2	.
137	15	3	1	3
138	1	3	3	3
138	2	7	5	.
138	3	4	5	1
138	4	5	5	.
138	5	5	3	7
138	6	2	4	2
138	7	.	3	8
138	8	6	5	6
138	9	5	3	7
138	10	.	3	6
138	11	.	4	7
138	12	6	3	6
138	13	6	5	8
138	14	5	3	5
138	15	5	3	.
139	1	6	6	8
139	2	8	5	11
139	3	5	4	8
139	4	6	6	10
139	5	5	4	.
139	6	.	6	.
139	7	7	4	7
139	8	7	7	12
139	9	.	6	12
139	10	5	.	8
139	11	7	7	12
139	12	6	6	8
139	13	7	5	8
139	14	7	5	7
139	15	.	6	10
140	1	1	.	3
140	2	.	1	1
140	3	0	0	1
140	4	1	1	.
140	5	3	1	4
140	6	1	1	2
140	7	0	0	4
140	8	4	2	5
140	9	2	.	2
140	10	5	1	4
140	11	3	2	5
140	12	0	0	0
140	13	1	1	2
140	14	0	0	1
140	15	0	4	5
141	1	7	5	9
141	2	3	.	4
141	3	3	4	4
141	4	7	5	7
141	5	3	2	4
141	6	6	.	10
141	7	.	3	6
141	8	2	2	3
141	9	5	4	7
141	10	4	2	9
141	11	0	3	2
141	12	5	4	7
141	13	4	3	5
141	14	4	2	5
141	15	4	4	.
142	1	2	2	5
142	2	5	4	8
142	3	0	.	0
142	4	6	4	6
142	5	2	.	3
142	6	2	3	7
142	7	3	.	7
142	8	4	3	.
142	9	2	.	1
142	10	4	2	7
142	11	4	3	.
142	12	6	3	4
142	13	2	2	5
142	14	.	.	5
142	15	2	2	5
143	1	.	.	2
143	2	1	0	1
143	3	-1	1	0
143	4	0	2	2
143	5	1	1	5
143	6	2	1	4
143	7	3	2	6
143	8	1	.	0
143	9	2	.	2
143	10	1	1	3
143	11	0	0	-1
143	12	3	0	3
143	13	0	1	-1
143	14	0	0	0
143	15	1	3	3
144	1	.	1	2
144	2	.	.	3
144	3	.	1	1
144	4	1	.	.
144	5	2	2	2
144	6	2	1	3
144	7	1	1	.
144	8	4	2	7
144	9	3	1	6
144	10	.	2	3
144	11	2	.	3
144	12	1	2	.
144	13	4	2	4
144	14	2	2	3
144	15	2	1	2
145	1	1	2	4
145	2	1	0	2
145	3	3	2	4
145	4	2	1	3
145	5	.	0	0
145	6	1	1	1
145	7	2	0	.
145	8	3	2	2
145	9	2	.	.
145	10	0	0	0
145	11	2	2	2
145	12	-1	2	0
145	13	0	2	1
145	14	0	0	1
145	15	2	0	0
146	1	4	3	7
146	2	1	1	1
146	3	4	2	2
146	4	5	3	3
146	5	4	2	7
146	6	2	2	2
146	7	0	2	.
146	8	3	2	5
146	9	1	1	2
146	10	4	4	.
146	11	0	0	0
146	12	0	2	5
146	13	0	1	.
146	14	1	1	0
146	15	1	1	3
147	1	3	3	5
147	2	3	2	7
147	3	0	.	3
147	4	1	0	0
147	5	0	0	3
147	6	1	2	4
147	7	-1	0	-2
147	8	.	0	2
147	9	2	2	0
147	10	0	1	1
147	11	0	0	-2
147	12	1	2	1
147	13	0	0	0
147	14	2	2	4
147	15	0	1	0
148	1	5	4	5
148	2	5	4	6
148	3	5	4	6
148	4	4	3	4
148	5	3	3	4
148	6	3	3	3
148	7	3	2	3
148	8	2	3	4
148	9	.	4	6
148	10	4	.	5
148	11	6	4	6
148	12	7	5	10
148	13	6	4	7
148	14	.	5	9
148	15	4	3	6
149	1	11	7	12
149	2	7	6	9
149	3	6	5	5
149	4	8	5	8
149	5	3	4	5
149	6	8	8	8
149	7	5	5	6
149	8	5	6	10
149	9	.	7	7
149	10	5	5	7
149	11	8	7	11
149	12	9	6	8
149	13	8	7	9
149	14	6	.	.
149	15	8	.	.
150	1	4	2	5
150	2	3	3	5
150	3	3	2	3
150	4	2	3	.
150	5	.	1	2
150	6	1	1	1
150	7	2	1	1
150	8	1	1	1
150	9	3	2	5
150	10	-1	1	-2
150	11	1	1	1
150	12	.	2	2
150	13	1	1	1
150	14	5	2	5
150	15	2	.	0
151	1	2	2	2
151	2	4	3	5
151	3	6	4	7
151	4	8	7	9
151	5	5	4	7
151	6	.	.	.
151	7	.	3	4
151	8	6	5	9
151	9	5	5	7
151	10	3	2	1
151	11	5	4	6
151	12	4	5	7
151	13	3	3	4
151	14	5	2	5
151	15	3	4	3
152	1	5	4	7
152	2	5	3	6
152	3	.	5	.
152	4	5	4	7
152	5	7	5	8
152	6	.	3	6
152	7	2	3	0
152	8	5	5	3
152	9	7	4	.
152	10	4	4	7
152	11	6	5	8
152	12	.	3	9
152	13	6	4	.
152	14	5	3	6
152	15	4	4	6
153	1	.	3	6
153	2	5	4	7
153	3	5	3	9
153	4	6	4	6
153	5	2	4	6
153	6	8	5	9
153	7	5	4	6
153	8	3	2	3
153	9	6	4	8
153	10	5	3	7
153	11	5	4	6
153	12	3	4	.
153	13	3	3	3
153	14	2	3	6
153	15	4	2	6
154	1	1	1	3
154	2	3	1	2
154	3	2	1	5
154	4	3	2	4
154	5	0	2	3
154	6	3	1	3
154	7	0	1	3
154	8	0	0	1
154	9	6	.	6
154	10	.	3	3
154	11	1	1	1
154	12	2	1	4
154	13	4	.	.
154	14	.	2	4
154	15	0	2	5
155	1	.	4	4
155	2	2	3	5
155	3	4	3	5
155	4	5	.	.
155	5	7	.	7
155	6	3	2	2
155	7	5	1	3
155	8	1	3	4
155	9	1	3	3
155	10	4	3	7
155	11	4	.	5
155	12	0	2	1
155	13	2	1	2
155	14	2	1	1
155	15	3	3	7
156	1	7	4	11
156	2	2	2	3
156	3	4	3	7
156	4	2	.	5
156	5	7	4	8
156	6	1	1	2
156	7	1	4	3
156	8	2	2	2
156	9	3	2	4
156	10	1	2	1
156	11	1	2	3
156	12	5	4	8
156	13	4	3	3
156	14	8	4	10
156	15	5	3	5
157	1	2	3	2
157	2	3	3	6
157	3	5	3	5
157	4	4	4	7
157	5	5	4	5
157	6	5	4	8
157	7	5	3	7
157	8	3	4	2
157	9	2	4	3
157	10	1	4	.
157	11	5	4	4
157	12	6	5	8
157	13	6	2	5
157	14	7	5	9
157	15	9	4	9
158	1	6	3	8
158	2	2	2	4
158	3	4	3	.
158	4	.	1	3
158	5	3	3	.
158	6	3	.	3
158	7	3	2	4
158	8	4	2	4
158	9	4	3	7
158	10	3	3	4
158	11	1	3	.
158	12	.	3	3
158	13	4	2	3
158	14	6	4	6
158	15	3	1	3
159	1	8	5	9
159	2	.	3	5
159	3	7	4	6
159	4	3	.	.
159	5	.	3	.
159	6	5	5	6
159	7	.	3	8
159	8	5	4	8
159	9	5	3	5
159	10	2	2	3
159	11	3	3	5
159	12	3	3	6
159	13	8	5	8
159	14	6	4	6
159	15	4	2	5
160	1	3	2	3
160	2	2	2	4
160	3	.	3	3
160	4	4	4	7
160	5	.	.	5
160	6	3	4	.
160	7	4	3	5
160	8	1	1	1
160	9	1	3	3
160	10	0	3	6
160	11	4	2	5
160	12	4	4	.
160	13	4	2	4
160	14	5	3	.
160	15	2	1	2
161	1	4	2	0
161	2	.	3	1
161	3	.	4	7
161	4	7	3	5
161	5	5	3	7
161	6	6	4	6
161	7	.	6	8
161	8	8	.	8
161	9	4	4	6
161	10	3	3	3
161	11	8	4	8
161	12	6	4	.
161	13	4	3	5
161	14	6	4	5
161	15	3	3	2
162	1	0	.	.
162	2	1	2	5
162	3	1	3	4
162	4	0	1	2
162	5	4	2	4
162	6	4	3	4
162	7	.	1	4
162	8	3	2	2
162	9	4	2	3
162	10	2	3	4
162	11	1	1	5
162	12	1	1	1
162	13	4	3	5
162	14	0	1	0
162	15	1	2	2
163	1	4	1	3
163	2	.	0	0
163	3	.	1	0
163	4	1	1	0
163	5	2	2	4
163	6	-2	0	0
163	7	1	2	6
163	8	0	1	0
163	9	3	1	3
163	10	2	0	4
163	11	.	2	3
163	12	2	2	1
163	13	1	2	3
163	14	5	2	8
163	15	3	2	1
164	1	10	7	12
164	2	8	8	10
164	3	9	7	9
164	4	9	9	13
164	5	6	7	9
164	6	7	8	10
164	7	9	.	15
164	8	6	7	9
164	9	9	7	13
164	10	9	6	7
164	11	11	8	13
164	12	7	.	9
164	13	7	6	9
164	14	11	7	.
164	15	10	7	.
165	1	3	3	5
165	2	3	3	5
165	3	3	.	2
165	4	6	3	7
165	5	3	0	2
165	6	2	3	3
165	7	2	.	0
165	8	4	4	5
165	9	4	2	5
165	10	4	3	.
165	11	4	4	6
165	12	1	1	4
165	13	7	4	9
165	14	0	3	1
165	15	4	3	8
166	1	5	4	7
166	2	2	2	4
166	3	5	2	5
166	4	5	3	9
166	5	6	5	7
166	6	0	3	2
166	7	9	5	13
166	8	7	.	10
166	9	3	3	4
166	10	4	4	5
166	11	4	4	4
166	12	3	4	4
166	13	4	5	7
166	14	4	3	6
166	15	5	4	6
167	1	5	4	8
167	2	0	2	2
167	3	4	3	4
167	4	5	.	8
167	5	.	4	5
167	6	5	4	8
167	7	4	4	7
167	8	5	4	6
167	9	7	4	.
167	10	4	3	7
167	11	5	4	5
167	12	3	2	7
167	13	3	2	1
167	14	3	2	5
167	15	8	5	12
168	1	3	2	5
168	2	.	3	.
168	3	.	2	1
168	4	3	4	3
168	5	4	3	3
168	6	4	3	6
168	7	2	3	3
168	8	0	1	-1
168	9	5	.	10
168	10	1	.	4
168	11	4	3	.
168	12	.	2	4
168	13	6	3	7
168	14	.	3	3
168	15	3	1	4
169	1	.	.	6
169	2	4	4	4
169	3	.	5	9
169	4	5	4	5
169	5	3	.	1
169	6	2	4	6
169	7	3	.	2
169	8	0	1	1
169	9	3	3	6
169	10	5	4	6
169	11	5	2	5
169	12	2	2	2
169	13	2	3	4
169	14	2	3	3
169	15	6	4	.
170	1	6	3	8
170	2	2	3	3
170	3	4	3	3
170	4	6	4	7
170	5	.	.	8
170	6	4	3	7
170	7	.	4	9
170	8	4	2	9
170	9	5	4	9
170	10	.	2	6
170	11	2	2	0
170	12	4	3	5
170	13	5	3	4
170	14	6	3	5
170	15	1	.	1
171	1	4	2	2
171	2	6	3	8
171	3	.	4	4
171	4	1	1	0
171	5	4	2	4
171	6	1	1	4
171	7	3	3	6
171	8	5	4	7
171	9	1	2	2
171	10	4	.	3
171	11	2	1	4
171	12	0	1	0
171	13	1	4	2
171	14	5	.	3
171	15	6	4	8
172	1	-1	2	0
172	2	7	4	7
172	3	.	5	6
172	4	5	4	6
172	5	5	3	3
172	6	2	2	3
172	7	6	4	7
172	8	2	2	1
172	9	3	3	7
172	10	.	3	8
172	11	6	.	7
172	12	3	2	2
172	13	1	2	4
172	14	5	2	4
172	15	4	3	7
173	1	7	4	7
173	2	6	4	6
173	3	.	4	5
173	4	5	.	8
173	5	4	2	.
173	6	6	3	5
173	7	.	4	2
173	8	3	3	.
173	9	2	1	3
173	10	4	3	5
173	11	0	2	2
173	12	2	2	4
173	13	2	1	.
173	14	3	2	3
173	15	2	2	3
174	1	7	5	8
174	2	7	5	8
174	3	6	5	7
174	4	8	7	11
174	5	8	6	9
174	6	8	5	12
174	7	4	5	4
174	8	8	7	9
174	9	6	.	7
174	10	7	6	7
174	11	6	6	12
174	12	.	5	7
174	13	6	5	7
174	14	7	6	7
174	15	5	5	9
175	1	6	3	6
175	2	0	0	0
175	3	2	2	2
175	4	3	.	3
175	5	2	.	5
175	6	2	1	2
175	7	2	0	2
175	8	.	1	1
175	9	2	1	1
175	10	2	3	4
175	11	2	2	2
175	12	3	2	5
175	13	1	.	3
175	14	0	1	.
175	15	3	2	3
176	1	.	2	3
176	2	3	2	3
176	3	2	2	.
176	4	3	1	0
176	5	.	2	3
176	6	0	2	0
176	7	.	2	4
176	8	1	0	1
176	9	1	1	.
176	10	.	0	0
176	11	1	1	0
176	12	0	1	3
176	13	1	1	1
176	14	0	2	0
176	15	0	2	4
177	1	0	2	2
177	2	2	3	7
177	3	.	2	7
177	4	.	3	2
177	5	2	2	2
177	6	6	6	7
177	7	3	3	7
177	8	3	4	5
177	9	3	3	4
177	10	5	3	5
177	11	4	3	5
177	12	4	3	.
177	13	.	2	3
177	14	2	3	5
177	15	3	3	4
178	1	2	4	5
178	2	5	3	.
178	3	5	4	7
178	4	3	1	2
178	5	.	4	5
178	6	5	4	.
178	7	4	3	3
178	8	.	3	5
178	9	3	3	5
178	10	4	3	4
178	11	2	2	1
178	12	2	2	3
178	13	1	3	5
178	14	4	3	8
178	15	3	4	2
179	1	3	3	.
179	2	1	3	1
179	3	2	3	6
179	4	7	3	6
179	5	2	3	3
179	6	3	3	4
179	7	4	.	5
179	8	5	4	7
179	9	5	4	8
179	10	9	.	12
179	11	5	4	7
179	12	6	3	.
179	13	7	5	8
179	14	4	3	4
179	15	4	4	6
180	1	4	.	7
180	2	0	.	1
180	3	-1	0	1
180	4	6	.	7
180	5	2	2	3
180	6	1	1	2
180	7	1	.	1
180	8	.	2	4
180	9	2	.	.
180	10	.	2	7
180	11	3	2	5
180	12	4	4	3
180	13	3	3	.
180	14	0	2	2
180	15	4	2	5
181	1	3	1	.
181	2	1	1	2
181	3	0	2	2
181	4	4	4	5
181	5	.	0	0
181	6	.	2	3
181	7	4	1	3
181	8	4	4	7
181	9	1	1	6
181	10	3	.	3
181	11	2	.	5
181	12	2	0	3
181	13	3	.	2
181	14	6	3	8
181	15	5	2	.
182	1	4	3	7
182	2	7	6	11
182	3	8	4	6
182	4	8	6	7
182	5	6	.	10
182	6	7	6	6
182	7	.	5	7
182	8	4	4	6
182	9	.	4	6
182	10	5	5	7
182	11	3	5	5
182	12	7	6	11
182	13	5	3	6
182	14	2	.	8
182	15	8	6	9
183	1	2	3	5
183	2	4	2	7
183	3	2	1	.
183	4	4	2	6
183	5	2	2	5
183	6	1	2	0
183	7	3	3	3
183	8	2	4	4
183	9	5	3	6
183	10	4	2	3
183	11	2	3	3
183	12	3	2	2
183	13	3	3	4
183	14	1	1	4
183	15	-1	0	0
184	1	7	3	6
184	2	4	.	6
184	3	3	2	4
184	4	-3	0	0
184	5	5	2	.
184	6	3	3	4
184	7	1	3	4
184	8	4	3	5
184	9	4	4	.
184	10	2	2	2
184	11	6	3	4
184	12	3	2	4
184	13	4	2	7
184	14	1	2	.
184	15	2	1	4
185	1	2	.	4
185	2	2	2	4
185	3	3	3	5
185	4	4	3	4
185	5	.	1	1
185	6	3	1	3
185	7	6	2	6
185	8	4	.	1
185	9	2	2	3
185	10	0	2	2
185	11	1	2	1
185	12	4	2	.
185	13	2	2	3
185	14	3	2	3
185	15	4	1	3
186	1	3	2	5
186	2	.	3	6
186	3	.	.	3
186	4	4	1	4
186	5	1	2	.
186	6	1	1	0
186	7	2	2	2
186	8	.	2	4
186	9	2	2	.
186	10	3	2	2
186	11	6	4	9
186	12	5	5	10
186	13	7	5	9
186	14	5	3	.
186	15	.	3	2
187	1	4	3	3
187	2	.	4	.
187	3	4	4	.
187	4	8	4	.
187	5	5	4	8
187	6	7	4	8
187	7	5	5	7
187	8	3	3	2
187	9	5	6	7
187	10	4	3	4
187	11	4	3	6
187	12	8	5	12
187	13	7	4	7
187	14	6	.	6
187	15	3	3	2
188	1	4	3	4
188	2	7	4	9
188	3	7	.	7
188	4	4	3	6
188	5	3	4	9
188	6	4	4	6
188	7	2	.	.
188	8	4	.	5
188	9	4	4	5
188	10	4	2	3
188	11	.	2	5
188	12	4	2	4
188	13	1	2	1
188	14	5	4	5
188	15	4	4	6
189	1	4	3	7
189	2	3	2	5
189	3	1	2	0
189	4	6	5	6
189	5	5	2	2
189	6	5	4	8
189	7	5	4	.
189	8	3	4	5
189	9	8	4	5
189	10	4	4	.
189	11	5	5	7
189	12	3	3	4
189	13	4	5	6
189	14	6	4	9
189	15	6	6	11
190	1	0	2	1
190	2	4	4	.
190	3	2	.	6
190	4	4	3	6
190	5	3	1	.
190	6	.	.	5
190	7	5	4	3
190	8	.	3	7
190	9	3	.	3
190	10	.	3	5
190	11	5	.	5
190	12	4	1	3
190	13	2	2	3
190	14	5	1	5
190	15	4	2	4
191	1	6	4	8
191	2	8	4	7
191	3	.	4	.
191	4	4	4	5
191	5	3	4	.
191	6	3	4	3
191	7	2	2	1
191	8	.	3	3
191	9	4	3	3
191	10	2	3	4
191	11	2	2	3
191	12	3	3	5
191	13	4	3	5
191	14	6	4	3
191	15	2	3	3
192	1	4	4	6
192	2	0	1	0
192	3	.	3	3
192	4	5	4	7
192	5	2	2	5
192	6	.	2	6
192	7	3	2	2
192	8	3	2	4
192	9	3	2	5
192	10	1	.	4
192	11	3	1	3
192	12	3	2	.
192	13	.	3	.
192	14	4	3	6
192	15	5	3	6
193	1	3	4	6
193	2	.	1	1
193	3	4	2	7
193	4	5	3	7
193	5	5	4	5
193	6	5	4	8
193	7	6	3	5
193	8	3	4	5
193	9	4	2	.
193	10	5	3	.
193	11	3	1	2
193	12	4	3	.
193	13	6	4	8
193	14	4	4	5
193	15	1	3	5
194	1	2	2	2
194	2	1	1	2
194	3	2	2	2
194	4	.	3	3
194	5	2	2	2
194	6	2	2	0
194	7	2	2	1
194	8	2	1	3
194	9	5	2	2
194	10	1	3	5
194	11	1	3	3
194	12	2	1	1
194	13	2	1	1
194	14	1	.	2
194	15	3	3	3
195	1	3	2	3
195	2	3	2	3
195	3	3	2	.
195	4	0	1	2
195	5	0	2	3
195	6	1	1	3
195	7	-2	0	0
195	8	1	1	2
195	9	2	2	3
195	10	5	3	5
195	11	1	2	5
195	12	1	.	-1
195	13	2	2	2
195	14	1	3	3
195	15	0	2	4
196	1	.	6	8
196	2	4	3	5
196	3	7	3	9
196	4	1	2	4
196	5	7	4	9
196	6	7	7	11
196	7	9	6	11
196	8	4	3	.
196	9	8	.	10
196	10	5	5	6
196	11	6	.	9
196	12	4	3	4
196	13	.	5	.
196	14	3	5	6
196	15	5	.	12
197	1	3	4	5
197	2	1	2	3
197	3	6	5	.
197	4	5	4	8
197	5	5	.	7
197	6	5	4	6
197	7	5	3	4
197	8	.	.	7
197	9	.	3	5
197	10	.	.	3
197	11	.	.	10
197	12	6	.	.
197	13	7	.	6
197	14	4	2	7
197	15	9	5	9
198	1	0	.	-1
198	2	3	2	3
198	3	4	2	3
198	4	3	2	5
198	5	4	3	.
198	6	4	2	3
198	7	3	3	5
198	8	0	1	2
198	9	4	3	4
198	10	0	.	1
198	11	6	2	5
198	12	1	0	.
198	13	3	0	3
198	14	2	1	2
198	15	0	1	2
199	1	2	2	4
199	2	4	3	.
199	3	3	2	.
199	4	5	3	.
199	5	0	.	2
199	6	2	3	3
199	7	2	2	5
199	8	1	1	2
199	9	2	2	.
199	10	5	3	9
199	11	1	1	1
199	12	0	0	3
199	13	1	1	1
199	14	.	3	6
199	15	2	3	2
200	1	2	1	3
200	2	2	1	1
200	3	4	2	0
200	4	3	.	6
200	5	2	1	2
200	6	0	1	.
200	7	2	2	1
200	8	3	2	6
200	9	3	2	7
200	10	0	1	0
200	11	0	2	1
200	12	1	.	2
200	13	0	0	3
200	14	1	0	1
200	15	3	2	6
201	1	9	6	12
201	2	4	4	6
201	3	4	4	3
201	4	5	5	6
201	5	8	5	9
201	6	7	5	8
201	7	9	6	11
201	8	.	5	8
201	9	4	4	7
201	10	7	7	11
201	11	6	6	7
201	12	5	7	8
201	13	6	5	7
201	14	6	5	6
201	15	4	3	.
202	1	7	5	10
202	2	6	5	9
202	3	7	4	9
202	4	6	3	7
202	5	6	5	8
202	6	4	6	4
202	7	7	5	7
202	8	.	4	4
202	9	7	5	8
202	10	5	4	6
202	11	3	3	3
202	12	6	4	7
202	13	2	2	5
202	14	5	4	4
202	15	6	.	9
203	1	5	4	8
203	2	2	2	.
203	3	4	3	4
203	4	1	2	2
203	5	8	4	8
203	6	4	3	.
203	7	1	1	3
203	8	6	3	5
203	9	1	2	3
203	10	.	2	3
203	11	5	.	4
203	12	6	4	6
203	13	3	2	2
203	14	2	2	4
203	15	2	3	1
204	1	7	5	6
204	2	7	5	9
204	3	7	4	8
204	4	6	4	9
204	5	0	3	2
204	6	5	4	9
204	7	6	5	7
204	8	4	2	5
204	9	.	3	3
204	10	2	3	4
204	11	.	4	6
204	12	4	3	5
204	13	2	1	.
204	14	2	3	4
204	15	4	.	4
205	1	1	1	.
205	2	1	2	2
205	3	3	3	4
205	4	2	2	3
205	5	2	3	4
205	6	6	4	.
205	7	2	1	3
205	8	6	4	8
205	9	.	.	5
205	10	3	3	8
205	11	2	2	4
205	12	2	2	.
205	13	5	2	.
205	14	3	4	4
205	15	5	4	10
206	1	5	3	6
206	2	2	2	2
206	3	2	2	4
206	4	3	2	4
206	5	4	3	7
206	6	2	0	0
206	7	1	3	1
206	8	6	4	9
206	9	5	.	7
206	10	3	2	4
206	11	1	2	3
206	12	3	3	2
206	13	4	4	.
206	14	6	4	.
206	15	4	.	5
207	1	1	2	3
207	2	1	3	4
207	3	1	2	5
207	4	.	1	3
207	5	3	3	5
207	6	5	4	6
207	7	4	2	4
207	8	4	3	4
207	9	3	2	4
207	10	3	1	4
207	11	2	1	4
207	12	3	.	5
207	13	3	3	4
207	14	3	0	4
207	15	3	3	3
208	1	.	4	6
208	2	3	1	4
208	3	0	0	0
208	4	6	5	8
208	5	1	2	.
208	6	3	1	2
208	7	5	3	5
208	8	-2	0	1
208	9	1	1	.
208	10	2	2	.
208	11	1	1	1
208	12	4	3	5
208	13	5	4	7
208	14	3	2	.
208	15	3	1	2
209	1	6	5	8
209	2	5	.	6
209	3	6	4	6
209	4	8	5	8
209	5	6	6	8
209	6	4	4	5
209	7	5	6	8
209	8	1	2	.
209	9	6	5	7
209	10	3	.	6
209	11	9	7	11
209	12	8	6	12
209	13	2	4	3
209	14	6	5	7
209	15	6	4	6
210	1	4	2	6
210	2	4	5	6
210	3	6	4	7
210	4	0	3	5
210	5	.	3	7
210	6	3	2	4
210	7	6	4	.
210	8	0	2	1
210	9	6	3	.
210	10	5	3	.
210	11	1	2	-2
210	12	4	3	6
210	13	2	2	5
210	14	2	2	5
210	15	.	3	.
211	1	5	4	.
211	2	4	3	5
211	3	4	3	3
211	4	.	3	5
211	5	2	3	4
211	6	4	2	2
211	7	3	4	5
211	8	3	.	5
211	9	4	3	2
211	10	5	.	4
211	11	3	2	2
211	12	3	2	2
211	13	4	3	.
211	14	.	3	5
211	15	.	3	7
212	1	6	4	7
212	2	4	3	8
212	3	7	3	6
212	4	3	3	.
212	5	2	.	3
212	6	3	2	5
212	7	5	4	5
212	8	4	4	4
212	9	7	2	7
212	10	7	4	8
212	11	6	3	6
212	12	4	.	3
212	13	0	.	.
212	14	4	4	6
212	15	4	4	4
213	1	6	4	6
213	2	5	4	6
213	3	5	5	5
213	4	5	3	4
213	5	7	4	8
213	6	5	3	.
213	7	4	4	6
213	8	4	3	3
213	9	6	4	10
213	10	6	3	3
213	11	3	5	4
213	12	.	3	6
213	13	4	5	9
213	14	6	4	9
213	15	6	3	.
214	1	5	4	.
214	2	5	3	4
214	3	4	3	4
214	4	3	1	.
214	5	.	3	8
214	6	1	2	1
214	7	4	2	5
214	8	4	.	5
214	9	4	.	3
214	10	3	2	2
214	11	4	2	5
214	12	2	4	5
214	13	3	1	3
214	14	3	1	.
214	15	.	2	2
215	1	2	1	2
215	2	4	.	5
215	3	2	1	1
215	4	4	3	3
215	5	0	0	0
215	6	3	1	0
215	7	1	0	1
215	8	1	3	3
215	9	0	2	4
215	10	0	.	0
215	11	3	2	4
215	12	2	2	0
215	13	3	1	4
215	14	.	0	0
215	15	3	3	3
216	1	7	4	6
216	2	4	4	5
216	3	7	3	8
216	4	5	4	6
216	5	7	4	8
216	6	4	3	6
216	7	5	.	6
216	8	4	4	7
216	9	5	4	5
216	10	6	4	9
216	11	7	6	10
216	12	.	5	8
216	13	5	4	.
216	14	4	.	7
216	15	6	5	8
217	1	4	3	5
217	2	2	2	5
217	3	1	3	2
217	4	1	1	.
217	5	4	4	6
217	6	1	2	1
217	7	5	2	3
217	8	2	1	4
217	9	4	2	5
217	10	5	3	7
217	11	1	1	1
217	12	4	2	.
217	13	.	3	7
217	14	3	3	2
217	15	1	2	1
218	1	2	2	.
218	2	5	3	5
218	3	2	2	0
218	4	5	2	6
218	5	-1	0	1
218	6	0	0	0
218	7	4	2	5
218	8	1	2	1
218	9	2	2	4
218	10	0	1	2
218	11	0	1	0
218	12	2	1	2
218	13	3	2	2
218	14	4	2	5
218	15	2	2	6
219	1	.	.	2
219	2	1	2	4
219	3	2	2	2
219	4	1	2	0
219	5	.	2	2
219	6	0	0	1
219	7	.	2	2
219	8	1	1	0
219	9	0	1	1
219	10	4	3	5
219	11	3	.	.
219	12	0	1	2
219	13	0	3	2
219	14	3	3	2
219	15	.	-1	0
220	1	1	0	4
220	2	2	0	2
220	3	0	1	1
220	4	2	.	3
220	5	3	1	3
220	6	0	1	0
220	7	0	0	1
220	8	6	3	6
220	9	1	1	.
220	10	1	1	3
220	11	0	.	2
220	12	1	1	2
220	13	2	1	5
220	14	1	1	3
220	15	2	2	.
221	1	4	4	6
221	2	.	2	5
221	3	5	2	5
221	4	1	1	.
221	5	3	4	3
221	6	2	3	7
221	7	3	3	2
221	8	3	2	4
221	9	2	2	5
221	10	4	2	5
221	11	2	3	6
221	12	3	2	1
221	13	3	3	5
221	14	2	2	.
221	15	4	3	5
222	1	4	4	4
222	2	5	.	5
222	3	2	4	1
222	4	3	4	7
222	5	2	2	6
222	6	6	5	6
222	7	4	3	4
222	8	.	4	4
222	9	6	3	6
222	10	4	4	4
222	11	7	3	6
222	12	7	6	.
222	13	5	4	7
222	14	.	5	7
222	15	4	3	2
223	1	4	4	7
223	2	7	4	8
223	3	6	3	6
223	4	4	.	8
223	5	7	4	12
223	6	.	4	6
223	7	6	4	8
223	8	5	4	2
223	9	6	4	.
223	10	4	3	4
223	11	5	7	8
223	12	5	3	.
223	13	4	4	.
223	14	8	4	9
223	15	6	4	6
224	1	2	4	.
224	2	5	5	9
224	3	7	5	9
224	4	10	4	11
224	5	3	3	4
224	6	3	5	4
224	7	5	4	8
224	8	2	4	8
224	9	8	5	.
224	10	6	4	8
224	11	5	4	5
224	12	5	5	7
224	13	6	3	.
224	14	6	3	9
224	15	6	4	6
225	1	4	4	4
225	2	2	3	3
225	3	3	2	2
225	4	0	1	0
225	5	6	4	6
225	6	1	1	3
225	7	3	1	3
225	8	3	1	5
225	9	4	4	7
225	10	4	3	6
225	11	5	3	7
225	12	3	2	5
225	13	4	3	6
225	14	3	3	3
225	15	3	3	4
226	1	6	5	5
226	2	2	2	2
226	3	3	3	4
226	4	5	3	5
226	5	3	.	4
226	6	4	4	7
226	7	2	3	3
226	8	2	3	7
226	9	4	3	2
226	10	3	4	5
226	11	3	.	.
226	12	4	3	7
226	13	.	2	2
226	14	4	4	1
226	15	3	3	3
227	1	4	3	5
227	2	-1	.	0
227	3	3	2	1
227	4	3	3	3
227	5	3	3	4
227	6	4	3	4
227	7	2	2	3
227	8	.	1	.
227	9	2	3	6
227	10	.	3	3
227	11	0	1	1
227	12	3	2	2
227	13	4	4	6
227	14	4	3	6
227	15	3	2	.
228	1	1	3	5
228	2	.	3	2
228	3	3	3	6
228	4	5	3	5
228	5	2	4	5
228	6	1	1	.
228	7	3	3	5
228	8	5	2	7
228	9	1	1	.
228	10	3	2	3
228	11	3	2	.
228	12	1	1	1
228	13	0	2	0
228	14	.	1	4
228	15	3	2	6
229	1	5	3	4
229	2	.	3	7
229	3	6	5	8
229	4	5	4	6
229	5	5	5	.
229	6	7	4	8
229	7	5	4	7
229	8	6	4	7
229	9	3	4	8
229	10	2	2	2
229	11	8	5	8
229	12	5	5	8
229	13	5	5	6
229	14	5	5	7
229	15	2	3	1
230	1	3	2	5
230	2	4	3	5
230	3	2	0	1
230	4	1	0	1
230	5	6	3	8
230	6	1	1	3
230	7	4	3	6
230	8	4	4	.
230	9	4	4	5
230	10	1	2	2
230	11	.	.	3
230	12	6	.	5
230	13	5	2	7
230	14	.	.	.
230	15	1	.	.
231	1	8	5	9
231	2	5	4	6
231	3	7	.	10
231	4	4	5	5
231	5	5	6	6
231	6	10	.	8
231	7	7	5	8
231	8	7	5	8
231	9	8	4	9
231	10	8	5	11
231	11	9	7	13
231	12	6	5	7
231	13	7	.	9
231	14	10	.	9
231	15	8	5	8
232	1	1	3	3
232	2	1	2	4
232	3	.	.	6
232	4	8	4	9
232	5	1	2	4
232	6	3	4	4
232	7	1	.	0
232	8	3	3	2
232	9	2	2	3
232	10	.	3	5
232	11	6	4	.
232	12	0	2	2
232	13	5	3	6
232	14	8	4	9
232	15	4	2	1
233	1	.	2	3
233	2	5	4	3
233	3	5	4	9
233	4	4	3	2
233	5	1	3	3
233	6	5	2	6
233	7	0	3	0
233	8	1	.	2
233	9	4	4	4
233	10	6	4	6
233	11	0	1	1
233	12	.	3	5
233	13	1	2	2
233	14	5	3	4
233	15	6	5	7
234	1	0	1	1
234	2	5	2	7
234	3	3	2	6
234	4	1	1	2
234	5	5	2	5
234	6	2	4	2
234	7	4	1	4
234	8	5	1	3
234	9	1	.	2
234	10	0	0	0
234	11	6	.	9
234	12	2	4	3
234	13	3	2	4
234	14	.	2	0
234	15	.	4	6
235	1	7	3	7
235	2	6	4	7
235	3	0	0	.
235	4	2	1	3
235	5	4	2	.
235	6	2	3	5
235	7	3	3	3
235	8	0	1	2
235	9	3	.	5
235	10	3	.	1
235	11	6	3	6
235	12	.	.	1
235	13	4	3	5
235	14	1	1	0
235	15	0	.	6
236	1	2	4	.
236	2	4	2	.
236	3	-2	1	.
236	4	0	1	0
236	5	.	0	.
236	6	.	2	4
236	7	2	3	3
236	8	1	1	1
236	9	0	1	-1
236	10	1	1	2
236	11	0	0	0
236	12	4	3	.
236	13	0	1	0
236	14	2	1	0
236	15	6	.	6
237	1	.	5	7
237	2	4	2	5
237	3	5	3	7
237	4	.	3	7
237	5	4	3	3
237	6	1	1	1
237	7	.	4	8
237	8	2	1	0
237	9	3	2	5
237	10	2	2	4
237	11	.	1	2
237	12	-1	2	.
237	13	1	2	2
237	14	6	3	6
237	15	4	1	4
238	1	.	1	5
238	2	4	4	.
238	3	4	4	3
238	4	5	4	.
238	5	3	3	8
238	6	7	5	8
238	7	4	3	3
238	8	5	3	.
238	9	4	5	4
238	10	5	2	.
238	11	3	1	5
238	12	3	4	6
238	13	.	2	3
238	14	6	2	8
238	15	3	2	4
239	1	4	.	4
239	2	2	2	.
239	3	6	3	6
239	4	5	4	6
239	5	5	.	9
239	6	5	4	.
239	7	2	3	1
239	8	.	3	5
239	9	5	4	4
239	10	5	4	5
239	11	4	4	6
239	12	3	3	3
239	13	4	3	.
239	14	4	5	8
239	15	2	2	0
240	1	0	1	3
240	2	1	3	1
240	3	7	5	9
240	4	.	.	1
240	5	4	3	5
240	6	3	.	.
240	7	1	2	3
240	8	1	2	3
240	9	3	3	3
240	10	5	3	.
240	11	5	2	2
240	12	0	1	1
240	13	0	.	2
240	14	1	2	1
240	15	1	3	4
241	1	5	3	6
241	2	5	3	7
241	3	.	2	3
241	4	2	2	6
241	5	1	0	1
241	6	2	2	3
241	7	4	3	4
241	8	1	2	3
241	9	2	2	2
241	10	0	2	0
241	11	2	.	2
241	12	4	3	3
241	13	3	3	5
241	14	2	0	-1
241	15	3	3	5
242	1	1	2	0
242	2	4	0	2
242	3	3	2	4
242	4	1	1	6
242	5	1	2	1
242	6	.	2	3
242	7	4	3	5
242	8	3	3	6
242	9	2	1	1
242	10	1	1	0
242	11	2	1	0
242	12	4	2	3
242	13	2	2	4
242	14	3	2	4
242	15	5	.	7
243	1	8	6	7
243	2	5	4	8
243	3	.	5	7
243	4	7	5	9
243	5	6	4	5
243	6	7	5	8
243	7	7	4	6
243	8	7	6	8
243	9	4	6	5
243	10	6	5	8
243	11	4	5	8
243	12	.	3	8
243	13	6	.	7
243	14	6	.	.
243	15	5	4	9
244	1	1	.	3
244	2	2	2	2
244	3	0	1	1
244	4	1	1	1
244	5	5	3	4
244	6	0	1	3
244	7	2	2	2
244	8	2	2	.
244	9	2	.	5
244	10	3	2	.
244	11	2	1	0
244	12	.	2	2
244	13	3	1	3
244	14	1	.	1
244	15	1	2	3
245	1	2	3	6
245	2	1	1	3
245	3	0	1	1
245	4	4	4	5
245	5	1	2	2
245	6	1	2	3
245	7	0	2	0
245	8	1	2	3
245	9	2	3	6
245	10	.	4	.
245	11	4	3	6
245	12	0	1	4
245	13	4	2	5
245	14	4	4	.
245	15	3	3	6
246	1	7	5	9
246	2	5	6	9
246	3	7	6	7
246	4	8	7	10
246	5	4	5	9
246	6	7	5	9
246	7	6	6	8
246	8	6	5	7
246	9	8	6	11
246	10	5	6	10
246	11	.	5	8
246	12	5	5	9
246	13	4	5	7
246	14	.	4	8
246	15	.	.	8
247	1	3	4	8
247	2	3	1	3
247	3	4	3	5
247	4	4	4	5
247	5	4	1	4
247	6	4	.	7
247	7	3	3	4
247	8	2	.	3
247	9	2	4	.
247	10	2	2	2
247	11	3	4	5
247	12	1	1	4
247	13	7	4	8
247	14	.	.	.
247	15	2	1	1
248	1	0	0	.
248	2	1	1	0
248	3	2	4	4
248	4	1	2	3
248	5	1	2	5
248	6	2	1	6
248	7	3	1	0
248	8	2	1	4
248	9	.	.	5
248	10	3	1	3
248	11	0	1	-1
248	12	0	1	2
248	13	0	0	0
248	14	1	0	3
248	15	4	3	6
249	1	0	2	1
249	2	5	3	6
249	3	4	2	4
249	4	2	3	5
249	5	2	2	5
249	6	2	1	1
249	7	2	2	2
249	8	1	2	4
249	9	5	3	5
249	10	.	2	0
249	11	2	2	2
249	12	3	1	5
249	13	3	3	.
249	14	2	3	3
249	15	3	.	5
250	1	.	2	5
250	2	6	4	.
250	3	5	3	6
250	4	1	.	5
250	5	0	2	2
250	6	3	4	4
250	7	3	4	5
250	8	4	5	7
250	9	4	3	5
250	10	4	3	6
250	11	4	4	5
250	12	4	.	6
250	13	7	3	.
250	14	.	.	7
250	15	1	3	3
251	1	4	3	2
251	2	5	2	5
251	3	2	2	3
251	4	4	.	5
251	5	5	.	7
251	6	4	2	4
251	7	3	2	.
251	8	4	2	7
251	9	2	2	2
251	10	4	3	6
251	11	.	2	3
251	12	.	3	.
251	13	1	3	3
251	14	0	1	0
251	15	5	2	5
252	1	3	2	3
252	2	.	4	4
252	3	3	3	3
252	4	4	3	6
252	5	.	2	.
252	6	2	1	1
252	7	3	3	7
252	8	1	1	.
252	9	2	2	2
252	10	5	3	5
252	11	1	2	4
252	12	5	4	8
252	13	2	3	3
252	14	1	2	.
252	15	1	0	2
253	1	6	3	.
253	2	0	2	2
253	3	5	2	.
253	4	.	2	8
253	5	1	2	3
253	6	5	5	5
253	7	3	1	3
253	8	3	2	.
253	9	5	1	4
253	10	7	4	8
253	11	4	1	4
253	12	3	4	8
253	13	3	2	4
253	14	.	1	0
253	15	.	4	.
254	1	2	3	.
254	2	2	2	2
254	3	5	4	8
254	4	5	2	4
254	5	6	.	6
254	6	5	3	5
254	7	.	4	6
254	8	6	3	.
254	9	4	4	5
254	10	4	.	.
254	11	7	4	7
254	12	3	3	5
254	13	4	4	6
254	14	2	1	2
254	15	4	4	7
255	1	2	.	5
255	2	4	.	9
255	3	3	2	4
255	4	5	.	7
255	5	4	.	8
255	6	7	6	9
255	7	5	4	4
255	8	.	5	5
255	9	3	4	4
255	10	8	4	9
255	11	8	7	.
255	12	6	3	7
255	13	6	5	12
255	14	5	6	5
255	15	6	3	8
256	1	5	3	6
256	2	4	3	4
256	3	.	.	0
256	4	2	1	2
256	5	5	3	4
256	6	5	3	6
256	7	0	1	.
256	8	2	2	2
256	9	.	3	3
256	10	.	3	3
256	11	4	3	6
256	12	5	4	5
256	13	1	3	3
256	14	4	3	4
256	15	6	4	.
257	1	6	5	7
257	2	5	3	.
257	3	4	3	4
257	4	6	3	8
257	5	5	3	4
257	6	1	1	.
257	7	4	5	5
257	8	5	5	6
257	9	6	4	8
257	10	7	5	11
257	11	.	5	7
257	12	.	3	6
257	13	6	5	.
257	14	10	5	.
257	15	4	4	6
258	1	7	6	8
258	2	3	4	6
258	3	4	4	6
258	4	2	2	2
258	5	3	4	5
258	6	2	3	8
258	7	1	4	4
258	8	3	3	3
258	9	.	3	3
258	10	6	5	9
258	11	2	3	3
258	12	6	4	6
258	13	5	2	.
258	14	5	.	7
258	15	.	3	6
259	1	.	3	5
259	2	3	2	.
259	3	5	.	3
259	4	4	3	8
259	5	3	2	5
259	6	8	5	10
259	7	4	3	3
259	8	7	.	10
259	9	2	3	5
259	10	1	1	.
259	11	1	2	3
259	12	2	2	3
259	13	4	4	7
259	14	4	3	9
259	15	5	3	7
260	1	2	.	4
260	2	1	1	2
260	3	0	1	1
260	4	-1	1	2
260	5	1	.	0
260	6	1	1	.
260	7	1	0	2
260	8	3	1	3
260	9	3	2	3
260	10	4	2	6
260	11	-3	0	-2
260	12	2	3	2
260	13	2	2	1
260	14	0	.	1
260	15	-1	2	0
261	1	1	.	5
261	2	2	2	2
261	3	4	.	6
261	4	.	.	1
261	5	8	4	11
261	6	3	1	2
261	7	4	3	2
261	8	1	0	2
261	9	2	.	6
261	10	.	4	8
261	11	4	2	1
261	12	4	2	6
261	13	2	1	2
261	14	.	3	.
261	15	3	3	3
262	1	2	2	2
262	2	4	3	3
262	3	3	1	3
262	4	.	3	3
262	5	0	2	3
262	6	4	3	5
262	7	4	3	6
262	8	4	.	8
262	9	4	.	6
262	10	3	3	7
262	11	4	3	7
262	12	3	3	.
262	13	4	4	7
262	14	4	3	.
262	15	5	.	.
263	1	4	4	5
263	2	4	4	5
263	3	3	3	5
263	4	5	3	8
263	5	4	2	6
263	6	6	3	4
263	7	4	3	7
263	8	2	2	3
263	9	4	4	7
263	10	2	2	3
263	11	7	3	7
263	12	1	1	4
263	13	1	3	1
263	14	5	4	7
263	15	0	2	7
264	1	4	3	6
264	2	.	5	8
264	3	2	3	2
264	4	5	3	5
264	5	6	2	5
264	6	4	4	7
264	7	5	5	8
264	8	5	.	7
264	9	3	.	7
264	10	5	5	5
264	11	.	7	9
264	12	4	3	5
264	13	.	3	3
264	14	5	4	7
264	15	2	2	.
265	1	8	7	8
265	2	10	7	13
265	3	6	3	7
265	4	6	.	7
265	5	6	4	.
265	6	10	7	10
265	7	7	4	8
265	8	7	6	9
265	9	8	7	10
265	10	8	7	10
265	11	7	5	11
265	12	5	6	7
265	13	6	7	8
265	14	7	6	.
265	15	4	5	6
266	1	4	3	5
266	2	8	5	8
266	3	.	4	5
266	4	6	5	6
266	5	8	5	9
266	6	.	5	9
266	7	7	5	9
266	8	6	.	8
266	9	5	5	8
266	10	2	.	3
266	11	5	4	4
266	12	3	6	4
266	13	5	4	9
266	14	.	6	14
266	15	7	5	6
267	1	2	2	.
267	2	5	3	6
267	3	4	3	6
267	4	4	.	4
267	5	4	4	4
267	6	3	3	5
267	7	3	3	4
267	8	4	4	4
267	9	3	.	5
267	10	2	2	.
267	11	4	2	5
267	12	3	3	3
267	13	4	5	7
267	14	.	1	5
267	15	5	3	3
268	1	4	1	5
268	2	1	1	3
268	3	1	1	1
268	4	2	1	.
268	5	-1	0	-2
268	6	2	1	1
268	7	0	1	1
268	8	4	2	3
268	9	1	.	.
268	10	3	.	.
268	11	1	0	0
268	12	1	1	2
268	13	1	2	2
268	14	1	.	2
268	15	0	0	0
269	1	2	2	3
269	2	2	3	2
269	3	5	2	5
269	4	.	.	3
269	5	.	4	5
269	6	9	.	9
269	7	6	3	7
269	8	5	4	8
269	9	3	2	2
269	10	2	3	4
269	11	.	2	2
269	12	2	0	0
269	13	2	1	4
269	14	4	.	2
269	15	3	3	.
270	1	2	2	5
270	2	5	3	7
270	3	6	4	9
270	4	5	3	7
270	5	4	3	5
270	6	5	.	6
270	7	4	4	3
270	8	6	4	8
270	9	6	5	6
270	10	1	3	.
270	11	5	3	7
270	12	.	2	2
270	13	.	3	2
270	14	5	5	8
270	15	3	4	4
271	1	4	2	5
271	2	5	5	6
271	3	3	3	5
271	4	5	2	5
271	5	5	5	7
271	6	2	3	4
271	7	5	4	5
271	8	3	4	.
271	9	3	1	1
271	10	6	4	5
271	11	3	3	5
271	12	5	5	8
271	13	4	3	5
271	14	2	3	.
271	15	5	3	6
272	1	6	4	6
272	2	5	.	7
272	3	5	5	6
272	4	2	2	6
272	5	4	3	7
272	6	6	6	8
272	7	6	.	10
272	8	.	3	5
272	9	5	3	5
272	10	5	4	7
272	11	5	3	3
272	12	7	5	8
272	13	5	5	4
272	14	5	4	.
272	15	8	6	9
273	1	5	4	6
273	2	6	4	10
273	3	0	2	1
273	4	2	2	.
273	5	5	4	9
273	6	4	4	4
273	7	3	3	6
273	8	6	5	9
273	9	5	4	4
273	10	3	3	7
273	11	3	5	4
273	12	1	2	3
273	13	3	2	2
273	14	4	4	6
273	15	5	4	7
274	1	0	0	.
274	2	-1	1	.
274	3	3	3	5
274	4	3	3	1
274	5	2	2	4
274	6	4	2	4
274	7	3	2	4
274	8	0	1	1
274	9	3	2	4
274	10	2	2	0
274	11	.	0	3
274	12	2	1	.
274	13	2	1	3
274	14	3	1	4
274	15	1	1	.
275	1	3	3	4
275	2	3	3	3
275	3	2	2	5
275	4	7	4	9
275	5	3	3	6
275	6	3	3	7
275	7	5	6	9
275	8	5	4	5
275	9	7	4	.
275	10	6	3	5
275	11	.	4	8
275	12	.	5	6
275	13	.	3	3
275	14	7	5	8
275	15	4	4	8
276	1	1	3	2
276	2	3	2	5
276	3	.	4	.
276	4	2	2	1
276	5	2	2	4
276	6	.	3	7
276	7	2	2	1
276	8	6	5	10
276	9	2	1	2
276	10	2	2	.
276	11	3	2	4
276	12	6	3	3
276	13	7	5	10
276	14	4	3	2
276	15	3	3	4
277	1	2	2	2
277	2	6	2	.
277	3	0	.	0
277	4	2	3	8
277	5	5	4	5
277	6	3	3	4
277	7	3	3	5
277	8	.	4	3
277	9	4	5	4
277	10	2	3	6
277	11	1	.	4
277	12	3	3	.
277	13	2	3	5
277	14	5	4	7
277	15	3	4	5
278	1	2	2	3
278	2	5	3	9
278	3	4	3	7
278	4	1	2	3
278	5	5	.	.
278	6	2	4	2
278	7	4	4	6
278	8	3	4	6
278	9	.	3	3
278	10	5	2	6
278	11	3	4	5
278	12	5	4	6
278	13	4	4	8
278	14	4	2	2
278	15	4	2	5
279	1	2	2	3
279	2	5	4	8
279	3	2	3	7
279	4	5	4	7
279	5	4	4	4
279	6	4	2	6
279	7	5	3	8
279	8	4	2	4
279	9	2	2	2
279	10	4	3	4
279	11	5	3	8
279	12	4	3	3
279	13	4	3	7
279	14	6	.	8
279	15	4	4	5
280	1	4	4	.
280	2	5	2	4
280	3	4	3	3
280	4	2	1	2
280	5	.	3	6
280	6	3	.	2
280	7	.	3	5
280	8	6	4	6
280	9	5	.	.
280	10	5	4	8
280	11	0	1	3
280	12	4	2	6
280	13	7	3	4
280	14	6	4	.
280	15	4	4	4
281	1	4	2	6
281	2	6	2	.
281	3	1	0	.
281	4	.	0	2
281	5	0	0	0
281	6	1	0	-2
281	7	3	1	1
281	8	2	.	2
281	9	0	0	0
281	10	1	.	3
281	11	-2	0	0
281	12	1	1	4
281	13	1	1	0
281	14	1	1	1
281	15	-1	1	0
282	1	2	4	.
282	2	6	3	6
282	3	3	2	8
282	4	5	3	5
282	5	4	2	4
282	6	6	3	.
282	7	4	3	7
282	8	4	4	5
282	9	7	4	6
282	10	3	.	2
282	11	7	4	5
282	12	9	4	7
282	13	3	5	8
282	14	.	.	7
282	15	5	5	8
283	1	.	3	6
283	2	4	3	6
283	3	4	3	6
283	4	.	2	2
283	5	6	4	3
283	6	4	3	6
283	7	.	1	3
283	8	4	3	8
283	9	5	4	6
283	10	6	5	9
283	11	0	1	2
283	12	6	4	5
283	13	4	3	3
283	14	4	.	6
283	15	4	4	2
284	1	6	3	4
284	2	5	4	6
284	3	4	4	7
284	4	2	2	5
284	5	.	5	6
284	6	3	3	4
284	7	.	3	6
284	8	3	4	5
284	9	2	2	4
284	10	3	2	4
284	11	1	1	2
284	12	4	3	8
284	13	4	2	6
284	14	4	.	4
284	15	4	.	4
285	1	1	3	1
285	2	6	.	9
285	3	3	3	5
285	4	2	2	7
285	5	3	4	3
285	6	2	3	4
285	7	3	2	5
285	8	2	5	9
285	9	4	5	5
285	10	.	5	7
285	11	3	3	5
285	12	.	2	2
285	13	7	3	5
285	14	2	3	4
285	15	3	3	5
286	1	5	3	.
286	2	2	.	0
286	3	2	.	4
286	4	3	3	6
286	5	5	5	11
286	6	2	3	5
286	7	3	2	6
286	8	3	3	3
286	9	.	5	7
286	10	3	3	.
286	11	2	3	2
286	12	2	.	3
286	13	2	2	.
286	14	3	3	2
286	15	4	3	5
287	1	4	4	7
287	2	6	5	6
287	3	3	3	4
287	4	5	4	8
287	5	0	1	1
287	6	6	4	7
287	7	3	3	6
287	8	3	3	5
287	9	4	3	5
287	10	3	.	2
287	11	.	3	4
287	12	6	3	.
287	13	1	2	.
287	14	5	3	4
287	15	3	2	5
288	1	5	5	6
288	2	3	3	5
288	3	.	5	9
288	4	3	3	3
288	5	4	3	4
288	6	4	3	7
288	7	9	6	11
288	8	5	6	8
288	9	7	6	10
288	10	5	.	4
288	11	6	4	.
288	12	8	6	7
288	13	8	.	9
288	14	9	5	9
288	15	3	4	5
289	1	4	1	6
289	2	5	4	5
289	3	3	4	5
289	4	1	3	.
289	5	6	3	5
289	6	4	2	2
289	7	3	3	4
289	8	5	4	5
289	9	2	2	0
289	10	2	2	6
289	11	5	4	6
289	12	3	3	3
289	13	5	.	3
289	14	2	1	4
289	15	4	.	6
290	1	4	4	4
290	2	3	3	3
290	3	4	2	4
290	4	2	3	6
290	5	3	3	4
290	6	2	3	3
290	7	5	4	7
290	8	4	2	3
290	9	5	4	7
290	10	3	3	5
290	11	4	4	6
290	12	3	4	6
290	13	1	3	7
290	14	3	3	3
290	15	3	2	2
291	1	3	3	5
291	2	.	3	6
291	3	4	4	6
291	4	8	5	10
291	5	3	3	5
291	6	1	3	3
291	7	4	4	3
291	8	3	5	5
291	9	.	5	8
291	10	5	6	7
291	11	7	.	11
291	12	4	5	6
291	13	4	3	3
291	14	4	5	9
291	15	4	3	6
292	1	6	4	6
292	2	4	5	7
292	3	5	4	7
292	4	.	4	5
292	5	8	5	.
292	6	9	6	10
292	7	6	4	3
292	8	4	4	6
292	9	7	4	10
292	10	6	5	8
292	11	3	4	5
292	12	7	5	8
292	13	.	4	.
292	14	5	3	7
292	15	6	5	6
293	1	3	3	2
293	2	4	.	6
293	3	3	3	1
293	4	1	3	4
293	5	4	3	7
293	6	7	4	.
293	7	7	5	9
293	8	5	3	6
293	9	4	3	.
293	10	4	4	5
293	11	5	4	7
293	12	.	5	8
293	13	6	5	9
293	14	5	.	8
293	15	4	4	9
294	1	4	3	7
294	2	0	1	0
294	3	3	.	5
294	4	3	2	.
294	5	3	2	0
294	6	3	3	5
294	7	3	.	.
294	8	3	2	4
294	9	1	1	3
294	10	2	2	3
294	11	1	0	0
294	12	3	.	2
294	13	3	1	3
294	14	2	.	3
294	15	0	3	2
295	1	3	4	7
295	2	.	3	7
295	3	9	5	10
295	4	8	5	10
295	5	6	6	8
295	6	9	8	10
295	7	7	6	11
295	8	9	6	9
295	9	5	5	7
295	10	8	5	10
295	11	6	4	7
295	12	5	.	11
295	13	7	5	7
295	14	6	.	.
295	15	4	6	8
296	1	5	3	7
296	2	.	3	5
296	3	3	2	3
296	4	2	.	.
296	5	3	2	1
296	6	5	4	6
296	7	4	.	4
296	8	2	3	.
296	9	5	.	9
296	10	1	2	2
296	11	5	3	7
296	12	.	4	6
296	13	5	4	4
296	14	7	3	6
296	15	4	3	4
297	1	4	.	.
297	2	.	.	8
297	3	4	4	7
297	4	8	.	10
297	5	.	5	6
297	6	8	6	8
297	7	6	3	10
297	8	3	2	4
297	9	7	5	7
297	10	4	4	5
297	11	8	5	9
297	12	2	4	.
297	13	.	5	7
297	14	5	.	7
297	15	7	5	.
298	1	1	.	2
298	2	2	2	6
298	3	2	.	2
298	4	4	1	0
298	5	3	2	3
298	6	.	0	.
298	7	.	2	5
298	8	4	.	3
298	9	3	3	3
298	10	0	0	0
298	11	0	.	0
298	12	0	1	0
298	13	3	1	5
298	14	2	2	5
298	15	0	1	3
299	1	3	1	4
299	2	0	2	1
299	3	4	3	6
299	4	6	4	8
299	5	1	3	3
299	6	0	2	2
299	7	6	5	6
299	8	5	4	8
299	9	3	4	5
299	10	5	2	3
299	11	1	3	2
299	12	3	3	7
299	13	4	2	4
299	14	4	4	8
299	15	4	3	4
300	1	1	2	1
300	2	6	4	9
300	3	3	4	.
300	4	5	5	.
300	5	.	2	2
300	6	4	3	6
300	7	6	4	.
300	8	4	5	6
300	9	2	3	3
300	10	3	2	.
300	11	3	3	6
300	12	.	5	9
300	13	.	5	5
300	14	9	7	9
300	15	6	5	7
301	1	2	1	1
301	2	6	.	6
301	3	1	0	3
301	4	3	2	9
301	5	4	2	4
301	6	.	.	5
301	7	2	2	.
301	8	.	3	3
301	9	.	1	2
301	10	1	2	3
301	11	2	2	3
301	12	4	.	4
301	13	5	2	.
301	14	4	1	4
301	15	1	2	1
302	1	2	3	4
302	2	0	1	1
302	3	1	2	2
302	4	4	3	7
302	5	1	0	3
302	6	1	2	2
302	7	2	1	2
302	8	2	1	3
302	9	2	0	.
302	10	3	2	7
302	11	1	0	1
302	12	4	2	5
302	13	2	2	1
302	14	4	3	5
302	15	.	0	0
303	1	1	.	3
303	2	3	3	.
303	3	2	2	1
303	4	2	2	.
303	5	0	1	2
303	6	.	1	1
303	7	4	1	.
303	8	2	1	3
303	9	3	3	.
303	10	4	3	4
303	11	6	2	5
303	12	3	3	5
303	13	1	1	1
303	14	1	2	3
303	15	1	2	.
304	1	1	2	4
304	2	1	.	5
304	3	0	0	0
304	4	.	3	6
304	5	1	1	0
304	6	.	0	-2
304	7	1	1	1
304	8	3	0	3
304	9	.	.	2
304	10	2	2	2
304	11	.	1	1
304	12	2	3	4
304	13	5	2	7
304	14	0	.	3
304	15	5	1	3
305	1	2	2	4
305	2	2	2	4
305	3	3	3	6
305	4	4	.	6
305	5	5	4	7
305	6	2	2	.
305	7	5	3	6
305	8	2	3	1
305	9	.	2	.
305	10	1	.	5
305	11	3	3	4
305	12	3	3	6
305	13	5	3	3
305	14	3	4	6
305	15	1	3	1
306	1	4	4	6
306	2	6	2	9
306	3	5	4	7
306	4	5	4	7
306	5	4	4	7
306	6	7	4	6
306	7	4	4	5
306	8	4	4	.
306	9	3	3	5
306	10	6	4	5
306	11	3	2	6
306	12	3	3	5
306	13	3	4	4
306	14	2	3	1
306	15	4	3	4
307	1	.	1	.
307	2	2	0	0
307	3	3	3	3
307	4	0	1	2
307	5	2	1	2
307	6	1	1	1
307	7	2	1	3
307	8	2	1	2
307	9	0	2	.
307	10	2	0	3
307	11	0	0	4
307	12	1	1	4
307	13	2	1	2
307	14	2	1	3
307	15	1	1	1
308	1	.	3	3
308	2	4	5	6
308	3	3	2	6
308	4	4	2	4
308	5	.	2	3
308	6	.	3	4
308	7	4	2	6
308	8	3	2	5
308	9	0	2	3
308	10	.	.	5
308	11	3	1	4
308	12	5	5	8
308	13	4	.	.
308	14	1	1	2
308	15	4	3	3
309	1	7	4	11
309	2	7	4	8
309	3	6	5	8
309	4	5	4	.
309	5	2	4	.
309	6	6	3	8
309	7	4	3	4
309	8	5	4	.
309	9	7	5	8
309	10	4	.	8
309	11	4	3	.
309	12	.	3	5
309	13	5	.	5
309	14	2	4	2
309	15	6	4	6
310	1	7	7	9
310	2	.	5	10
310	3	4	5	8
310	4	7	6	9
310	5	8	.	8
310	6	7	4	.
310	7	5	6	.
310	8	7	5	10
310	9	.	5	9
310	10	8	7	7
310	11	4	.	8
310	12	8	5	8
310	13	7	5	8
310	14	6	5	.
310	15	6	5	.
311	1	6	4	6
311	2	7	4	7
311	3	7	5	9
311	4	.	3	5
311	5	.	4	4
311	6	4	4	7
311	7	7	5	11
311	8	8	.	.
311	9	4	.	9
311	10	6	4	6
311	11	6	4	9
311	12	5	5	7
311	13	5	3	8
311	14	.	5	10
311	15	5	.	7
312	1	3	4	.
312	2	6	3	8
312	3	3	3	4
312	4	7	6	10
312	5	5	3	5
312	6	6	3	9
312	7	5	5	6
312	8	5	5	7
312	9	7	4	7
312	10	5	3	3
312	11	5	2	6
312	12	.	4	6
312	13	6	4	8
312	14	2	2	6
312	15	.	4	7
313	1	1	1	0
313	2	4	2	4
313	3	0	1	4
313	4	.	0	.
313	5	1	2	3
313	6	0	1	.
313	7	3	2	3
313	8	0	.	0
313	9	.	0	0
313	10	2	2	2
313	11	3	.	4
313	12	1	1	.
313	13	2	2	6
313	14	3	.	3
313	15	0	1	1
314	1	4	2	5
314	2	3	2	1
314	3	5	3	8
314	4	5	4	5
314	5	1	3	5
314	6	3	3	5
314	7	4	1	3
314	8	5	.	4
314	9	-1	1	-1
314	10	2	2	1
314	11	2	2	5
314	12	3	2	4
314	13	0	0	-1
314	14	2	.	5
314	15	6	3	7
315	1	2	2	2
315	2	3	2	7
315	3	3	0	4
315	4	.	3	4
315	5	3	2	3
315	6	2	3	4
315	7	3	2	5
315	8	0	0	0
315	9	4	.	4
315	10	4	.	.
315	11	5	2	7
315	12	5	3	8
315	13	5	2	3
315	14	3	3	6
315	15	1	1	.
316	1	3	3	7
316	2	3	3	.
316	3	8	5	10
316	4	3	3	5
316	5	5	4	9
316	6	5	5	5
316	7	3	2	3
316	8	.	3	5
316	9	2	.	5
316	10	4	4	5
316	11	5	.	3
316	12	3	.	.
316	13	6	.	7
316	14	3	4	8
316	15	6	4	5
317	1	.	1	3
317	2	3	2	6
317	3	4	4	3
317	4	5	3	4
317	5	2	2	4
317	6	1	3	2
317	7	7	5	9
317	8	1	2	1
317	9	1	3	.
317	10	4	3	5
317	11	3	3	.
317	12	2	3	4
317	13	1	2	0
317	14	2	3	1
317	15	1	2	3
318	1	5	1	4
318	2	2	0	4
318	3	.	4	7
318	4	2	1	0
318	5	4	1	3
318	6	.	.	.
318	7	2	1	2
318	8	2	2	4
318	9	3	2	.
318	10	0	1	3
318	11	4	2	7
318	12	3	2	5
318	13	2	0	3
318	14	2	.	1
318	15	0	1	0
319	1	4	.	7
319	2	5	5	7
319	3	5	6	9
319	4	9	6	.
319	5	6	6	5
319	6	4	4	.
319	7	.	.	10
319	8	4	4	5
319	9	6	5	8
319	10	6	3	9
319	11	6	3	.
319	12	4	4	.
319	13	.	5	7
319	14	10	6	.
319	15	6	4	8
320	1	.	3	6
320	2	5	5	.
320	3	1	2	3
320	4	5	5	8
320	5	7	5	8
320	6	5	4	6
320	7	6	4	3
320	8	4	3	7
320	9	5	.	.
320	10	2	4	4
320	11	5	4	.
320	12	4	5	9
320	13	8	5	9
320	14	4	.	5
320	15	3	3	2
321	1	5	3	6
321	2	4	3	6
321	3	5	4	8
321	4	2	2	4
321	5	2	4	5
321	6	6	.	11
321	7	.	3	.
321	8	.	4	6
321	9	.	4	7
321	10	2	.	5
321	11	5	4	7
321	12	4	3	2
321	13	2	3	6
321	14	6	4	8
321	15	2	.	1
322	1	5	5	9
322	2	4	3	7
322	3	6	5	9
322	4	5	5	8
322	5	5	3	5
322	6	4	5	.
322	7	7	4	.
322	8	6	.	8
322	9	.	4	3
322	10	4	3	5
322	11	4	2	5
322	12	5	4	.
322	13	.	4	9
322	14	10	6	10
322	15	6	5	6
323	1	1	2	1
323	2	1	1	2
323	3	1	0	0
323	4	2	2	1
323	5	0	2	.
323	6	2	2	2
323	7	-3	0	-2
323	8	.	0	1
323	9	3	1	5
323	10	2	2	2
323	11	1	1	3
323	12	1	1	1
323	13	.	3	4
323	14	1	2	1
323	15	.	2	4
324	1	.	4	4
324	2	6	4	6
324	3	2	4	4
324	4	6	5	9
324	5	4	5	5
324	6	8	5	12
324	7	.	5	5
324	8	5	4	.
324	9	4	4	2
324	10	.	4	.
324	11	3	.	7
324	12	7	4	6
324	13	6	4	6
324	14	3	3	6
324	15	.	5	8
325	1	2	2	2
325	2	3	3	6
325	3	5	3	6
325	4	1	1	.
325	5	3	.	1
325	6	3	3	4
325	7	0	0	0
325	8	2	2	4
325	9	6	3	6
325	10	1	2	2
325	11	1	.	2
325	12	3	2	5
325	13	2	2	2
325	14	2	3	5
325	15	5	2	2
326	1	4	5	7
326	2	.	5	9
326	3	6	3	5
326	4	4	3	1
326	5	.	3	3
326	6	4	.	7
326	7	1	3	4
326	8	5	5	8
326	9	4	4	5
326	10	4	.	7
326	11	1	3	.
326	12	4	3	6
326	13	4	.	3
326	14	2	2	6
326	15	3	3	.
327	1	1	2	4
327	2	2	3	8
327	3	4	4	6
327	4	4	.	3
327	5	4	4	7
327	6	3	4	3
327	7	6	3	6
327	8	3	.	5
327	9	5	4	7
327	10	2	2	2
327	11	2	2	3
327	12	5	3	7
327	13	5	5	7
327	14	4	3	6
327	15	3	3	.
328	1	6	6	8
328	2	6	2	8
328	3	.	3	5
328	4	.	4	6
328	5	7	4	9
328	6	2	4	5
328	7	.	4	3
328	8	5	5	5
328	9	1	.	3
328	10	6	4	.
328	11	3	3	5
328	12	5	2	5
328	13	4	5	8
328	14	.	6	10
328	15	4	4	6
329	1	4	4	6
329	2	5	5	7
329	3	7	4	.
329	4	6	4	7
329	5	7	6	8
329	6	8	4	11
329	7	3	4	3
329	8	8	.	8
329	9	6	5	6
329	10	4	.	6
329	11	8	6	10
329	12	5	4	6
329	13	.	5	8
329	14	4	3	5
329	15	6	.	9
330	1	3	3	4
330	2	.	.	4
330	3	5	4	5
330	4	2	.	0
330	5	7	.	9
330	6	7	4	.
330	7	2	3	3
330	8	2	.	6
330	9	5	5	9
330	10	1	2	3
330	11	1	3	4
330	12	4	5	10
330	13	2	3	.
330	14	5	4	5
330	15	3	5	4
331	1	5	3	6
331	2	4	.	8
331	3	.	4	3
331	4	5	4	7
331	5	5	3	6
331	6	2	2	3
331	7	5	6	9
331	8	.	4	8
331	9	7	.	7
331	10	4	5	5
331	11	5	4	7
331	12	3	3	5
331	13	3	4	4
331	14	6	5	8
331	15	2	2	.
332	1	2	1	3
332	2	1	3	1
332	3	0	0	0
332	4	2	1	0
332	5	1	1	4
332	6	1	2	5
332	7	2	4	6
332	8	.	3	6
332	9	3	2	5
332	10	4	3	6
332	11	.	4	3
332	12	0	1	3
332	13	0	2	3
332	14	0	1	2
332	15	1	1	2
333	1	0	2	.
333	2	1	3	1
333	3	4	.	7
333	4	.	3	5
333	5	3	2	6
333	6	1	3	.
333	7	5	2	6
333	8	5	2	6
333	9	2	2	3
333	10	0	1	0
333	11	0	2	.
333	12	2	2	5
333	13	1	3	4
333	14	5	4	7
333	15	3	4	5
334	1	7	.	6
334	2	6	6	.
334	3	5	3	8
334	4	3	4	7
334	5	6	3	5
334	6	2	5	.
334	7	2	4	.
334	8	4	3	4
334	9	6	5	7
334	10	4	3	7
334	11	8	6	.
334	12	6	6	12
334	13	4	6	5
334	14	5	3	7
334	15	7	5	9
335	1	5	2	5
335	2	4	.	.
335	3	2	1	3
335	4	5	3	5
335	5	.	2	6
335	6	6	4	7
335	7	5	3	6
335	8	6	4	9
335	9	5	3	7
335	10	6	3	7
335	11	5	2	6
335	12	5	.	9
335	13	3	3	5
335	14	3	1	5
335	15	3	3	5
336	1	-1	0	0
336	2	0	0	.
336	3	0	0	0
336	4	-3	.	0
336	5	.	2	1
336	6	.	1	2
336	7	0	0	1
336	8	1	1	2
336	9	0	.	0
336	10	2	0	4
336	11	.	1	1
336	12	3	3	4
336	13	1	1	1
336	14	5	1	6
336	15	.	1	3
337	1	4	0	2
337	2	4	2	.
337	3	4	1	3
337	4	1	0	3
337	5	3	.	.
337	6	3	2	4
337	7	4	3	2
337	8	2	1	1
337	9	2	2	3
337	10	1	3	4
337	11	3	2	5
337	12	2	1	3
337	13	.	0	2
337	14	3	3	4
337	15	3	2	4
338	1	6	3	6
338	2	1	0	1
338	3	3	2	2
338	4	4	3	6
338	5	3	2	1
338	6	6	.	.
338	7	4	2	0
338	8	2	2	2
338	9	0	2	.
338	10	7	4	8
338	11	6	.	3
338	12	.	3	3
338	13	4	3	3
338	14	2	2	3
338	15	2	2	1
339	1	2	2	6
339	2	4	3	4
339	3	8	.	7
339	4	6	5	8
339	5	5	3	6
339	6	5	4	6
339	7	5	5	8
339	8	5	3	5
339	9	5	4	6
339	10	4	2	4
339	11	5	5	7
339	12	6	6	9
339	13	3	3	5
339	14	4	.	6
339	15	2	2	3
340	1	.	2	6
340	2	4	3	7
340	3	.	.	6
340	4	4	3	8
340	5	4	3	.
340	6	5	2	5
340	7	3	0	2
340	8	3	2	0
340	9	.	5	10
340	10	.	2	4
340	11	4	4	4
340	12	4	3	5
340	13	4	.	4
340	14	4	3	7
340	15	6	3	.
341	1	.	1	4
341	2	3	3	1
341	3	4	4	6
341	4	5	3	6
341	5	2	2	0
341	6	4	3	4
341	7	4	4	5
341	8	5	3	4
341	9	2	2	3
341	10	5	3	9
341	11	.	.	5
341	12	4	4	5
341	13	7	4	.
341	14	3	3	4
341	15	1	2	4
342	1	6	4	5
342	2	3	5	4
342	3	4	.	4
342	4	2	4	6
342	5	1	3	6
342	6	3	4	7
342	7	6	6	7
342	8	4	3	7
342	9	.	6	6
342	10	6	4	8
342	11	7	5	9
342	12	6	3	7
342	13	6	4	6
342	14	4	3	4
342	15	5	4	4
343	1	3	5	7
343	2	7	5	9
343	3	.	4	5
343	4	8	6	8
343	5	4	4	6
343	6	4	3	5
343	7	9	5	11
343	8	.	4	6
343	9	6	5	6
343	10	6	3	8
343	11	8	6	10
343	12	7	6	11
343	13	6	6	7
343	14	9	6	9
343	15	3	3	2
344	1	3	3	6
344	2	5	3	8
344	3	5	2	6
344	4	4	4	5
344	5	3	3	4
344	6	3	4	5
344	7	4	5	8
344	8	3	.	5
344	9	.	5	9
344	10	5	4	5
344	11	4	2	4
344	12	6	4	8
344	13	3	4	6
344	14	6	4	8
344	15	0	2	4
345	1	5	3	5
345	2	4	2	.
345	3	7	3	8
345	4	5	4	7
345	5	5	3	5
345	6	4	2	3
345	7	3	4	6
345	8	.	3	.
345	9	2	1	1
345	10	4	4	8
345	11	6	4	7
345	12	5	3	3
345	13	8	4	.
345	14	5	4	5
345	15	4	3	5
346	1	3	2	5
346	2	1	2	1
346	3	1	1	2
346	4	-2	0	-3
346	5	1	0	.
346	6	0	1	3
346	7	2	2	3
346	8	1	0	4
346	9	2	.	2
346	10	2	2	4
346	11	0	0	3
346	12	0	0	1
346	13	.	0	2
346	14	0	1	1
346	15	-2	1	0
347	1	1	.	2
347	2	6	.	7
347	3	.	4	7
347	4	3	2	2
347	5	3	3	3
347	6	4	4	3
347	7	4	2	4
347	8	5	3	6
347	9	4	3	4
347	10	4	1	2
347	11	1	1	3
347	12	4	3	6
347	13	2	4	3
347	14	1	2	1
347	15	6	4	7
348	1	3	3	4
348	2	2	3	5
348	3	1	2	3
348	4	5	2	5
348	5	3	2	2
348	6	1	.	2
348	7	4	3	5
348	8	2	3	2
348	9	.	3	6
348	10	1	.	.
348	11	1	1	0
348	12	3	3	4
348	13	5	3	6
348	14	3	3	2
348	15	0	1	3
349	1	5	3	.
349	2	1	1	2
349	3	-1	2	1
349	4	2	.	1
349	5	2	.	6
349	6	1	0	1
349	7	3	3	3
349	8	4	3	2
349	9	2	2	5
349	10	5	4	7
349	11	2	3	6
349	12	5	3	.
349	13	1	2	3
349	14	4	3	4
349	15	0	2	3
350	1	3	4	5
350	2	6	4	7
350	3	6	3	9
350	4	3	3	6
350	5	.	3	6
350	6	2	2	1
350	7	4	2	3
350	8	3	.	.
350	9	2	2	4
350	10	3	3	5
350	11	2	2	3
350	12	1	2	3
350	13	5	.	4
350	14	5	3	.
350	15	3	3	2
351	1	8	5	9
351	2	4	5	8
351	3	.	5	10
351	4	6	4	7
351	5	6	5	8
351	6	4	5	9
351	7	6	4	7
351	8	5	5	9
351	9	3	5	4
351	10	2	2	5
351	11	6	4	.
351	12	.	6	7
351	13	2	3	3
351	14	2	3	2
351	15	4	5	6
352	1	2	0	0
352	2	.	.	2
352	3	.	1	3
352	4	0	2	1
352	5	1	1	2
352	6	2	1	2
352	7	3	0	4
352	8	-1	0	1
352	9	0	1	0
352	10	3	1	4
352	11	-2	0	-2
352	12	-2	0	-2
352	13	2	0	2
352	14	2	0	1
352	15	-1	0	2
353	1	5	3	7
353	2	3	4	.
353	3	5	2	4
353	4	4	3	5
353	5	.	2	3
353	6	3	.	4
353	7	1	2	1
353	8	0	2	3
353	9	4	3	4
353	10	2	2	5
353	11	3	2	3
353	12	.	3	6
353	13	5	3	5
353	14	1	2	2
353	15	5	3	4
354	1	3	3	2
354	2	4	2	4
354	3	3	4	4
354	4	2	2	6
354	5	6	5	6
354	6	5	3	8
354	7	4	4	5
354	8	6	4	9
354	9	4	4	6
354	10	5	3	7
354	11	7	5	7
354	12	2	3	5
354	13	3	4	6
354	14	7	5	7
354	15	4	3	5
355	1	.	4	4
355	2	1	2	4
355	3	2	.	.
355	4	5	3	7
355	5	2	.	3
355	6	1	2	4
355	7	.	3	8
355	8	0	1	.
355	9	2	1	0
355	10	2	1	2
355	11	.	2	2
355	12	2	2	4
355	13	.	3	9
355	14	0	0	0
355	15	2	3	5
356	1	2	3	6
356	2	6	3	8
356	3	4	2	5
356	4	5	4	6
356	5	4	2	4
356	6	4	3	2
356	7	4	.	5
356	8	3	2	4
356	9	3	4	5
356	10	5	3	5
356	11	4	4	6
356	12	4	3	5
356	13	.	4	8
356	14	1	3	2
356	15	4	.	8
357	1	6	5	7
357	2	5	4	7
357	3	3	.	.
357	4	3	3	7
357	5	3	3	3
357	6	2	3	3
357	7	.	5	5
357	8	4	3	7
357	9	.	2	2
357	10	5	4	6
357	11	4	5	7
357	12	1	2	.
357	13	7	5	9
357	14	6	4	7
357	15	2	2	3
358	1	.	2	3
358	2	5	4	5
358	3	4	.	3
358	4	1	1	3
358	5	4	3	3
358	6	7	5	10
358	7	.	3	7
358	8	5	.	6
358	9	2	2	7
358	10	3	2	5
358	11	.	1	4
358	12	2	3	5
358	13	.	2	6
358	14	7	4	8
358	15	4	2	5
359	1	0	0	.
359	2	0	0	1
359	3	.	0	0
359	4	0	0	1
359	5	0	0	-1
359	6	0	.	0
359	7	0	0	-2
359	8	-1	.	0
359	9	.	0	1
359	10	1	0	3
359	11	1	0	4
359	12	.	0	0
359	13	.	0	1
359	14	-1	0	1
359	15	2	0	2
360	1	11	.	11
360	2	5	4	7
360	3	10	7	11
360	4	7	5	8
360	5	8	6	8
360	6	6	5	8
360	7	9	4	8
360	8	11	6	14
360	9	6	6	9
360	10	5	5	4
360	11	9	.	11
360	12	8	6	7
360	13	6	6	6
360	14	5	6	8
360	15	6	6	7
361	1	2	1	2
361	2	4	3	6
361	3	3	3	5
361	4	6	.	.
361	5	4	2	.
361	6	2	1	2
361	7	4	3	5
361	8	1	2	2
361	9	3	2	1
361	10	2	3	4
361	11	3	2	.
361	12	5	3	6
361	13	2	2	6
361	14	3	3	7
361	15	2	2	4
362	1	3	3	5
362	2	.	5	5
362	3	3	4	5
362	4	7	6	6
362	5	8	5	.
362	6	6	3	4
362	7	5	4	6
362	8	.	3	8
362	9	6	5	8
362	10	1	1	5
362	11	3	4	3
362	12	5	3	7
362	13	5	.	7
362	14	1	3	1
362	15	1	.	5
363	1	2	2	4
363	2	5	5	.
363	3	7	5	10
363	4	4	4	5
363	5	2	2	2
363	6	5	.	4
363	7	2	3	7
363	8	3	5	.
363	9	6	3	6
363	10	5	4	7
363	11	4	4	6
363	12	3	3	5
363	13	4	4	8
363	14	6	5	7
363	15	5	5	7
364	1	7	.	8
364	2	4	5	5
364	3	3	4	5
364	4	7	4	8
364	5	2	2	.
364	6	8	5	9
364	7	6	5	6
364	8	5	5	.
364	9	5	4	8
364	10	.	2	3
364	11	4	3	7
364	12	7	3	9
364	13	4	3	6
364	14	7	.	8
364	15	3	3	2
365	1	5	4	6
365	2	3	3	5
365	3	5	3	6
365	4	5	4	6
365	5	7	.	9
365	6	5	3	6
365	7	4	3	8
365	8	8	5	7
365	9	4	.	4
365	10	6	4	4
365	11	.	3	4
365	12	5	5	9
365	13	2	3	4
365	14	5	5	5
365	15	7	4	6
366	1	4	3	6
366	2	3	3	3
366	3	1	1	1
366	4	6	3	9
366	5	2	2	5
366	6	3	5	4
366	7	3	0	1
366	8	0	2	5
366	9	4	4	7
366	10	4	2	4
366	11	5	3	3
366	12	5	3	6
366	13	2	1	0
366	14	3	2	7
366	15	4	3	6
367	1	7	5	.
367	2	4	3	5
367	3	6	4	7
367	4	5	4	5
367	5	7	6	14
367	6	5	6	8
367	7	3	2	1
367	8	4	3	6
367	9	4	4	7
367	10	5	4	7
367	11	2	2	3
367	12	.	3	5
367	13	3	4	5
367	14	5	3	7
367	15	5	3	7
368	1	0	1	2
368	2	2	2	3
368	3	3	3	5
368	4	2	1	5
368	5	0	1	0
368	6	4	2	2
368	7	1	2	1
368	8	1	.	2
368	9	1	2	4
368	10	4	2	.
368	11	4	3	4
368	12	1	0	1
368	13	1	2	3
368	14	1	2	2
368	15	3	2	3
369	1	8	6	10
369	2	3	4	.
369	3	5	3	5
369	4	6	3	6
369	5	3	3	.
369	6	7	5	9
369	7	3	5	2
369	8	4	2	5
369	9	6	4	8
369	10	5	.	5
369	11	5	4	8
369	12	5	4	6
369	13	8	5	9
369	14	.	.	6
369	15	5	4	.
370	1	2	3	.
370	2	3	1	1
370	3	2	2	0
370	4	3	1	4
370	5	2	4	2
370	6	.	3	5
370	7	3	1	2
370	8	7	.	5
370	9	3	3	3
370	10	1	.	0
370	11	3	2	1
370	12	3	3	4
370	13	6	5	7
370	14	1	2	2
370	15	4	4	5
371	1	9	6	10
371	2	7	6	10
371	3	5	5	7
371	4	6	7	10
371	5	5	.	8
371	6	6	5	6
371	7	7	4	10
371	8	6	.	.
371	9	10	6	10
371	10	7	6	7
371	11	7	4	10
371	12	6	7	7
371	13	9	6	13
371	14	9	8	12
371	15	.	5	.
372	1	2	1	3
372	2	1	1	-1
372	3	0	2	.
372	4	0	.	.
372	5	-1	0	.
372	6	3	2	3
372	7	0	.	.
372	8	0	1	1
372	9	2	2	4
372	10	5	2	4
372	11	.	0	0
372	12	1	1	2
372	13	.	2	2
372	14	3	0	.
372	15	1	1	1
373	1	.	3	4
373	2	5	3	8
373	3	3	3	4
373	4	6	4	7
373	5	0	1	1
373	6	7	4	6
373	7	0	1	0
373	8	4	4	5
373	9	5	4	5
373	10	2	2	4
373	11	.	3	3
373	12	3	3	.
373	13	0	3	3
373	14	3	3	5
373	15	3	3	4
374	1	5	4	6
374	2	2	3	4
374	3	6	4	6
374	4	4	.	5
374	5	8	4	9
374	6	3	3	4
374	7	5	3	6
374	8	.	2	5
374	9	.	3	1
374	10	3	2	4
374	11	6	.	7
374	12	0	2	0
374	13	7	4	9
374	14	3	4	4
374	15	6	5	6
375	1	6	3	7
375	2	5	.	6
375	3	5	3	6
375	4	1	2	3
375	5	1	3	3
375	6	5	5	7
375	7	5	4	7
375	8	4	3	6
375	9	3	3	4
375	10	4	3	4
375	11	1	2	0
375	12	1	2	1
375	13	4	3	3
375	14	3	3	2
375	15	3	4	2
376	1	3	3	6
376	2	.	1	5
376	3	.	1	1
376	4	0	1	1
376	5	1	.	2
376	6	6	3	5
376	7	3	2	3
376	8	1	3	4
376	9	1	1	1
376	10	2	3	3
376	11	.	0	0
376	12	5	4	8
376	13	3	1	5
376	14	3	4	8
376	15	2	1	3
377	1	7	3	9
377	2	0	2	1
377	3	4	2	4
377	4	2	4	3
377	5	6	2	5
377	6	0	1	0
377	7	5	2	5
377	8	2	0	2
377	9	1	3	2
377	10	0	2	.
377	11	0	0	2
377	12	2	2	0
377	13	0	.	.
377	14	3	0	.
377	15	4	2	8
378	1	6	4	5
378	2	1	1	0
378	3	4	4	.
378	4	5	4	8
378	5	5	4	7
378	6	6	.	7
378	7	4	3	7
378	8	0	0	0
378	9	.	5	.
378	10	4	3	.
378	11	3	3	1
378	12	4	2	3
378	13	2	.	5
378	14	4	3	.
378	15	4	4	4
379	1	3	0	6
379	2	2	3	2
379	3	0	2	4
379	4	4	1	3
379	5	4	3	.
379	6	4	3	7
379	7	5	.	7
379	8	0	1	.
379	9	.	4	6
379	10	0	1	3
379	11	.	5	5
379	12	5	3	5
379	13	2	2	1
379	14	3	3	6
379	15	6	3	5
380	1	0	1	2
380	2	.	0	0
380	3	2	2	2
380	4	4	2	4
380	5	1	0	2
380	6	4	2	6
380	7	3	1	0
380	8	-1	0	0
380	9	0	1	0
380	10	0	2	2
380	11	1	1	3
380	12	1	1	2
380	13	3	2	2
380	14	1	1	1
380	15	1	2	4
381	1	5	3	.
381	2	4	2	4
381	3	4	3	3
381	4	3	2	5
381	5	2	1	3
381	6	2	4	6
381	7	3	3	2
381	8	3	1	4
381	9	0	1	4
381	10	3	1	1
381	11	4	3	5
381	12	6	4	6
381	13	3	2	7
381	14	3	3	.
381	15	3	2	4
382	1	1	2	5
382	2	6	4	7
382	3	3	3	4
382	4	2	4	.
382	5	3	.	5
382	6	6	3	6
382	7	2	2	2
382	8	3	.	.
382	9	3	2	4
382	10	5	3	.
382	11	3	.	1
382	12	2	2	5
382	13	6	4	9
382	14	3	.	7
382	15	1	2	3
383	1	6	5	8
383	2	6	4	6
383	3	5	3	5
383	4	.	2	4
383	5	4	3	5
383	6	7	4	5
383	7	5	3	.
383	8	1	2	1
383	9	7	5	8
383	10	4	.	5
383	11	6	4	8
383	12	4	4	8
383	13	5	.	6
383	14	5	.	9
383	15	6	4	.
384	1	1	2	6
384	2	0	1	4
384	3	4	2	.
384	4	3	3	4
384	5	.	2	3
384	6	3	0	3
384	7	3	1	2
384	8	-1	0	2
384	9	2	2	5
384	10	0	0	0
384	11	2	.	4
384	12	1	1	1
384	13	3	4	3
384	14	1	3	2
384	15	4	2	6
385	1	3	2	4
385	2	4	4	9
385	3	3	3	.
385	4	6	5	5
385	5	3	3	3
385	6	4	5	5
385	7	3	3	.
385	8	4	2	.
385	9	.	3	6
385	10	0	1	0
385	11	.	5	2
385	12	3	3	4
385	13	.	4	8
385	14	5	2	6
385	15	4	.	2
386	1	.	5	10
386	2	8	5	11
386	3	7	4	10
386	4	4	4	7
386	5	9	5	10
386	6	9	5	10
386	7	6	5	8
386	8	3	3	6
386	9	5	4	6
386	10	5	.	7
386	11	2	4	4
386	12	6	3	7
386	13	7	5	9
386	14	6	4	7
386	15	6	4	9
387	1	7	4	8
387	2	3	.	3
387	3	6	4	6
387	4	6	4	8
387	5	2	3	2
387	6	2	1	2
387	7	7	3	7
387	8	3	3	.
387	9	8	5	9
387	10	.	3	5
387	11	3	3	6
387	12	2	2	.
387	13	3	.	.
387	14	4	.	5
387	15	8	5	11
388	1	0	0	2
388	2	.	1	6
388	3	2	3	4
388	4	1	1	2
388	5	3	1	2
388	6	0	0	1
388	7	3	1	.
388	8	0	2	2
388	9	-1	3	2
388	10	5	0	4
388	11	1	2	0
388	12	.	0	0
388	13	3	2	2
388	14	2	1	4
388	15	0	2	-1
389	1	1	.	2
389	2	5	2	7
389	3	1	3	2
389	4	4	3	5
389	5	.	2	3
389	6	1	0	0
389	7	2	3	4
389	8	0	1	0
389	9	.	3	3
389	10	.	2	4
389	11	4	3	6
389	12	4	2	4
389	13	2	3	3
389	14	3	3	7
389	15	7	5	7
390	1	5	4	7
390	2	4	.	4
390	3	2	3	2
390	4	3	3	2
390	5	3	3	3
390	6	4	3	4
390	7	3	3	3
390	8	3	5	5
390	9	3	3	6
390	10	4	1	5
390	11	3	2	3
390	12	3	2	5
390	13	3	4	5
390	14	4	4	3
390	15	2	2	.
391	1	4	3	7
391	2	7	2	8
391	3	0	1	1
391	4	5	3	6
391	5	4	2	5
391	6	2	3	.
391	7	.	2	.
391	8	4	3	7
391	9	4	1	.
391	10	1	1	3
391	11	4	.	3
391	12	.	3	.
391	13	2	2	4
391	14	2	1	.
391	15	.	2	1
392	1	2	2	1
392	2	0	0	1
392	3	1	0	-1
392	4	1	0	1
392	5	1	0	-1
392	6	.	.	1
392	7	3	1	1
392	8	-1	0	-1
392	9	1	0	0
392	10	-1	0	0
392	11	-1	1	.
392	12	3	1	6
392	13	2	2	.
392	14	1	1	3
392	15	1	0	2
393	1	6	4	8
393	2	5	4	3
393	3	2	2	4
393	4	.	.	0
393	5	4	5	7
393	6	5	4	.
393	7	3	2	4
393	8	.	5	9
393	9	4	.	4
393	10	5	5	7
393	11	7	6	6
393	12	7	.	9
393	13	5	5	.
393	14	4	6	4
393	15	4	3	6
394	1	3	2	4
394	2	4	1	4
394	3	3	2	.
394	4	5	1	7
394	5	2	2	1
394	6	1	2	1
394	7	3	2	4
394	8	.	3	0
394	9	4	3	5
394	10	3	2	2
394	11	0	1	-1
394	12	1	2	4
394	13	1	.	5
394	14	2	2	.
394	15	0	1	2
395	1	3	3	.
395	2	5	2	7
395	3	2	.	.
395	4	5	4	8
395	5	4	4	7
395	6	1	.	1
395	7	6	4	4
395	8	3	3	5
395	9	3	3	5
395	10	4	4	5
395	11	3	2	5
395	12	.	2	1
395	13	1	1	2
395	14	5	2	5
395	15	3	2	6
396	1	8	6	12
396	2	8	6	11
396	3	7	5	10
396	4	5	4	7
396	5	7	5	9
396	6	.	7	7
396	7	7	3	7
396	8	6	6	7
396	9	4	.	5
396	10	6	5	8
396	11	5	4	8
396	12	.	.	8
396	13	5	4	7
396	14	.	.	6
396	15	8	4	7
397	1	3	3	2
397	2	6	4	5
397	3	1	1	2
397	4	0	1	.
397	5	3	2	4
397	6	.	1	6
397	7	1	2	2
397	8	0	1	0
397	9	0	2	3
397	10	2	1	2
397	11	5	3	5
397	12	.	3	6
397	13	2	3	.
397	14	.	2	5
397	15	3	2	0
398	1	4	5	9
398	2	6	.	8
398	3	5	3	7
398	4	6	4	.
398	5	5	3	7
398	6	6	5	8
398	7	.	5	7
398	8	5	3	5
398	9	6	.	7
398	10	6	5	8
398	11	6	5	7
398	12	4	4	6
398	13	2	3	4
398	14	.	3	1
398	15	4	4	6
399	1	3	1	2
399	2	2	3	4
399	3	.	1	4
399	4	3	2	1
399	5	3	3	6
399	6	2	.	2
399	7	0	.	2
399	8	1	2	5
399	9	2	3	4
399	10	0	0	1
399	11	1	1	1
399	12	1	2	0
399	13	.	2	1
399	14	3	1	0
399	15	.	1	5
400	1	7	4	9
400	2	3	2	3
400	3	2	3	3
400	4	4	3	6
400	5	2	1	2
400	6	6	3	.
400	7	4	3	8
400	8	1	2	2
400	9	3	4	7
400	10	2	3	5
400	11	2	2	3
400	12	4	2	7
400	13	3	3	4
400	14	2	3	3
400	15	3	3	3
401	1	3	2	4
401	2	.	4	3
401	3	5	3	7
401	4	6	4	9
401	5	3	4	4
401	6	6	4	7
401	7	7	4	7
401	8	.	1	4
401	9	6	4	9
401	10	.	4	8
401	11	5	2	7
401	12	5	4	.
401	13	2	1	1
401	14	8	4	7
401	15	1	3	5
402	1	0	2	2
402	2	2	2	2
402	3	4	2	5
402	4	5	2	8
402	5	.	.	5
402	6	2	1	1
402	7	2	.	2
402	8	2	1	5
402	9	6	3	8
402	10	1	1	1
402	11	1	3	5
402	12	4	2	5
402	13	.	.	5
402	14	0	0	3
402	15	3	.	2
403	1	3	.	2
403	2	1	1	1
403	3	2	2	2
403	4	2	1	.
403	5	5	3	5
403	6	2	2	3
403	7	4	3	4
403	8	3	.	4
403	9	1	2	1
403	10	4	3	5
403	11	2	3	1
403	12	1	2	0
403	13	4	3	4
403	14	3	1	2
403	15	3	2	.
404	1	3	3	.
404	2	2	3	1
404	3	2	1	2
404	4	4	2	5
404	5	3	2	5
404	6	.	3	3
404	7	5	3	4
404	8	1	2	3
404	9	4	3	5
404	10	5	3	6
404	11	7	4	8
404	12	3	2	3
404	13	4	3	5
404	14	4	5	6
404	15	4	2	7
405	1	.	5	.
405	2	4	3	.
405	3	4	4	6
405	4	4	5	6
405	5	6	4	8
405	6	2	3	6
405	7	5	3	4
405	8	5	3	6
405	9	4	3	6
405	10	7	5	7
405	11	6	2	5
405	12	6	5	8
405	13	3	.	6
405	14	.	2	1
405	15	4	4	5
406	1	3	1	6
406	2	-1	1	1
406	3	2	2	0
406	4	0	1	0
406	5	1	2	3
406	6	3	1	5
406	7	1	1	1
406	8	.	2	4
406	9	2	2	3
406	10	.	2	6
406	11	3	1	2
406	12	4	2	4
406	13	2	2	2
406	14	2	1	2
406	15	.	.	3
407	1	4	3	4
407	2	1	1	4
407	3	3	3	3
407	4	1	3	4
407	5	4	3	3
407	6	4	3	5
407	7	4	.	3
407	8	3	1	.
407	9	3	0	1
407	10	5	4	8
407	11	3	3	3
407	12	5	4	6
407	13	1	3	4
407	14	3	3	4
407	15	.	2	1
408	1	6	4	6
408	2	3	2	4
408	3	6	5	9
408	4	6	3	.
408	5	6	.	9
408	6	5	4	6
408	7	4	4	4
408	8	2	3	3
408	9	4	.	4
408	10	4	4	.
408	11	5	.	5
408	12	3	3	7
408	13	6	5	7
408	14	3	3	3
408	15	6	3	.
409	1	5	3	5
409	2	.	1	4
409	3	2	3	3
409	4	0	2	2
409	5	2	.	6
409	6	.	2	0
409	7	3	2	3
409	8	0	2	0
409	9	2	2	5
409	10	2	1	4
409	11	.	1	4
409	12	4	2	.
409	13	0	1	.
409	14	3	0	4
409	15	3	1	.
410	1	4	3	3
410	2	2	4	6
410	3	3	4	3
410	4	7	2	10
410	5	5	3	4
410	6	4	4	5
410	7	3	4	7
410	8	.	4	7
410	9	6	4	6
410	10	3	3	.
410	11	1	3	.
410	12	.	.	6
410	13	1	.	2
410	14	4	4	2
410	15	4	5	6
411	1	3	3	4
411	2	2	3	6
411	3	5	4	8
411	4	6	5	6
411	5	1	3	5
411	6	6	4	6
411	7	6	4	4
411	8	.	4	8
411	9	.	5	10
411	10	3	4	4
411	11	4	3	4
411	12	2	3	3
411	13	1	3	6
411	14	3	3	7
411	15	1	3	1
412	1	3	3	6
412	2	2	3	5
412	3	6	5	8
412	4	5	5	6
412	5	4	3	5
412	6	2	2	3
412	7	6	5	.
412	8	3	3	5
412	9	4	3	4
412	10	.	3	0
412	11	6	3	9
412	12	3	4	5
412	13	2	1	3
412	14	5	.	6
412	15	6	5	7
413	1	6	3	4
413	2	4	4	5
413	3	6	4	8
413	4	3	3	4
413	5	4	3	5
413	6	.	5	5
413	7	3	.	0
413	8	7	4	8
413	9	4	2	3
413	10	4	3	.
413	11	6	3	4
413	12	4	.	4
413	13	6	4	6
413	14	5	4	6
413	15	3	4	8
414	1	0	3	4
414	2	6	3	6
414	3	3	3	2
414	4	4	2	4
414	5	2	2	1
414	6	4	4	7
414	7	1	3	0
414	8	3	3	3
414	9	3	3	1
414	10	1	3	3
414	11	4	3	6
414	12	3	2	5
414	13	4	2	4
414	14	4	2	4
414	15	4	3	6
415	1	5	3	4
415	2	6	.	6
415	3	0	.	1
415	4	0	2	3
415	5	.	1	3
415	6	.	1	2
415	7	6	4	8
415	8	0	1	-2
415	9	1	2	1
415	10	2	1	3
415	11	3	1	5
415	12	2	2	4
415	13	3	4	5
415	14	4	3	.
415	15	1	1	1
416	1	0	2	3
416	2	-2	-1	-1
416	3	1	1	2
416	4	0	0	.
416	5	1	0	1
416	6	0	0	.
416	7	2	1	0
416	8	1	0	0
416	9	0	0	-1
416	10	0	0	0
416	11	2	3	7
416	12	.	0	.
416	13	-1	0	.
416	14	0	0	-1
416	15	-1	0	0
417	1	4	2	5
417	2	2	3	3
417	3	6	5	7
417	4	4	5	6
417	5	.	4	7
417	6	5	4	8
417	7	4	2	4
417	8	2	.	2
417	9	3	3	5
417	10	2	3	.
417	11	4	3	9
417	12	4	3	3
417	13	5	5	5
417	14	0	1	1
417	15	5	4	.
418	1	1	2	2
418	2	4	4	.
418	3	5	3	4
418	4	3	2	5
418	5	7	4	8
418	6	4	4	6
418	7	3	3	3
418	8	6	4	10
418	9	5	3	6
418	10	4	3	6
418	11	5	4	9
418	12	3	2	2
418	13	5	4	3
418	14	5	3	6
418	15	0	0	0
419	1	1	4	5
419	2	4	3	5
419	3	6	4	.
419	4	7	5	7
419	5	5	4	5
419	6	3	2	6
419	7	4	4	6
419	8	.	3	5
419	9	1	4	4
419	10	0	0	2
419	11	4	3	4
419	12	5	3	6
419	13	5	4	5
419	14	2	3	2
419	15	4	3	4
420	1	4	3	5
420	2	3	3	5
420	3	5	3	.
420	4	2	2	4
420	5	.	3	3
420	6	.	1	1
420	7	4	2	6
420	8	.	2	5
420	9	.	.	7
420	10	3	3	4
420	11	0	1	2
420	12	3	2	3
420	13	1	2	4
420	14	1	3	3
420	15	3	1	.
421	1	6	5	7
421	2	6	.	7
421	3	6	5	8
421	4	3	4	4
421	5	6	3	4
421	6	9	7	12
421	7	6	.	.
421	8	4	4	6
421	9	.	6	9
421	10	9	4	7
421	11	4	4	.
421	12	4	6	8
421	13	9	8	13
421	14	6	5	.
421	15	7	4	.
422	1	4	3	.
422	2	4	5	7
422	3	5	3	6
422	4	5	3	7
422	5	4	2	4
422	6	0	1	2
422	7	4	3	6
422	8	2	.	5
422	9	2	3	7
422	10	4	4	2
422	11	0	1	3
422	12	5	3	4
422	13	8	4	7
422	14	5	2	2
422	15	3	2	4
423	1	2	4	5
423	2	3	1	5
423	3	2	.	6
423	4	.	3	4
423	5	2	3	3
423	6	4	3	7
423	7	4	3	5
423	8	.	4	5
423	9	7	4	7
423	10	4	2	4
423	11	5	5	6
423	12	1	2	2
423	13	4	2	2
423	14	3	0	1
423	15	4	3	6
424	1	4	2	5
424	2	5	4	6
424	3	4	4	7
424	4	6	4	4
424	5	.	5	.
424	6	8	5	8
424	7	6	5	.
424	8	3	4	5
424	9	3	4	3
424	10	3	4	3
424	11	5	3	7
424	12	5	6	6
424	13	4	5	7
424	14	6	5	9
424	15	4	4	6
425	1	5	3	5
425	2	3	1	.
425	3	2	2	.
425	4	3	2	4
425	5	2	.	4
425	6	3	3	3
425	7	3	.	.
425	8	7	3	6
425	9	0	3	2
425	10	.	3	6
425	11	1	2	2
425	12	5	3	7
425	13	1	2	2
425	14	2	1	4
425	15	3	4	6
426	1	3	3	5
426	2	.	3	9
426	3	.	3	4
426	4	4	.	4
426	5	4	3	4
426	6	2	3	3
426	7	3	2	7
426	8	2	.	4
426	9	4	4	.
426	10	4	1	4
426	11	4	2	5
426	12	4	3	3
426	13	4	3	4
426	14	.	4	6
426	15	.	2	3
427	1	10	5	10
427	2	5	5	7
427	3	8	6	9
427	4	7	.	11
427	5	8	7	.
427	6	9	6	.
427	7	10	7	10
427	8	9	5	10
427	9	8	5	8
427	10	5	.	7
427	11	4	4	4
427	12	6	5	5
427	13	6	7	.
427	14	7	.	6
427	15	.	5	.
428	1	2	1	6
428	2	8	5	9
428	3	3	.	5
428	4	6	.	6
428	5	3	3	5
428	6	3	3	4
428	7	6	5	9
428	8	6	2	6
428	9	3	3	4
428	10	2	1	2
428	11	4	2	4
428	12	4	4	7
428	13	2	2	3
428	14	4	3	6
428	15	2	4	8
429	1	3	4	3
429	2	5	3	2
429	3	5	4	6
429	4	6	5	6
429	5	.	4	5
429	6	6	.	8
429	7	6	5	7
429	8	4	4	4
429	9	.	7	7
429	10	3	4	7
429	11	7	6	7
429	12	5	2	.
429	13	7	5	8
429	14	5	5	8
429	15	.	2	.
430	1	0	0	.
430	2	2	2	2
430	3	3	2	2
430	4	3	2	4
430	5	4	2	5
430	6	0	0	1
430	7	1	1	0
430	8	0	0	0
430	9	2	1	5
430	10	.	0	1
430	11	1	1	2
430	12	2	2	1
430	13	2	0	2
430	14	1	0	1
430	15	2	2	7
431	1	3	0	3
431	2	4	4	7
431	3	3	3	6
431	4	7	4	9
431	5	.	3	3
431	6	5	3	4
431	7	.	2	3
431	8	0	3	4
431	9	3	2	4
431	10	0	2	.
431	11	3	3	3
431	12	5	4	3
431	13	3	3	3
431	14	0	1	0
431	15	5	.	5
432	1	3	4	5
432	2	4	3	4
432	3	6	3	6
432	4	4	3	3
432	5	.	5	6
432	6	3	.	6
432	7	2	3	2
432	8	5	.	.
432	9	7	3	6
432	10	4	3	4
432	11	5	4	6
432	12	2	3	5
432	13	3	4	6
432	14	7	.	11
432	15	6	4	5
433	1	4	3	6
433	2	5	3	8
433	3	2	4	.
433	4	1	1	4
433	5	4	3	8
433	6	3	2	8
433	7	.	3	3
433	8	6	5	9
433	9	7	4	7
433	10	6	4	7
433	11	4	4	5
433	12	2	3	4
433	13	5	.	4
433	14	0	.	3
433	15	3	.	4
434	1	-2	.	-1
434	2	2	2	.
434	3	3	1	3
434	4	.	1	1
434	5	2	1	3
434	6	0	-1	0
434	7	3	2	5
434	8	5	2	5
434	9	3	2	5
434	10	5	3	5
434	11	3	2	1
434	12	1	2	1
434	13	5	3	3
434	14	3	2	4
434	15	3	.	3
435	1	5	3	4
435	2	4	2	6
435	3	5	3	4
435	4	3	3	5
435	5	5	4	6
435	6	4	2	.
435	7	2	1	2
435	8	6	6	6
435	9	1	2	3
435	10	4	3	6
435	11	.	1	2
435	12	.	4	3
435	13	.	5	9
435	14	.	2	3
435	15	3	3	8
436	1	2	1	3
436	2	0	1	2
436	3	3	1	6
436	4	0	2	1
436	5	5	2	5
436	6	.	0	1
436	7	3	2	.
436	8	3	1	3
436	9	2	1	4
436	10	2	.	3
436	11	4	2	5
436	12	1	2	3
436	13	4	3	6
436	14	6	4	.
436	15	2	1	3
437	1	6	5	10
437	2	5	4	6
437	3	3	4	7
437	4	5	4	7
437	5	2	3	2
437	6	5	5	8
437	7	8	4	9
437	8	3	3	5
437	9	3	3	.
437	10	4	5	6
437	11	.	5	8
437	12	7	5	11
437	13	3	2	4
437	14	5	4	9
437	15	7	5	9
438	1	3	3	6
438	2	3	2	4
438	3	6	4	8
438	4	9	4	9
438	5	4	4	7
438	6	5	3	5
438	7	6	4	8
438	8	6	5	5
438	9	.	5	5
438	10	6	4	5
438	11	3	3	6
438	12	4	.	8
438	13	6	6	8
438	14	5	5	8
438	15	7	5	7
439	1	0	0	.
439	2	0	0	0
439	3	1	1	2
439	4	-2	.	-2
439	5	0	0	1
439	6	0	0	1
439	7	1	0	1
439	8	-2	0	0
439	9	-1	0	0
439	10	0	0	1
439	11	.	0	1
439	12	1	0	-1
439	13	-1	-1	.
439	14	2	.	1
439	15	0	1	1
440	1	5	3	3
440	2	4	4	5
440	3	4	4	6
440	4	5	4	5
440	5	8	5	7
440	6	6	5	9
440	7	3	3	5
440	8	7	5	.
440	9	2	.	6
440	10	8	7	.
440	11	4	4	6
440	12	5	5	10
440	13	3	4	5
440	14	7	5	5
440	15	5	5	7
441	1	2	.	2
441	2	0	0	0
441	3	0	3	0
441	4	0	1	0
441	5	4	3	.
441	6	2	2	5
441	7	4	3	5
441	8	.	2	1
441	9	1	.	4
441	10	2	1	1
441	11	2	1	2
441	12	1	0	3
441	13	2	2	2
441	14	1	1	0
441	15	2	3	4
442	1	7	6	7
442	2	5	3	4
442	3	5	.	7
442	4	4	5	5
442	5	3	4	6
442	6	5	5	3
442	7	.	3	7
442	8	3	3	8
442	9	5	3	5
442	10	6	5	7
442	11	4	5	6
442	12	4	4	.
442	13	5	2	6
442	14	5	5	.
442	15	.	2	2
443	1	4	3	6
443	2	3	1	4
443	3	.	4	.
443	4	2	2	.
443	5	4	5	7
443	6	3	3	6
443	7	5	3	6
443	8	8	4	7
443	9	7	.	9
443	10	4	4	5
443	11	.	3	1
443	12	6	5	10
443	13	2	2	5
443	14	3	3	4
443	15	2	4	4
444	1	0	1	2
444	2	2	1	1
444	3	0	1	3
444	4	4	.	5
444	5	3	1	3
444	6	3	.	4
444	7	5	.	6
444	8	4	2	4
444	9	0	0	0
444	10	4	4	5
444	11	3	2	3
444	12	5	4	6
444	13	2	3	2
444	14	4	2	.
444	15	.	3	4
445	1	4	4	7
445	2	0	2	1
445	3	1	3	4
445	4	2	3	.
445	5	5	2	5
445	6	0	1	4
445	7	3	2	9
445	8	2	2	3
445	9	0	2	3
445	10	3	.	4
445	11	2	3	6
445	12	.	.	2
445	13	4	2	4
445	14	1	2	2
445	15	5	3	6
446	1	2	3	3
446	2	3	3	4
446	3	.	4	8
446	4	5	3	6
446	5	0	3	6
446	6	6	3	7
446	7	.	2	3
446	8	7	4	6
446	9	4	.	6
446	10	3	3	2
446	11	4	3	6
446	12	5	.	7
446	13	2	.	4
446	14	.	2	1
446	15	.	2	2
447	1	3	.	6
447	2	5	4	7
447	3	6	4	9
447	4	6	4	7
447	5	5	3	6
447	6	2	2	5
447	7	5	2	5
447	8	5	.	7
447	9	.	2	5
447	10	4	.	7
447	11	6	4	.
447	12	4	5	6
447	13	5	4	.
447	14	3	4	6
447	15	2	2	.
448	1	6	4	6
448	2	3	3	4
448	3	5	5	6
448	4	4	3	8
448	5	.	4	4
448	6	5	4	10
448	7	8	5	9
448	8	.	4	6
448	9	5	4	9
448	10	3	3	5
448	11	3	.	6
448	12	.	5	6
448	13	4	4	8
448	14	6	3	7
448	15	4	3	.
449	1	0	.	1
449	2	0	0	1
449	3	1	0	1
449	4	-1	0	-1
449	5	2	0	3
449	6	0	1	.
449	7	2	0	2
449	8	2	1	3
449	9	1	0	1
449	10	.	1	3
449	11	1	1	2
449	12	4	0	4
449	13	3	2	2
449	14	.	1	1
449	15	0	1	1
450	1	1	2	2
450	2	3	1	4
450	3	2	.	6
450	4	.	2	5
450	5	2	1	.
450	6	3	3	5
450	7	2	2	2
450	8	0	0	0
450	9	.	2	4
450	10	0	1	0
450	11	1	0	3
450	12	1	1	0
450	13	1	2	6
450	14	2	2	3
450	15	1	1	0
451	1	6	4	9
451	2	.	4	7
451	3	6	.	9
451	4	9	.	6
451	5	4	5	8
451	6	.	4	7
451	7	.	.	4
451	8	6	5	6
451	9	7	5	9
451	10	8	.	10
451	11	6	4	9
451	12	5	6	8
451	13	7	5	8
451	14	5	5	7
451	15	5	5	7
452	1	4	3	5
452	2	7	2	7
452	3	6	.	7
452	4	5	3	6
452	5	5	4	8
452	6	5	6	11
452	7	7	5	11
452	8	.	3	4
452	9	5	5	8
452	10	5	4	4
452	11	8	5	.
452	12	.	4	9
452	13	9	5	9
452	14	4	.	3
452	15	5	4	7
453	1	6	5	8
453	2	4	2	4
453	3	3	2	5
453	4	5	4	7
453	5	3	3	5
453	6	5	5	6
453	7	4	2	5
453	8	2	3	6
453	9	2	2	2
453	10	3	3	7
453	11	6	5	10
453	12	2	2	3
453	13	6	4	6
453	14	4	4	5
453	15	3	.	6
454	1	3	3	5
454	2	3	3	4
454	3	3	3	5
454	4	7	4	8
454	5	5	4	5
454	6	5	3	5
454	7	.	3	8
454	8	7	4	6
454	9	2	4	5
454	10	6	4	4
454	11	.	2	.
454	12	4	.	7
454	13	8	5	.
454	14	4	3	.
454	15	3	4	.
455	1	6	5	10
455	2	6	4	9
455	3	8	4	11
455	4	6	4	6
455	5	6	4	7
455	6	6	5	10
455	7	4	3	6
455	8	5	.	8
455	9	5	.	6
455	10	9	5	10
455	11	8	5	8
455	12	8	5	9
455	13	3	4	5
455	14	4	3	5
455	15	5	4	4
456	1	-1	-1	-1
456	2	-4	0	-5
456	3	0	0	2
456	4	0	0	1
456	5	.	1	1
456	6	-1	0	-4
456	7	0	0	0
456	8	0	0	0
456	9	3	1	4
456	10	2	.	2
456	11	0	1	-2
456	12	-1	-1	0
456	13	-2	0	0
456	14	0	0	-3
456	15	0	0	1
457	1	4	5	7
457	2	5	5	7
457	3	4	4	.
457	4	5	4	5
457	5	6	.	7
457	6	6	.	4
457	7	6	4	9
457	8	3	3	5
457	9	3	4	6
457	10	4	.	7
457	11	7	5	10
457	12	7	5	8
457	13	2	3	1
457	14	1	5	5
457	15	3	3	4
458	1	4	3	6
458	2	1	.	2
458	3	4	3	4
458	4	4	2	1
458	5	1	2	2
458	6	1	1	2
458	7	.	3	6
458	8	4	3	3
458	9	5	2	3
458	10	.	4	1
458	11	3	2	6
458	12	2	2	2
458	13	2	1	3
458	14	3	2	6
458	15	1	.	3
459	1	.	2	2
459	2	7	4	9
459	3	4	3	4
459	4	7	4	8
459	5	4	4	3
459	6	4	3	7
459	7	5	4	.
459	8	3	3	5
459	9	2	2	.
459	10	8	6	9
459	11	3	3	5
459	12	5	4	7
459	13	2	.	1
459	14	5	3	6
459	15	3	2	4
460	1	2	3	.
460	2	3	1	1
460	3	4	3	.
460	4	3	3	4
460	5	.	2	1
460	6	2	2	5
460	7	4	4	5
460	8	.	3	.
460	9	3	3	7
460	10	4	3	3
460	11	4	4	6
460	12	3	2	4
460	13	.	1	5
460	14	6	4	6
460	15	6	5	11
461	1	6	4	6
461	2	5	4	9
461	3	3	3	6
461	4	7	4	7
461	5	5	5	5
461	6	7	3	7
461	7	5	.	5
461	8	5	4	7
461	9	8	7	10
461	10	5	3	6
461	11	6	4	7
461	12	3	3	2
461	13	4	4	6
461	14	7	5	11
461	15	5	.	7
462	1	3	1	6
462	2	2	2	.
462	3	4	3	5
462	4	3	3	.
462	5	4	4	.
462	6	3	1	5
462	7	2	2	2
462	8	1	1	3
462	9	3	2	4
462	10	1	1	4
462	11	2	1	.
462	12	4	3	5
462	13	4	4	5
462	14	6	3	8
462	15	1	1	3
463	1	7	5	8
463	2	4	.	3
463	3	.	3	7
463	4	3	2	4
463	5	7	5	11
463	6	4	3	5
463	7	5	3	4
463	8	7	3	6
463	9	.	6	10
463	10	.	.	4
463	11	5	4	6
463	12	.	4	5
463	13	7	3	8
463	14	5	5	10
463	15	.	5	4
464	1	4	1	.
464	2	5	.	5
464	3	4	1	2
464	4	6	4	7
464	5	.	3	5
464	6	1	.	2
464	7	0	2	3
464	8	4	3	10
464	9	2	3	.
464	10	0	.	1
464	11	1	1	.
464	12	.	2	2
464	13	3	2	5
464	14	1	2	3
464	15	4	3	9
465	1	4	3	5
465	2	5	3	6
465	3	2	2	3
465	4	5	2	5
465	5	0	1	2
465	6	1	1	4
465	7	0	2	5
465	8	4	2	4
465	9	1	2	3
465	10	1	2	5
465	11	3	.	1
465	12	5	4	6
465	13	1	1	2
465	14	.	2	3
465	15	2	1	2
466	1	7	6	10
466	2	8	4	8
466	3	6	4	9
466	4	5	.	8
466	5	4	3	.
466	6	8	5	7
466	7	6	4	8
466	8	4	4	4
466	9	.	4	5
466	10	5	4	4
466	11	8	5	8
466	12	2	.	4
466	13	4	4	5
466	14	3	4	6
466	15	5	3	6
467	1	5	4	5
467	2	5	.	7
467	3	5	4	7
467	4	5	5	8
467	5	.	4	8
467	6	2	3	5
467	7	5	2	7
467	8	5	4	8
467	9	5	3	5
467	10	1	4	4
467	11	4	4	.
467	12	5	.	8
467	13	.	4	4
467	14	2	2	0
467	15	4	.	5
468	1	6	4	.
468	2	4	5	7
468	3	6	5	8
468	4	8	5	10
468	5	4	4	5
468	6	6	4	6
468	7	3	6	7
468	8	9	6	9
468	9	4	3	5
468	10	4	4	6
468	11	7	5	9
468	12	7	5	6
468	13	6	5	6
468	14	5	5	5
468	15	3	3	3
469	1	6	2	5
469	2	1	3	6
469	3	5	5	.
469	4	5	4	4
469	5	5	4	7
469	6	3	4	7
469	7	5	4	6
469	8	0	3	2
469	9	3	3	7
469	10	.	4	9
469	11	3	3	8
469	12	3	5	6
469	13	2	2	1
469	14	4	2	5
469	15	5	4	5
470	1	6	6	9
470	2	.	.	10
470	3	.	5	6
470	4	6	6	.
470	5	4	3	5
470	6	.	2	2
470	7	5	5	9
470	8	4	3	7
470	9	3	2	5
470	10	6	4	5
470	11	4	3	7
470	12	5	4	4
470	13	6	4	.
470	14	2	1	.
470	15	6	.	7
471	1	6	5	6
471	2	6	5	9
471	3	5	5	8
471	4	8	4	.
471	5	5	4	9
471	6	5	6	6
471	7	10	7	11
471	8	6	7	9
471	9	4	4	6
471	10	6	5	8
471	11	6	5	8
471	12	6	.	.
471	13	6	5	10
471	14	6	6	9
471	15	8	7	12
472	1	3	2	4
472	2	5	4	4
472	3	1	3	4
472	4	4	3	3
472	5	4	2	2
472	6	4	3	4
472	7	5	2	.
472	8	1	1	3
472	9	1	3	3
472	10	1	.	4
472	11	3	3	.
472	12	1	2	5
472	13	4	3	4
472	14	7	4	9
472	15	2	3	4
473	1	1	.	1
473	2	3	3	3
473	3	1	1	2
473	4	.	0	0
473	5	.	3	5
473	6	2	2	6
473	7	0	1	0
473	8	4	1	7
473	9	3	1	4
473	10	4	4	7
473	11	0	1	2
473	12	2	2	6
473	13	4	0	3
473	14	0	0	0
473	15	1	0	0
474	1	3	3	8
474	2	3	4	6
474	3	1	2	2
474	4	.	3	4
474	5	1	0	-1
474	6	.	4	7
474	7	5	2	6
474	8	.	3	7
474	9	2	3	5
474	10	3	2	5
474	11	2	1	4
474	12	4	3	2
474	13	4	4	8
474	14	.	3	7
474	15	2	4	4
475	1	4	4	7
475	2	2	3	4
475	3	4	.	6
475	4	4	3	5
475	5	4	3	4
475	6	1	.	.
475	7	2	3	1
475	8	8	3	5
475	9	1	1	2
475	10	4	5	5
475	11	3	3	6
475	12	.	3	.
475	13	4	3	6
475	14	3	3	6
475	15	5	4	9
476	1	4	5	6
476	2	5	2	5
476	3	.	2	2
476	4	4	3	7
476	5	4	4	6
476	6	8	5	7
476	7	1	2	3
476	8	2	2	4
476	9	5	2	7
476	10	3	4	4
476	11	6	3	6
476	12	2	2	.
476	13	2	4	5
476	14	.	1	4
476	15	8	5	9
477	1	6	4	9
477	2	6	6	8
477	3	6	.	6
477	4	4	.	6
477	5	9	5	12
477	6	4	4	6
477	7	6	4	8
477	8	5	5	10
477	9	3	2	5
477	10	6	6	.
477	11	4	6	7
477	12	6	.	11
477	13	2	3	3
477	14	5	6	8
477	15	6	.	8
478	1	2	2	2
478	2	6	5	6
478	3	3	3	5
478	4	.	1	3
478	5	4	4	.
478	6	4	3	2
478	7	5	3	4
478	8	3	3	7
478	9	3	3	7
478	10	3	1	5
478	11	.	1	5
478	12	3	2	4
478	13	7	5	7
478	14	3	2	.
478	15	4	3	5
479	1	5	.	4
479	2	0	2	1
479	3	.	2	3
479	4	3	3	3
479	5	4	3	6
479	6	3	3	1
479	7	6	.	4
479	8	7	3	7
479	9	6	4	9
479	10	1	2	3
479	11	6	5	8
479	12	5	4	7
479	13	5	3	7
479	14	5	5	8
479	15	4	4	4
480	1	2	4	6
480	2	6	3	8
480	3	.	2	1
480	4	4	3	6
480	5	3	2	4
480	6	4	3	.
480	7	3	3	4
480	8	7	2	.
480	9	3	3	5
480	10	4	2	6
480	11	7	4	7
480	12	4	2	3
480	13	5	3	6
480	14	7	2	6
480	15	4	2	4
481	1	2	2	3
481	2	.	4	10
481	3	0	2	3
481	4	2	.	1
481	5	5	4	8
481	6	2	1	.
481	7	5	3	3
481	8	1	2	1
481	9	.	3	4
481	10	7	6	10
481	11	3	3	4
481	12	5	2	5
481	13	5	4	4
481	14	3	2	4
481	15	3	2	3
482	1	3	1	7
482	2	5	.	5
482	3	2	1	3
482	4	3	2	.
482	5	4	3	7
482	6	5	4	.
482	7	4	3	4
482	8	5	4	4
482	9	2	2	3
482	10	3	3	3
482	11	6	4	4
482	12	3	3	.
482	13	3	2	6
482	14	.	4	5
482	15	2	3	.
483	1	5	3	6
483	2	6	5	8
483	3	3	2	4
483	4	2	4	4
483	5	5	4	7
483	6	4	3	9
483	7	5	3	.
483	8	3	2	5
483	9	5	5	8
483	10	3	3	3
483	11	5	4	5
483	12	7	5	9
483	13	8	5	9
483	14	7	.	.
483	15	8	4	9
484	1	3	3	3
484	2	2	3	3
484	3	2	2	3
484	4	4	3	.
484	5	0	1	0
484	6	5	4	6
484	7	5	3	5
484	8	6	4	8
484	9	4	3	6
484	10	1	.	0
484	11	5	4	6
484	12	6	4	8
484	13	3	4	3
484	14	3	2	3
484	15	5	4	6
485	1	.	4	.
485	2	.	3	7
485	3	5	3	9
485	4	9	5	8
485	5	4	5	.
485	6	.	7	10
485	7	4	4	6
485	8	4	3	5
485	9	.	3	6
485	10	4	4	7
485	11	6	4	9
485	12	5	4	6
485	13	5	4	6
485	14	6	5	.
485	15	2	.	5
486	1	.	4	3
486	2	4	2	5
486	3	4	4	6
486	4	.	3	4
486	5	.	3	3
486	6	4	3	7
486	7	7	4	6
486	8	6	4	7
486	9	4	3	5
486	10	3	3	2
486	11	4	4	6
486	12	.	4	6
486	13	4	4	.
486	14	5	4	5
486	15	7	5	7
487	1	2	3	5
487	2	6	5	8
487	3	5	5	8
487	4	9	4	6
487	5	8	4	7
487	6	5	.	.
487	7	3	3	4
487	8	6	4	7
487	9	2	3	5
487	10	5	3	4
487	11	8	4	8
487	12	5	.	8
487	13	5	.	8
487	14	4	5	7
487	15	7	5	11
488	1	4	3	5
488	2	2	0	1
488	3	4	2	5
488	4	4	3	4
488	5	.	2	3
488	6	2	2	4
488	7	4	1	.
488	8	5	.	5
488	9	5	3	3
488	10	7	3	.
488	11	1	.	2
488	12	4	1	.
488	13	4	4	.
488	14	2	3	3
488	15	6	3	7
489	1	.	6	5
489	2	5	5	8
489	3	5	4	6
489	4	5	5	.
489	5	5	5	8
489	6	5	5	9
489	7	7	5	11
489	8	4	4	9
489	9	6	4	.
489	10	.	5	6
489	11	5	5	.
489	12	6	5	7
489	13	6	5	8
489	14	3	4	6
489	15	5	3	5
490	1	4	2	3
490	2	.	2	.
490	3	4	4	6
490	4	1	2	3
490	5	4	2	5
490	6	3	3	.
490	7	.	3	2
490	8	.	3	5
490	9	3	3	.
490	10	6	4	9
490	11	1	2	1
490	12	0	0	1
490	13	.	4	6
490	14	3	2	4
490	15	4	4	7
491	1	2	.	4
491	2	7	4	6
491	3	5	4	9
491	4	3	3	6
491	5	7	3	.
491	6	4	3	9
491	7	6	5	8
491	8	1	2	4
491	9	2	4	4
491	10	2	4	2
491	11	4	2	5
491	12	5	3	3
491	13	7	3	6
491	14	.	3	4
491	15	3	3	2
492	1	7	5	8
492	2	3	.	1
492	3	7	5	10
492	4	5	.	6
492	5	4	3	7
492	6	3	3	6
492	7	.	4	9
492	8	7	5	9
492	9	7	5	.
492	10	4	5	6
492	11	7	5	.
492	12	6	.	6
492	13	7	6	6
492	14	5	5	7
492	15	10	6	11
493	1	.	3	4
493	2	7	5	8
493	3	9	6	12
493	4	3	4	8
493	5	1	3	.
493	6	.	3	.
493	7	6	5	7
493	8	7	5	9
493	9	6	3	10
493	10	4	5	5
493	11	2	3	.
493	12	3	5	6
493	13	4	5	9
493	14	4	5	7
493	15	.	4	6
494	1	0	.	1
494	2	2	2	.
494	3	3	1	2
494	4	1	0	0
494	5	0	1	2
494	6	3	3	2
494	7	3	1	3
494	8	0	0	0
494	9	1	1	2
494	10	2	2	4
494	11	4	2	3
494	12	0	.	2
494	13	4	2	3
494	14	2	1	6
494	15	0	1	.
495	1	3	2	7
495	2	4	.	6
495	3	0	2	1
495	4	3	2	5
495	5	-2	0	-3
495	6	-1	0	0
495	7	.	.	6
495	8	-1	0	-1
495	9	2	2	1
495	10	0	1	3
495	11	0	2	2
495	12	1	1	.
495	13	2	1	3
495	14	2	2	4
495	15	2	2	5
496	1	0	1	2
496	2	4	2	.
496	3	0	1	0
496	4	2	1	3
496	5	0	0	-3
496	6	1	3	3
496	7	0	1	2
496	8	3	3	.
496	9	1	2	0
496	10	1	0	0
496	11	.	1	2
496	12	2	2	3
496	13	0	2	1
496	14	2	1	1
496	15	2	3	4
497	1	5	4	8
497	2	1	0	0
497	3	2	2	2
497	4	5	3	7
497	5	3	3	5
497	6	2	2	5
497	7	6	4	7
497	8	2	3	1
497	9	3	2	6
497	10	3	.	5
497	11	4	3	9
497	12	6	5	7
497	13	4	3	6
497	14	5	4	6
497	15	6	5	6
498	1	3	4	4
498	2	5	3	.
498	3	4	.	.
498	4	4	3	5
498	5	6	4	7
498	6	2	1	3
498	7	4	3	.
498	8	2	3	4
498	9	4	5	6
498	10	5	3	9
498	11	6	5	8
498	12	.	3	2
498	13	4	3	5
498	14	4	4	4
498	15	5	4	5
499	1	4	3	2
499	2	5	4	4
499	3	6	4	8
499	4	5	4	6
499	5	.	5	9
499	6	.	4	6
499	7	4	4	5
499	8	3	2	5
499	9	5	4	6
499	10	2	1	3
499	11	2	2	1
499	12	3	3	6
499	13	2	2	1
499	14	4	3	4
499	15	3	4	2
500	1	5	4	5
500	2	4	2	2
500	3	7	4	8
500	4	1	4	2
500	5	4	4	6
500	6	.	4	.
500	7	8	5	.
500	8	6	6	9
500	9	3	2	2
500	10	.	.	.
500	11	3	3	1
500	12	4	4	5
500	13	5	2	4
500	14	5	3	7
500	15	4	5	8
