1	1	2	1	3
1	2	1	1	4
1	3	3	.	4
1	4	3	3	.
1	5	3	0	1
2	1	3	3	4
2	2	3	4	2
2	3	0	1	.
2	4	4	3	6
2	5	3	3	3
3	1	7	5	.
3	2	6	4	8
3	3	.	4	10
3	4	7	.	10
3	5	5	4	6
4	1	4	3	3
4	2	4	3	2
4	3	5	4	7
4	4	2	3	4
4	5	3	4	6
5	1	6	.	5
5	2	3	4	7
5	3	4	2	.
5	4	3	3	6
5	5	3	4	7
6	1	6	4	9
6	2	6	5	10
6	3	4	5	7
6	4	7	4	8
6	5	6	5	6
7	1	4	.	.
7	2	2	.	4
7	3	2	2	2
7	4	3	2	6
7	5	.	5	9
8	1	3	2	5
8	2	2	3	4
8	3	2	2	4
8	4	2	2	1
8	5	.	.	2
9	1	2	2	4
9	2	2	3	.
9	3	4	3	4
9	4	2	1	0
9	5	5	3	6
10	1	3	3	5
10	2	1	2	4
10	3	4	.	6
10	4	.	4	5
10	5	0	3	2
11	1	6	6	7
11	2	5	4	4
11	3	7	4	7
11	4	4	5	8
11	5	8	6	10
12	1	2	3	3
12	2	5	2	7
12	3	5	2	4
12	4	2	4	.
12	5	3	2	3
13	1	.	5	3
13	2	3	3	5
13	3	2	3	3
13	4	.	3	7
13	5	5	4	4
14	1	1	4	5
14	2	6	3	7
14	3	5	4	4
14	4	4	2	2
14	5	4	2	4
15	1	3	2	4
15	2	.	1	0
15	3	1	3	3
15	4	4	3	5
15	5	2	2	5
16	1	9	.	.
16	2	6	6	.
16	3	6	4	9
16	4	4	4	4
16	5	6	4	8
17	1	5	4	.
17	2	5	4	8
17	3	3	2	4
17	4	6	4	5
17	5	2	1	.
18	1	1	1	0
18	2	0	1	1
18	3	0	0	1
18	4	0	2	1
18	5	0	0	-2
19	1	0	3	0
19	2	5	3	6
19	3	4	3	.
19	4	3	5	5
19	5	4	5	10
20	1	2	2	3
20	2	.	.	1
20	3	0	1	1
20	4	6	4	6
20	5	7	5	8
21	1	.	1	4
21	2	0	.	2
21	3	.	1	3
21	4	0	1	1
21	5	3	.	2
22	1	.	2	3
22	2	2	1	1
22	3	.	1	2
22	4	3	1	3
22	5	.	3	4
23	1	2	1	4
23	2	0	1	0
23	3	4	4	6
23	4	2	1	4
23	5	4	1	6
24	1	-1	0	-2
24	2	1	1	0
24	3	0	2	3
24	4	0	1	.
24	5	5	.	8
25	1	0	1	0
25	2	4	.	5
25	3	4	2	.
25	4	1	3	5
25	5	2	2	0
26	1	3	3	2
26	2	.	1	2
26	3	0	1	1
26	4	0	0	1
26	5	4	2	8
27	1	3	3	.
27	2	2	3	2
27	3	4	3	7
27	4	5	.	8
27	5	2	2	1
28	1	0	1	0
28	2	3	4	7
28	3	5	4	.
28	4	4	4	4
28	5	3	3	5
29	1	0	1	2
29	2	2	3	2
29	3	.	2	3
29	4	1	3	5
29	5	0	0	.
30	1	9	5	9
30	2	4	4	7
30	3	5	4	7
30	4	.	.	6
30	5	7	5	9
31	1	1	2	0
31	2	4	4	.
31	3	5	4	6
31	4	2	3	2
31	5	4	3	.
32	1	.	.	7
32	2	6	4	5
32	3	4	3	4
32	4	3	.	5
32	5	4	2	.
33	1	6	5	12
33	2	7	5	9
33	3	.	7	10
33	4	4	5	6
33	5	1	3	3
34	1	4	4	6
34	2	4	5	7
34	3	4	4	6
34	4	.	3	5
34	5	5	5	7
35	1	4	.	5
35	2	2	3	7
35	3	5	6	7
35	4	5	.	5
35	5	4	4	5
36	1	1	3	3
36	2	3	3	5
36	3	3	3	3
36	4	5	1	.
36	5	6	3	4
37	1	6	.	7
37	2	6	5	8
37	3	5	3	5
37	4	3	3	3
37	5	3	4	.
38	1	3	2	3
38	2	2	.	4
38	3	2	3	4
38	4	5	2	4
38	5	0	.	2
39	1	2	1	4
39	2	4	4	.
39	3	5	4	6
39	4	3	.	3
39	5	1	2	.
40	1	6	4	.
40	2	4	2	3
40	3	3	3	.
40	4	3	3	5
40	5	1	1	2
41	1	1	1	2
41	2	0	1	0
41	3	1	1	1
41	4	4	2	2
41	5	-1	2	2
42	1	4	3	6
42	2	3	.	5
42	3	4	1	1
42	4	3	3	6
42	5	5	.	6
43	1	4	2	2
43	2	2	2	2
43	3	2	1	.
43	4	4	2	2
43	5	5	2	5
44	1	8	5	11
44	2	10	6	11
44	3	7	6	8
44	4	8	5	8
44	5	8	5	8
45	1	.	4	5
45	2	3	3	3
45	3	6	4	9
45	4	3	3	.
45	5	5	4	6
46	1	2	1	2
46	2	5	3	5
46	3	2	2	3
46	4	1	2	5
46	5	5	3	4
47	1	5	4	.
47	2	5	4	8
47	3	0	1	3
47	4	5	4	8
47	5	3	1	4
48	1	3	3	6
48	2	3	4	6
48	3	2	4	5
48	4	4	3	3
48	5	4	4	5
49	1	6	.	9
49	2	5	3	6
49	3	8	5	11
49	4	4	4	.
49	5	2	4	.
50	1	2	1	2
50	2	8	4	10
50	3	3	3	4
50	4	5	5	8
50	5	5	.	5
51	1	7	5	8
51	2	4	.	5
51	3	.	4	.
51	4	5	3	2
51	5	3	3	5
52	1	5	3	5
52	2	6	4	8
52	3	4	3	6
52	4	0	1	2
52	5	3	1	6
53	1	3	3	5
53	2	5	.	.
53	3	5	2	5
53	4	1	0	4
53	5	3	3	3
54	1	7	5	9
54	2	9	6	.
54	3	.	4	.
54	4	5	.	7
54	5	6	6	8
55	1	0	2	2
55	2	2	3	4
55	3	3	2	5
55	4	0	1	1
55	5	3	3	5
56	1	8	4	10
56	2	7	3	8
56	3	5	5	7
56	4	5	5	6
56	5	4	4	.
57	1	0	2	6
57	2	1	3	5
57	3	1	2	2
57	4	0	0	0
57	5	-1	0	1
58	1	5	3	.
58	2	7	3	9
58	3	4	1	2
58	4	2	3	4
58	5	.	3	7
59	1	3	2	6
59	2	1	3	3
59	3	4	4	7
59	4	5	3	.
59	5	4	.	.
60	1	6	.	6
60	2	4	3	6
60	3	2	3	.
60	4	4	3	7
60	5	5	4	5
61	1	4	4	6
61	2	5	3	4
61	3	6	5	7
61	4	5	5	8
61	5	3	4	8
62	1	.	3	6
62	2	4	2	6
62	3	6	4	9
62	4	3	4	.
62	5	4	2	2
63	1	0	1	.
63	2	0	1	3
63	3	3	.	4
63	4	4	3	5
63	5	3	3	6
64	1	4	.	4
64	2	1	3	4
64	3	3	.	6
64	4	1	1	0
64	5	1	1	2
65	1	0	.	0
65	2	2	2	.
65	3	0	3	2
65	4	3	1	5
65	5	1	2	3
66	1	3	2	6
66	2	5	4	5
66	3	1	2	3
66	4	3	3	2
66	5	2	.	2
67	1	6	4	.
67	2	2	2	3
67	3	6	3	6
67	4	8	4	8
67	5	6	3	5
68	1	.	4	5
68	2	2	2	4
68	3	2	3	.
68	4	4	2	4
68	5	4	4	4
69	1	3	4	7
69	2	9	6	.
69	3	5	4	.
69	4	5	4	.
69	5	6	3	.
70	1	7	4	6
70	2	6	5	8
70	3	8	6	10
70	4	10	5	.
70	5	7	6	8
71	1	4	3	5
71	2	4	1	5
71	3	5	4	6
71	4	1	2	1
71	5	5	3	7
72	1	0	0	1
72	2	-2	0	-1
72	3	0	0	1
72	4	0	0	2
72	5	2	.	4
73	1	5	7	6
73	2	5	5	8
73	3	3	4	5
73	4	4	.	7
73	5	4	4	4
74	1	.	3	7
74	2	-1	1	1
74	3	5	3	5
74	4	3	3	4
74	5	4	3	5
75	1	1	.	2
75	2	2	.	4
75	3	1	2	3
75	4	5	2	6
75	5	4	2	6
76	1	7	5	8
76	2	7	4	8
76	3	8	5	10
76	4	8	5	6
76	5	6	5	8
77	1	5	.	5
77	2	1	2	1
77	3	3	3	.
77	4	4	.	.
77	5	4	3	6
78	1	3	3	3
78	2	1	0	4
78	3	1	2	1
78	4	1	1	2
78	5	3	2	.
79	1	1	.	4
79	2	4	4	7
79	3	4	3	3
79	4	7	4	8
79	5	3	2	5
80	1	1	3	4
80	2	3	2	6
80	3	3	.	.
80	4	.	.	6
80	5	3	2	5
81	1	.	2	3
81	2	3	3	2
81	3	4	3	7
81	4	.	5	6
81	5	5	4	9
82	1	3	2	4
82	2	4	4	5
82	3	.	2	4
82	4	3	3	3
82	5	5	3	6
83	1	8	4	9
83	2	2	2	1
83	3	.	3	4
83	4	0	2	0
83	5	4	3	6
84	1	6	4	8
84	2	5	5	.
84	3	2	2	.
84	4	5	5	8
84	5	7	6	7
85	1	4	3	5
85	2	.	3	2
85	3	4	3	8
85	4	4	4	7
85	5	4	2	4
86	1	6	4	7
86	2	.	3	7
86	3	4	3	4
86	4	.	4	13
86	5	5	2	8
87	1	7	.	8
87	2	5	4	.
87	3	2	6	9
87	4	5	5	6
87	5	.	3	8
88	1	3	4	4
88	2	.	3	5
88	3	3	3	3
88	4	3	4	4
88	5	6	6	8
89	1	.	3	.
89	2	2	2	4
89	3	1	2	0
89	4	2	3	1
89	5	2	3	2
90	1	.	5	7
90	2	4	.	.
90	3	9	5	10
90	4	4	4	5
90	5	3	2	2
91	1	6	5	.
91	2	5	4	.
91	3	6	5	7
91	4	5	4	7
91	5	7	3	5
92	1	1	2	3
92	2	6	.	8
92	3	6	4	8
92	4	2	3	1
92	5	6	.	7
93	1	6	4	4
93	2	8	4	9
93	3	3	3	8
93	4	5	3	6
93	5	2	4	5
94	1	5	.	3
94	2	0	1	0
94	3	0	2	0
94	4	3	2	4
94	5	1	2	2
95	1	5	4	5
95	2	3	4	2
95	3	3	2	6
95	4	6	4	.
95	5	5	6	8
96	1	1	2	0
96	2	3	.	3
96	3	2	1	4
96	4	2	.	3
96	5	5	2	.
97	1	8	8	13
97	2	4	3	7
97	3	5	5	.
97	4	.	.	.
97	5	8	7	13
98	1	5	4	7
98	2	5	5	8
98	3	7	4	.
98	4	5	4	5
98	5	8	6	9
99	1	.	4	8
99	2	1	1	3
99	3	5	3	5
99	4	5	3	6
99	5	2	5	7
100	1	2	3	2
100	2	3	1	5
100	3	0	1	0
100	4	.	2	3
100	5	4	2	2
101	1	3	1	2
101	2	0	2	2
101	3	1	2	3
101	4	.	2	2
101	5	0	1	0
102	1	5	3	8
102	2	5	3	.
102	3	7	6	9
102	4	4	3	7
102	5	5	2	4
103	1	7	5	10
103	2	7	4	8
103	3	1	2	4
103	4	4	3	4
103	5	1	3	3
104	1	4	.	5
104	2	4	2	5
104	3	2	1	0
104	4	3	2	4
104	5	6	4	8
105	1	0	3	5
105	2	2	2	5
105	3	3	3	8
105	4	5	3	.
105	5	0	.	1
106	1	2	4	5
106	2	6	4	8
106	3	.	3	6
106	4	3	3	3
106	5	5	3	.
107	1	3	1	.
107	2	3	2	5
107	3	2	2	0
107	4	0	1	-1
107	5	.	3	5
108	1	0	0	.
108	2	1	1	2
108	3	2	1	3
108	4	0	1	1
108	5	4	2	5
109	1	2	3	1
109	2	5	2	4
109	3	.	4	4
109	4	2	2	.
109	5	4	2	4
110	1	4	3	.
110	2	5	3	3
110	3	6	5	4
110	4	.	5	10
110	5	.	4	.
111	1	4	.	6
111	2	3	2	4
111	3	3	2	5
111	4	1	2	4
111	5	3	2	5
112	1	5	3	7
112	2	.	3	4
112	3	3	3	.
112	4	4	5	7
112	5	5	4	8
113	1	2	2	.
113	2	0	0	0
113	3	4	.	4
113	4	.	3	4
113	5	1	0	1
114	1	3	2	5
114	2	1	1	4
114	3	5	.	6
114	4	4	2	5
114	5	7	3	8
115	1	5	4	8
115	2	2	3	5
115	3	3	3	1
115	4	4	4	.
115	5	7	5	6
116	1	5	1	3
116	2	4	3	6
116	3	2	3	7
116	4	4	4	8
116	5	.	.	.
117	1	5	4	.
117	2	3	4	7
117	3	6	3	6
117	4	3	3	4
117	5	5	2	.
118	1	0	3	3
118	2	.	0	5
118	3	5	4	3
118	4	4	3	.
118	5	0	1	2
119	1	4	3	7
119	2	0	1	0
119	3	3	2	3
119	4	3	3	4
119	5	2	2	1
120	1	4	2	2
120	2	3	1	4
120	3	.	3	5
120	4	3	2	.
120	5	2	2	3
121	1	5	3	6
121	2	6	3	9
121	3	3	1	4
121	4	1	1	2
121	5	5	2	4
122	1	3	2	1
122	2	1	.	0
122	3	0	3	4
122	4	2	0	2
122	5	2	.	3
123	1	2	3	.
123	2	6	3	5
123	3	.	.	7
123	4	0	1	2
123	5	.	2	7
124	1	3	.	3
124	2	4	2	4
124	3	4	.	.
124	4	6	3	6
124	5	0	1	0
125	1	5	3	8
125	2	4	.	6
125	3	8	5	11
125	4	6	5	5
125	5	6	4	6
126	1	7	5	9
126	2	3	2	5
126	3	0	1	3
126	4	3	1	5
126	5	0	1	2
127	1	6	4	4
127	2	5	3	6
127	3	.	3	7
127	4	3	1	.
127	5	2	2	1
128	1	2	0	4
128	2	3	4	4
128	3	6	4	.
128	4	5	5	9
128	5	4	3	3
129	1	1	3	5
129	2	3	1	3
129	3	1	2	5
129	4	3	2	4
129	5	4	3	4
130	1	0	1	.
130	2	.	4	5
130	3	5	4	8
130	4	.	2	4
130	5	4	2	8
131	1	6	.	6
131	2	5	3	4
131	3	7	4	11
131	4	6	5	6
131	5	7	6	12
132	1	4	4	7
132	2	.	2	4
132	3	5	4	6
132	4	2	.	3
132	5	4	4	4
133	1	3	5	.
133	2	2	3	3
133	3	4	1	.
133	4	4	3	4
133	5	4	3	3
134	1	1	0	0
134	2	4	3	5
134	3	5	2	4
134	4	0	1	.
134	5	4	4	6
135	1	0	0	2
135	2	3	1	.
135	3	0	0	0
135	4	2	1	2
135	5	2	1	0
136	1	7	5	.
136	2	4	5	5
136	3	4	3	5
136	4	3	3	3
136	5	4	3	7
137	1	1	2	2
137	2	0	1	1
137	3	0	0	1
137	4	.	1	1
137	5	4	3	4
138	1	6	4	9
138	2	3	2	5
138	3	3	4	5
138	4	7	6	7
138	5	1	2	2
139	1	.	6	8
139	2	9	6	11
139	3	10	6	13
139	4	6	5	9
139	5	5	5	5
140	1	4	.	.
140	2	2	1	0
140	3	4	3	.
140	4	0	1	0
140	5	3	2	3
141	1	4	5	6
141	2	.	.	5
141	3	.	4	5
141	4	3	3	3
141	5	5	3	9
142	1	5	3	6
142	2	2	2	3
142	3	4	3	7
142	4	2	.	3
142	5	4	2	6
143	1	2	1	.
143	2	2	2	4
143	3	1	1	.
143	4	1	0	2
143	5	0	1	2
144	1	2	1	2
144	2	-2	0	0
144	3	0	.	0
144	4	0	1	1
144	5	-1	1	1
145	1	2	2	4
145	2	0	0	-1
145	3	0	-1	0
145	4	.	1	2
145	5	2	1	1
146	1	4	3	.
146	2	.	1	2
146	3	4	.	4
146	4	3	2	2
146	5	3	2	4
147	1	0	2	1
147	2	4	3	4
147	3	1	1	0
147	4	-2	0	0
147	5	1	2	1
148	1	3	3	2
148	2	5	4	2
148	3	3	3	6
148	4	5	.	6
148	5	5	4	9
149	1	6	6	7
149	2	.	6	10
149	3	8	7	11
149	4	.	6	7
149	5	6	6	.
150	1	2	2	6
150	2	2	1	3
150	3	3	2	3
150	4	4	3	.
150	5	3	1	2
151	1	5	4	8
151	2	7	.	5
151	3	6	3	5
151	4	5	5	8
151	5	6	4	7
152	1	.	3	7
152	2	4	2	5
152	3	4	5	9
152	4	6	4	6
152	5	3	5	.
153	1	3	3	9
153	2	6	4	7
153	3	2	3	4
153	4	3	.	4
153	5	3	3	5
154	1	.	3	5
154	2	.	1	4
154	3	5	2	6
154	4	2	2	.
154	5	.	1	4
155	1	5	3	.
155	2	4	.	4
155	3	.	.	8
155	4	2	3	6
155	5	4	2	3
156	1	2	4	6
156	2	4	3	4
156	3	4	4	6
156	4	3	2	5
156	5	4	4	4
157	1	3	4	6
157	2	3	4	.
157	3	3	.	4
157	4	.	2	2
157	5	0	3	.
158	1	2	1	3
158	2	3	2	3
158	3	0	2	2
158	4	0	1	1
158	5	3	2	4
159	1	4	5	8
159	2	7	.	8
159	3	7	5	.
159	4	6	6	9
159	5	4	3	6
160	1	2	1	4
160	2	3	3	5
160	3	2	2	2
160	4	2	4	5
160	5	4	3	7
161	1	5	4	5
161	2	5	3	.
161	3	4	3	7
161	4	5	3	7
161	5	5	6	7
162	1	4	1	5
162	2	.	1	.
162	3	2	.	4
162	4	1	1	2
162	5	2	2	6
163	1	4	2	7
163	2	0	1	.
163	3	3	2	4
163	4	0	0	1
163	5	2	2	2
164	1	.	6	10
164	2	7	5	10
164	3	4	.	8
164	4	9	8	14
164	5	8	6	10
165	1	3	2	3
165	2	0	2	0
165	3	6	3	7
165	4	8	5	10
165	5	3	2	5
166	1	5	.	7
166	2	7	4	7
166	3	4	1	4
166	4	4	3	3
166	5	1	.	3
167	1	4	3	5
167	2	6	4	.
167	3	3	3	6
167	4	4	.	7
167	5	6	5	6
168	1	0	2	2
168	2	5	.	4
168	3	0	1	.
168	4	.	1	5
168	5	1	2	4
169	1	5	4	5
169	2	5	5	9
169	3	3	3	7
169	4	4	3	.
169	5	2	2	2
170	1	3	2	3
170	2	4	2	2
170	3	.	3	6
170	4	5	2	4
170	5	4	3	6
171	1	2	3	4
171	2	2	3	2
171	3	3	1	3
171	4	6	4	5
171	5	5	3	6
172	1	7	4	8
172	2	5	3	6
172	3	.	.	0
172	4	3	3	6
172	5	5	3	5
173	1	6	4	9
173	2	3	4	5
173	3	5	4	6
173	4	3	3	6
173	5	3	1	0
174	1	5	6	12
174	2	8	6	11
174	3	7	6	11
174	4	8	6	8
174	5	.	5	8
175	1	3	2	4
175	2	0	1	2
175	3	6	.	7
175	4	1	0	0
175	5	2	0	0
176	1	4	.	3
176	2	0	2	3
176	3	1	2	0
176	4	0	1	3
176	5	2	2	3
177	1	4	4	4
177	2	3	.	4
177	3	4	2	6
177	4	3	1	5
177	5	5	4	3
178	1	1	2	1
178	2	5	3	.
178	3	2	4	5
178	4	5	4	8
178	5	.	2	.
179	1	4	4	5
179	2	1	4	3
179	3	.	5	8
179	4	7	5	6
179	5	6	.	7
180	1	1	1	3
180	2	4	.	.
180	3	3	3	8
180	4	4	3	4
180	5	2	1	2
181	1	0	0	.
181	2	1	1	2
181	3	4	.	3
181	4	2	2	0
181	5	.	.	3
182	1	.	3	7
182	2	6	5	7
182	3	.	5	12
182	4	.	3	4
182	5	5	3	7
183	1	2	3	2
183	2	.	4	3
183	3	3	1	3
183	4	3	4	6
183	5	3	4	7
184	1	4	1	5
184	2	2	3	1
184	3	.	2	4
184	4	.	3	4
184	5	4	4	4
185	1	2	3	4
185	2	4	3	5
185	3	5	2	4
185	4	4	3	.
185	5	3	3	4
186	1	7	5	5
186	2	4	4	7
186	3	5	3	8
186	4	4	3	4
186	5	2	3	2
187	1	.	5	9
187	2	3	3	6
187	3	6	4	6
187	4	6	4	8
187	5	.	2	.
188	1	.	.	5
188	2	2	1	2
188	3	.	3	4
188	4	1	2	3
188	5	4	3	3
189	1	4	.	.
189	2	8	6	.
189	3	.	3	5
189	4	7	3	5
189	5	5	4	5
190	1	1	2	2
190	2	2	.	1
190	3	2	.	2
190	4	4	2	6
190	5	3	2	4
191	1	7	.	9
191	2	4	4	5
191	3	6	4	4
191	4	5	4	7
191	5	3	2	4
192	1	5	3	4
192	2	4	4	3
192	3	6	4	5
192	4	5	4	7
192	5	5	3	4
193	1	5	.	3
193	2	4	5	6
193	3	5	3	.
193	4	6	5	6
193	5	4	4	8
194	1	1	2	4
194	2	1	2	1
194	3	5	2	5
194	4	5	.	4
194	5	0	2	1
195	1	1	1	.
195	2	-1	1	.
195	3	0	.	-1
195	4	1	.	0
195	5	.	1	-1
196	1	7	4	6
196	2	6	5	11
196	3	6	5	4
196	4	6	5	4
196	5	6	4	7
197	1	.	4	.
197	2	5	4	8
197	3	6	.	.
197	4	.	5	7
197	5	2	4	4
198	1	3	3	2
198	2	0	1	5
198	3	0	1	3
198	4	6	.	8
198	5	.	2	5
199	1	2	.	4
199	2	2	3	2
199	3	0	1	.
199	4	5	4	8
199	5	1	1	2
200	1	1	1	2
200	2	4	2	3
200	3	4	2	5
200	4	3	2	5
200	5	3	1	3
201	1	6	5	9
201	2	7	5	7
201	3	6	6	6
201	4	6	7	8
201	5	6	6	14
202	1	11	7	10
202	2	6	6	9
202	3	4	3	4
202	4	6	6	11
202	5	8	6	9
203	1	5	3	3
203	2	2	2	2
203	3	2	2	7
203	4	4	5	7
203	5	3	2	4
204	1	6	4	.
204	2	3	4	3
204	3	.	4	6
204	4	4	5	4
204	5	3	3	.
205	1	5	2	4
205	2	.	2	4
205	3	3	2	4
205	4	0	4	.
205	5	2	2	6
206	1	5	3	4
206	2	6	4	6
206	3	0	2	1
206	4	1	1	5
206	5	4	3	5
207	1	4	3	7
207	2	3	1	3
207	3	1	1	3
207	4	0	1	3
207	5	3	3	3
208	1	3	2	7
208	2	.	3	2
208	3	3	3	5
208	4	3	2	3
208	5	5	3	4
209	1	9	6	11
209	2	6	.	8
209	3	.	5	8
209	4	9	6	.
209	5	6	5	9
210	1	5	3	7
210	2	4	3	3
210	3	3	3	6
210	4	1	2	1
210	5	3	3	5
211	1	3	3	3
211	2	0	3	3
211	3	2	2	6
211	4	6	4	8
211	5	4	4	5
212	1	1	3	.
212	2	4	3	6
212	3	1	2	2
212	4	3	3	4
212	5	5	4	.
213	1	6	4	7
213	2	5	5	8
213	3	6	4	8
213	4	6	.	8
213	5	5	4	4
214	1	0	1	0
214	2	4	3	6
214	3	.	2	2
214	4	.	2	2
214	5	2	3	5
215	1	4	2	6
215	2	.	.	1
215	3	1	1	2
215	4	2	0	0
215	5	.	0	0
216	1	8	.	10
216	2	5	4	9
216	3	6	.	6
216	4	6	4	7
216	5	6	4	6
217	1	2	3	3
217	2	4	3	4
217	3	3	.	.
217	4	5	3	5
217	5	0	3	.
218	1	2	3	3
218	2	0	2	3
218	3	5	2	2
218	4	4	3	5
218	5	5	3	7
219	1	.	0	.
219	2	2	1	2
219	3	2	1	1
219	4	0	0	1
219	5	3	1	3
220	1	2	1	1
220	2	0	1	1
220	3	4	.	7
220	4	-1	-1	.
220	5	2	3	4
221	1	3	1	.
221	2	5	3	6
221	3	1	.	4
221	4	2	2	3
221	5	0	1	2
222	1	4	4	6
222	2	8	4	9
222	3	6	4	7
222	4	6	5	8
222	5	4	5	7
223	1	6	5	10
223	2	.	5	9
223	3	6	3	8
223	4	3	4	.
223	5	5	4	6
224	1	.	2	2
224	2	4	3	.
224	3	6	5	6
224	4	5	4	6
224	5	.	4	.
225	1	2	3	2
225	2	8	5	11
225	3	5	3	6
225	4	5	3	7
225	5	1	3	3
226	1	3	.	4
226	2	4	3	8
226	3	5	3	7
226	4	3	3	7
226	5	7	4	7
227	1	.	1	0
227	2	2	2	3
227	3	1	.	.
227	4	6	2	.
227	5	2	2	3
228	1	3	2	3
228	2	5	3	4
228	3	4	2	4
228	4	1	2	1
228	5	4	2	5
229	1	3	.	3
229	2	4	4	4
229	3	6	6	7
229	4	7	5	7
229	5	6	4	9
230	1	1	1	.
230	2	0	1	-1
230	3	0	0	.
230	4	3	.	.
230	5	3	2	5
231	1	2	.	6
231	2	6	5	7
231	3	7	6	10
231	4	7	.	11
231	5	5	4	8
232	1	0	2	0
232	2	3	.	2
232	3	4	4	6
232	4	4	4	6
232	5	1	.	-1
233	1	5	3	7
233	2	3	2	7
233	3	3	3	6
233	4	2	2	.
233	5	2	2	3
234	1	2	2	2
234	2	2	2	7
234	3	3	4	5
234	4	3	3	4
234	5	6	4	7
235	1	2	1	.
235	2	3	4	5
235	3	2	2	3
235	4	3	2	1
235	5	5	.	7
236	1	.	3	4
236	2	4	2	4
236	3	1	0	3
236	4	2	1	1
236	5	3	.	4
237	1	4	3	5
237	2	4	3	6
237	3	3	3	4
237	4	6	3	6
237	5	3	2	2
238	1	4	4	7
238	2	3	.	1
238	3	0	2	2
238	4	2	2	3
238	5	4	4	4
239	1	6	4	5
239	2	1	2	1
239	3	.	3	4
239	4	.	4	9
239	5	3	4	4
240	1	5	1	5
240	2	2	3	4
240	3	1	2	3
240	4	3	2	.
240	5	1	1	3
241	1	3	3	3
241	2	.	1	0
241	3	0	0	-1
241	4	3	3	10
241	5	4	3	6
242	1	1	1	3
242	2	2	.	.
242	3	6	3	.
242	4	4	3	7
242	5	5	4	6
243	1	5	4	5
243	2	9	8	11
243	3	5	3	4
243	4	7	4	9
243	5	7	4	8
244	1	0	1	3
244	2	0	3	1
244	3	-1	0	0
244	4	4	2	3
244	5	3	.	0
245	1	3	3	6
245	2	4	3	5
245	3	3	3	5
245	4	2	3	3
245	5	3	2	4
246	1	.	4	6
246	2	4	3	8
246	3	5	5	6
246	4	6	4	6
246	5	6	5	9
247	1	5	3	9
247	2	1	.	3
247	3	5	3	6
247	4	4	3	6
247	5	3	2	3
248	1	0	4	2
248	2	3	2	3
248	3	1	1	0
248	4	.	1	0
248	5	0	.	2
249	1	2	.	4
249	2	2	1	.
249	3	3	.	3
249	4	5	4	7
249	5	4	3	.
250	1	.	4	4
250	2	.	2	2
250	3	.	3	3
250	4	6	5	7
250	5	4	3	6
251	1	2	2	2
251	2	5	3	7
251	3	3	3	7
251	4	2	1	3
251	5	4	3	5
252	1	5	.	9
252	2	3	3	5
252	3	3	3	4
252	4	1	1	4
252	5	4	4	3
253	1	1	2	.
253	2	3	0	1
253	3	2	4	5
253	4	0	3	3
253	5	8	4	8
254	1	1	3	4
254	2	4	2	6
254	3	5	4	5
254	4	6	4	6
254	5	3	1	4
255	1	4	4	6
255	2	7	4	8
255	3	8	6	9
255	4	5	6	9
255	5	.	3	4
256	1	.	3	7
256	2	6	3	6
256	3	4	.	4
256	4	3	2	2
256	5	3	1	3
257	1	7	4	.
257	2	3	4	6
257	3	6	5	5
257	4	4	3	5
257	5	5	4	10
258	1	7	5	9
258	2	4	4	8
258	3	6	5	7
258	4	3	3	.
258	5	7	4	4
259	1	5	2	6
259	2	4	2	3
259	3	5	4	8
259	4	0	2	2
259	5	4	3	4
260	1	.	0	1
260	2	0	1	2
260	3	2	1	.
260	4	2	.	1
260	5	1	0	0
261	1	2	2	1
261	2	3	1	3
261	3	3	.	.
261	4	5	2	4
261	5	5	3	9
262	1	5	4	3
262	2	3	3	5
262	3	3	1	5
262	4	2	2	3
262	5	1	1	0
263	1	2	3	.
263	2	3	3	2
263	3	3	5	5
263	4	3	.	3
263	5	2	3	4
264	1	6	5	7
264	2	4	4	8
264	3	6	5	.
264	4	4	5	7
264	5	7	5	8
265	1	6	3	6
265	2	9	.	11
265	3	.	.	8
265	4	5	4	7
265	5	6	6	8
266	1	7	4	9
266	2	4	4	5
266	3	7	6	9
266	4	4	4	8
266	5	7	4	10
267	1	.	3	.
267	2	0	2	4
267	3	0	2	0
267	4	.	2	5
267	5	.	2	5
268	1	2	2	3
268	2	0	0	0
268	3	.	.	4
268	4	3	3	4
268	5	1	0	-1
269	1	4	3	5
269	2	2	1	3
269	3	2	2	4
269	4	4	.	4
269	5	4	3	6
270	1	1	2	3
270	2	.	3	4
270	3	2	3	5
270	4	.	2	6
270	5	2	3	3
271	1	.	3	0
271	2	7	5	9
271	3	9	5	9
271	4	6	2	6
271	5	6	3	7
272	1	6	4	5
272	2	7	5	8
272	3	6	5	8
272	4	3	5	7
272	5	1	2	1
273	1	5	5	5
273	2	.	3	5
273	3	1	2	.
273	4	4	4	6
273	5	.	4	5
274	1	.	2	4
274	2	0	1	1
274	3	1	2	2
274	4	4	2	5
274	5	3	3	5
275	1	6	4	6
275	2	6	6	8
275	3	6	.	7
275	4	5	3	5
275	5	.	5	8
276	1	8	4	4
276	2	6	5	.
276	3	3	1	1
276	4	.	.	5
276	5	2	3	5
277	1	2	3	6
277	2	1	3	2
277	3	6	3	.
277	4	4	3	2
277	5	5	3	5
278	1	5	4	7
278	2	5	4	6
278	3	1	2	2
278	4	4	5	8
278	5	.	2	4
279	1	2	3	4
279	2	.	4	9
279	3	6	4	7
279	4	5	3	5
279	5	7	5	8
280	1	0	3	1
280	2	4	3	5
280	3	3	3	5
280	4	3	3	6
280	5	3	2	6
281	1	3	1	5
281	2	0	1	0
281	3	1	1	1
281	4	2	2	4
281	5	4	0	.
282	1	0	2	1
282	2	.	5	6
282	3	2	3	.
282	4	3	4	6
282	5	9	5	8
283	1	7	5	10
283	2	3	4	3
283	3	5	4	6
283	4	5	3	3
283	5	5	2	7
284	1	4	3	8
284	2	4	.	6
284	3	2	2	1
284	4	.	3	3
284	5	3	3	8
285	1	1	0	2
285	2	7	2	8
285	3	3	1	4
285	4	4	3	4
285	5	4	3	4
286	1	6	3	7
286	2	5	3	5
286	3	4	2	.
286	4	5	4	6
286	5	3	2	3
287	1	.	3	4
287	2	6	3	10
287	3	5	4	6
287	4	3	3	0
287	5	4	3	6
288	1	4	2	2
288	2	5	4	6
288	3	6	6	10
288	4	4	4	3
288	5	2	4	4
289	1	6	3	7
289	2	1	.	2
289	3	4	3	8
289	4	4	3	6
289	5	4	3	.
290	1	3	3	8
290	2	4	3	7
290	3	1	3	4
290	4	2	2	.
290	5	6	6	8
291	1	5	4	7
291	2	6	5	7
291	3	4	4	6
291	4	4	5	6
291	5	.	5	9
292	1	5	4	6
292	2	4	4	3
292	3	3	4	9
292	4	.	.	6
292	5	6	5	8
293	1	4	3	4
293	2	10	6	12
293	3	3	4	.
293	4	6	3	12
293	5	1	3	2
294	1	5	.	7
294	2	4	3	7
294	3	.	1	0
294	4	2	1	3
294	5	3	3	4
295	1	8	6	12
295	2	4	.	7
295	3	6	6	7
295	4	8	7	12
295	5	3	4	5
296	1	.	4	7
296	2	5	3	5
296	3	1	2	3
296	4	2	4	4
296	5	6	4	7
297	1	7	6	7
297	2	9	6	10
297	3	6	4	6
297	4	4	3	5
297	5	5	6	12
298	1	.	.	2
298	2	0	1	1
298	3	4	.	4
298	4	3	2	2
298	5	4	3	6
299	1	1	3	4
299	2	.	3	5
299	3	4	3	5
299	4	2	.	4
299	5	1	2	2
300	1	5	3	.
300	2	6	.	8
300	3	6	.	5
300	4	6	4	9
300	5	4	4	4
301	1	3	1	2
301	2	2	3	4
301	3	3	.	2
301	4	3	3	5
301	5	3	3	4
302	1	3	2	4
302	2	1	1	0
302	3	1	2	2
302	4	6	4	6
302	5	0	2	3
303	1	1	1	1
303	2	.	2	2
303	3	.	2	.
303	4	3	.	.
303	5	.	2	3
304	1	3	2	7
304	2	1	0	4
304	3	2	3	.
304	4	2	1	1
304	5	2	2	.
305	1	4	1	5
305	2	4	3	9
305	3	6	6	8
305	4	2	.	4
305	5	3	.	4
306	1	6	3	4
306	2	5	.	.
306	3	5	4	7
306	4	6	4	7
306	5	3	3	2
307	1	0	0	-1
307	2	-1	0	.
307	3	1	1	2
307	4	1	1	2
307	5	0	0	0
308	1	3	4	7
308	2	4	4	4
308	3	7	5	8
308	4	6	6	7
308	5	4	3	.
309	1	5	5	.
309	2	6	5	7
309	3	4	3	2
309	4	6	4	4
309	5	5	4	10
310	1	7	.	7
310	2	5	6	8
310	3	5	5	.
310	4	7	4	.
310	5	5	5	5
311	1	5	5	5
311	2	6	5	6
311	3	6	5	.
311	4	7	5	9
311	5	5	6	7
312	1	3	4	6
312	2	4	3	8
312	3	5	.	7
312	4	.	6	7
312	5	5	3	8
313	1	.	1	.
313	2	.	0	0
313	3	3	2	4
313	4	0	1	1
313	5	2	1	1
314	1	2	1	1
314	2	2	2	4
314	3	3	3	.
314	4	0	1	1
314	5	1	2	2
315	1	4	2	3
315	2	.	2	2
315	3	0	.	4
315	4	2	1	2
315	5	4	.	3
316	1	1	3	1
316	2	7	4	7
316	3	1	1	2
316	4	4	3	5
316	5	5	2	4
317	1	2	.	.
317	2	.	1	3
317	3	1	2	6
317	4	2	3	4
317	5	.	3	4
318	1	-1	0	-1
318	2	0	0	0
318	3	3	1	2
318	4	1	0	0
318	5	.	2	3
319	1	7	6	10
319	2	5	4	6
319	3	3	5	4
319	4	5	3	8
319	5	6	6	4
320	1	3	3	6
320	2	2	4	5
320	3	6	3	5
320	4	6	4	7
320	5	6	4	5
321	1	4	3	3
321	2	5	3	.
321	3	4	3	5
321	4	5	2	.
321	5	3	5	5
322	1	3	4	5
322	2	5	5	.
322	3	5	3	6
322	4	6	4	8
322	5	7	4	8
323	1	1	.	1
323	2	0	1	1
323	3	0	1	2
323	4	.	1	5
323	5	3	3	5
324	1	.	4	3
324	2	5	3	6
324	3	4	4	8
324	4	5	.	3
324	5	4	4	7
325	1	3	3	2
325	2	2	2	2
325	3	.	2	7
325	4	5	3	5
325	5	5	4	7
326	1	5	.	8
326	2	4	4	4
326	3	6	3	7
326	4	4	4	.
326	5	5	3	6
327	1	4	3	2
327	2	2	1	4
327	3	5	2	.
327	4	5	.	8
327	5	0	2	1
328	1	4	3	8
328	2	6	3	6
328	3	6	4	.
328	4	5	4	6
328	5	2	2	1
329	1	5	4	6
329	2	3	4	2
329	3	0	3	.
329	4	4	3	8
329	5	7	.	6
330	1	2	2	4
330	2	3	2	3
330	3	4	2	6
330	4	2	3	5
330	5	3	2	3
331	1	.	4	5
331	2	7	6	9
331	3	5	5	8
331	4	.	4	11
331	5	6	5	8
332	1	1	2	3
332	2	0	1	2
332	3	1	0	2
332	4	0	1	2
332	5	3	2	4
333	1	1	.	4
333	2	3	2	5
333	3	.	1	1
333	4	3	2	3
333	5	.	3	4
334	1	5	4	6
334	2	7	6	7
334	3	6	.	7
334	4	5	.	.
334	5	.	5	8
335	1	3	4	4
335	2	3	1	3
335	3	3	3	.
335	4	3	2	2
335	5	2	3	0
336	1	0	0	1
336	2	1	0	1
336	3	.	2	0
336	4	1	2	4
336	5	.	0	0
337	1	3	3	3
337	2	0	.	3
337	3	1	.	3
337	4	4	2	5
337	5	1	1	0
338	1	2	1	.
338	2	1	2	1
338	3	4	.	6
338	4	2	1	3
338	5	.	3	6
339	1	4	4	6
339	2	4	4	5
339	3	5	4	5
339	4	6	5	7
339	5	7	4	6
340	1	3	3	8
340	2	.	2	3
340	3	3	3	1
340	4	4	2	5
340	5	5	3	5
341	1	9	6	11
341	2	5	4	3
341	3	2	4	.
341	4	5	4	9
341	5	5	4	7
342	1	3	.	6
342	2	.	4	9
342	3	4	4	6
342	4	3	3	.
342	5	6	4	7
343	1	5	5	8
343	2	7	6	6
343	3	5	4	5
343	4	8	6	11
343	5	.	5	10
344	1	3	.	5
344	2	5	3	5
344	3	1	2	2
344	4	3	3	7
344	5	4	4	7
345	1	3	.	5
345	2	5	3	.
345	3	2	3	3
345	4	0	0	0
345	5	1	3	3
346	1	2	2	3
346	2	5	2	4
346	3	.	2	1
346	4	2	1	2
346	5	1	1	0
347	1	2	3	1
347	2	2	4	4
347	3	6	5	7
347	4	4	4	6
347	5	4	.	5
348	1	4	3	8
348	2	1	3	2
348	3	4	.	5
348	4	3	3	.
348	5	3	1	1
349	1	-1	2	2
349	2	3	2	.
349	3	2	.	.
349	4	1	2	2
349	5	0	0	0
350	1	1	1	0
350	2	5	2	.
350	3	3	3	4
350	4	3	4	5
350	5	3	.	4
351	1	3	4	4
351	2	.	.	4
351	3	3	4	3
351	4	.	3	4
351	5	6	4	7
352	1	.	1	3
352	2	0	.	0
352	3	1	.	0
352	4	0	0	.
352	5	2	2	0
353	1	2	3	4
353	2	3	2	2
353	3	2	2	.
353	4	2	.	2
353	5	3	2	6
354	1	4	3	6
354	2	.	4	5
354	3	4	2	4
354	4	2	2	0
354	5	6	4	4
355	1	2	3	4
355	2	1	3	3
355	3	5	.	3
355	4	0	2	1
355	5	4	2	.
356	1	4	4	5
356	2	2	3	3
356	3	2	4	4
356	4	5	.	6
356	5	5	3	6
357	1	2	4	3
357	2	3	3	6
357	3	0	1	2
357	4	5	3	4
357	5	.	3	4
358	1	2	3	3
358	2	4	3	7
358	3	.	3	8
358	4	4	2	7
358	5	5	4	5
359	1	-1	0	-1
359	2	0	0	0
359	3	2	.	.
359	4	.	0	-1
359	5	-1	1	0
360	1	.	6	10
360	2	8	6	12
360	3	6	5	9
360	4	7	6	.
360	5	6	6	8
361	1	3	3	7
361	2	3	3	3
361	3	2	3	3
361	4	4	.	5
361	5	2	2	6
362	1	6	4	8
362	2	6	5	9
362	3	8	6	10
362	4	.	3	3
362	5	0	2	.
363	1	3	4	6
363	2	7	4	5
363	3	5	5	6
363	4	2	3	3
363	5	2	3	1
364	1	5	5	4
364	2	6	4	7
364	3	7	5	11
364	4	7	5	7
364	5	3	5	3
365	1	3	4	4
365	2	2	.	4
365	3	6	4	6
365	4	5	4	8
365	5	6	3	6
366	1	.	1	0
366	2	5	3	7
366	3	4	2	.
366	4	4	4	7
366	5	4	.	6
367	1	7	3	6
367	2	4	4	.
367	3	5	3	.
367	4	2	3	5
367	5	3	3	3
368	1	2	1	2
368	2	3	2	4
368	3	1	2	2
368	4	2	1	1
368	5	2	2	3
369	1	.	3	5
369	2	.	3	6
369	3	.	2	3
369	4	6	5	.
369	5	5	4	9
370	1	3	2	3
370	2	3	3	.
370	3	2	1	2
370	4	1	.	3
370	5	0	1	1
371	1	4	5	7
371	2	8	7	10
371	3	8	4	9
371	4	6	4	7
371	5	8	5	.
372	1	0	3	2
372	2	1	2	3
372	3	0	.	0
372	4	2	1	1
372	5	1	0	1
373	1	.	2	.
373	2	4	4	3
373	3	4	.	8
373	4	3	.	3
373	5	1	1	1
374	1	5	4	8
374	2	9	5	11
374	3	4	3	3
374	4	6	5	10
374	5	6	3	5
375	1	5	2	5
375	2	2	4	6
375	3	4	3	6
375	4	8	6	9
375	5	6	3	6
376	1	.	3	4
376	2	.	3	6
376	3	5	3	8
376	4	.	2	4
376	5	1	3	0
377	1	0	1	2
377	2	0	1	0
377	3	-3	0	0
377	4	2	3	6
377	5	2	1	1
378	1	5	3	7
378	2	6	4	7
378	3	3	3	6
378	4	3	3	5
378	5	3	.	4
379	1	5	2	6
379	2	4	3	2
379	3	.	.	5
379	4	4	3	6
379	5	3	2	5
380	1	1	1	0
380	2	0	1	3
380	3	4	2	2
380	4	3	2	2
380	5	1	3	1
381	1	4	3	3
381	2	2	3	.
381	3	3	.	3
381	4	3	3	3
381	5	5	3	6
382	1	2	4	4
382	2	1	2	2
382	3	1	2	2
382	4	3	5	.
382	5	3	3	.
383	1	.	2	1
383	2	2	2	4
383	3	.	.	6
383	4	.	5	8
383	5	1	2	0
384	1	2	1	.
384	2	2	0	1
384	3	.	2	3
384	4	1	.	3
384	5	3	2	3
385	1	2	2	5
385	2	3	3	6
385	3	4	3	4
385	4	4	.	5
385	5	6	4	.
386	1	5	3	6
386	2	.	5	7
386	3	4	.	8
386	4	3	5	4
386	5	6	.	8
387	1	3	4	3
387	2	8	5	10
387	3	4	3	6
387	4	.	3	6
387	5	2	4	3
388	1	5	3	5
388	2	4	2	3
388	3	2	.	3
388	4	2	3	1
388	5	0	0	1
389	1	1	2	.
389	2	5	3	6
389	3	1	2	4
389	4	3	3	5
389	5	3	.	5
390	1	6	4	4
390	2	3	3	.
390	3	1	2	4
390	4	5	5	4
390	5	3	5	6
391	1	4	2	4
391	2	3	2	8
391	3	2	4	5
391	4	.	2	1
391	5	4	2	5
392	1	0	0	2
392	2	.	0	1
392	3	0	0	0
392	4	.	1	0
392	5	0	0	.
393	1	4	5	9
393	2	6	4	5
393	3	4	3	5
393	4	5	4	7
393	5	3	4	7
394	1	2	.	4
394	2	2	2	7
394	3	4	2	4
394	4	5	2	3
394	5	1	2	4
395	1	0	.	.
395	2	.	3	1
395	3	5	3	.
395	4	.	2	2
395	5	0	1	0
396	1	5	6	11
396	2	7	5	8
396	3	6	5	7
396	4	6	.	5
396	5	.	5	10
397	1	4	4	.
397	2	2	2	3
397	3	2	1	4
397	4	2	1	0
397	5	1	1	1
398	1	4	6	11
398	2	.	4	8
398	3	3	3	6
398	4	.	3	5
398	5	1	.	5
399	1	4	3	6
399	2	2	2	3
399	3	1	2	0
399	4	1	3	6
399	5	0	2	0
400	1	3	2	4
400	2	7	3	6
400	3	3	3	3
400	4	6	3	8
400	5	4	2	4
401	1	2	3	6
401	2	5	4	5
401	3	1	2	4
401	4	4	.	3
401	5	.	3	6
402	1	2	0	3
402	2	2	1	4
402	3	3	2	4
402	4	0	1	0
402	5	4	2	5
403	1	5	3	7
403	2	5	2	5
403	3	4	3	.
403	4	2	1	1
403	5	2	.	3
404	1	3	3	5
404	2	3	3	5
404	3	2	2	4
404	4	7	.	4
404	5	3	2	5
405	1	.	5	8
405	2	7	5	12
405	3	3	4	7
405	4	5	4	8
405	5	2	3	5
406	1	0	1	0
406	2	4	2	.
406	3	0	0	.
406	4	.	2	1
406	5	-1	1	0
407	1	2	3	4
407	2	3	2	3
407	3	2	1	1
407	4	0	.	4
407	5	2	3	.
408	1	5	5	7
408	2	4	5	6
408	3	3	3	7
408	4	.	6	7
408	5	8	.	9
409	1	1	0	0
409	2	5	3	5
409	3	.	1	0
409	4	3	1	4
409	5	0	2	3
410	1	3	2	4
410	2	6	.	6
410	3	2	.	7
410	4	6	1	5
410	5	0	2	.
411	1	2	3	8
411	2	5	3	5
411	3	6	4	8
411	4	3	2	.
411	5	6	4	8
412	1	1	.	3
412	2	7	6	8
412	3	4	3	4
412	4	4	3	6
412	5	5	3	6
413	1	3	3	3
413	2	.	.	8
413	3	5	4	8
413	4	6	4	6
413	5	7	5	6
414	1	4	3	.
414	2	5	3	6
414	3	4	3	6
414	4	3	2	5
414	5	4	3	5
415	1	4	3	4
415	2	5	3	7
415	3	2	2	2
415	4	4	3	4
415	5	1	2	2
416	1	1	1	3
416	2	0	0	2
416	3	3	1	2
416	4	.	.	1
416	5	0	0	0
417	1	6	4	5
417	2	4	3	5
417	3	4	.	6
417	4	4	.	5
417	5	5	4	5
418	1	3	3	5
418	2	2	2	1
418	3	2	3	4
418	4	.	4	5
418	5	5	5	8
419	1	4	2	5
419	2	.	.	3
419	3	9	5	9
419	4	.	3	6
419	5	8	4	10
420	1	5	4	6
420	2	3	2	1
420	3	3	1	4
420	4	0	1	0
420	5	4	1	2
421	1	9	7	11
421	2	.	5	6
421	3	5	5	6
421	4	8	5	11
421	5	4	4	6
422	1	6	.	8
422	2	6	3	7
422	3	.	3	2
422	4	4	4	6
422	5	3	4	5
423	1	0	2	.
423	2	4	3	6
423	3	2	3	4
423	4	1	3	4
423	5	4	2	5
424	1	6	4	.
424	2	9	5	9
424	3	0	.	.
424	4	5	4	11
424	5	4	4	5
425	1	5	3	3
425	2	3	2	4
425	3	.	.	5
425	4	1	1	1
425	5	2	4	4
426	1	4	3	5
426	2	4	3	7
426	3	2	2	2
426	4	5	4	7
426	5	3	2	2
427	1	5	6	8
427	2	5	5	8
427	3	4	5	4
427	4	4	5	7
427	5	9	7	8
428	1	6	5	6
428	2	7	4	7
428	3	.	3	4
428	4	3	2	6
428	5	4	.	4
429	1	4	4	.
429	2	5	5	9
429	3	6	4	5
429	4	4	3	6
429	5	8	6	7
430	1	0	0	0
430	2	1	1	2
430	3	0	1	1
430	4	1	0	1
430	5	2	2	3
431	1	3	3	5
431	2	2	2	4
431	3	6	2	8
431	4	4	4	7
431	5	.	3	5
432	1	4	2	6
432	2	6	4	5
432	3	6	.	9
432	4	5	4	6
432	5	4	4	.
433	1	6	4	5
433	2	3	3	4
433	3	5	4	7
433	4	5	4	6
433	5	2	2	3
434	1	1	2	.
434	2	3	2	4
434	3	3	4	6
434	4	4	2	.
434	5	0	0	1
435	1	4	3	5
435	2	2	1	1
435	3	3	1	.
435	4	3	.	2
435	5	2	2	5
436	1	4	2	5
436	2	1	2	1
436	3	2	2	4
436	4	2	3	5
436	5	4	1	4
437	1	3	4	5
437	2	.	4	3
437	3	4	4	6
437	4	2	4	3
437	5	6	4	7
438	1	.	2	2
438	2	5	4	3
438	3	2	3	.
438	4	0	3	.
438	5	.	.	5
439	1	.	1	3
439	2	3	1	3
439	3	1	1	0
439	4	0	0	.
439	5	0	0	0
440	1	.	6	.
440	2	1	2	.
440	3	7	5	7
440	4	6	4	8
440	5	4	4	5
441	1	0	0	.
441	2	1	.	2
441	3	0	0	1
441	4	0	1	3
441	5	0	2	0
442	1	4	2	6
442	2	4	4	7
442	3	1	2	7
442	4	2	3	5
442	5	5	5	4
443	1	2	3	5
443	2	2	.	4
443	3	3	.	3
443	4	4	3	6
443	5	4	3	6
444	1	4	.	6
444	2	5	4	.
444	3	2	2	6
444	4	5	4	8
444	5	2	.	4
445	1	5	3	9
445	2	5	3	5
445	3	1	1	3
445	4	3	1	6
445	5	0	1	0
446	1	5	3	7
446	2	1	3	4
446	3	5	3	4
446	4	2	3	3
446	5	3	2	3
447	1	7	4	8
447	2	4	.	8
447	3	.	3	8
447	4	3	3	5
447	5	6	4	7
448	1	5	4	10
448	2	6	5	8
448	3	.	4	8
448	4	5	4	7
448	5	4	3	6
449	1	0	0	0
449	2	0	1	1
449	3	0	1	1
449	4	3	2	.
449	5	-2	0	-2
450	1	.	0	1
450	2	3	0	2
450	3	-1	0	.
450	4	4	.	6
450	5	1	0	3
451	1	3	4	4
451	2	4	4	7
451	3	.	6	.
451	4	7	.	12
451	5	5	.	7
452	1	6	5	6
452	2	4	.	5
452	3	8	5	.
452	4	5	4	7
452	5	2	3	4
453	1	3	3	6
453	2	.	3	4
453	3	3	3	.
453	4	5	5	6
453	5	3	3	3
454	1	.	5	7
454	2	5	4	.
454	3	6	4	9
454	4	5	4	7
454	5	5	5	9
455	1	4	5	7
455	2	1	3	3
455	3	6	4	7
455	4	7	5	9
455	5	.	3	5
456	1	1	1	3
456	2	3	0	2
456	3	0	0	.
456	4	0	0	0
456	5	.	0	0
457	1	4	4	3
457	2	4	5	8
457	3	6	5	8
457	4	7	4	9
457	5	4	3	4
458	1	6	5	9
458	2	4	3	.
458	3	0	2	2
458	4	5	2	6
458	5	.	2	5
459	1	5	3	6
459	2	4	4	4
459	3	3	3	4
459	4	5	4	3
459	5	3	4	6
460	1	2	2	.
460	2	3	2	5
460	3	5	.	5
460	4	2	2	6
460	5	2	2	.
461	1	5	5	7
461	2	3	3	3
461	3	3	3	4
461	4	7	5	12
461	5	.	5	5
462	1	4	3	3
462	2	2	2	4
462	3	5	3	6
462	4	3	3	6
462	5	3	2	2
463	1	.	3	7
463	2	2	3	4
463	3	4	.	.
463	4	6	4	7
463	5	5	6	10
464	1	.	0	4
464	2	3	2	6
464	3	3	3	1
464	4	2	2	1
464	5	4	5	5
465	1	1	2	3
465	2	1	0	0
465	3	2	1	1
465	4	.	1	1
465	5	2	2	3
466	1	8	.	12
466	2	4	5	5
466	3	5	4	8
466	4	8	4	6
466	5	10	6	12
467	1	1	1	3
467	2	.	4	3
467	3	2	.	5
467	4	4	3	5
467	5	3	3	4
468	1	5	4	5
468	2	5	6	10
468	3	5	6	.
468	4	10	6	14
468	5	7	5	9
469	1	2	2	2
469	2	2	2	3
469	3	5	4	6
469	4	2	3	.
469	5	.	5	6
470	1	.	4	8
470	2	6	3	7
470	3	4	5	5
470	4	5	4	4
470	5	3	4	3
471	1	10	5	9
471	2	7	8	10
471	3	6	6	11
471	4	7	6	11
471	5	10	.	14
472	1	.	4	.
472	2	3	.	3
472	3	5	3	6
472	4	1	2	3
472	5	5	2	4
473	1	0	1	.
473	2	2	1	2
473	3	1	2	4
473	4	2	2	4
473	5	1	1	2
474	1	.	3	2
474	2	1	1	3
474	3	3	.	5
474	4	7	3	8
474	5	0	2	4
475	1	.	3	8
475	2	2	3	2
475	3	3	.	8
475	4	0	.	2
475	5	2	2	3
476	1	4	4	6
476	2	.	3	.
476	3	.	3	5
476	4	2	.	5
476	5	0	3	1
477	1	4	3	5
477	2	5	5	.
477	3	8	7	11
477	4	7	5	10
477	5	6	3	6
478	1	1	2	.
478	2	3	2	3
478	3	3	4	4
478	4	4	4	6
478	5	1	2	4
479	1	3	2	6
479	2	5	3	7
479	3	3	2	3
479	4	3	3	3
479	5	6	3	2
480	1	3	2	6
480	2	6	4	5
480	3	2	2	6
480	4	6	3	7
480	5	1	1	3
481	1	1	2	3
481	2	2	1	0
481	3	7	2	7
481	4	4	3	7
481	5	.	3	5
482	1	4	.	.
482	2	6	4	8
482	3	6	4	8
482	4	3	3	4
482	5	3	1	3
483	1	6	6	11
483	2	6	6	8
483	3	5	4	6
483	4	4	.	8
483	5	4	0	4
484	1	2	1	3
484	2	3	.	.
484	3	4	1	4
484	4	4	2	2
484	5	4	3	8
485	1	5	4	9
485	2	3	3	4
485	3	5	3	7
485	4	5	4	9
485	5	6	5	6
486	1	5	3	5
486	2	.	4	4
486	3	6	3	.
486	4	1	2	2
486	5	3	2	4
487	1	8	5	9
487	2	3	3	5
487	3	4	4	5
487	4	3	3	6
487	5	5	3	6
488	1	0	0	-1
488	2	3	3	3
488	3	2	1	0
488	4	1	2	5
488	5	4	3	4
489	1	9	7	10
489	2	5	3	8
489	3	.	4	7
489	4	.	7	11
489	5	5	5	9
490	1	4	2	.
490	2	6	3	4
490	3	3	2	6
490	4	6	3	5
490	5	3	3	2
491	1	3	4	3
491	2	6	5	6
491	3	2	3	2
491	4	6	4	5
491	5	2	3	6
492	1	6	.	.
492	2	5	3	6
492	3	5	4	5
492	4	7	5	11
492	5	6	6	9
493	1	6	4	.
493	2	4	5	7
493	3	4	4	.
493	4	9	6	.
493	5	1	4	7
494	1	1	2	2
494	2	0	.	1
494	3	2	2	4
494	4	1	1	4
494	5	.	2	4
495	1	6	3	4
495	2	.	2	.
495	3	7	4	.
495	4	2	.	-1
495	5	6	4	5
496	1	3	.	3
496	2	1	1	0
496	3	2	1	4
496	4	2	3	4
496	5	3	.	5
497	1	1	1	0
497	2	8	.	11
497	3	9	4	9
497	4	4	3	4
497	5	4	2	5
498	1	3	3	5
498	2	5	2	4
498	3	6	4	6
498	4	3	2	5
498	5	2	3	6
499	1	5	4	6
499	2	0	2	0
499	3	3	5	.
499	4	6	2	7
499	5	.	3	4
500	1	6	4	.
500	2	4	3	5
500	3	4	2	6
500	4	5	5	9
500	5	5	4	6
