1	1	2	2	2	2	1	5	2	6	4	2	5	0	3	1	2	2	3	3	1	2	1	1	1	3	3	5	2	2	3	4	1	5	3	1	3	4	4	7	3	2	5	2	1	0	2	1	3	4	0	5	1	2	3	1	1	2	2	2	4	5	2	4	3	2	2	2	1	3	2	2	2	4	4	6	7	2	4	3	3	4	2	2	4	4	4	4	2	1	2
2	4	3	5	1	3	2	2	1	1	3	3	4	4	4	7	4	3	6	3	3	7	4	2	6	2	3	6	1	2	4	4	3	6	3	3	3	4	3	4	2	1	2	4	3	6	3	2	4	3	2	3	5	3	5	6	5	10	3	2	3	5	2	6	2	2	0	6	3	5	6	3	5	6	3	9	3	1	2	5	3	4	2	4	2	3	1	3	1	2	4
3	5	3	5	6	5	7	5	4	5	8	6	9	4	4	6	5	5	7	7	6	9	6	6	9	4	3	10	5	4	8	5	5	9	4	3	5	6	3	5	6	5	8	5	4	6	8	6	10	6	5	8	7	4	7	4	4	6	4	4	6	6	6	6	5	6	8	3	3	3	7	4	6	5	4	7	7	5	5	8	4	4	5	4	5	5	5	9	5	4	5
4	0	0	0	3	3	4	5	4	7	3	4	6	3	4	6	1	2	0	3	4	6	0	2	4	3	4	8	7	5	11	5	3	7	4	3	5	5	3	3	0	3	0	7	3	8	4	2	5	3	3	3	3	2	2	3	3	5	1	2	5	2	4	6	2	2	4	4	4	7	3	2	5	5	5	8	0	1	0	4	2	4	3	3	4	1	2	3	5	3	8
5	1	3	0	4	4	4	6	4	7	4	3	5	3	2	3	7	4	7	3	3	6	2	3	3	2	3	2	8	5	8	3	3	6	0	2	1	4	5	5	3	3	5	1	3	2	1	1	1	3	3	4	8	4	7	5	3	8	2	2	4	2	2	4	3	3	5	5	3	3	5	4	4	2	3	4	5	4	7	2	3	5	3	3	4	5	4	5	6	4	6
6	4	3	4	6	6	6	7	5	8	4	4	3	4	5	8	5	6	7	7	5	12	7	6	8	7	4	9	5	4	9	6	5	8	8	5	10	8	5	11	5	5	7	3	5	2	6	3	8	6	5	6	5	4	8	7	6	10	8	5	10	6	5	8	5	5	7	5	5	8	4	4	7	5	5	8	4	3	3	5	3	7	5	4	6	5	4	5	3	5	7
7	7	3	6	5	5	7	3	4	4	2	4	5	2	4	5	5	2	5	5	2	4	3	3	5	2	3	4	0	3	3	4	2	5	6	4	5	6	5	10	3	2	2	3	4	2	6	4	10	2	4	4	3	3	5	3	2	7	2	2	3	1	3	2	2	2	2	2	4	2	4	4	3	2	1	4	4	5	7	5	2	4	3	1	3	5	2	7	6	4	7
8	3	3	6	2	1	2	1	1	3	1	2	0	1	1	5	5	3	5	3	2	4	3	2	0	4	2	2	1	0	4	1	0	3	0	0	0	4	1	3	0	1	3	2	1	5	2	1	3	3	2	4	0	2	3	1	1	1	3	3	4	6	4	4	3	4	4	0	0	-2	4	3	5	1	2	0	2	1	3	2	2	5	1	3	4	2	1	5	2	2	3
9	3	2	5	4	3	7	6	5	7	4	1	6	3	3	5	0	0	0	6	4	8	3	3	3	5	5	6	2	2	5	4	3	8	2	1	1	3	2	5	3	2	2	3	2	4	2	3	4	3	3	4	2	2	3	0	1	0	2	1	2	3	2	4	3	3	3	1	2	6	1	2	0	4	4	5	3	3	5	5	3	7	4	2	4	2	1	0	5	3	6
10	1	0	3	1	1	4	5	2	5	0	1	1	4	3	2	6	2	7	2	3	3	4	2	3	3	2	5	3	2	4	3	4	7	4	2	4	2	3	4	1	3	3	0	1	2	1	2	4	4	3	4	0	1	0	1	2	1	3	2	5	2	3	7	2	2	1	4	3	4	1	2	7	3	2	3	3	3	3	2	2	5	2	3	5	3	3	4	3	3	7
11	6	4	7	4	3	6	7	5	9	7	6	8	5	5	9	4	4	8	6	5	7	7	5	11	5	5	7	4	5	8	3	1	1	2	2	3	6	5	9	7	4	7	6	4	9	7	4	8	4	5	6	6	5	10	5	3	5	3	3	7	5	4	5	8	5	7	5	4	6	6	5	6	5	4	5	5	4	6	6	4	7	2	3	3	3	3	5	4	3	7
12	6	3	7	2	2	2	5	4	10	6	4	7	5	4	4	4	4	7	0	2	5	5	2	4	3	4	5	3	4	7	3	4	5	8	5	10	2	4	8	4	3	5	5	3	7	2	4	6	3	3	6	7	4	5	7	4	9	5	2	5	5	3	5	4	4	6	5	4	6	1	4	0	6	5	12	3	3	4	0	1	1	4	3	4	4	4	6	8	5	9
13	7	4	9	4	3	5	3	2	1	1	3	5	3	3	6	8	5	11	2	2	1	5	4	6	4	4	3	7	4	7	2	3	5	5	3	5	2	4	2	5	4	6	5	5	7	6	4	8	6	4	8	7	4	10	4	5	9	4	4	4	5	5	6	3	3	0	6	2	5	6	4	7	3	4	5	5	3	6	1	3	1	5	2	4	5	3	3	5	5	7
14	1	1	2	4	3	6	3	2	2	5	4	12	5	4	4	3	3	4	5	3	3	2	1	5	4	4	6	5	3	5	1	3	3	2	2	3	4	3	4	5	4	8	4	4	7	4	2	5	5	3	7	3	3	5	6	2	5	3	2	7	9	5	9	0	2	2	4	2	4	0	1	1	3	4	7	5	4	9	7	4	9	1	2	2	3	4	5	5	4	7
15	1	2	0	3	2	3	2	1	2	4	3	6	5	4	6	5	5	7	0	2	3	2	1	3	7	3	8	3	3	3	3	2	3	0	1	2	4	3	5	2	2	4	3	3	1	3	2	4	0	1	4	1	2	2	2	4	3	3	4	6	3	3	6	2	2	4	0	2	1	1	2	1	2	2	2	3	2	2	3	1	3	7	4	5	1	2	5	0	0	1
16	6	5	9	6	4	5	7	5	6	6	6	7	6	6	8	5	4	6	5	5	8	6	5	7	3	4	5	7	5	9	9	6	11	10	7	12	6	5	9	6	4	8	5	4	9	6	4	9	5	3	3	4	3	4	6	4	6	6	4	5	6	5	6	3	4	4	4	4	6	3	5	5	8	4	12	3	3	6	7	4	7	6	5	7	4	4	7	5	6	8
17	8	5	9	1	3	1	3	3	7	3	4	7	5	5	8	4	4	4	4	3	5	4	4	9	3	3	1	8	4	8	7	4	5	3	2	4	6	4	9	5	4	5	4	3	5	3	3	5	5	4	9	2	3	2	3	2	3	5	3	3	2	3	4	1	2	3	5	4	4	5	4	4	0	2	1	6	3	6	4	4	6	8	6	13	5	4	8	3	3	3
18	6	3	9	5	2	7	0	0	0	3	2	4	0	0	0	2	0	1	0	1	2	-1	0	0	3	0	2	2	3	7	1	0	1	0	0	2	4	3	5	3	0	3	-2	0	-1	0	2	0	4	2	5	2	1	5	2	2	3	0	2	4	2	0	-1	1	0	3	0	0	0	0	0	0	3	1	2	0	0	0	1	2	1	-1	2	5	0	1	1	3	1	7
19	2	2	4	6	5	8	2	5	7	4	4	5	4	4	5	3	3	5	2	3	2	4	2	4	8	5	8	5	3	7	4	5	5	4	4	7	5	4	7	3	4	3	7	4	9	5	4	7	3	3	3	4	4	6	6	4	8	5	4	6	6	4	7	6	4	3	8	5	6	7	3	7	4	3	5	3	4	2	2	4	4	4	4	8	6	4	5	8	5	11
20	2	3	6	3	2	3	4	1	3	2	2	1	3	4	3	3	3	4	3	3	5	2	2	4	2	4	3	2	3	2	4	4	7	5	3	4	4	3	5	1	1	2	4	3	4	2	3	2	4	1	3	5	4	7	2	3	5	0	0	2	7	3	9	0	0	1	4	2	5	4	3	6	1	1	3	3	2	2	4	3	7	2	4	8	3	2	4	3	2	4
21	2	3	3	4	1	3	1	1	2	0	1	-1	3	1	4	2	1	4	1	0	0	3	2	7	0	2	1	0	1	3	3	1	0	4	2	5	6	2	7	1	0	1	4	2	5	4	3	1	0	1	1	0	1	0	6	3	4	-1	0	-2	1	1	1	1	0	0	3	2	7	3	1	3	1	1	1	6	5	9	3	1	3	0	2	2	2	2	4	0	1	0
22	5	3	5	2	3	4	3	4	4	2	2	2	2	2	2	2	1	3	1	2	4	5	5	5	6	4	9	5	2	4	3	1	3	1	2	5	2	3	6	3	3	5	4	4	5	2	2	4	2	2	3	7	3	7	1	3	4	3	3	8	4	3	4	2	2	1	4	3	6	6	2	5	5	5	6	3	3	5	4	2	6	2	2	4	1	1	2	3	2	4
23	3	3	4	2	1	2	3	3	1	2	1	2	2	2	2	0	0	0	2	1	1	4	3	4	1	2	0	7	3	5	3	3	3	3	4	7	1	2	1	1	3	1	3	1	3	3	2	4	2	2	2	3	1	2	0	1	0	1	1	0	3	2	2	1	2	0	1	3	4	2	1	2	2	2	2	4	2	6	3	2	3	1	0	2	4	3	5	-1	0	0
24	1	1	3	5	4	6	3	4	7	3	3	5	2	2	0	3	2	5	2	3	2	5	2	8	1	1	3	4	3	2	4	2	5	1	3	0	5	2	5	2	2	4	2	2	4	5	2	3	-1	2	1	3	3	5	1	1	3	4	2	1	4	3	4	2	2	4	2	3	4	2	2	1	2	2	2	2	3	5	0	0	-1	1	3	0	1	1	3	2	0	1
25	5	3	3	3	2	2	1	1	0	3	2	3	2	3	5	5	3	6	0	0	0	6	3	5	3	2	5	2	3	5	1	1	2	5	3	7	1	2	4	1	1	1	4	2	5	-1	1	0	4	2	2	4	1	4	3	3	6	4	3	6	1	2	5	3	4	3	5	3	4	2	1	3	1	3	1	3	3	6	3	2	5	4	3	6	4	2	7	3	3	5
26	2	2	3	1	2	3	2	1	4	2	2	5	2	2	5	1	0	0	-2	1	1	2	0	2	1	1	1	0	0	0	3	2	3	2	1	4	2	0	0	0	0	1	0	1	2	3	2	6	1	1	3	3	2	4	1	0	2	3	3	2	2	2	5	2	2	2	1	1	2	2	0	3	0	2	0	2	1	2	1	2	3	3	1	3	1	0	2	0	1	4
27	2	3	7	4	5	6	5	4	5	1	3	1	2	2	4	4	3	5	5	3	6	2	1	3	1	2	3	3	3	5	7	4	8	5	5	7	3	4	6	5	5	11	5	4	5	5	4	6	5	3	5	3	3	4	5	3	6	5	3	9	4	4	5	4	4	5	2	4	3	5	4	6	6	5	7	5	4	6	2	2	4	7	4	7	3	4	3	2	4	6
28	6	3	6	4	2	3	5	4	5	4	1	4	2	2	4	4	4	9	2	1	4	1	4	3	5	4	8	3	2	6	3	4	4	0	1	1	6	4	9	10	5	10	4	3	4	3	3	7	5	4	6	2	3	6	2	3	6	3	2	1	2	2	2	6	4	7	3	3	5	3	3	4	3	4	5	1	2	1	4	3	6	1	2	2	3	4	3	3	4	4
29	1	2	2	4	3	6	1	1	0	1	1	1	0	0	1	1	1	1	0	1	1	2	2	4	0	1	2	2	3	0	1	0	4	2	1	3	0	1	1	3	3	3	3	1	7	4	3	7	1	1	2	0	1	2	1	2	1	2	2	2	3	2	5	3	2	1	4	4	5	2	2	4	1	1	0	2	2	5	3	3	4	3	2	5	2	1	2	1	1	1
30	5	4	6	6	5	4	7	4	10	3	3	7	5	3	5	6	5	7	2	3	2	4	4	7	5	4	4	7	4	8	5	5	6	7	4	8	5	5	7	7	4	7	4	5	9	3	3	4	7	4	8	3	5	7	5	5	9	5	5	4	5	5	6	5	4	3	7	4	9	9	7	10	6	5	10	3	3	5	4	4	8	6	5	10	5	4	6	5	3	8
31	2	4	3	4	2	7	7	5	7	4	4	4	5	4	5	4	6	9	6	3	6	8	4	8	1	2	4	3	3	7	5	4	7	5	4	5	1	2	4	4	3	7	6	4	8	6	3	7	5	3	6	5	3	4	4	4	7	5	4	6	4	3	6	6	4	5	4	3	5	5	4	7	3	4	3	5	5	8	3	4	7	6	5	7	3	3	6	5	3	4
32	3	2	7	1	2	1	2	4	3	4	1	4	0	1	0	4	4	5	0	1	1	2	3	5	2	3	5	1	3	5	3	3	4	6	4	6	3	1	3	5	5	5	4	3	6	1	1	2	2	1	1	1	2	2	4	4	4	4	3	4	5	4	6	3	3	6	3	3	5	5	2	6	3	2	5	3	3	4	5	4	7	5	3	6	5	3	7	3	2	5
33	3	4	5	5	5	8	5	4	7	6	5	8	5	4	8	3	3	7	4	4	7	5	5	8	4	4	6	4	3	5	5	4	6	4	2	6	3	4	4	4	4	7	2	3	6	2	3	5	7	5	7	4	4	5	2	2	1	6	2	7	8	6	8	5	5	8	7	3	6	7	3	8	5	3	5	7	4	9	5	3	3	6	3	5	8	5	12	5	4	8
34	6	4	7	2	3	4	4	3	4	8	7	9	3	3	5	4	4	8	6	3	7	7	5	6	6	4	10	4	4	6	3	3	4	4	3	5	3	4	4	5	5	8	6	4	8	7	6	9	4	4	7	4	4	5	7	4	8	7	5	8	3	3	5	4	5	3	6	4	8	7	4	10	3	2	6	6	4	6	5	3	4	6	5	9	6	4	7	5	3	4
35	6	4	6	4	3	5	4	3	7	5	3	6	5	4	5	4	3	8	7	6	8	2	2	5	3	5	7	5	3	5	6	4	8	5	5	7	5	5	6	3	4	6	4	3	5	8	5	7	5	4	5	5	3	7	6	3	8	5	6	6	7	5	7	5	3	7	5	5	7	7	6	10	6	4	6	7	4	10	5	4	9	5	4	7	4	3	2	3	4	8
36	3	4	7	3	2	5	3	2	5	6	6	10	7	4	7	4	3	3	5	5	6	4	3	3	3	3	3	6	4	8	4	4	9	6	5	6	4	2	6	5	4	7	3	4	4	1	4	6	7	2	9	5	3	6	4	4	6	3	2	5	5	3	8	3	1	5	4	3	5	4	4	6	2	2	4	5	4	9	6	4	6	5	5	8	4	4	5	3	3	5
37	3	4	5	6	3	8	3	4	4	5	4	8	4	3	5	5	4	4	2	4	6	3	3	4	6	4	9	5	4	5	3	2	3	4	3	6	4	4	5	3	2	3	4	4	5	6	3	4	3	3	5	8	5	8	2	1	1	8	5	9	4	3	7	5	5	8	5	3	4	2	3	5	2	2	4	4	3	6	7	6	9	7	4	8	6	4	6	5	6	7
38	5	3	6	5	4	5	4	4	5	1	3	2	3	4	5	2	1	1	3	2	4	3	3	8	5	4	5	2	3	3	2	3	4	9	4	11	4	3	5	4	6	8	3	2	6	4	2	4	4	2	7	6	2	7	3	4	4	6	3	7	1	2	0	4	2	1	1	2	2	3	4	8	3	3	6	2	4	3	6	4	6	4	4	5	2	3	2	6	2	4
39	1	3	1	1	3	2	6	3	6	3	3	6	6	3	6	4	2	4	-1	1	0	1	1	2	4	4	6	3	2	4	1	1	2	3	3	5	5	4	6	4	3	6	2	3	0	0	3	3	1	0	2	4	2	5	5	3	6	0	1	1	6	3	7	2	2	4	4	3	4	1	1	1	2	2	4	1	3	3	4	3	6	6	4	7	3	2	5	5	2	7
40	2	1	5	4	4	7	2	2	3	1	3	3	3	4	5	5	3	7	5	3	5	4	2	3	3	2	3	4	4	8	5	1	3	4	4	7	2	1	3	4	4	6	2	1	3	4	3	6	3	2	1	0	2	-2	2	3	3	3	2	4	3	3	5	0	1	1	1	0	0	5	4	8	2	2	3	6	2	5	0	2	4	3	2	2	3	2	4	3	3	5
41	2	2	4	1	3	5	0	0	-2	5	5	5	6	4	7	0	2	4	2	2	0	3	3	6	4	3	4	4	3	4	2	1	4	6	5	10	2	2	1	5	3	8	3	2	5	2	2	5	2	3	4	0	0	2	5	3	7	3	2	5	3	3	7	1	2	5	2	2	3	1	1	2	3	1	6	0	0	2	3	2	2	0	2	2	0	1	1	4	2	5
42	6	4	6	1	2	3	3	4	5	5	3	4	2	2	2	2	2	5	3	4	8	3	3	4	2	2	1	4	2	8	4	3	4	2	1	6	3	3	5	6	4	9	5	3	7	0	1	3	0	2	1	2	3	4	6	3	5	6	4	6	3	0	2	5	3	7	1	3	4	0	3	2	3	2	7	5	4	9	3	3	5	4	3	6	2	4	3	2	4	6
43	0	2	1	-1	1	2	2	1	4	3	1	1	4	2	6	1	0	1	1	2	4	2	2	2	3	2	5	2	1	4	3	2	3	0	1	2	5	4	8	4	2	4	0	0	0	4	2	6	3	3	5	1	1	4	2	2	4	3	1	2	2	2	3	1	2	3	1	2	2	0	0	0	1	2	3	3	2	5	3	2	3	4	4	7	0	1	2	1	1	4
44	6	6	10	5	6	7	10	6	12	5	6	8	7	5	10	6	6	9	5	6	8	6	6	8	6	6	9	4	5	8	5	4	6	6	4	8	7	6	5	9	7	10	9	6	12	7	6	8	6	5	9	5	6	11	7	5	11	4	3	8	8	5	10	4	5	6	8	5	10	6	5	7	7	5	5	6	6	10	6	5	6	7	7	12	7	6	8	9	5	10
45	5	3	6	6	7	7	5	4	9	5	4	7	7	5	8	7	5	8	5	4	5	8	6	11	4	3	7	7	4	8	4	5	7	5	5	4	3	3	2	4	3	3	7	4	7	6	4	9	5	3	2	8	6	10	7	5	9	3	4	5	4	4	9	3	3	4	5	5	6	6	4	8	5	5	10	5	4	3	4	5	3	3	5	5	5	4	5	4	3	5
46	-1	0	0	5	2	5	5	4	6	2	1	3	3	2	4	1	2	2	2	2	6	2	2	4	1	1	3	0	1	0	3	2	7	1	2	2	0	1	1	1	2	4	0	1	4	5	2	5	0	0	1	0	0	3	4	2	6	3	2	6	3	2	3	5	3	6	0	3	5	1	2	2	2	1	4	4	2	3	6	2	7	-2	1	2	1	2	4	2	2	3
47	5	2	5	0	2	3	4	4	5	3	2	1	6	4	4	6	3	5	6	2	8	1	1	1	3	4	4	2	2	2	2	0	1	6	4	8	4	3	6	2	2	4	3	4	6	1	2	5	6	2	4	4	3	2	2	1	3	3	3	4	6	3	7	2	2	5	3	2	5	3	3	6	2	2	5	0	1	0	5	3	5	2	3	2	0	2	3	5	3	10
48	7	3	8	1	1	2	4	3	5	2	2	3	5	3	3	6	4	7	3	2	4	0	1	3	1	1	2	3	2	6	-1	2	0	5	4	6	0	3	0	3	2	5	3	2	3	3	4	8	3	3	3	3	3	3	3	3	5	1	1	5	3	3	3	2	3	6	2	2	5	1	2	5	3	3	4	0	2	1	3	2	4	4	3	8	0	1	2	0	1	1
49	7	5	9	3	2	4	6	4	8	4	2	5	6	3	7	4	5	6	1	4	5	2	3	4	5	3	6	9	7	12	6	5	7	6	4	6	6	4	8	5	3	4	7	4	10	4	3	7	5	5	7	7	3	7	6	3	5	9	5	10	3	0	4	6	5	10	3	2	5	6	5	6	2	3	1	5	4	7	5	4	5	3	3	5	3	2	6	4	4	7
50	7	4	9	1	3	4	2	2	5	8	4	9	1	3	4	4	5	6	4	4	4	0	2	4	5	2	3	4	2	7	4	4	4	5	4	9	3	2	4	1	2	3	6	3	6	5	2	3	2	3	5	6	4	7	3	3	4	5	4	7	2	2	3	6	3	7	6	4	5	3	2	3	2	2	1	3	2	2	4	3	7	4	3	7	3	3	5	2	3	4
51	4	3	5	4	3	6	2	3	4	5	3	8	5	4	5	1	3	3	2	2	2	4	3	6	8	4	10	4	2	5	1	2	3	5	5	8	3	3	8	4	3	8	4	2	6	6	4	7	3	2	5	4	2	6	3	2	5	5	4	5	4	3	6	4	5	8	5	4	11	3	4	4	4	3	6	5	2	3	3	2	3	3	3	7	6	4	8	3	2	4
52	1	1	4	2	3	4	4	3	6	5	3	4	3	3	4	4	2	4	4	3	5	4	3	7	4	4	4	2	3	2	2	2	4	3	4	5	2	1	2	3	1	4	5	4	4	3	1	3	2	2	4	4	4	6	4	2	4	2	3	3	3	3	6	3	3	3	4	4	7	5	3	7	4	3	4	4	3	6	3	3	3	4	3	5	7	3	3	2	2	4
53	6	3	7	3	1	1	4	3	7	4	3	5	2	3	5	2	3	3	4	3	3	5	3	6	0	2	3	3	2	4	4	3	7	3	2	3	0	2	4	5	3	3	3	2	4	1	2	2	7	3	6	0	2	0	3	3	4	2	3	3	2	2	3	1	3	5	4	4	6	5	3	5	4	3	3	0	1	1	0	2	2	4	4	5	2	3	2	2	1	4
54	7	5	10	6	5	6	4	4	5	6	4	7	3	4	6	3	3	4	4	3	4	5	4	7	8	4	8	5	5	8	4	3	8	5	5	7	5	4	8	6	4	8	6	5	6	4	3	5	4	4	6	5	4	7	6	4	11	7	5	10	6	4	8	4	4	3	4	3	6	5	5	6	8	5	11	5	3	6	3	4	8	3	5	8	5	5	5	7	4	7
55	3	2	3	3	2	2	5	3	6	3	4	6	5	4	3	6	3	5	2	3	3	4	3	2	4	3	3	3	3	6	3	2	3	4	3	4	2	1	4	5	4	8	0	1	0	3	4	4	2	3	4	2	3	3	3	5	6	0	1	1	3	3	5	1	1	1	1	2	2	3	2	4	3	2	3	5	1	2	3	2	3	2	3	3	2	0	4	4	3	5
56	8	6	9	8	6	10	7	5	9	9	6	11	8	5	11	4	4	7	2	3	4	3	4	5	5	4	7	6	6	10	5	5	8	6	7	7	3	4	4	7	5	7	6	6	8	5	5	8	5	4	6	5	4	3	6	4	9	6	4	6	6	5	7	2	3	1	6	5	6	6	3	5	2	3	5	5	5	8	5	4	8	7	4	8	7	6	10	7	5	10
57	2	1	6	0	1	3	0	2	3	3	1	3	3	1	3	0	0	-1	0	1	1	5	1	6	1	1	0	2	1	2	0	2	3	0	1	0	1	0	2	1	1	2	4	1	2	3	1	4	1	2	2	0	1	2	0	1	2	2	1	6	3	3	7	0	1	-1	0	1	2	2	3	3	5	2	7	0	1	3	1	2	4	0	2	2	0	1	0	3	3	2
58	6	3	5	5	4	5	3	3	4	6	5	10	7	3	6	2	2	7	6	3	7	1	3	4	5	4	6	7	5	9	5	4	7	4	4	6	3	4	5	0	2	2	2	4	3	3	2	5	6	3	7	3	3	5	4	3	7	2	3	5	1	3	4	4	3	4	7	4	8	6	3	8	6	4	8	6	5	8	6	4	6	4	5	6	5	3	6	4	3	4
59	3	4	2	3	3	5	3	3	4	4	3	3	2	3	2	0	2	2	3	4	4	4	4	4	6	4	7	3	1	2	3	2	2	2	3	5	3	2	2	2	1	0	6	5	7	4	4	7	1	3	3	3	2	6	2	3	5	5	4	5	3	3	4	2	0	1	2	2	1	3	2	3	6	3	6	4	4	7	4	3	5	3	3	5	1	1	2	4	3	6
60	2	4	5	3	3	7	7	4	6	2	4	4	6	4	7	2	6	3	4	3	3	3	2	2	2	4	5	3	3	5	2	2	3	4	2	4	0	2	0	6	2	5	5	3	4	5	3	7	6	4	9	5	3	5	5	4	5	3	4	6	2	1	1	5	4	5	5	5	6	2	3	6	5	5	5	5	3	5	4	4	7	3	3	8	2	4	4	5	3	3
61	4	3	5	4	5	5	4	4	7	6	4	5	1	2	6	6	4	7	7	4	11	7	4	10	4	3	5	0	2	4	3	4	4	5	4	5	5	3	5	3	3	5	3	2	3	4	2	5	4	5	6	7	4	7	7	4	6	3	2	6	2	2	3	1	1	2	5	4	7	6	4	6	7	4	4	3	1	3	7	5	6	2	2	4	7	6	9	5	4	6
62	6	3	6	3	2	2	1	2	2	1	2	5	1	2	2	3	2	5	3	2	5	3	2	5	4	2	1	4	3	3	1	3	3	2	1	4	0	2	0	5	3	5	4	4	5	2	3	2	0	1	2	4	3	4	1	1	0	0	2	4	0	0	2	3	3	5	2	2	8	1	1	2	3	3	5	4	2	7	3	3	6	3	2	5	4	2	3	2	2	4
63	5	3	6	3	3	6	4	4	8	2	3	3	1	1	3	2	3	4	6	4	9	4	1	2	4	2	7	1	3	5	3	1	5	1	2	2	1	3	5	5	3	9	1	4	6	1	2	6	3	4	5	7	4	8	3	4	5	1	2	3	2	3	5	0	1	2	0	0	0	3	5	6	2	3	3	3	2	6	5	2	7	2	2	2	3	1	4	4	3	3
64	1	1	3	0	1	1	3	2	4	1	3	5	2	1	3	0	1	1	4	2	3	3	4	5	6	2	5	4	2	5	2	1	0	2	1	4	2	1	5	1	0	2	2	2	5	2	2	4	-3	1	0	0	0	0	1	2	4	2	2	3	0	1	0	1	2	2	1	3	4	4	2	7	0	1	-1	1	0	2	1	1	1	4	3	3	2	2	4	3	1	4
65	0	1	0	1	1	2	1	2	3	1	2	0	4	3	8	2	2	1	1	2	1	2	1	0	0	1	0	2	2	4	0	1	3	5	4	7	2	2	3	1	1	4	1	2	3	5	4	7	3	3	4	1	0	2	1	1	2	1	0	0	1	1	0	2	2	7	2	2	2	1	1	4	4	2	5	4	2	6	1	0	3	1	0	2	5	2	3	2	0	5
66	6	3	6	6	4	9	2	3	4	3	2	4	5	4	6	4	3	6	6	3	7	3	3	3	4	3	6	1	3	4	5	3	5	3	2	4	1	2	5	5	3	3	4	4	8	5	3	6	4	3	6	7	4	5	5	4	8	3	4	6	1	2	3	6	3	5	5	5	8	3	5	6	1	2	3	6	4	6	5	4	4	3	3	4	4	3	6	7	5	7
67	6	3	10	4	2	3	3	3	6	3	3	2	3	3	4	8	5	9	8	4	9	4	3	6	3	3	7	3	2	4	8	6	8	3	3	7	4	3	6	5	5	7	2	4	5	6	4	9	4	5	7	3	4	6	7	3	6	6	3	9	2	3	4	5	4	5	4	3	4	4	3	6	5	5	6	3	3	3	5	4	5	4	4	6	3	1	3	5	4	9
68	6	5	9	6	3	6	3	5	9	3	3	6	5	2	5	2	4	4	5	3	3	2	3	4	5	4	5	5	4	6	5	4	9	6	5	9	3	1	4	4	5	7	1	2	2	4	3	1	6	4	8	2	2	3	5	3	6	2	2	3	3	3	3	3	3	6	4	2	5	0	2	0	5	4	6	5	3	7	4	4	7	4	2	4	4	4	8	5	3	7
69	1	3	1	7	3	7	4	2	2	2	4	5	4	3	5	4	4	4	7	5	11	5	5	6	5	4	7	1	1	0	8	4	6	7	5	10	6	5	11	5	3	3	5	4	9	4	2	3	7	5	10	6	2	5	7	4	8	3	4	7	4	6	6	5	6	7	7	3	7	4	5	8	4	3	7	6	6	9	4	4	7	7	5	8	3	4	7	4	4	6
70	8	4	8	7	6	10	5	5	6	7	5	9	4	5	5	7	6	10	4	4	7	10	6	12	8	6	11	6	5	10	9	6	11	8	5	9	7	4	10	7	6	5	7	5	9	6	5	7	5	4	6	4	5	8	6	4	8	7	5	12	5	5	10	4	4	6	9	6	9	7	6	8	7	7	12	8	6	11	5	5	8	6	5	8	4	4	6	10	6	9
71	5	4	8	2	2	2	3	2	1	5	3	5	0	2	1	5	4	4	3	3	5	0	2	0	4	3	3	1	2	4	1	0	0	3	3	5	1	1	3	0	1	2	4	4	5	2	4	4	6	4	7	-1	0	-1	4	4	5	2	1	2	4	3	7	3	2	3	4	3	5	1	1	1	2	3	3	3	2	3	4	3	6	1	1	3	4	3	5	1	2	4
72	1	0	0	0	0	0	0	-1	0	1	0	0	0	0	5	0	2	5	3	0	2	0	0	2	3	0	0	0	1	1	-1	0	-1	0	1	0	0	0	0	-1	0	-2	3	1	1	0	0	0	0	1	0	0	0	0	0	0	3	2	1	1	0	2	1	0	0	-1	1	0	4	1	1	5	1	0	1	1	0	2	1	1	0	2	1	1	2	0	2	1	1	1
73	7	4	8	3	4	7	7	5	9	5	4	5	2	3	4	4	3	6	4	5	6	7	5	10	6	3	6	2	3	4	6	4	6	6	3	5	6	3	4	4	4	3	3	4	5	6	4	8	3	3	6	5	5	5	6	5	8	5	6	8	4	3	5	5	3	3	4	4	6	3	4	2	7	6	10	1	2	5	5	4	6	3	2	3	2	3	1	3	3	7
74	5	4	6	5	4	7	2	2	1	1	0	3	0	2	1	4	3	6	-1	1	-1	1	3	5	4	2	3	2	1	2	0	1	0	3	2	4	0	0	1	3	2	4	1	1	4	3	0	3	4	3	3	2	2	4	1	2	3	1	2	2	2	2	0	0	1	2	2	2	4	2	3	3	2	1	4	2	2	4	5	2	8	3	3	2	5	4	6	1	1	1
75	5	3	5	3	3	6	2	2	0	2	2	3	0	2	0	6	3	4	2	3	2	3	1	3	4	0	5	2	1	2	5	5	6	4	3	8	5	3	6	1	2	3	3	2	4	3	1	6	6	4	7	3	4	4	4	3	3	1	2	4	2	2	4	2	2	3	1	2	4	4	3	5	1	0	0	2	2	1	3	2	5	1	1	2	4	5	6	2	2	3
76	2	3	5	4	3	7	6	5	9	10	6	8	5	5	5	7	5	7	3	3	6	7	5	9	6	4	6	2	3	1	4	4	5	6	4	5	4	3	4	3	3	7	5	3	5	5	5	5	5	4	7	6	5	8	6	5	8	7	5	10	4	3	5	3	2	2	7	5	7	6	5	5	5	5	6	7	6	9	5	5	8	5	5	7	3	4	8	5	4	4
77	3	2	4	4	3	3	3	2	5	3	1	4	4	4	2	6	4	10	4	3	5	1	1	2	5	3	7	2	2	4	4	4	6	5	2	6	3	2	4	3	2	4	2	3	5	2	3	5	1	3	4	2	3	5	4	1	5	4	3	2	2	3	6	2	1	2	0	1	1	5	4	8	4	3	5	3	4	4	1	3	3	2	4	7	3	2	5	4	2	2
78	3	2	2	2	2	2	2	2	3	2	1	3	3	1	4	0	1	2	0	2	0	2	0	3	1	2	-1	2	2	6	1	2	1	0	1	1	0	0	1	0	0	1	2	3	5	5	2	8	1	1	0	2	3	3	2	0	3	5	4	7	-1	0	-2	3	1	2	0	0	1	1	1	3	1	0	1	0	1	0	5	2	6	3	1	4	5	4	9	2	3	4
79	2	2	2	2	2	5	3	4	5	4	3	4	5	4	5	5	3	6	3	4	6	5	2	4	4	2	2	4	2	4	5	4	7	6	4	7	2	2	6	6	3	4	6	5	9	6	4	9	4	2	3	5	3	8	2	2	2	4	4	5	4	3	4	4	3	5	3	1	3	5	4	7	4	3	4	4	3	6	4	5	4	3	4	6	6	3	8	2	3	4
80	6	6	11	1	3	4	3	3	4	1	1	0	1	2	3	5	3	7	2	3	3	4	3	5	2	1	5	0	1	2	2	3	1	2	3	5	5	2	5	3	3	6	0	3	4	3	3	5	3	3	3	4	2	5	7	6	7	5	2	3	5	3	4	4	4	6	1	2	1	4	2	2	4	2	5	3	3	6	6	3	5	3	3	5	5	3	7	1	0	3
81	0	0	0	1	0	0	4	4	6	2	4	6	2	4	3	3	3	5	7	3	6	4	4	8	2	3	3	1	2	2	3	4	6	4	3	7	2	3	3	4	2	4	1	1	0	3	3	4	4	3	6	5	3	4	2	1	4	4	3	7	5	3	4	2	3	5	4	4	5	4	3	8	5	3	8	2	2	4	3	3	4	5	4	6	2	1	0	4	3	3
82	4	4	6	0	1	3	3	3	1	4	3	7	5	3	8	1	0	1	5	3	6	3	2	5	3	4	5	2	3	3	4	3	7	4	3	5	5	4	6	5	3	5	5	4	7	5	3	6	6	4	6	5	3	6	9	4	8	4	3	5	6	2	6	6	4	10	4	3	4	6	3	8	3	4	5	6	5	11	2	3	5	3	3	5	5	5	10	5	5	6
83	4	3	6	4	2	6	2	2	6	5	4	9	0	1	3	3	2	3	0	3	1	5	4	6	3	4	5	4	2	3	5	3	9	1	2	3	6	4	7	3	2	1	5	3	7	4	3	4	2	3	6	1	3	4	3	2	6	6	3	6	2	1	3	7	5	8	6	5	9	2	2	4	3	2	6	4	0	2	5	4	3	6	3	4	3	3	5	5	2	3
84	6	5	10	1	2	1	3	3	7	5	4	6	5	3	3	5	5	8	5	3	6	5	3	3	5	4	10	4	5	8	4	4	8	2	4	5	2	3	3	2	3	3	7	5	11	4	4	6	5	4	7	4	4	3	8	4	7	6	4	6	5	5	11	5	3	3	2	1	2	6	3	7	5	4	7	6	6	8	4	2	5	6	4	10	5	3	8	3	4	5
85	5	2	7	3	2	3	6	4	9	4	2	6	0	2	0	3	3	4	2	3	1	-1	1	1	3	3	4	5	4	3	1	3	3	1	2	3	2	1	6	2	2	2	4	4	7	2	3	4	2	2	1	2	2	3	4	4	5	3	3	6	3	2	6	4	4	5	2	3	5	5	3	7	2	1	5	1	2	2	3	3	4	4	4	5	3	1	4	0	1	3
86	3	4	3	5	4	9	6	3	8	2	3	3	3	4	6	2	5	6	5	4	6	7	5	11	2	1	1	3	3	4	2	2	6	1	2	2	5	3	5	3	3	2	7	5	10	1	1	0	6	6	9	7	5	8	5	4	6	4	4	4	2	3	5	6	4	6	2	3	5	5	3	8	4	3	5	6	4	6	3	3	4	3	3	5	3	2	5	4	3	6
87	7	6	8	7	4	8	6	4	6	7	3	8	3	2	2	6	4	9	6	3	5	5	4	8	2	3	4	6	4	8	3	3	2	4	5	5	1	4	3	3	4	7	4	3	7	5	5	8	4	5	5	5	3	4	7	5	8	7	5	11	5	5	9	4	3	3	8	6	10	3	4	5	6	2	7	6	4	8	5	4	6	5	3	5	6	4	6	5	5	9
88	5	3	7	1	3	2	5	3	6	5	3	7	5	4	8	2	2	3	2	3	4	2	2	4	2	3	2	5	4	4	4	3	4	4	3	8	4	4	4	2	2	4	4	3	5	5	4	7	4	4	5	5	2	6	3	3	5	5	2	5	4	3	5	5	4	7	2	2	3	4	4	5	1	3	3	3	3	3	3	3	5	3	3	5	4	3	6	4	4	5
89	1	2	0	3	2	6	2	4	5	3	1	2	2	2	1	9	3	7	3	3	6	4	3	4	2	2	3	3	3	6	3	2	6	3	2	3	2	2	2	3	2	3	3	2	3	3	3	1	3	2	7	5	1	4	0	3	3	4	2	3	4	4	6	3	5	5	3	3	5	3	1	2	3	3	4	1	3	0	0	2	2	3	3	2	3	3	5	3	1	3
90	4	4	8	3	3	2	5	4	7	6	6	11	4	5	4	3	2	4	6	3	5	6	5	10	6	5	9	10	6	12	6	5	7	4	4	8	9	5	10	5	4	5	6	5	9	5	5	7	3	5	5	2	2	2	8	5	9	4	6	6	3	4	5	4	5	6	5	5	8	5	4	6	4	4	5	4	5	8	8	5	8	5	4	7	5	3	4	5	5	6
91	3	4	5	3	4	9	5	3	6	9	5	9	2	3	0	5	4	7	4	4	7	9	6	9	4	5	6	6	3	8	6	4	6	3	5	4	5	4	8	7	5	10	6	5	7	4	4	6	8	5	11	5	4	8	7	4	8	8	5	9	8	3	8	6	5	7	4	4	6	5	3	8	5	4	5	5	4	5	8	5	10	3	5	5	4	4	5	7	5	9
92	6	4	4	4	4	6	2	4	5	4	3	6	4	4	4	3	4	5	5	3	5	6	3	5	5	3	8	3	4	4	4	4	7	3	4	3	5	3	6	2	2	2	0	0	1	6	5	9	4	4	10	5	2	9	1	2	0	5	4	8	6	5	7	5	4	7	7	5	6	7	4	8	4	4	4	7	5	10	5	5	8	5	4	8	4	3	4	3	3	7
93	2	3	2	4	2	7	4	3	6	4	3	4	2	2	5	2	3	6	3	4	8	5	3	1	2	3	5	2	2	2	3	3	4	3	4	5	3	2	7	2	3	5	1	2	3	3	3	4	4	4	7	3	2	5	2	3	2	2	3	2	1	1	4	2	3	2	3	4	4	3	1	4	3	1	5	6	4	8	8	5	9	8	4	11	5	4	5	4	2	4
94	0	3	1	1	2	2	3	1	2	3	3	6	3	3	4	3	4	4	4	2	4	0	1	0	5	2	4	1	2	3	1	2	2	5	6	7	3	3	5	2	1	4	1	1	0	2	2	2	4	2	6	3	3	5	3	2	5	4	3	7	5	2	3	2	2	3	4	3	1	4	4	5	1	2	2	1	3	5	1	0	3	1	1	2	4	3	3	4	3	5
95	4	3	4	3	4	9	2	3	2	7	5	10	2	3	6	5	5	7	7	5	7	5	5	6	6	3	8	6	4	7	8	5	8	4	3	4	8	5	6	7	6	10	9	6	12	5	4	5	8	5	6	5	4	6	7	5	8	4	6	6	5	5	6	8	5	9	6	5	9	4	6	8	7	5	6	6	5	7	4	4	8	5	5	5	4	5	9	6	5	8
96	4	2	6	4	3	6	5	2	4	3	3	3	3	1	1	4	3	2	1	0	2	3	3	2	3	2	3	2	2	4	0	1	1	3	0	3	2	2	4	3	2	4	2	2	3	4	2	5	0	2	0	4	3	5	5	4	7	2	2	2	3	2	5	2	2	3	2	2	3	2	3	4	0	2	3	1	2	3	2	2	6	3	3	5	4	2	3	3	2	6
97	9	6	9	3	5	5	6	5	10	7	4	8	8	6	9	8	8	13	7	7	9	8	6	6	5	4	8	7	4	10	3	4	6	6	5	4	9	7	13	8	5	10	6	4	5	6	4	7	5	4	6	7	6	9	8	5	10	7	5	8	7	5	6	8	5	10	5	5	7	7	6	8	8	6	9	8	5	7	5	5	5	5	5	6	7	6	7	8	6	12
98	7	6	12	6	3	9	7	6	9	5	5	5	6	6	7	5	5	6	4	3	5	5	5	6	7	4	10	8	5	8	7	5	10	3	4	4	7	5	11	8	5	9	6	5	7	7	5	8	3	4	5	3	3	8	0	3	1	4	5	9	8	5	7	8	4	10	2	4	2	7	6	9	5	5	7	7	6	9	2	3	4	6	5	9	5	3	7	5	5	7
99	4	2	5	0	2	3	6	3	2	4	3	4	3	2	4	4	3	5	2	2	2	7	3	6	2	2	5	3	3	3	4	3	6	3	4	6	2	3	7	2	1	6	6	5	8	1	1	3	5	4	6	5	4	8	3	2	4	5	3	4	5	3	5	6	3	7	3	2	2	5	3	7	0	2	3	5	5	8	1	2	4	1	3	5	3	4	3	1	3	2
100	1	2	3	3	2	1	2	1	4	4	4	7	0	0	2	3	2	2	2	2	4	1	1	2	1	2	2	4	4	6	0	0	0	0	1	2	0	1	0	4	3	5	2	2	1	1	3	4	0	3	2	2	2	4	4	2	5	1	3	4	0	1	0	3	3	0	3	3	5	4	3	8	1	1	2	3	1	4	3	1	2	0	1	2	0	1	1	4	3	5
101	4	3	5	0	0	2	0	0	1	2	2	5	2	2	4	2	2	4	3	2	4	2	3	1	1	1	3	6	3	4	3	0	3	5	2	4	2	3	1	2	2	3	-1	1	0	4	3	6	4	2	4	3	2	4	1	2	3	4	2	5	4	1	0	3	2	3	1	2	3	5	3	7	1	2	4	0	2	0	2	2	5	-1	1	0	2	1	0	4	3	7
102	7	6	9	2	3	5	5	4	6	2	2	1	6	4	8	4	3	5	2	2	1	5	3	7	3	3	3	4	3	6	4	4	5	7	5	7	3	4	4	3	3	5	5	4	5	6	5	8	7	4	9	6	3	8	5	2	7	2	2	1	5	3	8	6	4	5	1	4	5	3	3	4	2	1	3	4	4	6	3	3	6	0	3	3	2	2	0	2	4	6
103	1	2	3	2	3	4	5	4	7	2	1	2	3	2	4	5	4	6	1	2	1	5	2	6	2	2	3	5	2	5	2	1	4	2	3	0	3	3	6	5	4	8	7	4	6	5	4	6	2	2	4	3	2	1	2	4	3	5	5	12	0	2	2	3	2	2	6	3	7	4	4	8	3	2	4	2	1	3	3	2	2	6	4	6	6	4	7	4	2	6
104	2	2	4	4	2	5	2	2	3	1	0	3	4	4	6	7	4	7	3	2	5	5	3	5	4	2	4	2	4	5	1	2	4	6	4	7	4	2	5	0	1	3	4	4	4	6	3	6	1	3	3	0	2	2	7	3	8	2	2	2	2	3	4	5	2	8	0	1	1	1	3	3	3	1	1	0	1	2	4	4	6	6	4	4	3	4	5	2	3	3
105	3	2	4	1	1	3	1	2	1	3	2	4	4	2	7	0	1	5	4	1	5	-1	0	0	2	2	3	1	2	0	5	3	4	4	3	5	0	0	0	4	3	5	1	1	3	1	2	3	6	3	6	3	2	6	3	0	0	3	1	5	1	0	3	5	3	4	1	1	1	3	2	6	4	3	4	0	1	-1	2	3	4	1	2	3	1	2	4	2	2	3
106	5	4	4	4	3	8	4	4	6	3	1	4	3	4	6	2	3	5	5	2	6	4	4	4	3	2	3	5	4	5	1	2	3	1	2	2	4	2	7	4	3	4	4	4	7	6	2	5	3	4	7	3	3	4	3	2	4	3	2	1	1	1	1	4	3	6	6	3	5	2	3	6	5	4	8	3	3	5	3	2	3	3	2	5	5	3	5	4	2	4
107	2	2	0	1	2	3	2	2	0	0	2	3	3	2	5	1	1	5	2	2	3	0	0	1	1	3	2	1	0	1	3	2	2	0	2	1	4	3	6	2	3	2	0	3	3	6	4	7	3	3	6	3	3	3	0	1	2	4	2	5	1	0	2	1	3	4	1	4	8	2	2	2	2	2	1	2	2	3	5	2	5	1	1	4	1	2	5	3	2	5
108	0	1	1	4	2	6	0	2	0	3	2	2	-1	1	0	0	1	0	0	1	0	4	2	4	1	1	2	-1	0	0	2	1	1	1	0	-1	1	2	2	0	0	-1	3	2	4	0	0	1	0	0	0	0	2	1	0	2	2	0	1	1	-1	0	0	1	0	0	0	1	1	0	0	0	1	1	2	3	2	3	2	0	4	0	0	1	0	1	0	1	0	0
109	4	3	5	2	2	4	3	1	2	0	2	1	5	4	6	2	2	3	3	2	5	1	3	3	3	2	6	4	5	7	1	2	3	4	3	7	4	4	5	4	3	5	3	3	5	4	3	4	4	2	6	2	1	0	3	4	8	0	1	0	-1	2	2	3	5	5	2	1	3	3	2	3	1	1	2	1	3	3	2	1	3	4	2	4	4	2	5	3	1	3
110	4	4	6	6	3	7	5	3	7	5	4	5	5	4	7	2	5	4	6	5	7	4	4	5	4	4	6	8	4	7	2	2	6	4	2	4	6	2	4	8	4	6	0	2	2	3	2	7	3	4	8	3	3	1	5	4	5	4	5	5	3	4	2	1	3	5	7	5	9	4	4	4	4	3	5	4	2	4	5	3	5	4	4	7	4	4	4	5	4	6
111	5	2	6	3	3	1	3	3	5	0	2	3	6	1	2	5	3	3	4	2	4	2	3	4	2	2	3	2	3	4	4	2	4	2	1	1	4	3	5	3	3	3	5	3	7	3	2	2	2	4	5	3	0	1	3	2	2	0	2	3	5	4	8	2	2	1	4	1	3	2	2	4	3	1	0	2	2	4	6	3	7	3	3	7	5	3	5	2	2	4
112	4	3	6	4	3	9	2	4	4	4	4	5	5	5	9	4	2	5	5	4	7	3	3	5	5	3	5	2	2	2	9	4	9	3	3	2	4	3	6	5	5	7	4	4	6	4	2	6	7	3	8	7	6	9	6	5	10	3	5	5	5	3	5	5	4	8	4	4	8	6	4	7	4	4	8	5	3	7	7	6	8	4	4	6	4	6	5	4	3	7
113	3	2	2	2	1	1	0	1	0	-1	0	0	3	2	3	0	0	-1	-1	1	2	0	0	0	4	2	2	1	3	2	3	2	5	1	2	0	3	2	7	3	1	0	2	1	3	4	1	6	0	1	-1	2	2	1	2	2	3	0	0	1	3	1	3	1	0	1	2	2	3	0	0	-2	2	0	2	0	1	0	1	3	5	0	0	0	3	3	1	1	1	3
114	5	4	6	1	2	3	3	3	4	5	4	5	5	3	5	5	3	5	4	3	7	1	0	2	5	4	5	5	3	6	2	1	2	4	2	2	7	4	8	5	3	7	3	3	4	5	4	3	4	3	5	5	3	5	4	3	6	6	4	6	2	2	2	5	3	8	4	4	8	2	1	2	3	2	4	4	3	6	2	2	3	2	2	1	2	3	4	4	3	7
115	3	2	5	2	3	5	6	2	7	4	3	7	6	4	5	5	4	7	5	3	7	5	4	7	5	3	6	2	2	4	6	4	5	6	5	6	6	5	5	5	4	5	2	3	3	4	5	6	7	5	8	2	3	3	0	1	0	7	5	10	3	3	5	6	4	7	8	5	7	8	5	8	5	2	5	4	3	5	8	6	9	6	4	11	6	4	5	6	4	6
116	4	2	6	2	3	4	3	4	9	3	2	4	4	3	5	4	4	9	4	3	4	4	4	8	3	4	6	5	4	10	8	6	10	3	3	2	5	3	4	7	4	7	4	3	6	4	3	3	2	4	3	5	4	7	7	5	10	2	4	3	5	3	5	3	2	3	4	5	3	3	3	3	4	2	5	7	5	11	2	2	3	4	3	6	6	6	8	3	3	5
117	2	3	3	4	3	5	6	4	7	3	2	5	3	3	3	2	4	5	2	2	2	3	2	2	6	4	8	5	2	4	0	2	0	3	3	8	1	1	1	3	3	5	6	3	5	1	2	2	4	4	7	5	6	7	3	2	2	4	3	6	6	3	3	3	5	7	3	4	7	2	2	1	0	1	0	6	3	12	7	4	4	3	3	4	3	2	4	7	3	7
118	5	4	5	5	4	5	-1	1	0	1	1	1	2	3	3	4	3	6	3	2	3	0	1	3	4	4	5	3	2	2	5	5	6	-1	1	0	4	3	3	0	1	2	1	2	1	7	2	9	3	2	6	1	1	1	1	0	3	1	2	4	3	2	0	5	3	4	2	2	3	1	1	3	1	2	4	1	1	0	5	2	8	2	2	4	2	3	4	5	3	3
119	6	3	5	1	2	2	2	3	3	3	3	7	3	1	4	0	2	0	4	2	6	0	1	3	1	2	3	2	3	2	0	3	2	0	1	0	2	1	0	4	3	4	0	3	3	0	2	1	3	1	1	3	1	2	3	1	5	2	3	3	6	2	7	1	1	1	2	2	4	4	1	5	1	2	5	0	0	0	3	2	3	0	1	0	1	3	5	0	2	0
120	5	1	2	0	1	0	1	2	4	3	2	6	4	3	5	3	2	4	0	1	1	2	1	4	3	2	2	4	4	5	3	1	3	2	2	3	3	2	6	5	2	4	0	1	1	1	1	1	3	2	0	7	3	7	1	2	1	4	2	5	3	1	4	2	1	4	2	2	3	3	2	1	4	2	5	3	2	5	0	0	0	1	2	2	2	2	1	3	1	2
121	6	4	6	6	4	6	3	2	6	4	4	5	1	3	4	4	2	1	5	3	4	4	3	3	4	2	2	3	2	5	3	2	4	5	2	6	5	3	7	0	2	4	5	5	6	2	2	3	0	2	5	3	4	6	2	2	6	2	2	3	3	3	4	4	4	4	5	3	7	1	2	3	1	1	2	2	2	3	3	1	5	2	3	4	3	4	7	7	4	9
122	4	4	4	1	2	2	3	3	5	3	3	4	2	3	1	3	3	6	2	2	6	4	1	3	4	1	5	3	4	4	3	0	2	0	2	1	1	1	4	3	4	3	1	2	4	0	2	1	2	2	5	1	0	2	1	0	0	4	3	4	2	0	3	3	1	4	2	1	2	2	0	6	3	2	5	1	1	0	3	3	6	1	1	6	1	1	2	2	2	2
123	4	4	1	0	2	3	0	2	2	5	2	5	2	2	2	2	3	3	1	1	0	2	2	3	4	4	2	5	3	6	4	2	5	0	3	3	2	1	4	5	3	7	4	2	5	4	3	4	4	3	5	4	3	5	6	3	5	2	2	1	2	3	4	4	1	5	3	2	3	4	3	7	4	3	5	3	2	5	3	1	2	2	1	3	1	2	3	3	2	2
124	5	4	5	1	2	3	4	3	5	5	3	7	1	3	5	5	4	4	3	3	2	4	3	3	5	3	4	2	2	3	5	3	4	1	2	3	5	3	7	0	1	1	1	2	2	2	1	4	2	2	3	7	2	8	4	4	4	5	3	4	3	4	7	3	2	7	3	3	5	4	3	3	3	3	5	2	1	1	2	2	0	-1	2	1	0	2	2	7	3	6
125	5	5	5	7	5	9	6	5	8	7	6	7	6	5	9	4	5	7	5	4	7	6	5	10	8	5	9	5	3	8	6	5	7	4	6	8	7	6	8	7	6	10	6	6	10	3	3	5	7	5	10	6	7	8	3	4	4	3	4	3	6	5	7	8	6	9	8	5	9	5	5	8	6	5	9	6	6	8	5	4	8	6	6	8	5	5	8	6	4	8
126	3	2	4	2	4	4	2	3	5	4	2	6	3	2	2	2	3	3	2	2	3	3	3	5	2	1	1	3	3	7	2	1	5	5	6	8	3	2	4	0	0	-1	3	2	7	1	3	4	5	3	6	4	2	5	5	3	6	2	1	4	1	1	3	4	2	4	0	2	1	2	0	0	4	2	6	2	2	1	5	3	6	3	4	3	2	2	3	0	2	4
127	6	6	7	2	3	2	4	3	6	3	3	2	3	3	5	7	5	8	1	1	0	3	4	5	2	4	6	8	5	9	3	4	6	7	3	9	3	2	3	1	3	0	6	4	9	3	1	2	3	2	3	6	3	6	3	4	5	6	4	5	5	4	7	6	3	5	4	4	7	6	3	8	5	4	5	6	5	8	4	3	5	6	3	9	1	3	4	6	3	5
128	0	1	0	4	3	6	0	3	0	3	4	5	3	3	4	6	4	6	2	4	5	4	3	6	2	1	1	3	3	6	7	4	5	2	4	5	4	4	6	5	3	4	1	3	4	4	3	5	4	3	8	1	3	0	1	2	2	4	2	5	4	4	4	0	1	1	1	1	1	4	2	7	5	3	7	4	3	5	5	4	7	3	2	2	3	3	5	6	4	7
129	3	1	5	1	2	4	0	2	2	1	1	4	0	2	2	-2	1	-1	2	1	2	3	2	1	2	1	5	3	2	6	4	3	0	0	3	1	4	2	6	4	3	7	2	2	6	5	2	6	4	1	5	2	2	4	0	0	0	2	2	4	2	0	2	2	2	2	1	1	0	1	1	4	4	3	5	1	3	2	3	3	2	0	2	4	3	3	5	1	2	3
130	4	2	4	1	2	6	3	3	7	5	5	6	3	3	5	8	5	9	4	4	5	7	5	8	3	3	4	0	2	0	2	2	1	1	2	5	5	4	10	5	4	7	4	3	6	4	3	4	3	3	4	3	3	2	4	2	5	3	3	2	4	3	4	2	3	4	4	3	4	5	4	7	6	4	9	0	1	-1	6	4	8	4	3	3	4	2	4	3	1	1
131	5	5	7	5	5	5	5	6	10	4	4	6	9	6	15	3	4	8	6	4	8	2	5	2	4	5	7	9	6	12	4	3	4	5	5	6	3	3	6	7	6	10	7	4	5	4	4	5	7	5	7	4	4	7	6	4	7	5	4	7	6	5	9	7	6	11	7	6	8	7	5	9	6	5	9	7	5	9	8	4	12	7	4	7	6	4	6	5	4	8
132	5	3	6	7	2	6	4	4	4	5	4	9	2	2	7	4	4	5	4	3	7	3	3	4	6	6	8	2	3	3	5	4	7	1	3	1	4	3	4	6	5	8	3	4	6	2	2	1	6	4	9	2	1	0	2	3	5	0	2	3	3	3	5	5	4	6	4	4	3	2	3	2	5	4	6	8	4	7	2	2	4	2	3	2	3	2	3	0	3	1
133	6	5	5	6	4	8	0	3	3	2	2	4	1	1	3	6	4	6	2	4	5	5	3	5	6	3	8	5	4	4	3	5	7	4	2	2	5	2	6	4	1	3	2	2	1	0	2	3	5	4	7	2	2	0	5	2	3	5	5	7	4	3	6	4	3	7	5	3	5	4	3	5	0	2	1	2	4	4	4	2	2	3	2	5	6	5	9	4	3	6
134	1	2	3	4	3	8	3	2	7	1	2	3	4	2	4	4	3	3	4	3	5	4	2	6	3	2	4	1	2	3	3	3	8	4	2	5	6	4	8	1	3	4	4	3	5	4	3	7	3	4	8	3	3	2	3	2	5	0	1	1	3	2	6	3	3	4	4	3	7	4	3	6	4	2	8	2	3	2	4	4	4	4	2	4	3	3	7	2	2	3
135	0	0	2	1	0	1	1	2	1	0	1	-2	3	2	3	5	3	8	2	3	4	3	2	2	0	1	0	1	2	3	0	1	1	-3	-1	0	0	0	1	1	0	0	1	1	0	0	0	1	0	2	4	3	1	1	1	2	4	1	0	3	-1	1	3	2	1	0	2	2	5	4	2	4	0	0	0	1	3	4	-1	0	0	0	0	-1	3	0	5	2	0	1
136	3	5	6	7	4	7	4	4	4	2	3	5	6	4	7	3	2	4	4	3	5	5	4	7	1	2	5	5	5	8	4	4	6	8	6	9	4	3	7	4	2	4	4	4	6	5	6	6	6	4	11	7	4	7	2	5	7	4	4	5	8	4	7	6	7	11	3	2	3	4	5	5	5	5	10	3	4	4	7	6	6	6	4	8	5	5	6	8	6	11
137	2	2	4	3	1	4	-1	2	0	-1	0	0	3	2	2	2	1	1	0	1	1	5	2	3	2	1	1	1	2	2	3	0	1	0	0	1	-1	0	-1	2	1	1	2	2	4	0	1	0	0	0	-1	4	3	4	4	1	2	2	1	3	3	2	5	2	1	3	0	0	0	3	2	5	2	0	0	0	0	1	2	1	4	1	0	2	1	0	5	2	2	2
138	3	4	6	2	3	3	2	2	5	5	4	8	4	4	5	4	4	6	8	4	8	4	4	3	5	4	8	3	3	1	4	5	9	7	4	5	3	5	5	7	5	11	5	5	6	5	2	4	5	4	6	8	5	10	3	3	4	4	3	6	6	4	8	4	4	4	9	5	10	2	4	8	4	3	5	4	4	7	5	4	9	9	7	13	6	5	7	6	5	6
139	4	3	3	5	4	6	3	4	5	6	6	4	9	5	11	6	6	6	6	5	12	7	6	7	9	5	6	6	5	10	5	5	6	5	6	5	5	5	8	7	6	8	7	4	8	5	5	9	6	6	10	7	7	11	4	4	4	5	5	7	7	4	9	7	4	7	7	5	7	7	4	9	6	4	8	7	4	7	8	5	8	8	5	11	5	5	5	5	5	7
140	0	0	2	3	3	4	1	1	3	3	2	4	3	2	2	0	1	6	2	1	3	0	1	1	0	0	0	1	2	1	1	2	2	1	0	1	0	0	2	3	2	3	2	2	0	4	2	5	0	0	1	1	0	1	0	1	2	1	1	1	0	1	0	2	1	4	3	3	4	0	1	2	4	2	6	-1	0	0	0	1	2	2	2	3	3	1	3	3	0	3
141	6	6	8	6	5	7	1	3	4	2	3	5	1	4	4	3	3	2	4	4	6	6	3	5	3	4	4	4	2	7	3	2	4	5	4	5	5	4	5	5	3	3	4	3	5	5	5	6	3	5	9	2	3	7	4	4	7	2	4	2	3	3	6	4	3	9	4	4	5	4	3	8	4	3	2	6	5	6	6	5	10	5	3	7	4	4	6	7	6	10
142	3	1	4	3	4	4	3	3	5	0	1	1	3	3	4	2	2	2	0	0	4	2	3	6	3	3	5	6	4	9	-1	2	0	5	3	7	2	2	2	3	3	4	3	1	3	3	4	5	5	3	4	5	3	7	2	1	5	7	5	7	3	3	4	4	3	8	5	2	2	3	2	4	2	2	6	0	2	2	4	3	3	3	2	5	3	3	5	6	3	6
143	1	0	0	3	3	6	2	2	2	1	1	5	2	0	2	0	0	0	0	0	2	4	0	4	4	1	5	5	1	5	2	1	1	0	0	0	2	2	4	1	0	1	1	1	2	2	2	5	0	1	0	0	0	-1	1	1	0	5	3	7	1	1	2	0	1	1	0	1	0	5	1	4	1	0	2	0	0	3	0	0	2	0	1	1	1	0	0	1	0	4
144	3	1	1	4	1	4	0	1	0	3	2	3	-2	0	0	3	2	4	2	1	1	1	1	0	1	2	3	1	0	-1	1	1	0	1	0	2	0	1	0	2	1	4	0	2	1	1	1	0	-1	1	0	3	3	3	-1	0	-1	-1	1	0	-1	0	4	4	0	7	3	0	4	3	3	3	0	2	1	1	1	3	3	1	3	0	0	2	3	2	5	0	2	1
145	0	1	1	3	1	4	3	1	4	2	0	3	2	1	4	1	0	1	1	1	2	4	1	4	0	0	0	1	2	3	4	1	4	1	1	1	3	3	0	0	0	0	1	1	4	3	2	4	1	2	1	0	1	0	0	1	2	1	0	0	1	1	2	3	2	6	0	1	2	2	1	2	1	2	2	2	2	0	2	3	5	1	1	1	2	0	0	0	2	0
146	0	2	2	1	2	4	3	2	3	4	3	6	1	2	2	0	1	1	1	2	1	3	2	2	4	4	7	5	1	4	5	3	7	3	1	6	1	0	1	4	3	6	1	1	2	3	2	4	4	2	3	3	1	3	2	1	5	5	3	7	6	3	7	2	3	1	3	2	4	4	3	6	4	4	7	2	2	3	4	4	7	3	1	3	2	4	4	4	3	5
147	0	0	-1	3	0	2	0	-1	-1	0	0	-1	0	1	1	2	1	3	3	2	6	0	3	1	0	0	1	0	1	0	1	2	3	3	2	5	3	3	5	3	2	2	1	2	1	4	2	5	0	0	0	2	2	3	1	1	3	1	1	-1	3	4	2	0	2	3	2	2	5	0	2	6	1	1	4	-1	0	0	1	1	3	0	1	2	0	0	-2	1	1	2
148	3	2	5	2	2	3	4	4	9	5	5	8	6	3	7	9	5	8	6	4	9	7	4	7	4	5	4	5	5	9	2	4	7	3	4	5	4	5	7	4	4	6	6	4	7	5	4	8	4	5	4	4	2	3	3	2	7	2	3	3	6	4	7	4	3	5	4	3	6	4	4	7	3	2	5	4	5	8	6	4	7	6	3	8	6	3	9	5	4	3
149	6	5	6	6	6	9	4	5	8	7	7	10	6	3	6	8	6	8	4	7	9	2	3	3	6	6	7	5	6	8	7	6	10	4	4	3	6	4	6	5	5	7	7	6	10	6	4	8	8	7	10	6	5	6	7	6	8	8	8	12	4	6	6	8	7	13	6	5	9	9	6	8	4	5	5	5	5	7	5	5	5	7	6	11	8	6	10	5	4	7
150	-1	1	2	0	0	3	3	3	3	4	4	6	2	0	1	0	0	0	5	2	6	4	3	5	3	1	5	1	1	5	1	2	0	1	0	2	0	1	2	4	2	7	1	0	0	-2	0	-2	2	3	4	1	0	1	3	2	4	-1	0	0	0	0	0	1	2	1	2	2	3	0	0	0	-1	1	0	0	0	1	4	3	5	2	1	2	5	3	5	3	1	5
151	3	3	5	6	5	9	1	3	3	5	4	8	5	5	8	3	5	9	5	4	4	6	4	6	4	4	5	5	3	6	4	4	3	7	4	8	4	3	7	3	5	6	5	3	3	7	3	7	3	3	3	4	4	4	7	6	10	1	2	1	4	3	3	2	2	8	3	4	5	2	3	6	5	4	7	1	3	4	5	4	8	5	5	8	7	4	8	1	4	5
152	6	3	5	7	3	6	6	5	6	5	5	7	3	4	6	4	3	6	3	3	5	3	4	5	7	4	8	7	4	8	6	5	8	6	3	7	3	3	6	5	4	7	4	4	5	6	4	7	5	3	8	1	1	3	8	5	8	3	1	2	1	2	1	4	5	7	2	3	6	3	4	5	5	4	6	3	3	3	7	4	7	5	6	8	3	3	4	4	4	6
153	4	4	6	3	3	3	6	4	7	6	3	5	6	6	10	3	3	4	6	4	8	5	3	3	3	4	7	4	3	5	5	5	6	5	4	10	5	4	5	7	4	8	5	3	4	5	3	7	3	3	7	6	3	8	5	3	7	5	4	5	5	4	5	5	3	8	5	2	6	4	4	6	5	4	6	2	3	4	4	1	4	5	4	4	3	2	4	4	2	5
154	3	3	2	0	2	2	6	3	7	3	1	2	3	2	5	3	2	6	4	3	3	3	2	3	4	3	3	2	1	4	2	3	2	3	2	4	3	1	4	3	2	5	3	2	4	2	0	3	5	2	5	1	2	4	0	1	3	1	1	1	2	2	3	1	2	3	0	1	4	0	0	1	0	2	2	0	1	0	5	3	4	0	2	1	0	1	0	2	2	2
155	3	4	5	3	3	4	4	3	4	3	1	7	3	1	3	1	3	5	1	1	2	3	3	4	4	3	5	4	3	6	2	2	3	1	2	3	2	2	2	2	1	1	3	3	4	5	4	5	4	3	11	2	2	3	5	3	6	4	4	3	2	3	5	4	3	3	4	4	9	3	2	3	6	4	6	0	2	2	3	2	4	3	1	7	3	2	4	3	3	3
156	3	3	1	2	3	4	4	4	4	1	2	3	3	3	3	2	2	4	5	5	7	6	4	7	3	3	4	3	2	4	4	4	8	4	1	3	1	3	3	4	3	6	3	4	6	3	2	2	3	4	3	2	1	5	7	4	8	2	3	4	3	4	6	5	2	3	5	4	6	4	3	6	1	3	3	1	2	5	4	2	6	3	3	6	1	3	2	4	1	7
157	5	3	5	6	5	7	5	5	7	2	3	3	5	4	6	4	3	6	7	5	9	2	3	3	1	3	1	6	4	5	6	4	5	5	5	9	7	3	7	5	6	5	4	2	4	4	4	7	4	3	5	6	6	7	7	4	8	5	3	6	6	5	8	3	4	6	6	5	6	2	2	0	3	3	3	4	3	7	4	3	3	0	0	1	3	3	7	7	4	10
158	2	1	5	3	2	5	0	3	4	3	2	5	2	1	3	3	3	6	2	2	2	0	0	3	3	3	4	2	3	2	3	2	5	5	3	5	2	1	5	4	3	4	1	3	0	3	2	5	2	2	3	5	4	8	2	3	4	4	3	4	5	4	4	0	0	1	3	2	5	1	1	1	4	2	4	2	1	3	3	2	3	2	3	4	3	2	5	3	2	5
159	2	4	6	5	3	6	7	3	5	6	5	7	4	5	5	6	4	8	9	6	13	4	4	5	6	5	9	5	3	7	5	4	5	4	4	6	3	4	2	4	3	3	4	4	5	5	5	8	3	4	7	9	5	7	4	2	6	5	6	7	4	5	6	4	5	7	5	3	8	5	5	7	4	3	4	6	5	9	6	4	8	3	4	7	7	4	8	3	3	6
160	3	2	4	3	2	4	5	3	5	5	3	3	4	2	1	1	2	3	8	3	9	1	1	2	3	3	4	0	3	6	0	2	3	1	2	2	3	3	4	6	4	11	2	3	2	2	2	7	5	2	5	0	1	5	5	3	4	4	2	8	3	2	4	3	2	4	2	2	3	4	2	4	2	2	0	2	2	6	5	3	7	5	3	5	2	1	3	1	1	2
161	4	4	7	5	4	7	6	5	10	3	4	6	6	4	8	7	5	10	5	3	6	7	5	8	7	4	6	3	3	6	7	5	10	4	3	3	4	3	8	7	4	10	2	4	4	6	6	7	3	4	9	6	3	9	7	5	9	4	5	5	5	3	4	5	6	10	6	3	8	5	4	5	3	4	5	1	4	5	5	4	4	5	4	6	8	6	12	6	4	9
162	3	2	2	1	1	2	0	1	1	3	1	1	2	2	2	3	2	3	-1	0	-3	0	1	0	2	3	5	2	2	6	2	3	5	2	0	4	5	3	6	2	2	2	4	2	2	2	2	2	3	4	3	3	2	1	4	2	5	3	2	1	6	4	7	4	2	3	2	1	3	2	2	2	3	2	7	1	2	2	2	1	4	3	4	7	0	0	2	5	3	5
163	1	1	1	3	2	4	3	2	5	0	0	2	1	1	1	3	1	3	-1	0	-2	2	2	3	3	1	3	0	0	0	3	1	0	1	1	0	2	1	3	2	1	7	2	1	3	3	0	1	5	4	5	1	1	2	0	0	-1	0	0	0	1	1	4	0	1	1	4	3	6	2	0	4	1	1	3	0	0	0	1	1	4	2	2	3	0	0	2	0	0	1
164	7	6	8	8	7	15	10	7	14	10	6	13	10	8	12	10	6	8	9	7	12	10	7	11	10	7	13	6	4	7	7	6	8	9	7	9	12	8	14	8	6	13	8	7	9	11	7	11	6	6	10	7	8	10	9	7	13	8	7	11	9	8	10	8	7	10	10	7	13	5	5	6	9	9	13	8	6	7	5	6	6	10	6	10	13	9	14	9	6	8
165	1	2	0	3	2	4	3	3	7	3	1	3	5	4	5	3	3	6	1	1	2	2	2	5	4	2	3	2	2	4	7	5	8	2	2	5	4	2	6	0	1	3	1	2	5	4	3	4	3	2	2	5	2	5	2	1	0	5	3	5	6	3	7	3	3	4	5	2	3	6	4	7	2	2	1	2	3	4	7	4	9	2	2	3	5	3	7	6	3	4
166	2	2	6	4	4	5	4	3	4	4	4	5	3	3	3	0	1	3	7	4	5	5	4	6	4	4	3	5	2	4	4	3	7	1	3	1	3	3	2	6	4	7	1	2	3	3	3	7	5	2	3	1	2	5	4	3	3	3	3	5	5	4	7	9	5	10	7	4	10	5	5	9	6	4	7	8	3	5	3	3	3	5	3	7	3	3	0	2	3	5
167	4	4	4	5	4	4	7	5	8	6	5	8	5	3	9	5	3	7	4	4	8	5	4	7	4	2	5	2	2	0	4	2	3	4	5	6	6	4	6	8	3	9	7	4	7	7	4	9	6	3	6	2	4	6	3	2	3	2	3	6	4	2	4	3	3	3	2	2	6	5	5	5	2	3	5	6	4	6	7	6	12	6	5	4	3	4	4	6	5	7
168	0	4	4	2	2	3	0	3	1	2	3	3	0	2	3	4	2	4	3	1	5	5	4	6	3	3	5	3	3	6	1	2	5	3	2	4	2	1	2	0	1	4	2	2	3	0	2	1	1	1	1	1	2	6	1	1	1	5	3	5	4	3	5	2	2	4	3	3	5	0	2	0	2	3	6	4	1	4	7	2	9	4	1	5	5	4	6	3	3	3
169	3	3	4	6	4	6	4	4	7	2	3	5	5	3	9	6	5	8	6	4	7	4	3	3	6	3	6	7	4	8	5	3	6	3	3	8	2	3	5	6	4	7	5	4	7	5	5	6	0	2	5	2	5	6	5	5	7	2	3	4	7	5	13	3	4	5	4	4	6	2	2	6	6	5	10	5	5	10	5	3	5	4	3	7	3	2	6	3	3	2
170	1	2	5	3	3	2	8	3	9	6	4	5	3	3	5	4	2	5	7	4	6	2	3	6	5	3	6	2	3	4	6	4	7	7	3	7	2	2	4	3	3	5	1	1	0	4	4	4	4	4	7	3	3	4	5	5	8	4	3	1	4	4	8	0	1	4	2	2	1	8	6	9	4	5	8	6	4	9	5	4	7	2	3	5	5	4	8	4	4	7
171	0	1	2	2	2	1	3	2	3	3	3	8	0	2	0	3	4	4	3	3	2	2	1	4	0	1	3	3	4	5	3	2	5	3	3	3	5	2	7	1	2	4	0	3	3	3	2	4	4	2	0	3	3	4	4	3	3	1	2	0	3	2	1	6	3	8	1	2	2	6	5	7	3	4	6	6	4	5	2	2	4	4	2	5	2	1	3	3	1	5
172	3	3	2	4	3	4	2	2	4	6	4	5	3	3	2	0	2	2	4	4	9	2	3	6	4	3	4	2	4	4	5	3	8	6	3	6	5	2	3	6	3	5	0	2	1	4	4	6	4	2	6	2	1	5	5	3	3	3	3	3	4	2	0	7	4	8	2	2	3	6	3	9	5	3	4	2	1	3	5	5	7	5	2	5	6	3	5	2	3	5
173	4	3	4	3	2	5	5	4	9	6	4	7	4	3	7	2	3	2	6	4	5	4	4	7	1	2	3	5	3	8	6	4	9	4	3	5	6	5	8	5	4	7	3	1	5	5	3	6	5	3	6	4	2	8	0	0	0	2	3	4	3	3	6	5	3	7	3	3	5	5	3	4	6	4	8	1	4	4	1	2	2	2	4	3	3	3	5	3	3	3
174	1	3	5	7	6	10	8	5	9	5	5	7	7	6	8	8	5	7	5	4	9	7	6	11	6	5	10	4	5	6	3	5	5	6	6	9	7	4	8	5	5	8	8	8	10	7	5	7	7	4	8	5	3	6	6	6	9	6	4	4	9	4	6	8	5	11	8	5	9	8	6	9	4	5	7	4	3	5	7	6	9	9	6	11	8	6	8	5	4	7
175	5	3	5	2	3	3	2	4	1	2	2	1	1	2	4	0	2	2	4	4	6	5	2	4	3	2	5	6	2	6	5	3	4	5	3	6	3	3	3	4	3	5	2	1	1	4	2	5	6	3	5	4	4	7	2	2	4	3	3	5	2	2	-1	0	1	1	4	2	5	2	1	3	3	4	4	1	1	1	1	1	0	4	3	7	3	4	5	3	1	2
176	4	3	6	3	1	2	4	1	4	2	0	2	3	1	4	4	2	7	2	1	3	4	2	6	3	0	1	0	0	0	2	2	2	5	2	3	0	1	1	0	1	0	3	1	4	2	2	3	4	3	4	2	2	2	3	1	3	2	2	5	3	4	6	1	3	4	0	1	0	2	0	2	4	2	5	0	0	0	-1	0	-1	0	1	5	1	2	3	1	1	4
177	5	3	6	7	2	7	3	3	5	4	3	3	3	4	6	3	3	7	1	0	2	2	3	2	4	3	7	3	3	6	3	1	3	5	4	7	4	4	7	3	3	3	4	3	5	3	3	7	3	3	5	5	2	2	2	2	4	6	3	5	4	4	7	5	3	6	6	3	8	4	3	7	4	3	4	6	4	7	4	3	4	5	3	7	7	5	7	4	3	5
178	7	4	7	4	4	8	2	3	5	6	3	8	6	4	8	4	3	5	6	4	9	2	2	2	3	3	4	2	2	5	5	4	5	5	4	7	6	4	10	0	2	2	6	4	9	3	3	4	4	4	8	2	3	4	6	2	8	2	2	4	3	4	5	3	2	3	1	3	4	5	4	3	4	3	5	5	4	6	4	3	4	6	3	7	3	3	3	5	4	6
179	7	3	9	5	4	8	3	3	6	4	3	4	3	1	3	3	3	2	6	3	9	3	4	7	2	2	2	5	5	5	6	4	8	2	3	2	7	5	10	5	3	7	2	2	2	3	2	5	5	3	6	3	3	7	1	2	2	4	2	4	8	4	13	4	3	9	5	3	9	2	4	4	3	2	4	1	2	3	5	3	7	4	2	4	6	5	8	3	4	4
180	3	2	3	0	2	1	2	2	3	1	2	5	1	2	1	1	2	2	2	2	2	3	3	4	2	2	4	4	3	7	4	3	7	3	3	3	3	2	1	1	2	3	1	3	7	4	5	5	0	2	1	5	4	7	2	1	2	3	3	5	2	3	2	0	2	4	4	3	5	3	3	6	1	2	3	6	4	10	3	2	3	2	2	1	3	1	3	2	2	3
181	0	1	4	3	1	3	2	1	2	3	2	5	1	2	7	0	1	-1	2	2	7	1	1	3	2	3	2	2	0	3	1	1	2	3	0	4	2	1	2	3	2	2	1	2	2	1	1	4	4	2	4	2	2	0	5	3	3	5	3	7	2	1	3	2	3	4	2	1	2	4	2	4	-1	2	0	2	2	2	1	2	5	1	1	4	0	1	0	0	1	1
182	4	4	6	8	6	10	8	5	9	7	5	8	3	3	6	6	6	8	5	4	4	8	4	9	6	5	9	8	5	10	6	4	6	4	4	6	7	5	10	8	5	8	8	5	10	7	6	6	6	5	8	5	3	6	5	4	9	2	3	3	6	5	8	6	4	7	7	5	8	5	3	6	2	2	2	4	3	5	5	5	5	4	4	4	7	5	8	4	4	4
183	3	3	4	2	2	2	1	3	4	4	2	3	6	3	8	2	3	4	2	2	5	5	3	8	2	2	3	3	3	3	2	1	4	5	3	6	1	2	0	4	4	2	4	4	6	4	3	6	3	4	3	0	2	0	5	4	7	2	2	3	7	2	5	0	3	1	2	2	1	5	3	6	3	3	6	3	2	6	4	3	7	0	2	2	2	2	3	4	4	4
184	5	3	6	1	2	1	3	2	3	4	2	5	7	5	11	6	3	4	0	0	1	2	2	2	3	1	4	4	1	3	0	2	3	3	3	8	3	1	3	1	2	5	3	3	3	1	2	2	2	1	3	4	2	6	1	1	1	1	3	0	2	2	4	1	2	0	2	3	3	3	2	4	3	2	3	5	3	5	0	2	1	2	1	1	2	1	1	3	2	1
185	6	3	7	3	3	4	2	2	3	3	2	6	2	1	1	6	3	5	4	2	4	1	1	5	4	3	4	1	2	4	3	2	4	3	3	5	6	3	7	2	2	3	4	3	4	4	4	4	1	2	5	2	4	3	1	2	6	5	0	5	5	2	6	1	2	4	7	4	10	4	2	4	3	3	5	3	3	1	4	1	5	8	5	6	3	3	1	6	2	2
186	4	2	5	3	3	4	2	3	0	5	3	7	0	2	3	2	3	2	1	2	4	2	2	4	4	4	6	4	2	3	1	1	4	5	1	3	5	2	6	7	3	5	2	2	1	3	4	4	2	2	3	4	1	3	2	3	2	2	2	1	5	3	6	2	4	3	3	3	6	5	3	8	5	2	4	0	2	2	4	1	4	5	2	2	2	4	5	3	4	4
187	7	4	6	7	5	7	6	4	8	8	5	10	2	3	0	8	5	10	2	2	4	8	5	10	7	5	6	5	3	6	6	3	9	6	3	9	5	5	7	6	5	5	6	6	12	6	4	7	3	3	2	6	3	7	5	4	5	5	4	10	3	3	6	4	4	7	2	3	5	3	2	5	2	3	3	5	4	6	1	3	1	7	4	7	5	4	5	7	4	6
188	4	3	7	3	3	7	4	3	8	1	3	3	3	3	1	6	4	6	4	2	4	3	4	6	3	2	4	2	4	4	1	2	1	1	1	3	3	2	1	3	4	3	3	3	3	4	4	3	2	2	6	1	4	4	1	2	2	1	2	5	5	2	7	4	3	6	4	3	2	1	1	0	4	2	5	0	0	0	7	4	9	2	3	6	6	4	9	2	3	5
189	7	5	10	4	2	3	5	5	7	8	4	6	5	2	7	3	3	5	6	5	12	3	5	6	6	3	5	4	3	6	2	3	4	3	3	3	1	4	4	3	3	3	5	4	7	6	5	5	0	2	2	5	5	4	6	4	7	7	5	7	7	5	11	5	5	8	-1	2	1	7	3	7	5	5	5	3	3	1	3	4	6	4	3	6	4	3	5	7	4	11
190	0	2	3	3	1	1	1	0	0	1	3	5	3	3	5	3	3	2	5	3	6	0	0	0	4	2	5	0	2	2	6	4	4	3	2	3	2	2	1	3	2	2	4	5	9	3	2	3	0	2	0	5	3	8	4	3	4	2	1	2	5	4	7	3	2	4	1	1	1	3	3	2	5	1	3	3	2	7	3	3	4	5	3	4	3	1	4	4	4	6
191	4	5	8	2	4	6	4	2	3	3	3	4	1	4	2	5	4	6	5	3	6	1	2	3	1	1	3	0	2	4	5	3	6	6	5	5	3	3	3	3	1	2	2	3	6	3	1	1	6	3	7	3	3	5	6	4	5	4	4	5	4	3	5	2	2	2	2	3	4	2	3	4	3	2	4	5	2	4	2	4	4	6	5	6	3	3	4	2	2	5
192	6	4	7	4	3	4	2	3	4	1	1	1	3	2	6	4	4	6	3	2	5	0	1	1	6	3	8	4	3	5	5	4	6	5	4	5	4	4	5	6	4	10	5	3	7	4	3	7	1	2	3	4	4	7	5	3	6	4	3	4	1	3	5	2	3	4	0	0	0	4	3	5	0	1	1	3	1	5	1	2	0	6	4	5	5	3	7	4	5	8
193	1	3	1	5	3	7	3	3	5	6	3	5	3	3	4	5	4	4	3	2	3	1	2	4	4	4	8	0	0	2	5	4	3	2	3	3	5	3	8	2	4	4	2	1	3	5	4	8	4	5	8	4	5	8	2	3	2	5	5	8	5	4	6	5	4	8	2	3	1	2	4	4	6	3	3	2	1	4	2	3	3	4	4	7	3	3	5	4	3	6
194	4	3	5	2	1	4	3	2	4	3	2	5	1	0	0	-1	1	0	2	3	5	2	2	5	5	3	7	2	2	6	2	2	3	0	0	0	3	1	4	1	1	0	6	4	8	0	0	1	2	2	6	5	3	5	1	2	2	2	3	1	0	1	2	1	1	2	2	1	1	4	2	1	1	3	5	2	1	0	0	0	1	4	3	4	2	3	5	2	0	2
195	1	1	0	2	3	2	1	1	0	3	3	4	1	1	0	-1	2	0	3	2	2	0	-1	0	2	1	0	1	1	4	3	2	2	1	2	4	2	2	2	3	3	5	6	3	5	3	3	5	4	1	3	1	0	1	1	1	0	0	2	0	2	2	4	2	2	3	3	1	2	1	2	2	0	1	2	0	2	1	0	1	2	2	1	0	2	0	3	0	0	-1
196	8	6	10	7	6	14	4	5	4	9	4	10	6	5	7	7	6	7	6	6	6	7	6	8	5	5	7	4	4	6	7	6	7	8	6	9	7	6	9	4	4	6	5	5	4	9	4	9	6	6	7	6	4	7	6	6	8	6	5	6	5	5	8	7	6	9	4	4	4	4	5	8	4	5	6	7	5	7	7	6	13	9	6	10	7	6	9	6	6	5
197	4	4	8	4	3	3	1	2	1	2	2	0	7	5	6	4	3	6	1	3	5	6	3	9	6	5	6	6	3	5	9	4	8	7	5	10	7	4	8	8	5	8	2	3	3	4	2	5	4	3	6	5	4	8	4	3	7	3	2	4	3	2	4	5	4	4	5	2	1	7	4	7	5	3	6	1	1	1	4	4	6	6	5	8	4	3	5	3	3	5
198	2	1	3	1	2	1	0	0	1	4	2	6	5	2	5	-1	0	0	4	3	4	3	2	2	4	2	4	5	2	6	2	3	8	2	1	3	0	0	1	2	1	2	2	1	5	4	2	4	4	3	6	2	2	3	1	2	4	2	2	4	5	3	4	0	2	2	3	2	4	0	1	0	2	1	2	1	1	3	2	1	5	0	1	2	0	1	3	1	2	4
199	4	2	4	6	2	7	1	1	1	0	1	0	3	2	3	2	3	5	3	1	4	1	2	2	3	1	3	2	3	1	5	4	7	5	3	6	5	3	5	3	4	6	3	3	3	5	2	6	5	4	4	2	3	5	3	3	6	2	2	5	4	2	6	5	4	5	1	1	3	6	4	5	4	4	5	5	3	5	4	2	4	1	2	1	1	1	0	3	3	4
200	1	3	2	4	2	7	1	1	0	2	1	2	4	2	4	1	2	4	2	1	0	3	2	4	4	2	4	0	1	1	1	1	2	2	3	2	2	2	2	2	2	3	2	3	4	4	2	5	0	1	3	2	1	3	2	2	4	0	1	0	3	3	3	4	3	3	0	1	-1	4	1	5	2	2	5	0	1	0	2	2	3	3	2	2	2	0	1	2	2	2
201	6	5	11	8	5	6	8	7	10	9	6	12	8	4	8	9	7	10	9	7	12	4	5	6	9	6	11	9	6	14	5	6	9	8	6	11	4	4	6	9	7	12	7	5	5	7	7	8	7	6	9	7	6	9	8	7	11	5	5	7	5	5	7	6	5	7	6	6	10	10	8	15	5	3	6	9	6	11	8	5	10	9	4	9	3	5	5	8	7	9
202	4	3	5	2	3	5	4	4	6	4	3	4	8	5	10	5	5	6	6	5	8	5	4	10	5	3	6	7	5	8	6	5	9	4	3	2	7	5	9	4	3	6	5	4	7	6	4	5	5	4	7	3	2	5	4	4	8	4	5	6	6	4	4	6	5	9	4	4	6	6	4	8	6	4	10	8	5	9	4	5	8	5	6	7	9	4	8	5	5	8
203	5	3	5	3	2	4	4	3	3	5	3	5	4	3	6	3	3	4	2	4	4	3	3	3	3	2	4	5	3	6	0	2	3	5	3	7	3	3	4	0	0	2	4	2	2	4	3	7	2	1	5	4	3	3	2	1	1	4	4	5	4	3	6	3	3	2	5	4	9	5	2	5	5	4	8	4	3	7	5	4	5	4	3	5	3	3	4	3	3	4
204	5	3	6	2	3	2	5	4	5	5	3	3	4	3	4	4	5	5	4	4	5	3	3	5	0	1	4	7	6	10	5	2	5	7	6	8	5	2	5	5	3	7	4	4	5	5	4	6	1	1	4	6	2	3	4	3	5	6	6	9	4	1	5	4	4	5	2	2	1	4	4	4	5	3	10	3	4	6	3	2	4	7	3	7	2	5	3	4	4	7
205	4	4	7	2	1	2	3	2	3	3	2	4	3	3	3	1	1	4	1	1	4	1	1	2	3	3	1	1	2	3	1	4	4	3	3	5	1	0	2	0	0	2	2	3	4	3	4	4	4	3	5	3	2	2	2	5	5	3	3	5	4	2	5	4	2	4	4	3	7	5	3	9	2	2	6	2	2	2	3	3	6	2	2	2	3	2	4	6	4	8
206	2	1	3	2	2	3	4	1	5	5	3	5	2	2	3	4	2	3	3	1	5	5	5	8	5	2	7	3	2	3	2	1	4	1	2	1	2	1	2	2	2	4	1	1	2	3	3	5	3	2	3	6	3	6	5	3	5	3	3	7	1	1	4	6	4	8	3	3	7	2	3	3	1	1	0	3	3	6	3	2	3	0	2	3	2	3	6	6	2	8
207	2	2	5	2	2	3	3	4	8	1	1	2	2	2	4	4	3	4	0	1	1	3	3	3	0	2	3	1	1	3	2	3	1	2	2	3	4	4	5	2	2	4	3	3	5	2	1	3	4	3	7	3	0	3	1	0	0	1	2	2	4	3	5	2	1	0	3	1	3	2	2	3	2	1	1	2	1	5	2	1	3	1	3	2	1	0	1	3	3	4
208	4	3	3	5	3	6	2	1	2	2	2	1	0	0	5	1	1	3	5	4	9	0	1	-1	1	2	0	1	3	3	1	1	4	2	4	3	5	2	5	5	3	5	1	1	1	5	3	5	0	0	1	4	3	7	1	0	4	2	4	7	1	1	2	4	2	6	3	3	3	2	2	3	3	3	4	9	5	9	2	3	4	2	3	2	3	2	3	1	1	4
209	5	3	9	6	5	6	9	6	12	9	5	8	8	4	9	8	5	11	4	4	7	4	5	7	6	5	8	6	4	5	6	5	8	6	5	9	9	5	9	2	3	5	7	5	8	3	3	4	7	5	6	6	4	9	4	3	5	7	5	7	7	4	8	5	4	4	8	6	10	6	5	9	5	5	9	7	5	9	3	3	6	6	5	6	6	5	9	0	3	0
210	4	2	4	3	2	4	4	5	5	6	3	7	4	3	4	1	3	2	4	2	6	2	3	2	3	2	4	-1	2	0	2	4	5	3	4	3	4	3	2	2	1	4	2	3	4	5	3	7	5	4	9	4	3	8	4	3	5	4	3	5	2	3	2	3	4	3	4	3	8	3	3	6	4	2	3	0	1	2	4	3	8	3	3	5	4	2	2	1	2	3
211	4	3	4	2	1	4	4	2	2	2	3	4	1	3	4	7	6	8	4	2	6	1	2	5	5	3	5	3	4	4	2	3	4	5	4	8	8	5	8	3	2	3	3	3	7	4	3	7	6	3	6	3	4	7	4	5	8	3	3	5	0	2	1	4	2	4	2	3	3	3	3	3	4	2	5	0	2	2	4	4	4	6	4	7	2	3	4	1	1	2
212	4	3	4	1	3	3	5	4	4	4	3	5	4	2	6	4	3	5	4	4	6	6	4	8	5	3	5	3	1	3	7	3	8	2	2	4	3	3	3	0	2	2	3	3	7	1	3	4	3	4	4	4	4	5	3	2	2	5	3	6	6	4	5	5	3	6	3	2	3	2	2	3	3	2	2	2	4	4	6	2	6	5	4	9	5	4	8	3	3	4
213	7	6	10	4	4	6	4	5	5	5	5	8	4	4	8	6	4	7	8	5	8	8	5	11	6	3	7	7	6	8	4	4	4	7	6	9	4	4	7	4	4	5	9	5	8	7	5	7	7	6	9	6	5	7	7	5	9	7	5	8	5	4	7	5	5	9	3	3	3	8	6	11	3	4	4	5	5	7	6	3	9	6	5	8	8	6	11	4	3	4
214	2	3	6	2	2	3	3	2	3	2	3	3	6	4	9	5	2	6	4	1	6	2	2	5	2	2	5	0	2	3	0	2	0	2	2	6	4	2	1	0	1	3	1	2	3	0	2	3	6	5	7	2	3	5	4	4	6	3	2	5	3	3	4	6	4	5	2	3	5	3	0	3	0	2	1	2	2	5	5	4	7	1	1	1	3	3	3	4	1	4
215	1	1	0	-1	2	0	0	1	1	3	1	6	1	1	1	1	1	1	2	1	1	1	2	2	5	2	5	1	2	1	4	1	3	-1	2	1	3	1	5	2	3	5	0	1	5	0	1	0	3	1	3	3	2	4	4	2	2	4	2	5	0	1	3	2	1	2	0	2	1	3	3	4	0	2	2	1	1	4	3	1	4	0	2	2	1	0	3	4	3	5
216	2	5	4	8	6	8	7	4	9	9	6	11	6	5	5	6	6	8	5	4	7	6	4	6	4	5	6	5	5	6	6	4	7	7	5	8	6	4	4	1	3	1	4	5	6	7	5	7	6	4	6	6	6	10	5	5	8	8	4	8	4	3	5	5	4	7	6	6	9	5	6	10	6	4	6	6	5	9	5	4	4	7	5	7	9	5	11	7	6	8
217	3	3	4	3	2	5	3	3	4	0	1	0	3	4	7	1	2	4	2	2	1	5	2	5	4	3	5	4	3	7	4	3	6	3	3	3	2	2	2	1	2	-2	2	3	3	0	0	0	3	1	3	2	3	5	1	2	4	2	3	3	-2	1	0	4	3	6	4	4	9	3	3	4	5	4	7	3	3	5	3	3	2	5	2	7	3	3	5	4	2	3
218	2	2	3	2	3	5	3	3	3	2	1	2	5	2	6	1	2	3	0	1	4	7	3	8	0	0	0	3	2	4	0	1	0	3	3	0	7	5	7	2	2	5	2	2	7	2	2	7	2	1	1	2	5	6	2	1	2	3	2	5	0	1	0	3	3	1	1	3	5	1	3	1	2	3	4	3	3	6	4	2	3	6	3	7	8	3	8	2	2	2
219	4	2	5	3	0	3	2	1	4	2	1	5	0	1	0	4	1	5	2	2	4	0	2	0	0	1	2	3	3	4	3	2	3	4	3	6	0	1	1	2	2	2	5	3	5	0	0	2	-1	0	1	2	1	2	3	3	7	2	2	0	0	1	1	1	2	3	3	1	3	2	2	1	2	3	5	0	1	3	2	0	3	5	1	4	3	2	3	3	3	3
220	0	0	0	1	0	3	3	1	2	0	0	0	1	1	5	2	3	3	0	3	1	0	1	0	1	2	4	0	1	1	0	3	2	0	1	0	-1	0	0	4	2	2	2	2	4	0	1	0	1	1	-1	0	0	0	1	3	2	4	2	4	3	2	2	0	0	3	3	1	2	1	0	0	6	3	6	1	2	2	4	2	6	1	1	0	3	1	5	2	0	1
221	3	3	5	0	2	2	4	1	1	2	1	1	5	4	6	4	2	5	5	3	6	3	2	3	2	2	4	2	3	4	1	3	3	0	4	3	3	3	3	1	2	1	5	4	4	7	3	7	3	3	3	3	3	5	5	2	4	3	2	5	5	2	3	3	3	4	1	2	2	2	1	3	5	4	4	5	2	7	3	2	3	1	2	4	5	2	4	0	0	0
222	4	4	5	1	2	5	4	3	5	1	2	1	7	4	7	3	3	7	3	4	5	5	6	8	6	4	8	4	3	5	3	2	4	7	3	7	2	4	8	3	2	5	4	2	4	2	1	4	2	2	4	2	2	4	6	4	8	2	1	5	2	4	3	6	6	4	4	2	7	0	2	1	6	5	9	3	5	7	6	3	8	4	3	5	3	3	6	5	2	6
223	8	6	9	5	2	5	6	4	4	6	5	10	6	5	8	3	3	5	6	5	8	5	3	8	5	5	5	6	5	9	7	5	8	4	3	6	6	4	8	5	2	6	7	5	10	4	4	5	5	4	5	6	5	10	5	5	8	5	3	4	6	6	6	3	5	6	6	4	10	5	5	8	4	4	2	5	6	7	5	4	6	4	4	5	3	3	3	4	3	6
224	6	4	8	5	5	9	5	5	7	5	5	7	4	5	6	2	4	6	3	4	5	7	4	7	2	2	5	5	4	5	5	4	9	6	4	7	5	3	7	6	4	5	2	4	3	5	4	5	2	4	6	6	4	8	4	4	6	4	4	7	6	3	6	7	5	8	5	4	6	5	4	6	3	3	5	3	3	6	7	2	5	5	3	4	4	5	7	3	5	5
225	5	3	2	1	1	2	1	3	4	1	0	0	3	3	5	4	3	5	2	2	6	4	4	7	2	3	4	5	3	7	3	2	6	4	4	8	6	2	7	5	3	5	3	3	5	5	3	6	4	2	6	3	3	3	5	5	6	3	3	2	6	3	8	4	3	6	1	2	5	5	3	8	2	2	2	2	2	1	3	1	0	5	2	8	5	2	5	2	1	3
226	4	4	7	4	3	3	5	3	7	6	4	7	4	2	3	2	3	6	0	0	0	4	4	2	5	4	8	6	2	5	3	3	7	5	3	4	5	3	5	3	3	3	4	2	6	2	3	4	1	3	8	4	3	3	3	3	4	4	3	6	6	3	5	6	3	10	2	0	3	5	4	8	3	3	5	5	3	6	3	4	7	5	3	9	1	2	1	4	4	7
227	6	3	9	0	1	2	0	2	0	3	2	4	2	2	2	5	3	5	1	3	3	2	2	3	0	1	3	2	2	3	6	3	4	0	1	0	4	3	6	4	1	3	3	3	5	1	3	4	1	1	0	1	2	2	3	4	5	3	2	3	2	2	3	2	3	6	3	2	3	3	2	5	3	3	3	0	1	3	3	3	5	6	3	6	1	2	1	3	2	5
228	4	3	5	3	3	7	3	4	8	2	3	5	2	2	4	5	3	5	1	2	1	4	3	5	4	2	5	4	4	8	4	3	7	5	3	7	3	2	3	1	3	3	2	2	2	0	2	0	0	1	0	1	2	5	2	1	1	4	2	6	2	1	0	3	2	3	1	2	4	4	3	3	4	3	4	3	1	0	0	1	4	1	1	3	2	1	1	2	3	3
229	6	3	5	6	4	5	5	4	4	5	5	7	3	4	5	4	3	3	6	6	8	2	2	3	5	2	5	5	3	7	6	4	11	7	4	9	2	2	2	6	4	5	2	3	4	7	5	10	6	5	5	5	5	7	4	3	8	3	4	6	2	3	2	6	4	8	5	4	6	4	4	5	6	3	3	5	4	7	3	2	4	3	4	5	5	3	7	3	4	4
230	0	0	0	4	3	8	2	2	1	4	3	6	3	1	5	2	1	4	3	1	4	1	1	0	1	1	1	7	3	5	2	1	2	3	2	5	0	1	1	2	2	3	1	1	2	3	1	2	0	2	4	2	2	4	3	2	4	0	0	-1	2	0	0	4	2	4	2	2	1	3	3	2	2	1	2	5	1	5	2	2	3	0	2	4	4	2	1	6	2	7
231	7	5	8	7	7	9	5	4	5	7	7	10	7	3	7	6	6	11	6	5	9	7	6	9	11	7	12	4	4	8	6	4	9	4	5	8	6	4	6	8	6	9	7	5	10	5	6	11	5	6	6	7	5	8	6	4	6	8	4	8	4	5	8	5	5	7	4	4	8	5	5	9	4	5	8	4	4	5	6	6	8	9	5	11	8	6	11	4	4	4
232	6	4	6	2	2	2	2	4	4	1	3	2	6	4	7	2	3	4	3	3	5	2	3	7	7	5	12	3	4	3	5	3	6	4	5	3	3	3	6	6	4	7	6	2	3	2	3	6	6	3	3	2	3	1	7	4	6	5	4	7	2	3	2	1	1	2	4	5	11	4	3	7	1	4	3	1	2	5	3	2	4	3	3	5	3	3	3	5	3	7
233	6	5	8	6	3	7	4	3	7	5	4	8	3	2	4	3	3	5	4	3	4	4	3	4	5	3	5	4	3	7	3	3	3	7	4	7	3	4	4	4	3	3	4	3	5	7	4	7	3	4	8	4	3	5	4	4	5	2	2	4	5	4	9	3	2	5	2	3	4	3	2	7	4	3	3	5	6	7	1	3	4	3	3	4	3	2	4	3	4	5
234	2	1	4	5	4	4	4	3	4	4	2	6	4	3	7	1	1	3	0	3	4	3	4	5	2	1	3	2	1	3	3	2	3	4	3	3	2	2	2	0	1	-2	2	1	0	1	2	1	2	1	5	2	2	2	3	3	4	0	1	0	0	1	4	4	2	2	4	4	4	0	0	0	1	0	0	3	3	6	3	2	4	2	3	3	2	2	0	-1	0	0
235	1	3	5	2	2	5	5	3	4	3	2	1	5	3	5	4	3	7	4	2	6	2	1	0	3	4	5	5	3	4	3	2	7	5	1	1	1	2	1	2	4	3	4	3	6	6	2	4	3	2	6	3	2	2	6	2	6	1	1	3	0	0	-1	4	1	4	1	2	4	0	2	3	3	3	3	1	2	0	2	2	3	3	3	9	-3	1	-1	3	2	5
236	1	3	2	1	1	0	1	1	4	0	0	3	0	3	2	2	0	1	5	2	4	4	2	2	0	0	0	2	2	3	1	1	4	1	1	2	2	1	1	3	2	2	6	1	8	0	2	3	4	2	4	1	1	2	2	0	2	1	3	2	3	1	3	0	2	2	0	2	0	3	1	3	3	3	1	2	3	3	1	1	-1	2	0	4	4	3	6	2	1	3
237	4	2	5	6	4	8	3	1	0	0	1	1	5	3	7	5	2	7	2	2	4	4	3	7	3	4	7	7	4	6	2	2	1	4	3	4	2	2	6	0	3	3	0	3	4	4	5	5	5	2	6	2	1	2	3	3	3	-1	2	0	5	3	6	2	3	6	4	4	9	4	2	3	3	3	4	1	2	4	3	2	3	6	3	7	5	3	9	5	4	4
238	6	5	7	5	2	7	5	3	8	5	3	4	4	1	3	2	1	2	4	3	1	5	5	8	1	3	5	7	4	6	5	3	7	4	3	6	5	4	6	5	4	6	7	4	4	6	3	5	3	5	5	2	3	5	5	5	5	5	4	4	8	5	8	3	3	4	2	3	4	3	3	5	5	4	8	5	4	6	3	3	5	5	2	4	1	3	4	8	7	7
239	2	3	4	6	3	4	4	3	7	3	2	3	5	3	8	2	2	2	3	3	7	4	4	7	0	2	5	5	5	6	5	3	5	6	3	5	1	1	1	5	4	1	6	3	5	3	2	6	7	4	6	5	3	6	2	3	6	6	4	6	4	4	5	5	3	7	4	4	6	6	3	8	2	3	5	2	3	6	3	3	6	8	6	10	3	4	5	5	3	6
240	2	2	1	0	0	-1	0	2	0	2	1	3	2	1	2	1	2	1	2	3	6	3	3	3	4	5	7	0	0	0	5	3	5	3	2	5	3	2	4	5	3	6	3	2	5	3	2	2	3	2	5	1	2	3	3	3	4	1	2	1	2	1	3	2	3	1	2	1	5	2	2	3	2	3	5	5	3	8	1	1	3	4	3	6	2	3	6	1	3	4
241	1	1	1	5	5	9	0	1	0	0	2	1	5	2	5	0	1	0	3	2	6	1	2	0	2	1	5	7	3	8	2	2	5	2	3	5	4	3	5	0	1	3	1	1	2	0	2	2	3	2	4	0	2	0	1	2	5	2	1	3	3	0	2	2	2	3	4	3	4	1	2	1	2	2	2	2	2	0	2	2	3	1	4	6	4	3	6	2	2	1
242	0	1	1	4	4	7	0	1	-1	2	0	3	2	1	4	1	4	4	1	2	3	0	1	1	4	1	4	1	3	1	1	3	4	4	3	5	4	3	6	5	4	6	3	3	3	2	3	2	2	0	0	0	1	-1	4	3	6	0	0	0	4	2	3	3	0	3	5	5	8	2	3	4	1	1	0	4	4	7	5	3	5	4	1	5	2	2	3	4	3	5
243	5	5	7	5	4	7	5	5	7	9	5	11	7	5	9	11	5	12	6	5	5	5	4	7	5	6	6	6	4	7	6	6	10	6	5	5	6	5	8	7	5	7	5	4	7	5	5	6	3	5	7	7	4	9	4	4	7	4	4	3	5	3	7	6	4	8	6	4	4	5	5	7	5	5	9	7	4	7	7	5	8	6	6	6	5	4	6	7	5	10
244	0	2	-2	4	2	3	3	1	4	3	2	6	3	3	4	1	2	4	1	1	1	2	1	4	0	0	2	1	2	2	2	2	4	1	0	5	2	2	3	3	1	1	5	2	6	4	2	3	0	2	0	2	2	3	4	2	5	2	2	2	1	2	1	0	1	3	5	3	6	3	1	4	4	3	7	0	0	-1	1	2	4	4	3	6	2	1	2	4	2	5
245	4	2	4	3	3	4	3	3	3	4	3	4	3	2	5	4	2	3	4	4	7	2	4	3	2	2	6	3	3	3	3	3	1	3	4	4	4	2	6	2	2	2	1	2	4	3	4	6	2	3	4	5	1	7	2	4	4	2	2	4	4	2	3	4	3	2	4	3	6	5	3	5	6	5	8	3	2	4	0	1	2	6	3	7	2	3	5	7	4	7
246	5	5	7	10	7	13	8	7	9	6	5	5	7	6	10	6	5	8	10	7	11	5	5	7	7	7	8	7	5	6	5	5	8	5	4	6	7	6	9	6	5	7	6	4	8	7	5	8	2	4	7	7	5	11	3	5	9	5	5	7	4	4	6	6	5	8	7	5	9	7	5	8	6	4	6	8	6	10	5	4	8	8	7	7	6	4	6	9	7	13
247	1	0	1	5	2	6	7	4	10	3	1	5	1	2	2	1	1	4	4	3	5	5	5	7	2	4	4	4	2	5	1	2	2	4	1	4	5	3	3	4	3	6	3	3	4	0	1	1	4	4	4	2	2	3	1	1	1	1	1	0	5	3	4	2	3	3	0	2	0	3	3	3	4	3	6	4	3	6	3	4	2	4	3	4	3	3	7	2	2	2
248	2	2	4	4	2	5	2	0	1	1	1	1	-4	-1	-4	-2	1	-2	3	2	5	-3	0	-2	2	2	4	0	1	1	1	1	2	1	1	2	0	2	2	2	2	3	2	1	3	0	2	0	3	3	4	0	0	2	1	2	3	-2	0	0	4	1	2	1	1	3	4	2	6	1	2	1	0	2	2	0	0	0	3	1	1	2	1	1	1	3	4	4	1	3
249	4	3	7	-1	1	0	0	0	2	3	4	8	2	3	4	1	1	-1	4	2	6	2	1	2	1	2	1	3	2	5	3	3	4	5	2	4	3	3	6	4	4	4	5	2	7	3	2	2	3	1	3	2	2	5	2	3	7	4	3	8	0	2	2	3	2	5	2	2	4	5	3	6	3	3	5	5	3	6	1	1	3	2	2	1	3	1	1	4	3	4
250	3	4	5	5	4	6	5	3	9	5	4	6	7	4	8	5	3	4	5	4	7	2	2	3	5	5	7	0	2	3	1	3	5	4	3	8	2	2	2	4	3	5	4	2	4	5	3	5	1	3	0	5	4	7	4	1	3	5	4	7	5	4	5	6	4	7	9	5	11	2	3	3	5	3	6	3	3	7	4	3	6	1	4	3	4	4	6	6	4	5
251	5	2	6	4	3	8	0	3	0	3	2	4	2	3	4	2	3	4	1	2	3	2	2	2	4	2	4	3	1	1	2	2	2	2	4	4	4	3	7	5	3	6	3	3	3	2	3	3	0	1	0	6	3	6	4	3	4	3	3	6	3	4	2	5	3	5	2	2	5	4	4	6	2	3	4	3	3	6	4	2	3	2	2	2	3	2	6	0	1	1
252	1	0	3	3	3	3	2	2	2	4	3	3	4	2	7	3	2	6	0	2	3	2	2	4	3	2	2	3	3	2	5	3	6	3	2	7	0	3	3	0	0	0	7	3	3	0	2	2	6	4	9	4	3	4	0	1	0	2	2	3	1	2	0	1	1	2	0	1	1	4	2	5	2	3	3	4	3	4	3	4	6	3	2	3	4	4	9	2	3	3
253	2	1	1	3	2	3	5	2	3	0	3	1	4	3	5	6	3	3	4	4	6	0	2	1	1	2	2	3	3	3	1	2	4	0	2	0	3	1	4	4	3	6	4	2	6	5	2	5	3	3	5	4	3	7	1	2	4	2	2	6	1	3	5	7	4	10	4	2	6	3	2	4	3	3	4	1	1	0	2	2	4	5	3	6	1	2	3	0	1	2
254	1	1	5	2	3	4	6	4	6	3	3	5	5	5	10	5	4	7	0	2	2	5	3	7	2	4	7	6	3	6	3	2	3	7	3	5	3	3	3	4	4	8	2	1	2	3	3	5	0	0	0	5	3	5	2	2	0	5	5	8	4	4	6	2	3	5	6	3	7	4	4	6	4	4	3	1	2	2	0	1	0	6	4	6	3	2	1	6	4	7
255	5	4	7	5	6	8	8	5	9	8	6	10	3	4	3	3	3	4	4	3	9	8	6	11	8	4	9	7	6	9	7	4	9	4	4	5	5	4	8	6	6	10	2	4	4	4	3	2	8	6	11	5	6	9	4	4	3	7	4	8	6	5	7	5	4	6	7	6	8	6	5	11	7	4	8	7	5	11	9	6	10	7	3	9	4	4	5	7	5	7
256	0	2	1	3	3	6	3	2	3	2	1	5	2	3	3	9	4	10	3	1	2	2	1	4	3	2	3	1	3	3	9	4	10	4	3	4	3	4	4	2	4	1	3	3	6	4	3	4	3	3	5	5	1	7	1	2	2	2	2	4	3	3	3	3	3	8	3	2	5	4	3	5	3	2	2	5	3	5	5	2	8	3	3	4	4	3	5	3	2	3
257	5	4	7	6	4	9	6	5	7	2	3	4	4	5	7	5	4	5	5	3	5	5	4	4	5	4	5	5	5	8	6	3	8	8	4	8	7	5	6	7	4	7	2	2	6	5	4	8	3	3	4	5	3	5	5	4	9	7	5	10	3	5	6	4	3	4	5	4	7	4	3	6	7	5	8	4	4	8	4	5	8	5	4	3	5	4	7	6	4	6
258	1	2	0	4	3	6	5	4	6	4	4	4	5	5	6	4	4	8	6	3	8	5	3	5	3	3	4	3	3	3	4	2	6	5	3	6	6	3	9	4	3	3	3	4	5	4	3	3	6	4	5	5	4	7	8	4	9	6	4	5	3	3	5	7	5	10	5	5	9	7	5	9	5	3	7	5	4	7	6	4	8	7	4	4	4	3	3	3	4	5
259	4	3	7	2	3	4	2	3	4	1	2	4	7	4	8	4	3	8	4	2	6	5	2	5	2	3	3	3	2	3	5	4	5	4	2	6	3	2	7	0	0	-1	3	4	4	4	2	6	5	2	4	6	3	8	5	4	7	4	3	6	3	2	5	5	2	3	1	2	3	6	5	8	0	2	3	4	3	6	5	4	5	3	1	5	3	3	5	1	2	2
260	2	3	4	3	1	2	0	2	3	1	1	1	3	1	3	0	0	0	1	1	2	1	1	4	-1	0	0	4	2	5	5	4	6	3	3	5	2	0	1	2	1	3	1	3	4	3	1	4	3	2	4	2	2	1	4	1	5	4	2	4	1	2	2	1	2	1	3	2	1	0	2	2	0	1	0	0	1	0	2	1	6	3	1	1	3	1	6	0	0	1
261	2	2	5	3	3	2	2	3	3	1	2	5	5	3	8	5	3	4	5	4	5	4	3	7	6	3	6	1	1	1	3	1	4	5	4	6	2	3	3	4	4	6	5	3	5	3	2	2	5	3	7	4	4	5	3	2	1	6	3	6	0	2	2	3	3	5	2	0	3	4	3	7	4	3	3	4	3	6	2	3	3	6	2	3	3	1	1	6	3	3
262	5	2	7	2	2	3	1	2	1	2	2	4	2	3	5	2	2	5	6	5	11	1	1	2	0	1	3	1	2	4	6	4	6	6	3	8	1	2	2	2	1	2	3	2	6	1	2	1	5	4	6	3	2	5	2	0	2	4	3	5	3	1	1	5	3	4	1	2	6	3	1	3	2	3	4	4	4	7	3	2	3	3	3	5	4	3	5	3	1	7
263	1	3	3	5	4	7	7	4	10	5	5	11	2	2	1	0	1	2	5	4	3	4	2	2	5	5	7	1	2	2	4	3	5	4	3	5	6	5	7	4	3	9	4	4	7	1	1	2	3	3	5	6	4	6	0	2	2	4	4	5	3	3	5	2	2	2	3	3	4	5	4	5	4	3	6	2	2	3	7	5	8	2	2	6	3	3	5	3	3	4
264	7	6	8	8	4	9	6	5	9	7	5	5	4	3	5	7	3	7	5	5	11	3	5	5	7	5	6	6	6	7	5	5	7	3	4	5	7	6	9	3	3	3	8	6	10	6	5	7	2	3	4	5	3	6	4	3	2	3	5	7	5	5	8	4	3	7	7	4	7	4	4	3	7	5	8	4	5	5	5	4	10	8	5	11	8	6	9	4	4	6
265	8	6	9	6	5	6	11	7	12	7	7	12	5	5	7	8	5	6	10	6	10	5	4	6	11	8	12	8	6	11	8	5	9	5	5	9	10	6	12	8	6	9	10	6	12	6	5	7	7	6	12	7	5	6	7	4	7	6	6	9	9	6	10	6	7	9	5	6	4	4	4	8	4	5	7	7	6	9	6	5	10	7	5	8	7	6	9	3	4	8
266	5	6	9	6	4	7	5	4	8	7	4	6	1	3	4	6	4	10	9	6	11	8	7	11	3	4	4	7	6	8	2	4	2	4	4	6	8	5	12	6	6	9	5	4	6	5	5	7	5	4	5	3	5	4	6	4	7	4	5	5	4	4	3	5	4	6	7	5	12	4	5	5	3	5	6	1	1	4	6	5	9	5	5	8	5	4	8	8	6	9
267	3	2	5	4	2	5	4	3	1	3	2	5	5	4	6	4	3	7	6	3	5	4	3	4	6	3	4	4	0	3	6	4	6	3	2	5	4	2	3	5	4	9	4	3	8	2	2	2	5	2	5	4	3	3	4	2	6	2	1	3	4	3	5	4	2	1	3	2	6	3	1	2	3	3	7	4	3	6	4	3	4	3	2	2	5	4	4	3	2	5
268	1	2	5	0	1	-1	4	3	4	0	1	-1	0	1	2	2	0	1	2	2	3	0	0	0	1	1	1	1	2	1	5	3	5	3	2	6	4	4	7	2	1	3	0	1	3	1	0	2	1	2	3	0	0	0	-2	0	-2	3	1	4	0	1	1	2	1	4	-1	0	-2	-5	-1	-6	1	1	0	0	0	-1	1	0	2	1	2	3	0	0	3	2	1	0
269	1	3	2	3	2	1	1	3	5	4	2	6	0	1	1	3	3	5	2	1	3	1	1	1	3	4	4	6	3	5	6	3	4	3	3	4	3	3	5	6	5	6	1	2	5	4	2	3	2	3	3	2	4	4	3	2	5	5	3	3	3	2	3	3	2	2	5	1	4	0	2	3	3	2	4	6	4	9	4	2	9	4	2	5	3	2	2	3	1	2
270	6	4	9	4	5	6	1	1	1	3	2	4	5	4	7	4	3	3	3	1	3	6	5	10	6	4	10	6	4	5	2	4	4	5	4	9	4	3	6	7	5	9	2	3	2	5	3	5	6	6	12	1	2	0	4	3	6	5	5	7	4	3	7	5	5	4	3	3	5	2	2	5	1	2	4	1	3	1	5	3	6	4	3	6	5	3	5	4	3	3
271	4	4	6	7	5	9	4	5	7	3	4	4	4	3	4	4	2	4	3	4	4	6	4	7	6	5	7	4	3	4	5	3	6	4	3	5	2	4	5	6	4	6	7	5	9	2	2	1	5	4	3	6	5	11	3	4	4	6	4	5	6	5	7	4	4	8	7	4	7	1	2	6	4	2	5	5	4	5	6	5	6	5	4	7	6	5	7	7	5	8
272	2	3	3	6	4	9	7	4	9	3	5	4	1	2	2	4	4	8	7	4	7	4	3	5	6	5	9	2	3	2	7	4	9	7	5	12	8	5	8	5	5	7	6	4	6	6	4	7	8	5	9	6	4	10	6	6	7	9	4	11	3	2	5	4	3	4	11	6	9	4	4	6	7	4	8	5	5	9	4	4	5	5	4	5	4	5	6	4	6	7
273	3	3	5	4	2	3	4	4	6	4	4	5	3	4	9	2	3	3	5	4	8	4	4	5	6	5	7	5	3	6	5	2	4	5	3	4	6	4	5	5	4	8	2	3	2	5	5	5	4	3	6	1	2	3	5	5	4	7	5	10	4	3	5	6	4	6	3	3	6	3	3	6	6	4	6	5	4	7	4	4	5	3	2	6	3	3	5	3	4	6
274	1	2	2	1	0	2	2	1	2	4	1	1	1	0	1	0	1	2	0	1	0	0	0	-1	0	2	2	2	3	2	0	0	1	0	2	2	-1	0	0	-1	0	1	3	3	5	2	0	2	1	1	5	2	2	3	1	2	2	4	4	6	3	1	4	5	3	5	2	1	3	3	3	5	4	2	3	1	1	0	2	3	7	0	1	3	4	2	2	5	3	7
275	5	5	10	2	3	1	6	5	7	6	5	8	5	4	4	3	3	4	5	4	5	2	3	4	2	2	2	4	3	4	6	5	7	4	4	5	2	3	4	6	3	6	2	4	6	5	3	5	3	1	2	6	4	8	2	4	2	6	5	9	6	3	7	5	5	5	6	4	9	4	5	6	6	5	9	8	5	10	5	4	8	4	3	6	4	4	6	3	4	4
276	2	3	4	2	0	3	1	1	1	6	3	6	1	1	2	5	5	10	4	2	7	5	4	8	4	2	5	4	3	3	4	2	3	2	2	4	1	2	5	3	3	5	3	1	4	6	3	4	4	2	5	4	2	3	0	1	2	3	2	1	1	1	0	1	1	0	3	3	9	4	3	6	1	3	4	4	3	5	4	4	3	3	2	3	3	4	7	3	3	4
277	6	3	8	4	3	8	3	3	5	5	4	6	3	3	6	3	3	6	2	2	4	4	4	8	5	3	5	4	3	7	5	3	6	4	2	3	3	4	6	4	2	5	4	4	4	2	3	5	3	3	4	3	4	7	4	3	6	7	4	7	3	4	4	2	3	5	6	3	10	5	2	5	4	2	3	3	3	7	3	4	7	4	3	8	5	4	8	7	6	9
278	4	4	6	5	4	5	6	4	5	3	3	4	5	3	3	2	3	2	4	6	6	3	5	2	4	4	6	3	2	2	5	3	3	3	1	2	4	3	6	6	3	4	5	3	6	4	3	4	5	3	6	2	4	1	3	2	1	4	3	8	4	4	4	1	3	1	4	3	6	5	4	7	5	4	5	5	4	5	2	1	5	3	2	5	3	5	6	4	3	7
279	4	2	5	4	3	6	7	6	8	4	2	5	4	3	3	5	3	5	1	2	4	3	4	4	3	3	7	3	3	5	6	3	7	5	4	4	5	2	6	4	3	5	3	2	4	4	4	8	5	3	8	1	3	1	8	4	11	4	4	6	5	5	10	4	3	5	6	4	6	3	4	4	1	2	2	9	5	10	4	4	6	5	5	5	4	3	3	2	4	4
280	6	4	9	6	3	5	4	4	7	3	2	3	2	2	2	4	3	4	7	5	4	2	1	1	7	4	6	4	3	4	1	2	1	4	2	2	5	4	2	3	3	5	1	2	0	4	3	5	5	4	7	4	3	7	5	2	8	3	2	3	4	3	4	4	3	4	5	4	5	0	3	0	3	4	5	4	3	7	3	2	3	6	3	7	4	2	3	2	2	2
281	1	1	-2	2	1	2	0	0	0	-1	0	0	0	2	3	1	0	1	1	1	0	5	2	7	0	0	3	2	3	5	-2	0	0	0	0	0	3	2	5	1	1	1	4	3	6	2	2	0	-1	0	-1	2	0	3	0	1	1	3	1	1	0	1	1	1	0	2	2	0	2	2	1	3	2	1	3	-1	0	0	3	2	6	4	2	5	2	1	0	-1	0	-1
282	6	6	8	8	5	9	2	3	5	7	2	6	2	3	3	3	4	5	5	3	8	2	3	3	4	3	2	6	3	3	4	4	7	3	5	6	5	4	6	3	3	4	4	3	4	4	3	7	4	4	7	6	4	9	5	4	6	3	4	7	5	4	8	2	4	7	0	2	3	4	4	5	5	4	4	3	3	6	0	2	3	4	2	3	5	6	8	2	3	3
283	5	3	4	1	3	6	7	3	9	5	4	7	8	5	7	5	3	8	2	2	4	4	3	5	5	2	5	5	3	4	5	3	5	5	3	5	0	1	0	0	2	1	3	3	4	5	4	5	7	4	7	1	1	0	5	3	4	4	3	4	2	3	6	6	4	6	7	5	10	4	3	6	4	3	5	1	2	1	7	5	11	4	4	6	5	2	6	4	3	9
284	2	2	2	3	3	5	2	2	2	4	2	4	5	3	4	2	2	2	1	1	4	3	3	5	5	2	3	4	3	4	5	4	5	4	2	4	2	2	6	1	1	1	6	5	11	4	2	4	7	4	6	0	2	1	5	3	7	5	2	3	2	1	2	4	2	4	6	3	9	6	3	6	3	3	4	4	0	4	2	2	0	1	0	2	3	3	2	3	2	7
285	2	3	5	4	4	7	5	4	8	7	4	8	7	4	7	5	3	5	5	3	6	2	3	4	5	5	8	2	5	5	4	3	5	3	2	2	4	3	4	3	2	6	1	2	2	5	4	8	2	2	1	6	6	5	3	3	5	3	3	3	6	4	8	1	4	4	4	3	5	5	3	8	6	5	7	2	3	4	2	3	2	4	3	6	3	3	3	3	3	9
286	4	3	3	4	3	5	6	5	8	6	4	7	2	3	4	5	3	6	6	3	6	3	4	4	6	2	7	4	3	6	5	4	7	5	4	5	5	5	8	4	2	5	0	1	4	3	2	4	5	2	4	2	2	2	2	2	3	3	3	5	4	4	5	4	2	4	5	3	3	1	3	3	3	4	3	7	4	5	6	4	6	1	2	1	3	4	4	3	3	4
287	4	3	6	1	2	4	2	3	6	4	5	5	6	6	7	3	2	4	5	4	6	4	3	5	0	1	1	6	4	7	4	3	3	4	2	4	2	4	6	4	3	7	3	4	7	3	3	2	2	3	3	6	4	7	3	2	1	3	2	5	3	3	6	5	4	7	4	4	7	6	3	5	6	4	5	4	3	5	3	3	2	3	3	5	3	3	5	2	2	4
288	5	6	9	7	5	11	5	6	10	6	5	4	7	5	7	5	3	7	6	5	10	2	5	6	5	5	8	6	6	8	6	3	6	8	6	9	7	5	8	6	4	5	7	4	9	4	5	6	8	5	12	4	5	7	10	6	12	7	5	10	7	5	7	6	5	9	4	5	8	4	4	4	6	5	8	5	5	8	3	4	4	5	4	8	7	4	5	7	6	8
289	3	2	3	2	2	4	3	2	2	0	2	1	3	3	6	5	3	7	2	2	2	2	1	3	5	3	5	6	4	7	6	3	9	3	2	5	1	3	1	7	4	7	5	4	9	2	1	2	3	2	2	5	2	6	3	3	5	0	1	1	2	3	5	5	4	6	5	3	6	4	4	7	2	3	4	4	2	4	6	4	5	2	3	2	2	2	3	4	3	2
290	3	3	3	2	1	4	3	3	4	2	1	4	4	3	7	1	2	4	3	4	5	7	4	9	2	3	3	3	3	2	4	4	5	6	3	3	4	4	4	2	2	4	1	1	3	4	3	6	0	1	-1	5	5	8	4	3	5	1	1	2	3	2	1	3	3	2	5	4	7	3	2	4	4	3	6	4	4	7	6	3	7	4	2	4	4	4	3	3	4	4
291	4	4	8	3	2	3	4	2	7	6	6	13	6	4	7	6	4	9	4	3	5	9	5	10	9	5	9	4	4	5	4	3	5	4	4	7	4	4	5	6	5	8	4	4	8	7	6	8	5	4	7	3	4	3	1	4	2	2	3	1	7	5	9	4	4	6	6	5	7	7	5	7	5	4	5	7	6	9	8	6	10	6	4	7	5	5	5	5	6	5
292	6	5	10	7	5	9	6	5	6	4	4	6	5	4	8	5	4	7	2	3	7	2	3	4	0	4	4	6	4	5	7	4	7	6	4	8	2	4	6	5	3	6	3	3	2	6	3	5	2	3	4	2	4	2	4	3	7	5	5	7	5	4	7	3	6	7	8	6	13	4	6	8	6	4	6	8	6	10	5	5	5	5	3	6	7	5	8	4	3	4
293	5	4	6	6	3	8	7	5	9	4	3	8	4	4	7	7	5	7	6	5	8	4	5	5	2	4	7	3	4	6	4	5	8	7	5	9	3	4	6	7	5	8	6	4	7	5	4	6	5	5	5	5	4	3	1	3	2	4	4	5	3	4	2	6	4	6	1	3	2	5	5	8	9	6	12	6	5	9	5	6	9	6	4	4	4	4	4	4	3	5
294	2	1	4	4	3	7	3	4	4	3	1	4	1	2	2	0	2	1	3	3	3	1	2	1	0	0	1	2	1	0	2	2	4	5	2	5	5	3	7	0	0	0	5	3	7	2	2	3	2	1	4	4	3	5	2	1	3	1	1	2	5	2	5	2	1	1	4	2	3	3	1	2	2	3	6	5	3	6	4	3	6	2	2	1	2	3	4	4	2	4
295	8	5	8	4	5	8	4	4	5	5	4	8	4	5	8	5	6	8	8	5	8	4	5	8	7	7	11	6	4	9	5	6	8	6	5	11	6	4	6	8	5	12	6	6	8	7	6	8	5	6	11	6	5	8	5	5	6	5	4	6	7	4	8	8	5	9	6	5	9	4	5	7	5	5	8	4	6	7	6	5	7	9	5	10	7	6	9	7	4	8
296	2	3	3	3	2	4	2	3	2	5	4	7	4	2	3	2	2	3	1	2	4	6	4	6	3	3	5	0	1	1	0	2	0	3	3	5	4	2	3	3	2	5	2	2	3	5	3	6	4	4	7	4	3	3	3	3	4	3	4	5	1	2	3	3	2	4	5	3	5	5	2	5	4	2	6	3	1	1	5	3	6	6	3	5	3	4	4	3	4	2
297	6	4	10	7	4	6	6	5	11	6	5	5	4	4	9	6	5	8	6	4	8	6	4	9	7	5	8	7	6	5	6	6	10	6	5	10	7	4	8	5	5	6	7	7	12	4	3	5	7	6	8	7	6	8	7	6	11	7	4	7	7	6	5	7	5	4	7	4	10	5	4	4	6	5	9	6	6	11	6	5	6	8	5	8	8	6	12	6	4	6
298	3	2	1	1	1	3	0	1	0	0	2	0	3	3	4	4	2	6	3	2	3	0	0	0	1	2	1	5	3	6	3	1	5	5	1	4	6	2	2	0	1	1	1	1	2	1	2	1	0	3	1	0	2	3	1	2	2	2	0	2	0	0	1	3	3	7	0	2	1	-2	-1	-2	2	1	1	-3	-1	-1	2	0	2	3	2	3	2	2	1	1	1	0
299	5	3	6	3	3	5	6	4	6	6	4	7	6	5	6	5	3	6	4	5	10	5	2	5	6	4	4	0	2	1	3	3	5	2	2	3	2	3	5	2	2	4	3	3	4	2	4	5	1	3	-1	4	4	7	4	4	5	1	1	2	5	2	5	5	3	5	5	4	8	7	5	8	4	2	5	4	4	7	6	5	7	2	1	2	4	3	6	4	3	5
300	7	6	9	7	6	8	5	4	5	4	3	7	4	4	4	5	3	8	5	3	5	7	4	7	7	5	9	4	5	8	4	4	6	6	4	8	5	4	7	8	6	8	10	6	12	7	5	8	4	5	5	3	3	6	6	3	5	7	7	8	7	6	10	3	4	4	4	5	6	5	5	6	4	3	6	2	5	4	5	4	10	2	3	4	6	4	9	4	3	3
301	3	1	2	1	1	3	1	2	1	2	0	1	4	2	4	4	3	8	3	3	3	1	3	1	1	1	2	4	3	4	3	3	4	0	1	0	3	1	2	5	3	6	2	3	5	5	3	8	5	4	10	2	2	6	3	1	3	5	2	5	3	3	4	5	4	8	3	2	3	1	2	3	5	2	5	2	3	6	4	3	4	6	3	4	0	0	1	2	2	0
302	1	3	2	2	2	4	3	1	2	2	2	5	2	1	5	6	3	5	1	3	3	4	2	4	3	2	2	1	1	3	2	2	3	0	2	3	0	1	2	1	1	0	4	5	6	2	1	4	3	2	3	3	2	7	4	4	8	0	2	0	0	1	3	4	3	5	0	1	2	3	1	1	1	2	3	0	2	5	5	4	8	4	3	4	1	3	3	4	4	7
303	6	3	5	1	1	1	2	1	3	0	1	1	0	0	1	0	1	3	1	2	5	1	1	1	3	1	2	1	1	1	1	0	2	1	1	2	3	3	5	2	1	1	0	1	1	0	2	0	1	2	3	4	2	5	3	0	2	1	2	1	3	2	2	3	3	2	2	1	4	4	2	4	4	3	4	2	1	2	0	0	1	2	1	5	1	1	0	5	2	7
304	3	2	2	0	1	0	1	0	-2	4	2	5	-1	0	0	3	2	6	2	2	1	1	3	0	1	1	2	1	2	1	2	1	0	0	2	2	-2	1	1	1	1	1	4	2	1	2	2	3	3	2	2	3	3	3	4	1	4	2	2	2	2	1	2	1	2	3	5	2	6	4	3	5	2	2	2	-1	1	1	2	2	4	2	2	5	3	1	3	2	3	6
305	0	2	0	0	2	5	6	2	4	2	3	5	3	2	6	3	3	3	1	2	4	5	4	7	4	2	4	4	2	4	2	1	3	3	2	5	3	2	4	4	3	6	4	4	6	5	5	6	3	1	6	5	3	7	4	2	3	2	2	3	1	2	0	1	1	3	3	3	5	7	3	7	2	2	2	4	2	4	2	2	4	4	3	6	4	4	6	3	1	2
306	1	1	2	3	2	6	5	4	6	4	4	6	6	4	7	4	4	5	9	5	11	8	5	7	3	3	3	3	3	6	4	4	8	3	2	7	3	4	5	4	5	3	5	3	4	4	2	3	2	4	4	5	4	7	2	2	7	4	5	8	2	2	4	5	5	7	7	4	7	4	3	5	3	2	4	4	3	6	6	3	7	1	1	3	4	4	8	1	1	1
307	0	0	1	2	0	4	2	1	2	1	1	2	-2	-1	-3	1	1	1	0	0	-1	0	1	0	1	2	2	0	0	1	0	0	0	0	0	2	0	1	3	0	1	2	-1	1	0	3	1	4	0	0	0	0	0	-3	2	0	0	1	1	2	0	1	4	0	0	1	3	3	0	1	1	2	0	0	-1	3	3	3	2	0	4	1	0	2	0	-1	-1	0	0	0
308	4	4	6	3	2	3	2	4	4	4	4	8	5	2	7	4	3	7	2	3	5	3	4	7	5	5	7	3	3	3	3	3	4	4	3	2	3	2	3	2	3	5	5	5	6	7	3	7	5	4	4	6	4	9	3	3	3	4	2	5	4	2	3	3	4	3	5	3	3	5	4	6	3	3	4	5	5	10	0	2	5	4	2	6	2	3	1	4	3	4
309	4	4	8	3	3	3	6	3	5	3	5	9	3	4	6	4	4	7	8	4	6	4	5	7	4	4	7	9	6	12	4	5	9	5	4	2	4	4	4	5	5	11	6	4	4	6	3	7	4	5	6	4	5	5	6	5	7	2	3	5	5	3	7	6	4	8	8	5	11	4	5	7	6	5	10	4	3	8	4	4	4	6	4	8	4	5	5	4	4	3
310	10	6	9	8	5	6	4	4	5	4	5	9	5	5	11	7	6	9	4	5	5	7	5	8	6	6	5	6	7	9	6	3	6	10	7	9	7	7	9	7	6	9	4	4	4	7	3	7	6	5	11	10	6	10	7	7	10	6	5	7	8	4	6	7	6	7	6	5	6	4	4	7	5	5	7	7	7	6	10	7	12	6	8	10	3	3	6	6	4	7
311	9	6	9	4	5	6	5	4	7	7	5	3	9	5	10	6	4	10	3	4	6	6	5	9	3	4	6	5	5	7	6	5	7	3	4	5	5	4	5	8	4	8	4	2	6	3	2	4	7	3	5	9	6	9	3	5	5	5	2	5	4	3	9	7	3	7	4	3	4	5	6	7	3	4	6	4	3	4	4	5	7	6	7	5	5	5	8	4	5	7
312	2	2	4	3	3	7	3	2	6	7	5	10	2	3	5	4	2	5	6	3	7	2	3	4	1	3	4	4	3	7	4	4	5	6	4	9	4	3	5	0	3	3	6	6	11	4	4	6	9	5	8	4	3	5	4	3	8	3	4	5	6	5	6	3	2	7	6	3	5	5	5	6	4	3	6	4	3	4	3	4	3	0	3	3	4	4	7	4	4	5
313	1	0	0	0	0	-2	1	1	3	1	1	0	0	1	-1	2	1	4	0	3	0	0	0	0	4	3	4	1	1	3	2	0	4	3	2	6	0	1	5	2	2	2	3	1	3	0	1	1	3	2	3	3	1	0	2	2	2	0	1	0	0	1	3	0	1	1	3	2	3	2	2	1	0	0	0	1	0	3	1	2	2	3	1	3	1	1	0	-1	2	0
314	3	4	5	2	3	0	1	2	4	4	3	6	5	1	6	2	1	3	2	3	5	2	2	3	0	0	-1	0	0	1	2	2	2	4	4	6	3	3	2	1	1	2	2	2	3	0	2	2	3	3	3	2	1	4	2	2	4	0	1	1	2	4	1	1	3	5	5	2	6	0	3	4	1	0	1	2	2	5	3	2	4	2	2	4	3	1	3	4	3	6
315	6	3	8	5	3	8	1	2	5	3	2	4	2	3	3	3	3	5	3	3	6	7	3	6	4	3	5	2	2	3	1	2	1	2	2	2	4	3	6	4	3	4	1	1	0	0	2	2	2	1	5	3	3	5	2	3	5	2	3	5	3	2	5	3	1	2	4	3	5	7	4	9	2	1	5	-1	2	-2	2	1	3	3	2	4	2	2	0	4	1	5
316	5	3	3	6	5	9	5	4	7	2	2	7	7	3	7	6	4	7	4	3	5	2	4	5	2	3	2	4	5	7	8	6	11	3	5	4	7	5	10	6	6	8	5	5	5	3	5	7	8	3	10	2	3	7	3	3	3	7	4	6	4	4	6	2	3	4	6	4	5	4	3	2	4	2	7	8	5	9	4	4	6	6	4	9	0	2	1	5	3	5
317	1	1	3	4	2	4	4	5	5	1	3	3	4	3	3	2	4	7	2	2	4	5	3	6	4	3	6	4	4	9	3	2	6	4	3	6	0	2	2	5	3	4	6	2	4	3	4	2	2	3	4	3	3	5	5	3	6	2	2	4	6	5	9	2	3	6	5	3	6	3	2	5	4	4	6	4	3	7	5	5	7	3	4	3	2	2	2	3	2	4
318	2	1	2	3	1	1	2	1	5	2	2	2	0	1	-2	3	3	2	1	1	3	4	3	3	0	0	0	1	1	0	1	2	3	5	3	6	4	4	5	1	1	5	4	2	5	3	1	1	1	1	1	1	2	3	0	0	0	1	2	2	2	2	4	0	0	1	-1	1	-1	7	3	8	1	2	0	2	1	4	1	1	1	4	3	5	1	2	1	3	3	4
319	9	4	10	6	4	8	5	4	8	6	6	10	7	6	9	6	5	8	4	4	5	7	6	7	5	6	8	7	4	10	6	5	10	5	3	5	6	5	10	7	6	7	5	4	8	6	4	8	7	5	6	4	5	6	5	5	7	7	6	8	4	3	5	6	4	7	8	7	11	4	4	6	5	5	7	5	5	5	8	6	8	6	6	5	7	5	11	7	4	8
320	4	4	6	7	5	8	5	4	6	5	2	4	4	4	6	6	5	9	8	4	10	4	3	3	5	4	5	3	2	5	5	3	4	5	4	6	4	5	7	3	3	5	5	4	5	7	5	7	3	3	2	8	6	8	5	3	6	7	4	8	5	3	6	8	4	5	3	4	5	3	3	6	5	4	6	5	4	6	1	3	4	6	4	8	5	4	6	3	3	4
321	4	3	6	3	4	4	5	3	6	5	5	7	5	4	7	3	2	3	4	2	5	4	4	7	5	3	6	5	2	4	4	4	3	6	4	8	4	1	5	6	3	6	1	3	5	0	1	1	4	3	4	5	4	6	7	5	8	5	3	5	1	2	2	5	3	4	0	3	4	4	4	6	5	3	6	5	3	7	4	4	5	4	2	3	4	2	6	4	3	4
322	5	3	8	4	5	8	2	3	3	6	4	9	3	4	3	2	2	3	7	5	8	5	5	9	6	6	10	5	3	7	5	4	8	7	5	7	2	5	8	6	3	8	3	3	4	5	4	8	6	5	8	6	5	9	3	3	5	4	4	5	5	4	9	6	6	9	8	5	6	6	4	7	6	4	4	6	5	7	4	4	7	10	6	12	5	3	6	6	5	8
323	0	1	0	2	2	1	1	1	2	3	2	4	3	2	2	1	2	4	3	2	2	1	1	2	3	2	6	5	1	3	2	2	3	0	1	0	2	1	4	2	0	2	3	2	7	2	1	0	0	1	0	3	3	6	3	2	3	3	1	2	1	1	5	0	0	2	4	0	4	1	1	1	1	1	4	0	1	1	0	0	-1	0	0	1	3	3	4	0	0	2
324	3	3	6	5	3	4	6	4	4	5	5	5	5	4	6	3	2	3	5	4	6	4	4	8	5	4	11	4	5	5	5	5	8	4	3	6	5	4	9	6	3	6	3	4	6	4	4	7	4	3	7	7	4	10	6	4	7	3	1	2	3	4	4	6	4	7	2	2	2	5	4	5	5	5	7	6	5	10	6	5	10	6	4	5	5	3	5	7	4	4
325	7	5	9	3	3	4	3	3	6	4	3	6	0	2	1	1	2	5	1	1	3	4	3	2	1	2	2	2	2	5	1	3	4	3	3	5	4	2	6	3	2	4	3	2	3	6	4	8	1	2	2	3	2	4	4	2	4	3	2	6	1	1	2	3	1	6	2	3	1	2	2	3	2	3	6	3	1	5	2	3	4	5	4	5	3	2	6	3	3	6
326	2	3	5	6	5	7	4	2	6	5	5	9	6	4	7	3	4	3	4	5	5	4	4	6	4	2	6	7	5	10	8	5	9	5	2	4	4	4	4	6	3	8	4	3	7	5	4	5	4	3	7	6	4	6	5	5	6	4	4	5	7	5	7	4	4	8	3	5	6	6	5	9	5	2	3	4	3	5	5	4	5	7	5	9	4	4	5	5	2	5
327	0	0	0	5	3	2	5	2	4	9	6	8	3	3	1	4	3	4	4	3	8	3	3	4	5	3	5	6	2	6	2	2	6	3	4	1	1	2	2	1	1	0	3	2	2	4	4	4	5	4	6	6	3	7	5	4	6	2	3	2	4	3	6	4	3	5	4	3	4	5	5	9	1	2	2	2	3	3	5	3	4	3	4	8	7	4	7	1	1	1
328	6	5	7	5	4	6	4	5	8	5	4	9	7	5	10	6	6	7	6	5	9	2	3	3	4	3	5	4	4	5	6	5	6	2	2	5	3	4	5	3	4	5	2	3	1	7	4	6	4	3	8	8	5	6	3	1	4	3	4	9	7	5	9	2	3	1	5	4	6	4	4	3	0	3	4	4	2	4	3	3	4	4	3	6	8	5	7	4	4	7
329	4	4	5	6	5	6	5	4	9	7	3	6	5	5	6	6	5	9	6	3	8	1	3	2	3	2	4	4	4	3	3	4	7	6	4	10	8	7	9	8	5	9	6	5	9	7	5	9	6	3	6	7	4	6	5	4	8	3	3	4	5	5	8	4	3	6	10	7	11	6	5	5	6	5	6	4	3	3	3	4	5	5	5	8	6	6	5	8	5	10
330	1	3	2	3	3	3	7	5	7	5	3	5	2	4	5	1	4	4	4	3	2	3	2	2	5	3	8	3	3	4	3	4	5	2	3	2	6	4	9	3	4	6	2	2	5	2	3	4	3	3	4	2	1	4	2	3	5	6	4	8	5	5	4	6	3	7	3	4	4	3	4	5	0	1	0	5	3	5	1	2	2	6	4	8	3	2	5	3	3	7
331	4	6	7	2	4	9	5	5	8	5	6	7	6	4	7	8	6	12	3	5	7	6	4	8	7	5	7	5	4	7	6	6	9	4	4	7	5	4	4	4	5	5	5	5	6	3	3	5	4	4	6	5	5	7	6	3	6	5	5	7	4	5	6	7	4	6	5	4	7	5	5	9	3	3	4	7	4	6	5	5	6	8	6	8	4	4	7	5	4	6
332	3	3	4	4	3	4	3	2	3	0	1	0	4	2	4	-1	1	-1	2	1	1	0	1	1	4	2	4	4	2	4	3	3	6	2	3	3	2	1	2	4	1	4	1	1	4	4	1	3	0	1	2	0	1	4	1	0	3	-1	0	-1	0	1	0	0	0	0	0	2	0	1	1	0	3	3	3	3	2	2	2	1	2	1	2	3	4	3	3	1	2	4
333	1	2	1	3	3	3	1	2	3	2	1	3	6	4	4	4	3	7	2	3	5	1	3	3	6	3	7	3	2	3	0	2	2	3	1	2	6	3	7	0	0	1	3	2	1	4	2	5	1	2	0	4	2	7	3	1	2	1	2	4	0	1	1	4	3	4	2	3	4	2	2	3	2	3	4	4	3	4	0	2	2	2	0	4	3	3	5	3	2	3
334	3	5	6	4	3	7	5	3	8	8	6	7	6	5	8	5	5	7	7	5	6	8	6	9	8	6	8	4	3	3	7	6	10	6	3	5	5	4	6	6	5	7	6	5	8	7	5	8	10	7	12	3	5	6	3	3	4	7	4	7	5	5	8	6	5	6	2	3	3	10	6	7	4	3	4	4	2	4	6	5	11	8	5	10	6	5	7	7	5	5
335	1	2	3	4	3	7	3	4	3	3	3	5	5	3	8	3	2	3	5	4	8	1	1	3	2	3	3	3	1	7	7	6	9	2	3	2	3	3	4	4	2	6	5	4	7	6	4	7	4	4	4	5	4	7	4	3	6	6	3	6	6	3	5	8	2	7	5	2	5	4	2	2	3	3	6	2	3	3	5	4	5	3	4	6	6	4	9	3	2	3
336	2	2	5	4	2	3	1	0	3	0	1	3	0	0	3	-1	0	-2	0	1	-1	0	0	-2	1	0	1	2	2	4	0	1	0	0	1	3	-3	-1	-2	4	2	6	0	1	0	-1	0	-1	1	1	1	2	1	3	1	1	2	0	1	2	0	1	1	3	2	4	-1	0	2	0	0	0	6	3	5	2	1	4	1	0	5	0	0	0	1	1	4	2	1	3
337	3	2	4	5	3	8	1	0	4	4	1	3	5	2	4	2	3	6	1	3	3	0	1	0	4	2	3	2	2	3	1	1	1	0	0	0	4	1	4	1	1	1	0	1	1	0	2	2	3	1	6	2	2	3	2	2	2	-1	1	3	3	2	2	0	2	3	0	1	2	3	2	5	2	2	6	1	0	0	2	1	3	0	2	3	2	2	4	0	0	0
338	8	6	9	3	3	4	2	2	6	3	3	6	2	1	0	3	2	5	4	4	6	3	3	5	3	3	4	3	3	3	4	3	7	3	4	5	0	1	3	3	3	3	3	4	5	3	3	6	6	4	10	3	3	5	2	4	4	4	2	3	2	4	2	3	2	3	5	4	4	2	4	5	3	2	6	3	2	5	2	3	3	3	2	6	1	1	2	1	2	1
339	3	3	3	4	3	3	4	3	4	3	3	4	6	4	8	3	3	3	6	4	6	3	3	6	5	4	5	6	5	7	6	4	8	5	5	6	5	4	6	3	3	4	5	4	7	4	2	5	3	5	8	8	4	9	4	4	7	5	4	7	5	3	8	4	4	4	3	2	5	6	4	8	5	4	8	2	4	3	4	4	4	2	2	3	7	4	8	3	4	5
340	1	1	4	2	4	4	3	2	1	3	3	5	2	2	4	5	2	5	3	3	4	5	2	5	3	3	4	6	2	7	4	3	4	3	3	6	3	4	3	4	3	7	4	3	4	6	4	6	2	1	5	0	1	1	5	4	9	4	3	4	1	2	5	1	3	3	3	2	7	1	2	0	8	3	9	4	1	2	1	3	5	2	2	6	0	2	3	6	3	6
341	7	3	12	1	3	5	3	4	5	5	4	7	6	4	7	0	3	2	9	5	12	3	3	6	7	4	4	4	3	7	5	3	6	3	3	6	3	3	5	8	5	10	7	5	8	3	2	3	5	4	4	5	6	7	6	5	10	4	2	5	6	5	11	2	3	4	4	3	5	4	5	7	5	3	6	1	2	3	3	4	2	5	4	7	2	3	3	5	3	7
342	3	2	4	6	4	6	6	3	6	8	6	8	5	2	7	1	3	5	5	4	7	5	4	5	6	5	7	6	6	9	3	4	3	5	4	7	4	3	5	8	4	7	5	4	4	7	6	8	7	5	9	4	3	4	2	1	0	5	4	7	4	4	8	4	3	2	5	2	7	4	4	4	4	3	7	4	5	10	3	3	8	7	5	7	5	3	3	6	4	8
343	7	6	8	3	3	5	6	6	6	7	6	8	6	5	9	6	6	9	3	4	5	8	7	12	5	4	7	5	3	5	4	5	5	8	5	9	5	5	6	6	5	9	9	6	10	7	5	6	5	5	7	5	5	11	12	7	14	4	4	4	6	4	6	8	4	6	5	5	7	6	6	8	7	7	10	6	4	6	6	5	7	6	5	6	7	5	6	4	5	7
344	4	4	5	5	3	4	2	3	4	5	4	6	1	1	2	4	3	6	4	3	4	2	3	4	3	3	7	1	2	2	3	3	4	4	3	3	4	3	8	5	3	7	4	3	6	4	3	7	9	5	8	9	5	9	3	3	6	3	1	2	6	3	6	3	2	4	5	3	5	1	2	6	3	3	4	1	2	1	8	5	8	1	2	4	5	4	6	2	2	3
345	5	3	4	3	2	5	4	3	4	5	4	6	4	4	7	5	3	6	4	3	3	3	2	3	4	4	11	2	4	5	3	3	4	4	3	6	1	3	2	4	3	4	4	3	4	0	0	0	4	4	5	5	4	5	5	4	4	4	4	4	5	2	3	3	4	5	4	2	3	2	2	6	3	2	5	6	4	6	4	4	5	1	2	4	4	2	7	3	2	5
346	3	3	3	4	1	6	0	0	0	2	0	3	3	2	3	0	0	1	0	1	-1	0	2	1	1	1	7	0	1	0	1	0	1	1	2	2	1	2	2	1	2	6	0	1	-1	0	0	0	-1	0	0	0	1	0	0	2	2	1	0	0	1	1	1	1	1	2	1	2	1	0	0	0	0	1	0	2	1	2	0	0	0	1	1	4	1	0	2	1	1	2
347	1	2	3	2	4	5	5	4	5	8	5	8	5	3	6	4	3	4	6	3	10	2	3	1	5	4	7	4	4	6	4	4	6	5	4	6	3	3	5	2	3	5	3	1	0	6	4	7	4	2	5	1	2	4	4	3	7	4	4	4	2	3	5	-1	3	2	4	3	6	7	5	9	3	0	1	3	3	4	5	3	6	3	3	5	5	4	5	4	3	3
348	1	2	3	3	3	8	3	2	5	1	2	0	1	1	-1	3	1	5	0	1	0	2	2	4	2	1	2	7	4	10	0	0	0	3	3	5	0	2	3	0	1	2	3	2	4	3	3	3	2	3	2	3	2	3	4	3	5	3	4	5	0	1	0	4	4	5	5	2	4	4	2	4	0	1	1	3	3	5	4	2	4	3	3	4	0	1	0	3	2	2
349	1	2	0	0	1	-1	4	2	4	2	1	2	4	2	4	1	2	4	4	4	5	-2	0	-4	1	0	4	2	3	5	5	2	2	0	1	2	4	3	6	3	1	4	6	5	8	0	4	5	0	3	3	0	0	2	5	2	3	5	3	4	3	3	3	1	1	3	0	0	1	2	1	6	3	2	2	3	3	5	2	2	2	5	3	6	1	1	4	3	2	3
350	3	3	5	5	3	7	4	2	8	3	2	3	5	3	5	1	2	2	0	2	-2	2	1	4	3	3	5	4	4	4	5	3	7	2	1	2	2	3	6	5	4	6	3	3	5	2	2	5	4	4	7	5	3	8	4	2	4	3	3	3	5	4	7	4	4	6	6	4	5	2	2	2	1	3	2	0	3	5	2	3	3	3	1	3	5	2	6	1	2	2
351	6	4	6	5	4	6	3	4	5	2	3	4	6	4	7	5	5	9	6	5	9	4	3	5	4	2	5	2	2	3	4	2	3	4	3	3	4	3	6	3	5	7	6	4	6	7	5	7	5	3	5	6	4	10	7	3	10	6	4	9	6	4	9	6	5	10	4	6	9	4	4	7	6	4	7	6	5	8	5	4	8	5	3	6	5	4	8	4	3	5
352	0	2	2	0	0	0	-1	0	0	1	1	2	5	2	5	3	1	3	0	0	0	4	1	8	0	0	3	0	1	3	2	2	2	2	1	5	1	1	4	0	0	0	-3	0	0	2	0	4	1	1	0	1	2	3	2	2	4	-1	0	-2	2	1	2	2	0	2	2	0	0	1	1	6	1	2	1	1	1	1	0	1	1	0	2	1	1	0	0	-1	0	2
353	3	3	2	0	2	2	0	2	0	2	2	4	1	2	1	7	5	9	4	4	4	6	5	5	2	1	2	2	1	0	3	2	3	7	3	5	3	4	6	1	1	2	1	0	1	1	2	2	1	2	4	6	3	6	1	3	2	0	2	2	3	3	7	0	3	2	5	3	4	2	2	4	2	2	5	5	3	6	3	3	5	1	2	4	3	2	5	5	3	7
354	4	3	7	1	2	5	3	3	3	6	4	8	4	2	5	4	3	4	6	5	7	5	5	9	4	2	4	3	3	3	5	4	4	2	2	5	4	3	3	6	3	8	2	2	5	5	3	7	5	3	8	5	4	7	6	4	6	4	1	6	4	4	7	3	3	5	1	0	-1	4	4	6	2	5	6	4	4	5	3	3	5	5	3	8	4	4	3	4	3	8
355	4	3	5	2	1	4	3	2	6	4	3	6	0	1	2	0	1	2	1	1	3	-1	2	1	1	3	3	0	0	0	5	3	8	5	3	4	2	2	3	0	2	1	3	2	6	4	2	3	2	3	3	5	3	5	1	1	0	3	1	4	3	1	5	3	3	4	0	1	2	3	3	6	2	0	3	1	3	4	2	1	3	2	1	1	1	1	0	5	3	6
356	6	3	6	1	2	3	1	3	5	3	4	4	2	2	4	2	5	5	4	1	4	3	4	3	5	4	9	3	4	4	4	3	8	6	4	8	5	4	6	1	1	2	4	4	7	7	5	7	5	2	3	7	5	9	3	4	8	5	4	4	6	4	5	5	4	8	1	3	3	6	4	8	6	4	10	6	4	7	3	4	7	0	2	2	5	2	6	4	4	5
357	5	4	7	5	5	6	6	5	7	5	6	7	3	3	7	3	3	3	2	3	0	5	5	8	6	2	6	4	3	9	0	0	2	3	4	3	2	2	0	7	2	7	5	2	5	1	3	3	4	3	7	6	6	7	6	4	6	5	2	3	3	2	5	7	6	8	4	4	4	6	4	11	5	4	7	6	4	7	3	2	5	5	4	7	6	3	7	4	4	8
358	1	0	3	3	3	4	3	4	5	2	3	6	2	3	6	4	4	8	5	3	4	2	3	3	1	0	0	3	3	6	5	3	7	4	4	6	4	2	7	3	2	4	2	2	4	4	4	7	2	2	3	6	3	9	2	2	3	7	4	8	5	3	4	3	4	4	1	2	2	5	4	8	4	2	6	2	2	4	1	3	2	2	3	7	3	2	0	6	2	7
359	0	1	0	0	1	0	0	0	0	-2	0	2	1	0	0	-1	-1	-2	1	1	5	0	0	0	0	1	0	1	0	1	0	0	0	0	0	-1	1	0	0	1	1	2	-3	0	-3	-1	0	-1	2	1	4	2	2	3	1	0	1	-3	-1	-2	0	1	4	0	0	0	1	0	1	0	0	0	0	0	0	0	0	-1	0	0	1	-2	0	0	2	1	3	3	2	2
360	7	6	7	7	5	7	7	5	9	5	5	11	8	7	12	6	5	9	6	5	10	5	6	7	4	3	7	10	6	10	10	8	13	8	5	8	9	6	9	6	5	10	7	6	9	9	7	9	7	5	11	8	4	10	7	4	8	7	6	9	8	6	9	5	7	9	9	7	9	7	6	11	10	6	10	7	6	8	7	7	8	9	8	10	9	6	11	7	7	8
361	5	2	5	3	2	2	4	4	5	3	2	3	3	3	4	2	2	1	2	3	5	3	3	3	4	2	3	5	3	3	4	2	2	5	3	7	3	3	2	4	4	5	2	3	2	3	3	6	3	4	6	3	2	3	4	3	2	3	2	3	1	1	3	1	2	6	1	1	3	4	4	7	4	3	7	6	2	9	4	3	6	3	3	4	2	2	0	3	4	7
362	3	4	6	7	5	9	8	5	9	4	3	5	5	3	3	7	5	9	5	3	2	4	4	8	5	4	6	4	4	6	3	3	5	5	4	7	3	4	7	6	4	8	5	3	9	1	2	2	2	3	3	3	3	3	7	4	10	3	3	5	4	4	4	5	5	4	2	3	3	5	5	7	7	5	10	4	4	8	1	2	1	6	5	7	7	4	6	5	5	8
363	5	4	8	4	2	5	3	4	6	2	4	5	5	5	6	6	3	6	5	3	6	6	4	8	4	3	3	6	4	7	6	4	7	6	4	5	1	1	2	2	3	4	2	3	5	4	4	5	4	4	5	3	3	3	5	3	8	5	4	5	6	4	6	3	4	4	3	2	2	8	5	10	3	2	4	2	3	7	3	3	5	5	4	6	2	3	5	3	4	5
364	4	3	7	2	3	4	6	5	10	3	3	5	4	3	7	5	4	9	3	4	5	4	4	7	3	2	1	4	3	7	4	4	6	5	5	7	5	4	8	6	5	6	6	7	8	1	2	1	4	5	6	6	3	4	6	4	8	4	4	7	4	4	4	4	3	8	6	4	6	5	5	5	5	5	7	4	4	6	4	3	6	4	4	9	6	3	5	4	2	4
365	8	5	10	7	6	9	4	5	4	4	3	7	3	2	4	5	3	6	2	3	3	5	4	8	2	2	3	2	3	4	8	5	9	6	4	6	4	3	5	5	5	4	2	3	3	7	4	10	4	4	6	5	5	7	9	7	10	8	6	9	5	4	4	5	3	7	5	4	7	3	4	4	3	3	6	6	4	5	6	6	8	5	4	7	7	5	5	3	3	1
366	5	4	8	2	2	5	4	3	6	1	1	3	1	1	2	5	5	7	7	4	9	1	3	2	4	4	6	2	3	2	3	2	3	5	4	6	3	3	3	4	3	6	4	4	4	1	2	2	3	2	4	1	2	2	4	3	6	3	2	5	1	2	5	2	2	4	0	3	3	1	2	3	5	4	8	2	2	2	1	2	1	6	3	7	6	3	7	3	2	7
367	3	4	6	4	5	8	4	4	3	2	3	6	2	3	2	6	3	6	1	3	2	2	3	7	0	2	5	6	5	8	2	2	2	4	3	7	6	4	6	6	4	8	8	5	7	2	3	2	6	4	8	2	1	3	4	3	4	5	3	7	2	4	5	4	3	4	5	4	10	5	3	4	4	4	5	6	4	6	2	2	4	4	3	4	4	5	9	3	2	4
368	4	1	7	4	4	4	5	1	3	4	2	3	3	3	5	0	1	0	3	3	3	0	0	1	2	1	3	4	4	5	2	2	4	5	3	7	3	3	4	2	2	3	1	1	0	0	1	0	4	3	3	0	0	0	1	1	3	2	1	3	6	2	3	2	2	4	4	2	5	0	2	3	3	1	3	0	1	1	5	2	3	-1	1	-1	1	1	3	7	4	8
369	4	4	6	6	3	5	8	4	6	6	4	8	6	5	9	2	3	3	3	2	3	3	5	9	5	3	7	5	3	6	4	3	6	2	3	5	2	3	4	6	4	8	7	4	6	5	4	6	7	5	11	5	4	8	6	3	9	4	2	1	6	5	10	8	5	8	6	4	6	3	4	6	6	4	4	6	4	7	3	3	4	4	3	6	7	6	11	5	4	5
370	1	1	4	5	3	4	4	4	5	0	1	2	5	3	4	1	1	2	2	2	5	5	3	6	4	2	7	2	1	4	4	2	3	0	2	3	0	1	1	2	1	1	1	4	6	1	2	2	3	1	6	3	2	5	1	1	3	3	2	5	3	2	3	1	2	2	0	1	0	4	1	6	3	3	6	4	5	6	4	4	3	1	1	3	0	2	1	3	1	3
371	9	5	11	8	6	10	8	6	9	7	5	6	7	6	12	8	5	8	8	6	9	5	4	7	8	6	9	4	6	8	7	7	9	8	7	12	7	6	7	5	7	10	7	5	7	6	5	11	10	8	14	6	5	11	8	6	7	6	4	7	6	5	8	9	6	8	5	4	6	4	4	7	7	7	11	5	5	10	11	8	12	8	5	9	6	6	8	5	6	5
372	1	3	2	1	0	0	1	2	2	0	0	1	1	2	2	2	2	2	0	1	2	4	3	5	-2	0	0	1	1	0	0	1	1	3	2	4	3	2	3	2	1	3	1	1	2	2	0	0	0	0	2	0	1	2	1	1	2	2	1	4	1	0	1	0	1	0	2	3	3	4	1	4	3	1	3	2	1	4	0	2	4	2	3	2	0	2	1	0	0	0
373	3	2	1	2	1	3	0	2	0	4	2	6	2	3	0	0	3	4	0	1	0	1	1	3	1	3	1	3	2	5	4	4	5	1	1	1	6	4	7	3	1	4	3	2	3	2	2	2	0	0	-1	2	4	7	3	3	4	4	2	4	4	3	7	4	3	3	1	2	1	3	1	1	1	1	2	8	5	11	2	2	3	2	1	4	5	3	7	4	2	8
374	4	3	3	5	4	7	3	5	3	4	2	7	6	4	5	3	5	5	3	3	4	5	3	7	4	5	4	4	4	2	2	3	3	4	4	6	8	5	8	5	4	7	3	3	6	3	3	5	5	5	8	2	3	4	5	3	3	4	3	4	5	4	7	3	5	7	4	4	6	8	7	8	5	4	8	3	4	4	4	5	4	5	4	9	5	4	8	6	4	9
375	2	3	3	8	5	9	5	4	7	3	4	2	6	4	8	3	3	7	4	4	6	3	1	1	5	5	8	1	3	5	2	3	5	6	3	5	3	4	4	4	3	6	3	4	6	5	4	2	5	3	7	6	5	7	4	3	3	4	3	4	2	3	5	0	3	3	5	2	4	4	4	5	5	3	7	3	5	3	7	4	10	8	7	12	2	2	1	1	3	2
376	1	2	5	5	3	5	0	2	0	2	2	3	6	4	5	4	4	7	3	3	5	4	2	3	3	3	5	3	2	3	5	3	7	3	1	1	2	3	2	5	2	6	2	3	4	5	4	8	0	1	-1	2	2	4	2	1	6	1	2	2	3	3	8	1	1	3	2	2	4	5	4	4	4	3	4	1	0	1	2	1	3	0	2	3	0	1	2	1	2	0
377	2	3	5	0	1	1	3	3	4	4	2	2	0	0	2	1	2	4	4	2	4	3	2	4	3	3	7	2	1	3	1	1	3	0	0	0	4	3	4	0	0	2	1	1	1	3	4	4	3	2	4	4	2	7	4	3	5	3	1	4	0	2	1	0	0	0	5	5	6	1	1	1	1	1	3	3	3	5	2	0	4	1	2	1	0	2	3	5	3	4
378	3	3	5	2	3	1	2	2	3	4	3	3	4	2	6	4	3	6	2	3	5	1	1	1	4	2	5	5	4	5	4	3	5	4	2	3	3	2	1	3	3	4	7	4	8	6	3	10	2	2	3	4	4	7	5	3	7	5	4	9	5	4	6	3	1	2	5	4	5	0	1	2	3	5	6	7	3	9	3	4	3	1	0	1	5	3	7	5	3	5
379	6	4	7	2	3	5	2	3	5	6	5	7	3	3	6	2	1	4	4	3	5	4	3	5	5	3	8	6	4	8	5	3	7	4	3	9	3	4	3	5	3	8	2	3	2	4	3	5	0	0	2	4	4	4	3	3	5	4	1	3	4	2	1	1	1	0	2	3	4	0	2	1	5	2	6	1	2	1	5	4	6	5	4	5	3	3	2	5	3	6
380	4	2	6	3	2	3	0	1	1	1	0	3	0	0	0	1	2	0	1	1	5	0	0	1	0	0	1	1	0	0	1	0	2	1	1	0	0	1	0	0	1	1	4	1	3	3	1	1	2	1	1	0	1	0	-1	-1	-2	2	2	6	2	1	2	3	2	2	2	2	1	2	2	5	2	1	2	-1	0	0	0	1	3	3	3	5	0	1	1	0	0	0
381	2	1	2	3	3	6	6	5	8	4	4	6	5	2	6	5	4	9	4	4	5	4	3	3	5	2	5	5	3	6	4	3	8	4	3	6	5	4	9	3	4	9	1	3	3	3	4	5	3	3	8	4	6	8	2	3	2	2	3	2	5	3	7	1	3	2	4	1	4	6	3	7	5	4	6	5	3	4	1	3	2	6	3	6	4	4	4	5	4	9
382	4	4	8	2	3	4	2	2	3	4	3	7	6	4	5	5	4	7	6	4	4	3	3	4	2	2	2	3	4	4	6	5	8	3	3	4	1	1	0	5	4	6	1	1	0	8	4	6	2	3	6	3	3	3	4	4	8	8	5	10	3	3	4	4	2	3	6	4	5	3	1	1	2	4	6	5	2	6	4	4	6	3	4	5	6	3	6	2	1	4
383	3	2	6	6	4	7	5	4	7	4	4	3	4	3	5	7	5	10	3	3	5	3	3	4	4	4	5	6	5	10	5	3	6	4	3	4	2	2	4	5	5	7	3	1	3	4	5	7	5	4	9	2	1	1	5	4	8	4	5	5	4	3	5	5	4	7	3	2	6	4	2	6	3	2	4	3	3	8	3	3	7	5	1	4	8	5	10	5	3	8
384	2	1	3	3	1	4	3	2	4	3	2	3	3	2	3	2	1	1	2	1	1	0	0	2	2	3	3	1	1	1	1	1	4	3	2	6	1	2	1	5	2	4	0	2	4	4	2	5	0	1	0	3	2	3	4	2	5	0	1	4	1	1	5	1	3	1	5	3	4	5	2	2	2	2	3	0	2	4	0	1	2	3	2	4	0	1	1	2	2	3
385	0	1	0	3	3	4	6	4	8	4	3	5	5	4	5	6	5	10	6	3	7	6	4	4	5	5	6	2	4	3	2	3	3	6	5	10	4	4	4	5	3	9	4	5	5	4	3	2	6	4	6	4	3	6	4	2	4	2	3	4	7	5	7	4	4	4	6	4	5	4	5	6	0	0	1	5	3	4	3	3	4	2	4	4	3	3	6	3	2	5
386	3	3	4	3	3	7	3	3	4	9	6	11	7	5	9	6	5	7	7	6	8	4	3	6	4	5	7	5	4	8	5	4	5	4	4	6	4	4	5	6	4	6	6	5	7	7	5	7	6	5	6	4	5	8	2	2	3	6	4	5	7	5	9	5	4	4	8	5	8	5	4	8	3	3	5	7	5	9	6	3	7	5	4	7	5	5	6	8	6	9
387	2	3	4	6	4	4	2	3	3	3	3	4	6	2	6	5	4	8	5	4	4	4	3	3	3	3	5	2	2	3	1	2	3	2	2	3	5	4	8	4	4	6	4	5	6	5	4	7	3	3	1	3	3	4	3	4	7	5	4	3	5	4	5	5	3	7	4	3	6	3	3	5	6	4	9	5	4	6	5	3	3	5	4	7	5	3	5	1	1	3
388	1	0	2	2	3	6	1	1	3	5	3	5	1	1	2	0	1	0	1	0	0	3	2	8	2	2	5	5	3	8	2	2	3	1	1	1	2	3	4	4	2	3	0	0	1	2	2	3	3	1	3	0	0	-1	0	1	1	1	0	3	3	2	4	3	3	5	2	2	3	2	1	3	0	1	2	2	2	3	2	2	5	1	0	2	0	2	5	1	0	1
389	3	3	5	7	5	9	0	1	3	4	2	2	0	3	6	1	2	1	3	3	3	0	0	0	3	3	5	0	0	1	3	3	4	4	2	4	2	2	1	4	3	5	1	2	4	2	3	4	5	3	4	2	2	2	2	2	4	5	2	7	1	2	6	6	3	7	2	3	2	-1	1	0	4	4	7	4	3	3	3	2	5	2	2	0	4	2	9	3	4	5
390	4	4	5	3	3	5	2	1	1	2	2	4	2	2	5	5	4	5	4	4	6	6	4	6	3	5	4	5	4	7	6	3	6	3	4	5	6	4	7	7	4	8	5	2	6	3	3	5	8	5	8	4	4	9	3	3	6	6	3	5	6	3	8	3	2	4	5	4	7	6	5	9	3	4	4	3	1	2	7	5	6	7	6	10	6	4	8	3	3	6
391	4	2	4	6	3	11	5	4	7	4	3	4	3	3	7	2	4	5	3	3	6	2	2	4	0	1	2	2	3	3	-1	0	-1	4	3	2	0	1	3	2	2	3	0	1	1	1	0	1	3	4	9	4	0	2	3	4	3	4	2	8	7	3	7	2	1	1	3	2	3	7	3	10	2	3	5	3	4	6	2	3	6	4	2	4	3	2	5	0	0	1
392	4	3	5	2	2	0	0	1	1	-1	0	1	2	1	4	2	0	0	3	2	6	1	0	-1	3	1	3	0	0	0	1	2	1	1	1	4	1	1	3	2	1	1	2	1	4	2	1	3	0	1	2	2	0	2	2	0	0	0	0	1	0	1	0	0	0	-1	0	0	2	0	0	0	0	1	0	0	2	0	0	0	1	0	0	1	0	1	1	-1	-1	0
393	2	3	3	7	4	8	3	4	6	2	1	2	4	4	5	5	3	4	6	5	8	2	1	1	2	4	4	0	2	0	3	3	3	4	4	7	4	5	8	7	4	7	4	3	4	6	4	9	3	5	7	7	3	7	3	3	5	6	5	5	5	4	5	7	3	7	6	5	8	1	3	2	4	5	4	3	4	6	3	4	4	7	4	6	3	3	4	4	3	3
394	3	1	5	5	3	8	2	3	4	4	3	3	2	1	2	4	3	5	2	2	1	3	1	3	0	2	3	3	2	6	3	2	4	5	2	6	1	2	0	3	2	6	1	2	2	0	2	0	1	2	3	1	0	1	0	2	2	3	1	3	1	1	1	3	3	6	1	1	1	6	3	4	0	2	2	3	1	2	4	3	6	4	4	5	3	3	6	0	1	0
395	6	3	7	3	3	3	0	2	2	2	3	0	4	3	6	3	3	3	4	3	3	2	2	4	4	3	7	1	2	1	3	2	4	2	2	3	2	2	4	3	2	3	4	1	6	2	2	4	0	2	2	6	2	8	1	1	2	3	1	1	0	2	4	2	2	2	4	3	6	6	2	5	1	2	1	4	3	6	0	1	-1	1	0	0	0	1	5	2	2	4
396	3	4	5	6	5	8	2	4	3	8	7	10	3	3	5	5	5	8	3	3	5	4	4	5	5	5	7	5	5	6	6	5	5	2	3	4	6	5	6	5	4	4	5	6	5	6	5	6	6	4	5	6	3	8	5	5	7	6	5	8	8	5	12	7	6	11	3	4	7	7	4	8	4	4	4	5	5	5	4	4	7	4	4	5	6	5	8	6	5	9
397	3	2	4	1	1	2	2	2	3	1	1	0	0	1	-1	4	2	6	4	4	2	0	1	0	1	2	3	2	1	3	0	1	2	1	0	3	3	3	2	2	1	1	3	2	3	1	2	2	2	3	2	1	1	2	4	4	7	3	3	6	1	1	2	5	3	4	2	2	2	0	1	0	1	1	4	3	3	2	1	1	2	4	4	5	3	3	2	0	0	0
398	3	3	2	8	5	8	6	5	8	5	6	6	3	4	5	4	4	8	2	3	5	6	5	7	6	4	6	3	4	8	4	4	5	6	4	3	4	4	7	4	3	6	3	3	4	7	5	8	6	4	5	5	5	8	3	2	3	3	4	7	6	4	6	4	4	8	3	3	3	9	4	7	4	2	6	8	5	6	6	5	9	3	4	7	3	4	8	7	5	9
399	2	0	1	2	2	3	4	2	4	2	2	2	0	0	-1	3	4	4	5	2	5	2	2	3	1	0	3	0	1	4	2	2	2	2	0	1	2	1	1	2	1	2	-1	2	0	3	1	3	3	2	2	3	1	3	3	2	5	0	1	4	2	2	1	1	2	2	2	3	4	0	1	0	2	2	3	0	2	4	2	2	4	3	1	3	1	0	0	2	1	1
400	4	4	4	1	1	3	1	0	2	4	1	5	4	3	4	1	2	0	3	4	6	3	1	3	1	2	5	4	4	5	0	0	2	3	1	3	4	2	4	0	0	1	5	4	6	3	2	3	4	2	4	4	2	6	4	1	1	0	2	2	1	2	3	3	3	4	2	3	3	2	2	4	3	2	4	3	2	1	0	1	0	3	3	6	6	4	8	4	3	5
401	2	3	7	6	3	7	6	4	7	4	2	3	3	3	7	5	4	3	3	1	2	0	1	3	3	3	6	3	3	4	4	3	5	2	3	6	8	3	8	6	3	9	4	2	6	2	2	2	0	3	4	3	2	3	2	3	3	7	4	4	2	3	4	4	3	4	5	3	5	4	4	6	8	4	7	3	2	2	3	3	7	1	2	3	3	2	7	0	2	0
402	0	1	0	4	1	3	0	2	0	3	2	5	1	2	0	1	4	4	5	3	8	5	3	6	1	0	3	0	0	2	3	3	7	3	3	3	0	1	2	0	1	0	2	2	2	1	1	0	1	2	1	3	2	3	2	2	3	2	2	5	1	1	3	0	2	0	2	3	6	2	3	3	1	3	3	5	3	6	1	1	5	4	2	3	1	1	1	5	4	5
403	2	1	3	1	1	0	1	2	1	4	3	5	1	1	2	3	1	4	3	2	2	0	2	2	2	2	2	3	1	4	1	2	5	3	3	3	4	5	6	3	2	4	0	1	3	4	4	6	6	3	6	3	4	2	5	3	6	2	2	1	4	2	6	0	2	2	6	3	3	1	3	5	4	2	8	4	2	4	1	1	2	1	2	3	2	2	4	1	2	5
404	2	2	2	4	3	8	2	2	6	2	2	1	4	3	8	2	4	5	5	2	6	4	3	4	0	2	0	5	4	7	4	2	4	5	2	4	3	4	5	4	2	6	3	3	7	4	4	5	0	2	3	3	2	3	3	4	4	3	4	6	4	4	8	3	4	6	7	3	7	1	0	1	3	3	5	4	4	5	3	3	2	5	4	9	3	2	3	3	4	5
405	8	5	8	8	4	11	6	5	7	4	5	6	0	3	2	5	3	5	3	4	6	7	4	6	8	4	7	2	3	4	5	3	6	4	3	7	6	4	7	4	4	6	5	5	5	3	4	8	5	6	8	4	2	2	7	5	8	8	6	10	4	3	8	4	4	5	4	4	7	5	4	6	2	4	6	7	5	5	7	5	8	5	5	4	6	3	7	4	5	5
406	3	1	5	2	1	2	0	1	2	1	1	0	0	1	2	1	1	1	2	2	0	3	1	1	0	0	0	1	1	0	0	0	0	2	1	0	1	2	0	1	1	0	0	1	0	0	0	1	4	1	4	0	1	1	2	3	0	2	2	2	2	1	3	2	2	1	-1	0	-1	1	2	3	2	3	5	2	2	2	1	1	2	3	3	6	-2	0	0	0	0	0
407	2	4	4	7	4	6	3	1	3	3	2	3	3	2	4	2	4	6	2	2	6	4	4	6	3	3	2	3	2	3	4	3	3	2	1	4	2	2	0	3	2	4	4	2	4	2	2	3	4	4	8	6	2	4	3	3	4	2	3	2	1	2	2	5	4	8	4	4	6	0	1	0	3	4	7	3	2	6	6	3	7	2	2	3	6	3	4	5	4	5
408	6	4	7	6	3	4	7	5	8	3	2	5	4	4	7	4	3	6	6	4	8	2	3	2	5	5	8	7	4	8	8	4	9	6	5	7	7	5	8	5	4	5	6	5	6	3	2	3	4	5	5	6	4	7	2	4	2	6	3	7	4	3	7	5	4	8	3	3	7	4	2	5	1	3	3	6	5	9	4	5	5	7	5	9	3	1	3	7	4	11
409	1	1	2	3	1	3	2	3	5	1	3	1	2	3	2	-1	1	1	3	2	6	1	3	3	0	0	-2	2	2	3	3	3	2	3	2	4	1	3	3	3	1	5	0	1	0	4	3	6	3	2	4	8	5	9	4	3	8	5	3	7	1	2	4	1	3	3	4	2	3	4	1	3	1	1	3	6	3	6	5	2	6	4	2	3	2	3	5	1	1	3
410	3	2	6	3	3	3	0	1	0	9	3	6	5	3	10	3	3	2	3	3	6	3	4	6	3	4	5	4	3	4	5	3	6	4	4	4	4	3	7	4	5	8	5	3	6	4	2	4	5	4	4	0	1	0	3	1	6	6	4	7	4	3	6	3	4	8	5	3	2	5	1	4	3	2	5	5	3	4	3	1	2	5	4	8	5	3	4	1	2	7
411	7	4	7	5	3	4	5	3	2	1	2	4	3	4	2	5	2	6	5	2	7	4	3	6	3	2	5	2	2	4	3	3	4	6	4	9	5	3	2	5	4	4	3	3	4	4	2	2	2	2	4	4	1	4	2	3	3	5	3	8	4	5	4	5	4	8	4	5	7	2	3	2	5	3	6	5	4	5	2	3	3	8	3	5	5	3	10	2	4	3
412	3	2	4	4	3	6	2	3	7	5	4	6	2	3	3	3	3	5	2	2	2	4	2	5	5	3	4	3	5	4	2	3	2	4	3	5	2	2	5	3	3	7	4	3	7	2	2	4	5	3	7	0	2	2	4	3	6	4	3	7	4	4	5	3	3	3	5	4	5	2	3	6	3	3	2	2	2	3	5	4	9	3	3	4	4	3	4	3	3	3
413	6	5	9	6	4	6	6	4	6	7	2	5	5	4	9	6	3	6	4	3	7	5	3	6	6	5	6	5	4	5	4	4	5	7	3	8	3	3	5	4	3	4	6	6	11	5	3	8	3	3	6	7	5	10	5	4	10	2	2	3	6	3	5	0	3	1	4	3	5	4	3	6	5	5	6	3	4	3	4	4	7	3	4	5	5	3	4	5	3	7
414	3	1	2	1	0	0	3	3	3	1	3	1	1	2	3	4	2	5	4	4	7	5	2	5	4	3	5	3	3	5	3	3	4	5	3	6	2	3	3	6	3	8	3	3	5	5	4	9	8	4	9	3	3	4	2	1	2	5	5	8	4	2	5	2	3	4	1	1	4	4	3	5	3	3	5	3	2	4	7	4	7	4	1	4	3	3	5	6	4	5
415	5	2	5	3	2	6	3	2	2	5	3	5	3	2	6	6	2	8	1	1	3	6	4	6	6	3	7	1	2	1	2	2	2	1	1	2	4	3	5	3	3	2	4	3	4	1	3	5	5	5	8	4	3	6	2	2	7	7	4	8	4	2	4	2	2	1	0	0	-2	2	2	3	0	2	1	0	0	-2	0	0	0	3	1	5	2	2	6	1	2	4
416	0	1	0	0	0	-1	0	1	5	-2	0	-2	1	1	3	0	0	0	0	0	0	0	2	1	2	1	2	0	0	0	2	1	1	1	0	1	0	0	1	0	0	-1	-1	0	0	-1	1	-2	0	0	1	0	0	0	0	0	2	1	0	0	-2	-1	-2	-4	-2	-4	-2	-1	-2	-2	-1	0	0	0	0	0	0	3	0	0	1	-2	-1	-2	2	0	0	0	0	3
417	3	3	3	3	3	6	4	2	3	6	4	9	4	4	4	2	2	1	5	5	7	5	3	6	5	2	5	4	5	7	2	2	4	6	2	6	2	2	4	4	3	3	4	2	5	1	1	4	3	1	4	3	3	3	4	1	3	5	5	5	2	1	2	0	2	2	4	3	6	1	2	5	5	4	3	5	3	8	0	1	1	1	1	7	4	2	4	4	5	7
418	5	3	8	6	5	8	5	4	4	5	3	9	6	3	4	7	6	7	4	3	7	6	5	7	5	3	3	4	4	9	6	5	8	6	3	8	3	2	4	3	2	4	2	2	3	2	2	1	5	3	5	2	4	1	1	2	0	6	4	10	5	4	9	5	3	6	5	4	5	5	3	6	6	5	6	4	4	3	5	3	7	5	4	5	8	4	11	6	3	6
419	8	4	10	5	5	7	6	5	9	6	3	7	5	3	7	5	4	8	5	6	10	4	3	7	6	4	5	1	2	3	4	4	4	5	3	8	5	2	5	5	4	4	7	5	8	5	4	8	4	3	5	4	4	5	4	3	6	5	4	8	4	3	2	5	5	10	0	3	3	3	4	5	5	3	8	5	6	11	4	3	6	4	4	6	3	3	5	6	4	8
420	2	2	2	3	3	6	3	3	6	5	4	5	5	3	5	3	3	6	1	2	1	5	5	5	1	1	3	3	2	4	1	2	3	3	2	2	2	2	0	0	2	2	4	3	4	5	4	6	5	4	6	4	2	4	3	2	3	7	4	8	0	1	0	4	3	8	4	3	5	5	3	6	0	1	0	1	2	4	2	2	3	5	4	6	3	3	2	3	3	3
421	7	5	6	3	6	9	7	6	8	6	5	7	6	6	8	4	5	7	10	7	10	7	6	10	6	5	9	5	5	5	6	6	9	6	5	10	8	5	9	6	5	8	5	2	5	8	6	11	4	3	5	2	5	6	3	3	6	6	5	5	5	4	7	5	4	7	10	6	12	4	5	6	7	4	8	6	6	9	10	6	11	5	4	7	6	5	8	5	5	7
422	3	1	4	3	4	5	3	3	5	5	4	4	2	3	3	3	3	4	5	3	7	3	3	6	2	2	4	3	4	6	6	4	7	4	3	5	4	4	7	5	3	5	4	4	6	2	2	3	7	5	7	7	4	7	5	3	7	5	2	7	6	4	4	3	3	4	5	3	3	5	4	5	7	6	8	7	4	8	6	4	5	4	2	5	5	4	9	3	3	2
423	5	4	6	4	4	6	4	3	4	3	3	5	5	3	7	6	4	7	1	1	4	4	4	3	4	4	7	3	2	4	6	4	8	5	5	8	8	5	6	3	3	5	7	5	7	5	3	5	2	3	6	4	3	4	5	4	8	5	4	9	3	3	4	4	2	5	4	3	3	4	4	5	2	2	3	3	2	4	5	3	5	2	1	1	3	3	2	0	2	0
424	6	5	5	9	6	8	4	4	5	4	5	6	2	4	5	5	4	9	5	5	8	6	4	8	4	3	9	5	5	11	2	5	4	5	3	6	5	6	6	1	4	5	5	4	9	6	5	6	6	5	7	6	4	6	8	6	13	7	5	10	2	4	6	4	5	5	4	3	6	6	6	6	5	5	9	6	6	7	5	4	6	6	5	8	6	5	10	2	4	4
425	6	4	7	1	2	3	0	1	2	4	3	3	5	2	1	5	4	7	1	2	5	2	2	6	1	1	0	4	3	3	1	2	1	4	2	7	3	2	2	3	3	5	4	2	3	0	2	0	2	3	4	3	2	2	2	1	2	2	2	4	2	2	2	7	3	9	3	2	2	0	0	1	3	3	3	2	2	4	2	3	2	2	2	7	3	3	5	1	3	4
426	3	3	5	4	3	3	4	3	6	7	4	8	4	2	3	1	0	2	4	3	6	1	0	-1	-1	2	0	4	2	3	5	4	5	2	2	6	3	0	3	1	2	2	1	1	2	3	3	5	1	1	3	4	2	2	0	1	2	3	2	5	2	1	5	5	3	4	3	1	2	1	2	2	5	4	7	1	2	5	3	4	5	5	4	8	4	4	6	1	1	0
427	10	5	12	6	4	8	7	6	10	9	6	11	4	4	6	6	5	9	9	5	10	6	5	7	5	5	8	6	4	5	10	7	10	7	6	9	9	7	10	5	4	8	11	8	13	3	4	9	8	7	10	6	4	10	6	4	5	9	8	9	8	6	8	5	6	7	8	5	8	6	4	6	9	6	11	9	7	8	5	4	7	4	4	7	6	4	10	8	6	8
428	2	2	4	3	3	3	3	2	6	6	4	7	2	3	5	3	2	4	5	3	5	1	3	3	1	3	6	4	3	7	3	4	6	3	3	6	5	2	6	2	2	2	1	3	3	5	2	3	6	2	6	5	3	5	2	3	4	3	3	5	4	4	9	8	3	6	4	2	6	3	3	4	6	3	6	3	1	3	4	3	4	3	3	3	1	2	4	3	2	3
429	7	6	8	7	5	8	5	4	6	7	5	6	7	5	8	5	4	8	4	4	7	8	5	11	6	4	6	6	5	8	4	3	6	5	6	8	7	4	9	6	6	9	5	5	6	9	7	11	8	6	12	3	4	7	5	4	6	7	6	11	5	5	7	7	5	8	4	4	6	8	4	9	6	5	8	9	4	10	4	4	7	6	4	6	5	4	8	8	5	8
430	2	1	3	4	2	4	3	3	5	4	1	3	3	3	3	0	2	0	1	2	2	0	1	-2	2	2	4	1	1	1	2	1	0	2	0	4	2	1	2	2	1	3	5	3	7	5	3	8	0	1	0	3	1	5	2	1	4	0	1	3	3	1	2	2	2	4	5	3	5	0	0	-2	0	1	3	0	2	1	4	3	6	1	1	3	0	1	1	2	2	4
431	0	2	3	5	4	7	5	4	6	5	4	8	2	3	5	4	3	5	3	4	6	3	1	2	0	1	4	2	3	4	5	2	5	3	2	6	4	2	2	3	1	1	2	3	3	3	1	2	0	1	0	4	2	3	4	2	6	4	3	4	3	3	8	2	3	4	4	3	6	2	3	2	2	2	1	3	3	3	5	3	5	5	3	6	0	1	3	4	4	1
432	2	1	3	3	3	1	4	3	5	2	3	5	5	4	7	2	2	3	5	2	4	4	2	2	5	4	5	2	2	5	4	4	7	6	4	6	4	3	2	6	5	7	3	3	4	4	3	6	0	2	2	3	3	5	7	4	9	2	2	6	7	4	7	3	4	6	6	3	6	5	2	6	3	2	2	5	3	5	6	4	10	2	3	4	5	4	5	2	3	5
433	4	3	3	3	2	4	6	5	6	6	5	6	4	3	5	4	3	5	3	2	6	5	3	8	3	3	6	3	5	4	6	4	10	3	1	3	3	2	7	4	4	8	3	5	6	2	2	4	3	3	5	5	3	8	6	3	6	5	3	2	1	4	1	7	5	7	2	1	2	2	3	4	4	4	6	5	4	7	5	3	6	3	4	5	5	5	6	5	4	5
434	5	3	5	5	4	5	4	2	6	1	1	3	0	0	0	0	1	-1	5	4	8	2	1	3	3	2	3	2	1	2	0	1	0	0	2	2	2	2	4	4	2	3	2	2	6	1	1	3	1	0	3	0	1	1	5	4	4	2	1	3	1	2	5	1	1	5	1	2	1	0	0	0	4	2	4	1	3	0	1	2	2	2	1	2	2	1	2	4	2	3
435	4	3	7	2	2	3	3	3	5	4	2	6	3	3	6	5	4	6	-1	2	1	4	3	5	5	3	5	3	4	3	5	3	3	4	3	7	5	4	6	3	2	2	1	2	2	2	3	3	3	4	6	1	3	4	5	3	5	2	3	4	1	3	4	6	3	9	5	4	10	3	4	7	0	3	4	5	4	6	3	2	4	4	4	6	1	1	1	7	4	8
436	5	3	6	3	2	4	1	2	2	0	0	0	3	1	3	2	2	3	5	2	3	1	1	2	4	2	9	2	2	3	3	2	2	1	2	1	2	2	0	2	1	5	4	2	3	2	2	4	3	2	6	2	2	3	1	1	2	0	0	1	4	1	5	0	1	3	0	0	1	1	2	3	5	4	8	1	2	0	3	3	4	0	1	-1	3	2	2	2	2	3
437	4	4	8	5	4	6	4	4	7	6	5	8	5	4	7	6	4	11	5	4	7	4	3	5	6	6	9	5	4	9	5	4	6	5	4	8	0	2	1	5	4	6	1	3	3	4	4	7	6	3	8	5	3	6	5	4	8	8	6	8	4	4	5	6	4	7	6	4	6	5	5	9	6	5	7	7	6	9	1	1	1	5	6	7	3	2	6	5	6	7
438	4	3	7	6	5	9	5	4	5	1	3	5	4	3	4	5	4	5	7	4	7	5	5	6	5	4	5	5	5	9	4	5	6	2	3	4	8	6	11	2	3	7	3	4	6	6	4	5	5	3	4	2	3	6	5	4	6	3	4	4	7	5	10	3	4	9	4	2	5	7	5	8	5	4	7	5	4	4	5	4	4	6	4	7	4	2	5	4	5	4
439	4	1	4	-2	-1	0	1	0	1	1	1	2	5	2	4	0	0	-1	-1	0	-1	0	0	0	0	0	0	0	1	-1	2	2	2	2	2	4	2	0	2	1	1	3	3	0	0	2	2	2	-1	0	2	3	1	0	0	0	0	1	0	1	0	0	0	1	0	3	2	1	3	3	1	2	0	1	1	3	1	3	0	1	1	1	0	3	0	1	3	-1	1	0
440	7	3	6	4	4	7	5	2	3	4	5	8	3	4	7	6	4	7	5	4	6	5	6	7	3	2	5	3	2	0	5	4	9	8	5	8	4	4	9	7	5	6	5	4	8	5	4	5	5	3	7	4	4	8	8	6	9	7	5	9	8	5	11	8	5	11	3	2	4	5	4	6	2	4	5	5	5	7	4	3	4	5	5	6	4	3	6	6	4	6
441	1	1	2	3	2	3	4	3	7	2	0	1	3	3	3	1	2	3	-2	1	0	3	3	3	0	0	1	2	2	3	3	1	1	1	3	3	4	0	2	2	2	2	0	1	0	2	1	-1	3	3	4	1	3	3	-2	0	-5	0	0	-1	3	2	2	1	1	2	6	3	5	0	1	1	4	2	6	0	1	1	0	0	0	2	2	2	3	0	0	-1	2	-1
442	4	3	6	6	4	9	4	3	7	5	3	6	2	3	4	4	5	11	5	3	6	1	3	4	5	3	8	5	6	6	3	3	6	5	3	5	6	4	7	2	3	3	6	4	7	4	3	4	5	3	6	3	4	7	3	5	3	6	3	3	6	4	7	6	3	9	4	4	4	4	4	5	3	3	4	4	3	3	7	4	8	3	3	5	0	2	3	3	4	4
443	6	6	6	4	2	3	3	2	5	6	6	9	1	3	3	3	3	4	6	5	6	5	5	8	4	4	6	5	4	6	4	5	10	3	3	6	4	3	5	5	4	6	6	4	7	3	1	7	8	5	9	5	3	5	6	5	6	5	4	7	7	5	9	2	2	2	5	2	7	4	3	3	3	3	6	2	2	1	5	4	7	5	5	4	4	4	6	5	5	4
444	5	4	6	2	4	6	4	3	7	4	4	4	2	2	3	4	4	5	5	4	6	1	2	3	3	4	8	1	2	3	3	3	6	3	2	5	5	4	5	7	4	8	3	2	5	2	3	2	6	4	4	1	0	1	2	3	6	4	3	6	2	2	5	6	4	6	1	2	2	0	0	1	6	3	5	3	3	5	5	4	6	2	4	4	4	3	5	3	3	4
445	1	0	2	6	3	7	2	3	3	2	3	2	1	1	0	2	2	4	0	1	3	3	2	3	0	1	1	3	2	4	4	2	5	3	3	6	1	2	4	0	0	2	5	3	3	0	1	2	6	4	5	0	1	2	3	3	4	1	3	4	1	2	5	0	1	1	2	1	3	3	2	3	4	3	4	3	2	3	3	3	3	4	3	4	2	2	5	4	2	1
446	4	3	4	6	4	9	1	1	1	4	4	4	7	4	9	3	4	2	2	3	3	7	3	6	5	4	4	3	1	3	5	3	7	3	3	3	3	3	4	5	5	6	5	4	7	4	4	6	2	2	3	4	4	6	4	4	6	5	3	7	3	3	4	6	5	9	4	3	5	6	5	7	3	2	1	3	3	6	5	4	7	4	4	4	3	3	3	7	4	9
447	2	3	5	6	5	9	5	3	5	3	4	7	2	2	4	4	4	5	2	3	3	9	4	11	2	3	4	6	4	11	3	3	5	5	3	6	4	3	4	0	3	3	7	5	6	6	2	7	7	5	8	5	4	7	6	5	8	6	3	7	6	4	5	6	3	8	2	2	4	4	3	5	5	5	8	5	4	7	4	4	5	4	2	3	7	3	7	5	3	7
448	4	4	5	7	5	7	6	3	9	8	5	8	4	5	6	4	3	6	6	4	7	6	5	7	5	6	8	2	3	7	3	3	3	4	5	6	6	3	9	8	6	10	5	5	5	8	5	8	6	4	7	9	5	8	4	3	4	6	4	6	5	5	8	6	6	7	6	4	9	4	4	5	6	4	7	4	4	4	6	4	6	6	3	9	6	5	9	4	5	7
449	1	2	2	2	2	1	0	0	0	0	0	0	2	1	2	2	1	3	-1	0	0	0	1	1	0	1	-2	0	1	4	2	2	2	1	0	-1	-1	1	1	0	0	-1	2	2	4	0	0	0	0	1	0	0	0	2	2	1	0	1	1	0	0	2	1	1	1	3	3	2	4	-1	0	0	2	2	2	0	0	2	0	0	1	-1	-2	-1	-2	0	0	0	1	0
450	3	2	5	0	1	0	1	2	0	2	4	7	0	0	-2	2	2	4	0	0	0	0	0	0	-1	0	-1	2	2	4	0	0	2	0	1	2	0	0	2	0	2	4	2	2	2	7	2	8	4	2	5	0	0	0	1	0	1	0	0	1	4	3	7	0	0	0	2	2	2	1	0	0	0	0	0	3	1	1	4	1	4	1	0	0	2	1	2	0	1	1
451	3	3	5	5	5	7	4	4	4	7	4	9	7	5	9	6	6	10	8	6	10	5	5	4	7	5	7	5	5	7	8	5	8	6	4	8	4	4	5	8	5	11	5	5	4	4	4	6	3	3	4	10	6	10	8	5	8	9	5	9	6	6	8	4	4	5	6	4	6	6	4	9	8	5	9	2	3	3	8	4	9	5	3	6	6	4	6	5	6	7
452	5	5	9	7	4	8	6	4	7	6	4	11	4	5	9	6	5	9	5	5	9	3	4	7	3	3	5	5	5	5	1	5	2	4	5	5	5	5	8	4	4	9	5	4	6	5	5	8	1	4	3	5	6	6	7	4	10	5	3	5	5	5	10	3	4	8	3	4	2	6	5	7	6	4	8	8	4	8	2	4	7	5	5	7	2	3	4	7	4	8
453	6	4	4	2	2	5	3	3	2	4	3	4	5	4	6	1	2	1	4	5	7	4	4	4	5	2	5	3	3	3	8	6	10	3	4	5	2	2	3	1	4	2	5	4	4	6	4	5	4	4	4	3	3	6	4	2	2	5	3	5	6	2	7	4	5	5	3	3	2	3	2	3	8	4	9	2	3	5	7	6	8	4	3	4	5	4	6	6	3	6
454	4	3	7	5	4	6	6	5	9	3	2	4	6	4	8	7	5	10	5	5	8	5	4	7	9	7	12	3	3	6	7	5	9	5	4	7	4	2	5	3	4	5	0	3	2	5	4	6	7	5	11	8	4	6	10	5	11	5	5	6	6	5	7	3	4	7	5	2	7	2	3	5	5	2	4	5	3	6	5	3	3	6	3	5	4	5	5	6	4	6
455	5	3	7	4	2	3	5	3	5	1	2	0	4	4	5	5	5	9	7	5	10	3	4	7	6	4	6	4	4	7	5	4	6	6	5	11	3	3	4	10	4	10	6	5	8	3	4	6	3	3	2	5	3	8	9	4	8	5	5	6	6	3	5	5	4	3	3	4	6	6	4	9	5	4	6	3	3	4	6	5	8	1	3	3	4	6	7	2	3	2
456	0	0	0	0	0	0	1	1	1	-1	0	-1	0	0	-1	0	0	3	1	2	5	-2	-1	-1	1	0	0	-2	0	-2	1	1	1	0	0	0	0	0	-2	1	0	0	-3	0	-1	0	0	-1	0	0	0	-1	0	1	-1	0	0	-1	1	1	-2	-1	0	0	-1	0	0	0	0	0	1	1	-1	0	0	1	0	1	0	0	0	0	0	0	2	0	3	1	0	2
457	6	4	9	2	4	3	5	4	5	5	6	5	4	4	9	3	4	7	3	4	7	7	6	10	7	6	9	4	4	5	5	5	7	5	5	6	6	5	7	6	5	7	2	3	1	4	2	3	6	5	8	3	4	3	7	4	11	4	5	5	3	3	5	4	5	6	3	4	6	4	4	7	3	2	5	7	6	9	5	6	7	7	5	6	9	7	10	5	4	6
458	3	4	4	2	3	5	0	1	0	1	2	4	2	2	4	3	2	3	4	2	4	1	2	3	3	3	2	4	3	6	5	2	5	3	2	3	1	2	1	3	2	4	1	3	4	3	2	1	3	2	4	2	3	3	3	2	3	4	2	5	6	3	7	5	4	4	3	1	6	4	4	8	1	2	1	1	1	-1	3	3	6	5	2	2	2	2	3	1	3	4
459	5	4	4	4	2	3	3	3	6	4	3	3	3	1	3	4	2	3	9	4	11	4	3	4	3	3	4	2	2	4	7	4	5	3	4	4	5	3	5	2	2	1	7	3	6	4	3	4	4	3	5	2	3	5	4	2	2	4	2	6	3	3	5	6	4	9	4	2	4	4	3	6	5	3	4	6	3	2	3	4	5	3	3	7	5	4	7	4	4	4
460	0	1	1	4	2	3	4	4	7	4	3	8	3	3	5	5	2	8	4	3	5	4	3	6	1	1	2	2	2	4	3	2	4	3	3	3	3	3	5	1	3	1	2	3	4	2	3	3	1	2	3	6	4	9	4	2	2	3	4	5	3	2	7	6	3	7	3	1	3	5	3	5	2	2	4	7	2	8	1	2	3	2	0	3	4	2	4	3	3	7
461	4	5	5	7	4	7	5	4	8	2	2	6	5	5	7	7	6	9	3	3	4	6	4	8	6	4	4	8	5	11	3	2	3	0	1	0	6	3	6	7	5	6	5	4	9	5	3	3	4	3	5	5	5	7	3	4	6	4	3	6	3	4	3	5	3	6	7	4	8	6	3	7	3	5	7	5	2	6	6	5	11	8	5	10	5	5	9	8	5	7
462	2	1	3	3	1	2	0	2	1	4	3	6	1	2	1	4	2	3	3	3	3	3	3	5	6	4	9	4	2	6	3	2	5	2	2	2	0	2	4	6	4	7	2	2	3	3	1	3	2	2	3	1	2	1	7	4	10	1	2	3	4	2	5	2	3	5	3	2	4	2	2	4	2	2	3	5	2	9	2	1	5	0	2	1	3	2	5	3	2	4
463	5	4	8	6	4	7	7	6	8	3	4	6	2	3	5	4	3	5	4	2	6	7	5	10	0	3	0	4	2	4	2	3	4	6	3	6	1	2	2	5	3	6	5	3	6	2	3	3	5	3	4	5	5	7	2	4	3	3	3	6	5	2	5	3	3	2	6	3	6	3	2	5	8	6	8	4	3	4	6	4	8	5	4	6	3	3	9	3	3	4
464	5	3	6	1	1	4	5	3	6	5	1	5	1	2	1	5	2	4	7	5	8	7	5	7	4	3	7	3	2	5	1	2	3	0	2	3	2	2	3	3	2	7	2	3	5	2	1	-1	6	4	8	3	1	4	4	3	6	4	3	5	1	1	2	3	3	2	6	4	8	4	4	4	5	3	6	4	4	4	1	2	1	1	2	4	3	1	2	4	2	1
465	0	1	0	3	3	7	2	1	2	1	3	5	3	2	8	5	3	6	1	2	2	0	2	4	-1	0	0	0	0	1	4	2	7	3	1	2	2	2	5	0	1	0	0	1	2	1	1	4	1	1	3	2	3	4	4	2	6	4	2	3	2	2	2	1	3	5	2	2	3	3	1	3	3	2	5	3	3	4	2	2	5	3	2	4	3	3	5	0	1	1
466	6	4	8	5	4	7	4	4	6	8	6	9	2	3	5	7	6	11	5	4	7	4	3	4	6	4	5	3	4	5	6	4	7	5	5	9	5	3	7	6	4	8	8	6	11	4	3	7	4	6	8	7	6	10	5	4	5	5	4	9	5	3	4	2	3	3	5	3	7	5	5	7	5	4	8	7	6	7	5	5	5	4	4	5	8	5	6	4	5	8
467	3	3	4	7	4	9	2	2	1	5	3	7	4	1	4	5	4	6	3	2	5	5	4	6	7	4	9	5	5	7	2	3	3	4	4	5	6	4	9	4	3	5	4	5	7	0	2	1	5	3	4	5	5	6	3	4	5	4	5	6	4	3	3	6	3	8	4	5	6	6	5	8	3	5	7	5	4	9	3	3	6	5	5	9	5	3	7	3	4	5
468	9	7	11	8	5	8	7	6	9	5	3	6	6	4	8	6	5	8	6	4	7	6	6	7	4	4	7	6	6	10	7	6	9	5	5	7	6	5	11	3	4	7	5	3	6	4	4	5	6	4	8	8	6	8	5	5	5	9	5	14	6	5	6	8	5	9	5	5	8	8	5	8	6	5	5	8	5	10	3	5	4	6	5	7	6	5	10	6	6	9
469	4	3	6	1	3	1	1	2	0	5	3	7	1	2	4	3	3	3	8	3	9	3	1	5	3	2	4	2	2	4	5	4	8	6	3	3	2	1	7	7	4	7	4	3	8	2	2	3	3	3	5	5	3	5	3	3	6	5	2	6	4	3	5	6	4	7	3	4	5	3	3	6	2	4	5	2	3	2	4	3	2	4	3	6	4	1	3	4	3	8
470	5	4	8	7	5	7	7	5	7	3	2	4	3	3	6	1	2	3	6	4	7	4	3	7	2	3	3	9	5	11	5	5	5	8	5	10	6	6	7	5	5	8	3	3	5	5	5	9	6	4	8	8	4	9	6	6	6	5	5	11	7	4	7	3	4	4	6	4	5	5	4	6	5	3	7	4	3	5	2	4	4	4	3	4	6	7	10	6	4	8
471	5	5	9	5	5	8	6	6	8	3	3	6	8	5	9	8	8	9	7	7	7	7	6	12	7	5	7	5	6	8	7	5	9	7	5	8	5	5	7	5	6	9	5	3	6	5	5	9	7	6	9	7	5	8	6	5	8	6	4	7	4	5	11	6	5	3	10	4	7	8	6	11	5	4	9	5	5	5	6	5	5	8	6	10	5	4	8	3	2	2
472	2	3	5	5	2	6	5	4	5	2	2	3	0	2	1	4	1	3	5	3	7	4	4	9	7	4	5	4	4	7	1	2	2	5	3	5	1	3	-2	2	2	0	0	1	-2	0	1	0	4	3	5	1	1	2	2	1	4	5	3	7	4	3	5	5	4	7	2	2	3	3	1	4	0	1	5	2	3	3	4	3	7	2	3	6	6	3	7	3	3	4
473	5	2	7	0	2	1	2	2	2	-1	1	-2	3	2	3	1	1	1	2	1	0	1	1	2	-2	0	-2	0	3	2	0	0	0	4	2	7	0	1	2	2	2	5	4	3	3	0	2	1	3	0	3	3	1	4	2	1	2	1	0	0	4	1	3	2	3	4	5	3	7	1	2	3	1	2	3	3	1	3	6	2	4	0	1	0	0	1	2	0	1	4
474	0	1	1	2	3	3	5	3	6	5	3	6	6	3	8	1	0	1	6	2	6	2	2	2	5	4	8	3	0	4	3	3	5	3	2	4	5	4	5	4	3	2	2	2	6	5	3	6	2	3	3	2	2	3	4	2	3	2	3	5	4	3	3	5	4	5	2	3	2	4	1	6	4	3	5	2	2	2	4	3	5	3	2	2	4	4	9	1	2	3
475	0	1	2	4	2	5	2	2	2	3	3	6	3	4	4	0	1	4	7	4	6	1	1	3	5	3	5	4	3	7	1	2	3	2	3	6	3	4	5	3	1	6	1	2	5	1	2	3	5	2	3	6	2	5	5	4	5	4	3	5	3	2	5	4	2	3	4	3	5	1	3	2	5	2	4	3	3	1	5	3	5	2	2	1	3	3	4	4	4	5
476	2	2	1	2	2	3	3	3	3	4	3	8	5	2	5	4	3	7	3	2	0	4	4	7	5	3	5	5	3	5	3	4	3	2	2	4	4	3	7	6	2	7	5	3	6	5	4	6	6	5	7	5	3	6	2	2	4	4	2	3	2	0	4	4	3	4	5	4	5	4	4	6	4	4	6	5	4	7	6	4	8	7	5	9	4	4	9	3	2	5
477	5	3	7	8	5	8	7	5	10	9	6	11	6	5	8	4	6	6	7	6	8	4	3	3	5	5	9	4	3	1	10	6	9	5	4	5	3	4	10	8	6	10	3	3	5	3	4	5	6	6	9	5	4	7	7	6	8	6	6	8	6	5	10	4	4	6	8	5	12	3	3	2	5	6	10	5	4	7	5	4	7	8	4	10	6	3	7	7	4	4
478	2	2	0	5	2	5	6	4	2	2	3	6	3	4	3	5	3	6	4	2	5	4	2	5	1	3	0	5	3	7	6	4	7	4	3	5	0	1	4	4	2	3	4	4	6	2	3	4	-1	0	0	7	2	4	4	2	3	2	3	4	2	3	6	1	1	2	4	3	7	8	4	9	6	3	6	2	2	6	0	2	0	0	1	1	2	3	5	4	2	2
479	4	4	4	6	4	6	6	5	4	3	3	6	5	4	6	6	5	8	2	2	5	3	4	3	2	2	2	5	5	6	6	4	6	4	4	6	4	3	7	0	2	-1	5	5	8	1	2	2	0	3	1	4	4	9	3	4	8	6	3	5	5	2	7	3	4	5	4	5	6	8	6	7	4	3	7	3	3	5	5	5	7	3	4	5	3	3	5	4	3	5
480	1	2	4	4	1	5	5	5	5	4	3	5	3	4	6	4	3	7	2	2	4	6	3	6	0	2	3	5	3	6	3	2	4	2	3	3	3	2	4	2	3	3	2	2	1	2	2	5	2	3	7	7	3	6	2	3	2	1	0	2	5	3	4	4	4	4	3	2	3	4	2	2	4	5	6	2	1	3	4	4	6	3	1	4	5	3	9	6	2	7
481	3	3	5	2	3	1	4	3	4	7	4	6	5	3	5	5	4	8	3	2	4	2	2	4	2	3	4	6	4	9	4	4	8	1	3	5	5	4	8	6	5	3	4	3	6	4	3	4	5	3	4	6	4	8	7	3	6	5	3	5	7	2	6	1	3	5	1	3	1	2	3	5	2	1	2	5	3	7	5	4	7	3	2	3	6	4	6	5	4	5
482	5	5	6	4	5	6	5	4	4	5	4	8	6	4	2	3	3	5	4	4	9	7	3	10	6	4	9	2	3	3	3	3	4	4	4	6	9	5	9	4	2	3	3	4	7	5	4	5	6	3	7	7	3	9	4	4	4	1	2	3	3	3	5	5	3	4	4	3	4	2	3	5	3	3	4	2	3	6	2	3	4	5	3	7	2	2	6	4	2	4
483	3	5	7	9	5	10	6	4	7	7	5	7	4	3	3	7	4	8	4	4	6	9	6	11	7	5	9	4	4	4	7	8	9	8	5	10	5	5	6	4	4	5	5	4	7	6	4	7	8	6	11	7	4	6	2	5	3	6	5	7	5	5	8	7	4	9	6	5	7	5	3	5	4	5	7	5	4	8	5	4	5	3	4	5	4	2	6	4	3	7
484	4	5	5	2	3	5	1	2	4	4	3	3	4	4	7	3	3	5	7	4	8	3	3	2	5	4	8	1	1	3	2	3	2	3	2	4	2	3	3	4	4	7	5	4	9	6	5	6	2	2	1	5	3	8	4	3	7	4	4	6	4	3	6	2	2	2	3	3	5	4	3	5	5	3	6	3	3	7	3	3	7	5	4	7	2	3	3	4	3	5
485	7	5	8	3	2	3	5	5	6	7	5	8	4	3	7	4	3	5	4	3	4	4	2	4	2	2	4	6	3	6	2	2	0	5	2	4	4	4	6	6	4	7	4	5	7	5	4	5	5	3	4	5	4	9	1	2	2	4	4	5	6	4	5	5	4	4	3	2	0	5	2	7	3	4	5	7	5	6	4	5	8	2	2	6	7	6	9	6	3	8
486	4	4	7	7	4	5	2	2	4	5	5	11	5	4	5	6	4	10	6	5	7	2	3	3	4	4	5	5	4	7	2	4	2	6	4	9	6	4	5	4	3	5	4	3	4	7	5	7	4	3	7	4	3	5	7	6	9	4	4	7	4	4	6	6	5	9	3	3	5	1	3	4	0	1	1	4	3	5	6	3	4	6	3	7	8	4	7	6	2	6
487	3	5	7	3	4	4	8	5	7	4	4	3	5	5	8	6	3	4	3	4	5	6	4	7	5	5	7	6	4	6	5	3	5	4	4	6	8	6	10	6	5	7	5	4	9	5	3	6	3	2	4	5	5	8	3	1	4	4	4	8	6	6	6	7	5	10	4	3	7	5	2	3	3	2	4	6	2	6	8	6	10	6	6	7	5	3	3	2	4	3
488	4	2	4	0	1	2	4	3	6	3	2	4	8	5	10	5	2	6	3	3	4	5	4	10	2	3	1	2	3	3	1	1	3	1	1	2	3	1	2	2	2	3	4	2	2	4	2	6	5	4	4	-1	1	-2	1	1	0	4	2	5	6	4	8	1	0	1	1	2	1	7	2	7	0	2	1	5	3	9	2	2	2	0	1	-1	3	2	1	5	2	6
489	8	5	9	6	5	10	5	4	8	6	4	7	11	5	13	9	4	11	7	5	6	6	5	6	6	4	8	3	5	6	5	4	7	6	5	7	4	5	7	6	5	6	6	5	8	7	7	9	8	7	8	6	3	8	7	7	12	6	6	11	6	5	12	6	7	10	8	5	9	2	3	5	8	4	9	4	5	4	6	6	4	6	6	8	6	5	5	7	4	7
490	4	3	7	2	1	0	7	4	8	1	3	2	3	2	1	0	4	5	2	3	6	4	3	5	3	2	3	5	2	4	5	3	7	3	3	1	3	3	4	3	2	4	3	2	5	4	2	4	6	3	5	1	3	5	3	2	4	5	3	5	6	3	10	4	2	4	7	4	8	3	2	4	4	5	4	1	2	4	7	3	7	2	3	5	7	4	11	3	3	5
491	4	3	4	3	3	5	3	3	2	2	4	6	4	3	4	4	4	5	3	3	6	2	2	6	3	2	5	5	3	5	1	2	3	4	3	5	2	3	6	6	3	7	4	3	5	5	1	3	4	4	6	3	2	3	2	3	6	2	2	1	4	3	8	3	3	7	4	4	6	4	2	4	1	2	2	9	5	11	2	3	0	2	2	0	4	4	7	3	3	6
492	8	6	8	2	3	5	7	4	9	2	3	5	6	4	6	6	3	6	6	4	8	6	5	8	7	4	6	4	4	5	5	5	8	8	4	9	6	6	7	4	3	6	7	5	10	4	4	8	8	4	10	7	4	10	5	5	4	5	5	6	6	4	9	7	4	6	5	6	8	7	4	7	6	4	9	6	5	8	7	4	10	4	4	6	4	4	7	8	5	8
493	4	3	6	4	4	4	8	5	6	7	5	13	1	4	3	3	4	3	6	5	7	6	4	7	7	6	9	3	1	5	3	3	7	5	5	8	6	5	8	9	7	7	3	3	6	3	6	7	6	4	7	4	4	7	3	2	6	6	6	7	5	5	6	7	6	8	8	5	9	5	6	6	1	3	4	1	2	3	5	5	8	4	6	5	9	5	8	9	8	9
494	1	1	0	2	2	1	3	2	4	3	3	9	4	2	7	2	2	3	0	1	1	4	1	4	1	0	0	2	2	3	4	3	7	4	2	4	2	1	2	4	3	1	4	2	0	2	1	5	2	2	4	4	3	2	0	3	5	2	1	3	1	1	2	4	4	7	1	2	3	3	1	7	1	2	4	4	1	4	3	2	4	0	1	3	1	1	1	2	1	3
495	1	3	5	5	3	3	2	2	3	2	0	4	1	1	1	1	2	2	1	2	0	4	2	1	3	3	6	2	3	5	3	1	7	1	2	3	2	1	0	1	0	0	4	2	5	3	2	6	1	2	5	3	2	4	1	1	1	5	3	7	2	3	3	0	0	0	3	3	4	3	3	3	3	3	3	0	2	0	3	2	3	2	1	4	2	1	4	1	2	1
496	2	1	1	-1	1	3	3	1	3	4	1	4	4	2	5	6	1	4	1	2	4	0	1	0	-1	0	-1	2	3	3	3	2	8	6	3	6	2	2	6	2	3	3	0	1	3	1	0	2	0	1	2	1	2	3	3	2	5	0	1	0	2	1	0	2	1	0	2	1	3	2	2	4	0	0	0	2	2	5	2	3	5	2	2	5	2	1	3	3	2	3
497	3	4	6	4	3	6	6	5	7	4	2	6	0	1	2	3	3	3	4	3	6	3	2	1	5	4	3	0	3	1	1	2	1	2	2	2	4	3	3	2	2	4	3	2	4	5	3	6	4	3	6	5	3	9	6	3	6	6	3	5	3	3	6	9	5	8	3	2	4	2	1	1	4	2	5	4	4	7	4	1	4	7	5	10	2	2	1	6	3	5
498	4	3	2	3	3	6	2	3	3	7	4	7	3	3	3	2	2	0	7	5	7	3	2	5	2	3	4	4	2	5	1	3	2	3	2	2	4	3	6	4	3	3	4	2	3	2	1	3	6	3	6	3	5	6	5	3	2	4	5	10	1	2	4	1	1	1	4	4	6	6	6	8	2	2	3	6	3	5	6	4	7	3	4	6	4	3	6	1	2	3
499	2	2	1	3	4	5	4	4	6	4	5	3	2	2	5	5	3	5	6	4	7	3	3	7	4	2	5	1	4	4	5	3	3	7	4	9	3	4	3	5	4	5	4	4	5	4	6	3	8	5	10	4	3	9	3	3	6	5	4	5	4	3	7	3	4	4	2	2	2	3	4	5	5	3	3	7	3	7	3	3	4	7	4	6	6	4	10	4	4	6
500	4	3	7	4	3	7	6	4	7	5	5	8	4	3	3	4	2	6	4	3	5	6	4	7	4	5	7	5	3	6	3	3	5	3	3	4	1	3	4	2	4	3	5	4	9	4	4	8	6	3	7	8	6	10	3	3	4	3	4	4	7	4	8	6	5	9	1	2	2	6	5	6	6	3	4	1	4	3	5	4	9	7	5	10	5	3	5	5	3	2
