1	2	1	4	3	2	0	2	.	5	4	3	5	0	1	.	2	2	3	1	2	1	0	1	0	.	2	4	2	2	5	2	3	3	3	3	2	4	3	6	5	3	.	2	2	3
2	2	3	2	.	4	4	5	1	6	2	2	2	4	2	2	4	4	8	5	3	4	1	.	.	4	2	2	5	3	5	5	5	.	5	3	8	3	2	.	4	3	5	2	2	1
3	6	.	8	5	.	7	3	4	5	6	5	9	9	5	12	8	5	7	7	4	7	7	5	6	5	4	6	5	3	8	6	5	.	5	4	6	6	5	7	3	.	4	7	5	13
4	4	3	4	4	3	3	5	4	6	4	4	9	2	3	5	4	4	7	1	2	3	4	4	7	4	5	.	6	.	6	2	4	3	.	4	3	.	2	5	5	3	4	2	2	4
5	2	.	3	4	3	7	2	.	6	5	4	6	3	2	3	4	3	9	6	4	5	3	3	5	2	2	4	3	2	7	4	2	5	0	3	1	3	3	3	5	3	6	4	.	3
6	8	6	11	.	5	8	.	5	6	3	4	3	6	4	6	6	5	4	8	4	8	.	3	5	6	6	9	5	4	5	4	5	6	5	.	9	6	5	7	6	4	8	2	4	3
7	0	1	-1	4	3	6	6	4	9	4	3	5	8	3	4	4	2	.	2	3	4	2	1	2	5	3	6	8	5	10	5	4	8	.	4	11	4	5	5	2	2	2	4	.	8
8	1	2	3	0	1	0	0	.	1	1	1	2	2	0	1	2	1	0	0	0	0	4	2	.	3	1	1	.	2	4	-2	0	-3	0	2	1	1	1	.	0	0	.	5	2	6
9	0	1	1	4	2	2	5	4	6	4	2	.	0	.	2	2	4	5	2	2	3	2	1	2	2	2	1	7	.	6	1	2	5	.	.	0	.	.	.	4	2	.	.	1	0
10	.	1	1	4	2	4	5	5	.	2	3	7	3	1	3	2	2	2	3	2	4	3	.	5	4	3	5	3	1	4	5	3	6	3	2	3	3	2	4	2	3	6	4	3	7
11	0	3	4	5	4	7	5	5	9	2	3	4	5	3	7	8	.	6	6	5	10	5	5	7	6	5	9	5	4	5	.	4	9	7	6	.	.	5	11	5	4	6	3	3	1
12	4	.	6	5	3	5	4	3	7	3	4	6	5	5	7	3	3	4	5	3	2	5	2	5	3	2	5	3	3	7	2	2	.	3	3	4	2	.	3	4	3	4	3	.	4
13	5	6	5	6	3	.	4	3	4	2	2	2	3	2	2	3	4	5	.	4	5	4	2	8	4	.	5	2	1	0	4	3	6	6	4	10	.	5	10	4	3	5	0	3	1
14	8	4	8	3	1	.	3	2	.	5	2	5	2	2	4	2	1	2	0	2	3	2	.	5	3	3	6	3	2	2	5	3	4	.	3	4	.	2	4	5	4	4	5	4	8
15	2	3	4	2	2	3	2	2	5	2	2	4	5	1	7	5	4	.	5	3	5	2	3	4	3	.	.	2	2	5	.	2	0	0	.	2	4	4	6	0	1	1	2	2	3
16	5	5	10	7	6	10	6	3	9	8	.	6	7	6	12	8	.	10	9	6	9	5	.	2	10	6	11	6	5	8	8	5	8	8	.	9	7	4	8	5	5	8	7	5	9
17	6	3	6	4	4	8	.	5	8	4	4	5	7	4	7	2	2	0	9	.	10	4	4	7	7	5	10	4	3	.	6	4	11	4	3	6	5	.	6	2	4	7	.	4	4
18	1	0	1	3	1	3	2	0	1	0	0	-1	1	1	0	1	1	3	1	1	6	1	0	1	0	0	0	.	2	1	2	1	4	3	2	6	1	.	.	1	1	0	1	.	.
19	3	3	3	4	3	6	5	5	6	2	2	3	5	.	7	6	6	8	5	3	5	4	5	5	4	4	5	6	4	6	8	4	8	7	4	.	4	3	7	2	3	6	4	2	.
20	3	1	3	5	3	5	0	0	.	1	2	1	4	2	3	4	2	4	2	2	1	4	3	8	2	1	5	1	2	4	3	2	3	4	1	4	2	2	5	4	2	4	3	2	4
21	2	2	3	1	.	2	.	.	3	4	.	2	4	.	3	4	1	4	4	2	2	6	2	8	4	1	4	1	1	2	.	1	0	1	0	1	2	2	3	3	3	4	3	.	5
22	.	4	.	4	2	5	5	3	7	1	3	.	3	2	3	0	3	1	5	5	4	2	3	4	5	3	6	3	3	.	4	3	3	3	3	.	1	1	3	.	2	4	1	2	5
23	5	3	6	0	.	.	2	2	4	4	.	5	2	3	2	2	2	2	2	0	0	0	3	2	1	1	0	.	1	3	2	1	3	7	3	9	0	1	2	1	2	4	3	2	4
24	0	1	5	2	2	4	4	4	5	3	4	8	.	3	5	3	3	4	3	2	4	4	3	3	0	0	3	5	3	8	3	2	2	0	0	2	2	2	3	3	2	4	5	4	5
25	2	4	5	4	2	5	.	2	3	3	0	0	1	1	4	.	5	6	.	1	1	4	2	7	3	2	.	3	4	7	1	1	2	3	3	4	2	1	3	5	2	4	5	3	7
26	2	2	5	3	.	2	.	2	8	1	0	3	2	1	0	2	2	2	0	1	0	1	2	0	4	2	5	2	0	.	1	1	2	2	0	0	0	2	0	.	2	0	2	2	1
27	4	2	5	6	4	9	3	4	5	7	4	12	4	4	7	4	3	7	6	5	5	4	3	3	6	4	7	5	.	7	4	2	.	3	3	4	6	.	7	6	4	.	.	.	7
28	3	.	4	3	4	5	3	3	6	2	5	7	4	3	3	8	6	10	1	1	2	4	3	7	0	1	3	6	.	.	5	4	6	6	5	7	3	.	.	5	3	7	5	3	8
29	2	.	2	0	2	.	5	1	3	.	2	1	1	.	4	3	3	8	3	0	.	1	1	4	8	4	.	4	2	3	3	2	4	0	0	0	4	2	3	2	.	3	.	2	5
30	4	5	6	5	3	5	3	3	8	4	4	7	7	4	8	8	.	10	5	4	5	2	3	2	3	.	.	4	4	4	6	.	7	5	5	4	8	7	11	4	4	8	1	3	.
31	4	3	4	2	4	4	4	4	5	4	4	8	3	3	4	2	3	3	6	3	6	6	.	5	1	.	2	5	4	8	.	5	6	.	.	9	.	4	5	5	3	4	4	2	5
32	3	.	5	0	2	0	0	2	0	3	2	5	1	3	3	2	.	4	0	.	0	2	2	1	0	1	2	.	3	4	0	1	.	2	4	2	3	3	4	2	1	.	4	2	.
33	8	6	10	4	2	4	4	3	.	3	3	6	8	4	9	5	4	5	6	3	7	6	4	8	3	4	7	6	6	11	8	5	7	3	.	4	5	5	8	6	4	5	.	3	5
34	4	3	.	.	4	11	3	3	5	5	3	4	4	4	5	4	2	.	3	2	5	5	5	6	4	4	7	1	1	1	7	5	9	5	.	7	8	.	.	6	4	8	4	3	5
35	.	7	9	8	6	12	5	3	4	4	5	6	4	.	6	6	4	6	5	3	7	1	3	4	4	5	7	8	4	8	7	4	7	6	3	5	9	6	9	7	5	7	3	1	1
36	5	3	7	.	5	.	6	4	7	.	5	.	7	3	7	2	5	4	6	4	7	1	4	4	.	3	2	6	5	8	1	3	5	4	4	7	5	2	6	4	3	5	7	5	11
37	2	2	2	4	4	.	4	2	4	5	3	5	4	3	5	4	3	2	2	2	3	2	3	5	7	6	8	5	4	8	6	3	9	5	3	5	5	.	7	4	.	5	5	5	6
38	4	3	7	2	.	2	4	3	3	4	3	6	5	3	7	4	4	.	2	4	5	5	5	.	5	4	3	2	2	6	3	2	4	.	1	2	4	.	6	4	4	.	6	5	8
39	5	2	6	3	3	3	0	.	3	2	2	2	4	3	.	1	3	6	3	3	5	4	2	4	5	2	3	3	2	4	5	3	6	5	4	5	4	3	4	2	2	2	3	3	5
40	2	2	2	4	4	.	2	.	6	3	2	.	2	1	0	6	.	7	0	1	1	3	3	6	4	3	6	.	1	1	2	2	.	4	3	6	5	2	6	4	2	6	3	.	4
41	3	2	5	5	3	.	2	1	0	1	0	0	2	3	4	1	2	4	.	2	1	3	3	.	2	0	1	2	.	4	1	3	5	.	3	6	5	4	6	1	1	3	5	3	6
42	2	4	8	3	2	4	4	2	2	5	5	6	0	0	3	3	2	3	2	2	1	6	.	.	1	4	3	2	2	3	8	4	10	4	3	.	3	1	3	4	3	5	2	1	2
43	1	.	2	2	1	2	.	1	5	0	1	1	-1	1	.	1	1	.	1	0	3	3	2	.	5	3	5	0	3	1	3	1	1	2	.	3	3	.	4	3	1	1	2	2	3
44	6	.	7	7	.	8	.	8	10	6	4	8	9	5	11	5	6	8	4	5	8	10	6	12	6	7	9	10	6	11	8	5	8	6	6	8	7	5	9	4	4	6	5	5	6
45	5	5	7	4	4	8	6	5	4	5	5	6	4	.	5	2	2	0	6	4	8	5	5	9	4	4	5	7	8	.	6	5	9	7	5	10	4	4	.	6	3	7	4	5	5
46	2	2	5	1	2	2	0	2	2	0	1	0	2	1	.	.	3	3	1	1	4	1	1	3	1	1	.	3	2	5	4	3	4	1	2	0	1	1	1	3	2	6	0	0	-2
47	3	.	3	5	3	8	7	2	.	3	3	7	1	2	3	3	.	.	1	2	2	.	4	7	1	1	.	3	3	.	3	3	5	2	2	.	.	4	5	1	3	.	5	2	5
48	4	4	8	.	0	2	5	3	6	2	1	.	4	3	5	4	3	4	4	2	3	4	2	4	3	2	1	3	2	6	.	.	6	1	2	0	0	2	0	.	2	4	2	2	2
49	6	5	.	2	5	3	3	3	1	4	4	5	4	3	5	5	5	7	3	2	4	5	6	7	3	4	7	4	3	7	3	3	6	6	5	10	2	2	6	3	3	4	4	5	4
50	1	.	1	1	4	.	.	4	4	3	3	4	6	4	6	2	2	5	5	3	5	6	4	9	.	3	3	.	.	.	.	3	6	4	3	4	4	3	5	5	4	6	3	3	5
51	6	3	6	3	3	7	3	4	6	6	4	7	4	3	8	5	.	2	3	0	3	6	3	.	4	3	6	4	2	7	.	5	5	5	3	6	3	4	4	.	.	6	3	2	6
52	.	.	9	4	3	7	6	4	.	2	3	5	4	4	9	2	3	8	3	3	6	6	3	3	5	3	2	3	.	3	5	4	5	3	3	6	5	4	7	.	3	3	3	1	5
53	4	1	.	4	2	4	2	3	5	1	1	1	1	2	1	3	3	4	3	.	3	2	.	.	1	1	1	3	2	4	.	.	7	.	3	11	3	1	4	5	3	8	3	.	6
54	5	5	6	6	4	7	.	3	5	6	5	.	.	4	10	4	4	5	5	4	5	6	.	4	6	5	10	5	5	9	7	5	6	4	3	5	6	6	7	5	4	6	8	2	7
55	6	4	.	3	3	.	5	3	8	.	3	3	3	2	5	3	3	5	3	1	2	1	1	.	6	3	.	3	2	6	2	2	6	0	0	.	6	4	9	8	6	.	4	2	5
56	7	4	9	7	5	12	5	4	4	4	4	8	4	5	3	5	4	5	.	6	8	6	4	6	6	5	7	6	4	8	4	3	4	6	5	.	3	.	5	7	4	.	6	5	5
57	1	1	2	4	2	4	2	1	1	0	1	0	0	0	0	0	0	3	0	0	0	2	1	2	.	0	0	2	1	1	.	1	3	0	.	0	1	0	1	2	2	5	2	2	3
58	7	5	9	6	3	5	0	3	2	.	.	5	4	4	7	8	4	9	4	4	6	6	5	10	5	4	6	0	3	4	7	4	6	6	4	7	6	4	7	4	4	7	4	3	5
59	4	3	5	3	4	4	7	4	6	1	.	3	1	3	4	4	3	8	.	1	3	1	2	5	.	3	4	4	4	8	3	3	5	.	4	9	5	3	7	4	.	.	2	.	.
60	1	2	2	5	4	4	4	2	6	6	3	5	1	4	.	4	3	4	2	3	.	6	4	8	4	5	.	5	4	5	3	2	1	4	2	7	7	3	7	4	3	7	2	3	4
61	1	2	.	4	.	4	4	5	7	2	3	3	4	4	4	4	3	10	4	4	8	8	6	.	2	.	1	4	3	4	3	4	3	3	4	8	3	1	3	5	3	6	6	4	7
62	4	4	3	1	.	5	4	3	2	3	2	.	4	3	7	3	2	.	4	3	7	2	2	7	4	3	6	2	2	4	3	3	6	5	2	3	5	4	7	2	2	5	1	.	3
63	5	.	.	3	1	2	3	1	4	4	3	8	-1	1	.	3	3	4	1	0	0	3	1	5	1	.	.	2	1	5	2	2	4	5	4	4	2	3	4	2	4	7	2	3	6
64	1	.	0	0	2	0	1	1	0	3	3	3	2	2	1	5	3	6	2	2	3	1	1	2	4	3	5	1	2	3	2	2	4	1	3	3	3	3	7	5	.	2	2	2	.
65	1	1	2	3	2	1	4	.	5	.	2	5	5	2	5	3	0	2	0	1	3	3	1	4	3	1	3	0	1	3	.	2	4	0	2	2	0	1	0	0	1	1	0	0	0
66	2	1	.	7	4	9	1	3	4	1	2	3	3	4	7	5	.	6	6	.	7	7	4	6	5	.	8	3	4	3	3	5	6	6	.	3	4	4	6	8	5	10	.	3	.
67	4	4	8	.	2	3	2	3	5	7	5	10	3	3	5	3	3	6	4	4	6	.	5	7	6	.	9	4	3	6	5	2	3	3	3	7	2	2	4	4	3	6	8	4	6
68	6	4	11	5	2	8	1	3	1	6	4	7	5	4	8	2	2	5	2	3	3	6	3	7	6	4	8	3	2	3	4	4	8	2	3	5	.	4	5	2	4	6	4	3	4
69	5	5	.	5	4	6	5	4	5	5	4	8	7	.	7	5	3	.	7	5	.	2	3	.	6	3	5	5	.	.	7	4	10	5	4	8	5	4	7	5	3	5	4	3	6
70	9	7	9	5	5	8	7	.	9	6	6	8	7	5	10	9	6	12	7	5	5	7	6	8	10	7	10	.	6	.	9	7	10	5	6	7	8	5	9	4	5	5	7	4	5
71	2	1	6	1	1	4	4	2	0	5	3	6	3	4	5	0	.	4	3	2	8	0	2	3	.	2	4	4	4	5	3	2	1	4	3	8	4	2	4	4	3	5	1	1	0
72	-2	-1	0	2	2	4	0	1	2	0	0	0	1	0	.	3	0	2	0	0	.	0	0	1	-1	0	0	-1	0	.	2	1	4	2	1	2	0	.	0	0	0	1	0	0	0
73	4	4	5	5	5	7	3	3	2	6	5	7	5	4	5	.	5	8	4	3	5	4	3	6	6	5	7	8	4	7	1	4	5	4	4	8	4	4	4	4	4	5	5	4	6
74	1	3	5	1	1	2	6	4	8	-1	1	0	4	4	3	.	2	2	4	3	4	2	3	2	2	1	4	1	1	1	3	2	2	5	4	.	4	3	.	4	3	6	3	2	5
75	5	3	3	5	3	4	4	.	3	2	1	3	2	2	4	0	2	1	3	2	3	2	1	.	3	.	6	.	1	3	1	2	4	8	.	11	4	2	7	5	2	6	2	2	5
76	4	4	5	7	.	7	7	6	8	7	.	6	6	6	9	.	3	4	.	4	5	4	3	1	5	4	8	5	4	6	5	3	4	6	6	8	5	4	10	3	.	7	6	6	7
77	1	2	3	.	1	3	4	4	.	3	2	5	5	4	5	3	3	.	0	0	2	0	1	2	.	3	8	5	2	4	.	1	0	2	3	4	4	3	5	6	3	6	3	2	2
78	-1	0	1	.	0	3	3	2	4	.	2	5	-3	0	.	3	3	.	3	1	2	3	2	6	0	1	0	0	.	1	1	0	3	4	2	6	3	.	4	2	1	2	4	2	6
79	.	3	5	4	4	6	3	3	5	2	2	4	.	3	5	5	4	6	.	4	6	4	4	6	3	4	2	5	4	8	4	4	6	5	4	9	3	3	.	5	3	.	2	2	1
80	5	3	.	0	3	2	1	1	0	2	3	1	2	2	4	3	2	.	0	1	.	3	2	2	6	4	6	2	2	5	4	5	5	4	1	4	.	3	5	3	.	6	3	3	5
81	3	2	4	1	2	4	0	2	-1	8	4	6	6	5	10	3	1	3	3	3	4	7	3	9	6	4	10	5	3	5	2	3	1	7	5	9	1	3	3	5	5	7	4	4	3
82	.	.	4	3	3	5	1	2	4	4	5	7	2	4	6	5	4	6	4	.	5	4	3	4	3	3	.	4	3	.	3	2	1	4	4	2	3	1	4	2	2	4	5	4	.
83	6	4	6	2	1	.	4	2	5	4	3	4	2	2	2	3	1	4	3	2	4	1	3	3	1	2	1	3	3	6	3	3	5	3	2	3	3	2	0	5	4	.	2	3	6
84	3	2	6	2	2	2	3	3	4	5	5	9	4	6	7	3	4	5	7	5	3	6	2	5	3	2	2	5	4	9	8	5	9	6	.	6	5	4	5	5	3	4	4	3	9
85	2	2	2	1	1	2	4	3	5	2	4	5	.	4	8	3	3	2	4	2	.	4	3	6	4	4	4	2	3	3	2	4	1	4	1	5	5	4	7	4	4	.	.	.	1
86	6	4	7	5	4	6	3	.	6	2	4	3	3	4	5	3	4	6	3	3	6	3	3	4	3	2	.	7	3	6	7	4	7	6	4	4	5	5	9	.	2	4	3	3	6
87	7	3	6	4	.	4	8	6	9	3	.	7	5	4	5	4	4	5	5	3	.	4	4	6	4	3	6	.	3	5	3	.	4	4	4	7	6	.	7	5	6	8	9	5	10
88	4	4	6	5	.	5	5	2	5	.	4	6	1	2	.	5	4	9	2	2	5	4	4	8	3	3	6	3	4	3	5	3	6	5	3	.	5	3	7	4	3	.	5	5	8
89	1	3	4	5	3	.	3	3	3	.	2	1	3	4	3	.	3	4	1	3	4	4	4	7	.	2	2	5	4	5	3	2	4	3	2	2	0	1	2	3	2	1	3	4	.
90	6	4	9	4	.	0	7	.	8	7	5	9	2	3	.	6	3	8	4	3	5	.	4	5	.	4	7	7	.	6	3	5	3	5	3	5	5	3	6	6	4	8	3	.	.
91	0	2	.	7	6	.	7	.	11	5	4	6	5	4	9	4	.	.	6	4	.	6	4	9	5	3	6	0	3	.	4	4	8	4	4	6	2	2	6	.	4	5	.	3	6
92	5	5	10	3	2	3	4	3	4	6	5	9	7	4	6	4	.	7	6	6	.	.	2	7	3	3	7	6	4	5	.	5	9	8	5	11	2	1	4	5	.	5	5	.	7
93	5	4	3	.	1	3	5	4	5	.	3	5	4	5	5	6	5	6	.	5	9	1	2	3	6	3	6	3	.	5	3	3	2	7	5	5	.	.	8	3	2	4	6	3	6
94	0	1	2	3	.	.	3	3	4	4	.	.	3	2	7	5	4	7	.	2	6	.	2	.	4	2	8	3	2	2	0	1	0	3	3	5	2	.	3	3	0	.	4	3	7
95	9	6	13	4	3	5	6	5	9	4	4	6	7	6	7	9	6	10	7	4	7	3	2	4	4	.	.	8	4	9	.	2	3	8	6	12	5	3	6	4	5	7	5	4	7
96	4	2	6	3	3	1	2	2	4	4	2	4	1	1	3	1	2	2	6	1	5	4	2	3	-1	.	0	.	2	5	.	1	.	2	2	3	5	3	7	0	1	1	0	0	0
97	9	7	12	5	5	7	10	6	11	8	5	8	8	.	10	9	.	10	8	.	.	6	4	10	6	6	10	9	8	12	7	6	8	7	6	9	6	7	7	6	6	.	8	6	11
98	5	4	5	3	5	9	7	6	6	6	6	6	7	7	11	4	.	.	10	5	10	7	3	.	10	5	9	2	3	5	8	5	8	8	4	9	3	4	4	5	3	6	6	4	8
99	6	5	6	2	1	4	3	.	4	6	5	4	1	1	3	5	3	4	3	3	6	2	1	3	2	4	4	5	3	4	3	3	4	5	3	8	2	3	.	1	1	3	7	.	8
100	2	3	3	1	1	.	3	.	6	.	1	3	.	3	6	2	1	1	2	4	4	3	3	1	.	2	1	0	1	0	1	1	1	3	2	2	1	2	3	3	2	.	0	1	3
101	1	2	4	3	2	2	1	1	2	.	.	6	3	3	5	3	0	2	0	1	1	1	.	.	5	4	6	2	2	3	1	0	3	2	.	4	3	1	5	4	2	6	3	2	1
102	7	4	8	5	3	2	4	3	3	3	3	5	6	4	7	.	3	4	8	3	7	7	3	9	4	.	.	4	3	5	.	4	3	4	.	6	5	3	6	5	4	7	2	3	3
103	1	1	1	2	2	5	4	3	6	4	4	.	3	3	1	5	3	6	2	3	4	5	3	8	.	3	6	2	1	4	3	2	3	3	2	4	0	2	0	1	2	.	6	3	4
104	2	2	3	3	2	5	4	3	2	.	3	1	1	.	1	2	2	2	2	2	5	.	3	.	.	3	8	3	.	3	3	3	3	5	2	5	4	3	.	3	.	3	.	1	4
105	5	3	7	0	2	1	.	2	6	2	2	3	2	1	1	0	1	2	3	2	.	.	.	3	0	0	0	1	1	1	2	2	5	1	2	3	2	0	1	0	3	3	1	2	3
106	0	1	1	4	5	5	1	1	2	2	3	5	2	2	.	2	2	3	2	2	3	5	3	3	3	.	6	3	3	.	0	0	0	1	1	0	3	.	5	1	2	4	4	2	4
107	4	3	6	1	2	5	0	1	2	2	2	4	0	1	.	2	1	2	1	1	2	2	2	4	3	4	5	1	2	5	1	1	5	3	2	3	2	.	1	.	.	2	.	2	8
108	0	1	0	1	0	1	1	1	2	2	1	3	.	2	.	0	1	3	0	0	0	1	0	.	3	1	2	4	.	4	0	1	-1	1	0	0	.	0	0	0	1	4	2	2	0
109	1	.	2	2	2	0	5	3	7	4	2	5	5	3	5	5	4	7	1	1	3	4	4	3	4	.	6	3	2	8	1	3	4	3	3	3	2	2	.	6	4	7	.	1	.
110	6	4	6	5	3	6	3	3	7	5	4	9	1	3	3	4	.	10	.	.	4	2	3	2	5	4	7	4	4	8	5	5	5	4	4	5	6	3	7	5	4	2	4	5	7
111	1	4	4	5	4	6	4	3	5	6	4	5	4	3	.	3	1	4	3	0	0	2	1	.	2	2	3	4	3	4	3	2	2	4	3	.	1	1	1	2	.	.	3	3	4
112	3	3	6	4	.	4	4	3	5	.	4	5	5	4	.	3	4	6	3	2	1	5	4	6	2	4	4	1	1	4	4	4	5	4	3	.	3	4	5	7	4	6	3	4	6
113	2	1	4	2	0	0	2	0	2	3	2	4	-1	3	2	0	0	0	0	0	2	3	4	.	0	1	1	.	1	1	1	0	2	0	0	0	0	1	0	2	1	1	1	3	1
114	6	4	.	2	.	5	1	2	.	.	2	7	4	3	7	7	3	8	1	2	.	3	1	7	6	3	5	4	5	6	3	2	5	5	3	5	3	1	4	1	1	4	4	4	6
115	5	5	6	3	4	8	3	3	4	7	4	9	6	5	.	4	2	.	5	5	6	2	2	.	6	4	.	.	5	7	5	4	3	4	3	9	3	3	6	1	0	0	.	2	5
116	5	2	8	6	4	9	4	3	6	4	3	5	.	2	3	1	1	6	3	3	3	6	4	10	5	4	8	4	4	6	7	4	6	2	4	1	5	3	7	3	3	5	2	3	4
117	3	3	1	1	3	6	.	3	7	3	4	2	1	2	2	1	1	0	5	3	8	3	.	3	4	4	6	4	.	3	2	3	.	2	2	7	1	3	2	.	2	0	4	5	8
118	4	2	7	.	1	1	2	2	2	2	1	1	1	3	4	3	2	4	.	.	3	3	1	3	1	2	1	4	3	4	.	2	.	2	2	4	2	2	2	0	0	1	.	2	5
119	3	1	5	2	2	5	2	4	5	0	1	0	.	3	3	2	1	3	1	2	0	1	1	5	.	.	5	3	2	1	.	1	2	3	2	6	0	0	-1	1	3	3	1	3	5
120	1	3	4	.	3	.	5	2	5	4	.	4	.	1	5	0	1	2	2	.	5	4	2	7	.	1	1	2	3	3	.	2	3	5	2	5	2	1	1	0	1	0	1	3	4
121	.	3	6	3	3	3	3	3	5	4	4	8	5	1	4	6	4	8	6	5	6	7	5	7	2	3	.	1	.	2	.	2	5	4	3	6	4	.	7	2	3	5	1	3	4
122	0	2	4	3	2	6	5	.	5	3	4	.	0	1	3	0	0	0	1	0	0	2	2	.	4	.	4	2	4	2	0	1	3	4	3	5	2	1	2	4	.	.	3	2	2
123	4	4	5	3	2	3	3	1	3	3	1	2	1	1	1	2	3	4	3	3	6	2	2	2	1	3	1	3	3	4	2	.	3	3	2	4	0	1	1	3	4	2	5	3	2
124	3	2	4	4	1	4	.	3	5	.	2	1	1	1	2	1	1	1	4	3	6	3	2	6	2	2	2	4	2	6	3	3	5	4	3	4	1	3	0	2	3	3	2	2	4
125	7	6	.	6	5	10	9	5	9	5	5	7	4	.	6	8	4	7	10	6	13	4	6	7	9	5	10	5	3	8	6	5	8	.	4	6	6	4	6	8	6	12	7	4	10
126	3	1	4	5	2	6	6	4	10	.	2	7	0	1	0	2	2	0	0	1	1	0	0	0	5	2	5	1	2	2	4	2	.	.	.	7	3	1	2	3	2	3	2	3	3
127	5	2	5	.	2	5	4	3	6	5	2	7	4	.	6	2	1	3	.	4	6	4	3	9	4	6	7	3	4	6	2	3	5	4	.	4	2	4	7	2	2	4	5	3	6
128	3	.	4	2	0	1	1	1	0	4	3	3	3	3	3	0	2	0	2	2	2	4	2	7	6	4	5	0	2	0	3	3	1	2	3	.	4	4	5	4	3	6	4	4	5
129	2	0	1	3	1	.	1	1	1	2	1	.	4	3	5	1	2	2	2	1	3	.	2	.	0	1	3	3	1	4	1	1	0	6	3	7	3	2	3	3	1	3	0	1	4
130	5	5	.	4	3	6	4	2	3	2	2	2	2	3	.	2	3	3	5	2	7	4	3	4	5	2	4	5	4	5	2	4	6	1	2	3	3	2	4	2	.	6	.	3	5
131	6	6	9	9	5	11	6	3	7	3	.	6	7	5	10	6	4	7	6	6	9	4	4	5	4	4	8	4	3	2	8	.	7	5	4	4	5	3	6	6	5	6	6	5	8
132	.	4	4	7	3	7	5	5	5	4	4	8	5	3	5	2	2	4	.	5	5	5	4	10	3	3	6	1	2	3	7	4	6	5	4	6	.	3	6	2	3	4	6	5	8
133	4	4	8	3	.	4	4	2	4	1	2	0	2	3	5	8	.	4	.	5	7	4	3	6	3	.	3	2	3	1	6	5	9	4	2	.	2	3	1	.	3	7	1	2	7
134	3	4	6	5	2	6	2	2	5	6	4	7	3	4	5	4	1	2	.	3	4	3	2	3	2	3	4	4	3	6	3	2	.	4	3	3	4	2	5	0	2	3	5	3	7
135	3	2	5	1	.	3	2	0	1	0	1	2	0	1	2	1	0	1	1	1	1	0	0	2	0	.	2	1	2	3	2	.	3	5	2	6	.	0	0	2	1	.	0	0	0
136	4	5	8	6	6	8	4	3	.	4	5	6	4	4	4	5	4	6	.	4	6	3	5	4	5	.	4	5	5	7	6	5	7	5	5	.	6	4	6	6	4	8	7	5	9
137	0	0	0	2	2	5	-1	1	0	2	.	0	1	1	0	1	1	1	2	2	4	.	1	3	1	1	4	-1	0	0	3	3	1	1	3	5	.	2	3	0	2	.	3	1	3
138	3	3	3	7	5	.	4	5	1	5	5	.	5	3	7	2	4	2	.	3	8	6	5	6	5	3	7	.	3	6	.	4	7	6	3	6	6	5	8	5	3	5	5	3	.
139	6	6	8	8	5	11	5	4	8	6	6	10	5	4	.	.	6	.	7	4	7	7	7	12	.	6	12	5	.	8	7	7	12	6	6	8	7	5	8	7	5	7	.	6	10
140	1	.	3	.	1	1	0	0	1	1	1	.	3	1	4	1	1	2	0	0	4	4	2	5	2	.	2	5	1	4	3	2	5	0	0	0	1	1	2	0	0	1	0	4	5
141	7	5	9	3	.	4	3	4	4	7	5	7	3	2	4	6	.	10	.	3	6	2	2	3	5	4	7	4	2	9	0	3	2	5	4	7	4	3	5	4	2	5	4	4	.
142	2	2	5	5	4	8	0	.	0	6	4	6	2	.	3	2	3	7	3	.	7	4	3	.	2	.	1	4	2	7	4	3	.	6	3	4	2	2	5	.	.	5	2	2	5
143	.	.	2	1	0	1	-1	1	0	0	2	2	1	1	5	2	1	4	3	2	6	1	.	0	2	.	2	1	1	3	0	0	-1	3	0	3	0	1	-1	0	0	0	1	3	3
144	.	1	2	.	.	3	.	1	1	1	.	.	2	2	2	2	1	3	1	1	.	4	2	7	3	1	6	.	2	3	2	.	3	1	2	.	4	2	4	2	2	3	2	1	2
145	1	2	4	1	0	2	3	2	4	2	1	3	.	0	0	1	1	1	2	0	.	3	2	2	2	.	.	0	0	0	2	2	2	-1	2	0	0	2	1	0	0	1	2	0	0
146	4	3	7	1	1	1	4	2	2	5	3	3	4	2	7	2	2	2	0	2	.	3	2	5	1	1	2	4	4	.	0	0	0	0	2	5	0	1	.	1	1	0	1	1	3
147	3	3	5	3	2	7	0	.	3	1	0	0	0	0	3	1	2	4	-1	0	-2	.	0	2	2	2	0	0	1	1	0	0	-2	1	2	1	0	0	0	2	2	4	0	1	0
148	5	4	5	5	4	6	5	4	6	4	3	4	3	3	4	3	3	3	3	2	3	2	3	4	.	4	6	4	.	5	6	4	6	7	5	10	6	4	7	.	5	9	4	3	6
149	11	7	12	7	6	9	6	5	5	8	5	8	3	4	5	8	8	8	5	5	6	5	6	10	.	7	7	5	5	7	8	7	11	9	6	8	8	7	9	6	.	.	8	.	.
150	4	2	5	3	3	5	3	2	3	2	3	.	.	1	2	1	1	1	2	1	1	1	1	1	3	2	5	-1	1	-2	1	1	1	.	2	2	1	1	1	5	2	5	2	.	0
151	2	2	2	4	3	5	6	4	7	8	7	9	5	4	7	.	.	.	.	3	4	6	5	9	5	5	7	3	2	1	5	4	6	4	5	7	3	3	4	5	2	5	3	4	3
152	5	4	7	5	3	6	.	5	.	5	4	7	7	5	8	.	3	6	2	3	0	5	5	3	7	4	.	4	4	7	6	5	8	.	3	9	6	4	.	5	3	6	4	4	6
153	.	3	6	5	4	7	5	3	9	6	4	6	2	4	6	8	5	9	5	4	6	3	2	3	6	4	8	5	3	7	5	4	6	3	4	.	3	3	3	2	3	6	4	2	6
154	1	1	3	3	1	2	2	1	5	3	2	4	0	2	3	3	1	3	0	1	3	0	0	1	6	.	6	.	3	3	1	1	1	2	1	4	4	.	.	.	2	4	0	2	5
155	.	4	4	2	3	5	4	3	5	5	.	.	7	.	7	3	2	2	5	1	3	1	3	4	1	3	3	4	3	7	4	.	5	0	2	1	2	1	2	2	1	1	3	3	7
156	7	4	11	2	2	3	4	3	7	2	.	5	7	4	8	1	1	2	1	4	3	2	2	2	3	2	4	1	2	1	1	2	3	5	4	8	4	3	3	8	4	10	5	3	5
157	2	3	2	3	3	6	5	3	5	4	4	7	5	4	5	5	4	8	5	3	7	3	4	2	2	4	3	1	4	.	5	4	4	6	5	8	6	2	5	7	5	9	9	4	9
158	6	3	8	2	2	4	4	3	.	.	1	3	3	3	.	3	.	3	3	2	4	4	2	4	4	3	7	3	3	4	1	3	.	.	3	3	4	2	3	6	4	6	3	1	3
159	8	5	9	.	3	5	7	4	6	3	.	.	.	3	.	5	5	6	.	3	8	5	4	8	5	3	5	2	2	3	3	3	5	3	3	6	8	5	8	6	4	6	4	2	5
160	3	2	3	2	2	4	.	3	3	4	4	7	.	.	5	3	4	.	4	3	5	1	1	1	1	3	3	0	3	6	4	2	5	4	4	.	4	2	4	5	3	.	2	1	2
161	4	2	0	.	3	1	.	4	7	7	3	5	5	3	7	6	4	6	.	6	8	8	.	8	4	4	6	3	3	3	8	4	8	6	4	.	4	3	5	6	4	5	3	3	2
162	0	.	.	1	2	5	1	3	4	0	1	2	4	2	4	4	3	4	.	1	4	3	2	2	4	2	3	2	3	4	1	1	5	1	1	1	4	3	5	0	1	0	1	2	2
163	4	1	3	.	0	0	.	1	0	1	1	0	2	2	4	-2	0	0	1	2	6	0	1	0	3	1	3	2	0	4	.	2	3	2	2	1	1	2	3	5	2	8	3	2	1
164	10	7	12	8	8	10	9	7	9	9	9	13	6	7	9	7	8	10	9	.	15	6	7	9	9	7	13	9	6	7	11	8	13	7	.	9	7	6	9	11	7	.	10	7	.
165	3	3	5	3	3	5	3	.	2	6	3	7	3	0	2	2	3	3	2	.	0	4	4	5	4	2	5	4	3	.	4	4	6	1	1	4	7	4	9	0	3	1	4	3	8
166	5	4	7	2	2	4	5	2	5	5	3	9	6	5	7	0	3	2	9	5	13	7	.	10	3	3	4	4	4	5	4	4	4	3	4	4	4	5	7	4	3	6	5	4	6
167	5	4	8	0	2	2	4	3	4	5	.	8	.	4	5	5	4	8	4	4	7	5	4	6	7	4	.	4	3	7	5	4	5	3	2	7	3	2	1	3	2	5	8	5	12
168	3	2	5	.	3	.	.	2	1	3	4	3	4	3	3	4	3	6	2	3	3	0	1	-1	5	.	10	1	.	4	4	3	.	.	2	4	6	3	7	.	3	3	3	1	4
169	.	.	6	4	4	4	.	5	9	5	4	5	3	.	1	2	4	6	3	.	2	0	1	1	3	3	6	5	4	6	5	2	5	2	2	2	2	3	4	2	3	3	6	4	.
170	6	3	8	2	3	3	4	3	3	6	4	7	.	.	8	4	3	7	.	4	9	4	2	9	5	4	9	.	2	6	2	2	0	4	3	5	5	3	4	6	3	5	1	.	1
171	4	2	2	6	3	8	.	4	4	1	1	0	4	2	4	1	1	4	3	3	6	5	4	7	1	2	2	4	.	3	2	1	4	0	1	0	1	4	2	5	.	3	6	4	8
172	-1	2	0	7	4	7	.	5	6	5	4	6	5	3	3	2	2	3	6	4	7	2	2	1	3	3	7	.	3	8	6	.	7	3	2	2	1	2	4	5	2	4	4	3	7
173	7	4	7	6	4	6	.	4	5	5	.	8	4	2	.	6	3	5	.	4	2	3	3	.	2	1	3	4	3	5	0	2	2	2	2	4	2	1	.	3	2	3	2	2	3
174	7	5	8	7	5	8	6	5	7	8	7	11	8	6	9	8	5	12	4	5	4	8	7	9	6	.	7	7	6	7	6	6	12	.	5	7	6	5	7	7	6	7	5	5	9
175	6	3	6	0	0	0	2	2	2	3	.	3	2	.	5	2	1	2	2	0	2	.	1	1	2	1	1	2	3	4	2	2	2	3	2	5	1	.	3	0	1	.	3	2	3
176	.	2	3	3	2	3	2	2	.	3	1	0	.	2	3	0	2	0	.	2	4	1	0	1	1	1	.	.	0	0	1	1	0	0	1	3	1	1	1	0	2	0	0	2	4
177	0	2	2	2	3	7	.	2	7	.	3	2	2	2	2	6	6	7	3	3	7	3	4	5	3	3	4	5	3	5	4	3	5	4	3	.	.	2	3	2	3	5	3	3	4
178	2	4	5	5	3	.	5	4	7	3	1	2	.	4	5	5	4	.	4	3	3	.	3	5	3	3	5	4	3	4	2	2	1	2	2	3	1	3	5	4	3	8	3	4	2
179	3	3	.	1	3	1	2	3	6	7	3	6	2	3	3	3	3	4	4	.	5	5	4	7	5	4	8	9	.	12	5	4	7	6	3	.	7	5	8	4	3	4	4	4	6
180	4	.	7	0	.	1	-1	0	1	6	.	7	2	2	3	1	1	2	1	.	1	.	2	4	2	.	.	.	2	7	3	2	5	4	4	3	3	3	.	0	2	2	4	2	5
181	3	1	.	1	1	2	0	2	2	4	4	5	.	0	0	.	2	3	4	1	3	4	4	7	1	1	6	3	.	3	2	.	5	2	0	3	3	.	2	6	3	8	5	2	.
182	4	3	7	7	6	11	8	4	6	8	6	7	6	.	10	7	6	6	.	5	7	4	4	6	.	4	6	5	5	7	3	5	5	7	6	11	5	3	6	2	.	8	8	6	9
183	2	3	5	4	2	7	2	1	.	4	2	6	2	2	5	1	2	0	3	3	3	2	4	4	5	3	6	4	2	3	2	3	3	3	2	2	3	3	4	1	1	4	-1	0	0
184	7	3	6	4	.	6	3	2	4	-3	0	0	5	2	.	3	3	4	1	3	4	4	3	5	4	4	.	2	2	2	6	3	4	3	2	4	4	2	7	1	2	.	2	1	4
185	2	.	4	2	2	4	3	3	5	4	3	4	.	1	1	3	1	3	6	2	6	4	.	1	2	2	3	0	2	2	1	2	1	4	2	.	2	2	3	3	2	3	4	1	3
186	3	2	5	.	3	6	.	.	3	4	1	4	1	2	.	1	1	0	2	2	2	.	2	4	2	2	.	3	2	2	6	4	9	5	5	10	7	5	9	5	3	.	.	3	2
187	4	3	3	.	4	.	4	4	.	8	4	.	5	4	8	7	4	8	5	5	7	3	3	2	5	6	7	4	3	4	4	3	6	8	5	12	7	4	7	6	.	6	3	3	2
188	4	3	4	7	4	9	7	.	7	4	3	6	3	4	9	4	4	6	2	.	.	4	.	5	4	4	5	4	2	3	.	2	5	4	2	4	1	2	1	5	4	5	4	4	6
189	4	3	7	3	2	5	1	2	0	6	5	6	5	2	2	5	4	8	5	4	.	3	4	5	8	4	5	4	4	.	5	5	7	3	3	4	4	5	6	6	4	9	6	6	11
190	0	2	1	4	4	.	2	.	6	4	3	6	3	1	.	.	.	5	5	4	3	.	3	7	3	.	3	.	3	5	5	.	5	4	1	3	2	2	3	5	1	5	4	2	4
191	6	4	8	8	4	7	.	4	.	4	4	5	3	4	.	3	4	3	2	2	1	.	3	3	4	3	3	2	3	4	2	2	3	3	3	5	4	3	5	6	4	3	2	3	3
192	4	4	6	0	1	0	.	3	3	5	4	7	2	2	5	.	2	6	3	2	2	3	2	4	3	2	5	1	.	4	3	1	3	3	2	.	.	3	.	4	3	6	5	3	6
193	3	4	6	.	1	1	4	2	7	5	3	7	5	4	5	5	4	8	6	3	5	3	4	5	4	2	.	5	3	.	3	1	2	4	3	.	6	4	8	4	4	5	1	3	5
194	2	2	2	1	1	2	2	2	2	.	3	3	2	2	2	2	2	0	2	2	1	2	1	3	5	2	2	1	3	5	1	3	3	2	1	1	2	1	1	1	.	2	3	3	3
195	3	2	3	3	2	3	3	2	.	0	1	2	0	2	3	1	1	3	-2	0	0	1	1	2	2	2	3	5	3	5	1	2	5	1	.	-1	2	2	2	1	3	3	0	2	4
196	.	6	8	4	3	5	7	3	9	1	2	4	7	4	9	7	7	11	9	6	11	4	3	.	8	.	10	5	5	6	6	.	9	4	3	4	.	5	.	3	5	6	5	.	12
197	3	4	5	1	2	3	6	5	.	5	4	8	5	.	7	5	4	6	5	3	4	.	.	7	.	3	5	.	.	3	.	.	10	6	.	.	7	.	6	4	2	7	9	5	9
198	0	.	-1	3	2	3	4	2	3	3	2	5	4	3	.	4	2	3	3	3	5	0	1	2	4	3	4	0	.	1	6	2	5	1	0	.	3	0	3	2	1	2	0	1	2
199	2	2	4	4	3	.	3	2	.	5	3	.	0	.	2	2	3	3	2	2	5	1	1	2	2	2	.	5	3	9	1	1	1	0	0	3	1	1	1	.	3	6	2	3	2
200	2	1	3	2	1	1	4	2	0	3	.	6	2	1	2	0	1	.	2	2	1	3	2	6	3	2	7	0	1	0	0	2	1	1	.	2	0	0	3	1	0	1	3	2	6
201	9	6	12	4	4	6	4	4	3	5	5	6	8	5	9	7	5	8	9	6	11	.	5	8	4	4	7	7	7	11	6	6	7	5	7	8	6	5	7	6	5	6	4	3	.
202	7	5	10	6	5	9	7	4	9	6	3	7	6	5	8	4	6	4	7	5	7	.	4	4	7	5	8	5	4	6	3	3	3	6	4	7	2	2	5	5	4	4	6	.	9
203	5	4	8	2	2	.	4	3	4	1	2	2	8	4	8	4	3	.	1	1	3	6	3	5	1	2	3	.	2	3	5	.	4	6	4	6	3	2	2	2	2	4	2	3	1
204	7	5	6	7	5	9	7	4	8	6	4	9	0	3	2	5	4	9	6	5	7	4	2	5	.	3	3	2	3	4	.	4	6	4	3	5	2	1	.	2	3	4	4	.	4
205	1	1	.	1	2	2	3	3	4	2	2	3	2	3	4	6	4	.	2	1	3	6	4	8	.	.	5	3	3	8	2	2	4	2	2	.	5	2	.	3	4	4	5	4	10
206	5	3	6	2	2	2	2	2	4	3	2	4	4	3	7	2	0	0	1	3	1	6	4	9	5	.	7	3	2	4	1	2	3	3	3	2	4	4	.	6	4	.	4	.	5
207	1	2	3	1	3	4	1	2	5	.	1	3	3	3	5	5	4	6	4	2	4	4	3	4	3	2	4	3	1	4	2	1	4	3	.	5	3	3	4	3	0	4	3	3	3
208	.	4	6	3	1	4	0	0	0	6	5	8	1	2	.	3	1	2	5	3	5	-2	0	1	1	1	.	2	2	.	1	1	1	4	3	5	5	4	7	3	2	.	3	1	2
209	6	5	8	5	.	6	6	4	6	8	5	8	6	6	8	4	4	5	5	6	8	1	2	.	6	5	7	3	.	6	9	7	11	8	6	12	2	4	3	6	5	7	6	4	6
210	4	2	6	4	5	6	6	4	7	0	3	5	.	3	7	3	2	4	6	4	.	0	2	1	6	3	.	5	3	.	1	2	-2	4	3	6	2	2	5	2	2	5	.	3	.
211	5	4	.	4	3	5	4	3	3	.	3	5	2	3	4	4	2	2	3	4	5	3	.	5	4	3	2	5	.	4	3	2	2	3	2	2	4	3	.	.	3	5	.	3	7
212	6	4	7	4	3	8	7	3	6	3	3	.	2	.	3	3	2	5	5	4	5	4	4	4	7	2	7	7	4	8	6	3	6	4	.	3	0	.	.	4	4	6	4	4	4
213	6	4	6	5	4	6	5	5	5	5	3	4	7	4	8	5	3	.	4	4	6	4	3	3	6	4	10	6	3	3	3	5	4	.	3	6	4	5	9	6	4	9	6	3	.
214	5	4	.	5	3	4	4	3	4	3	1	.	.	3	8	1	2	1	4	2	5	4	.	5	4	.	3	3	2	2	4	2	5	2	4	5	3	1	3	3	1	.	.	2	2
215	2	1	2	4	.	5	2	1	1	4	3	3	0	0	0	3	1	0	1	0	1	1	3	3	0	2	4	0	.	0	3	2	4	2	2	0	3	1	4	.	0	0	3	3	3
216	7	4	6	4	4	5	7	3	8	5	4	6	7	4	8	4	3	6	5	.	6	4	4	7	5	4	5	6	4	9	7	6	10	.	5	8	5	4	.	4	.	7	6	5	8
217	4	3	5	2	2	5	1	3	2	1	1	.	4	4	6	1	2	1	5	2	3	2	1	4	4	2	5	5	3	7	1	1	1	4	2	.	.	3	7	3	3	2	1	2	1
218	2	2	.	5	3	5	2	2	0	5	2	6	-1	0	1	0	0	0	4	2	5	1	2	1	2	2	4	0	1	2	0	1	0	2	1	2	3	2	2	4	2	5	2	2	6
219	.	.	2	1	2	4	2	2	2	1	2	0	.	2	2	0	0	1	.	2	2	1	1	0	0	1	1	4	3	5	3	.	.	0	1	2	0	3	2	3	3	2	.	-1	0
220	1	0	4	2	0	2	0	1	1	2	.	3	3	1	3	0	1	0	0	0	1	6	3	6	1	1	.	1	1	3	0	.	2	1	1	2	2	1	5	1	1	3	2	2	.
221	4	4	6	.	2	5	5	2	5	1	1	.	3	4	3	2	3	7	3	3	2	3	2	4	2	2	5	4	2	5	2	3	6	3	2	1	3	3	5	2	2	.	4	3	5
222	4	4	4	5	.	5	2	4	1	3	4	7	2	2	6	6	5	6	4	3	4	.	4	4	6	3	6	4	4	4	7	3	6	7	6	.	5	4	7	.	5	7	4	3	2
223	4	4	7	7	4	8	6	3	6	4	.	8	7	4	12	.	4	6	6	4	8	5	4	2	6	4	.	4	3	4	5	7	8	5	3	.	4	4	.	8	4	9	6	4	6
224	2	4	.	5	5	9	7	5	9	10	4	11	3	3	4	3	5	4	5	4	8	2	4	8	8	5	.	6	4	8	5	4	5	5	5	7	6	3	.	6	3	9	6	4	6
225	4	4	4	2	3	3	3	2	2	0	1	0	6	4	6	1	1	3	3	1	3	3	1	5	4	4	7	4	3	6	5	3	7	3	2	5	4	3	6	3	3	3	3	3	4
226	6	5	5	2	2	2	3	3	4	5	3	5	3	.	4	4	4	7	2	3	3	2	3	7	4	3	2	3	4	5	3	.	.	4	3	7	.	2	2	4	4	1	3	3	3
227	4	3	5	-1	.	0	3	2	1	3	3	3	3	3	4	4	3	4	2	2	3	.	1	.	2	3	6	.	3	3	0	1	1	3	2	2	4	4	6	4	3	6	3	2	.
228	1	3	5	.	3	2	3	3	6	5	3	5	2	4	5	1	1	.	3	3	5	5	2	7	1	1	.	3	2	3	3	2	.	1	1	1	0	2	0	.	1	4	3	2	6
229	5	3	4	.	3	7	6	5	8	5	4	6	5	5	.	7	4	8	5	4	7	6	4	7	3	4	8	2	2	2	8	5	8	5	5	8	5	5	6	5	5	7	2	3	1
230	3	2	5	4	3	5	2	0	1	1	0	1	6	3	8	1	1	3	4	3	6	4	4	.	4	4	5	1	2	2	.	.	3	6	.	5	5	2	7	.	.	.	1	.	.
231	8	5	9	5	4	6	7	.	10	4	5	5	5	6	6	10	.	8	7	5	8	7	5	8	8	4	9	8	5	11	9	7	13	6	5	7	7	.	9	10	.	9	8	5	8
232	1	3	3	1	2	4	.	.	6	8	4	9	1	2	4	3	4	4	1	.	0	3	3	2	2	2	3	.	3	5	6	4	.	0	2	2	5	3	6	8	4	9	4	2	1
233	.	2	3	5	4	3	5	4	9	4	3	2	1	3	3	5	2	6	0	3	0	1	.	2	4	4	4	6	4	6	0	1	1	.	3	5	1	2	2	5	3	4	6	5	7
234	0	1	1	5	2	7	3	2	6	1	1	2	5	2	5	2	4	2	4	1	4	5	1	3	1	.	2	0	0	0	6	.	9	2	4	3	3	2	4	.	2	0	.	4	6
235	7	3	7	6	4	7	0	0	.	2	1	3	4	2	.	2	3	5	3	3	3	0	1	2	3	.	5	3	.	1	6	3	6	.	.	1	4	3	5	1	1	0	0	.	6
236	2	4	.	4	2	.	-2	1	.	0	1	0	.	0	.	.	2	4	2	3	3	1	1	1	0	1	-1	1	1	2	0	0	0	4	3	.	0	1	0	2	1	0	6	.	6
237	.	5	7	4	2	5	5	3	7	.	3	7	4	3	3	1	1	1	.	4	8	2	1	0	3	2	5	2	2	4	.	1	2	-1	2	.	1	2	2	6	3	6	4	1	4
238	.	1	5	4	4	.	4	4	3	5	4	.	3	3	8	7	5	8	4	3	3	5	3	.	4	5	4	5	2	.	3	1	5	3	4	6	.	2	3	6	2	8	3	2	4
239	4	.	4	2	2	.	6	3	6	5	4	6	5	.	9	5	4	.	2	3	1	.	3	5	5	4	4	5	4	5	4	4	6	3	3	3	4	3	.	4	5	8	2	2	0
240	0	1	3	1	3	1	7	5	9	.	.	1	4	3	5	3	.	.	1	2	3	1	2	3	3	3	3	5	3	.	5	2	2	0	1	1	0	.	2	1	2	1	1	3	4
241	5	3	6	5	3	7	.	2	3	2	2	6	1	0	1	2	2	3	4	3	4	1	2	3	2	2	2	0	2	0	2	.	2	4	3	3	3	3	5	2	0	-1	3	3	5
242	1	2	0	4	0	2	3	2	4	1	1	6	1	2	1	.	2	3	4	3	5	3	3	6	2	1	1	1	1	0	2	1	0	4	2	3	2	2	4	3	2	4	5	.	7
243	8	6	7	5	4	8	.	5	7	7	5	9	6	4	5	7	5	8	7	4	6	7	6	8	4	6	5	6	5	8	4	5	8	.	3	8	6	.	7	6	.	.	5	4	9
244	1	.	3	2	2	2	0	1	1	1	1	1	5	3	4	0	1	3	2	2	2	2	2	.	2	.	5	3	2	.	2	1	0	.	2	2	3	1	3	1	.	1	1	2	3
245	2	3	6	1	1	3	0	1	1	4	4	5	1	2	2	1	2	3	0	2	0	1	2	3	2	3	6	.	4	.	4	3	6	0	1	4	4	2	5	4	4	.	3	3	6
246	7	5	9	5	6	9	7	6	7	8	7	10	4	5	9	7	5	9	6	6	8	6	5	7	8	6	11	5	6	10	.	5	8	5	5	9	4	5	7	.	4	8	.	.	8
247	3	4	8	3	1	3	4	3	5	4	4	5	4	1	4	4	.	7	3	3	4	2	.	3	2	4	.	2	2	2	3	4	5	1	1	4	7	4	8	.	.	.	2	1	1
248	0	0	.	1	1	0	2	4	4	1	2	3	1	2	5	2	1	6	3	1	0	2	1	4	.	.	5	3	1	3	0	1	-1	0	1	2	0	0	0	1	0	3	4	3	6
249	0	2	1	5	3	6	4	2	4	2	3	5	2	2	5	2	1	1	2	2	2	1	2	4	5	3	5	.	2	0	2	2	2	3	1	5	3	3	.	2	3	3	3	.	5
250	.	2	5	6	4	.	5	3	6	1	.	5	0	2	2	3	4	4	3	4	5	4	5	7	4	3	5	4	3	6	4	4	5	4	.	6	7	3	.	.	.	7	1	3	3
251	4	3	2	5	2	5	2	2	3	4	.	5	5	.	7	4	2	4	3	2	.	4	2	7	2	2	2	4	3	6	.	2	3	.	3	.	1	3	3	0	1	0	5	2	5
252	3	2	3	.	4	4	3	3	3	4	3	6	.	2	.	2	1	1	3	3	7	1	1	.	2	2	2	5	3	5	1	2	4	5	4	8	2	3	3	1	2	.	1	0	2
253	6	3	.	0	2	2	5	2	.	.	2	8	1	2	3	5	5	5	3	1	3	3	2	.	5	1	4	7	4	8	4	1	4	3	4	8	3	2	4	.	1	0	.	4	.
254	2	3	.	2	2	2	5	4	8	5	2	4	6	.	6	5	3	5	.	4	6	6	3	.	4	4	5	4	.	.	7	4	7	3	3	5	4	4	6	2	1	2	4	4	7
255	2	.	5	4	.	9	3	2	4	5	.	7	4	.	8	7	6	9	5	4	4	.	5	5	3	4	4	8	4	9	8	7	.	6	3	7	6	5	12	5	6	5	6	3	8
256	5	3	6	4	3	4	.	.	0	2	1	2	5	3	4	5	3	6	0	1	.	2	2	2	.	3	3	.	3	3	4	3	6	5	4	5	1	3	3	4	3	4	6	4	.
257	6	5	7	5	3	.	4	3	4	6	3	8	5	3	4	1	1	.	4	5	5	5	5	6	6	4	8	7	5	11	.	5	7	.	3	6	6	5	.	10	5	.	4	4	6
258	7	6	8	3	4	6	4	4	6	2	2	2	3	4	5	2	3	8	1	4	4	3	3	3	.	3	3	6	5	9	2	3	3	6	4	6	5	2	.	5	.	7	.	3	6
259	.	3	5	3	2	.	5	.	3	4	3	8	3	2	5	8	5	10	4	3	3	7	.	10	2	3	5	1	1	.	1	2	3	2	2	3	4	4	7	4	3	9	5	3	7
260	2	.	4	1	1	2	0	1	1	-1	1	2	1	.	0	1	1	.	1	0	2	3	1	3	3	2	3	4	2	6	-3	0	-2	2	3	2	2	2	1	0	.	1	-1	2	0
261	1	.	5	2	2	2	4	.	6	.	.	1	8	4	11	3	1	2	4	3	2	1	0	2	2	.	6	.	4	8	4	2	1	4	2	6	2	1	2	.	3	.	3	3	3
262	2	2	2	4	3	3	3	1	3	.	3	3	0	2	3	4	3	5	4	3	6	4	.	8	4	.	6	3	3	7	4	3	7	3	3	.	4	4	7	4	3	.	5	.	.
263	4	4	5	4	4	5	3	3	5	5	3	8	4	2	6	6	3	4	4	3	7	2	2	3	4	4	7	2	2	3	7	3	7	1	1	4	1	3	1	5	4	7	0	2	7
264	4	3	6	.	5	8	2	3	2	5	3	5	6	2	5	4	4	7	5	5	8	5	.	7	3	.	7	5	5	5	.	7	9	4	3	5	.	3	3	5	4	7	2	2	.
265	8	7	8	10	7	13	6	3	7	6	.	7	6	4	.	10	7	10	7	4	8	7	6	9	8	7	10	8	7	10	7	5	11	5	6	7	6	7	8	7	6	.	4	5	6
266	4	3	5	8	5	8	.	4	5	6	5	6	8	5	9	.	5	9	7	5	9	6	.	8	5	5	8	2	.	3	5	4	4	3	6	4	5	4	9	.	6	14	7	5	6
267	2	2	.	5	3	6	4	3	6	4	.	4	4	4	4	3	3	5	3	3	4	4	4	4	3	.	5	2	2	.	4	2	5	3	3	3	4	5	7	.	1	5	5	3	3
268	4	1	5	1	1	3	1	1	1	2	1	.	-1	0	-2	2	1	1	0	1	1	4	2	3	1	.	.	3	.	.	1	0	0	1	1	2	1	2	2	1	.	2	0	0	0
269	2	2	3	2	3	2	5	2	5	.	.	3	.	4	5	9	.	9	6	3	7	5	4	8	3	2	2	2	3	4	.	2	2	2	0	0	2	1	4	4	.	2	3	3	.
270	2	2	5	5	3	7	6	4	9	5	3	7	4	3	5	5	.	6	4	4	3	6	4	8	6	5	6	1	3	.	5	3	7	.	2	2	.	3	2	5	5	8	3	4	4
271	4	2	5	5	5	6	3	3	5	5	2	5	5	5	7	2	3	4	5	4	5	3	4	.	3	1	1	6	4	5	3	3	5	5	5	8	4	3	5	2	3	.	5	3	6
272	6	4	6	5	.	7	5	5	6	2	2	6	4	3	7	6	6	8	6	.	10	.	3	5	5	3	5	5	4	7	5	3	3	7	5	8	5	5	4	5	4	.	8	6	9
273	5	4	6	6	4	10	0	2	1	2	2	.	5	4	9	4	4	4	3	3	6	6	5	9	5	4	4	3	3	7	3	5	4	1	2	3	3	2	2	4	4	6	5	4	7
274	0	0	.	-1	1	.	3	3	5	3	3	1	2	2	4	4	2	4	3	2	4	0	1	1	3	2	4	2	2	0	.	0	3	2	1	.	2	1	3	3	1	4	1	1	.
275	3	3	4	3	3	3	2	2	5	7	4	9	3	3	6	3	3	7	5	6	9	5	4	5	7	4	.	6	3	5	.	4	8	.	5	6	.	3	3	7	5	8	4	4	8
276	1	3	2	3	2	5	.	4	.	2	2	1	2	2	4	.	3	7	2	2	1	6	5	10	2	1	2	2	2	.	3	2	4	6	3	3	7	5	10	4	3	2	3	3	4
277	2	2	2	6	2	.	0	.	0	2	3	8	5	4	5	3	3	4	3	3	5	.	4	3	4	5	4	2	3	6	1	.	4	3	3	.	2	3	5	5	4	7	3	4	5
278	2	2	3	5	3	9	4	3	7	1	2	3	5	.	.	2	4	2	4	4	6	3	4	6	.	3	3	5	2	6	3	4	5	5	4	6	4	4	8	4	2	2	4	2	5
279	2	2	3	5	4	8	2	3	7	5	4	7	4	4	4	4	2	6	5	3	8	4	2	4	2	2	2	4	3	4	5	3	8	4	3	3	4	3	7	6	.	8	4	4	5
280	4	4	.	5	2	4	4	3	3	2	1	2	.	3	6	3	.	2	.	3	5	6	4	6	5	.	.	5	4	8	0	1	3	4	2	6	7	3	4	6	4	.	4	4	4
281	4	2	6	6	2	.	1	0	.	.	0	2	0	0	0	1	0	-2	3	1	1	2	.	2	0	0	0	1	.	3	-2	0	0	1	1	4	1	1	0	1	1	1	-1	1	0
282	2	4	.	6	3	6	3	2	8	5	3	5	4	2	4	6	3	.	4	3	7	4	4	5	7	4	6	3	.	2	7	4	5	9	4	7	3	5	8	.	.	7	5	5	8
283	.	3	6	4	3	6	4	3	6	.	2	2	6	4	3	4	3	6	.	1	3	4	3	8	5	4	6	6	5	9	0	1	2	6	4	5	4	3	3	4	.	6	4	4	2
284	6	3	4	5	4	6	4	4	7	2	2	5	.	5	6	3	3	4	.	3	6	3	4	5	2	2	4	3	2	4	1	1	2	4	3	8	4	2	6	4	.	4	4	.	4
285	1	3	1	6	.	9	3	3	5	2	2	7	3	4	3	2	3	4	3	2	5	2	5	9	4	5	5	.	5	7	3	3	5	.	2	2	7	3	5	2	3	4	3	3	5
286	5	3	.	2	.	0	2	.	4	3	3	6	5	5	11	2	3	5	3	2	6	3	3	3	.	5	7	3	3	.	2	3	2	2	.	3	2	2	.	3	3	2	4	3	5
287	4	4	7	6	5	6	3	3	4	5	4	8	0	1	1	6	4	7	3	3	6	3	3	5	4	3	5	3	.	2	.	3	4	6	3	.	1	2	.	5	3	4	3	2	5
288	5	5	6	3	3	5	.	5	9	3	3	3	4	3	4	4	3	7	9	6	11	5	6	8	7	6	10	5	.	4	6	4	.	8	6	7	8	.	9	9	5	9	3	4	5
289	4	1	6	5	4	5	3	4	5	1	3	.	6	3	5	4	2	2	3	3	4	5	4	5	2	2	0	2	2	6	5	4	6	3	3	3	5	.	3	2	1	4	4	.	6
290	4	4	4	3	3	3	4	2	4	2	3	6	3	3	4	2	3	3	5	4	7	4	2	3	5	4	7	3	3	5	4	4	6	3	4	6	1	3	7	3	3	3	3	2	2
291	3	3	5	.	3	6	4	4	6	8	5	10	3	3	5	1	3	3	4	4	3	3	5	5	.	5	8	5	6	7	7	.	11	4	5	6	4	3	3	4	5	9	4	3	6
292	6	4	6	4	5	7	5	4	7	.	4	5	8	5	.	9	6	10	6	4	3	4	4	6	7	4	10	6	5	8	3	4	5	7	5	8	.	4	.	5	3	7	6	5	6
293	3	3	2	4	.	6	3	3	1	1	3	4	4	3	7	7	4	.	7	5	9	5	3	6	4	3	.	4	4	5	5	4	7	.	5	8	6	5	9	5	.	8	4	4	9
294	4	3	7	0	1	0	3	.	5	3	2	.	3	2	0	3	3	5	3	.	.	3	2	4	1	1	3	2	2	3	1	0	0	3	.	2	3	1	3	2	.	3	0	3	2
295	3	4	7	.	3	7	9	5	10	8	5	10	6	6	8	9	8	10	7	6	11	9	6	9	5	5	7	8	5	10	6	4	7	5	.	11	7	5	7	6	.	.	4	6	8
296	5	3	7	.	3	5	3	2	3	2	.	.	3	2	1	5	4	6	4	.	4	2	3	.	5	.	9	1	2	2	5	3	7	.	4	6	5	4	4	7	3	6	4	3	4
297	4	.	.	.	.	8	4	4	7	8	.	10	.	5	6	8	6	8	6	3	10	3	2	4	7	5	7	4	4	5	8	5	9	2	4	.	.	5	7	5	.	7	7	5	.
298	1	.	2	2	2	6	2	.	2	4	1	0	3	2	3	.	0	.	.	2	5	4	.	3	3	3	3	0	0	0	0	.	0	0	1	0	3	1	5	2	2	5	0	1	3
299	3	1	4	0	2	1	4	3	6	6	4	8	1	3	3	0	2	2	6	5	6	5	4	8	3	4	5	5	2	3	1	3	2	3	3	7	4	2	4	4	4	8	4	3	4
300	1	2	1	6	4	9	3	4	.	5	5	.	.	2	2	4	3	6	6	4	.	4	5	6	2	3	3	3	2	.	3	3	6	.	5	9	.	5	5	9	7	9	6	5	7
301	2	1	1	6	.	6	1	0	3	3	2	9	4	2	4	.	.	5	2	2	.	.	3	3	.	1	2	1	2	3	2	2	3	4	.	4	5	2	.	4	1	4	1	2	1
302	2	3	4	0	1	1	1	2	2	4	3	7	1	0	3	1	2	2	2	1	2	2	1	3	2	0	.	3	2	7	1	0	1	4	2	5	2	2	1	4	3	5	.	0	0
303	1	.	3	3	3	.	2	2	1	2	2	.	0	1	2	.	1	1	4	1	.	2	1	3	3	3	.	4	3	4	6	2	5	3	3	5	1	1	1	1	2	3	1	2	.
304	1	2	4	1	.	5	0	0	0	.	3	6	1	1	0	.	0	-2	1	1	1	3	0	3	.	.	2	2	2	2	.	1	1	2	3	4	5	2	7	0	.	3	5	1	3
305	2	2	4	2	2	4	3	3	6	4	.	6	5	4	7	2	2	.	5	3	6	2	3	1	.	2	.	1	.	5	3	3	4	3	3	6	5	3	3	3	4	6	1	3	1
306	4	4	6	6	2	9	5	4	7	5	4	7	4	4	7	7	4	6	4	4	5	4	4	.	3	3	5	6	4	5	3	2	6	3	3	5	3	4	4	2	3	1	4	3	4
307	.	1	.	2	0	0	3	3	3	0	1	2	2	1	2	1	1	1	2	1	3	2	1	2	0	2	.	2	0	3	0	0	4	1	1	4	2	1	2	2	1	3	1	1	1
308	.	3	3	4	5	6	3	2	6	4	2	4	.	2	3	.	3	4	4	2	6	3	2	5	0	2	3	.	.	5	3	1	4	5	5	8	4	.	.	1	1	2	4	3	3
309	7	4	11	7	4	8	6	5	8	5	4	.	2	4	.	6	3	8	4	3	4	5	4	.	7	5	8	4	.	8	4	3	.	.	3	5	5	.	5	2	4	2	6	4	6
310	7	7	9	.	5	10	4	5	8	7	6	9	8	.	8	7	4	.	5	6	.	7	5	10	.	5	9	8	7	7	4	.	8	8	5	8	7	5	8	6	5	.	6	5	.
311	6	4	6	7	4	7	7	5	9	.	3	5	.	4	4	4	4	7	7	5	11	8	.	.	4	.	9	6	4	6	6	4	9	5	5	7	5	3	8	.	5	10	5	.	7
312	3	4	.	6	3	8	3	3	4	7	6	10	5	3	5	6	3	9	5	5	6	5	5	7	7	4	7	5	3	3	5	2	6	.	4	6	6	4	8	2	2	6	.	4	7
313	1	1	0	4	2	4	0	1	4	.	0	.	1	2	3	0	1	.	3	2	3	0	.	0	.	0	0	2	2	2	3	.	4	1	1	.	2	2	6	3	.	3	0	1	1
314	4	2	5	3	2	1	5	3	8	5	4	5	1	3	5	3	3	5	4	1	3	5	.	4	-1	1	-1	2	2	1	2	2	5	3	2	4	0	0	-1	2	.	5	6	3	7
315	2	2	2	3	2	7	3	0	4	.	3	4	3	2	3	2	3	4	3	2	5	0	0	0	4	.	4	4	.	.	5	2	7	5	3	8	5	2	3	3	3	6	1	1	.
316	3	3	7	3	3	.	8	5	10	3	3	5	5	4	9	5	5	5	3	2	3	.	3	5	2	.	5	4	4	5	5	.	3	3	.	.	6	.	7	3	4	8	6	4	5
317	.	1	3	3	2	6	4	4	3	5	3	4	2	2	4	1	3	2	7	5	9	1	2	1	1	3	.	4	3	5	3	3	.	2	3	4	1	2	0	2	3	1	1	2	3
318	5	1	4	2	0	4	.	4	7	2	1	0	4	1	3	.	.	.	2	1	2	2	2	4	3	2	.	0	1	3	4	2	7	3	2	5	2	0	3	2	.	1	0	1	0
319	4	.	7	5	5	7	5	6	9	9	6	.	6	6	5	4	4	.	.	.	10	4	4	5	6	5	8	6	3	9	6	3	.	4	4	.	.	5	7	10	6	.	6	4	8
320	.	3	6	5	5	.	1	2	3	5	5	8	7	5	8	5	4	6	6	4	3	4	3	7	5	.	.	2	4	4	5	4	.	4	5	9	8	5	9	4	.	5	3	3	2
321	5	3	6	4	3	6	5	4	8	2	2	4	2	4	5	6	.	11	.	3	.	.	4	6	.	4	7	2	.	5	5	4	7	4	3	2	2	3	6	6	4	8	2	.	1
322	5	5	9	4	3	7	6	5	9	5	5	8	5	3	5	4	5	.	7	4	.	6	.	8	.	4	3	4	3	5	4	2	5	5	4	.	.	4	9	10	6	10	6	5	6
323	1	2	1	1	1	2	1	0	0	2	2	1	0	2	.	2	2	2	-3	0	-2	.	0	1	3	1	5	2	2	2	1	1	3	1	1	1	.	3	4	1	2	1	.	2	4
324	.	4	4	6	4	6	2	4	4	6	5	9	4	5	5	8	5	12	.	5	5	5	4	.	4	4	2	.	4	.	3	.	7	7	4	6	6	4	6	3	3	6	.	5	8
325	2	2	2	3	3	6	5	3	6	1	1	.	3	.	1	3	3	4	0	0	0	2	2	4	6	3	6	1	2	2	1	.	2	3	2	5	2	2	2	2	3	5	5	2	2
326	4	5	7	.	5	9	6	3	5	4	3	1	.	3	3	4	.	7	1	3	4	5	5	8	4	4	5	4	.	7	1	3	.	4	3	6	4	.	3	2	2	6	3	3	.
327	1	2	4	2	3	8	4	4	6	4	.	3	4	4	7	3	4	3	6	3	6	3	.	5	5	4	7	2	2	2	2	2	3	5	3	7	5	5	7	4	3	6	3	3	.
328	6	6	8	6	2	8	.	3	5	.	4	6	7	4	9	2	4	5	.	4	3	5	5	5	1	.	3	6	4	.	3	3	5	5	2	5	4	5	8	.	6	10	4	4	6
329	4	4	6	5	5	7	7	4	.	6	4	7	7	6	8	8	4	11	3	4	3	8	.	8	6	5	6	4	.	6	8	6	10	5	4	6	.	5	8	4	3	5	6	.	9
330	3	3	4	.	.	4	5	4	5	2	.	0	7	.	9	7	4	.	2	3	3	2	.	6	5	5	9	1	2	3	1	3	4	4	5	10	2	3	.	5	4	5	3	5	4
331	5	3	6	4	.	8	.	4	3	5	4	7	5	3	6	2	2	3	5	6	9	.	4	8	7	.	7	4	5	5	5	4	7	3	3	5	3	4	4	6	5	8	2	2	.
332	2	1	3	1	3	1	0	0	0	2	1	0	1	1	4	1	2	5	2	4	6	.	3	6	3	2	5	4	3	6	.	4	3	0	1	3	0	2	3	0	1	2	1	1	2
333	0	2	.	1	3	1	4	.	7	.	3	5	3	2	6	1	3	.	5	2	6	5	2	6	2	2	3	0	1	0	0	2	.	2	2	5	1	3	4	5	4	7	3	4	5
334	7	.	6	6	6	.	5	3	8	3	4	7	6	3	5	2	5	.	2	4	.	4	3	4	6	5	7	4	3	7	8	6	.	6	6	12	4	6	5	5	3	7	7	5	9
335	5	2	5	4	.	.	2	1	3	5	3	5	.	2	6	6	4	7	5	3	6	6	4	9	5	3	7	6	3	7	5	2	6	5	.	9	3	3	5	3	1	5	3	3	5
336	-1	0	0	0	0	.	0	0	0	-3	.	0	.	2	1	.	1	2	0	0	1	1	1	2	0	.	0	2	0	4	.	1	1	3	3	4	1	1	1	5	1	6	.	1	3
337	4	0	2	4	2	.	4	1	3	1	0	3	3	.	.	3	2	4	4	3	2	2	1	1	2	2	3	1	3	4	3	2	5	2	1	3	.	0	2	3	3	4	3	2	4
338	6	3	6	1	0	1	3	2	2	4	3	6	3	2	1	6	.	.	4	2	0	2	2	2	0	2	.	7	4	8	6	.	3	.	3	3	4	3	3	2	2	3	2	2	1
339	2	2	6	4	3	4	8	.	7	6	5	8	5	3	6	5	4	6	5	5	8	5	3	5	5	4	6	4	2	4	5	5	7	6	6	9	3	3	5	4	.	6	2	2	3
340	.	2	6	4	3	7	.	.	6	4	3	8	4	3	.	5	2	5	3	0	2	3	2	0	.	5	10	.	2	4	4	4	4	4	3	5	4	.	4	4	3	7	6	3	.
341	.	1	4	3	3	1	4	4	6	5	3	6	2	2	0	4	3	4	4	4	5	5	3	4	2	2	3	5	3	9	.	.	5	4	4	5	7	4	.	3	3	4	1	2	4
342	6	4	5	3	5	4	4	.	4	2	4	6	1	3	6	3	4	7	6	6	7	4	3	7	.	6	6	6	4	8	7	5	9	6	3	7	6	4	6	4	3	4	5	4	4
343	3	5	7	7	5	9	.	4	5	8	6	8	4	4	6	4	3	5	9	5	11	.	4	6	6	5	6	6	3	8	8	6	10	7	6	11	6	6	7	9	6	9	3	3	2
344	3	3	6	5	3	8	5	2	6	4	4	5	3	3	4	3	4	5	4	5	8	3	.	5	.	5	9	5	4	5	4	2	4	6	4	8	3	4	6	6	4	8	0	2	4
345	5	3	5	4	2	.	7	3	8	5	4	7	5	3	5	4	2	3	3	4	6	.	3	.	2	1	1	4	4	8	6	4	7	5	3	3	8	4	.	5	4	5	4	3	5
346	3	2	5	1	2	1	1	1	2	-2	0	-3	1	0	.	0	1	3	2	2	3	1	0	4	2	.	2	2	2	4	0	0	3	0	0	1	.	0	2	0	1	1	-2	1	0
347	1	.	2	6	.	7	.	4	7	3	2	2	3	3	3	4	4	3	4	2	4	5	3	6	4	3	4	4	1	2	1	1	3	4	3	6	2	4	3	1	2	1	6	4	7
348	3	3	4	2	3	5	1	2	3	5	2	5	3	2	2	1	.	2	4	3	5	2	3	2	.	3	6	1	.	.	1	1	0	3	3	4	5	3	6	3	3	2	0	1	3
349	5	3	.	1	1	2	-1	2	1	2	.	1	2	.	6	1	0	1	3	3	3	4	3	2	2	2	5	5	4	7	2	3	6	5	3	.	1	2	3	4	3	4	0	2	3
350	3	4	5	6	4	7	6	3	9	3	3	6	.	3	6	2	2	1	4	2	3	3	.	.	2	2	4	3	3	5	2	2	3	1	2	3	5	.	4	5	3	.	3	3	2
351	8	5	9	4	5	8	.	5	10	6	4	7	6	5	8	4	5	9	6	4	7	5	5	9	3	5	4	2	2	5	6	4	.	.	6	7	2	3	3	2	3	2	4	5	6
352	2	0	0	.	.	2	.	1	3	0	2	1	1	1	2	2	1	2	3	0	4	-1	0	1	0	1	0	3	1	4	-2	0	-2	-2	0	-2	2	0	2	2	0	1	-1	0	2
353	5	3	7	3	4	.	5	2	4	4	3	5	.	2	3	3	.	4	1	2	1	0	2	3	4	3	4	2	2	5	3	2	3	.	3	6	5	3	5	1	2	2	5	3	4
354	3	3	2	4	2	4	3	4	4	2	2	6	6	5	6	5	3	8	4	4	5	6	4	9	4	4	6	5	3	7	7	5	7	2	3	5	3	4	6	7	5	7	4	3	5
355	.	4	4	1	2	4	2	.	.	5	3	7	2	.	3	1	2	4	.	3	8	0	1	.	2	1	0	2	1	2	.	2	2	2	2	4	.	3	9	0	0	0	2	3	5
356	2	3	6	6	3	8	4	2	5	5	4	6	4	2	4	4	3	2	4	.	5	3	2	4	3	4	5	5	3	5	4	4	6	4	3	5	.	4	8	1	3	2	4	.	8
357	6	5	7	5	4	7	3	.	.	3	3	7	3	3	3	2	3	3	.	5	5	4	3	7	.	2	2	5	4	6	4	5	7	1	2	.	7	5	9	6	4	7	2	2	3
358	.	2	3	5	4	5	4	.	3	1	1	3	4	3	3	7	5	10	.	3	7	5	.	6	2	2	7	3	2	5	.	1	4	2	3	5	.	2	6	7	4	8	4	2	5
359	0	0	.	0	0	1	.	0	0	0	0	1	0	0	-1	0	.	0	0	0	-2	-1	.	0	.	0	1	1	0	3	1	0	4	.	0	0	.	0	1	-1	0	1	2	0	2
360	11	.	11	5	4	7	10	7	11	7	5	8	8	6	8	6	5	8	9	4	8	11	6	14	6	6	9	5	5	4	9	.	11	8	6	7	6	6	6	5	6	8	6	6	7
361	2	1	2	4	3	6	3	3	5	6	.	.	4	2	.	2	1	2	4	3	5	1	2	2	3	2	1	2	3	4	3	2	.	5	3	6	2	2	6	3	3	7	2	2	4
362	3	3	5	.	5	5	3	4	5	7	6	6	8	5	.	6	3	4	5	4	6	.	3	8	6	5	8	1	1	5	3	4	3	5	3	7	5	.	7	1	3	1	1	.	5
363	2	2	4	5	5	.	7	5	10	4	4	5	2	2	2	5	.	4	2	3	7	3	5	.	6	3	6	5	4	7	4	4	6	3	3	5	4	4	8	6	5	7	5	5	7
364	7	.	8	4	5	5	3	4	5	7	4	8	2	2	.	8	5	9	6	5	6	5	5	.	5	4	8	.	2	3	4	3	7	7	3	9	4	3	6	7	.	8	3	3	2
365	5	4	6	3	3	5	5	3	6	5	4	6	7	.	9	5	3	6	4	3	8	8	5	7	4	.	4	6	4	4	.	3	4	5	5	9	2	3	4	5	5	5	7	4	6
366	4	3	6	3	3	3	1	1	1	6	3	9	2	2	5	3	5	4	3	0	1	0	2	5	4	4	7	4	2	4	5	3	3	5	3	6	2	1	0	3	2	7	4	3	6
367	7	5	.	4	3	5	6	4	7	5	4	5	7	6	14	5	6	8	3	2	1	4	3	6	4	4	7	5	4	7	2	2	3	.	3	5	3	4	5	5	3	7	5	3	7
368	0	1	2	2	2	3	3	3	5	2	1	5	0	1	0	4	2	2	1	2	1	1	.	2	1	2	4	4	2	.	4	3	4	1	0	1	1	2	3	1	2	2	3	2	3
369	8	6	10	3	4	.	5	3	5	6	3	6	3	3	.	7	5	9	3	5	2	4	2	5	6	4	8	5	.	5	5	4	8	5	4	6	8	5	9	.	.	6	5	4	.
370	2	3	.	3	1	1	2	2	0	3	1	4	2	4	2	.	3	5	3	1	2	7	.	5	3	3	3	1	.	0	3	2	1	3	3	4	6	5	7	1	2	2	4	4	5
371	9	6	10	7	6	10	5	5	7	6	7	10	5	.	8	6	5	6	7	4	10	6	.	.	10	6	10	7	6	7	7	4	10	6	7	7	9	6	13	9	8	12	.	5	.
372	2	1	3	1	1	-1	0	2	.	0	.	.	-1	0	.	3	2	3	0	.	.	0	1	1	2	2	4	5	2	4	.	0	0	1	1	2	.	2	2	3	0	.	1	1	1
373	.	3	4	5	3	8	3	3	4	6	4	7	0	1	1	7	4	6	0	1	0	4	4	5	5	4	5	2	2	4	.	3	3	3	3	.	0	3	3	3	3	5	3	3	4
374	5	4	6	2	3	4	6	4	6	4	.	5	8	4	9	3	3	4	5	3	6	.	2	5	.	3	1	3	2	4	6	.	7	0	2	0	7	4	9	3	4	4	6	5	6
375	6	3	7	5	.	6	5	3	6	1	2	3	1	3	3	5	5	7	5	4	7	4	3	6	3	3	4	4	3	4	1	2	0	1	2	1	4	3	3	3	3	2	3	4	2
376	3	3	6	.	1	5	.	1	1	0	1	1	1	.	2	6	3	5	3	2	3	1	3	4	1	1	1	2	3	3	.	0	0	5	4	8	3	1	5	3	4	8	2	1	3
377	7	3	9	0	2	1	4	2	4	2	4	3	6	2	5	0	1	0	5	2	5	2	0	2	1	3	2	0	2	.	0	0	2	2	2	0	0	.	.	3	0	.	4	2	8
378	6	4	5	1	1	0	4	4	.	5	4	8	5	4	7	6	.	7	4	3	7	0	0	0	.	5	.	4	3	.	3	3	1	4	2	3	2	.	5	4	3	.	4	4	4
379	3	0	6	2	3	2	0	2	4	4	1	3	4	3	.	4	3	7	5	.	7	0	1	.	.	4	6	0	1	3	.	5	5	5	3	5	2	2	1	3	3	6	6	3	5
380	0	1	2	.	0	0	2	2	2	4	2	4	1	0	2	4	2	6	3	1	0	-1	0	0	0	1	0	0	2	2	1	1	3	1	1	2	3	2	2	1	1	1	1	2	4
381	5	3	.	4	2	4	4	3	3	3	2	5	2	1	3	2	4	6	3	3	2	3	1	4	0	1	4	3	1	1	4	3	5	6	4	6	3	2	7	3	3	.	3	2	4
382	1	2	5	6	4	7	3	3	4	2	4	.	3	.	5	6	3	6	2	2	2	3	.	.	3	2	4	5	3	.	3	.	1	2	2	5	6	4	9	3	.	7	1	2	3
383	6	5	8	6	4	6	5	3	5	.	2	4	4	3	5	7	4	5	5	3	.	1	2	1	7	5	8	4	.	5	6	4	8	4	4	8	5	.	6	5	.	9	6	4	.
384	1	2	6	0	1	4	4	2	.	3	3	4	.	2	3	3	0	3	3	1	2	-1	0	2	2	2	5	0	0	0	2	.	4	1	1	1	3	4	3	1	3	2	4	2	6
385	3	2	4	4	4	9	3	3	.	6	5	5	3	3	3	4	5	5	3	3	.	4	2	.	.	3	6	0	1	0	.	5	2	3	3	4	.	4	8	5	2	6	4	.	2
386	.	5	10	8	5	11	7	4	10	4	4	7	9	5	10	9	5	10	6	5	8	3	3	6	5	4	6	5	.	7	2	4	4	6	3	7	7	5	9	6	4	7	6	4	9
387	7	4	8	3	.	3	6	4	6	6	4	8	2	3	2	2	1	2	7	3	7	3	3	.	8	5	9	.	3	5	3	3	6	2	2	.	3	.	.	4	.	5	8	5	11
388	0	0	2	.	1	6	2	3	4	1	1	2	3	1	2	0	0	1	3	1	.	0	2	2	-1	3	2	5	0	4	1	2	0	.	0	0	3	2	2	2	1	4	0	2	-1
389	1	.	2	5	2	7	1	3	2	4	3	5	.	2	3	1	0	0	2	3	4	0	1	0	.	3	3	.	2	4	4	3	6	4	2	4	2	3	3	3	3	7	7	5	7
390	5	4	7	4	.	4	2	3	2	3	3	2	3	3	3	4	3	4	3	3	3	3	5	5	3	3	6	4	1	5	3	2	3	3	2	5	3	4	5	4	4	3	2	2	.
391	4	3	7	7	2	8	0	1	1	5	3	6	4	2	5	2	3	.	.	2	.	4	3	7	4	1	.	1	1	3	4	.	3	.	3	.	2	2	4	2	1	.	.	2	1
392	2	2	1	0	0	1	1	0	-1	1	0	1	1	0	-1	.	.	1	3	1	1	-1	0	-1	1	0	0	-1	0	0	-1	1	.	3	1	6	2	2	.	1	1	3	1	0	2
393	6	4	8	5	4	3	2	2	4	.	.	0	4	5	7	5	4	.	3	2	4	.	5	9	4	.	4	5	5	7	7	6	6	7	.	9	5	5	.	4	6	4	4	3	6
394	3	2	4	4	1	4	3	2	.	5	1	7	2	2	1	1	2	1	3	2	4	.	3	0	4	3	5	3	2	2	0	1	-1	1	2	4	1	.	5	2	2	.	0	1	2
395	3	3	.	5	2	7	2	.	.	5	4	8	4	4	7	1	.	1	6	4	4	3	3	5	3	3	5	4	4	5	3	2	5	.	2	1	1	1	2	5	2	5	3	2	6
396	8	6	12	8	6	11	7	5	10	5	4	7	7	5	9	.	7	7	7	3	7	6	6	7	4	.	5	6	5	8	5	4	8	.	.	8	5	4	7	.	.	6	8	4	7
397	3	3	2	6	4	5	1	1	2	0	1	.	3	2	4	.	1	6	1	2	2	0	1	0	0	2	3	2	1	2	5	3	5	.	3	6	2	3	.	.	2	5	3	2	0
398	4	5	9	6	.	8	5	3	7	6	4	.	5	3	7	6	5	8	.	5	7	5	3	5	6	.	7	6	5	8	6	5	7	4	4	6	2	3	4	.	3	1	4	4	6
399	3	1	2	2	3	4	.	1	4	3	2	1	3	3	6	2	.	2	0	.	2	1	2	5	2	3	4	0	0	1	1	1	1	1	2	0	.	2	1	3	1	0	.	1	5
400	7	4	9	3	2	3	2	3	3	4	3	6	2	1	2	6	3	.	4	3	8	1	2	2	3	4	7	2	3	5	2	2	3	4	2	7	3	3	4	2	3	3	3	3	3
401	3	2	4	.	4	3	5	3	7	6	4	9	3	4	4	6	4	7	7	4	7	.	1	4	6	4	9	.	4	8	5	2	7	5	4	.	2	1	1	8	4	7	1	3	5
402	0	2	2	2	2	2	4	2	5	5	2	8	.	.	5	2	1	1	2	.	2	2	1	5	6	3	8	1	1	1	1	3	5	4	2	5	.	.	5	0	0	3	3	.	2
403	3	.	2	1	1	1	2	2	2	2	1	.	5	3	5	2	2	3	4	3	4	3	.	4	1	2	1	4	3	5	2	3	1	1	2	0	4	3	4	3	1	2	3	2	.
404	3	3	.	2	3	1	2	1	2	4	2	5	3	2	5	.	3	3	5	3	4	1	2	3	4	3	5	5	3	6	7	4	8	3	2	3	4	3	5	4	5	6	4	2	7
405	.	5	.	4	3	.	4	4	6	4	5	6	6	4	8	2	3	6	5	3	4	5	3	6	4	3	6	7	5	7	6	2	5	6	5	8	3	.	6	.	2	1	4	4	5
406	3	1	6	-1	1	1	2	2	0	0	1	0	1	2	3	3	1	5	1	1	1	.	2	4	2	2	3	.	2	6	3	1	2	4	2	4	2	2	2	2	1	2	.	.	3
407	4	3	4	1	1	4	3	3	3	1	3	4	4	3	3	4	3	5	4	.	3	3	1	.	3	0	1	5	4	8	3	3	3	5	4	6	1	3	4	3	3	4	.	2	1
408	6	4	6	3	2	4	6	5	9	6	3	.	6	.	9	5	4	6	4	4	4	2	3	3	4	.	4	4	4	.	5	.	5	3	3	7	6	5	7	3	3	3	6	3	.
409	5	3	5	.	1	4	2	3	3	0	2	2	2	.	6	.	2	0	3	2	3	0	2	0	2	2	5	2	1	4	.	1	4	4	2	.	0	1	.	3	0	4	3	1	.
410	4	3	3	2	4	6	3	4	3	7	2	10	5	3	4	4	4	5	3	4	7	.	4	7	6	4	6	3	3	.	1	3	.	.	.	6	1	.	2	4	4	2	4	5	6
411	3	3	4	2	3	6	5	4	8	6	5	6	1	3	5	6	4	6	6	4	4	.	4	8	.	5	10	3	4	4	4	3	4	2	3	3	1	3	6	3	3	7	1	3	1
412	3	3	6	2	3	5	6	5	8	5	5	6	4	3	5	2	2	3	6	5	.	3	3	5	4	3	4	.	3	0	6	3	9	3	4	5	2	1	3	5	.	6	6	5	7
413	6	3	4	4	4	5	6	4	8	3	3	4	4	3	5	.	5	5	3	.	0	7	4	8	4	2	3	4	3	.	6	3	4	4	.	4	6	4	6	5	4	6	3	4	8
414	0	3	4	6	3	6	3	3	2	4	2	4	2	2	1	4	4	7	1	3	0	3	3	3	3	3	1	1	3	3	4	3	6	3	2	5	4	2	4	4	2	4	4	3	6
415	5	3	4	6	.	6	0	.	1	0	2	3	.	1	3	.	1	2	6	4	8	0	1	-2	1	2	1	2	1	3	3	1	5	2	2	4	3	4	5	4	3	.	1	1	1
416	0	2	3	-2	-1	-1	1	1	2	0	0	.	1	0	1	0	0	.	2	1	0	1	0	0	0	0	-1	0	0	0	2	3	7	.	0	.	-1	0	.	0	0	-1	-1	0	0
417	4	2	5	2	3	3	6	5	7	4	5	6	.	4	7	5	4	8	4	2	4	2	.	2	3	3	5	2	3	.	4	3	9	4	3	3	5	5	5	0	1	1	5	4	.
418	1	2	2	4	4	.	5	3	4	3	2	5	7	4	8	4	4	6	3	3	3	6	4	10	5	3	6	4	3	6	5	4	9	3	2	2	5	4	3	5	3	6	0	0	0
419	1	4	5	4	3	5	6	4	.	7	5	7	5	4	5	3	2	6	4	4	6	.	3	5	1	4	4	0	0	2	4	3	4	5	3	6	5	4	5	2	3	2	4	3	4
420	4	3	5	3	3	5	5	3	.	2	2	4	.	3	3	.	1	1	4	2	6	.	2	5	.	.	7	3	3	4	0	1	2	3	2	3	1	2	4	1	3	3	3	1	.
421	6	5	7	6	.	7	6	5	8	3	4	4	6	3	4	9	7	12	6	.	.	4	4	6	.	6	9	9	4	7	4	4	.	4	6	8	9	8	13	6	5	.	7	4	.
422	4	3	.	4	5	7	5	3	6	5	3	7	4	2	4	0	1	2	4	3	6	2	.	5	2	3	7	4	4	2	0	1	3	5	3	4	8	4	7	5	2	2	3	2	4
423	2	4	5	3	1	5	2	.	6	.	3	4	2	3	3	4	3	7	4	3	5	.	4	5	7	4	7	4	2	4	5	5	6	1	2	2	4	2	2	3	0	1	4	3	6
424	4	2	5	5	4	6	4	4	7	6	4	4	.	5	.	8	5	8	6	5	.	3	4	5	3	4	3	3	4	3	5	3	7	5	6	6	4	5	7	6	5	9	4	4	6
425	5	3	5	3	1	.	2	2	.	3	2	4	2	.	4	3	3	3	3	.	.	7	3	6	0	3	2	.	3	6	1	2	2	5	3	7	1	2	2	2	1	4	3	4	6
426	3	3	5	.	3	9	.	3	4	4	.	4	4	3	4	2	3	3	3	2	7	2	.	4	4	4	.	4	1	4	4	2	5	4	3	3	4	3	4	.	4	6	.	2	3
427	10	5	10	5	5	7	8	6	9	7	.	11	8	7	.	9	6	.	10	7	10	9	5	10	8	5	8	5	.	7	4	4	4	6	5	5	6	7	.	7	.	6	.	5	.
428	2	1	6	8	5	9	3	.	5	6	.	6	3	3	5	3	3	4	6	5	9	6	2	6	3	3	4	2	1	2	4	2	4	4	4	7	2	2	3	4	3	6	2	4	8
429	3	4	3	5	3	2	5	4	6	6	5	6	.	4	5	6	.	8	6	5	7	4	4	4	.	7	7	3	4	7	7	6	7	5	2	.	7	5	8	5	5	8	.	2	.
430	0	0	.	2	2	2	3	2	2	3	2	4	4	2	5	0	0	1	1	1	0	0	0	0	2	1	5	.	0	1	1	1	2	2	2	1	2	0	2	1	0	1	2	2	7
431	3	0	3	4	4	7	3	3	6	7	4	9	.	3	3	5	3	4	.	2	3	0	3	4	3	2	4	0	2	.	3	3	3	5	4	3	3	3	3	0	1	0	5	.	5
432	3	4	5	4	3	4	6	3	6	4	3	3	.	5	6	3	.	6	2	3	2	5	.	.	7	3	6	4	3	4	5	4	6	2	3	5	3	4	6	7	.	11	6	4	5
433	4	3	6	5	3	8	2	4	.	1	1	4	4	3	8	3	2	8	.	3	3	6	5	9	7	4	7	6	4	7	4	4	5	2	3	4	5	.	4	0	.	3	3	.	4
434	-2	.	-1	2	2	.	3	1	3	.	1	1	2	1	3	0	-1	0	3	2	5	5	2	5	3	2	5	5	3	5	3	2	1	1	2	1	5	3	3	3	2	4	3	.	3
435	5	3	4	4	2	6	5	3	4	3	3	5	5	4	6	4	2	.	2	1	2	6	6	6	1	2	3	4	3	6	.	1	2	.	4	3	.	5	9	.	2	3	3	3	8
436	2	1	3	0	1	2	3	1	6	0	2	1	5	2	5	.	0	1	3	2	.	3	1	3	2	1	4	2	.	3	4	2	5	1	2	3	4	3	6	6	4	.	2	1	3
437	6	5	10	5	4	6	3	4	7	5	4	7	2	3	2	5	5	8	8	4	9	3	3	5	3	3	.	4	5	6	.	5	8	7	5	11	3	2	4	5	4	9	7	5	9
438	3	3	6	3	2	4	6	4	8	9	4	9	4	4	7	5	3	5	6	4	8	6	5	5	.	5	5	6	4	5	3	3	6	4	.	8	6	6	8	5	5	8	7	5	7
439	0	0	.	0	0	0	1	1	2	-2	.	-2	0	0	1	0	0	1	1	0	1	-2	0	0	-1	0	0	0	0	1	.	0	1	1	0	-1	-1	-1	.	2	.	1	0	1	1
440	5	3	3	4	4	5	4	4	6	5	4	5	8	5	7	6	5	9	3	3	5	7	5	.	2	.	6	8	7	.	4	4	6	5	5	10	3	4	5	7	5	5	5	5	7
441	2	.	2	0	0	0	0	3	0	0	1	0	4	3	.	2	2	5	4	3	5	.	2	1	1	.	4	2	1	1	2	1	2	1	0	3	2	2	2	1	1	0	2	3	4
442	7	6	7	5	3	4	5	.	7	4	5	5	3	4	6	5	5	3	.	3	7	3	3	8	5	3	5	6	5	7	4	5	6	4	4	.	5	2	6	5	5	.	.	2	2
443	4	3	6	3	1	4	.	4	.	2	2	.	4	5	7	3	3	6	5	3	6	8	4	7	7	.	9	4	4	5	.	3	1	6	5	10	2	2	5	3	3	4	2	4	4
444	0	1	2	2	1	1	0	1	3	4	.	5	3	1	3	3	.	4	5	.	6	4	2	4	0	0	0	4	4	5	3	2	3	5	4	6	2	3	2	4	2	.	.	3	4
445	4	4	7	0	2	1	1	3	4	2	3	.	5	2	5	0	1	4	3	2	9	2	2	3	0	2	3	3	.	4	2	3	6	.	.	2	4	2	4	1	2	2	5	3	6
446	2	3	3	3	3	4	.	4	8	5	3	6	0	3	6	6	3	7	.	2	3	7	4	6	4	.	6	3	3	2	4	3	6	5	.	7	2	.	4	.	2	1	.	2	2
447	3	.	6	5	4	7	6	4	9	6	4	7	5	3	6	2	2	5	5	2	5	5	.	7	.	2	5	4	.	7	6	4	.	4	5	6	5	4	.	3	4	6	2	2	.
448	6	4	6	3	3	4	5	5	6	4	3	8	.	4	4	5	4	10	8	5	9	.	4	6	5	4	9	3	3	5	3	.	6	.	5	6	4	4	8	6	3	7	4	3	.
449	0	.	1	0	0	1	1	0	1	-1	0	-1	2	0	3	0	1	.	2	0	2	2	1	3	1	0	1	.	1	3	1	1	2	4	0	4	3	2	2	.	1	1	0	1	1
450	1	2	2	3	1	4	2	.	6	.	2	5	2	1	.	3	3	5	2	2	2	0	0	0	.	2	4	0	1	0	1	0	3	1	1	0	1	2	6	2	2	3	1	1	0
451	6	4	9	.	4	7	6	.	9	9	.	6	4	5	8	.	4	7	.	.	4	6	5	6	7	5	9	8	.	10	6	4	9	5	6	8	7	5	8	5	5	7	5	5	7
452	4	3	5	7	2	7	6	.	7	5	3	6	5	4	8	5	6	11	7	5	11	.	3	4	5	5	8	5	4	4	8	5	.	.	4	9	9	5	9	4	.	3	5	4	7
453	6	5	8	4	2	4	3	2	5	5	4	7	3	3	5	5	5	6	4	2	5	2	3	6	2	2	2	3	3	7	6	5	10	2	2	3	6	4	6	4	4	5	3	.	6
454	3	3	5	3	3	4	3	3	5	7	4	8	5	4	5	5	3	5	.	3	8	7	4	6	2	4	5	6	4	4	.	2	.	4	.	7	8	5	.	4	3	.	3	4	.
455	6	5	10	6	4	9	8	4	11	6	4	6	6	4	7	6	5	10	4	3	6	5	.	8	5	.	6	9	5	10	8	5	8	8	5	9	3	4	5	4	3	5	5	4	4
456	-1	-1	-1	-4	0	-5	0	0	2	0	0	1	.	1	1	-1	0	-4	0	0	0	0	0	0	3	1	4	2	.	2	0	1	-2	-1	-1	0	-2	0	0	0	0	-3	0	0	1
457	4	5	7	5	5	7	4	4	.	5	4	5	6	.	7	6	.	4	6	4	9	3	3	5	3	4	6	4	.	7	7	5	10	7	5	8	2	3	1	1	5	5	3	3	4
458	4	3	6	1	.	2	4	3	4	4	2	1	1	2	2	1	1	2	.	3	6	4	3	3	5	2	3	.	4	1	3	2	6	2	2	2	2	1	3	3	2	6	1	.	3
459	.	2	2	7	4	9	4	3	4	7	4	8	4	4	3	4	3	7	5	4	.	3	3	5	2	2	.	8	6	9	3	3	5	5	4	7	2	.	1	5	3	6	3	2	4
460	2	3	.	3	1	1	4	3	.	3	3	4	.	2	1	2	2	5	4	4	5	.	3	.	3	3	7	4	3	3	4	4	6	3	2	4	.	1	5	6	4	6	6	5	11
461	6	4	6	5	4	9	3	3	6	7	4	7	5	5	5	7	3	7	5	.	5	5	4	7	8	7	10	5	3	6	6	4	7	3	3	2	4	4	6	7	5	11	5	.	7
462	3	1	6	2	2	.	4	3	5	3	3	.	4	4	.	3	1	5	2	2	2	1	1	3	3	2	4	1	1	4	2	1	.	4	3	5	4	4	5	6	3	8	1	1	3
463	7	5	8	4	.	3	.	3	7	3	2	4	7	5	11	4	3	5	5	3	4	7	3	6	.	6	10	.	.	4	5	4	6	.	4	5	7	3	8	5	5	10	.	5	4
464	4	1	.	5	.	5	4	1	2	6	4	7	.	3	5	1	.	2	0	2	3	4	3	10	2	3	.	0	.	1	1	1	.	.	2	2	3	2	5	1	2	3	4	3	9
465	4	3	5	5	3	6	2	2	3	5	2	5	0	1	2	1	1	4	0	2	5	4	2	4	1	2	3	1	2	5	3	.	1	5	4	6	1	1	2	.	2	3	2	1	2
466	7	6	10	8	4	8	6	4	9	5	.	8	4	3	.	8	5	7	6	4	8	4	4	4	.	4	5	5	4	4	8	5	8	2	.	4	4	4	5	3	4	6	5	3	6
467	5	4	5	5	.	7	5	4	7	5	5	8	.	4	8	2	3	5	5	2	7	5	4	8	5	3	5	1	4	4	4	4	.	5	.	8	.	4	4	2	2	0	4	.	5
468	6	4	.	4	5	7	6	5	8	8	5	10	4	4	5	6	4	6	3	6	7	9	6	9	4	3	5	4	4	6	7	5	9	7	5	6	6	5	6	5	5	5	3	3	3
469	6	2	5	1	3	6	5	5	.	5	4	4	5	4	7	3	4	7	5	4	6	0	3	2	3	3	7	.	4	9	3	3	8	3	5	6	2	2	1	4	2	5	5	4	5
470	6	6	9	.	.	10	.	5	6	6	6	.	4	3	5	.	2	2	5	5	9	4	3	7	3	2	5	6	4	5	4	3	7	5	4	4	6	4	.	2	1	.	6	.	7
471	6	5	6	6	5	9	5	5	8	8	4	.	5	4	9	5	6	6	10	7	11	6	7	9	4	4	6	6	5	8	6	5	8	6	.	.	6	5	10	6	6	9	8	7	12
472	3	2	4	5	4	4	1	3	4	4	3	3	4	2	2	4	3	4	5	2	.	1	1	3	1	3	3	1	.	4	3	3	.	1	2	5	4	3	4	7	4	9	2	3	4
473	1	.	1	3	3	3	1	1	2	.	0	0	.	3	5	2	2	6	0	1	0	4	1	7	3	1	4	4	4	7	0	1	2	2	2	6	4	0	3	0	0	0	1	0	0
474	3	3	8	3	4	6	1	2	2	.	3	4	1	0	-1	.	4	7	5	2	6	.	3	7	2	3	5	3	2	5	2	1	4	4	3	2	4	4	8	.	3	7	2	4	4
475	4	4	7	2	3	4	4	.	6	4	3	5	4	3	4	1	.	.	2	3	1	8	3	5	1	1	2	4	5	5	3	3	6	.	3	.	4	3	6	3	3	6	5	4	9
476	4	5	6	5	2	5	.	2	2	4	3	7	4	4	6	8	5	7	1	2	3	2	2	4	5	2	7	3	4	4	6	3	6	2	2	.	2	4	5	.	1	4	8	5	9
477	6	4	9	6	6	8	6	.	6	4	.	6	9	5	12	4	4	6	6	4	8	5	5	10	3	2	5	6	6	.	4	6	7	6	.	11	2	3	3	5	6	8	6	.	8
478	2	2	2	6	5	6	3	3	5	.	1	3	4	4	.	4	3	2	5	3	4	3	3	7	3	3	7	3	1	5	.	1	5	3	2	4	7	5	7	3	2	.	4	3	5
479	5	.	4	0	2	1	.	2	3	3	3	3	4	3	6	3	3	1	6	.	4	7	3	7	6	4	9	1	2	3	6	5	8	5	4	7	5	3	7	5	5	8	4	4	4
480	2	4	6	6	3	8	.	2	1	4	3	6	3	2	4	4	3	.	3	3	4	7	2	.	3	3	5	4	2	6	7	4	7	4	2	3	5	3	6	7	2	6	4	2	4
481	2	2	3	.	4	10	0	2	3	2	.	1	5	4	8	2	1	.	5	3	3	1	2	1	.	3	4	7	6	10	3	3	4	5	2	5	5	4	4	3	2	4	3	2	3
482	3	1	7	5	.	5	2	1	3	3	2	.	4	3	7	5	4	.	4	3	4	5	4	4	2	2	3	3	3	3	6	4	4	3	3	.	3	2	6	.	4	5	2	3	.
483	5	3	6	6	5	8	3	2	4	2	4	4	5	4	7	4	3	9	5	3	.	3	2	5	5	5	8	3	3	3	5	4	5	7	5	9	8	5	9	7	.	.	8	4	9
484	3	3	3	2	3	3	2	2	3	4	3	.	0	1	0	5	4	6	5	3	5	6	4	8	4	3	6	1	.	0	5	4	6	6	4	8	3	4	3	3	2	3	5	4	6
485	.	4	.	.	3	7	5	3	9	9	5	8	4	5	.	.	7	10	4	4	6	4	3	5	.	3	6	4	4	7	6	4	9	5	4	6	5	4	6	6	5	.	2	.	5
486	.	4	3	4	2	5	4	4	6	.	3	4	.	3	3	4	3	7	7	4	6	6	4	7	4	3	5	3	3	2	4	4	6	.	4	6	4	4	.	5	4	5	7	5	7
487	2	3	5	6	5	8	5	5	8	9	4	6	8	4	7	5	.	.	3	3	4	6	4	7	2	3	5	5	3	4	8	4	8	5	.	8	5	.	8	4	5	7	7	5	11
488	4	3	5	2	0	1	4	2	5	4	3	4	.	2	3	2	2	4	4	1	.	5	.	5	5	3	3	7	3	.	1	.	2	4	1	.	4	4	.	2	3	3	6	3	7
489	.	6	5	5	5	8	5	4	6	5	5	.	5	5	8	5	5	9	7	5	11	4	4	9	6	4	.	.	5	6	5	5	.	6	5	7	6	5	8	3	4	6	5	3	5
490	4	2	3	.	2	.	4	4	6	1	2	3	4	2	5	3	3	.	.	3	2	.	3	5	3	3	.	6	4	9	1	2	1	0	0	1	.	4	6	3	2	4	4	4	7
491	2	.	4	7	4	6	5	4	9	3	3	6	7	3	.	4	3	9	6	5	8	1	2	4	2	4	4	2	4	2	4	2	5	5	3	3	7	3	6	.	3	4	3	3	2
492	7	5	8	3	.	1	7	5	10	5	.	6	4	3	7	3	3	6	.	4	9	7	5	9	7	5	.	4	5	6	7	5	.	6	.	6	7	6	6	5	5	7	10	6	11
493	.	3	4	7	5	8	9	6	12	3	4	8	1	3	.	.	3	.	6	5	7	7	5	9	6	3	10	4	5	5	2	3	.	3	5	6	4	5	9	4	5	7	.	4	6
494	0	.	1	2	2	.	3	1	2	1	0	0	0	1	2	3	3	2	3	1	3	0	0	0	1	1	2	2	2	4	4	2	3	0	.	2	4	2	3	2	1	6	0	1	.
495	3	2	7	4	.	6	0	2	1	3	2	5	-2	0	-3	-1	0	0	.	.	6	-1	0	-1	2	2	1	0	1	3	0	2	2	1	1	.	2	1	3	2	2	4	2	2	5
496	0	1	2	4	2	.	0	1	0	2	1	3	0	0	-3	1	3	3	0	1	2	3	3	.	1	2	0	1	0	0	.	1	2	2	2	3	0	2	1	2	1	1	2	3	4
497	5	4	8	1	0	0	2	2	2	5	3	7	3	3	5	2	2	5	6	4	7	2	3	1	3	2	6	3	.	5	4	3	9	6	5	7	4	3	6	5	4	6	6	5	6
498	3	4	4	5	3	.	4	.	.	4	3	5	6	4	7	2	1	3	4	3	.	2	3	4	4	5	6	5	3	9	6	5	8	.	3	2	4	3	5	4	4	4	5	4	5
499	4	3	2	5	4	4	6	4	8	5	4	6	.	5	9	.	4	6	4	4	5	3	2	5	5	4	6	2	1	3	2	2	1	3	3	6	2	2	1	4	3	4	3	4	2
500	5	4	5	4	2	2	7	4	8	1	4	2	4	4	6	.	4	.	8	5	.	6	6	9	3	2	2	.	.	.	3	3	1	4	4	5	5	2	4	5	3	7	4	5	8
