1	1	2	1	3	3
1	2	1	1	4	1
1	3	3	2	4	5
1	4	3	3	5	4
1	5	3	0	1	1
2	1	3	3	4	4
2	2	3	4	2	5
2	3	0	1	0	1
2	4	4	3	6	3
2	5	3	3	3	4
3	1	7	5	7	5
3	2	6	4	8	6
3	3	5	4	10	6
3	4	7	5	10	6
3	5	5	4	6	4
4	1	4	3	3	2
4	2	4	3	2	4
4	3	5	4	7	5
4	4	2	3	4	3
4	5	3	4	6	4
5	1	6	4	5	4
5	2	3	4	7	4
5	3	4	2	3	2
5	4	3	3	6	4
5	5	3	4	7	6
6	1	6	4	9	5
6	2	6	5	10	8
6	3	4	5	7	4
6	4	7	4	8	5
6	5	6	5	6	5
7	1	4	4	5	6
7	2	2	2	4	3
7	3	2	2	2	2
7	4	3	2	6	4
7	5	8	5	9	7
8	1	3	2	5	4
8	2	2	3	4	3
8	3	2	2	4	3
8	4	2	2	1	2
8	5	1	2	2	2
9	1	2	2	4	3
9	2	2	3	3	3
9	3	4	3	4	3
9	4	2	1	0	1
9	5	5	3	6	4
10	1	3	3	5	4
10	2	1	2	4	2
10	3	4	3	6	4
10	4	6	4	5	7
10	5	0	3	2	2
11	1	6	6	7	8
11	2	5	4	4	6
11	3	7	4	7	7
11	4	4	5	8	6
11	5	8	6	10	7
12	1	2	3	3	1
12	2	5	2	7	3
12	3	5	2	4	3
12	4	2	4	7	4
12	5	3	2	3	5
13	1	3	5	3	2
13	2	3	3	5	5
13	3	2	3	3	1
13	4	6	3	7	8
13	5	5	4	4	3
14	1	1	4	5	2
14	2	6	3	7	5
14	3	5	4	4	6
14	4	4	2	2	4
14	5	4	2	4	5
15	1	3	2	4	4
15	2	2	1	0	3
15	3	1	3	3	2
15	4	4	3	5	2
15	5	2	2	5	4
16	1	9	6	11	9
16	2	6	6	9	7
16	3	6	4	9	5
16	4	4	4	4	5
16	5	6	4	8	6
17	1	5	4	5	5
17	2	5	4	8	6
17	3	3	2	4	3
17	4	6	4	5	5
17	5	2	1	4	4
18	1	1	1	0	2
18	2	0	1	1	2
18	3	0	0	1	0
18	4	0	2	1	2
18	5	0	0	-2	0
19	1	0	3	0	1
19	2	5	3	6	4
19	3	4	3	8	6
19	4	3	5	5	4
19	5	4	5	10	4
20	1	2	2	3	2
20	2	2	3	1	4
20	3	0	1	1	1
20	4	6	4	6	4
20	5	7	5	8	5
21	1	5	1	4	4
21	2	0	1	2	2
21	3	3	1	3	2
21	4	0	1	1	1
21	5	3	1	2	4
22	1	4	2	3	2
22	2	2	1	1	3
22	3	1	1	2	1
22	4	3	1	3	4
22	5	2	3	4	1
23	1	2	1	4	4
23	2	0	1	0	1
23	3	4	4	6	4
23	4	2	1	4	3
23	5	4	1	6	3
24	1	-1	0	-2	0
24	2	1	1	0	3
24	3	0	2	3	2
24	4	0	1	0	2
24	5	5	2	8	4
25	1	0	1	0	2
25	2	4	3	5	3
25	3	4	2	6	2
25	4	1	3	5	3
25	5	2	2	0	2
26	1	3	3	2	3
26	2	1	1	2	3
26	3	0	1	1	0
26	4	0	0	1	1
26	5	4	2	8	4
27	1	3	3	4	4
27	2	2	3	2	2
27	3	4	3	7	6
27	4	5	5	8	5
27	5	2	2	1	4
28	1	0	1	0	2
28	2	3	4	7	3
28	3	5	4	8	5
28	4	4	4	4	4
28	5	3	3	5	2
29	1	0	1	2	1
29	2	2	3	2	1
29	3	3	2	3	1
29	4	1	3	5	2
29	5	0	0	2	3
30	1	9	5	9	6
30	2	4	4	7	4
30	3	5	4	7	4
30	4	6	5	6	6
30	5	7	5	9	7
31	1	1	2	0	3
31	2	4	4	5	5
31	3	5	4	6	5
31	4	2	3	2	2
31	5	4	3	6	5
32	1	1	1	7	2
32	2	6	4	5	4
32	3	4	3	4	5
32	4	3	4	5	4
32	5	4	2	4	4
33	1	6	5	12	6
33	2	7	5	9	7
33	3	8	7	10	6
33	4	4	5	6	5
33	5	1	3	3	3
34	1	4	4	6	4
34	2	4	5	7	5
34	3	4	4	6	3
34	4	6	3	5	6
34	5	5	5	7	6
35	1	4	4	5	3
35	2	2	3	7	4
35	3	5	6	7	4
35	4	5	4	5	5
35	5	4	4	5	4
36	1	1	3	3	3
36	2	3	3	5	3
36	3	3	3	3	3
36	4	5	1	5	3
36	5	6	3	4	5
37	1	6	4	7	5
37	2	6	5	8	6
37	3	5	3	5	4
37	4	3	3	3	4
37	5	3	4	4	3
38	1	3	2	3	4
38	2	2	2	4	3
38	3	2	3	4	2
38	4	5	2	4	4
38	5	0	1	2	1
39	1	2	1	4	2
39	2	4	4	7	4
39	3	5	4	6	5
39	4	3	1	3	1
39	5	1	2	0	3
40	1	6	4	9	6
40	2	4	2	3	3
40	3	3	3	3	3
40	4	3	3	5	2
40	5	1	1	2	3
41	1	1	1	2	4
41	2	0	1	0	0
41	3	1	1	1	1
41	4	4	2	2	3
41	5	-1	2	2	2
42	1	4	3	6	2
42	2	3	3	5	6
42	3	4	1	1	2
42	4	3	3	6	3
42	5	5	3	6	4
43	1	4	2	2	3
43	2	2	2	2	1
43	3	2	1	2	2
43	4	4	2	2	3
43	5	5	2	5	5
44	1	8	5	11	7
44	2	10	6	11	7
44	3	7	6	8	8
44	4	8	5	8	8
44	5	8	5	8	6
45	1	4	4	5	6
45	2	3	3	3	2
45	3	6	4	9	5
45	4	3	3	3	4
45	5	5	4	6	5
46	1	2	1	2	1
46	2	5	3	5	2
46	3	2	2	3	3
46	4	1	2	5	0
46	5	5	3	4	4
47	1	5	4	6	4
47	2	5	4	8	4
47	3	0	1	3	1
47	4	5	4	8	6
47	5	3	1	4	3
48	1	3	3	6	3
48	2	3	4	6	5
48	3	2	4	5	3
48	4	4	3	3	3
48	5	4	4	5	5
49	1	6	4	9	5
49	2	5	3	6	6
49	3	8	5	11	7
49	4	4	4	6	6
49	5	2	4	9	5
50	1	2	1	2	3
50	2	8	4	10	8
50	3	3	3	4	3
50	4	5	5	8	4
50	5	5	3	5	5
51	1	7	5	8	6
51	2	4	3	5	3
51	3	5	4	6	5
51	4	5	3	2	4
51	5	3	3	5	3
52	1	5	3	5	4
52	2	6	4	8	4
52	3	4	3	6	4
52	4	0	1	2	0
52	5	3	1	6	4
53	1	3	3	5	5
53	2	5	4	5	3
53	3	5	2	5	4
53	4	1	0	4	2
53	5	3	3	3	5
54	1	7	5	9	7
54	2	9	6	9	7
54	3	4	4	7	7
54	4	5	5	7	5
54	5	6	6	8	6
55	1	0	2	2	1
55	2	2	3	4	4
55	3	3	2	5	4
55	4	0	1	1	2
55	5	3	3	5	5
56	1	8	4	10	7
56	2	7	3	8	5
56	3	5	5	7	5
56	4	5	5	6	9
56	5	4	4	9	5
57	1	0	2	6	3
57	2	1	3	5	4
57	3	1	2	2	1
57	4	0	0	0	1
57	5	-1	0	1	1
58	1	5	3	6	4
58	2	7	3	9	5
58	3	4	1	2	2
58	4	2	3	4	3
58	5	3	3	7	3
59	1	3	2	6	5
59	2	1	3	3	3
59	3	4	4	7	4
59	4	5	3	4	6
59	5	4	3	3	2
60	1	6	4	6	5
60	2	4	3	6	4
60	3	2	3	5	3
60	4	4	3	7	4
60	5	5	4	5	4
61	1	4	4	6	4
61	2	5	3	4	3
61	3	6	5	7	6
61	4	5	5	8	6
61	5	3	4	8	5
62	1	3	3	6	4
62	2	4	2	6	5
62	3	6	4	9	8
62	4	3	4	7	3
62	5	4	2	2	1
63	1	0	1	0	1
63	2	0	1	3	1
63	3	3	2	4	4
63	4	4	3	5	2
63	5	3	3	6	4
64	1	4	2	4	2
64	2	1	3	4	4
64	3	3	1	6	3
64	4	1	1	0	2
64	5	1	1	2	0
65	1	0	1	0	1
65	2	2	2	5	3
65	3	0	3	2	3
65	4	3	1	5	4
65	5	1	2	3	4
66	1	3	2	6	4
66	2	5	4	5	3
66	3	1	2	3	1
66	4	3	3	2	5
66	5	2	2	2	3
67	1	6	4	9	5
67	2	2	2	3	4
67	3	6	3	6	4
67	4	8	4	8	6
67	5	6	3	5	3
68	1	3	4	5	2
68	2	2	2	4	2
68	3	2	3	1	2
68	4	4	2	4	4
68	5	4	4	4	5
69	1	3	4	7	4
69	2	9	6	13	9
69	3	5	4	4	4
69	4	5	4	5	5
69	5	6	3	7	5
70	1	7	4	6	7
70	2	6	5	8	6
70	3	8	6	10	6
70	4	10	5	9	9
70	5	7	6	8	7
71	1	4	3	5	4
71	2	4	1	5	5
71	3	5	4	6	4
71	4	1	2	1	2
71	5	5	3	7	6
72	1	0	0	1	0
72	2	-2	0	-1	0
72	3	0	0	1	1
72	4	0	0	2	2
72	5	2	1	4	2
73	1	5	7	6	6
73	2	5	5	8	5
73	3	3	4	5	3
73	4	4	3	7	5
73	5	4	4	4	4
74	1	7	3	7	6
74	2	-1	1	1	0
74	3	5	3	5	4
74	4	3	3	4	2
74	5	4	3	5	4
75	1	1	1	2	1
75	2	2	2	4	3
75	3	1	2	3	2
75	4	5	2	6	3
75	5	4	2	6	3
76	1	7	5	8	8
76	2	7	4	8	5
76	3	8	5	10	8
76	4	8	5	6	6
76	5	6	5	8	5
77	1	5	4	5	2
77	2	1	2	1	2
77	3	3	3	4	3
77	4	4	3	8	6
77	5	4	3	6	5
78	1	3	3	3	2
78	2	1	0	4	3
78	3	1	2	1	0
78	4	1	1	2	2
78	5	3	2	4	3
79	1	1	1	4	4
79	2	4	4	7	5
79	3	4	3	3	3
79	4	7	4	8	6
79	5	3	2	5	3
80	1	1	3	4	4
80	2	3	2	6	4
80	3	3	2	3	3
80	4	4	3	6	5
80	5	3	2	5	5
81	1	2	2	3	3
81	2	3	3	2	1
81	3	4	3	7	4
81	4	6	5	6	8
81	5	5	4	9	4
82	1	3	2	4	3
82	2	4	4	5	6
82	3	4	2	4	4
82	4	3	3	3	5
82	5	5	3	6	5
83	1	8	4	9	6
83	2	2	2	1	2
83	3	4	3	4	4
83	4	0	2	0	0
83	5	4	3	6	2
84	1	6	4	8	6
84	2	5	5	9	4
84	3	2	2	5	2
84	4	5	5	8	5
84	5	7	6	7	9
85	1	4	3	5	1
85	2	1	3	2	4
85	3	4	3	8	3
85	4	4	4	7	2
85	5	4	2	4	3
86	1	6	4	7	6
86	2	2	3	7	4
86	3	4	3	4	4
86	4	4	4	13	7
86	5	5	2	8	4
87	1	7	4	8	4
87	2	5	4	4	4
87	3	2	6	9	6
87	4	5	5	6	5
87	5	5	3	8	4
88	1	3	4	4	3
88	2	1	3	5	4
88	3	3	3	3	4
88	4	3	4	4	2
88	5	6	6	8	4
89	1	4	3	8	4
89	2	2	2	4	1
89	3	1	2	0	2
89	4	2	3	1	2
89	5	2	3	2	4
90	1	6	5	7	5
90	2	4	4	6	6
90	3	9	5	10	5
90	4	4	4	5	4
90	5	3	2	2	5
91	1	6	5	7	5
91	2	5	4	4	4
91	3	6	5	7	6
91	4	5	4	7	5
91	5	7	3	5	8
92	1	1	2	3	3
92	2	6	4	8	4
92	3	6	4	8	5
92	4	2	3	1	3
92	5	6	4	7	7
93	1	6	4	4	6
93	2	8	4	9	6
93	3	3	3	8	2
93	4	5	3	6	5
93	5	2	4	5	4
94	1	5	2	3	5
94	2	0	1	0	1
94	3	0	2	0	2
94	4	3	2	4	3
94	5	1	2	2	2
95	1	5	4	5	5
95	2	3	4	2	4
95	3	3	2	6	4
95	4	6	4	4	4
95	5	5	6	8	7
96	1	1	2	0	1
96	2	3	2	3	0
96	3	2	1	4	2
96	4	2	3	3	2
96	5	5	2	5	3
97	1	8	8	13	10
97	2	4	3	7	4
97	3	5	5	7	6
97	4	6	6	7	6
97	5	8	7	13	8
98	1	5	4	7	4
98	2	5	5	8	7
98	3	7	4	9	9
98	4	5	4	5	4
98	5	8	6	9	8
99	1	2	4	8	5
99	2	1	1	3	3
99	3	5	3	5	4
99	4	5	3	6	2
99	5	2	5	7	3
100	1	2	3	2	1
100	2	3	1	5	3
100	3	0	1	0	0
100	4	0	2	3	3
100	5	4	2	2	1
101	1	3	1	2	2
101	2	0	2	2	1
101	3	1	2	3	3
101	4	2	2	2	2
101	5	0	1	0	1
102	1	5	3	8	5
102	2	5	3	6	5
102	3	7	6	9	6
102	4	4	3	7	4
102	5	5	2	4	2
103	1	7	5	10	6
103	2	7	4	8	6
103	3	1	2	4	2
103	4	4	3	4	4
103	5	1	3	3	4
104	1	4	3	5	4
104	2	4	2	5	4
104	3	2	1	0	2
104	4	3	2	4	5
104	5	6	4	8	6
105	1	0	3	5	3
105	2	2	2	5	4
105	3	3	3	8	4
105	4	5	3	6	3
105	5	0	0	1	1
106	1	2	4	5	4
106	2	6	4	8	6
106	3	4	3	6	5
106	4	3	3	3	5
106	5	5	3	7	4
107	1	3	1	1	1
107	2	3	2	5	3
107	3	2	2	0	1
107	4	0	1	-1	2
107	5	5	3	5	6
108	1	0	0	-1	1
108	2	1	1	2	1
108	3	2	1	3	4
108	4	0	1	1	1
108	5	4	2	5	4
109	1	2	3	1	3
109	2	5	2	4	5
109	3	2	4	4	4
109	4	2	2	5	2
109	5	4	2	4	3
110	1	4	3	5	5
110	2	5	3	3	3
110	3	6	5	4	5
110	4	8	5	10	7
110	5	3	4	7	3
111	1	4	3	6	3
111	2	3	2	4	4
111	3	3	2	5	4
111	4	1	2	4	3
111	5	3	2	5	4
112	1	5	3	7	5
112	2	3	3	4	4
112	3	3	3	7	4
112	4	4	5	7	5
112	5	5	4	8	4
113	1	2	2	3	3
113	2	0	0	0	0
113	3	4	3	4	2
113	4	2	3	4	2
113	5	1	0	1	0
114	1	3	2	5	5
114	2	1	1	4	3
114	3	5	3	6	5
114	4	4	2	5	3
114	5	7	3	8	4
115	1	5	4	8	5
115	2	2	3	5	5
115	3	3	3	1	4
115	4	4	4	5	3
115	5	7	5	6	3
116	1	5	1	3	3
116	2	4	3	6	4
116	3	2	3	7	4
116	4	4	4	8	3
116	5	5	2	5	2
117	1	5	4	8	7
117	2	3	4	7	4
117	3	6	3	6	4
117	4	3	3	4	2
117	5	5	2	5	4
118	1	0	3	3	2
118	2	1	0	5	2
118	3	5	4	3	3
118	4	4	3	4	2
118	5	0	1	2	2
119	1	4	3	7	4
119	2	0	1	0	0
119	3	3	2	3	2
119	4	3	3	4	4
119	5	2	2	1	1
120	1	4	2	2	3
120	2	3	1	4	4
120	3	4	3	5	5
120	4	3	2	4	3
120	5	2	2	3	2
121	1	5	3	6	5
121	2	6	3	9	4
121	3	3	1	4	3
121	4	1	1	2	3
121	5	5	2	4	3
122	1	3	2	1	3
122	2	1	0	0	2
122	3	0	3	4	3
122	4	2	0	2	2
122	5	2	2	3	2
123	1	2	3	2	3
123	2	6	3	5	5
123	3	4	4	7	4
123	4	0	1	2	2
123	5	4	2	7	5
124	1	3	4	3	5
124	2	4	2	4	3
124	3	4	2	5	3
124	4	6	3	6	5
124	5	0	1	0	2
125	1	5	3	8	6
125	2	4	3	6	4
125	3	8	5	11	8
125	4	6	5	5	7
125	5	6	4	6	5
126	1	7	5	9	6
126	2	3	2	5	2
126	3	0	1	3	1
126	4	3	1	5	3
126	5	0	1	2	0
127	1	6	4	4	6
127	2	5	3	6	4
127	3	2	3	7	4
127	4	3	1	2	2
127	5	2	2	1	3
128	1	2	0	4	3
128	2	3	4	4	3
128	3	6	4	6	7
128	4	5	5	9	4
128	5	4	3	3	4
129	1	1	3	5	2
129	2	3	1	3	3
129	3	1	2	5	2
129	4	3	2	4	3
129	5	4	3	4	2
130	1	0	1	4	3
130	2	3	4	5	2
130	3	5	4	8	4
130	4	3	2	4	2
130	5	4	2	8	5
131	1	6	3	6	6
131	2	5	3	4	3
131	3	7	4	11	6
131	4	6	5	6	5
131	5	7	6	12	6
132	1	4	4	7	5
132	2	3	2	4	3
132	3	5	4	6	4
132	4	2	4	3	4
132	5	4	4	4	3
133	1	3	5	5	5
133	2	2	3	3	5
133	3	4	1	5	4
133	4	4	3	4	2
133	5	4	3	3	3
134	1	1	0	0	2
134	2	4	3	5	3
134	3	5	2	4	6
134	4	0	1	2	2
134	5	4	4	6	5
135	1	0	0	2	2
135	2	3	1	3	4
135	3	0	0	0	0
135	4	2	1	2	3
135	5	2	1	0	2
136	1	7	5	7	7
136	2	4	5	5	5
136	3	4	3	5	3
136	4	3	3	3	3
136	5	4	3	7	5
137	1	1	2	2	3
137	2	0	1	1	1
137	3	0	0	1	3
137	4	0	1	1	2
137	5	4	3	4	3
138	1	6	4	9	5
138	2	3	2	5	3
138	3	3	4	5	6
138	4	7	6	7	7
138	5	1	2	2	3
139	1	6	6	8	4
139	2	9	6	11	8
139	3	10	6	13	7
139	4	6	5	9	7
139	5	5	5	5	6
140	1	4	2	2	1
140	2	2	1	0	2
140	3	4	3	3	5
140	4	0	1	0	2
140	5	3	2	3	2
141	1	4	5	6	5
141	2	3	3	5	5
141	3	7	4	5	6
141	4	3	3	3	5
141	5	5	3	9	6
142	1	5	3	6	6
142	2	2	2	3	1
142	3	4	3	7	5
142	4	2	2	3	3
142	5	4	2	6	5
143	1	2	1	3	1
143	2	2	2	4	1
143	3	1	1	4	2
143	4	1	0	2	1
143	5	0	1	2	1
144	1	2	1	2	4
144	2	-2	0	0	0
144	3	0	0	0	0
144	4	0	1	1	-1
144	5	-1	1	1	0
145	1	2	2	4	3
145	2	0	0	-1	1
145	3	0	-1	0	0
145	4	0	1	2	1
145	5	2	1	1	1
146	1	4	3	5	5
146	2	0	1	2	1
146	3	4	4	4	6
146	4	3	2	2	3
146	5	3	2	4	5
147	1	0	2	1	1
147	2	4	3	4	4
147	3	1	1	0	0
147	4	-2	0	0	1
147	5	1	2	1	2
148	1	3	3	2	2
148	2	5	4	2	3
148	3	3	3	6	4
148	4	5	5	6	5
148	5	5	4	9	7
149	1	6	6	7	6
149	2	8	6	10	6
149	3	8	7	11	8
149	4	4	6	7	5
149	5	6	6	8	6
150	1	2	2	6	2
150	2	2	1	3	3
150	3	3	2	3	2
150	4	4	3	5	4
150	5	3	1	2	3
151	1	5	4	8	6
151	2	7	4	5	5
151	3	6	3	5	5
151	4	5	5	8	6
151	5	6	4	7	5
152	1	4	3	7	3
152	2	4	2	5	5
152	3	4	5	9	7
152	4	6	4	6	5
152	5	3	5	6	2
153	1	3	3	9	5
153	2	6	4	7	5
153	3	2	3	4	5
153	4	3	3	4	4
153	5	3	3	5	3
154	1	2	3	5	3
154	2	2	1	4	3
154	3	5	2	6	3
154	4	2	2	1	3
154	5	3	1	4	4
155	1	5	3	3	5
155	2	4	3	4	4
155	3	4	4	8	5
155	4	2	3	6	3
155	5	4	2	3	4
156	1	2	4	6	3
156	2	4	3	4	3
156	3	4	4	6	4
156	4	3	2	5	2
156	5	4	4	4	5
157	1	3	4	6	5
157	2	3	4	6	4
157	3	3	3	4	5
157	4	2	2	2	2
157	5	0	3	3	3
158	1	2	1	3	3
158	2	3	2	3	3
158	3	0	2	2	1
158	4	0	1	1	1
158	5	3	2	4	3
159	1	4	5	8	6
159	2	7	5	8	6
159	3	7	5	6	6
159	4	6	6	9	7
159	5	4	3	6	6
160	1	2	1	4	3
160	2	3	3	5	3
160	3	2	2	2	2
160	4	2	4	5	3
160	5	4	3	7	5
161	1	5	4	5	5
161	2	5	3	6	4
161	3	4	3	7	4
161	4	5	3	7	5
161	5	5	6	7	6
162	1	4	1	5	1
162	2	0	1	1	1
162	3	2	3	4	3
162	4	1	1	2	1
162	5	2	2	6	3
163	1	4	2	7	3
163	2	0	1	3	3
163	3	3	2	4	3
163	4	0	0	1	1
163	5	2	2	2	1
164	1	8	6	10	9
164	2	7	5	10	8
164	3	4	6	8	6
164	4	9	8	14	9
164	5	8	6	10	7
165	1	3	2	3	3
165	2	0	2	0	0
165	3	6	3	7	5
165	4	8	5	10	8
165	5	3	2	5	4
166	1	5	3	7	7
166	2	7	4	7	6
166	3	4	1	4	3
166	4	4	3	3	3
166	5	1	2	3	3
167	1	4	3	5	3
167	2	6	4	5	6
167	3	3	3	6	6
167	4	4	4	7	3
167	5	6	5	6	4
168	1	0	2	2	2
168	2	5	2	4	4
168	3	0	1	0	2
168	4	3	1	5	4
168	5	1	2	4	3
169	1	5	4	5	3
169	2	5	5	9	7
169	3	3	3	7	3
169	4	4	3	4	4
169	5	2	2	2	3
170	1	3	2	3	1
170	2	4	2	2	1
170	3	7	3	6	4
170	4	5	2	4	5
170	5	4	3	6	4
171	1	2	3	4	3
171	2	2	3	2	1
171	3	3	1	3	0
171	4	6	4	5	6
171	5	5	3	6	5
172	1	7	4	8	6
172	2	5	3	6	3
172	3	2	2	0	3
172	4	3	3	6	3
172	5	5	3	5	5
173	1	6	4	9	7
173	2	3	4	5	4
173	3	5	4	6	6
173	4	3	3	6	5
173	5	3	1	0	3
174	1	5	6	12	7
174	2	8	6	11	8
174	3	7	6	11	8
174	4	8	6	8	7
174	5	7	5	8	8
175	1	3	2	4	3
175	2	0	1	2	2
175	3	6	2	7	3
175	4	1	0	0	1
175	5	2	0	0	1
176	1	4	1	3	4
176	2	0	2	3	1
176	3	1	2	0	1
176	4	0	1	3	2
176	5	2	2	3	3
177	1	4	4	4	4
177	2	3	2	4	4
177	3	4	2	6	3
177	4	3	1	5	7
177	5	5	4	3	4
178	1	1	2	1	2
178	2	5	3	7	3
178	3	2	4	5	5
178	4	5	4	8	5
178	5	2	2	2	2
179	1	4	4	5	3
179	2	1	4	3	1
179	3	5	5	8	7
179	4	7	5	6	5
179	5	6	3	7	5
180	1	1	1	3	2
180	2	4	3	4	3
180	3	3	3	8	4
180	4	4	3	4	2
180	5	2	1	2	2
181	1	0	0	0	0
181	2	1	1	2	2
181	3	4	1	3	3
181	4	2	2	0	2
181	5	2	2	3	4
182	1	8	3	7	4
182	2	6	5	7	6
182	3	8	5	12	7
182	4	4	3	4	4
182	5	5	3	7	4
183	1	2	3	2	3
183	2	5	4	3	3
183	3	3	1	3	2
183	4	3	4	6	4
183	5	3	4	7	4
184	1	4	1	5	2
184	2	2	3	1	3
184	3	0	2	4	2
184	4	3	3	4	3
184	5	4	4	4	2
185	1	2	3	4	5
185	2	4	3	5	6
185	3	5	2	4	4
185	4	4	3	6	4
185	5	3	3	4	2
186	1	7	5	5	6
186	2	4	4	7	2
186	3	5	3	8	5
186	4	4	3	4	2
186	5	2	3	2	2
187	1	7	5	9	8
187	2	3	3	6	3
187	3	6	4	6	5
187	4	6	4	8	5
187	5	0	2	0	2
188	1	4	3	5	5
188	2	2	1	2	1
188	3	4	3	4	5
188	4	1	2	3	5
188	5	4	3	3	4
189	1	4	4	5	4
189	2	8	6	9	6
189	3	4	3	5	5
189	4	7	3	5	5
189	5	5	4	5	4
190	1	1	2	2	2
190	2	2	1	1	2
190	3	2	0	2	1
190	4	4	2	6	4
190	5	3	2	4	2
191	1	7	5	9	7
191	2	4	4	5	4
191	3	6	4	4	5
191	4	5	4	7	5
191	5	3	2	4	3
192	1	5	3	4	6
192	2	4	4	3	6
192	3	6	4	5	4
192	4	5	4	7	5
192	5	5	3	4	3
193	1	5	3	3	2
193	2	4	5	6	5
193	3	5	3	8	4
193	4	6	5	6	6
193	5	4	4	8	5
194	1	1	2	4	1
194	2	1	2	1	2
194	3	5	2	5	3
194	4	5	1	4	3
194	5	0	2	1	1
195	1	1	1	1	1
195	2	-1	1	0	0
195	3	0	1	-1	0
195	4	1	1	0	1
195	5	0	1	-1	1
196	1	7	4	6	3
196	2	6	5	11	6
196	3	6	5	4	7
196	4	6	5	4	6
196	5	6	4	7	7
197	1	5	4	7	6
197	2	5	4	8	6
197	3	6	4	9	5
197	4	6	5	7	6
197	5	2	4	4	3
198	1	3	3	2	4
198	2	0	1	5	0
198	3	0	1	3	1
198	4	6	4	8	3
198	5	4	2	5	4
199	1	2	3	4	2
199	2	2	3	2	2
199	3	0	1	1	3
199	4	5	4	8	7
199	5	1	1	2	3
200	1	1	1	2	1
200	2	4	2	3	4
200	3	4	2	5	2
200	4	3	2	5	3
200	5	3	1	3	3
201	1	6	5	9	5
201	2	7	5	7	6
201	3	6	6	6	7
201	4	6	7	8	7
201	5	6	6	14	7
202	1	11	7	10	8
202	2	6	6	9	5
202	3	4	3	4	4
202	4	6	6	11	7
202	5	8	6	9	6
203	1	5	3	3	4
203	2	2	2	2	3
203	3	2	2	7	4
203	4	4	5	7	5
203	5	3	2	4	4
204	1	6	4	6	4
204	2	3	4	3	5
204	3	4	4	6	4
204	4	4	5	4	4
204	5	3	3	6	5
205	1	5	2	4	4
205	2	1	2	4	4
205	3	3	2	4	3
205	4	0	4	5	4
205	5	2	2	6	1
206	1	5	3	4	2
206	2	6	4	6	5
206	3	0	2	1	0
206	4	1	1	5	3
206	5	4	3	5	3
207	1	4	3	7	5
207	2	3	1	3	3
207	3	1	1	3	4
207	4	0	1	3	2
207	5	3	3	3	3
208	1	3	2	7	3
208	2	3	3	2	3
208	3	3	3	5	2
208	4	3	2	3	4
208	5	5	3	4	6
209	1	9	6	11	7
209	2	6	4	8	7
209	3	6	5	8	7
209	4	9	6	12	8
209	5	6	5	9	7
210	1	5	3	7	5
210	2	4	3	3	2
210	3	3	3	6	5
210	4	1	2	1	2
210	5	3	3	5	3
211	1	3	3	3	4
211	2	0	3	3	2
211	3	2	2	6	2
211	4	6	4	8	6
211	5	4	4	5	6
212	1	1	3	2	2
212	2	4	3	6	6
212	3	1	2	2	3
212	4	3	3	4	3
212	5	5	4	6	3
213	1	6	4	7	6
213	2	5	5	8	8
213	3	6	4	8	5
213	4	6	5	8	6
213	5	5	4	4	5
214	1	0	1	0	2
214	2	4	3	6	3
214	3	2	2	2	3
214	4	3	2	2	4
214	5	2	3	5	3
215	1	4	2	6	4
215	2	0	2	1	2
215	3	1	1	2	3
215	4	2	0	0	1
215	5	1	0	0	1
216	1	8	6	10	6
216	2	5	4	9	6
216	3	6	5	6	7
216	4	6	4	7	7
216	5	6	4	6	5
217	1	2	3	3	2
217	2	4	3	4	4
217	3	3	2	2	0
217	4	5	3	5	3
217	5	0	3	4	2
218	1	2	3	3	2
218	2	0	2	3	2
218	3	5	2	2	3
218	4	4	3	5	4
218	5	5	3	7	4
219	1	0	0	-2	0
219	2	2	1	2	1
219	3	2	1	1	0
219	4	0	0	1	1
219	5	3	1	3	3
220	1	2	1	1	4
220	2	0	1	1	2
220	3	4	2	7	3
220	4	-1	-1	-2	0
220	5	2	3	4	3
221	1	3	1	3	3
221	2	5	3	6	4
221	3	1	1	4	2
221	4	2	2	3	1
221	5	0	1	2	2
222	1	4	4	6	5
222	2	8	4	9	8
222	3	6	4	7	4
222	4	6	5	8	7
222	5	4	5	7	4
223	1	6	5	10	7
223	2	6	5	9	7
223	3	6	3	8	5
223	4	3	4	6	5
223	5	5	4	6	4
224	1	1	2	2	3
224	2	4	3	6	7
224	3	6	5	6	6
224	4	5	4	6	5
224	5	4	4	7	4
225	1	2	3	2	2
225	2	8	5	11	8
225	3	5	3	6	3
225	4	5	3	7	4
225	5	1	3	3	4
226	1	3	2	4	4
226	2	4	3	8	6
226	3	5	3	7	6
226	4	3	3	7	3
226	5	7	4	7	4
227	1	0	1	0	2
227	2	2	2	3	2
227	3	1	0	2	1
227	4	6	2	4	3
227	5	2	2	3	4
228	1	3	2	3	3
228	2	5	3	4	4
228	3	4	2	4	5
228	4	1	2	1	0
228	5	4	2	5	3
229	1	3	3	3	2
229	2	4	4	4	4
229	3	6	6	7	7
229	4	7	5	7	7
229	5	6	4	9	5
230	1	1	1	3	1
230	2	0	1	-1	0
230	3	0	0	0	1
230	4	3	2	5	3
230	5	3	2	5	3
231	1	2	3	6	3
231	2	6	5	7	6
231	3	7	6	10	9
231	4	7	7	11	8
231	5	5	4	8	6
232	1	0	2	0	3
232	2	3	2	2	3
232	3	4	4	6	4
232	4	4	4	6	4
232	5	1	1	-1	0
233	1	5	3	7	4
233	2	3	2	7	3
233	3	3	3	6	3
233	4	2	2	3	3
233	5	2	2	3	3
234	1	2	2	2	1
234	2	2	2	7	3
234	3	3	4	5	3
234	4	3	3	4	2
234	5	6	4	7	5
235	1	2	1	2	3
235	2	3	4	5	3
235	3	2	2	3	4
235	4	3	2	1	2
235	5	5	2	7	4
236	1	4	3	4	3
236	2	4	2	4	1
236	3	1	0	3	2
236	4	2	1	1	1
236	5	3	3	4	3
237	1	4	3	5	4
237	2	4	3	6	5
237	3	3	3	4	3
237	4	6	3	6	5
237	5	3	2	2	1
238	1	4	4	7	7
238	2	3	2	1	2
238	3	0	2	2	1
238	4	2	2	3	4
238	5	4	4	4	5
239	1	6	4	5	4
239	2	1	2	1	3
239	3	3	3	4	2
239	4	7	4	9	6
239	5	3	4	4	4
240	1	5	1	5	2
240	2	2	3	4	1
240	3	1	2	3	2
240	4	3	2	3	2
240	5	1	1	3	3
241	1	3	3	3	1
241	2	1	1	0	1
241	3	0	0	-1	1
241	4	3	3	10	5
241	5	4	3	6	5
242	1	1	1	3	1
242	2	2	2	3	4
242	3	6	3	8	4
242	4	4	3	7	4
242	5	5	4	6	4
243	1	5	4	5	4
243	2	9	8	11	9
243	3	5	3	4	4
243	4	7	4	9	8
243	5	7	4	8	6
244	1	0	1	3	2
244	2	0	3	1	1
244	3	-1	0	0	1
244	4	4	2	3	4
244	5	3	1	0	3
245	1	3	3	6	3
245	2	4	3	5	5
245	3	3	3	5	3
245	4	2	3	3	1
245	5	3	2	4	4
246	1	3	4	6	4
246	2	4	3	8	5
246	3	5	5	6	4
246	4	6	4	6	6
246	5	6	5	9	5
247	1	5	3	9	5
247	2	1	2	3	2
247	3	5	3	6	4
247	4	4	3	6	4
247	5	3	2	3	2
248	1	0	4	2	1
248	2	3	2	3	3
248	3	1	1	0	3
248	4	0	1	0	1
248	5	0	1	2	2
249	1	2	2	4	2
249	2	2	1	4	1
249	3	3	3	3	3
249	4	5	4	7	5
249	5	4	3	3	4
250	1	3	4	4	3
250	2	2	2	2	3
250	3	4	3	3	6
250	4	6	5	7	4
250	5	4	3	6	3
251	1	2	2	2	3
251	2	5	3	7	6
251	3	3	3	7	2
251	4	2	1	3	2
251	5	4	3	5	5
252	1	5	2	9	6
252	2	3	3	5	4
252	3	3	3	4	3
252	4	1	1	4	3
252	5	4	4	3	3
253	1	1	2	3	4
253	2	3	0	1	1
253	3	2	4	5	3
253	4	0	3	3	4
253	5	8	4	8	6
254	1	1	3	4	4
254	2	4	2	6	2
254	3	5	4	5	5
254	4	6	4	6	5
254	5	3	1	4	3
255	1	4	4	6	6
255	2	7	4	8	4
255	3	8	6	9	8
255	4	5	6	9	7
255	5	4	3	4	4
256	1	5	3	7	4
256	2	6	3	6	4
256	3	4	2	4	3
256	4	3	2	2	3
256	5	3	1	3	3
257	1	7	4	5	6
257	2	3	4	6	4
257	3	6	5	5	6
257	4	4	3	5	4
257	5	5	4	10	4
258	1	7	5	9	6
258	2	4	4	8	6
258	3	6	5	7	6
258	4	3	3	3	4
258	5	7	4	4	5
259	1	5	2	6	4
259	2	4	2	3	0
259	3	5	4	8	6
259	4	0	2	2	1
259	5	4	3	4	3
260	1	0	0	1	2
260	2	0	1	2	2
260	3	2	1	1	2
260	4	2	1	1	4
260	5	1	0	0	1
261	1	2	2	1	1
261	2	3	1	3	1
261	3	3	2	5	4
261	4	5	2	4	4
261	5	5	3	9	5
262	1	5	4	3	5
262	2	3	3	5	3
262	3	3	1	5	2
262	4	2	2	3	2
262	5	1	1	0	2
263	1	2	3	6	3
263	2	3	3	2	1
263	3	3	5	5	3
263	4	3	2	3	3
263	5	2	3	4	2
264	1	6	5	7	5
264	2	4	4	8	5
264	3	6	5	9	5
264	4	4	5	7	5
264	5	7	5	8	7
265	1	6	3	6	6
265	2	9	7	11	8
265	3	8	5	8	5
265	4	5	4	7	6
265	5	6	6	8	8
266	1	7	4	9	8
266	2	4	4	5	4
266	3	7	6	9	8
266	4	4	4	8	6
266	5	7	4	10	8
267	1	4	3	4	4
267	2	0	2	4	2
267	3	0	2	0	2
267	4	2	2	5	0
267	5	4	2	5	4
268	1	2	2	3	4
268	2	0	0	0	0
268	3	2	3	4	1
268	4	3	3	4	4
268	5	1	0	-1	1
269	1	4	3	5	5
269	2	2	1	3	2
269	3	2	2	4	3
269	4	4	2	4	5
269	5	4	3	6	5
270	1	1	2	3	2
270	2	2	3	4	4
270	3	2	3	5	3
270	4	4	2	6	5
270	5	2	3	3	3
271	1	1	3	0	2
271	2	7	5	9	7
271	3	9	5	9	7
271	4	6	2	6	6
271	5	6	3	7	5
272	1	6	4	5	5
272	2	7	5	8	5
272	3	6	5	8	6
272	4	3	5	7	5
272	5	1	2	1	2
273	1	5	5	5	4
273	2	3	3	5	2
273	3	1	2	2	3
273	4	4	4	6	3
273	5	5	4	5	4
274	1	2	2	4	2
274	2	0	1	1	2
274	3	1	2	2	2
274	4	4	2	5	3
274	5	3	3	5	4
275	1	6	4	6	8
275	2	6	6	8	7
275	3	6	4	7	5
275	4	5	3	5	4
275	5	6	5	8	5
276	1	8	4	4	4
276	2	6	5	9	7
276	3	3	1	1	0
276	4	3	3	5	3
276	5	2	3	5	3
277	1	2	3	6	3
277	2	1	3	2	2
277	3	6	3	7	4
277	4	4	3	2	2
277	5	5	3	5	6
278	1	5	4	7	5
278	2	5	4	6	6
278	3	1	2	2	1
278	4	4	5	8	3
278	5	2	2	4	4
279	1	2	3	4	3
279	2	5	4	9	6
279	3	6	4	7	6
279	4	5	3	5	5
279	5	7	5	8	5
280	1	0	3	1	1
280	2	4	3	5	3
280	3	3	3	5	5
280	4	3	3	6	3
280	5	3	2	6	4
281	1	3	1	5	2
281	2	0	1	0	1
281	3	1	1	1	2
281	4	2	2	4	4
281	5	4	0	2	2
282	1	0	2	1	3
282	2	5	5	6	6
282	3	2	3	5	3
282	4	3	4	6	3
282	5	9	5	8	7
283	1	7	5	10	9
283	2	3	4	3	3
283	3	5	4	6	6
283	4	5	3	3	5
283	5	5	2	7	4
284	1	4	3	8	5
284	2	4	3	6	4
284	3	2	2	1	3
284	4	3	3	3	2
284	5	3	3	8	3
285	1	1	0	2	2
285	2	7	2	8	4
285	3	3	1	4	2
285	4	4	3	4	5
285	5	4	3	4	3
286	1	6	3	7	6
286	2	5	3	5	3
286	3	4	2	4	4
286	4	5	4	6	5
286	5	3	2	3	4
287	1	4	3	4	4
287	2	6	3	10	5
287	3	5	4	6	4
287	4	3	3	0	2
287	5	4	3	6	5
288	1	4	2	2	6
288	2	5	4	6	5
288	3	6	6	10	7
288	4	4	4	3	2
288	5	2	4	4	3
289	1	6	3	7	6
289	2	1	2	2	1
289	3	4	3	8	4
289	4	4	3	6	4
289	5	4	3	6	1
290	1	3	3	8	6
290	2	4	3	7	3
290	3	1	3	4	3
290	4	2	2	4	4
290	5	6	6	8	10
291	1	5	4	7	4
291	2	6	5	7	5
291	3	4	4	6	5
291	4	4	5	6	4
291	5	7	5	9	7
292	1	5	4	6	5
292	2	4	4	3	5
292	3	3	4	9	6
292	4	3	4	6	5
292	5	6	5	8	7
293	1	4	3	4	4
293	2	10	6	12	8
293	3	3	4	8	5
293	4	6	3	12	7
293	5	1	3	2	3
294	1	5	3	7	6
294	2	4	3	7	4
294	3	1	1	0	1
294	4	2	1	3	2
294	5	3	3	4	4
295	1	8	6	12	8
295	2	4	4	7	5
295	3	6	6	7	5
295	4	8	7	12	9
295	5	3	4	5	5
296	1	4	4	7	5
296	2	5	3	5	5
296	3	1	2	3	1
296	4	2	4	4	4
296	5	6	4	7	5
297	1	7	6	7	6
297	2	9	6	10	8
297	3	6	4	6	5
297	4	4	3	5	4
297	5	5	6	12	7
298	1	0	1	2	2
298	2	0	1	1	2
298	3	4	4	4	4
298	4	3	2	2	3
298	5	4	3	6	5
299	1	1	3	4	2
299	2	6	3	5	6
299	3	4	3	5	4
299	4	2	1	4	4
299	5	1	2	2	3
300	1	5	3	5	5
300	2	6	5	8	6
300	3	6	5	5	5
300	4	6	4	9	6
300	5	4	4	4	4
301	1	3	1	2	2
301	2	2	3	4	4
301	3	3	3	2	1
301	4	3	3	5	5
301	5	3	3	4	3
302	1	3	2	4	3
302	2	1	1	0	0
302	3	1	2	2	3
302	4	6	4	6	5
302	5	0	2	3	2
303	1	1	1	1	2
303	2	3	2	2	3
303	3	3	2	4	4
303	4	3	2	6	4
303	5	3	2	3	2
304	1	3	2	7	4
304	2	1	0	4	0
304	3	2	3	4	3
304	4	2	1	1	1
304	5	2	2	6	3
305	1	4	1	5	2
305	2	4	3	9	4
305	3	6	6	8	6
305	4	2	3	4	3
305	5	3	3	4	3
306	1	6	3	4	5
306	2	5	2	5	5
306	3	5	4	7	5
306	4	6	4	7	7
306	5	3	3	2	2
307	1	0	0	-1	0
307	2	-1	0	0	2
307	3	1	1	2	1
307	4	1	1	2	3
307	5	0	0	0	1
308	1	3	4	7	3
308	2	4	4	4	5
308	3	7	5	8	5
308	4	6	6	7	5
308	5	4	3	3	3
309	1	5	5	7	6
309	2	6	5	7	7
309	3	4	3	2	4
309	4	6	4	4	6
309	5	5	4	10	4
310	1	7	6	7	6
310	2	5	6	8	6
310	3	5	5	10	6
310	4	7	4	9	5
310	5	5	5	5	5
311	1	5	5	5	4
311	2	6	5	6	4
311	3	6	5	7	5
311	4	7	5	9	9
311	5	5	6	7	6
312	1	3	4	6	5
312	2	4	3	8	6
312	3	5	4	7	4
312	4	3	6	7	5
312	5	5	3	8	6
313	1	2	1	6	2
313	2	1	0	0	0
313	3	3	2	4	3
313	4	0	1	1	1
313	5	2	1	1	2
314	1	2	1	1	3
314	2	2	2	4	3
314	3	3	3	4	3
314	4	0	1	1	0
314	5	1	2	2	2
315	1	4	2	3	5
315	2	4	2	2	2
315	3	0	2	4	3
315	4	2	1	2	3
315	5	4	3	3	2
316	1	1	3	1	4
316	2	7	4	7	6
316	3	1	1	2	3
316	4	4	3	5	4
316	5	5	2	4	5
317	1	2	2	2	2
317	2	3	1	3	3
317	3	1	2	6	3
317	4	2	3	4	3
317	5	4	3	4	3
318	1	-1	0	-1	0
318	2	0	0	0	0
318	3	3	1	2	1
318	4	1	0	0	1
318	5	1	2	3	0
319	1	7	6	10	6
319	2	5	4	6	5
319	3	3	5	4	6
319	4	5	3	8	5
319	5	6	6	4	6
320	1	3	3	6	4
320	2	2	4	5	3
320	3	6	3	5	4
320	4	6	4	7	6
320	5	6	4	5	5
321	1	4	3	3	5
321	2	5	3	5	5
321	3	4	3	5	5
321	4	5	2	4	3
321	5	3	5	5	6
322	1	3	4	5	4
322	2	5	5	7	5
322	3	5	3	6	5
322	4	6	4	8	6
322	5	7	4	8	4
323	1	1	1	1	2
323	2	0	1	1	2
323	3	0	1	2	0
323	4	3	1	5	3
323	5	3	3	5	3
324	1	4	4	3	2
324	2	5	3	6	3
324	3	4	4	8	6
324	4	5	3	3	5
324	5	4	4	7	7
325	1	3	3	2	3
325	2	2	2	2	2
325	3	3	2	7	5
325	4	5	3	5	5
325	5	5	4	7	3
326	1	5	5	8	6
326	2	4	4	4	4
326	3	6	3	7	3
326	4	4	4	7	5
326	5	5	3	6	4
327	1	4	3	2	3
327	2	2	1	4	4
327	3	5	2	3	2
327	4	5	3	8	6
327	5	0	2	1	1
328	1	4	3	8	4
328	2	6	3	6	6
328	3	6	4	4	3
328	4	5	4	6	5
328	5	2	2	1	2
329	1	5	4	6	7
329	2	3	4	2	6
329	3	0	3	4	2
329	4	4	3	8	4
329	5	7	4	6	5
330	1	2	2	4	2
330	2	3	2	3	3
330	3	4	2	6	3
330	4	2	3	5	3
330	5	3	2	3	2
331	1	4	4	5	5
331	2	7	6	9	7
331	3	5	5	8	5
331	4	8	4	11	7
331	5	6	5	8	5
332	1	1	2	3	2
332	2	0	1	2	0
332	3	1	0	2	0
332	4	0	1	2	1
332	5	3	2	4	4
333	1	1	2	4	2
333	2	3	2	5	4
333	3	1	1	1	1
333	4	3	2	3	1
333	5	3	3	4	4
334	1	5	4	6	5
334	2	7	6	7	6
334	3	6	4	7	4
334	4	5	5	7	7
334	5	6	5	8	6
335	1	3	4	4	4
335	2	3	1	3	1
335	3	3	3	6	1
335	4	3	2	2	2
335	5	2	3	0	2
336	1	0	0	1	1
336	2	1	0	1	0
336	3	0	2	0	2
336	4	1	2	4	2
336	5	1	0	0	2
337	1	3	3	3	4
337	2	0	1	3	2
337	3	1	2	3	2
337	4	4	2	5	4
337	5	1	1	0	2
338	1	2	1	1	1
338	2	1	2	1	5
338	3	4	3	6	6
338	4	2	1	3	3
338	5	3	3	6	4
339	1	4	4	6	6
339	2	4	4	5	4
339	3	5	4	5	5
339	4	6	5	7	6
339	5	7	4	6	4
340	1	3	3	8	3
340	2	2	2	3	4
340	3	3	3	1	5
340	4	4	2	5	5
340	5	5	3	5	5
341	1	9	6	11	7
341	2	5	4	3	7
341	3	2	4	5	6
341	4	5	4	9	6
341	5	5	4	7	6
342	1	3	3	6	5
342	2	6	4	9	7
342	3	4	4	6	4
342	4	3	3	3	3
342	5	6	4	7	5
343	1	5	5	8	3
343	2	7	6	6	6
343	3	5	4	5	5
343	4	8	6	11	8
343	5	6	5	10	5
344	1	3	3	5	2
344	2	5	3	5	5
344	3	1	2	2	2
344	4	3	3	7	4
344	5	4	4	7	6
345	1	3	3	5	5
345	2	5	3	5	4
345	3	2	3	3	3
345	4	0	0	0	4
345	5	1	3	3	3
346	1	2	2	3	3
346	2	5	2	4	4
346	3	0	2	1	0
346	4	2	1	2	2
346	5	1	1	0	0
347	1	2	3	1	4
347	2	2	4	4	3
347	3	6	5	7	5
347	4	4	4	6	4
347	5	4	4	5	6
348	1	4	3	8	5
348	2	1	3	2	4
348	3	4	3	5	3
348	4	3	3	3	4
348	5	3	1	1	1
349	1	-1	2	2	1
349	2	3	2	0	4
349	3	2	1	3	3
349	4	1	2	2	2
349	5	0	0	0	3
350	1	1	1	0	3
350	2	5	2	6	4
350	3	3	3	4	3
350	4	3	4	5	4
350	5	3	1	4	2
351	1	3	4	4	3
351	2	5	4	4	4
351	3	3	4	3	3
351	4	2	3	4	2
351	5	6	4	7	6
352	1	1	1	3	2
352	2	0	-1	0	0
352	3	1	0	0	0
352	4	0	0	1	0
352	5	2	2	0	1
353	1	2	3	4	2
353	2	3	2	2	3
353	3	2	2	4	1
353	4	2	1	2	0
353	5	3	2	6	4
354	1	4	3	6	4
354	2	4	4	5	4
354	3	4	2	4	0
354	4	2	2	0	1
354	5	6	4	4	2
355	1	2	3	4	2
355	2	1	3	3	3
355	3	5	2	3	5
355	4	0	2	1	2
355	5	4	2	6	3
356	1	4	4	5	4
356	2	2	3	3	3
356	3	2	4	4	4
356	4	5	3	6	3
356	5	5	3	6	3
357	1	2	4	3	3
357	2	3	3	6	4
357	3	0	1	2	2
357	4	5	3	4	2
357	5	4	3	4	5
358	1	2	3	3	3
358	2	4	3	7	4
358	3	4	3	8	4
358	4	4	2	7	4
358	5	5	4	5	4
359	1	-1	0	-1	0
359	2	0	0	0	2
359	3	2	2	3	2
359	4	0	0	-1	0
359	5	-1	1	0	0
360	1	8	6	10	8
360	2	8	6	12	7
360	3	6	5	9	7
360	4	7	6	6	6
360	5	6	6	8	8
361	1	3	3	7	4
361	2	3	3	3	5
361	3	2	3	3	3
361	4	4	3	5	5
361	5	2	2	6	2
362	1	6	4	8	5
362	2	6	5	9	6
362	3	8	6	10	5
362	4	2	3	3	4
362	5	0	2	2	3
363	1	3	4	6	3
363	2	7	4	5	6
363	3	5	5	6	4
363	4	2	3	3	4
363	5	2	3	1	3
364	1	5	5	4	5
364	2	6	4	7	7
364	3	7	5	11	7
364	4	7	5	7	7
364	5	3	5	3	3
365	1	3	4	4	4
365	2	2	4	4	3
365	3	6	4	6	4
365	4	5	4	8	5
365	5	6	3	6	6
366	1	1	1	0	3
366	2	5	3	7	6
366	3	4	2	4	3
366	4	4	4	7	7
366	5	4	4	6	3
367	1	7	3	6	6
367	2	4	4	5	4
367	3	5	3	5	5
367	4	2	3	5	3
367	5	3	3	3	4
368	1	2	1	2	2
368	2	3	2	4	2
368	3	1	2	2	4
368	4	2	1	1	1
368	5	2	2	3	3
369	1	4	3	5	3
369	2	5	3	6	4
369	3	2	2	3	4
369	4	6	5	6	7
369	5	5	4	9	4
370	1	3	2	3	4
370	2	3	3	5	0
370	3	2	1	2	0
370	4	1	1	3	1
370	5	0	1	1	2
371	1	4	5	7	4
371	2	8	7	10	8
371	3	8	4	9	5
371	4	6	4	7	7
371	5	8	5	11	6
372	1	0	3	2	2
372	2	1	2	3	2
372	3	0	1	0	0
372	4	2	1	1	1
372	5	1	0	1	1
373	1	5	2	5	3
373	2	4	4	3	3
373	3	4	4	8	5
373	4	3	1	3	1
373	5	1	1	1	1
374	1	5	4	8	6
374	2	9	5	11	8
374	3	4	3	3	4
374	4	6	5	10	6
374	5	6	3	5	4
375	1	5	2	5	5
375	2	2	4	6	5
375	3	4	3	6	3
375	4	8	6	9	7
375	5	6	3	6	4
376	1	2	3	4	3
376	2	5	3	6	4
376	3	5	3	8	4
376	4	4	2	4	4
376	5	1	3	0	2
377	1	0	1	2	2
377	2	0	1	0	0
377	3	-3	0	0	0
377	4	2	3	6	2
377	5	2	1	1	1
378	1	5	3	7	5
378	2	6	4	7	6
378	3	3	3	6	3
378	4	3	3	5	3
378	5	3	2	4	4
379	1	5	2	6	3
379	2	4	3	2	2
379	3	5	3	5	4
379	4	4	3	6	3
379	5	3	2	5	3
380	1	1	1	0	0
380	2	0	1	3	2
380	3	4	2	2	2
380	4	3	2	2	4
380	5	1	3	1	4
381	1	4	3	3	3
381	2	2	3	5	5
381	3	3	2	3	3
381	4	3	3	3	2
381	5	5	3	6	4
382	1	2	4	4	5
382	2	1	2	2	2
382	3	1	2	2	3
382	4	3	5	6	4
382	5	3	3	4	2
383	1	0	2	1	0
383	2	2	2	4	5
383	3	5	3	6	5
383	4	7	5	8	6
383	5	1	2	0	1
384	1	2	1	1	1
384	2	2	0	1	0
384	3	3	2	3	3
384	4	1	1	3	3
384	5	3	2	3	1
385	1	2	2	5	2
385	2	3	3	6	3
385	3	4	3	4	4
385	4	4	3	5	3
385	5	6	4	8	5
386	1	5	3	6	5
386	2	5	5	7	5
386	3	4	5	8	5
386	4	3	5	4	3
386	5	6	4	8	7
387	1	3	4	3	4
387	2	8	5	10	8
387	3	4	3	6	3
387	4	5	3	6	5
387	5	2	4	3	4
388	1	5	3	5	5
388	2	4	2	3	4
388	3	2	2	3	2
388	4	2	3	1	1
388	5	0	0	1	2
389	1	1	2	2	2
389	2	5	3	6	5
389	3	1	2	4	3
389	4	3	3	5	2
389	5	3	3	5	3
390	1	6	4	4	7
390	2	3	3	3	4
390	3	1	2	4	3
390	4	5	5	4	5
390	5	3	5	6	3
391	1	4	2	4	4
391	2	3	2	8	4
391	3	2	4	5	3
391	4	1	2	1	3
391	5	4	2	5	3
392	1	0	0	2	1
392	2	2	0	1	1
392	3	0	0	0	1
392	4	1	1	0	3
392	5	0	0	0	0
393	1	4	5	9	5
393	2	6	4	5	4
393	3	4	3	5	4
393	4	5	4	7	4
393	5	3	4	7	6
394	1	2	2	4	2
394	2	2	2	7	4
394	3	4	2	4	4
394	4	5	2	3	3
394	5	1	2	4	2
395	1	0	1	1	2
395	2	1	3	1	2
395	3	5	3	5	3
395	4	4	2	2	3
395	5	0	1	0	1
396	1	5	6	11	5
396	2	7	5	8	7
396	3	6	5	7	5
396	4	6	5	5	5
396	5	8	5	10	9
397	1	4	4	4	2
397	2	2	2	3	1
397	3	2	1	4	3
397	4	2	1	0	0
397	5	1	1	1	3
398	1	4	6	11	7
398	2	7	4	8	6
398	3	3	3	6	4
398	4	5	3	5	3
398	5	1	3	5	3
399	1	4	3	6	3
399	2	2	2	3	2
399	3	1	2	0	1
399	4	1	3	6	3
399	5	0	2	0	1
400	1	3	2	4	3
400	2	7	3	6	2
400	3	3	3	3	4
400	4	6	3	8	7
400	5	4	2	4	4
401	1	2	3	6	3
401	2	5	4	5	6
401	3	1	2	4	3
401	4	4	1	3	2
401	5	5	3	6	5
402	1	2	0	3	2
402	2	2	1	4	1
402	3	3	2	4	2
402	4	0	1	0	1
402	5	4	2	5	3
403	1	5	3	7	6
403	2	5	2	5	4
403	3	4	3	6	5
403	4	2	1	1	4
403	5	2	1	3	4
404	1	3	3	5	2
404	2	3	3	5	3
404	3	2	2	4	2
404	4	7	3	4	3
404	5	3	2	5	5
405	1	5	5	8	5
405	2	7	5	12	7
405	3	3	4	7	4
405	4	5	4	8	7
405	5	2	3	5	4
406	1	0	1	0	1
406	2	4	2	3	3
406	3	0	0	0	0
406	4	3	2	1	2
406	5	-1	1	0	0
407	1	2	3	4	2
407	2	3	2	3	4
407	3	2	1	1	3
407	4	0	1	4	1
407	5	2	3	4	2
408	1	5	5	7	5
408	2	4	5	6	7
408	3	3	3	7	5
408	4	7	6	7	5
408	5	8	4	9	5
409	1	1	0	0	2
409	2	5	3	5	4
409	3	0	1	0	1
409	4	3	1	4	1
409	5	0	2	3	1
410	1	3	2	4	2
410	2	6	3	6	4
410	3	2	5	7	5
410	4	6	1	5	5
410	5	0	2	1	2
411	1	2	3	8	5
411	2	5	3	5	4
411	3	6	4	8	6
411	4	3	2	4	4
411	5	6	4	8	6
412	1	1	1	3	4
412	2	7	6	8	5
412	3	4	3	4	4
412	4	4	3	6	3
412	5	5	3	6	7
413	1	3	3	3	3
413	2	6	4	8	5
413	3	5	4	8	4
413	4	6	4	6	6
413	5	7	5	6	4
414	1	4	3	5	4
414	2	5	3	6	4
414	3	4	3	6	5
414	4	3	2	5	3
414	5	4	3	5	3
415	1	4	3	4	3
415	2	5	3	7	4
415	3	2	2	2	4
415	4	4	3	4	3
415	5	1	2	2	2
416	1	1	1	3	2
416	2	0	0	2	0
416	3	3	1	2	2
416	4	1	2	1	2
416	5	0	0	0	0
417	1	6	4	5	6
417	2	4	3	5	3
417	3	4	2	6	5
417	4	4	2	5	4
417	5	5	4	5	5
418	1	3	3	5	4
418	2	2	2	1	2
418	3	2	3	4	2
418	4	2	4	5	4
418	5	5	5	8	5
419	1	4	2	5	3
419	2	2	3	3	4
419	3	9	5	9	7
419	4	5	3	6	4
419	5	8	4	10	7
420	1	5	4	6	4
420	2	3	2	1	3
420	3	3	1	4	3
420	4	0	1	0	0
420	5	4	1	2	4
421	1	9	7	11	7
421	2	5	5	6	5
421	3	5	5	6	5
421	4	8	5	11	7
421	5	4	4	6	4
422	1	6	4	8	7
422	2	6	3	7	3
422	3	2	3	2	2
422	4	4	4	6	5
422	5	3	4	5	4
423	1	0	2	0	2
423	2	4	3	6	4
423	3	2	3	4	4
423	4	1	3	4	1
423	5	4	2	5	4
424	1	6	4	5	6
424	2	9	5	9	6
424	3	0	3	2	4
424	4	5	4	11	6
424	5	4	4	5	5
425	1	5	3	3	5
425	2	3	2	4	5
425	3	4	3	5	5
425	4	1	1	1	1
425	5	2	4	4	1
426	1	4	3	5	4
426	2	4	3	7	4
426	3	2	2	2	4
426	4	5	4	7	6
426	5	3	2	2	1
427	1	5	6	8	6
427	2	5	5	8	6
427	3	4	5	4	7
427	4	4	5	7	6
427	5	9	7	8	8
428	1	6	5	6	5
428	2	7	4	7	6
428	3	2	3	4	2
428	4	3	2	6	5
428	5	4	4	4	6
429	1	4	4	6	5
429	2	5	5	9	6
429	3	6	4	5	5
429	4	4	3	6	4
429	5	8	6	7	7
430	1	0	0	0	1
430	2	1	1	2	3
430	3	0	1	1	1
430	4	1	0	1	2
430	5	2	2	3	3
431	1	3	3	5	5
431	2	2	2	4	3
431	3	6	2	8	4
431	4	4	4	7	5
431	5	4	3	5	4
432	1	4	2	6	4
432	2	6	4	5	4
432	3	6	4	9	5
432	4	5	4	6	3
432	5	4	4	6	4
433	1	6	4	5	3
433	2	3	3	4	4
433	3	5	4	7	5
433	4	5	4	6	3
433	5	2	2	3	1
434	1	1	2	3	2
434	2	3	2	4	4
434	3	3	4	6	3
434	4	4	2	4	3
434	5	0	0	1	1
435	1	4	3	5	4
435	2	2	1	1	2
435	3	3	1	3	2
435	4	3	2	2	3
435	5	2	2	5	4
436	1	4	2	5	4
436	2	1	2	1	1
436	3	2	2	4	2
436	4	2	3	5	0
436	5	4	1	4	3
437	1	3	4	5	4
437	2	4	4	3	6
437	3	4	4	6	3
437	4	2	4	3	3
437	5	6	4	7	5
438	1	2	2	2	2
438	2	5	4	3	5
438	3	2	3	2	4
438	4	0	3	4	2
438	5	6	4	5	5
439	1	3	1	3	3
439	2	3	1	3	2
439	3	1	1	0	0
439	4	0	0	0	0
439	5	0	0	0	0
440	1	7	6	7	6
440	2	1	2	3	4
440	3	7	5	7	6
440	4	6	4	8	5
440	5	4	4	5	3
441	1	0	0	0	0
441	2	1	3	2	3
441	3	0	0	1	1
441	4	0	1	3	1
441	5	0	2	0	2
442	1	4	2	6	4
442	2	4	4	7	6
442	3	1	2	7	4
442	4	2	3	5	4
442	5	5	5	4	5
443	1	2	3	5	5
443	2	2	3	4	3
443	3	3	4	3	5
443	4	4	3	6	4
443	5	4	3	6	5
444	1	4	3	6	3
444	2	5	4	8	5
444	3	2	2	6	3
444	4	5	4	8	6
444	5	2	3	4	4
445	1	5	3	9	6
445	2	5	3	5	3
445	3	1	1	3	4
445	4	3	1	6	3
445	5	0	1	0	2
446	1	5	3	7	4
446	2	1	3	4	4
446	3	5	3	4	4
446	4	2	3	3	2
446	5	3	2	3	3
447	1	7	4	8	6
447	2	4	5	8	6
447	3	6	3	8	5
447	4	3	3	5	4
447	5	6	4	7	4
448	1	5	4	10	7
448	2	6	5	8	6
448	3	6	4	8	7
448	4	5	4	7	3
448	5	4	3	6	6
449	1	0	0	0	0
449	2	0	1	1	0
449	3	0	1	1	2
449	4	3	2	3	3
449	5	-2	0	-2	-1
450	1	0	0	1	0
450	2	3	0	2	2
450	3	-1	0	1	0
450	4	4	3	6	1
450	5	1	0	3	1
451	1	3	4	4	5
451	2	4	4	7	4
451	3	5	6	9	6
451	4	7	6	12	8
451	5	5	3	7	4
452	1	6	5	6	6
452	2	4	4	5	4
452	3	8	5	8	9
452	4	5	4	7	7
452	5	2	3	4	4
453	1	3	3	6	3
453	2	4	3	4	3
453	3	3	3	3	3
453	4	5	5	6	4
453	5	3	3	3	2
454	1	6	5	7	6
454	2	5	4	6	6
454	3	6	4	9	6
454	4	5	4	7	5
454	5	5	5	9	6
455	1	4	5	7	4
455	2	1	3	3	2
455	3	6	4	7	3
455	4	7	5	9	7
455	5	3	3	5	5
456	1	1	1	3	1
456	2	3	0	2	1
456	3	0	0	2	1
456	4	0	0	0	0
456	5	0	0	0	0
457	1	4	4	3	6
457	2	4	5	8	5
457	3	6	5	8	6
457	4	7	4	9	5
457	5	4	3	4	5
458	1	6	5	9	6
458	2	4	3	6	4
458	3	0	2	2	0
458	4	5	2	6	4
458	5	4	2	5	4
459	1	5	3	6	5
459	2	4	4	4	5
459	3	3	3	4	4
459	4	5	4	3	3
459	5	3	4	6	4
460	1	2	2	3	3
460	2	3	2	5	1
460	3	5	2	5	4
460	4	2	2	6	4
460	5	2	2	2	3
461	1	5	5	7	6
461	2	3	3	3	4
461	3	3	3	4	3
461	4	7	5	12	5
461	5	5	5	5	4
462	1	4	3	3	2
462	2	2	2	4	3
462	3	5	3	6	4
462	4	3	3	6	2
462	5	3	2	2	2
463	1	6	3	7	3
463	2	2	3	4	5
463	3	4	5	7	4
463	4	6	4	7	5
463	5	5	6	10	6
464	1	2	0	4	1
464	2	3	2	6	2
464	3	3	3	1	2
464	4	2	2	1	1
464	5	4	5	5	5
465	1	1	2	3	2
465	2	1	0	0	1
465	3	2	1	1	2
465	4	0	1	1	1
465	5	2	2	3	4
466	1	8	6	12	8
466	2	4	5	5	4
466	3	5	4	8	6
466	4	8	4	6	6
466	5	10	6	12	8
467	1	1	1	3	2
467	2	3	4	3	4
467	3	2	3	5	4
467	4	4	3	5	5
467	5	3	3	4	3
468	1	5	4	5	5
468	2	5	6	10	7
468	3	5	6	8	6
468	4	10	6	14	9
468	5	7	5	9	7
469	1	2	2	2	2
469	2	2	2	3	3
469	3	5	4	6	4
469	4	2	3	4	3
469	5	5	5	6	4
470	1	6	4	8	5
470	2	6	3	7	7
470	3	4	5	5	3
470	4	5	4	4	4
470	5	3	4	3	4
471	1	10	5	9	6
471	2	7	8	10	7
471	3	6	6	11	6
471	4	7	6	11	7
471	5	10	7	14	9
472	1	6	4	9	4
472	2	3	4	3	4
472	3	5	3	6	4
472	4	1	2	3	2
472	5	5	2	4	3
473	1	0	1	3	3
473	2	2	1	2	3
473	3	1	2	4	1
473	4	2	2	4	4
473	5	1	1	2	3
474	1	2	3	2	3
474	2	1	1	3	3
474	3	3	3	5	3
474	4	7	3	8	6
474	5	0	2	4	2
475	1	6	3	8	6
475	2	2	3	2	3
475	3	3	3	8	3
475	4	0	1	2	0
475	5	2	2	3	5
476	1	4	4	6	5
476	2	7	3	5	4
476	3	4	3	5	6
476	4	2	2	5	5
476	5	0	3	1	0
477	1	4	3	5	4
477	2	5	5	6	4
477	3	8	7	11	6
477	4	7	5	10	7
477	5	6	3	6	5
478	1	1	2	4	2
478	2	3	2	3	3
478	3	3	4	4	3
478	4	4	4	6	4
478	5	1	2	4	2
479	1	3	2	6	3
479	2	5	3	7	2
479	3	3	2	3	3
479	4	3	3	3	3
479	5	6	3	2	3
480	1	3	2	6	4
480	2	6	4	5	6
480	3	2	2	6	3
480	4	6	3	7	5
480	5	1	1	3	2
481	1	1	2	3	2
481	2	2	1	0	2
481	3	7	2	7	4
481	4	4	3	7	5
481	5	3	3	5	3
482	1	4	4	7	4
482	2	6	4	8	8
482	3	6	4	8	5
482	4	3	3	4	2
482	5	3	1	3	3
483	1	6	6	11	6
483	2	6	6	8	7
483	3	5	4	6	4
483	4	4	5	8	6
483	5	4	0	4	3
484	1	2	1	3	3
484	2	3	4	4	6
484	3	4	1	4	3
484	4	4	2	2	2
484	5	4	3	8	6
485	1	5	4	9	7
485	2	3	3	4	4
485	3	5	3	7	4
485	4	5	4	9	6
485	5	6	5	6	6
486	1	5	3	5	5
486	2	2	4	4	3
486	3	6	3	8	7
486	4	1	2	2	4
486	5	3	2	4	3
487	1	8	5	9	5
487	2	3	3	5	2
487	3	4	4	5	5
487	4	3	3	6	5
487	5	5	3	6	5
488	1	0	0	-1	0
488	2	3	3	3	5
488	3	2	1	0	3
488	4	1	2	5	3
488	5	4	3	4	4
489	1	9	7	10	7
489	2	5	3	8	5
489	3	6	4	7	3
489	4	10	7	11	7
489	5	5	5	9	5
490	1	4	2	7	2
490	2	6	3	4	1
490	3	3	2	6	3
490	4	6	3	5	5
490	5	3	3	2	2
491	1	3	4	3	4
491	2	6	5	6	5
491	3	2	3	2	4
491	4	6	4	5	4
491	5	2	3	6	4
492	1	6	5	11	7
492	2	5	3	6	4
492	3	5	4	5	5
492	4	7	5	11	8
492	5	6	6	9	6
493	1	6	4	7	6
493	2	4	5	7	6
493	3	4	4	7	6
493	4	9	6	11	7
493	5	1	4	7	3
494	1	1	2	2	0
494	2	0	0	1	1
494	3	2	2	4	3
494	4	1	1	4	2
494	5	2	2	4	2
495	1	6	3	4	3
495	2	4	2	1	0
495	3	7	4	9	3
495	4	2	1	-1	0
495	5	6	4	5	4
496	1	3	2	3	3
496	2	1	1	0	0
496	3	2	1	4	0
496	4	2	3	4	4
496	5	3	1	5	4
497	1	1	1	0	1
497	2	8	6	11	8
497	3	9	4	9	7
497	4	4	3	4	5
497	5	4	2	5	4
498	1	3	3	5	2
498	2	5	2	4	5
498	3	6	4	6	6
498	4	3	2	5	5
498	5	2	3	6	5
499	1	5	4	6	5
499	2	0	2	0	2
499	3	3	5	4	3
499	4	6	2	7	4
499	5	4	3	4	3
500	1	6	4	7	6
500	2	4	3	5	3
500	3	4	2	6	3
500	4	5	5	9	5
500	5	5	4	6	6
