1	1	3	2	6
1	2	4	2	4
1	3	2	4	3
1	4	4	4	4
1	5	3	1	3
1	6	3	3	7
1	7	0	1	2
1	8	3	2	4
1	9	1	3	6
1	10	3	3	5
1	11	3	4	4
1	12	3	2	3
1	13	2	3	2
1	14	0	2	1
1	15	1	1	2
1	16	3	1	4
1	17	3	3	6
1	18	3	1	4
1	19	4	2	5
1	20	5	4	5
1	21	3	2	4
1	22	1	0	0
1	23	2	3	4
1	24	2	1	1
1	25	3	2	6
1	26	3	4	4
1	27	3	3	4
1	28	1	1	0
1	29	4	2	4
1	30	4	2	4
1	31	4	2	3
1	32	4	2	4
1	33	0	2	3
1	34	2	3	6
1	35	3	3	3
1	36	2	2	6
1	37	4	3	7
1	38	5	2	4
1	39	2	1	5
1	40	4	4	6
1	41	4	2	6
1	42	2	2	4
1	43	1	2	0
1	44	2	2	2
1	45	5	3	4
1	46	1	1	3
1	47	4	3	8
1	48	6	4	7
1	49	3	1	4
1	50	2	2	5
1	51	3	2	2
1	52	4	3	5
1	53	1	3	3
1	54	3	2	5
1	55	0	2	3
1	56	2	2	5
1	57	2	1	0
1	58	1	1	1
1	59	3	2	2
1	60	5	2	7
1	61	1	3	3
1	62	2	3	6
1	63	0	1	1
1	64	3	2	1
1	65	3	3	4
1	66	4	2	4
1	67	4	3	5
1	68	1	1	2
1	69	2	1	2
1	70	1	2	2
1	71	3	2	4
1	72	1	2	1
1	73	1	2	5
1	74	3	2	2
1	75	6	3	7
1	76	1	1	2
1	77	3	4	3
1	78	5	2	3
1	79	1	3	2
1	80	2	2	2
1	81	6	3	9
1	82	2	3	4
1	83	5	3	2
1	84	1	1	4
1	85	0	1	0
1	86	4	3	5
1	87	2	0	0
1	88	7	2	5
1	89	6	3	5
1	90	1	2	1
2	1	3	3	8
2	2	3	2	1
2	3	0	0	2
2	4	1	0	2
2	5	2	2	5
2	6	2	3	3
2	7	1	1	1
2	8	4	2	5
2	9	6	4	8
2	10	1	3	1
2	11	3	4	6
2	12	4	3	8
2	13	3	2	5
2	14	2	3	4
2	15	3	4	4
2	16	2	1	5
2	17	5	2	5
2	18	4	3	4
2	19	3	3	5
2	20	3	1	3
2	21	4	3	6
2	22	1	3	3
2	23	2	2	3
2	24	9	6	11
2	25	3	2	4
2	26	3	3	7
2	27	5	4	6
2	28	4	2	3
2	29	3	3	6
2	30	4	3	4
2	31	2	2	4
2	32	5	2	4
2	33	3	2	3
2	34	7	3	9
2	35	3	3	2
2	36	2	1	2
2	37	4	3	4
2	38	3	4	5
2	39	2	3	3
2	40	2	2	1
2	41	2	2	3
2	42	5	4	8
2	43	2	3	4
2	44	3	1	3
2	45	2	2	5
2	46	4	3	3
2	47	4	2	5
2	48	3	4	4
2	49	3	3	8
2	50	2	1	4
2	51	2	1	6
2	52	3	2	6
2	53	4	3	3
2	54	2	2	3
2	55	3	2	0
2	56	4	4	7
2	57	3	4	4
2	58	2	2	3
2	59	3	2	2
2	60	2	2	2
2	61	8	4	8
2	62	7	2	8
2	63	1	2	6
2	64	4	5	5
2	65	1	2	4
2	66	1	3	2
2	67	2	2	1
2	68	3	3	4
2	69	5	4	5
2	70	3	3	5
2	71	3	2	5
2	72	4	2	5
2	73	5	3	7
2	74	2	3	4
2	75	1	2	2
2	76	5	5	6
2	77	3	2	4
2	78	2	1	3
2	79	1	0	-1
2	80	0	0	0
2	81	2	3	4
2	82	4	3	5
2	83	4	4	8
2	84	4	4	5
2	85	2	2	6
2	86	4	4	4
2	87	4	4	1
2	88	2	2	3
2	89	5	3	5
2	90	3	2	0
3	1	8	7	11
3	2	5	6	9
3	3	7	5	8
3	4	4	4	6
3	5	5	5	6
3	6	3	3	6
3	7	4	4	8
3	8	7	4	7
3	9	6	4	9
3	10	7	4	7
3	11	2	4	5
3	12	6	5	6
3	13	7	6	11
3	14	4	4	3
3	15	4	3	7
3	16	9	6	9
3	17	7	4	6
3	18	4	3	6
3	19	4	3	6
3	20	8	5	9
3	21	5	4	8
3	22	5	5	8
3	23	5	6	5
3	24	6	5	7
3	25	8	6	9
3	26	5	6	7
3	27	8	6	11
3	28	7	5	8
3	29	6	5	5
3	30	4	2	4
3	31	4	5	7
3	32	6	4	5
3	33	6	5	6
3	34	8	5	12
3	35	8	6	10
3	36	7	7	9
3	37	5	5	8
3	38	4	3	5
3	39	6	4	6
3	40	7	4	8
3	41	7	5	10
3	42	6	6	9
3	43	8	4	8
3	44	2	4	5
3	45	7	6	11
3	46	6	5	5
3	47	5	5	9
3	48	4	4	7
3	49	7	4	8
3	50	7	4	9
3	51	3	2	6
3	52	6	5	8
3	53	5	4	7
3	54	7	5	7
3	55	5	6	6
3	56	5	6	6
3	57	5	6	8
3	58	7	6	11
3	59	5	4	7
3	60	7	4	8
3	61	8	6	11
3	62	8	6	9
3	63	7	6	10
3	64	6	4	6
3	65	5	6	10
3	66	7	4	8
3	67	9	6	12
3	68	3	3	4
3	69	6	4	8
3	70	6	5	8
3	71	4	4	5
3	72	5	4	6
3	73	3	5	6
3	74	4	3	8
3	75	5	5	6
3	76	6	4	6
3	77	2	3	4
3	78	7	6	6
3	79	6	5	9
3	80	7	5	12
3	81	7	6	9
3	82	8	4	10
3	83	3	3	2
3	84	5	4	3
3	85	5	5	9
3	86	7	6	10
3	87	6	5	9
3	88	5	4	6
3	89	9	6	10
3	90	6	5	9
4	1	4	3	4
4	2	6	4	9
4	3	3	1	2
4	4	4	4	6
4	5	4	2	3
4	6	4	3	7
4	7	3	3	3
4	8	6	3	6
4	9	4	5	4
4	10	4	3	5
4	11	6	3	7
4	12	2	3	4
4	13	3	2	3
4	14	5	5	6
4	15	4	4	8
4	16	1	1	0
4	17	2	3	4
4	18	2	3	3
4	19	5	3	7
4	20	3	2	5
4	21	4	3	6
4	22	6	4	6
4	23	5	4	7
4	24	4	2	4
4	25	4	3	5
4	26	1	1	2
4	27	5	3	5
4	28	3	3	4
4	29	2	3	4
4	30	2	3	4
4	31	5	3	6
4	32	0	2	3
4	33	3	2	1
4	34	5	4	5
4	35	2	2	5
4	36	2	2	5
4	37	3	3	5
4	38	3	3	6
4	39	1	1	2
4	40	7	3	9
4	41	5	1	6
4	42	5	3	5
4	43	2	3	5
4	44	6	4	8
4	45	4	3	7
4	46	3	3	5
4	47	4	3	4
4	48	2	3	4
4	49	4	3	7
4	50	5	3	6
4	51	9	3	9
4	52	0	1	4
4	53	3	3	4
4	54	6	3	9
4	55	5	4	5
4	56	2	2	3
4	57	4	3	3
4	58	3	4	5
4	59	4	3	4
4	60	1	2	3
4	61	2	4	4
4	62	4	3	7
4	63	2	3	5
4	64	0	1	3
4	65	5	3	4
4	66	6	4	7
4	67	5	3	5
4	68	2	2	6
4	69	2	3	3
4	70	3	3	6
4	71	3	3	4
4	72	2	2	1
4	73	6	3	5
4	74	3	2	1
4	75	3	3	5
4	76	7	3	8
4	77	0	3	6
4	78	6	4	7
4	79	2	3	4
4	80	2	3	6
4	81	4	3	6
4	82	1	1	3
4	83	3	2	3
4	84	4	2	5
4	85	5	4	7
4	86	0	2	2
4	87	3	2	3
4	88	4	4	5
4	89	2	4	5
4	90	3	3	5
5	1	3	4	6
5	2	3	3	6
5	3	6	3	6
5	4	4	2	6
5	5	3	4	3
5	6	2	2	0
5	7	5	4	7
5	8	5	3	6
5	9	3	3	6
5	10	4	4	3
5	11	6	5	7
5	12	4	4	6
5	13	4	4	5
5	14	6	3	9
5	15	2	2	3
5	16	4	2	4
5	17	7	4	9
5	18	3	2	7
5	19	6	4	7
5	20	1	2	3
5	21	4	2	6
5	22	4	5	7
5	23	4	3	6
5	24	3	1	3
5	25	2	3	6
5	26	2	0	2
5	27	6	3	7
5	28	6	4	7
5	29	3	1	2
5	30	5	4	8
5	31	1	2	4
5	32	5	3	7
5	33	3	4	5
5	34	5	4	4
5	35	2	3	4
5	36	4	4	6
5	37	4	5	4
5	38	3	4	6
5	39	1	2	0
5	40	0	1	2
5	41	7	4	9
5	42	3	3	7
5	43	4	3	4
5	44	4	4	4
5	45	6	4	9
5	46	0	1	-1
5	47	6	2	6
5	48	3	4	3
5	49	4	4	5
5	50	5	2	4
5	51	4	4	6
5	52	5	4	5
5	53	5	5	8
5	54	4	5	3
5	55	0	2	4
5	56	5	5	7
5	57	3	5	5
5	58	7	4	6
5	59	5	4	4
5	60	5	4	6
5	61	6	5	11
5	62	2	3	3
5	63	3	2	2
5	64	5	3	6
5	65	2	2	3
5	66	2	4	5
5	67	7	4	6
5	68	5	3	3
5	69	5	3	4
5	70	4	3	5
5	71	3	3	4
5	72	4	3	6
5	73	5	4	8
5	74	6	4	6
5	75	4	5	6
5	76	2	4	9
5	77	5	3	8
5	78	2	2	3
5	79	7	4	7
5	80	2	3	3
5	81	3	4	8
5	82	6	3	5
5	83	5	4	8
5	84	0	2	1
5	85	1	2	2
5	86	1	1	3
5	87	6	4	6
5	88	4	2	5
5	89	5	4	6
5	90	5	2	6
6	1	5	4	5
6	2	6	4	6
6	3	6	5	8
6	4	8	5	9
6	5	5	4	5
6	6	6	6	8
6	7	5	4	8
6	8	3	3	3
6	9	6	4	8
6	10	5	5	7
6	11	5	4	8
6	12	7	4	8
6	13	8	5	9
6	14	6	6	10
6	15	4	5	5
6	16	5	6	5
6	17	5	6	6
6	18	6	6	11
6	19	6	4	6
6	20	4	6	8
6	21	6	6	10
6	22	5	6	7
6	23	4	5	6
6	24	4	5	8
6	25	7	6	11
6	26	6	5	6
6	27	9	6	11
6	28	6	6	7
6	29	7	4	8
6	30	4	4	7
6	31	7	5	10
6	32	6	4	8
6	33	4	4	6
6	34	6	5	9
6	35	8	7	12
6	36	6	6	10
6	37	7	5	10
6	38	6	5	7
6	39	6	5	6
6	40	7	4	7
6	41	7	5	6
6	42	6	4	7
6	43	7	5	10
6	44	5	3	6
6	45	6	7	10
6	46	7	5	10
6	47	4	4	4
6	48	4	6	9
6	49	11	8	13
6	50	4	4	6
6	51	4	5	10
6	52	5	4	7
6	53	8	5	8
6	54	6	5	9
6	55	8	6	12
6	56	3	3	7
6	57	6	6	7
6	58	7	5	7
6	59	5	5	6
6	60	5	6	7
6	61	4	5	6
6	62	7	5	8
6	63	5	4	4
6	64	8	5	10
6	65	6	4	6
6	66	6	4	5
6	67	8	6	10
6	68	6	5	9
6	69	5	5	7
6	70	6	5	8
6	71	8	4	13
6	72	4	3	4
6	73	5	5	4
6	74	7	5	7
6	75	5	4	7
6	76	8	5	10
6	77	8	5	8
6	78	7	5	8
6	79	4	4	4
6	80	7	4	8
6	81	6	5	8
6	82	6	5	8
6	83	4	5	5
6	84	6	5	8
6	85	5	4	8
6	86	5	4	7
6	87	6	4	11
6	88	5	4	6
6	89	5	4	9
6	90	4	5	6
7	1	1	2	0
7	2	5	2	6
7	3	7	3	8
7	4	4	4	3
7	5	5	2	9
7	6	3	3	5
7	7	5	4	7
7	8	2	2	3
7	9	6	4	11
7	10	7	4	8
7	11	6	3	9
7	12	4	3	6
7	13	5	2	4
7	14	3	2	2
7	15	5	4	5
7	16	3	3	6
7	17	5	3	6
7	18	2	3	4
7	19	3	4	7
7	20	2	3	4
7	21	4	3	6
7	22	3	2	3
7	23	5	6	8
7	24	3	5	5
7	25	6	5	6
7	26	0	1	1
7	27	5	3	3
7	28	2	4	5
7	29	1	2	3
7	30	6	5	10
7	31	3	1	3
7	32	5	4	5
7	33	5	5	7
7	34	5	4	3
7	35	2	3	2
7	36	6	4	8
7	37	4	3	7
7	38	2	4	3
7	39	2	3	2
7	40	8	5	9
7	41	2	2	5
7	42	0	2	4
7	43	4	4	5
7	44	3	4	9
7	45	2	3	4
7	46	2	3	2
7	47	6	3	3
7	48	5	4	8
7	49	5	4	8
7	50	3	3	5
7	51	3	1	5
7	52	4	3	5
7	53	5	4	5
7	54	5	5	8
7	55	5	2	5
7	56	4	5	6
7	57	3	3	5
7	58	4	4	3
7	59	5	5	8
7	60	5	3	5
7	61	1	1	2
7	62	4	3	4
7	63	6	4	7
7	64	1	3	2
7	65	5	4	5
7	66	2	3	5
7	67	7	6	10
7	68	7	4	4
7	69	6	4	6
7	70	4	4	5
7	71	7	5	8
7	72	6	5	7
7	73	7	5	7
7	74	5	4	5
7	75	1	2	0
7	76	4	3	5
7	77	5	3	5
7	78	3	4	4
7	79	7	4	6
7	80	5	5	6
7	81	4	2	3
7	82	4	4	5
7	83	6	5	5
7	84	4	3	5
7	85	4	2	5
7	86	2	2	2
7	87	2	3	3
7	88	3	1	3
7	89	3	3	5
7	90	4	1	5
8	1	2	1	5
8	2	4	3	3
8	3	1	2	1
8	4	0	1	1
8	5	0	0	0
8	6	1	1	1
8	7	2	1	3
8	8	1	2	5
8	9	0	1	4
8	10	0	0	-2
8	11	3	1	4
8	12	4	2	6
8	13	5	2	6
8	14	1	1	2
8	15	0	0	-2
8	16	6	4	5
8	17	1	1	3
8	18	3	0	2
8	19	3	2	5
8	20	0	0	0
8	21	2	1	0
8	22	0	0	0
8	23	2	1	0
8	24	0	2	3
8	25	0	0	-1
8	26	3	2	4
8	27	2	2	3
8	28	-1	1	2
8	29	1	1	6
8	30	4	2	4
8	31	2	2	5
8	32	2	0	3
8	33	1	1	0
8	34	2	2	1
8	35	4	3	5
8	36	3	2	4
8	37	3	2	5
8	38	0	1	2
8	39	2	3	3
8	40	2	2	4
8	41	1	1	2
8	42	1	0	0
8	43	3	1	2
8	44	0	0	0
8	45	0	2	2
8	46	2	2	2
8	47	1	2	3
8	48	4	2	3
8	49	0	1	1
8	50	3	2	5
8	51	5	2	8
8	52	2	2	7
8	53	0	0	0
8	54	3	2	7
8	55	2	1	1
8	56	2	3	1
8	57	2	1	5
8	58	2	1	1
8	59	2	1	2
8	60	3	2	3
8	61	2	2	5
8	62	3	1	4
8	63	5	3	7
8	64	4	2	3
8	65	1	1	1
8	66	-1	0	-1
8	67	8	4	11
8	68	0	1	2
8	69	5	3	6
8	70	3	3	3
8	71	3	2	6
8	72	1	0	3
8	73	1	1	4
8	74	1	2	1
8	75	1	1	3
8	76	3	1	2
8	77	3	2	4
8	78	3	1	2
8	79	-1	1	-1
8	80	2	0	3
8	81	3	2	3
8	82	3	2	5
8	83	3	3	3
8	84	0	0	0
8	85	2	2	3
8	86	4	2	5
8	87	4	2	5
8	88	1	2	3
8	89	1	0	3
8	90	3	2	5
9	1	0	2	-2
9	2	2	2	3
9	3	4	1	5
9	4	1	1	2
9	5	2	3	5
9	6	5	4	7
9	7	4	2	4
9	8	1	1	2
9	9	3	2	2
9	10	2	3	1
9	11	3	2	6
9	12	2	3	5
9	13	2	3	5
9	14	4	1	1
9	15	1	0	1
9	16	1	1	2
9	17	4	3	3
9	18	0	2	2
9	19	1	1	0
9	20	2	1	3
9	21	3	3	5
9	22	1	1	3
9	23	3	2	5
9	24	4	2	4
9	25	1	1	3
9	26	3	3	6
9	27	4	4	4
9	28	4	2	2
9	29	2	1	4
9	30	2	2	5
9	31	3	4	4
9	32	2	1	4
9	33	4	2	5
9	34	4	3	5
9	35	2	4	5
9	36	5	2	5
9	37	2	2	2
9	38	6	4	8
9	39	4	1	4
9	40	2	2	6
9	41	1	1	-2
9	42	0	0	-2
9	43	1	2	4
9	44	4	3	4
9	45	1	1	4
9	46	4	1	4
9	47	2	2	2
9	48	5	4	6
9	49	2	1	1
9	50	0	0	1
9	51	0	1	0
9	52	4	4	5
9	53	3	1	3
9	54	3	3	4
9	55	1	2	4
9	56	1	0	1
9	57	2	2	5
9	58	0	1	3
9	59	3	1	3
9	60	1	1	3
9	61	4	2	4
9	62	1	1	2
9	63	3	3	2
9	64	4	4	7
9	65	1	1	2
9	66	3	2	4
9	67	-2	1	0
9	68	0	1	3
9	69	4	1	6
9	70	3	2	5
9	71	2	1	2
9	72	6	4	8
9	73	3	2	3
9	74	2	1	6
9	75	4	4	4
9	76	3	2	4
9	77	2	3	2
9	78	4	2	4
9	79	6	4	10
9	80	2	2	2
9	81	6	3	6
9	82	2	2	4
9	83	4	3	5
9	84	0	2	1
9	85	7	4	7
9	86	2	1	3
9	87	1	1	1
9	88	3	1	1
9	89	2	2	3
9	90	6	3	6
10	1	3	3	6
10	2	3	1	5
10	3	2	2	3
10	4	0	2	2
10	5	2	2	3
10	6	6	5	9
10	7	-1	1	0
10	8	4	2	9
10	9	4	3	0
10	10	4	3	6
10	11	0	2	1
10	12	3	4	5
10	13	1	2	0
10	14	4	3	6
10	15	5	4	6
10	16	5	3	6
10	17	6	4	5
10	18	5	4	9
10	19	3	3	6
10	20	1	2	4
10	21	3	3	5
10	22	1	1	1
10	23	4	3	4
10	24	4	4	6
10	25	4	2	7
10	26	2	4	4
10	27	1	1	4
10	28	2	3	4
10	29	0	2	3
10	30	3	2	4
10	31	1	2	4
10	32	4	2	4
10	33	2	1	3
10	34	6	4	7
10	35	5	3	3
10	36	2	2	3
10	37	4	3	8
10	38	2	1	6
10	39	5	1	6
10	40	2	1	4
10	41	1	1	2
10	42	3	3	1
10	43	5	2	4
10	44	5	3	8
10	45	4	3	6
10	46	3	1	1
10	47	4	3	8
10	48	3	3	3
10	49	4	3	6
10	50	4	2	5
10	51	5	4	8
10	52	1	2	1
10	53	4	3	6
10	54	-1	1	1
10	55	5	2	6
10	56	4	4	7
10	57	4	4	5
10	58	0	1	0
10	59	6	2	4
10	60	4	4	6
10	61	1	3	2
10	62	2	3	6
10	63	4	2	4
10	64	3	3	5
10	65	4	3	7
10	66	6	3	8
10	67	1	2	3
10	68	4	4	4
10	69	6	4	6
10	70	3	2	3
10	71	5	2	6
10	72	1	1	2
10	73	4	3	4
10	74	2	3	2
10	75	3	1	3
10	76	2	2	3
10	77	2	2	2
10	78	2	3	4
10	79	1	2	5
10	80	6	4	8
10	81	7	3	6
10	82	2	2	4
10	83	1	2	1
10	84	4	3	2
10	85	1	2	4
10	86	3	0	4
10	87	4	1	4
10	88	5	4	8
10	89	3	1	4
10	90	2	2	0
11	1	5	4	7
11	2	4	4	5
11	3	5	5	6
11	4	6	3	9
11	5	5	5	6
11	6	1	4	5
11	7	6	4	7
11	8	7	4	5
11	9	3	2	5
11	10	6	6	6
11	11	6	6	9
11	12	7	6	13
11	13	4	5	7
11	14	6	5	7
11	15	3	4	9
11	16	6	4	6
11	17	2	4	4
11	18	2	3	5
11	19	5	3	7
11	20	4	5	6
11	21	7	4	6
11	22	5	2	1
11	23	5	3	3
11	24	5	3	6
11	25	8	4	9
11	26	5	5	6
11	27	4	4	4
11	28	6	5	6
11	29	3	3	7
11	30	5	4	8
11	31	8	5	10
11	32	3	4	5
11	33	6	5	4
11	34	5	4	5
11	35	8	5	8
11	36	4	5	4
11	37	6	3	6
11	38	7	5	8
11	39	3	4	7
11	40	6	6	10
11	41	5	5	7
11	42	3	4	4
11	43	6	4	9
11	44	6	5	5
11	45	6	4	7
11	46	6	3	4
11	47	8	5	9
11	48	3	3	5
11	49	3	5	5
11	50	4	4	6
11	51	2	5	5
11	52	2	3	5
11	53	4	5	7
11	54	6	4	7
11	55	0	3	2
11	56	7	6	10
11	57	8	5	7
11	58	8	6	13
11	59	6	4	8
11	60	5	4	6
11	61	9	6	14
11	62	8	6	13
11	63	2	4	6
11	64	6	4	7
11	65	5	3	7
11	66	6	5	8
11	67	6	4	7
11	68	5	4	5
11	69	6	4	6
11	70	9	5	10
11	71	5	4	7
11	72	6	6	6
11	73	7	6	10
11	74	6	5	7
11	75	3	4	2
11	76	4	4	6
11	77	6	5	9
11	78	7	5	10
11	79	4	4	7
11	80	6	5	10
11	81	4	4	5
11	82	5	4	9
11	83	4	3	5
11	84	3	6	6
11	85	7	5	8
11	86	3	4	6
11	87	7	4	5
11	88	6	6	7
11	89	7	4	7
11	90	8	6	10
12	1	2	3	3
12	2	6	3	5
12	3	4	3	3
12	4	3	4	5
12	5	5	5	5
12	6	3	3	2
12	7	3	1	5
12	8	3	4	3
12	9	6	4	8
12	10	5	3	4
12	11	6	5	8
12	12	4	2	5
12	13	4	4	5
12	14	3	3	5
12	15	6	4	8
12	16	6	4	5
12	17	1	3	3
12	18	3	3	6
12	19	6	4	8
12	20	3	4	7
12	21	9	4	9
12	22	2	3	5
12	23	6	5	8
12	24	4	3	8
12	25	6	3	5
12	26	3	2	2
12	27	2	3	3
12	28	5	3	6
12	29	3	4	4
12	30	5	5	10
12	31	4	3	7
12	32	3	4	6
12	33	4	2	5
12	34	4	3	3
12	35	4	3	5
12	36	3	4	3
12	37	6	5	7
12	38	3	2	3
12	39	4	3	3
12	40	2	2	6
12	41	7	4	9
12	42	6	4	9
12	43	4	4	6
12	44	2	2	2
12	45	3	3	5
12	46	3	3	5
12	47	3	1	4
12	48	6	5	8
12	49	5	3	5
12	50	1	3	4
12	51	8	5	9
12	52	0	2	0
12	53	3	4	7
12	54	8	4	6
12	55	4	4	4
12	56	5	4	5
12	57	5	3	3
12	58	5	4	6
12	59	6	3	8
12	60	5	2	5
12	61	4	4	7
12	62	4	4	6
12	63	2	3	4
12	64	3	3	1
12	65	2	4	6
12	66	3	3	5
12	67	1	3	4
12	68	4	3	6
12	69	1	3	2
12	70	5	3	6
12	71	3	2	5
12	72	5	5	7
12	73	9	5	9
12	74	2	3	4
12	75	4	4	6
12	76	5	2	7
12	77	3	3	6
12	78	4	3	4
12	79	6	6	8
12	80	0	2	1
12	81	3	1	4
12	82	3	2	2
12	83	5	4	8
12	84	5	4	6
12	85	4	3	4
12	86	10	6	11
12	87	4	4	5
12	88	4	2	6
12	89	4	4	6
12	90	2	2	0
13	1	4	4	6
13	2	5	3	6
13	3	3	2	7
13	4	3	2	3
13	5	2	1	1
13	6	2	2	4
13	7	4	3	5
13	8	6	5	10
13	9	7	5	10
13	10	4	3	6
13	11	4	3	4
13	12	5	4	5
13	13	4	3	4
13	14	5	4	5
13	15	2	2	3
13	16	4	3	2
13	17	3	3	5
13	18	6	5	6
13	19	3	2	4
13	20	4	3	7
13	21	3	3	6
13	22	4	3	4
13	23	5	4	6
13	24	5	3	6
13	25	6	5	6
13	26	3	4	6
13	27	5	3	6
13	28	4	5	6
13	29	4	3	5
13	30	2	3	4
13	31	5	3	7
13	32	3	3	3
13	33	6	3	4
13	34	5	4	3
13	35	4	3	5
13	36	1	2	0
13	37	6	4	5
13	38	6	4	6
13	39	1	3	0
13	40	7	5	8
13	41	5	4	4
13	42	6	3	10
13	43	5	2	4
13	44	5	3	6
13	45	3	4	7
13	46	6	4	6
13	47	4	2	5
13	48	4	5	5
13	49	-1	3	3
13	50	3	3	2
13	51	4	4	7
13	52	4	2	5
13	53	4	4	8
13	54	4	3	4
13	55	6	4	7
13	56	6	4	8
13	57	2	1	6
13	58	3	2	3
13	59	6	5	7
13	60	0	1	1
13	61	2	3	2
13	62	8	4	9
13	63	8	5	10
13	64	4	4	7
13	65	3	3	5
13	66	4	3	4
13	67	3	3	6
13	68	7	4	7
13	69	3	4	5
13	70	4	4	5
13	71	4	5	7
13	72	4	3	4
13	73	4	5	7
13	74	2	3	3
13	75	6	3	6
13	76	6	4	9
13	77	2	3	3
13	78	4	5	7
13	79	4	4	4
13	80	4	3	6
13	81	4	3	5
13	82	5	4	6
13	83	4	2	5
13	84	3	3	3
13	85	3	3	5
13	86	3	5	6
13	87	1	2	2
13	88	3	3	1
13	89	2	3	5
13	90	2	3	1
14	1	5	5	3
14	2	2	2	3
14	3	0	2	0
14	4	2	3	4
14	5	3	2	4
14	6	3	4	4
14	7	3	2	5
14	8	6	3	6
14	9	5	3	7
14	10	6	3	7
14	11	3	2	2
14	12	8	5	8
14	13	3	3	5
14	14	2	2	2
14	15	2	3	3
14	16	2	3	0
14	17	5	2	5
14	18	5	3	4
14	19	5	4	7
14	20	6	4	8
14	21	2	2	3
14	22	3	4	7
14	23	6	4	8
14	24	3	2	2
14	25	3	3	5
14	26	4	4	5
14	27	3	3	7
14	28	5	4	4
14	29	7	5	8
14	30	4	4	7
14	31	7	3	6
14	32	5	4	4
14	33	5	3	5
14	34	4	4	8
14	35	6	4	7
14	36	3	2	4
14	37	2	2	1
14	38	6	3	7
14	39	3	3	5
14	40	2	4	6
14	41	4	5	5
14	42	5	3	5
14	43	1	2	5
14	44	1	4	5
14	45	4	3	6
14	46	5	4	8
14	47	5	3	7
14	48	6	5	9
14	49	4	3	4
14	50	6	4	6
14	51	6	4	4
14	52	5	4	5
14	53	3	4	7
14	54	3	4	4
14	55	4	3	6
14	56	2	3	7
14	57	1	3	6
14	58	5	4	9
14	59	4	3	6
14	60	3	3	4
14	61	4	1	3
14	62	5	3	7
14	63	5	3	5
14	64	0	3	2
14	65	2	1	2
14	66	4	4	4
14	67	1	3	5
14	68	1	2	0
14	69	2	2	1
14	70	3	3	2
14	71	3	3	7
14	72	7	4	7
14	73	4	3	4
14	74	5	3	9
14	75	4	3	3
14	76	4	3	3
14	77	4	4	6
14	78	2	3	3
14	79	3	4	6
14	80	6	3	7
14	81	4	3	4
14	82	4	2	3
14	83	4	2	5
14	84	5	4	3
14	85	5	2	7
14	86	5	3	5
14	87	2	2	1
14	88	5	4	6
14	89	4	4	3
14	90	3	1	4
15	1	6	4	5
15	2	2	1	3
15	3	3	3	6
15	4	3	3	3
15	5	2	3	3
15	6	3	4	5
15	7	4	3	3
15	8	-1	0	0
15	9	4	3	5
15	10	3	2	6
15	11	2	2	5
15	12	0	0	1
15	13	7	3	5
15	14	5	5	11
15	15	4	1	5
15	16	3	3	5
15	17	5	3	4
15	18	1	2	4
15	19	3	1	3
15	20	0	1	1
15	21	1	3	3
15	22	2	1	4
15	23	1	3	4
15	24	2	2	6
15	25	3	1	5
15	26	1	0	1
15	27	4	2	3
15	28	2	1	-1
15	29	1	3	4
15	30	3	2	3
15	31	3	2	3
15	32	5	3	7
15	33	2	2	3
15	34	1	2	2
15	35	0	2	1
15	36	0	2	5
15	37	2	1	0
15	38	3	2	3
15	39	0	1	0
15	40	4	2	4
15	41	3	2	4
15	42	0	1	2
15	43	3	3	3
15	44	5	4	2
15	45	3	4	6
15	46	5	4	6
15	47	3	2	2
15	48	1	1	2
15	49	0	2	3
15	50	3	2	5
15	51	8	4	7
15	52	4	2	3
15	53	6	5	7
15	54	3	3	9
15	55	1	1	2
15	56	1	1	3
15	57	5	2	7
15	58	4	3	5
15	59	6	3	4
15	60	3	4	4
15	61	2	1	2
15	62	0	1	2
15	63	5	5	7
15	64	0	2	2
15	65	0	2	3
15	66	3	2	5
15	67	0	1	1
15	68	1	1	4
15	69	2	2	0
15	70	5	3	7
15	71	4	2	4
15	72	3	2	4
15	73	3	4	5
15	74	3	3	4
15	75	4	2	4
15	76	1	1	0
15	77	2	2	4
15	78	4	2	6
15	79	3	2	4
15	80	1	2	0
15	81	1	2	2
15	82	1	2	2
15	83	6	3	5
15	84	4	3	5
15	85	2	1	7
15	86	3	2	1
15	87	3	2	5
15	88	3	4	5
15	89	2	2	6
15	90	1	2	3
16	1	5	5	6
16	2	5	4	5
16	3	7	6	8
16	4	6	5	9
16	5	7	5	9
16	6	7	7	12
16	7	8	5	9
16	8	7	6	10
16	9	4	4	4
16	10	5	5	9
16	11	5	6	9
16	12	8	5	8
16	13	4	4	6
16	14	8	6	10
16	15	6	6	8
16	16	6	4	8
16	17	7	4	9
16	18	5	4	9
16	19	8	5	11
16	20	9	6	9
16	21	6	5	9
16	22	8	6	9
16	23	7	6	6
16	24	8	6	8
16	25	4	3	5
16	26	7	6	12
16	27	6	5	9
16	28	7	6	9
16	29	5	5	9
16	30	4	5	8
16	31	7	6	10
16	32	5	5	6
16	33	9	6	8
16	34	7	5	9
16	35	1	3	3
16	36	7	4	8
16	37	2	2	5
16	38	7	4	12
16	39	6	5	9
16	40	7	5	5
16	41	6	6	8
16	42	7	6	11
16	43	6	4	9
16	44	8	6	7
16	45	7	6	9
16	46	6	5	7
16	47	4	3	6
16	48	2	4	7
16	49	7	4	9
16	50	4	4	7
16	51	10	5	11
16	52	7	4	8
16	53	8	5	8
16	54	8	5	8
16	55	3	6	6
16	56	6	6	8
16	57	8	5	8
16	58	8	6	11
16	59	8	7	7
16	60	6	5	7
16	61	5	4	5
16	62	7	5	11
16	63	6	5	9
16	64	7	5	10
16	65	8	7	7
16	66	6	5	8
16	67	6	5	5
16	68	9	5	11
16	69	6	6	9
16	70	5	5	4
16	71	5	4	9
16	72	5	4	7
16	73	3	5	6
16	74	6	3	6
16	75	5	3	5
16	76	5	4	5
16	77	7	5	12
16	78	3	5	7
16	79	5	3	2
16	80	5	5	8
16	81	9	5	11
16	82	5	5	10
16	83	6	5	10
16	84	9	5	10
16	85	5	4	7
16	86	7	6	10
16	87	6	4	6
16	88	5	4	7
16	89	9	7	10
16	90	8	6	9
17	1	6	3	8
17	2	2	2	3
17	3	3	3	3
17	4	8	6	9
17	5	6	3	4
17	6	6	3	5
17	7	3	4	8
17	8	6	5	7
17	9	6	5	9
17	10	5	3	3
17	11	2	4	2
17	12	5	3	4
17	13	2	3	3
17	14	5	4	8
17	15	6	4	8
17	16	7	5	11
17	17	5	5	4
17	18	5	3	5
17	19	5	4	8
17	20	4	5	8
17	21	5	3	6
17	22	1	2	1
17	23	5	3	8
17	24	6	5	7
17	25	4	2	5
17	26	6	3	6
17	27	3	4	6
17	28	5	5	8
17	29	3	4	5
17	30	4	4	5
17	31	6	2	8
17	32	4	4	2
17	33	3	3	5
17	34	4	3	7
17	35	3	4	5
17	36	5	3	5
17	37	6	5	9
17	38	2	1	2
17	39	4	2	3
17	40	5	4	6
17	41	7	6	6
17	42	5	3	5
17	43	6	3	6
17	44	3	3	6
17	45	6	4	6
17	46	6	5	7
17	47	4	3	5
17	48	4	4	6
17	49	4	4	4
17	50	5	4	6
17	51	7	4	9
17	52	4	4	5
17	53	6	3	4
17	54	6	4	8
17	55	4	3	6
17	56	6	5	9
17	57	4	4	6
17	58	7	4	5
17	59	2	4	4
17	60	4	3	6
17	61	4	5	6
17	62	3	4	5
17	63	2	3	2
17	64	7	4	10
17	65	4	4	6
17	66	1	1	5
17	67	4	3	8
17	68	2	2	2
17	69	4	3	3
17	70	4	5	6
17	71	3	2	3
17	72	5	4	8
17	73	6	2	5
17	74	6	6	6
17	75	2	3	4
17	76	3	1	5
17	77	4	5	8
17	78	4	5	4
17	79	3	4	7
17	80	3	4	7
17	81	6	4	8
17	82	3	4	7
17	83	3	3	3
17	84	5	2	2
17	85	3	4	0
17	86	3	5	6
17	87	4	4	5
17	88	5	3	7
17	89	5	4	7
17	90	3	3	5
18	1	0	1	0
18	2	4	3	2
18	3	0	0	0
18	4	3	1	1
18	5	-2	1	0
18	6	3	2	1
18	7	-2	0	0
18	8	1	0	0
18	9	4	2	5
18	10	1	2	3
18	11	-2	0	-2
18	12	1	0	0
18	13	0	1	3
18	14	0	0	0
18	15	2	0	3
18	16	1	1	0
18	17	-1	1	0
18	18	4	2	5
18	19	-2	0	-3
18	20	3	1	4
18	21	0	1	2
18	22	1	1	4
18	23	0	0	0
18	24	-1	1	0
18	25	-2	0	-2
18	26	0	0	1
18	27	1	3	9
18	28	3	1	3
18	29	2	2	4
18	30	2	0	1
18	31	4	3	3
18	32	2	1	1
18	33	2	1	3
18	34	0	0	0
18	35	0	0	4
18	36	0	0	0
18	37	1	1	2
18	38	2	1	6
18	39	1	2	2
18	40	0	0	1
18	41	-1	1	0
18	42	4	3	6
18	43	0	0	3
18	44	3	2	3
18	45	0	1	1
18	46	1	1	2
18	47	1	2	4
18	48	3	2	2
18	49	0	1	0
18	50	1	1	4
18	51	0	0	1
18	52	0	0	0
18	53	0	0	-1
18	54	0	1	5
18	55	0	1	0
18	56	-2	0	2
18	57	4	1	2
18	58	2	2	1
18	59	1	0	0
18	60	1	0	4
18	61	1	0	0
18	62	0	0	0
18	63	4	1	5
18	64	3	1	4
18	65	3	2	6
18	66	0	0	1
18	67	0	0	-1
18	68	0	0	-1
18	69	2	1	3
18	70	0	1	0
18	71	-3	0	-3
18	72	0	1	0
18	73	1	2	3
18	74	2	0	2
18	75	1	0	0
18	76	0	0	0
18	77	-1	0	2
18	78	1	2	1
18	79	3	1	5
18	80	0	0	0
18	81	4	2	5
18	82	1	1	3
18	83	-1	0	3
18	84	0	0	-4
18	85	0	1	1
18	86	-1	0	0
18	87	2	1	3
18	88	2	0	5
18	89	1	1	2
18	90	3	2	5
19	1	3	3	6
19	2	5	4	7
19	3	3	3	8
19	4	4	4	4
19	5	6	4	7
19	6	7	5	8
19	7	7	4	9
19	8	1	4	6
19	9	4	3	5
19	10	5	5	9
19	11	6	4	8
19	12	6	5	7
19	13	3	4	5
19	14	6	5	8
19	15	5	3	5
19	16	5	4	6
19	17	2	3	6
19	18	2	0	1
19	19	4	3	3
19	20	4	4	7
19	21	7	4	10
19	22	2	2	3
19	23	1	3	6
19	24	7	4	9
19	25	4	4	6
19	26	6	4	7
19	27	4	3	8
19	28	5	4	5
19	29	5	3	9
19	30	5	5	6
19	31	5	5	6
19	32	4	2	4
19	33	0	1	0
19	34	7	5	9
19	35	6	5	9
19	36	3	1	5
19	37	5	5	7
19	38	5	4	8
19	39	5	4	8
19	40	5	5	9
19	41	3	3	2
19	42	10	5	11
19	43	2	3	4
19	44	5	5	8
19	45	5	5	7
19	46	3	2	4
19	47	5	3	6
19	48	3	4	4
19	49	8	6	8
19	50	5	3	5
19	51	6	5	8
19	52	3	3	7
19	53	2	3	6
19	54	3	3	4
19	55	4	4	6
19	56	1	1	6
19	57	2	2	2
19	58	5	4	2
19	59	3	1	5
19	60	4	4	6
19	61	8	4	10
19	62	3	3	1
19	63	5	4	7
19	64	4	5	5
19	65	4	3	4
19	66	6	3	5
19	67	6	5	8
19	68	3	3	5
19	69	6	4	5
19	70	5	5	6
19	71	6	3	6
19	72	4	4	6
19	73	5	3	7
19	74	9	5	9
19	75	7	4	9
19	76	4	4	4
19	77	2	4	5
19	78	5	3	6
19	79	7	3	8
19	80	4	5	6
19	81	3	3	5
19	82	5	3	9
19	83	3	4	5
19	84	4	3	4
19	85	4	4	7
19	86	7	5	9
19	87	4	3	8
19	88	6	4	6
19	89	4	2	4
19	90	7	4	8
20	1	0	2	2
20	2	1	0	0
20	3	3	2	4
20	4	3	3	6
20	5	6	5	6
20	6	2	2	0
20	7	2	2	4
20	8	3	4	5
20	9	5	3	7
20	10	0	2	2
20	11	2	1	1
20	12	2	3	4
20	13	6	3	8
20	14	4	3	6
20	15	0	2	-1
20	16	6	3	6
20	17	5	2	5
20	18	4	2	3
20	19	2	4	2
20	20	5	2	5
20	21	4	3	3
20	22	3	3	5
20	23	2	2	6
20	24	1	2	2
20	25	3	3	3
20	26	3	3	3
20	27	3	2	6
20	28	5	3	6
20	29	2	2	4
20	30	3	2	6
20	31	5	3	4
20	32	1	1	2
20	33	6	3	7
20	34	2	3	5
20	35	2	1	6
20	36	1	3	4
20	37	4	2	3
20	38	2	2	5
20	39	6	3	3
20	40	2	1	3
20	41	1	1	3
20	42	0	2	3
20	43	2	3	3
20	44	3	4	6
20	45	8	4	7
20	46	2	3	5
20	47	4	4	5
20	48	4	4	5
20	49	3	2	4
20	50	1	0	2
20	51	2	3	3
20	52	2	1	5
20	53	3	3	5
20	54	2	1	5
20	55	2	2	3
20	56	2	1	4
20	57	1	3	5
20	58	5	2	6
20	59	3	3	3
20	60	2	2	5
20	61	0	2	2
20	62	6	3	7
20	63	2	3	4
20	64	2	3	2
20	65	3	4	4
20	66	3	3	4
20	67	1	1	0
20	68	3	3	6
20	69	2	4	5
20	70	4	3	7
20	71	3	2	5
20	72	3	2	3
20	73	0	0	0
20	74	3	1	0
20	75	4	2	5
20	76	6	1	7
20	77	0	1	0
20	78	4	3	6
20	79	4	4	5
20	80	1	2	3
20	81	4	3	5
20	82	2	2	1
20	83	2	2	5
20	84	4	3	5
20	85	4	2	6
20	86	1	3	1
20	87	2	3	4
20	88	1	1	2
20	89	3	3	5
20	90	0	2	0
21	1	0	0	-1
21	2	6	4	5
21	3	4	3	7
21	4	3	2	3
21	5	3	3	6
21	6	2	2	4
21	7	4	2	5
21	8	3	2	2
21	9	2	2	1
21	10	0	0	0
21	11	4	2	6
21	12	2	1	6
21	13	0	1	1
21	14	0	3	3
21	15	0	1	3
21	16	4	2	5
21	17	0	0	1
21	18	1	1	1
21	19	4	3	6
21	20	3	2	3
21	21	4	2	4
21	22	5	3	6
21	23	0	2	3
21	24	0	1	3
21	25	1	1	3
21	26	2	3	6
21	27	7	3	8
21	28	0	1	1
21	29	3	2	3
21	30	3	2	6
21	31	3	1	3
21	32	0	1	1
21	33	1	2	5
21	34	-1	2	0
21	35	3	3	2
21	36	3	2	4
21	37	3	4	6
21	38	0	0	0
21	39	4	3	4
21	40	1	1	0
21	41	1	2	-1
21	42	5	3	4
21	43	5	2	4
21	44	2	1	1
21	45	2	1	4
21	46	1	2	2
21	47	2	2	2
21	48	2	1	4
21	49	3	2	4
21	50	2	3	5
21	51	3	3	6
21	52	1	0	5
21	53	0	2	3
21	54	5	5	4
21	55	1	0	2
21	56	-3	0	0
21	57	2	3	3
21	58	1	1	4
21	59	0	1	0
21	60	3	3	5
21	61	5	3	6
21	62	2	1	0
21	63	3	3	4
21	64	3	1	4
21	65	4	1	3
21	66	2	3	3
21	67	3	0	5
21	68	1	1	1
21	69	2	1	2
21	70	5	4	3
21	71	0	-1	-2
21	72	3	3	4
21	73	-1	0	0
21	74	2	0	2
21	75	2	1	2
21	76	5	3	3
21	77	4	2	5
21	78	2	2	3
21	79	3	2	5
21	80	1	1	3
21	81	3	0	1
21	82	4	3	3
21	83	3	3	5
21	84	0	1	2
21	85	3	1	4
21	86	0	0	2
21	87	1	2	3
21	88	3	3	5
21	89	-1	0	0
21	90	0	0	-1
22	1	5	3	6
22	2	4	1	3
22	3	4	4	7
22	4	1	2	4
22	5	4	4	4
22	6	5	3	5
22	7	2	3	4
22	8	1	0	4
22	9	2	2	3
22	10	7	5	8
22	11	5	3	4
22	12	5	3	7
22	13	4	3	3
22	14	3	2	4
22	15	4	5	7
22	16	4	2	4
22	17	4	2	7
22	18	4	3	5
22	19	4	3	3
22	20	6	5	9
22	21	2	2	2
22	22	7	3	8
22	23	2	1	2
22	24	7	4	7
22	25	1	1	0
22	26	5	5	7
22	27	5	4	6
22	28	0	3	4
22	29	1	2	4
22	30	4	3	5
22	31	5	3	7
22	32	3	3	4
22	33	3	3	5
22	34	5	3	8
22	35	3	2	1
22	36	4	3	6
22	37	3	1	5
22	38	2	1	3
22	39	4	2	4
22	40	3	3	6
22	41	3	3	4
22	42	5	3	6
22	43	2	2	2
22	44	1	2	0
22	45	5	3	7
22	46	3	2	4
22	47	3	4	7
22	48	6	6	10
22	49	4	2	2
22	50	5	4	7
22	51	2	3	3
22	52	6	4	8
22	53	2	3	3
22	54	3	1	4
22	55	1	1	2
22	56	2	2	4
22	57	4	2	6
22	58	4	2	7
22	59	3	4	5
22	60	3	1	2
22	61	3	2	3
22	62	3	3	6
22	63	4	2	4
22	64	6	3	6
22	65	3	3	5
22	66	4	2	3
22	67	2	2	2
22	68	2	2	4
22	69	8	3	8
22	70	4	1	2
22	71	3	2	4
22	72	5	3	6
22	73	3	3	5
22	74	6	3	6
22	75	2	3	4
22	76	4	4	7
22	77	2	2	4
22	78	3	3	1
22	79	4	3	3
22	80	3	4	5
22	81	3	3	6
22	82	5	4	6
22	83	7	4	9
22	84	6	3	5
22	85	1	3	3
22	86	3	2	7
22	87	4	3	2
22	88	4	2	3
22	89	5	4	8
22	90	2	1	2
23	1	0	1	1
23	2	0	1	1
23	3	2	2	5
23	4	2	2	4
23	5	2	3	0
23	6	2	3	3
23	7	3	1	1
23	8	4	4	5
23	9	3	2	5
23	10	2	2	0
23	11	3	3	4
23	12	2	3	4
23	13	0	1	0
23	14	2	1	4
23	15	3	1	4
23	16	0	2	1
23	17	2	2	4
23	18	1	2	4
23	19	1	2	0
23	20	1	0	2
23	21	2	2	3
23	22	3	2	2
23	23	3	3	5
23	24	4	4	9
23	25	3	1	4
23	26	4	2	6
23	27	2	2	5
23	28	3	2	3
23	29	3	2	4
23	30	3	1	2
23	31	4	2	5
23	32	0	0	1
23	33	4	2	6
23	34	3	2	3
23	35	3	1	3
23	36	1	3	1
23	37	2	2	3
23	38	3	3	2
23	39	0	0	-1
23	40	3	0	0
23	41	2	2	2
23	42	3	2	3
23	43	1	2	3
23	44	0	1	2
23	45	2	1	3
23	46	1	0	1
23	47	2	2	4
23	48	0	1	0
23	49	0	1	3
23	50	1	0	0
23	51	1	1	1
23	52	0	0	0
23	53	3	2	2
23	54	3	2	4
23	55	3	1	3
23	56	0	0	0
23	57	1	1	3
23	58	2	1	3
23	59	1	1	0
23	60	1	2	2
23	61	4	2	5
23	62	1	1	2
23	63	0	0	1
23	64	1	2	1
23	65	1	1	1
23	66	1	1	0
23	67	1	2	1
23	68	1	3	1
23	69	1	2	2
23	70	4	2	5
23	71	1	2	3
23	72	4	2	4
23	73	3	2	7
23	74	2	2	1
23	75	3	2	6
23	76	1	2	1
23	77	0	2	2
23	78	2	2	4
23	79	2	2	3
23	80	4	2	2
23	81	2	2	2
23	82	1	2	1
23	83	0	0	0
23	84	3	2	3
23	85	5	3	6
23	86	1	1	0
23	87	1	1	3
23	88	3	2	4
23	89	0	1	1
23	90	3	3	2
24	1	3	2	3
24	2	1	1	2
24	3	3	3	6
24	4	3	4	5
24	5	4	2	6
24	6	3	2	8
24	7	1	1	1
24	8	0	0	2
24	9	3	2	5
24	10	3	1	6
24	11	2	3	3
24	12	2	2	1
24	13	0	1	2
24	14	3	2	5
24	15	0	1	0
24	16	3	2	3
24	17	3	2	3
24	18	0	2	5
24	19	4	1	4
24	20	0	1	0
24	21	3	3	5
24	22	0	1	0
24	23	0	0	1
24	24	2	2	2
24	25	2	2	2
24	26	0	2	3
24	27	3	1	2
24	28	2	2	4
24	29	0	0	2
24	30	3	3	4
24	31	3	2	5
24	32	5	2	6
24	33	4	2	5
24	34	6	3	7
24	35	2	1	1
24	36	3	2	3
24	37	0	0	0
24	38	2	1	1
24	39	3	3	3
24	40	3	3	3
24	41	1	2	2
24	42	2	4	5
24	43	0	1	1
24	44	2	1	2
24	45	2	3	4
24	46	2	3	3
24	47	2	2	3
24	48	3	3	1
24	49	4	3	4
24	50	3	2	4
24	51	2	2	4
24	52	2	1	0
24	53	1	1	0
24	54	0	2	0
24	55	-1	2	0
24	56	3	3	3
24	57	2	2	4
24	58	2	0	5
24	59	4	3	5
24	60	4	3	2
24	61	4	3	9
24	62	2	2	1
24	63	3	3	3
24	64	3	3	5
24	65	2	2	3
24	66	1	0	2
24	67	0	1	4
24	68	5	4	3
24	69	1	2	1
24	70	3	3	2
24	71	3	1	3
24	72	1	1	3
24	73	2	0	3
24	74	3	3	4
24	75	4	3	5
24	76	3	2	4
24	77	3	3	1
24	78	1	2	1
24	79	2	3	2
24	80	2	2	5
24	81	7	3	5
24	82	0	3	2
24	83	2	2	2
24	84	3	4	5
24	85	4	4	6
24	86	1	2	1
24	87	3	2	5
24	88	1	2	2
24	89	0	1	3
24	90	4	3	5
25	1	3	2	3
25	2	5	3	5
25	3	1	2	2
25	4	4	4	6
25	5	3	2	1
25	6	1	3	5
25	7	6	3	5
25	8	-1	1	3
25	9	1	0	5
25	10	4	3	5
25	11	2	3	4
25	12	4	3	5
25	13	3	2	5
25	14	1	0	0
25	15	0	1	2
25	16	3	3	4
25	17	3	3	7
25	18	3	3	0
25	19	2	2	4
25	20	2	3	2
25	21	0	2	4
25	22	2	2	2
25	23	5	2	6
25	24	3	4	6
25	25	4	3	4
25	26	7	2	6
25	27	2	1	3
25	28	3	3	4
25	29	2	2	5
25	30	1	2	1
25	31	2	2	1
25	32	2	2	3
25	33	4	2	5
25	34	3	2	3
25	35	2	2	2
25	36	1	0	0
25	37	2	3	4
25	38	1	2	4
25	39	4	2	4
25	40	0	1	0
25	41	1	1	1
25	42	2	2	3
25	43	1	1	1
25	44	-1	2	1
25	45	4	2	6
25	46	2	2	4
25	47	1	2	1
25	48	3	3	3
25	49	0	2	2
25	50	5	1	4
25	51	3	3	4
25	52	0	2	2
25	53	3	2	0
25	54	1	1	3
25	55	3	2	6
25	56	4	2	4
25	57	2	2	5
25	58	1	1	4
25	59	0	2	1
25	60	0	3	5
25	61	2	2	4
25	62	2	2	3
25	63	4	3	7
25	64	2	1	1
25	65	4	4	7
25	66	1	2	4
25	67	2	1	2
25	68	1	2	5
25	69	2	2	4
25	70	0	3	4
25	71	1	3	1
25	72	3	2	3
25	73	0	1	-1
25	74	1	2	3
25	75	3	2	3
25	76	4	2	2
25	77	4	3	5
25	78	4	2	3
25	79	3	3	6
25	80	3	3	6
25	81	0	1	0
25	82	3	2	4
25	83	5	4	6
25	84	2	2	0
25	85	3	3	5
25	86	0	2	3
25	87	4	2	2
25	88	2	2	3
25	89	0	2	2
25	90	2	3	2
26	1	2	2	3
26	2	0	0	1
26	3	1	2	3
26	4	1	1	3
26	5	0	1	0
26	6	5	0	2
26	7	5	3	7
26	8	2	2	3
26	9	0	0	0
26	10	0	0	-2
26	11	1	1	4
26	12	3	3	2
26	13	4	1	5
26	14	0	0	1
26	15	0	0	0
26	16	2	2	3
26	17	2	2	2
26	18	3	2	3
26	19	3	1	4
26	20	0	0	0
26	21	-2	0	1
26	22	0	0	1
26	23	1	1	3
26	24	2	2	3
26	25	1	2	3
26	26	-2	2	1
26	27	3	3	7
26	28	1	1	1
26	29	3	1	5
26	30	0	2	3
26	31	2	1	4
26	32	1	2	2
26	33	1	2	2
26	34	0	0	0
26	35	0	0	2
26	36	1	2	2
26	37	2	1	1
26	38	2	2	4
26	39	2	1	0
26	40	1	1	1
26	41	1	0	1
26	42	0	2	1
26	43	0	0	-1
26	44	0	2	3
26	45	2	2	2
26	46	0	0	0
26	47	0	0	1
26	48	1	0	3
26	49	-1	1	1
26	50	1	0	1
26	51	0	0	0
26	52	3	1	4
26	53	0	0	2
26	54	-1	1	-1
26	55	1	2	3
26	56	2	2	3
26	57	2	1	1
26	58	1	2	1
26	59	1	1	0
26	60	0	1	4
26	61	3	2	4
26	62	2	2	3
26	63	2	3	5
26	64	1	1	0
26	65	0	1	-1
26	66	1	2	3
26	67	6	4	8
26	68	2	1	0
26	69	2	2	4
26	70	2	1	2
26	71	0	1	1
26	72	1	1	1
26	73	1	0	0
26	74	3	2	4
26	75	2	1	2
26	76	2	2	2
26	77	4	2	4
26	78	5	2	6
26	79	3	2	0
26	80	0	0	0
26	81	0	0	0
26	82	0	0	0
26	83	-3	-1	0
26	84	4	4	5
26	85	0	0	0
26	86	3	1	2
26	87	3	1	2
26	88	0	1	3
26	89	3	1	4
26	90	1	1	3
27	1	6	4	5
27	2	3	2	4
27	3	6	5	9
27	4	5	4	6
27	5	6	3	6
27	6	4	3	4
27	7	6	4	9
27	8	7	5	8
27	9	7	3	8
27	10	5	4	9
27	11	2	3	4
27	12	4	4	5
27	13	4	3	5
27	14	3	4	4
27	15	5	6	6
27	16	5	2	8
27	17	4	2	3
27	18	2	2	3
27	19	6	4	8
27	20	5	3	6
27	21	2	2	3
27	22	6	3	3
27	23	5	4	6
27	24	6	5	8
27	25	0	3	1
27	26	2	3	4
27	27	4	3	6
27	28	4	4	7
27	29	6	4	6
27	30	4	3	4
27	31	1	4	1
27	32	2	4	6
27	33	3	3	5
27	34	4	4	6
27	35	6	4	11
27	36	3	4	6
27	37	5	3	3
27	38	3	4	4
27	39	4	2	4
27	40	5	4	7
27	41	3	4	4
27	42	8	6	9
27	43	5	4	8
27	44	5	4	6
27	45	4	3	6
27	46	5	6	11
27	47	6	4	5
27	48	5	4	5
27	49	4	4	4
27	50	4	4	3
27	51	3	3	3
27	52	6	5	8
27	53	3	4	5
27	54	4	3	5
27	55	5	4	7
27	56	6	5	9
27	57	4	4	7
27	58	4	3	7
27	59	5	4	6
27	60	7	3	5
27	61	5	5	7
27	62	8	5	11
27	63	5	4	7
27	64	6	3	6
27	65	5	4	6
27	66	5	5	8
27	67	5	6	6
27	68	3	3	5
27	69	5	5	5
27	70	2	2	3
27	71	4	4	9
27	72	4	4	7
27	73	3	3	4
27	74	1	5	6
27	75	5	5	5
27	76	5	3	7
27	77	6	4	9
27	78	6	4	8
27	79	5	5	7
27	80	5	3	6
27	81	2	2	4
27	82	4	3	6
27	83	7	4	9
27	84	6	3	5
27	85	2	4	3
27	86	5	3	5
27	87	4	3	10
27	88	4	4	6
27	89	7	5	5
27	90	7	6	7
28	1	6	4	8
28	2	4	4	2
28	3	4	3	4
28	4	0	2	2
28	5	3	2	3
28	6	7	5	10
28	7	5	3	7
28	8	5	2	3
28	9	4	2	5
28	10	3	3	4
28	11	7	3	11
28	12	3	4	6
28	13	3	3	5
28	14	3	5	8
28	15	2	4	2
28	16	3	3	6
28	17	6	5	7
28	18	4	2	5
28	19	5	4	7
28	20	5	4	7
28	21	1	2	2
28	22	5	4	4
28	23	5	4	5
28	24	4	3	5
28	25	7	3	5
28	26	3	3	4
28	27	3	2	5
28	28	6	4	8
28	29	3	3	2
28	30	7	4	7
28	31	6	6	11
28	32	5	4	7
28	33	5	3	6
28	34	3	3	6
28	35	5	4	5
28	36	3	2	5
28	37	3	4	4
28	38	4	2	3
28	39	4	3	8
28	40	5	5	5
28	41	4	4	8
28	42	6	6	7
28	43	5	3	5
28	44	5	4	7
28	45	3	0	0
28	46	4	2	2
28	47	4	4	8
28	48	4	1	2
28	49	3	3	7
28	50	3	2	1
28	51	2	3	7
28	52	4	3	5
28	53	3	3	5
28	54	1	1	0
28	55	4	3	7
28	56	5	3	6
28	57	5	4	5
28	58	5	2	0
28	59	8	4	6
28	60	5	6	7
28	61	2	1	0
28	62	6	4	8
28	63	1	3	0
28	64	3	3	4
28	65	1	3	2
28	66	4	2	4
28	67	7	3	6
28	68	4	4	6
28	69	3	3	7
28	70	1	1	2
28	71	5	3	4
28	72	6	3	6
28	73	4	3	7
28	74	2	3	3
28	75	7	5	8
28	76	1	2	2
28	77	5	5	8
28	78	3	3	3
28	79	7	4	7
28	80	3	2	5
28	81	2	3	2
28	82	5	5	10
28	83	4	3	7
28	84	4	4	7
28	85	5	3	5
28	86	4	4	6
28	87	4	2	4
28	88	6	3	6
28	89	3	4	6
28	90	5	3	7
29	1	1	2	1
29	2	2	3	5
29	3	1	2	4
29	4	1	1	3
29	5	1	1	2
29	6	4	2	5
29	7	1	1	1
29	8	3	4	5
29	9	3	3	3
29	10	1	2	3
29	11	3	2	4
29	12	0	1	4
29	13	1	1	4
29	14	3	1	5
29	15	3	2	4
29	16	0	0	3
29	17	0	1	3
29	18	-1	1	0
29	19	1	1	1
29	20	4	2	3
29	21	2	2	5
29	22	0	0	0
29	23	6	2	7
29	24	1	3	3
29	25	6	4	5
29	26	3	4	4
29	27	2	2	2
29	28	0	0	0
29	29	0	0	0
29	30	2	2	4
29	31	5	3	5
29	32	0	1	2
29	33	0	1	0
29	34	2	2	3
29	35	2	1	1
29	36	5	4	7
29	37	4	3	4
29	38	0	0	1
29	39	2	2	2
29	40	2	1	0
29	41	-1	0	0
29	42	2	2	3
29	43	1	1	2
29	44	0	2	1
29	45	3	1	4
29	46	5	2	6
29	47	4	4	4
29	48	0	0	-2
29	49	3	2	6
29	50	1	1	0
29	51	4	2	4
29	52	2	2	5
29	53	3	2	5
29	54	0	0	2
29	55	4	3	3
29	56	3	2	3
29	57	4	4	6
29	58	1	2	0
29	59	4	2	5
29	60	0	1	1
29	61	1	2	3
29	62	0	1	2
29	63	0	1	0
29	64	0	1	2
29	65	5	3	5
29	66	4	3	5
29	67	3	2	3
29	68	3	2	1
29	69	3	1	4
29	70	2	2	5
29	71	-1	0	1
29	72	3	2	1
29	73	0	2	0
29	74	0	1	0
29	75	2	2	4
29	76	0	1	1
29	77	0	1	2
29	78	0	1	4
29	79	3	2	1
29	80	2	2	3
29	81	2	1	5
29	82	1	1	1
29	83	4	4	5
29	84	2	3	8
29	85	4	2	3
29	86	2	3	2
29	87	3	2	5
29	88	1	2	1
29	89	2	1	3
29	90	2	1	4
30	1	7	4	8
30	2	4	4	7
30	3	6	4	10
30	4	6	5	7
30	5	4	3	4
30	6	4	3	6
30	7	7	4	7
30	8	7	4	10
30	9	5	3	8
30	10	3	3	7
30	11	6	4	8
30	12	3	2	4
30	13	5	5	5
30	14	3	3	3
30	15	5	3	6
30	16	6	5	9
30	17	3	2	6
30	18	6	4	7
30	19	6	4	8
30	20	5	5	8
30	21	5	4	7
30	22	4	4	5
30	23	5	3	4
30	24	4	3	5
30	25	6	4	8
30	26	2	5	4
30	27	5	3	8
30	28	3	3	3
30	29	1	4	3
30	30	5	5	6
30	31	8	4	8
30	32	9	6	9
30	33	6	3	3
30	34	5	4	6
30	35	4	5	6
30	36	6	4	8
30	37	1	2	3
30	38	7	5	8
30	39	4	3	5
30	40	4	4	6
30	41	3	2	4
30	42	5	4	6
30	43	3	5	5
30	44	5	5	8
30	45	3	4	4
30	46	5	4	8
30	47	5	5	4
30	48	5	3	5
30	49	4	3	4
30	50	4	3	7
30	51	5	3	7
30	52	5	4	4
30	53	4	3	4
30	54	6	5	7
30	55	4	4	6
30	56	6	5	6
30	57	7	4	10
30	58	6	5	9
30	59	8	5	10
30	60	5	4	7
30	61	8	5	11
30	62	5	6	10
30	63	4	4	6
30	64	4	4	9
30	65	4	3	4
30	66	7	5	10
30	67	4	4	5
30	68	7	3	9
30	69	4	4	5
30	70	5	3	4
30	71	8	5	9
30	72	9	5	8
30	73	7	4	6
30	74	6	4	8
30	75	7	4	10
30	76	7	4	6
30	77	8	6	12
30	78	7	6	10
30	79	6	3	6
30	80	5	4	7
30	81	6	4	5
30	82	5	3	6
30	83	4	4	7
30	84	8	5	10
30	85	1	3	2
30	86	4	4	5
30	87	4	5	7
30	88	5	5	5
30	89	8	4	10
30	90	4	3	6
31	1	4	3	2
31	2	3	4	3
31	3	6	3	8
31	4	8	5	9
31	5	3	4	4
31	6	5	4	7
31	7	0	3	0
31	8	6	4	7
31	9	6	4	7
31	10	2	2	-1
31	11	4	4	6
31	12	4	3	4
31	13	3	2	5
31	14	3	4	4
31	15	2	3	1
31	16	4	5	7
31	17	5	2	6
31	18	5	4	7
31	19	5	3	6
31	20	7	4	8
31	21	5	4	4
31	22	3	1	1
31	23	3	3	5
31	24	5	5	8
31	25	3	4	3
31	26	7	3	9
31	27	6	4	7
31	28	6	3	7
31	29	3	3	6
31	30	3	2	2
31	31	5	4	3
31	32	4	3	5
31	33	4	5	7
31	34	4	3	5
31	35	2	2	4
31	36	8	5	10
31	37	4	5	7
31	38	3	3	2
31	39	4	5	6
31	40	5	4	4
31	41	6	4	9
31	42	3	2	3
31	43	5	4	3
31	44	3	2	4
31	45	5	3	6
31	46	3	3	4
31	47	2	3	4
31	48	3	3	4
31	49	5	5	6
31	50	4	4	3
31	51	4	3	6
31	52	3	2	3
31	53	2	3	2
31	54	7	5	9
31	55	5	4	7
31	56	2	4	4
31	57	4	3	4
31	58	7	4	9
31	59	4	3	5
31	60	4	4	2
31	61	5	3	6
31	62	4	2	6
31	63	6	3	6
31	64	5	3	7
31	65	6	4	7
31	66	3	3	3
31	67	3	4	4
31	68	4	2	5
31	69	3	2	2
31	70	7	5	5
31	71	5	4	5
31	72	4	2	1
31	73	3	2	4
31	74	2	3	5
31	75	5	5	7
31	76	6	6	7
31	77	1	3	4
31	78	4	4	5
31	79	4	4	5
31	80	9	6	13
31	81	0	2	0
31	82	4	2	6
31	83	2	3	3
31	84	4	2	5
31	85	4	4	5
31	86	2	4	3
31	87	7	5	8
31	88	4	2	5
31	89	6	6	9
31	90	5	5	7
32	1	1	3	1
32	2	1	2	3
32	3	2	3	5
32	4	2	3	3
32	5	4	3	3
32	6	3	2	5
32	7	5	3	4
32	8	2	3	4
32	9	2	3	2
32	10	1	2	1
32	11	4	3	5
32	12	6	4	9
32	13	1	2	2
32	14	4	4	6
32	15	4	4	8
32	16	8	4	7
32	17	3	1	2
32	18	4	3	5
32	19	2	2	3
32	20	3	3	5
32	21	1	1	2
32	22	4	1	6
32	23	2	2	3
32	24	4	2	6
32	25	2	2	5
32	26	3	2	4
32	27	2	3	4
32	28	3	3	5
32	29	6	3	7
32	30	1	2	1
32	31	5	6	9
32	32	4	3	6
32	33	3	3	5
32	34	2	1	0
32	35	2	2	4
32	36	5	3	5
32	37	4	3	4
32	38	2	2	4
32	39	2	2	5
32	40	2	1	2
32	41	2	1	2
32	42	4	2	5
32	43	2	2	5
32	44	5	2	6
32	45	2	3	1
32	46	3	3	4
32	47	2	3	6
32	48	3	1	2
32	49	5	2	6
32	50	0	3	5
32	51	2	3	4
32	52	4	3	6
32	53	1	2	2
32	54	2	3	5
32	55	3	3	4
32	56	5	2	5
32	57	5	3	4
32	58	2	3	2
32	59	6	3	6
32	60	4	1	4
32	61	1	0	1
32	62	1	1	2
32	63	4	4	9
32	64	4	3	6
32	65	2	3	4
32	66	4	3	2
32	67	5	5	8
32	68	5	3	9
32	69	4	1	2
32	70	0	2	1
32	71	5	5	7
32	72	3	3	5
32	73	2	3	1
32	74	5	4	4
32	75	0	1	2
32	76	2	2	5
32	77	3	3	5
32	78	3	3	5
32	79	0	1	0
32	80	5	2	6
32	81	4	4	6
32	82	1	1	3
32	83	2	2	3
32	84	4	4	5
32	85	4	3	6
32	86	1	2	2
32	87	2	1	1
32	88	4	3	6
32	89	2	2	0
32	90	0	3	4
33	1	7	5	6
33	2	1	3	3
33	3	3	2	1
33	4	3	4	6
33	5	6	4	6
33	6	2	4	4
33	7	5	4	6
33	8	4	3	1
33	9	7	3	6
33	10	4	4	4
33	11	6	6	7
33	12	5	3	7
33	13	5	3	7
33	14	8	5	11
33	15	5	2	7
33	16	6	5	7
33	17	6	4	9
33	18	5	4	8
33	19	9	5	9
33	20	7	6	7
33	21	4	3	6
33	22	6	5	9
33	23	6	4	4
33	24	7	4	9
33	25	3	3	6
33	26	6	5	9
33	27	3	4	5
33	28	4	3	5
33	29	6	5	9
33	30	8	4	7
33	31	7	4	7
33	32	6	5	6
33	33	5	4	7
33	34	9	6	11
33	35	2	3	3
33	36	3	5	2
33	37	3	3	3
33	38	6	4	6
33	39	4	4	5
33	40	5	5	6
33	41	7	5	10
33	42	5	4	7
33	43	7	5	10
33	44	2	4	3
33	45	7	5	9
33	46	7	4	6
33	47	5	4	6
33	48	5	3	6
33	49	8	6	9
33	50	6	6	11
33	51	4	3	5
33	52	10	7	12
33	53	7	5	12
33	54	3	4	6
33	55	4	3	8
33	56	5	4	7
33	57	3	4	7
33	58	5	4	10
33	59	4	5	6
33	60	5	5	5
33	61	7	4	9
33	62	3	3	0
33	63	5	4	6
33	64	6	5	6
33	65	5	4	5
33	66	5	4	7
33	67	4	4	6
33	68	5	3	6
33	69	6	5	8
33	70	5	4	8
33	71	5	4	5
33	72	5	4	5
33	73	2	2	3
33	74	1	4	4
33	75	7	6	11
33	76	3	5	5
33	77	5	3	6
33	78	4	4	6
33	79	7	5	8
33	80	3	4	7
33	81	6	5	7
33	82	3	3	7
33	83	4	4	3
33	84	5	5	9
33	85	3	4	4
33	86	8	5	10
33	87	5	4	7
33	88	6	5	9
33	89	5	3	9
33	90	2	4	6
34	1	6	3	8
34	2	4	3	5
34	3	8	6	9
34	4	4	4	7
34	5	3	3	3
34	6	4	5	4
34	7	3	3	4
34	8	0	3	2
34	9	6	4	5
34	10	6	3	7
34	11	5	3	3
34	12	3	4	3
34	13	3	3	5
34	14	2	4	2
34	15	6	5	6
34	16	6	3	9
34	17	4	3	4
34	18	4	3	5
34	19	8	4	10
34	20	4	3	5
34	21	2	5	7
34	22	6	5	7
34	23	6	5	8
34	24	5	5	9
34	25	6	3	9
34	26	2	3	4
34	27	3	3	6
34	28	7	4	6
34	29	2	3	7
34	30	2	2	0
34	31	3	3	2
34	32	6	4	7
34	33	5	3	7
34	34	2	4	4
34	35	5	4	8
34	36	3	4	7
34	37	7	5	7
34	38	9	5	11
34	39	1	3	4
34	40	4	4	7
34	41	5	3	6
34	42	1	1	3
34	43	5	3	6
34	44	4	3	5
34	45	10	6	9
34	46	0	2	0
34	47	8	5	10
34	48	6	4	9
34	49	6	3	7
34	50	5	4	5
34	51	4	4	3
34	52	6	4	8
34	53	3	3	5
34	54	6	5	8
34	55	6	3	7
34	56	7	6	8
34	57	3	4	7
34	58	4	4	5
34	59	7	4	7
34	60	5	5	6
34	61	7	4	9
34	62	6	4	8
34	63	4	3	7
34	64	5	4	8
34	65	5	3	7
34	66	7	5	9
34	67	2	3	3
34	68	7	4	6
34	69	3	3	2
34	70	7	3	6
34	71	1	2	6
34	72	5	3	5
34	73	2	3	3
34	74	2	3	6
34	75	3	3	4
34	76	6	4	9
34	77	5	3	4
34	78	2	3	6
34	79	6	5	9
34	80	5	5	12
34	81	7	5	8
34	82	3	3	4
34	83	8	5	10
34	84	3	3	2
34	85	5	5	6
34	86	5	4	8
34	87	3	4	5
34	88	6	4	7
34	89	6	4	6
34	90	6	3	6
35	1	6	4	7
35	2	3	3	3
35	3	5	3	6
35	4	5	5	5
35	5	4	4	7
35	6	2	2	7
35	7	2	2	4
35	8	4	4	1
35	9	3	4	5
35	10	5	5	4
35	11	5	3	5
35	12	6	4	9
35	13	6	5	6
35	14	3	3	2
35	15	7	3	7
35	16	5	4	8
35	17	4	4	5
35	18	4	3	6
35	19	5	3	6
35	20	4	3	7
35	21	4	3	5
35	22	4	5	8
35	23	2	2	3
35	24	4	4	3
35	25	4	3	4
35	26	4	3	3
35	27	4	5	7
35	28	4	3	5
35	29	3	3	5
35	30	6	3	8
35	31	2	3	3
35	32	5	6	5
35	33	5	4	8
35	34	2	2	1
35	35	4	3	5
35	36	6	5	12
35	37	5	4	3
35	38	5	3	6
35	39	3	4	6
35	40	6	3	7
35	41	4	3	7
35	42	5	3	5
35	43	2	3	5
35	44	4	4	5
35	45	4	3	6
35	46	2	3	4
35	47	7	5	7
35	48	5	3	7
35	49	3	3	5
35	50	6	5	6
35	51	5	4	8
35	52	5	4	5
35	53	5	3	6
35	54	5	2	5
35	55	4	4	6
35	56	4	3	3
35	57	3	3	3
35	58	6	3	7
35	59	5	5	5
35	60	3	3	4
35	61	4	4	6
35	62	0	2	3
35	63	2	2	5
35	64	6	4	7
35	65	3	3	3
35	66	2	3	4
35	67	5	3	7
35	68	7	5	9
35	69	8	5	10
35	70	6	6	10
35	71	7	5	9
35	72	7	4	8
35	73	8	5	10
35	74	5	4	4
35	75	4	4	6
35	76	5	4	6
35	77	4	4	5
35	78	1	3	4
35	79	8	5	11
35	80	3	4	4
35	81	3	4	3
35	82	3	3	3
35	83	6	5	6
35	84	5	5	6
35	85	5	3	6
35	86	7	3	9
35	87	5	5	5
35	88	6	6	6
35	89	4	4	5
35	90	5	4	6
36	1	2	3	4
36	2	7	6	5
36	3	2	4	6
36	4	6	5	9
36	5	2	2	2
36	6	3	5	5
36	7	4	4	5
36	8	6	5	7
36	9	5	3	6
36	10	7	4	6
36	11	5	2	8
36	12	5	4	7
36	13	6	4	8
36	14	7	5	11
36	15	5	3	8
36	16	4	3	7
36	17	7	6	9
36	18	4	4	5
36	19	5	5	7
36	20	7	5	9
36	21	4	5	6
36	22	5	4	5
36	23	4	4	5
36	24	3	6	6
36	25	4	4	6
36	26	2	4	5
36	27	7	6	12
36	28	4	3	2
36	29	5	4	4
36	30	5	4	9
36	31	3	5	6
36	32	8	5	7
36	33	2	3	3
36	34	3	3	6
36	35	4	5	5
36	36	3	3	2
36	37	3	5	4
36	38	2	3	5
36	39	6	5	6
36	40	3	3	6
36	41	4	3	7
36	42	4	4	4
36	43	6	4	6
36	44	3	3	3
36	45	1	3	1
36	46	7	6	8
36	47	4	4	6
36	48	4	4	6
36	49	2	2	3
36	50	3	4	10
36	51	6	4	8
36	52	4	3	7
36	53	8	4	5
36	54	6	4	7
36	55	2	4	5
36	56	8	5	9
36	57	7	4	7
36	58	6	4	9
36	59	4	4	5
36	60	5	3	3
36	61	3	2	4
36	62	5	4	5
36	63	5	3	6
36	64	7	2	8
36	65	5	3	4
36	66	6	3	7
36	67	7	5	8
36	68	3	1	3
36	69	4	3	5
36	70	3	1	3
36	71	5	2	7
36	72	4	4	3
36	73	4	4	5
36	74	4	3	7
36	75	3	3	4
36	76	4	4	5
36	77	5	5	9
36	78	4	4	5
36	79	2	2	4
36	80	2	2	6
36	81	2	2	3
36	82	3	3	3
36	83	3	4	3
36	84	3	1	4
36	85	3	3	3
36	86	8	5	9
36	87	8	5	10
36	88	8	5	12
36	89	5	4	6
36	90	4	3	5
37	1	2	3	1
37	2	4	4	3
37	3	4	3	6
37	4	8	5	8
37	5	6	4	7
37	6	6	5	6
37	7	4	3	4
37	8	2	2	3
37	9	4	3	5
37	10	4	4	4
37	11	5	3	5
37	12	8	7	10
37	13	6	4	7
37	14	4	4	6
37	15	3	2	2
37	16	4	3	5
37	17	5	4	6
37	18	5	3	5
37	19	6	3	6
37	20	6	5	6
37	21	4	3	6
37	22	3	4	3
37	23	5	3	6
37	24	5	5	6
37	25	7	3	7
37	26	3	4	6
37	27	3	4	3
37	28	3	3	2
37	29	4	4	6
37	30	7	3	9
37	31	4	4	7
37	32	2	4	3
37	33	0	1	0
37	34	5	3	7
37	35	3	4	6
37	36	5	5	7
37	37	8	5	10
37	38	3	3	5
37	39	5	5	6
37	40	4	2	6
37	41	4	4	5
37	42	3	3	4
37	43	5	4	7
37	44	5	4	8
37	45	6	5	11
37	46	3	3	2
37	47	4	4	9
37	48	4	4	6
37	49	4	3	7
37	50	4	3	4
37	51	4	3	3
37	52	4	4	5
37	53	6	5	7
37	54	5	5	5
37	55	7	3	5
37	56	5	4	8
37	57	3	2	5
37	58	6	2	5
37	59	6	3	6
37	60	7	4	8
37	61	4	3	7
37	62	8	4	9
37	63	6	3	7
37	64	4	4	7
37	65	4	1	3
37	66	4	3	3
37	67	5	3	2
37	68	3	3	4
37	69	4	3	3
37	70	3	3	6
37	71	3	3	3
37	72	2	2	4
37	73	7	4	5
37	74	4	3	6
37	75	3	3	3
37	76	7	5	9
37	77	0	2	2
37	78	6	4	6
37	79	6	4	9
37	80	4	3	4
37	81	3	5	6
37	82	4	5	6
37	83	5	3	3
37	84	6	4	7
37	85	2	2	3
37	86	4	3	5
37	87	5	4	7
37	88	5	3	4
37	89	5	4	5
37	90	8	5	7
38	1	3	4	8
38	2	3	1	2
38	3	6	3	5
38	4	2	1	5
38	5	2	2	8
38	6	3	4	9
38	7	4	4	7
38	8	5	2	5
38	9	4	2	3
38	10	4	3	5
38	11	1	1	4
38	12	2	2	5
38	13	6	4	7
38	14	4	3	5
38	15	2	2	2
38	16	0	1	1
38	17	2	2	6
38	18	4	3	7
38	19	2	4	4
38	20	1	4	2
38	21	3	2	5
38	22	4	5	6
38	23	1	2	4
38	24	3	2	2
38	25	4	3	5
38	26	4	3	5
38	27	1	2	5
38	28	3	3	4
38	29	3	2	0
38	30	3	2	5
38	31	6	3	7
38	32	6	4	4
38	33	4	4	5
38	34	2	3	3
38	35	0	2	7
38	36	1	3	6
38	37	3	1	2
38	38	1	4	2
38	39	4	3	4
38	40	3	3	5
38	41	5	3	6
38	42	1	1	3
38	43	4	4	5
38	44	4	3	6
38	45	4	2	4
38	46	4	4	4
38	47	3	2	2
38	48	3	3	5
38	49	0	0	-1
38	50	2	3	4
38	51	6	4	8
38	52	6	4	5
38	53	0	0	-1
38	54	3	4	5
38	55	2	2	3
38	56	2	4	4
38	57	0	2	2
38	58	3	3	5
38	59	2	3	4
38	60	5	4	3
38	61	5	2	5
38	62	0	3	2
38	63	3	3	5
38	64	5	3	5
38	65	4	2	5
38	66	3	4	4
38	67	3	3	1
38	68	4	4	5
38	69	3	3	5
38	70	3	2	4
38	71	6	4	8
38	72	6	3	7
38	73	5	3	9
38	74	4	3	6
38	75	7	3	8
38	76	2	2	3
38	77	4	3	7
38	78	6	5	9
38	79	4	4	7
38	80	5	3	8
38	81	3	3	6
38	82	5	3	5
38	83	2	3	1
38	84	5	3	5
38	85	2	2	1
38	86	7	4	7
38	87	2	3	2
38	88	2	3	4
38	89	3	2	4
38	90	2	1	2
39	1	2	3	7
39	2	3	2	3
39	3	4	2	2
39	4	6	4	10
39	5	2	1	0
39	6	3	1	3
39	7	5	4	6
39	8	1	2	0
39	9	4	2	7
39	10	4	5	7
39	11	0	0	1
39	12	2	1	2
39	13	0	2	3
39	14	4	1	5
39	15	1	3	4
39	16	4	3	9
39	17	0	2	2
39	18	3	2	4
39	19	3	2	5
39	20	4	2	4
39	21	0	0	0
39	22	3	2	5
39	23	6	3	8
39	24	4	4	8
39	25	1	2	3
39	26	2	2	3
39	27	2	1	5
39	28	1	3	3
39	29	2	3	1
39	30	6	4	6
39	31	6	4	8
39	32	3	3	1
39	33	0	2	0
39	34	3	2	3
39	35	3	3	7
39	36	3	3	2
39	37	4	2	7
39	38	3	1	5
39	39	2	2	3
39	40	4	3	8
39	41	2	3	2
39	42	3	2	3
39	43	3	4	2
39	44	5	4	4
39	45	0	1	0
39	46	4	3	6
39	47	2	2	7
39	48	5	3	5
39	49	3	1	3
39	50	4	3	4
39	51	0	1	1
39	52	5	3	4
39	53	1	2	0
39	54	6	4	5
39	55	2	3	4
39	56	1	1	3
39	57	3	3	4
39	58	0	1	1
39	59	2	2	2
39	60	4	2	7
39	61	5	3	6
39	62	3	3	3
39	63	4	3	6
39	64	1	2	2
39	65	6	3	9
39	66	4	3	4
39	67	1	4	3
39	68	4	4	3
39	69	2	2	2
39	70	3	2	3
39	71	4	4	3
39	72	5	4	5
39	73	1	2	4
39	74	1	1	3
39	75	4	2	5
39	76	4	2	6
39	77	8	3	6
39	78	6	4	7
39	79	2	4	7
39	80	0	2	0
39	81	3	3	6
39	82	3	2	6
39	83	0	2	2
39	84	3	3	3
39	85	2	2	2
39	86	3	4	4
39	87	4	2	4
39	88	1	2	0
39	89	2	0	5
39	90	2	5	2
40	1	1	1	3
40	2	2	1	5
40	3	4	3	4
40	4	1	2	3
40	5	4	2	3
40	6	4	3	4
40	7	2	2	2
40	8	3	3	7
40	9	3	3	5
40	10	4	3	6
40	11	1	2	3
40	12	0	1	2
40	13	4	4	2
40	14	5	3	8
40	15	8	4	8
40	16	6	4	7
40	17	3	3	6
40	18	3	2	1
40	19	3	4	6
40	20	6	3	7
40	21	2	3	2
40	22	4	1	2
40	23	6	4	8
40	24	5	3	9
40	25	4	4	5
40	26	0	1	0
40	27	1	1	2
40	28	6	3	7
40	29	5	4	8
40	30	1	2	4
40	31	2	1	3
40	32	3	4	5
40	33	3	3	5
40	34	1	1	4
40	35	6	3	3
40	36	6	3	5
40	37	1	3	4
40	38	4	3	5
40	39	3	1	7
40	40	4	3	4
40	41	2	2	3
40	42	4	3	5
40	43	3	3	3
40	44	3	2	5
40	45	2	3	5
40	46	4	4	7
40	47	1	1	3
40	48	0	0	0
40	49	5	4	7
40	50	3	2	3
40	51	4	3	4
40	52	4	4	7
40	53	1	2	1
40	54	3	1	1
40	55	2	2	4
40	56	0	2	3
40	57	3	3	4
40	58	5	4	3
40	59	3	2	5
40	60	4	3	5
40	61	2	3	3
40	62	3	3	4
40	63	3	2	4
40	64	4	3	4
40	65	3	1	6
40	66	1	2	4
40	67	3	2	4
40	68	1	1	2
40	69	4	4	4
40	70	4	1	1
40	71	4	3	7
40	72	4	3	8
40	73	0	2	0
40	74	6	3	6
40	75	0	2	3
40	76	2	2	4
40	77	6	4	5
40	78	5	2	5
40	79	0	3	2
40	80	4	4	5
40	81	3	3	2
40	82	4	3	6
40	83	1	1	2
40	84	5	3	6
40	85	5	4	6
40	86	0	1	2
40	87	5	4	6
40	88	3	3	1
40	89	2	3	5
40	90	3	3	5
41	1	1	3	7
41	2	4	4	6
41	3	3	2	6
41	4	1	2	4
41	5	1	2	4
41	6	6	1	1
41	7	1	2	2
41	8	2	2	3
41	9	1	0	2
41	10	3	3	4
41	11	5	0	1
41	12	0	1	1
41	13	3	2	3
41	14	3	2	7
41	15	5	2	6
41	16	3	2	5
41	17	3	3	3
41	18	4	2	5
41	19	0	1	1
41	20	0	2	2
41	21	1	1	2
41	22	4	2	3
41	23	4	2	6
41	24	4	3	8
41	25	4	4	5
41	26	4	3	5
41	27	3	2	3
41	28	1	2	3
41	29	4	0	3
41	30	2	2	4
41	31	2	2	2
41	32	2	3	2
41	33	2	1	0
41	34	0	1	1
41	35	5	3	9
41	36	2	2	4
41	37	2	2	2
41	38	0	1	4
41	39	3	2	5
41	40	3	2	3
41	41	2	2	2
41	42	3	1	1
41	43	4	2	6
41	44	3	2	3
41	45	1	2	6
41	46	7	4	8
41	47	3	4	5
41	48	2	3	3
41	49	2	2	1
41	50	5	2	6
41	51	1	1	0
41	52	1	3	3
41	53	3	4	3
41	54	1	1	2
41	55	3	2	5
41	56	4	2	4
41	57	3	3	3
41	58	1	2	1
41	59	3	2	2
41	60	3	3	5
41	61	1	3	7
41	62	4	3	6
41	63	2	3	2
41	64	4	3	5
41	65	0	1	3
41	66	2	1	0
41	67	2	1	2
41	68	3	1	3
41	69	2	3	6
41	70	0	2	2
41	71	3	3	4
41	72	1	1	0
41	73	4	4	4
41	74	0	1	-1
41	75	3	3	4
41	76	1	1	2
41	77	2	2	1
41	78	2	2	3
41	79	5	1	2
41	80	2	2	2
41	81	0	1	0
41	82	4	2	3
41	83	4	2	4
41	84	2	1	2
41	85	3	1	5
41	86	5	4	6
41	87	5	2	7
41	88	3	2	1
41	89	1	0	2
41	90	1	3	4
42	1	5	2	6
42	2	2	2	3
42	3	2	3	2
42	4	0	2	3
42	5	6	3	5
42	6	3	0	2
42	7	4	3	4
42	8	4	2	5
42	9	3	1	8
42	10	4	3	8
42	11	1	2	3
42	12	5	3	4
42	13	5	3	7
42	14	0	3	5
42	15	4	1	6
42	16	4	4	4
42	17	5	3	4
42	18	2	3	1
42	19	6	5	7
42	20	2	3	2
42	21	0	1	0
42	22	4	3	6
42	23	0	2	0
42	24	5	3	5
42	25	0	1	4
42	26	1	2	1
42	27	3	3	3
42	28	5	3	6
42	29	4	3	4
42	30	1	2	3
42	31	4	2	3
42	32	3	2	4
42	33	3	1	6
42	34	2	4	3
42	35	4	4	6
42	36	1	1	1
42	37	4	3	6
42	38	3	2	3
42	39	1	2	1
42	40	6	3	6
42	41	5	3	2
42	42	3	2	3
42	43	1	2	2
42	44	4	4	9
42	45	1	1	1
42	46	4	2	5
42	47	5	3	6
42	48	1	0	2
42	49	4	2	4
42	50	6	4	4
42	51	1	2	2
42	52	2	3	4
42	53	6	4	7
42	54	1	1	2
42	55	1	1	4
42	56	1	2	4
42	57	3	1	3
42	58	4	4	4
42	59	3	2	2
42	60	3	3	7
42	61	4	4	6
42	62	3	3	6
42	63	4	3	6
42	64	3	1	5
42	65	5	2	2
42	66	6	3	6
42	67	5	2	5
42	68	4	3	6
42	69	5	2	5
42	70	2	2	3
42	71	3	2	3
42	72	3	3	2
42	73	3	2	4
42	74	3	2	5
42	75	6	4	8
42	76	2	2	3
42	77	5	2	4
42	78	1	1	2
42	79	1	1	5
42	80	3	3	3
42	81	4	4	6
42	82	4	3	3
42	83	3	3	5
42	84	4	3	6
42	85	3	2	7
42	86	5	3	5
42	87	6	3	8
42	88	5	4	4
42	89	4	4	6
42	90	2	2	3
43	1	3	2	5
43	2	1	2	3
43	3	0	1	0
43	4	2	2	2
43	5	4	2	5
43	6	0	1	1
43	7	5	1	4
43	8	0	0	1
43	9	1	2	5
43	10	0	1	1
43	11	4	1	3
43	12	1	1	0
43	13	1	1	2
43	14	3	2	7
43	15	1	1	4
43	16	0	1	1
43	17	4	3	3
43	18	5	1	8
43	19	4	3	7
43	20	1	1	0
43	21	0	0	1
43	22	3	2	3
43	23	2	2	2
43	24	3	2	5
43	25	1	2	1
43	26	3	1	3
43	27	4	4	4
43	28	2	2	3
43	29	3	2	6
43	30	3	1	3
43	31	0	2	4
43	32	2	1	0
43	33	2	2	1
43	34	1	0	0
43	35	2	3	4
43	36	-1	1	-1
43	37	1	1	0
43	38	1	1	4
43	39	5	3	4
43	40	0	2	0
43	41	3	2	5
43	42	2	2	1
43	43	5	2	4
43	44	3	1	3
43	45	3	3	1
43	46	1	2	1
43	47	0	0	-1
43	48	2	3	4
43	49	0	3	2
43	50	2	0	1
43	51	2	1	3
43	52	0	0	0
43	53	2	1	3
43	54	0	0	-2
43	55	3	2	3
43	56	0	0	1
43	57	5	2	5
43	58	0	0	-1
43	59	2	1	2
43	60	2	1	3
43	61	4	1	3
43	62	0	-1	0
43	63	1	1	1
43	64	3	2	2
43	65	1	1	5
43	66	3	2	1
43	67	3	2	4
43	68	0	0	-1
43	69	4	2	7
43	70	2	2	4
43	71	0	0	0
43	72	1	2	3
43	73	4	2	6
43	74	1	3	3
43	75	3	1	0
43	76	3	3	3
43	77	0	3	-1
43	78	1	2	2
43	79	1	2	4
43	80	2	2	3
43	81	1	1	2
43	82	2	3	4
43	83	4	2	4
43	84	0	1	1
43	85	2	1	4
43	86	3	2	6
43	87	1	2	2
43	88	1	0	1
43	89	2	1	1
43	90	2	3	6
44	1	6	5	5
44	2	5	5	8
44	3	11	6	10
44	4	8	6	7
44	5	6	6	9
44	6	8	7	12
44	7	9	6	9
44	8	6	7	11
44	9	10	7	9
44	10	6	4	5
44	11	9	6	10
44	12	7	5	8
44	13	9	7	9
44	14	7	6	7
44	15	6	5	5
44	16	6	5	10
44	17	9	7	11
44	18	5	6	7
44	19	3	4	6
44	20	9	8	13
44	21	7	5	8
44	22	8	6	8
44	23	7	4	10
44	24	8	6	11
44	25	6	4	9
44	26	6	3	8
44	27	9	5	11
44	28	9	6	12
44	29	6	6	12
44	30	5	5	9
44	31	8	6	12
44	32	5	4	6
44	33	7	7	8
44	34	5	4	6
44	35	4	6	8
44	36	8	6	10
44	37	7	4	8
44	38	10	6	9
44	39	6	7	9
44	40	9	6	10
44	41	8	7	14
44	42	5	5	7
44	43	9	6	8
44	44	10	6	13
44	45	7	5	9
44	46	5	4	9
44	47	5	5	5
44	48	7	6	13
44	49	10	8	13
44	50	4	5	6
44	51	5	4	7
44	52	4	2	9
44	53	8	4	7
44	54	5	4	7
44	55	6	5	7
44	56	8	8	15
44	57	5	3	6
44	58	7	4	8
44	59	9	7	12
44	60	7	5	9
44	61	5	4	6
44	62	7	6	10
44	63	8	6	10
44	64	5	6	9
44	65	6	4	7
44	66	8	5	10
44	67	5	5	6
44	68	5	5	5
44	69	8	7	10
44	70	6	6	10
44	71	5	3	5
44	72	8	6	8
44	73	3	3	5
44	74	8	5	7
44	75	9	6	8
44	76	4	4	7
44	77	8	6	8
44	78	8	6	10
44	79	7	4	8
44	80	8	7	12
44	81	7	4	8
44	82	8	5	9
44	83	8	6	10
44	84	4	4	7
44	85	4	4	4
44	86	10	8	12
44	87	7	4	9
44	88	7	5	8
44	89	5	4	7
44	90	8	7	9
45	1	9	6	10
45	2	6	6	11
45	3	4	3	2
45	4	3	4	5
45	5	5	5	8
45	6	7	6	7
45	7	5	4	7
45	8	3	4	5
45	9	5	4	8
45	10	5	4	6
45	11	10	6	10
45	12	4	3	3
45	13	8	4	8
45	14	4	2	2
45	15	5	3	5
45	16	7	5	11
45	17	7	5	10
45	18	3	2	4
45	19	1	1	5
45	20	7	5	7
45	21	3	4	5
45	22	7	5	7
45	23	2	4	7
45	24	0	3	2
45	25	4	4	8
45	26	2	3	5
45	27	6	6	9
45	28	5	5	7
45	29	5	6	5
45	30	7	6	9
45	31	7	7	10
45	32	4	5	7
45	33	5	6	9
45	34	8	6	7
45	35	4	4	8
45	36	5	4	5
45	37	6	6	9
45	38	2	4	3
45	39	5	5	5
45	40	5	3	5
45	41	6	4	9
45	42	2	3	4
45	43	4	4	6
45	44	9	5	11
45	45	4	5	4
45	46	4	4	7
45	47	4	4	5
45	48	5	4	8
45	49	5	4	8
45	50	7	6	6
45	51	6	5	11
45	52	2	5	2
45	53	6	3	10
45	54	5	4	4
45	55	5	5	6
45	56	5	5	5
45	57	6	4	6
45	58	4	4	5
45	59	6	4	6
45	60	4	4	3
45	61	7	3	8
45	62	3	3	2
45	63	4	6	7
45	64	7	6	10
45	65	6	5	7
45	66	6	5	8
45	67	3	3	3
45	68	7	5	8
45	69	8	4	7
45	70	7	5	8
45	71	5	4	7
45	72	6	4	8
45	73	8	5	9
45	74	9	4	8
45	75	2	3	4
45	76	6	5	7
45	77	6	4	5
45	78	7	7	12
45	79	5	3	6
45	80	8	6	8
45	81	6	4	6
45	82	6	5	6
45	83	5	6	7
45	84	4	5	6
45	85	5	4	5
45	86	4	5	8
45	87	3	3	2
45	88	5	5	6
45	89	4	3	6
45	90	5	4	9
46	1	3	2	5
46	2	6	3	7
46	3	1	1	3
46	4	3	2	4
46	5	0	1	0
46	6	0	1	1
46	7	2	3	2
46	8	2	2	2
46	9	2	1	2
46	10	0	0	-1
46	11	1	1	5
46	12	1	2	3
46	13	2	2	3
46	14	1	1	0
46	15	4	1	5
46	16	-1	2	0
46	17	1	1	2
46	18	4	1	3
46	19	0	0	2
46	20	1	0	2
46	21	3	1	3
46	22	2	2	2
46	23	4	3	4
46	24	0	1	3
46	25	0	1	-1
46	26	1	1	1
46	27	2	2	1
46	28	1	1	0
46	29	3	2	2
46	30	6	3	6
46	31	2	1	6
46	32	2	2	1
46	33	3	2	5
46	34	3	4	7
46	35	0	1	0
46	36	3	2	1
46	37	3	3	5
46	38	1	2	3
46	39	3	1	6
46	40	1	2	3
46	41	4	2	3
46	42	2	1	1
46	43	3	2	2
46	44	3	3	3
46	45	2	2	4
46	46	2	0	3
46	47	3	2	3
46	48	2	2	3
46	49	1	1	1
46	50	6	3	6
46	51	0	1	0
46	52	1	1	5
46	53	3	1	0
46	54	1	1	1
46	55	4	3	4
46	56	1	2	1
46	57	2	3	5
46	58	2	1	4
46	59	1	2	4
46	60	2	1	3
46	61	2	2	4
46	62	0	1	0
46	63	1	1	1
46	64	2	2	3
46	65	0	2	1
46	66	2	3	2
46	67	0	0	-1
46	68	0	1	2
46	69	3	2	4
46	70	3	2	5
46	71	2	2	4
46	72	0	2	4
46	73	1	2	5
46	74	4	3	5
46	75	2	3	3
46	76	2	2	4
46	77	3	2	3
46	78	1	2	4
46	79	3	3	5
46	80	2	2	0
46	81	2	1	3
46	82	1	2	3
46	83	1	1	3
46	84	3	3	5
46	85	3	1	5
46	86	2	1	0
46	87	2	1	3
46	88	0	0	1
46	89	1	1	3
46	90	1	0	0
47	1	4	3	6
47	2	2	3	3
47	3	5	2	6
47	4	4	3	4
47	5	1	2	1
47	6	5	4	7
47	7	2	3	3
47	8	1	2	1
47	9	2	3	6
47	10	1	2	3
47	11	3	2	5
47	12	2	2	4
47	13	3	3	4
47	14	0	0	1
47	15	3	2	2
47	16	2	3	3
47	17	2	2	3
47	18	6	3	7
47	19	3	4	4
47	20	5	3	4
47	21	5	2	5
47	22	5	2	3
47	23	5	3	6
47	24	5	3	5
47	25	4	3	4
47	26	0	2	1
47	27	2	2	2
47	28	0	2	0
47	29	3	3	4
47	30	7	2	6
47	31	2	3	3
47	32	2	2	5
47	33	5	1	6
47	34	4	4	3
47	35	2	2	3
47	36	1	3	6
47	37	2	2	3
47	38	2	3	5
47	39	3	2	9
47	40	1	2	3
47	41	3	2	4
47	42	2	3	4
47	43	2	3	7
47	44	3	3	1
47	45	3	3	5
47	46	1	0	1
47	47	2	3	6
47	48	4	3	3
47	49	0	1	4
47	50	1	1	0
47	51	2	2	4
47	52	4	5	5
47	53	4	3	4
47	54	2	1	3
47	55	4	3	6
47	56	5	2	5
47	57	2	2	4
47	58	3	3	5
47	59	3	3	4
47	60	1	2	3
47	61	3	3	3
47	62	2	2	5
47	63	3	3	4
47	64	5	4	9
47	65	2	3	5
47	66	5	1	6
47	67	3	3	3
47	68	5	1	5
47	69	2	0	2
47	70	4	3	6
47	71	4	3	3
47	72	6	4	10
47	73	2	2	3
47	74	-1	0	-2
47	75	4	3	8
47	76	3	3	3
47	77	4	2	4
47	78	3	2	5
47	79	3	2	7
47	80	1	2	3
47	81	0	1	1
47	82	3	4	7
47	83	3	1	4
47	84	2	1	2
47	85	3	4	6
47	86	4	2	4
47	87	6	4	6
47	88	3	3	4
47	89	3	3	1
47	90	2	0	4
48	1	6	5	7
48	2	1	1	2
48	3	3	4	4
48	4	4	3	6
48	5	2	1	5
48	6	4	3	6
48	7	2	2	3
48	8	3	1	3
48	9	4	2	5
48	10	6	3	7
48	11	4	4	5
48	12	4	4	9
48	13	2	3	3
48	14	0	1	1
48	15	4	5	3
48	16	0	1	0
48	17	1	2	0
48	18	4	2	4
48	19	3	1	5
48	20	5	4	7
48	21	5	3	5
48	22	4	2	6
48	23	5	3	2
48	24	3	2	4
48	25	2	3	5
48	26	6	5	7
48	27	3	2	3
48	28	4	2	2
48	29	2	2	3
48	30	6	3	5
48	31	1	1	3
48	32	4	2	6
48	33	1	2	1
48	34	2	3	3
48	35	3	2	3
48	36	3	2	5
48	37	3	2	0
48	38	3	1	3
48	39	1	1	1
48	40	3	3	4
48	41	4	3	5
48	42	2	2	3
48	43	5	3	5
48	44	2	2	2
48	45	2	1	1
48	46	3	2	3
48	47	3	4	6
48	48	1	1	2
48	49	0	1	1
48	50	3	2	4
48	51	4	4	5
48	52	-1	2	2
48	53	1	1	1
48	54	4	2	4
48	55	5	4	5
48	56	3	2	3
48	57	4	3	6
48	58	1	1	4
48	59	4	2	4
48	60	5	3	6
48	61	2	3	4
48	62	3	3	3
48	63	3	1	1
48	64	3	2	5
48	65	2	2	4
48	66	0	1	0
48	67	0	1	1
48	68	3	3	5
48	69	4	3	5
48	70	5	4	8
48	71	3	1	4
48	72	3	2	5
48	73	5	3	4
48	74	5	5	10
48	75	2	2	2
48	76	4	5	5
48	77	5	4	5
48	78	1	2	4
48	79	2	1	0
48	80	1	2	2
48	81	3	2	3
48	82	1	2	1
48	83	1	1	2
48	84	2	2	2
48	85	2	3	6
48	86	4	2	3
48	87	3	1	5
48	88	3	1	2
48	89	3	3	6
48	90	2	3	3
49	1	6	4	5
49	2	5	4	4
49	3	7	6	7
49	4	6	5	9
49	5	3	5	5
49	6	9	5	13
49	7	6	4	4
49	8	7	5	12
49	9	6	4	5
49	10	2	2	2
49	11	1	3	4
49	12	2	4	3
49	13	7	5	10
49	14	7	5	8
49	15	3	5	4
49	16	5	5	6
49	17	5	3	5
49	18	3	4	5
49	19	5	4	6
49	20	3	3	8
49	21	5	4	7
49	22	3	4	5
49	23	6	5	7
49	24	4	3	10
49	25	7	5	10
49	26	2	2	1
49	27	4	5	8
49	28	6	4	6
49	29	4	3	5
49	30	2	3	2
49	31	3	3	4
49	32	4	4	5
49	33	4	4	6
49	34	2	4	2
49	35	9	6	11
49	36	2	4	4
49	37	3	4	7
49	38	5	2	2
49	39	4	3	6
49	40	8	4	9
49	41	2	4	3
49	42	3	4	6
49	43	4	3	4
49	44	7	4	9
49	45	7	4	7
49	46	5	3	5
49	47	3	2	6
49	48	5	4	7
49	49	4	5	7
49	50	3	3	4
49	51	6	5	7
49	52	6	5	9
49	53	6	5	10
49	54	5	4	6
49	55	5	3	7
49	56	4	4	6
49	57	8	5	8
49	58	6	4	8
49	59	5	3	8
49	60	4	4	9
49	61	6	3	5
49	62	8	4	5
49	63	4	4	6
49	64	6	4	8
49	65	3	4	7
49	66	4	4	5
49	67	5	3	6
49	68	2	3	5
49	69	5	5	8
49	70	3	2	2
49	71	6	5	8
49	72	3	3	5
49	73	3	2	5
49	74	4	5	6
49	75	3	3	7
49	76	2	3	3
49	77	7	4	10
49	78	3	1	1
49	79	4	4	8
49	80	2	2	3
49	81	4	4	6
49	82	4	4	5
49	83	2	3	6
49	84	4	3	5
49	85	4	3	6
49	86	4	4	6
49	87	1	4	4
49	88	0	2	2
49	89	5	3	3
49	90	1	2	2
50	1	4	3	6
50	2	6	3	8
50	3	3	3	1
50	4	2	3	1
50	5	4	2	1
50	6	6	4	7
50	7	2	2	3
50	8	4	4	6
50	9	5	3	6
50	10	3	4	7
50	11	4	4	5
50	12	2	1	1
50	13	1	2	5
50	14	0	3	6
50	15	1	3	2
50	16	2	1	3
50	17	6	3	5
50	18	0	2	0
50	19	3	3	1
50	20	4	3	7
50	21	3	2	7
50	22	5	5	5
50	23	6	1	5
50	24	3	2	4
50	25	0	2	1
50	26	1	3	6
50	27	4	2	4
50	28	3	3	6
50	29	7	4	8
50	30	4	3	7
50	31	1	4	2
50	32	5	4	6
50	33	3	4	5
50	34	3	2	4
50	35	3	1	6
50	36	2	2	4
50	37	2	4	6
50	38	4	3	7
50	39	4	3	4
50	40	3	2	1
50	41	6	3	6
50	42	2	2	1
50	43	5	3	7
50	44	1	3	1
50	45	7	3	5
50	46	4	3	7
50	47	6	3	6
50	48	2	2	5
50	49	6	4	9
50	50	1	1	2
50	51	3	4	4
50	52	4	3	6
50	53	5	3	6
50	54	4	1	5
50	55	5	4	8
50	56	3	3	4
50	57	3	3	5
50	58	2	3	4
50	59	3	3	6
50	60	2	2	1
50	61	4	3	7
50	62	3	2	5
50	63	5	3	5
50	64	3	3	4
50	65	6	4	5
50	66	7	6	11
50	67	5	3	9
50	68	4	3	4
50	69	4	3	3
50	70	3	3	6
50	71	3	3	3
50	72	0	2	0
50	73	3	3	4
50	74	3	2	5
50	75	2	2	4
50	76	4	2	1
50	77	3	4	7
50	78	7	4	8
50	79	4	4	6
50	80	3	3	6
50	81	5	2	5
50	82	3	4	6
50	83	5	5	4
50	84	7	4	7
50	85	3	1	1
50	86	5	5	6
50	87	1	2	2
50	88	2	2	2
50	89	5	3	8
50	90	4	4	4
