1	1	3	2	4	5
1	2	3	2	4	4
1	3	2	1	6	2
1	4	6	5	6	4
1	5	1	2	2	2
1	6	4	3	5	7
1	7	0	2	1	3
1	8	3	2	5	4
1	9	4	2	5	4
1	10	2	3	4	3
1	11	3	2	2	2
1	12	2	1	3	4
1	13	4	2	5	2
1	14	3	1	2	2
1	15	0	2	2	0
1	16	4	3	6	4
1	17	2	3	4	5
1	18	2	2	5	4
1	19	3	1	6	4
1	20	5	4	7	4
1	21	2	2	2	1
1	22	0	0	0	1
1	23	4	3	5	5
1	24	3	2	2	2
1	25	3	1	2	2
1	26	2	4	7	6
1	27	2	2	3	3
1	28	1	2	1	0
1	29	4	2	2	3
1	30	2	3	3	2
1	31	3	2	4	3
1	32	5	3	6	3
1	33	2	1	4	1
1	34	5	2	6	4
1	35	0	2	2	3
1	36	5	3	4	4
1	37	2	3	9	4
1	38	4	2	4	4
1	39	3	2	3	1
1	40	4	2	6	4
1	41	4	2	6	6
1	42	4	2	4	5
1	43	3	3	3	2
1	44	2	2	2	3
1	45	6	3	6	4
1	46	2	2	1	3
1	47	4	3	8	4
1	48	5	3	8	6
1	49	2	3	4	3
1	50	2	2	2	1
1	51	1	2	0	1
1	52	3	3	6	3
1	53	1	2	4	2
1	54	1	2	2	4
1	55	0	3	4	3
1	56	3	2	4	2
1	57	0	2	3	3
1	58	2	1	1	1
1	59	2	2	4	2
1	60	4	2	5	4
1	61	3	2	3	0
1	62	4	3	4	3
1	63	1	0	2	0
1	64	2	3	4	3
1	65	2	2	4	5
1	66	4	1	2	3
1	67	3	1	2	3
1	68	2	3	2	1
1	69	1	2	1	3
1	70	1	3	3	1
1	71	1	2	4	4
1	72	0	1	1	3
1	73	0	3	2	4
1	74	2	3	4	3
1	75	4	2	7	6
1	76	2	2	3	2
1	77	3	2	4	3
1	78	2	1	4	2
1	79	0	1	2	2
1	80	2	2	5	4
1	81	6	3	8	5
1	82	4	3	5	3
1	83	2	2	3	1
1	84	0	2	3	2
1	85	0	1	-1	1
1	86	1	3	7	3
1	87	2	2	1	1
1	88	4	2	5	5
1	89	7	4	8	7
1	90	0	1	2	1
1	91	6	3	5	4
1	92	1	4	3	2
1	93	1	1	0	3
1	94	1	0	3	0
1	95	1	1	2	0
1	96	1	1	6	3
1	97	3	1	1	2
1	98	4	2	6	4
1	99	5	4	7	7
1	100	0	0	0	2
1	101	2	2	5	4
1	102	2	3	6	4
1	103	1	2	4	2
1	104	1	2	3	2
1	105	4	1	4	2
1	106	3	2	5	3
1	107	2	3	3	5
1	108	2	1	5	3
1	109	6	2	3	4
1	110	3	3	4	2
1	111	6	3	6	3
1	112	2	2	2	1
1	113	-1	1	0	3
1	114	8	4	11	6
1	115	2	2	3	2
1	116	1	3	4	4
1	117	3	3	4	5
1	118	1	1	3	2
1	119	3	4	5	2
1	120	4	3	6	4
2	1	2	3	3	4
2	2	3	2	6	3
2	3	2	1	5	3
2	4	6	4	7	6
2	5	3	2	3	1
2	6	2	2	2	1
2	7	4	2	6	3
2	8	1	4	5	5
2	9	4	3	4	3
2	10	1	3	5	3
2	11	2	2	2	2
2	12	5	4	5	7
2	13	2	3	4	3
2	14	2	3	3	2
2	15	4	3	6	2
2	16	2	2	4	3
2	17	3	5	7	4
2	18	4	3	3	3
2	19	5	3	6	4
2	20	2	3	3	3
2	21	5	4	3	5
2	22	3	2	4	4
2	23	2	3	4	4
2	24	2	3	1	1
2	25	2	1	1	3
2	26	7	3	7	6
2	27	4	4	7	4
2	28	3	4	2	2
2	29	3	3	4	4
2	30	2	2	2	2
2	31	7	4	8	6
2	32	5	6	5	5
2	33	2	4	6	2
2	34	4	3	7	2
2	35	1	2	4	4
2	36	3	3	3	3
2	37	3	3	3	2
2	38	1	2	5	4
2	39	5	3	6	8
2	40	2	2	5	2
2	41	3	1	5	3
2	42	5	3	1	3
2	43	4	3	6	5
2	44	2	2	3	3
2	45	2	1	2	1
2	46	5	3	6	5
2	47	4	3	4	3
2	48	2	2	2	3
2	49	3	2	4	1
2	50	2	2	3	2
2	51	3	4	6	3
2	52	3	3	6	3
2	53	3	4	6	4
2	54	4	5	5	4
2	55	2	3	4	3
2	56	3	4	6	3
2	57	2	3	3	2
2	58	4	2	2	3
2	59	4	4	6	5
2	60	1	1	3	1
2	61	8	5	9	5
2	62	3	3	2	3
2	63	4	2	4	4
2	64	1	2	3	2
2	65	3	4	3	3
2	66	2	2	2	2
2	67	4	4	5	2
2	68	3	2	8	3
2	69	5	4	5	2
2	70	2	1	2	4
2	71	4	2	3	4
2	72	3	3	3	3
2	73	6	4	7	2
2	74	4	2	2	2
2	75	4	4	3	3
2	76	6	5	7	7
2	77	2	3	2	2
2	78	2	2	1	1
2	79	3	2	3	3
2	80	3	3	5	5
2	81	2	2	4	4
2	82	2	1	4	0
2	83	1	2	5	3
2	84	4	2	6	2
2	85	4	4	8	7
2	86	3	2	4	3
2	87	3	3	6	4
2	88	5	3	5	4
2	89	4	3	4	3
2	90	3	1	1	3
2	91	1	1	3	3
2	92	3	3	2	3
2	93	3	2	5	4
2	94	5	2	7	5
2	95	6	4	7	5
2	96	6	4	5	5
2	97	2	3	0	4
2	98	0	0	4	2
2	99	3	2	3	1
2	100	0	1	5	3
2	101	4	3	7	3
2	102	4	4	6	5
2	103	5	4	5	4
2	104	2	2	1	3
2	105	3	3	4	5
2	106	4	3	2	2
2	107	4	3	3	3
2	108	5	3	4	4
2	109	3	2	5	2
2	110	5	2	4	3
2	111	2	1	1	2
2	112	5	3	6	5
2	113	3	4	5	3
2	114	3	1	4	3
2	115	4	3	5	4
2	116	2	2	4	3
2	117	3	2	6	2
2	118	6	3	8	6
2	119	3	2	4	3
2	120	4	3	5	4
3	1	9	6	8	6
3	2	6	6	10	7
3	3	8	5	10	6
3	4	6	4	5	6
3	5	7	6	10	7
3	6	4	5	6	4
3	7	9	5	12	8
3	8	4	4	5	4
3	9	8	4	10	5
3	10	8	6	8	8
3	11	5	4	5	5
3	12	3	6	5	6
3	13	4	4	5	5
3	14	3	5	5	4
3	15	8	4	8	5
3	16	5	4	8	6
3	17	3	3	4	3
3	18	7	4	8	6
3	19	7	5	9	7
3	20	9	6	11	8
3	21	6	5	12	9
3	22	7	6	8	7
3	23	3	3	7	5
3	24	4	5	6	6
3	25	6	4	5	4
3	26	6	5	6	7
3	27	4	6	7	6
3	28	5	5	5	4
3	29	8	6	12	7
3	30	5	4	10	8
3	31	5	6	7	7
3	32	8	6	8	6
3	33	3	3	6	3
3	34	7	4	10	5
3	35	5	5	4	4
3	36	5	6	8	5
3	37	6	5	6	7
3	38	4	5	9	6
3	39	7	7	10	6
3	40	6	4	8	5
3	41	7	5	11	6
3	42	4	4	6	3
3	43	5	4	8	6
3	44	9	5	10	7
3	45	8	5	9	6
3	46	5	3	5	4
3	47	2	3	7	2
3	48	5	6	8	5
3	49	6	4	9	6
3	50	5	5	5	6
3	51	7	4	9	7
3	52	7	5	12	7
3	53	8	7	10	7
3	54	6	6	6	5
3	55	5	4	8	4
3	56	2	4	4	3
3	57	5	3	5	5
3	58	4	2	5	6
3	59	4	3	3	5
3	60	4	5	6	5
3	61	8	5	9	6
3	62	5	3	3	3
3	63	4	3	8	5
3	64	7	6	8	6
3	65	5	3	8	6
3	66	6	4	10	6
3	67	6	5	8	5
3	68	6	4	8	7
3	69	2	3	4	2
3	70	8	6	12	8
3	71	6	4	6	5
3	72	7	4	10	6
3	73	6	5	7	7
3	74	6	4	10	6
3	75	5	5	9	6
3	76	6	5	7	7
3	77	6	5	7	6
3	78	4	4	6	4
3	79	7	5	10	7
3	80	4	4	7	4
3	81	9	7	11	8
3	82	4	5	4	4
3	83	3	4	6	6
3	84	6	5	7	8
3	85	5	5	7	5
3	86	4	4	5	6
3	87	6	4	4	5
3	88	7	4	7	7
3	89	6	5	8	5
3	90	3	4	3	3
3	91	7	5	9	4
3	92	5	4	5	7
3	93	4	5	7	5
3	94	1	3	6	6
3	95	7	4	10	5
3	96	8	6	10	7
3	97	6	5	8	7
3	98	5	3	7	5
3	99	5	4	5	5
3	100	6	5	8	7
3	101	6	3	4	4
3	102	4	3	4	2
3	103	8	5	9	8
3	104	5	3	7	4
3	105	4	4	7	4
3	106	8	5	12	7
3	107	5	4	6	5
3	108	7	5	9	7
3	109	5	4	6	3
3	110	4	6	8	6
3	111	4	4	8	6
3	112	4	5	5	6
3	113	3	4	4	6
3	114	7	4	7	6
3	115	6	5	10	6
3	116	1	4	6	4
3	117	5	4	6	6
3	118	7	6	7	7
3	119	4	4	9	5
3	120	5	3	9	7
4	1	4	2	5	5
4	2	5	4	5	4
4	3	4	4	6	5
4	4	5	3	5	3
4	5	4	2	5	3
4	6	0	2	0	1
4	7	4	2	5	4
4	8	4	4	5	3
4	9	5	4	7	5
4	10	5	2	6	3
4	11	7	4	7	6
4	12	4	3	5	7
4	13	2	3	6	6
4	14	6	3	9	5
4	15	3	2	4	3
4	16	4	3	4	3
4	17	8	5	8	5
4	18	4	3	1	4
4	19	6	3	6	5
4	20	2	2	0	3
4	21	4	3	5	3
4	22	4	3	6	4
4	23	4	2	5	3
4	24	1	3	4	2
4	25	4	3	5	4
4	26	2	3	4	1
4	27	5	5	5	5
4	28	5	4	7	6
4	29	0	1	1	3
4	30	6	5	5	5
4	31	2	2	4	4
4	32	6	4	4	4
4	33	4	4	9	5
4	34	1	3	4	3
4	35	3	1	4	4
4	36	5	4	5	4
4	37	4	4	5	2
4	38	3	3	8	6
4	39	0	2	1	3
4	40	1	1	3	1
4	41	7	4	7	5
4	42	6	3	5	5
4	43	5	3	4	3
4	44	5	3	4	3
4	45	4	3	8	5
4	46	1	1	0	0
4	47	6	3	7	6
4	48	4	3	4	2
4	49	5	5	5	3
4	50	3	3	6	3
4	51	6	3	7	6
4	52	5	3	6	3
4	53	3	4	7	4
4	54	5	3	5	3
4	55	3	2	1	3
4	56	6	3	6	4
4	57	5	4	5	5
4	58	5	4	6	5
4	59	2	2	4	4
4	60	5	3	7	5
4	61	6	5	8	6
4	62	4	2	6	5
4	63	2	1	3	3
4	64	3	3	3	1
4	65	5	3	4	4
4	66	4	2	6	3
4	67	5	5	6	6
4	68	4	2	4	4
4	69	6	3	5	5
4	70	2	4	4	2
4	71	3	2	5	4
4	72	4	3	3	5
4	73	6	4	6	5
4	74	4	1	6	5
4	75	5	4	8	6
4	76	6	3	5	5
4	77	4	3	6	6
4	78	3	3	4	3
4	79	7	3	9	6
4	80	2	2	2	4
4	81	4	2	6	3
4	82	7	4	9	5
4	83	4	4	7	4
4	84	3	2	2	2
4	85	2	2	4	2
4	86	1	1	4	1
4	87	4	1	6	3
4	88	4	4	4	4
4	89	3	5	5	4
4	90	4	4	5	5
4	91	3	3	3	4
4	92	2	3	3	1
4	93	7	4	7	5
4	94	6	3	6	5
4	95	1	2	1	3
4	96	5	3	4	3
4	97	4	1	2	3
4	98	0	0	0	1
4	99	5	3	5	3
4	100	5	2	6	4
4	101	4	3	5	5
4	102	5	3	8	3
4	103	4	5	6	5
4	104	6	4	5	5
4	105	2	3	2	2
4	106	2	2	4	3
4	107	4	2	5	3
4	108	4	3	5	3
4	109	4	1	1	3
4	110	3	3	6	4
4	111	4	3	11	4
4	112	4	3	4	4
4	113	3	3	4	3
4	114	6	4	5	3
4	115	4	4	7	6
4	116	5	3	7	4
4	117	6	4	7	6
4	118	5	3	2	5
4	119	3	3	7	3
4	120	3	1	4	3
5	1	4	2	6	4
5	2	1	3	3	4
5	3	1	2	2	3
5	4	3	3	5	4
5	5	8	4	9	5
5	6	4	4	7	6
5	7	6	6	6	5
5	8	5	4	6	5
5	9	2	2	4	3
5	10	4	2	4	4
5	11	4	4	4	3
5	12	2	3	6	2
5	13	5	3	6	4
5	14	2	1	3	3
5	15	5	3	7	4
5	16	4	3	8	5
5	17	2	1	4	3
5	18	4	4	6	3
5	19	7	5	9	5
5	20	3	3	5	2
5	21	5	4	6	4
5	22	4	2	5	4
5	23	5	4	5	5
5	24	4	4	6	5
5	25	7	4	8	5
5	26	3	4	3	1
5	27	4	3	4	4
5	28	3	3	1	4
5	29	5	2	5	2
5	30	3	5	2	2
5	31	3	2	2	4
5	32	4	3	6	4
5	33	2	2	3	3
5	34	6	4	7	5
5	35	3	1	3	0
5	36	4	3	6	4
5	37	4	4	6	3
5	38	4	3	7	4
5	39	3	3	1	4
5	40	5	2	5	4
5	41	4	3	7	6
5	42	3	2	3	3
5	43	3	4	3	2
5	44	2	3	7	5
5	45	3	2	4	3
5	46	7	5	7	5
5	47	3	4	5	4
5	48	4	3	6	5
5	49	0	3	0	3
5	50	4	3	4	4
5	51	4	4	2	4
5	52	3	2	6	4
5	53	3	3	4	1
5	54	5	3	4	6
5	55	3	3	3	4
5	56	5	3	6	4
5	57	5	3	7	3
5	58	3	2	5	3
5	59	5	4	6	5
5	60	2	2	3	3
5	61	0	0	0	1
5	62	3	4	6	5
5	63	4	4	6	5
5	64	3	2	4	4
5	65	4	4	6	4
5	66	2	2	5	3
5	67	3	3	5	4
5	68	0	2	2	2
5	69	3	3	8	5
5	70	8	5	7	7
5	71	4	3	5	7
5	72	5	3	6	3
5	73	3	3	6	1
5	74	2	2	0	1
5	75	5	4	7	7
5	76	4	3	6	3
5	77	1	2	2	3
5	78	2	2	2	3
5	79	3	3	6	4
5	80	4	2	4	3
5	81	3	4	3	4
5	82	2	2	2	2
5	83	4	5	7	7
5	84	4	2	4	3
5	85	6	4	8	5
5	86	0	1	0	0
5	87	2	2	4	3
5	88	3	4	5	2
5	89	1	2	2	5
5	90	6	5	7	4
5	91	3	3	4	1
5	92	4	5	5	2
5	93	4	4	6	6
5	94	4	3	6	4
5	95	3	1	4	3
5	96	4	4	5	6
5	97	3	3	7	4
5	98	1	3	2	3
5	99	1	3	2	3
5	100	7	3	9	8
5	101	3	3	6	4
5	102	1	1	2	2
5	103	3	4	7	5
5	104	3	3	6	4
5	105	1	2	3	2
5	106	1	1	0	2
5	107	4	4	8	4
5	108	4	3	7	7
5	109	6	4	8	6
5	110	3	4	4	3
5	111	2	3	2	5
5	112	4	3	7	4
5	113	5	3	6	4
5	114	5	3	5	6
5	115	3	3	4	5
5	116	4	4	8	5
5	117	3	4	2	3
5	118	2	3	4	4
5	119	4	4	4	3
5	120	6	4	8	6
6	1	3	4	4	3
6	2	6	6	7	6
6	3	7	5	8	7
6	4	5	4	5	3
6	5	6	5	8	8
6	6	5	4	5	5
6	7	7	5	12	8
6	8	8	5	9	9
6	9	8	4	10	6
6	10	6	5	8	5
6	11	6	4	8	6
6	12	7	6	10	6
6	13	8	6	11	7
6	14	5	4	7	6
6	15	2	3	2	4
6	16	6	4	9	7
6	17	6	6	7	5
6	18	8	4	6	6
6	19	8	5	10	5
6	20	8	6	10	6
6	21	5	5	6	5
6	22	8	5	8	5
6	23	6	4	10	8
6	24	5	5	4	6
6	25	4	6	7	7
6	26	4	4	3	4
6	27	4	4	6	6
6	28	3	4	6	4
6	29	5	2	8	4
6	30	6	4	7	5
6	31	7	5	8	7
6	32	8	7	9	6
6	33	6	4	8	6
6	34	4	4	5	5
6	35	4	4	4	5
6	36	6	4	5	5
6	37	4	5	7	7
6	38	8	5	8	5
6	39	4	4	6	6
6	40	3	3	3	2
6	41	6	5	8	6
6	42	7	5	7	7
6	43	8	5	11	6
6	44	5	4	6	4
6	45	5	4	3	3
6	46	8	6	12	10
6	47	7	6	6	6
6	48	6	5	8	6
6	49	6	5	7	8
6	50	3	3	5	5
6	51	6	4	6	4
6	52	2	5	4	5
6	53	5	5	3	7
6	54	5	4	7	5
6	55	3	4	6	4
6	56	7	5	8	8
6	57	6	6	11	6
6	58	4	4	4	5
6	59	5	5	7	7
6	60	8	6	9	7
6	61	8	6	8	7
6	62	7	5	8	7
6	63	5	6	6	5
6	64	5	4	8	6
6	65	7	6	9	8
6	66	6	5	8	7
6	67	9	6	8	6
6	68	3	4	9	6
6	69	5	6	8	5
6	70	6	6	7	6
6	71	4	5	6	3
6	72	3	4	6	5
6	73	8	7	8	7
6	74	5	3	4	3
6	75	5	5	8	7
6	76	7	4	7	8
6	77	5	5	9	7
6	78	7	5	6	7
6	79	4	3	6	5
6	80	8	6	8	7
6	81	7	6	10	10
6	82	7	6	10	6
6	83	3	4	4	5
6	84	7	5	10	8
6	85	6	4	6	6
6	86	10	6	9	5
6	87	7	5	9	4
6	88	5	6	7	6
6	89	5	3	6	5
6	90	7	7	10	7
6	91	7	5	9	5
6	92	6	5	8	8
6	93	11	7	14	10
6	94	7	5	8	5
6	95	7	4	9	5
6	96	4	2	4	2
6	97	9	7	11	11
6	98	4	4	5	4
6	99	10	4	10	9
6	100	6	5	8	7
6	101	9	6	11	7
6	102	6	4	6	7
6	103	7	5	8	6
6	104	5	5	10	5
6	105	6	3	7	7
6	106	4	6	7	7
6	107	7	6	10	7
6	108	6	7	9	5
6	109	2	4	2	3
6	110	7	6	6	5
6	111	7	5	6	7
6	112	5	5	7	7
6	113	8	6	10	7
6	114	4	4	5	3
6	115	6	4	9	6
6	116	8	6	10	6
6	117	6	6	9	7
6	118	6	5	7	6
6	119	6	5	7	6
6	120	5	5	12	8
7	1	1	2	1	4
7	2	3	2	6	5
7	3	5	2	7	5
7	4	3	4	3	1
7	5	5	4	6	3
7	6	6	4	7	7
7	7	4	3	6	3
7	8	3	3	4	6
7	9	4	4	6	5
7	10	1	3	7	2
7	11	5	4	5	5
7	12	6	4	8	8
7	13	4	4	9	4
7	14	1	3	6	4
7	15	2	3	0	3
7	16	4	3	3	5
7	17	6	4	4	4
7	18	2	0	2	3
7	19	1	2	2	2
7	20	3	4	3	4
7	21	4	4	7	6
7	22	3	4	1	5
7	23	6	4	7	6
7	24	5	3	6	4
7	25	4	3	6	3
7	26	3	4	7	5
7	27	5	3	7	5
7	28	3	4	4	3
7	29	3	4	6	3
7	30	5	4	7	6
7	31	5	5	8	5
7	32	2	3	4	3
7	33	5	4	6	6
7	34	5	3	6	7
7	35	3	3	10	5
7	36	6	3	7	5
7	37	5	3	7	2
7	38	6	5	9	6
7	39	4	3	5	5
7	40	4	2	4	4
7	41	0	1	2	1
7	42	3	3	4	2
7	43	6	3	7	5
7	44	4	4	7	7
7	45	5	4	6	5
7	46	6	4	8	6
7	47	4	3	5	6
7	48	6	4	11	6
7	49	4	2	5	3
7	50	3	3	2	4
7	51	0	3	4	2
7	52	6	4	6	5
7	53	3	3	6	5
7	54	5	4	6	4
7	55	4	3	6	3
7	56	1	3	4	5
7	57	3	3	6	3
7	58	2	3	1	2
7	59	2	3	5	3
7	60	1	2	3	1
7	61	5	4	7	5
7	62	3	3	4	3
7	63	6	4	6	4
7	64	6	5	8	6
7	65	3	3	2	3
7	66	5	3	7	5
7	67	2	1	2	4
7	68	4	3	5	2
7	69	5	4	5	3
7	70	4	3	5	4
7	71	4	2	9	4
7	72	7	5	11	8
7	73	4	3	5	4
7	74	2	3	4	2
7	75	5	4	6	3
7	76	3	3	6	4
7	77	3	4	5	4
7	78	6	3	8	6
7	79	5	5	6	5
7	80	5	4	5	4
7	81	6	4	9	5
7	82	4	3	5	4
7	83	4	4	7	7
7	84	1	3	4	3
7	85	6	5	9	6
7	86	3	2	5	4
7	87	2	4	3	2
7	88	4	3	4	1
7	89	5	3	4	4
7	90	6	4	8	6
7	91	7	5	9	5
7	92	4	4	7	5
7	93	1	3	2	2
7	94	4	3	3	3
7	95	4	4	5	4
7	96	8	6	10	7
7	97	2	2	0	2
7	98	7	4	6	6
7	99	3	4	6	4
7	100	8	5	9	7
7	101	2	2	4	4
7	102	6	4	6	4
7	103	2	2	2	2
7	104	5	3	8	6
7	105	7	6	8	7
7	106	8	5	11	6
7	107	7	4	7	6
7	108	7	6	10	8
7	109	7	5	8	7
7	110	5	2	4	4
7	111	4	4	8	4
7	112	4	1	4	3
7	113	3	3	6	5
7	114	7	4	10	5
7	115	4	4	7	4
7	116	6	3	5	3
7	117	3	2	2	4
7	118	3	3	5	3
7	119	5	2	6	3
7	120	4	4	6	4
8	1	1	0	1	1
8	2	2	0	4	4
8	3	0	1	1	0
8	4	4	3	7	5
8	5	4	1	5	3
8	6	2	1	2	1
8	7	2	2	3	2
8	8	1	1	2	3
8	9	2	2	4	2
8	10	1	2	4	2
8	11	0	1	2	1
8	12	0	1	2	1
8	13	2	1	6	4
8	14	3	3	6	4
8	15	2	2	5	3
8	16	1	1	2	1
8	17	5	4	5	3
8	18	1	1	4	1
8	19	3	1	3	1
8	20	2	2	5	1
8	21	6	3	6	5
8	22	2	1	0	0
8	23	2	1	1	4
8	24	0	0	0	-1
8	25	1	2	3	2
8	26	3	2	4	2
8	27	5	4	5	4
8	28	0	0	0	0
8	29	3	2	2	3
8	30	4	3	5	4
8	31	0	2	3	3
8	32	0	1	0	2
8	33	1	1	3	1
8	34	2	2	3	3
8	35	2	2	5	2
8	36	3	3	4	3
8	37	2	1	2	2
8	38	1	3	3	3
8	39	6	4	7	6
8	40	2	1	2	2
8	41	2	1	3	1
8	42	0	0	1	0
8	43	2	2	4	2
8	44	2	2	3	2
8	45	1	2	2	3
8	46	0	1	1	0
8	47	1	2	3	1
8	48	1	2	0	0
8	49	2	2	0	1
8	50	5	4	6	2
8	51	2	2	3	3
8	52	0	1	2	2
8	53	-1	-1	2	0
8	54	1	0	2	1
8	55	1	0	3	1
8	56	1	0	2	2
8	57	1	0	3	1
8	58	4	2	5	5
8	59	1	2	3	3
8	60	2	0	2	1
8	61	1	2	1	3
8	62	1	0	0	1
8	63	3	2	1	2
8	64	4	1	4	2
8	65	2	2	4	4
8	66	0	0	0	0
8	67	1	1	4	3
8	68	1	2	2	1
8	69	0	1	-1	0
8	70	2	2	3	2
8	71	2	2	5	3
8	72	5	3	7	3
8	73	1	2	3	3
8	74	-1	1	3	2
8	75	2	1	2	3
8	76	2	1	4	1
8	77	0	0	-1	0
8	78	0	0	0	0
8	79	1	2	1	2
8	80	2	1	1	2
8	81	1	0	4	3
8	82	-1	-1	0	0
8	83	1	0	0	2
8	84	1	0	0	2
8	85	3	2	4	4
8	86	0	1	0	1
8	87	0	0	1	1
8	88	2	0	2	3
8	89	3	1	2	1
8	90	3	2	2	2
8	91	6	3	7	5
8	92	1	1	1	1
8	93	1	1	3	2
8	94	0	2	1	0
8	95	5	2	6	5
8	96	1	0	0	-1
8	97	1	2	4	2
8	98	4	3	6	4
8	99	1	1	1	1
8	100	5	3	6	3
8	101	3	1	3	3
8	102	0	1	0	1
8	103	2	1	5	1
8	104	0	1	2	2
8	105	2	2	5	5
8	106	0	1	1	3
8	107	3	2	3	3
8	108	0	0	0	2
8	109	0	1	1	2
8	110	1	2	1	2
8	111	0	0	3	0
8	112	1	0	0	0
8	113	4	2	1	3
8	114	2	1	2	2
8	115	0	0	-2	0
8	116	3	3	3	3
8	117	2	0	6	2
8	118	6	3	6	4
8	119	3	2	5	4
8	120	2	2	3	2
9	1	6	5	8	6
9	2	6	5	10	7
9	3	1	1	0	1
9	4	3	3	4	5
9	5	3	2	2	2
9	6	2	3	4	3
9	7	2	2	6	3
9	8	2	2	0	3
9	9	2	2	6	2
9	10	5	4	9	5
9	11	0	3	3	2
9	12	2	2	1	3
9	13	7	3	7	5
9	14	4	2	5	4
9	15	1	0	0	1
9	16	3	1	6	5
9	17	3	3	6	4
9	18	5	2	6	4
9	19	2	0	5	2
9	20	4	4	3	3
9	21	0	2	3	2
9	22	3	2	6	2
9	23	2	2	2	0
9	24	2	2	4	3
9	25	4	3	5	4
9	26	1	1	1	1
9	27	4	3	5	3
9	28	5	3	5	4
9	29	5	4	3	3
9	30	5	4	7	6
9	31	2	3	3	3
9	32	4	3	4	4
9	33	2	3	3	3
9	34	2	2	2	1
9	35	2	3	5	3
9	36	2	2	1	2
9	37	2	2	2	1
9	38	1	2	1	2
9	39	4	4	6	5
9	40	3	1	4	4
9	41	4	2	3	2
9	42	4	2	5	4
9	43	3	2	5	3
9	44	1	2	1	2
9	45	6	4	4	3
9	46	3	3	2	3
9	47	0	2	4	3
9	48	3	3	6	1
9	49	6	3	6	3
9	50	3	4	3	4
9	51	4	2	8	3
9	52	2	3	3	2
9	53	4	2	4	4
9	54	4	2	8	3
9	55	3	2	1	2
9	56	0	3	0	1
9	57	1	1	2	2
9	58	4	3	3	4
9	59	3	2	1	3
9	60	6	4	5	6
9	61	2	2	8	3
9	62	1	2	3	3
9	63	1	2	0	3
9	64	0	2	2	3
9	65	3	3	5	3
9	66	3	2	2	2
9	67	3	2	5	4
9	68	0	3	3	3
9	69	2	2	4	4
9	70	0	2	3	2
9	71	5	3	8	7
9	72	2	2	4	3
9	73	1	2	2	2
9	74	1	0	3	0
9	75	4	3	4	5
9	76	0	2	1	3
9	77	0	2	5	3
9	78	3	3	6	5
9	79	1	1	3	3
9	80	1	2	1	1
9	81	5	3	7	5
9	82	-1	1	0	3
9	83	4	4	4	3
9	84	3	4	7	3
9	85	3	1	3	1
9	86	3	2	4	4
9	87	5	2	5	1
9	88	3	4	5	4
9	89	3	2	5	4
9	90	2	2	5	4
9	91	4	3	6	4
9	92	3	3	5	4
9	93	0	2	3	2
9	94	0	1	0	1
9	95	5	3	2	3
9	96	2	2	5	3
9	97	2	3	3	1
9	98	2	3	5	3
9	99	1	1	2	2
9	100	3	2	6	5
9	101	1	2	2	3
9	102	4	3	7	5
9	103	6	4	8	6
9	104	0	1	0	3
9	105	5	2	6	3
9	106	5	4	5	3
9	107	2	2	0	3
9	108	2	1	1	3
9	109	5	2	5	5
9	110	0	0	0	1
9	111	2	1	2	3
9	112	0	1	1	3
9	113	4	4	7	3
9	114	2	2	1	3
9	115	3	2	2	3
9	116	8	4	9	6
9	117	3	3	4	2
9	118	2	2	3	3
9	119	4	3	3	2
9	120	-1	1	0	3
10	1	3	2	6	4
10	2	1	2	3	2
10	3	3	2	5	3
10	4	0	3	0	3
10	5	3	1	2	3
10	6	1	2	3	2
10	7	1	2	1	3
10	8	6	4	9	4
10	9	6	3	9	5
10	10	2	2	4	3
10	11	0	3	4	2
10	12	3	2	1	3
10	13	3	3	4	1
10	14	2	3	5	3
10	15	3	3	4	3
10	16	1	1	0	3
10	17	0	2	2	3
10	18	4	4	6	5
10	19	3	2	3	2
10	20	2	3	5	3
10	21	2	3	5	3
10	22	2	1	3	2
10	23	4	3	6	6
10	24	1	2	4	4
10	25	6	5	7	5
10	26	3	3	4	3
10	27	3	3	4	2
10	28	2	2	2	4
10	29	1	2	0	2
10	30	1	1	2	2
10	31	4	3	6	4
10	32	1	3	2	3
10	33	2	3	3	3
10	34	3	2	6	4
10	35	3	3	3	3
10	36	0	2	0	0
10	37	5	1	5	4
10	38	4	3	6	3
10	39	1	2	2	2
10	40	6	3	8	6
10	41	4	3	5	4
10	42	4	4	4	4
10	43	2	3	2	3
10	44	2	3	5	4
10	45	4	4	4	2
10	46	3	3	5	5
10	47	1	2	3	2
10	48	4	2	4	2
10	49	1	2	3	1
10	50	1	3	3	3
10	51	4	2	3	3
10	52	2	2	4	1
10	53	3	2	4	4
10	54	3	2	2	3
10	55	3	2	6	4
10	56	4	3	7	4
10	57	2	2	3	3
10	58	2	1	4	2
10	59	3	3	4	5
10	60	0	0	1	0
10	61	3	2	4	3
10	62	7	5	6	7
10	63	7	3	7	7
10	64	4	3	6	3
10	65	1	1	0	3
10	66	3	3	4	4
10	67	1	2	2	2
10	68	6	4	8	4
10	69	1	2	5	1
10	70	4	3	5	3
10	71	5	2	6	3
10	72	2	2	1	2
10	73	4	3	5	4
10	74	1	1	3	4
10	75	3	3	4	4
10	76	4	4	5	4
10	77	1	1	2	1
10	78	5	3	8	5
10	79	2	3	4	2
10	80	3	3	6	3
10	81	4	1	3	2
10	82	4	2	3	3
10	83	3	2	2	3
10	84	2	2	2	2
10	85	2	2	2	3
10	86	4	3	7	4
10	87	0	1	0	2
10	88	1	2	0	2
10	89	2	2	0	2
10	90	1	0	3	2
10	91	4	4	5	4
10	92	1	1	3	2
10	93	0	0	0	0
10	94	0	3	3	2
10	95	3	2	3	2
10	96	5	4	4	2
10	97	1	1	2	1
10	98	6	4	6	6
10	99	3	1	5	3
10	100	5	3	5	4
10	101	2	1	2	2
10	102	8	4	5	4
10	103	4	2	3	3
10	104	1	2	2	1
10	105	3	2	2	3
10	106	1	0	0	2
10	107	3	2	3	3
10	108	3	2	2	2
10	109	5	2	4	5
10	110	4	3	6	5
10	111	4	2	3	2
10	112	4	5	6	4
10	113	4	3	8	4
10	114	3	1	2	2
10	115	1	2	2	2
10	116	4	3	5	4
10	117	2	2	4	3
10	118	5	3	5	5
10	119	6	4	5	4
10	120	3	3	5	2
11	1	8	6	9	5
11	2	6	4	7	6
11	3	7	5	6	5
11	4	7	6	8	5
11	5	7	6	8	7
11	6	4	2	3	4
11	7	1	4	4	4
11	8	6	3	7	6
11	9	6	3	8	5
11	10	6	4	6	5
11	11	7	6	8	7
11	12	7	5	7	7
11	13	6	4	7	5
11	14	4	4	6	5
11	15	5	4	5	5
11	16	6	6	8	7
11	17	6	4	9	5
11	18	7	5	11	7
11	19	6	3	7	5
11	20	7	5	9	6
11	21	8	5	8	7
11	22	8	5	8	5
11	23	5	4	6	3
11	24	5	4	8	5
11	25	4	5	7	7
11	26	7	4	6	5
11	27	6	5	6	6
11	28	8	6	9	8
11	29	4	5	6	5
11	30	5	3	4	6
11	31	6	5	5	5
11	32	4	3	7	6
11	33	4	5	6	6
11	34	2	3	1	4
11	35	3	2	5	5
11	36	6	4	8	4
11	37	4	5	4	4
11	38	3	2	4	4
11	39	1	3	0	4
11	40	5	3	7	6
11	41	7	6	5	5
11	42	6	6	11	7
11	43	7	5	7	4
11	44	6	5	9	7
11	45	6	6	8	5
11	46	6	4	8	6
11	47	5	5	8	6
11	48	3	3	6	6
11	49	6	3	6	6
11	50	6	6	10	7
11	51	4	4	4	4
11	52	6	4	7	6
11	53	4	3	5	4
11	54	5	4	9	5
11	55	6	5	8	5
11	56	5	6	8	5
11	57	4	3	5	5
11	58	8	3	8	4
11	59	4	4	3	5
11	60	5	5	9	6
11	61	9	5	9	7
11	62	5	3	6	6
11	63	8	5	6	6
11	64	5	4	5	4
11	65	5	3	6	5
11	66	7	4	9	6
11	67	3	4	5	4
11	68	3	3	5	4
11	69	7	5	10	7
11	70	8	5	6	6
11	71	5	4	8	5
11	72	4	3	1	2
11	73	8	6	8	7
11	74	9	6	16	8
11	75	5	3	6	6
11	76	5	4	8	8
11	77	5	6	8	6
11	78	4	4	5	6
11	79	4	4	6	5
11	80	4	3	5	2
11	81	3	5	5	6
11	82	6	6	8	6
11	83	4	4	6	5
11	84	6	4	6	5
11	85	6	5	6	3
11	86	2	3	4	3
11	87	6	5	8	6
11	88	3	3	5	3
11	89	4	3	6	6
11	90	5	3	7	4
11	91	5	5	7	4
11	92	7	6	8	8
11	93	3	3	4	4
11	94	4	3	3	6
11	95	3	4	3	3
11	96	3	4	2	5
11	97	5	3	7	4
11	98	5	5	9	4
11	99	4	4	4	3
11	100	5	5	7	6
11	101	6	3	9	3
11	102	4	3	2	4
11	103	2	4	5	4
11	104	6	5	7	7
11	105	5	5	9	6
11	106	10	7	12	8
11	107	5	5	8	6
11	108	4	3	5	4
11	109	4	3	4	4
11	110	4	5	9	5
11	111	6	5	10	7
11	112	6	5	8	5
11	113	7	5	10	8
11	114	6	5	8	7
11	115	2	3	5	4
11	116	6	5	6	5
11	117	6	4	10	6
11	118	6	4	6	5
11	119	7	5	7	5
11	120	5	5	6	6
12	1	2	3	5	2
12	2	4	3	2	3
12	3	5	5	6	5
12	4	4	2	2	3
12	5	2	4	3	2
12	6	5	3	6	4
12	7	3	3	3	3
12	8	2	2	4	4
12	9	2	3	3	3
12	10	7	4	5	5
12	11	5	3	7	5
12	12	6	4	5	5
12	13	3	4	6	5
12	14	6	3	5	4
12	15	5	5	7	4
12	16	1	3	2	1
12	17	3	3	5	4
12	18	4	4	6	4
12	19	5	4	8	5
12	20	1	3	4	4
12	21	3	3	5	4
12	22	3	3	3	4
12	23	5	5	7	5
12	24	6	3	9	6
12	25	5	4	7	6
12	26	3	2	4	3
12	27	5	5	9	4
12	28	6	5	9	6
12	29	5	3	6	4
12	30	6	3	7	3
12	31	3	1	2	0
12	32	4	3	5	2
12	33	4	4	6	4
12	34	3	4	5	2
12	35	4	3	4	5
12	36	7	5	6	6
12	37	5	4	8	3
12	38	7	4	6	5
12	39	4	2	1	3
12	40	3	2	5	4
12	41	5	4	5	4
12	42	4	4	5	4
12	43	2	2	2	3
12	44	6	3	6	4
12	45	4	3	7	4
12	46	5	3	5	4
12	47	4	2	7	5
12	48	4	3	4	5
12	49	4	5	7	7
12	50	6	4	7	4
12	51	3	4	5	3
12	52	5	4	6	7
12	53	4	4	6	4
12	54	5	3	7	4
12	55	3	2	4	3
12	56	5	5	9	8
12	57	4	4	6	4
12	58	6	4	9	6
12	59	6	2	5	4
12	60	2	3	3	4
12	61	7	3	8	4
12	62	1	2	4	3
12	63	4	3	6	5
12	64	3	3	5	3
12	65	2	2	0	3
12	66	5	3	5	4
12	67	1	1	1	3
12	68	5	3	7	4
12	69	6	4	5	4
12	70	2	2	4	5
12	71	4	3	5	3
12	72	6	4	6	5
12	73	3	2	5	4
12	74	6	5	7	6
12	75	5	3	4	3
12	76	2	3	3	4
12	77	2	1	2	2
12	78	0	1	3	0
12	79	7	5	5	5
12	80	6	3	3	3
12	81	6	6	9	6
12	82	3	4	7	6
12	83	7	4	7	5
12	84	6	4	6	6
12	85	2	2	5	2
12	86	4	3	10	4
12	87	4	5	5	5
12	88	6	4	9	6
12	89	5	4	7	5
12	90	6	3	4	3
12	91	5	3	6	3
12	92	6	3	6	5
12	93	5	4	4	3
12	94	6	4	6	5
12	95	4	4	5	5
12	96	3	3	6	4
12	97	4	2	3	3
12	98	5	5	7	4
12	99	3	4	7	5
12	100	3	3	6	3
12	101	3	4	3	3
12	102	3	2	5	4
12	103	2	2	5	4
12	104	3	4	6	3
12	105	1	3	3	4
12	106	3	1	0	3
12	107	6	4	7	5
12	108	4	3	5	3
12	109	2	2	4	3
12	110	3	3	5	3
12	111	7	4	8	6
12	112	5	5	6	6
12	113	3	2	7	5
12	114	5	3	8	5
12	115	3	3	3	4
12	116	7	5	6	5
12	117	1	3	8	3
12	118	4	4	5	4
12	119	6	5	8	7
12	120	6	4	7	5
13	1	5	5	6	5
13	2	4	4	3	3
13	3	4	4	3	2
13	4	8	5	8	8
13	5	4	1	5	3
13	6	3	2	7	5
13	7	5	5	8	7
13	8	6	4	8	6
13	9	5	4	7	6
13	10	3	3	4	4
13	11	3	2	2	3
13	12	4	3	7	5
13	13	2	2	6	2
13	14	2	4	5	6
13	15	5	4	8	6
13	16	6	4	8	7
13	17	4	3	4	6
13	18	2	2	4	1
13	19	7	5	6	4
13	20	4	4	7	5
13	21	3	4	5	3
13	22	1	2	3	3
13	23	7	4	7	3
13	24	4	3	9	9
13	25	2	4	4	4
13	26	6	4	5	5
13	27	4	3	5	4
13	28	4	4	8	5
13	29	3	3	4	3
13	30	1	4	5	4
13	31	4	4	4	4
13	32	4	2	6	3
13	33	4	3	4	4
13	34	3	4	5	3
13	35	5	4	8	3
13	36	5	4	6	5
13	37	7	3	7	6
13	38	0	2	4	2
13	39	5	4	5	4
13	40	6	4	6	4
13	41	8	5	7	7
13	42	5	4	4	4
13	43	3	4	4	4
13	44	3	2	6	4
13	45	5	3	7	4
13	46	6	4	7	6
13	47	5	4	4	5
13	48	4	3	5	4
13	49	6	4	4	4
13	50	4	4	6	7
13	51	3	4	4	7
13	52	5	5	8	7
13	53	4	5	5	6
13	54	5	4	10	7
13	55	4	3	6	4
13	56	5	6	7	4
13	57	3	3	4	4
13	58	6	4	7	4
13	59	0	1	3	2
13	60	4	4	6	4
13	61	4	5	3	3
13	62	2	3	5	4
13	63	3	2	2	3
13	64	5	2	5	4
13	65	5	4	8	5
13	66	1	3	3	2
13	67	6	4	6	5
13	68	3	2	4	2
13	69	1	4	1	3
13	70	4	4	6	5
13	71	4	3	4	3
13	72	5	4	9	5
13	73	4	3	4	3
13	74	5	3	6	5
13	75	5	3	3	4
13	76	2	3	3	3
13	77	6	5	8	5
13	78	4	4	8	4
13	79	3	3	2	3
13	80	4	2	5	3
13	81	6	5	10	6
13	82	3	3	3	4
13	83	3	2	4	2
13	84	3	2	3	4
13	85	2	4	1	5
13	86	6	3	7	5
13	87	3	4	6	4
13	88	4	2	7	5
13	89	6	3	4	3
13	90	3	3	5	5
13	91	3	3	3	3
13	92	6	4	6	5
13	93	1	2	3	3
13	94	3	4	5	6
13	95	4	3	4	4
13	96	5	5	8	4
13	97	2	3	4	3
13	98	5	3	6	2
13	99	8	5	9	8
13	100	7	4	5	5
13	101	0	2	3	2
13	102	5	3	5	5
13	103	4	1	4	5
13	104	1	2	4	3
13	105	4	2	6	4
13	106	5	3	6	3
13	107	4	3	6	4
13	108	5	5	10	6
13	109	1	2	3	2
13	110	3	6	7	3
13	111	5	3	6	5
13	112	5	4	7	4
13	113	5	3	5	2
13	114	3	4	4	4
13	115	2	3	5	2
13	116	3	4	4	6
13	117	7	4	10	7
13	118	6	4	6	4
13	119	7	4	7	5
13	120	6	5	6	5
14	1	6	4	6	6
14	2	5	4	6	5
14	3	5	4	5	4
14	4	3	1	3	3
14	5	2	2	4	4
14	6	0	2	1	2
14	7	2	4	7	4
14	8	6	3	7	5
14	9	4	4	6	4
14	10	4	3	5	4
14	11	4	3	3	3
14	12	8	5	13	8
14	13	5	5	6	4
14	14	6	4	8	5
14	15	5	3	4	3
14	16	4	3	7	3
14	17	4	3	6	5
14	18	5	4	7	5
14	19	4	3	4	1
14	20	5	3	7	5
14	21	2	3	1	1
14	22	2	2	5	3
14	23	1	1	4	3
14	24	5	5	5	4
14	25	4	3	5	2
14	26	4	2	4	3
14	27	5	4	7	6
14	28	5	4	7	5
14	29	1	1	4	2
14	30	6	3	6	5
14	31	2	4	2	2
14	32	3	1	2	5
14	33	6	5	9	6
14	34	5	4	8	5
14	35	6	6	8	5
14	36	1	2	4	2
14	37	1	1	1	3
14	38	2	2	3	2
14	39	4	4	10	5
14	40	4	2	4	3
14	41	0	2	2	1
14	42	4	4	4	3
14	43	4	4	7	5
14	44	4	4	6	5
14	45	3	2	5	3
14	46	0	3	2	3
14	47	3	2	2	2
14	48	4	3	4	5
14	49	5	3	6	4
14	50	1	2	0	1
14	51	5	3	9	4
14	52	4	3	7	2
14	53	5	4	7	4
14	54	3	3	1	3
14	55	2	3	2	2
14	56	4	4	6	2
14	57	5	4	7	5
14	58	7	4	7	6
14	59	4	4	6	6
14	60	6	4	6	4
14	61	3	3	3	2
14	62	3	4	6	4
14	63	2	2	3	5
14	64	3	3	4	2
14	65	5	3	8	5
14	66	5	4	6	6
14	67	6	3	5	5
14	68	4	3	3	4
14	69	5	1	3	4
14	70	3	2	7	6
14	71	5	4	5	4
14	72	6	5	7	4
14	73	4	3	3	2
14	74	7	4	7	5
14	75	2	3	4	4
14	76	4	3	7	7
14	77	4	2	2	2
14	78	0	1	1	1
14	79	3	3	0	2
14	80	3	3	5	4
14	81	4	4	6	4
14	82	0	3	2	1
14	83	3	1	3	2
14	84	6	4	6	6
14	85	4	1	5	6
14	86	7	3	4	5
14	87	2	2	4	1
14	88	5	3	4	2
14	89	4	3	5	3
14	90	4	3	6	4
14	91	2	3	4	4
14	92	6	3	3	3
14	93	-1	2	-1	1
14	94	6	4	6	6
14	95	7	5	7	6
14	96	1	1	2	2
14	97	4	2	4	5
14	98	4	4	8	6
14	99	6	2	6	7
14	100	8	4	6	5
14	101	2	3	2	4
14	102	8	5	9	7
14	103	3	2	3	1
14	104	4	4	7	6
14	105	3	3	6	4
14	106	3	2	5	3
14	107	3	3	1	4
14	108	1	2	1	1
14	109	6	2	8	5
14	110	5	2	4	5
14	111	3	4	4	3
14	112	4	3	4	3
14	113	3	4	5	3
14	114	0	2	3	2
14	115	4	4	7	5
14	116	0	2	1	1
14	117	1	1	1	2
14	118	3	2	5	3
14	119	3	2	2	4
14	120	3	2	5	4
15	1	4	3	7	5
15	2	2	2	1	2
15	3	1	3	3	4
15	4	3	3	4	5
15	5	1	1	3	3
15	6	3	3	3	1
15	7	3	3	3	3
15	8	1	2	2	3
15	9	2	3	4	3
15	10	2	3	4	3
15	11	2	2	3	3
15	12	2	2	3	2
15	13	4	3	4	2
15	14	6	2	7	7
15	15	5	3	7	4
15	16	1	1	1	2
15	17	0	1	2	3
15	18	1	3	5	2
15	19	5	3	6	5
15	20	1	3	7	2
15	21	2	2	3	2
15	22	4	4	6	5
15	23	4	1	5	3
15	24	1	1	2	1
15	25	1	2	3	3
15	26	6	3	5	3
15	27	4	4	4	3
15	28	3	2	3	5
15	29	1	1	2	4
15	30	4	2	6	5
15	31	1	2	3	3
15	32	0	0	1	0
15	33	3	2	4	3
15	34	5	3	2	3
15	35	7	3	10	4
15	36	3	1	2	1
15	37	3	3	3	1
15	38	3	4	7	3
15	39	4	3	8	4
15	40	3	2	5	4
15	41	3	3	3	1
15	42	3	2	2	3
15	43	5	3	6	5
15	44	4	3	7	3
15	45	0	2	0	1
15	46	5	3	6	6
15	47	3	4	4	3
15	48	3	2	5	3
15	49	2	2	3	4
15	50	1	3	5	2
15	51	3	3	6	3
15	52	2	1	3	3
15	53	3	2	5	4
15	54	1	1	4	2
15	55	3	2	5	3
15	56	5	2	6	5
15	57	4	3	3	5
15	58	4	3	5	4
15	59	0	2	3	2
15	60	3	2	3	2
15	61	2	4	7	3
15	62	2	2	4	3
15	63	5	4	6	4
15	64	3	2	2	2
15	65	4	2	5	3
15	66	3	3	4	3
15	67	2	3	4	3
15	68	2	2	3	2
15	69	2	3	3	3
15	70	1	1	3	1
15	71	2	1	2	2
15	72	2	2	2	4
15	73	3	3	4	2
15	74	4	4	7	5
15	75	6	3	5	4
15	76	4	2	4	3
15	77	2	3	3	5
15	78	3	1	3	4
15	79	4	2	2	3
15	80	0	2	0	3
15	81	3	2	2	4
15	82	2	3	4	2
15	83	4	1	7	4
15	84	2	0	5	1
15	85	4	3	1	1
15	86	0	3	2	2
15	87	2	3	5	4
15	88	5	3	3	3
15	89	3	2	3	3
15	90	5	3	4	3
15	91	1	1	0	3
15	92	4	4	8	5
15	93	2	2	5	3
15	94	1	1	4	2
15	95	3	2	4	2
15	96	4	3	5	5
15	97	2	0	2	3
15	98	4	3	9	5
15	99	2	1	5	1
15	100	4	3	5	3
15	101	2	3	5	3
15	102	2	3	4	2
15	103	0	0	1	0
15	104	0	0	0	2
15	105	1	3	3	4
15	106	4	2	7	3
15	107	0	2	0	1
15	108	5	2	6	6
15	109	4	4	6	5
15	110	1	2	3	1
15	111	4	3	5	5
15	112	0	1	2	1
15	113	3	2	3	4
15	114	4	2	7	3
15	115	6	3	5	5
15	116	1	2	4	2
15	117	0	2	3	2
15	118	3	2	2	1
15	119	3	3	5	3
15	120	2	1	0	0
16	1	1	3	1	4
16	2	11	7	10	8
16	3	11	5	11	9
16	4	5	5	7	6
16	5	8	7	8	8
16	6	6	5	8	5
16	7	10	5	10	6
16	8	6	6	11	6
16	9	6	6	8	5
16	10	2	3	7	3
16	11	7	6	10	7
16	12	5	4	7	6
16	13	6	4	6	4
16	14	5	5	7	4
16	15	5	5	6	5
16	16	9	6	10	7
16	17	3	3	7	4
16	18	6	5	7	4
16	19	7	6	11	7
16	20	8	7	9	8
16	21	6	5	11	8
16	22	9	7	11	7
16	23	7	5	8	6
16	24	6	6	6	5
16	25	6	5	8	7
16	26	8	5	11	7
16	27	9	7	12	9
16	28	3	3	5	3
16	29	6	5	7	7
16	30	9	6	10	6
16	31	4	4	8	5
16	32	4	5	7	3
16	33	9	5	10	8
16	34	4	4	7	7
16	35	5	4	7	7
16	36	6	6	9	8
16	37	8	5	10	7
16	38	5	6	3	4
16	39	8	5	8	8
16	40	5	5	6	5
16	41	3	4	4	4
16	42	7	6	9	8
16	43	8	5	11	7
16	44	6	4	8	5
16	45	7	6	9	8
16	46	3	5	6	5
16	47	6	6	9	6
16	48	6	5	7	4
16	49	4	5	7	5
16	50	5	7	11	6
16	51	8	7	11	5
16	52	4	5	5	3
16	53	4	4	7	6
16	54	8	6	9	7
16	55	6	5	6	7
16	56	3	3	1	3
16	57	6	5	7	6
16	58	5	3	5	4
16	59	6	5	5	5
16	60	7	6	12	7
16	61	11	7	12	7
16	62	6	5	4	5
16	63	7	5	7	8
16	64	6	6	6	6
16	65	2	5	10	6
16	66	6	6	12	8
16	67	8	6	7	6
16	68	2	5	7	5
16	69	5	5	8	5
16	70	6	5	8	8
16	71	2	2	1	3
16	72	7	6	9	6
16	73	4	4	4	3
16	74	6	6	7	6
16	75	6	5	10	7
16	76	8	6	10	7
16	77	7	5	8	6
16	78	5	6	8	6
16	79	7	5	8	8
16	80	3	5	5	5
16	81	6	6	9	6
16	82	8	6	10	7
16	83	8	6	9	7
16	84	3	4	4	5
16	85	6	6	10	5
16	86	3	3	5	5
16	87	5	5	7	6
16	88	7	6	10	7
16	89	3	4	1	3
16	90	5	4	6	6
16	91	10	6	11	8
16	92	3	5	5	4
16	93	6	5	10	8
16	94	7	4	6	7
16	95	7	6	10	7
16	96	6	6	10	6
16	97	6	4	4	5
16	98	4	5	5	5
16	99	5	4	6	5
16	100	10	7	13	8
16	101	7	6	7	8
16	102	7	5	9	5
16	103	6	4	7	5
16	104	6	4	7	7
16	105	9	7	9	8
16	106	5	3	8	4
16	107	5	4	8	5
16	108	7	5	8	4
16	109	6	4	7	7
16	110	10	6	11	9
16	111	3	4	4	4
16	112	9	7	10	8
16	113	5	6	4	6
16	114	9	5	11	7
16	115	4	4	5	5
16	116	8	6	8	6
16	117	6	5	10	7
16	118	3	3	4	5
16	119	4	4	6	4
16	120	7	4	8	7
17	1	5	6	4	6
17	2	3	2	5	3
17	3	5	3	5	4
17	4	7	6	9	7
17	5	4	2	6	4
17	6	6	4	7	5
17	7	5	3	9	4
17	8	2	2	4	3
17	9	4	2	5	4
17	10	4	4	6	6
17	11	3	3	7	6
17	12	7	5	7	7
17	13	2	3	4	3
17	14	2	3	2	3
17	15	4	4	8	5
17	16	3	5	4	3
17	17	3	5	5	4
17	18	7	4	10	4
17	19	2	3	5	5
17	20	7	4	7	6
17	21	3	5	2	3
17	22	6	3	6	5
17	23	7	4	7	6
17	24	1	2	4	4
17	25	2	2	2	2
17	26	4	4	5	3
17	27	4	4	6	5
17	28	3	3	7	6
17	29	5	4	9	6
17	30	4	3	6	4
17	31	4	2	4	4
17	32	6	4	6	5
17	33	2	2	2	2
17	34	6	5	6	4
17	35	4	4	5	4
17	36	3	3	2	4
17	37	1	4	2	3
17	38	3	3	6	4
17	39	8	5	9	8
17	40	3	3	5	4
17	41	3	3	5	3
17	42	6	4	8	5
17	43	5	4	5	4
17	44	7	5	5	4
17	45	4	2	7	4
17	46	6	4	9	7
17	47	1	2	3	3
17	48	5	5	6	5
17	49	4	3	4	4
17	50	6	5	5	5
17	51	3	4	7	4
17	52	7	4	6	5
17	53	6	5	9	5
17	54	6	4	4	4
17	55	3	4	6	4
17	56	4	1	2	4
17	57	4	4	4	4
17	58	3	3	6	5
17	59	7	4	10	6
17	60	2	3	1	4
17	61	2	3	6	3
17	62	3	4	6	3
17	63	4	4	8	4
17	64	5	5	7	6
17	65	3	3	3	4
17	66	5	4	6	5
17	67	3	4	5	4
17	68	7	4	8	6
17	69	6	4	9	6
17	70	3	3	4	3
17	71	5	3	5	4
17	72	5	4	8	5
17	73	1	3	1	2
17	74	2	3	5	4
17	75	5	4	8	3
17	76	3	4	5	3
17	77	6	3	6	4
17	78	5	3	6	4
17	79	0	3	4	5
17	80	2	3	4	3
17	81	3	4	6	5
17	82	3	3	4	4
17	83	4	3	4	6
17	84	7	5	7	5
17	85	5	4	6	5
17	86	5	5	6	5
17	87	5	3	8	4
17	88	5	4	5	5
17	89	6	3	5	6
17	90	3	4	4	3
17	91	5	4	8	6
17	92	2	2	3	2
17	93	6	4	9	5
17	94	4	3	8	5
17	95	5	4	5	4
17	96	3	1	4	5
17	97	5	4	5	5
17	98	3	4	9	6
17	99	0	2	1	2
17	100	3	3	6	5
17	101	4	6	7	6
17	102	2	3	5	6
17	103	3	2	4	2
17	104	4	2	6	3
17	105	6	4	8	5
17	106	2	2	4	1
17	107	6	3	4	4
17	108	2	2	2	3
17	109	3	3	5	3
17	110	3	3	5	3
17	111	3	3	3	2
17	112	5	3	4	2
17	113	5	3	8	6
17	114	3	3	5	4
17	115	4	4	6	4
17	116	0	1	0	3
17	117	1	4	3	2
17	118	5	3	6	4
17	119	2	3	5	4
17	120	2	3	4	4
18	1	2	1	3	3
18	2	0	1	0	1
18	3	0	1	1	1
18	4	0	0	1	2
18	5	3	2	1	1
18	6	1	1	1	0
18	7	-2	1	0	0
18	8	1	1	1	1
18	9	1	3	5	2
18	10	2	0	0	1
18	11	0	2	0	2
18	12	1	1	3	1
18	13	2	1	3	2
18	14	1	0	0	2
18	15	0	0	3	1
18	16	0	1	0	0
18	17	-1	1	2	1
18	18	1	1	0	1
18	19	0	2	0	2
18	20	3	1	2	2
18	21	2	1	1	0
18	22	0	0	-1	0
18	23	0	0	-1	1
18	24	2	1	2	1
18	25	3	1	1	1
18	26	-1	0	-2	0
18	27	-1	0	2	0
18	28	1	1	1	2
18	29	0	0	0	1
18	30	2	2	2	0
18	31	0	1	0	2
18	32	0	0	0	0
18	33	3	1	4	1
18	34	3	0	2	2
18	35	0	0	4	1
18	36	1	2	0	1
18	37	0	1	0	1
18	38	1	0	2	0
18	39	2	1	3	1
18	40	3	1	3	2
18	41	0	1	0	2
18	42	0	2	0	2
18	43	0	0	0	0
18	44	4	3	6	1
18	45	-4	0	-3	-1
18	46	0	0	3	2
18	47	3	0	0	1
18	48	0	0	0	1
18	49	0	2	4	3
18	50	0	0	-1	0
18	51	2	2	1	2
18	52	-1	0	0	0
18	53	-1	-1	-3	-1
18	54	0	1	0	0
18	55	1	1	3	1
18	56	1	0	0	-1
18	57	1	1	0	1
18	58	2	0	0	3
18	59	-1	1	0	0
18	60	1	0	1	2
18	61	0	1	3	4
18	62	3	1	3	2
18	63	1	1	1	0
18	64	2	2	4	4
18	65	1	0	2	2
18	66	5	1	1	0
18	67	-2	0	-2	0
18	68	-1	0	0	0
18	69	0	0	0	0
18	70	1	1	2	1
18	71	4	1	0	0
18	72	1	1	4	1
18	73	0	0	-2	1
18	74	0	0	1	0
18	75	2	0	1	1
18	76	0	0	1	2
18	77	1	0	1	3
18	78	0	0	0	0
18	79	0	1	4	0
18	80	0	0	0	1
18	81	1	0	0	2
18	82	0	0	0	0
18	83	0	0	1	0
18	84	0	0	-1	0
18	85	-1	0	-2	0
18	86	1	1	-2	1
18	87	1	0	2	0
18	88	1	1	1	2
18	89	3	2	1	3
18	90	1	2	2	1
18	91	2	2	4	2
18	92	1	0	0	1
18	93	1	0	1	1
18	94	2	2	3	2
18	95	1	1	3	0
18	96	-1	0	0	0
18	97	0	0	1	0
18	98	1	2	3	1
18	99	0	1	0	2
18	100	2	0	3	0
18	101	0	2	2	0
18	102	1	1	0	1
18	103	0	1	1	2
18	104	2	1	1	3
18	105	0	0	3	2
18	106	3	1	2	1
18	107	0	1	1	0
18	108	0	0	0	0
18	109	1	2	3	2
18	110	2	1	4	4
18	111	3	1	5	3
18	112	0	0	0	2
18	113	0	0	1	0
18	114	1	1	4	2
18	115	4	1	4	2
18	116	0	1	0	1
18	117	2	1	3	3
18	118	0	1	-1	1
18	119	0	2	0	1
18	120	2	1	2	0
19	1	3	4	7	3
19	2	5	4	6	5
19	3	3	2	2	3
19	4	7	4	10	5
19	5	5	4	6	4
19	6	4	3	6	2
19	7	7	4	6	6
19	8	3	3	2	3
19	9	4	4	5	5
19	10	5	5	6	6
19	11	5	4	5	5
19	12	5	4	7	5
19	13	5	3	5	5
19	14	0	2	2	2
19	15	3	3	4	3
19	16	4	3	6	4
19	17	7	5	10	6
19	18	3	3	4	4
19	19	8	4	6	4
19	20	3	3	5	4
19	21	2	4	5	4
19	22	5	4	2	3
19	23	8	5	7	6
19	24	7	5	6	6
19	25	6	4	7	6
19	26	7	3	8	6
19	27	5	4	7	4
19	28	7	4	6	5
19	29	4	4	6	5
19	30	2	2	4	5
19	31	4	4	2	4
19	32	3	3	5	6
19	33	5	4	9	5
19	34	3	3	5	2
19	35	5	2	4	4
19	36	3	2	3	1
19	37	6	6	8	4
19	38	4	4	6	4
19	39	4	4	7	5
19	40	2	2	3	3
19	41	3	3	4	3
19	42	5	4	6	5
19	43	3	3	4	4
19	44	0	1	4	2
19	45	6	5	7	3
19	46	6	4	5	5
19	47	4	3	1	4
19	48	6	3	7	4
19	49	4	3	3	3
19	50	6	4	5	5
19	51	4	4	4	4
19	52	3	4	3	3
19	53	3	3	4	4
19	54	5	3	3	4
19	55	3	4	5	6
19	56	6	4	7	5
19	57	5	4	7	5
19	58	4	4	2	1
19	59	3	3	6	3
19	60	4	4	7	8
19	61	5	2	7	4
19	62	5	4	6	6
19	63	6	5	9	5
19	64	3	4	6	2
19	65	7	5	10	5
19	66	3	3	4	4
19	67	4	3	7	3
19	68	4	3	6	3
19	69	3	3	6	4
19	70	6	3	2	5
19	71	5	3	2	4
19	72	5	4	5	5
19	73	0	2	2	3
19	74	3	3	4	3
19	75	6	4	6	6
19	76	5	3	4	6
19	77	7	3	9	5
19	78	5	5	5	6
19	79	7	4	8	6
19	80	7	4	7	5
19	81	2	3	3	3
19	82	5	5	6	4
19	83	7	5	8	6
19	84	3	3	5	4
19	85	4	4	8	6
19	86	4	4	6	6
19	87	6	4	8	6
19	88	4	3	5	6
19	89	5	3	5	5
19	90	4	4	6	4
19	91	5	4	6	6
19	92	4	4	5	5
19	93	5	4	6	4
19	94	6	3	4	5
19	95	5	4	7	3
19	96	8	5	8	7
19	97	9	4	10	6
19	98	7	5	9	6
19	99	6	3	6	5
19	100	1	4	1	3
19	101	5	3	6	6
19	102	7	2	8	5
19	103	5	4	8	6
19	104	3	3	4	4
19	105	4	3	2	3
19	106	4	3	6	4
19	107	7	4	4	4
19	108	6	4	7	5
19	109	5	4	8	7
19	110	4	3	3	5
19	111	1	2	5	2
19	112	3	2	1	1
19	113	4	4	7	4
19	114	6	4	9	5
19	115	5	4	7	4
19	116	4	2	1	3
19	117	7	6	9	6
19	118	5	5	5	4
19	119	6	6	9	7
19	120	5	5	7	4
20	1	6	3	7	4
20	2	2	2	5	4
20	3	2	1	3	3
20	4	1	2	4	3
20	5	2	1	5	4
20	6	3	2	5	4
20	7	6	3	5	4
20	8	1	3	4	1
20	9	2	4	2	3
20	10	2	3	4	3
20	11	4	2	1	3
20	12	3	2	4	2
20	13	0	1	2	1
20	14	3	5	6	4
20	15	3	2	5	3
20	16	1	2	4	3
20	17	2	2	3	3
20	18	2	1	5	3
20	19	0	3	2	2
20	20	1	1	4	1
20	21	0	2	0	1
20	22	5	3	8	5
20	23	3	2	4	4
20	24	1	2	3	0
20	25	4	3	5	5
20	26	5	3	4	3
20	27	4	3	5	2
20	28	3	1	4	3
20	29	3	2	2	4
20	30	3	2	5	2
20	31	2	3	6	4
20	32	5	3	6	4
20	33	6	5	6	4
20	34	4	2	3	1
20	35	0	1	2	1
20	36	2	3	6	4
20	37	8	4	9	7
20	38	2	4	3	4
20	39	6	2	5	5
20	40	1	2	4	4
20	41	3	1	7	3
20	42	2	2	3	3
20	43	3	1	4	2
20	44	6	3	7	4
20	45	3	2	4	3
20	46	2	2	7	3
20	47	4	3	5	4
20	48	6	5	8	5
20	49	2	3	6	4
20	50	2	1	1	2
20	51	1	2	2	3
20	52	0	0	0	1
20	53	0	1	0	1
20	54	6	3	7	5
20	55	3	3	2	2
20	56	3	2	5	2
20	57	7	4	5	5
20	58	2	3	4	3
20	59	3	2	3	0
20	60	4	2	4	3
20	61	4	4	5	3
20	62	3	1	1	2
20	63	4	4	7	3
20	64	3	3	5	2
20	65	1	1	3	3
20	66	2	1	4	1
20	67	4	5	4	3
20	68	4	5	9	4
20	69	6	4	7	6
20	70	4	3	5	4
20	71	3	2	3	3
20	72	1	1	2	2
20	73	3	2	4	3
20	74	1	3	4	3
20	75	6	3	6	3
20	76	3	1	7	3
20	77	0	2	-1	0
20	78	0	1	0	2
20	79	1	3	5	3
20	80	3	3	3	4
20	81	0	0	2	0
20	82	1	2	3	2
20	83	3	4	6	4
20	84	4	3	7	5
20	85	1	2	0	1
20	86	1	2	2	2
20	87	2	1	0	1
20	88	5	2	6	2
20	89	4	2	6	4
20	90	1	1	5	3
20	91	2	1	2	2
20	92	0	3	4	3
20	93	5	2	1	2
20	94	4	2	4	3
20	95	4	5	8	5
20	96	1	3	1	2
20	97	4	2	5	3
20	98	1	2	0	2
20	99	3	0	3	2
20	100	5	2	4	3
20	101	2	2	3	2
20	102	6	4	8	7
20	103	5	3	4	3
20	104	3	2	2	4
20	105	4	2	1	1
20	106	5	4	8	6
20	107	5	3	6	3
20	108	2	3	5	2
20	109	1	2	3	3
20	110	1	3	2	3
20	111	3	2	2	3
20	112	5	4	7	5
20	113	2	3	5	2
20	114	1	2	3	1
20	115	3	4	5	3
20	116	5	3	6	5
20	117	2	3	4	1
20	118	2	3	4	3
20	119	3	3	5	5
20	120	1	1	7	4
21	1	3	2	2	3
21	2	4	3	5	4
21	3	2	1	3	3
21	4	1	3	1	1
21	5	1	1	3	2
21	6	2	3	1	1
21	7	5	2	6	4
21	8	4	0	2	1
21	9	1	2	4	3
21	10	0	0	3	1
21	11	0	2	4	3
21	12	1	2	1	2
21	13	2	1	2	1
21	14	2	2	2	0
21	15	2	3	3	3
21	16	2	1	1	2
21	17	3	2	7	4
21	18	2	3	4	3
21	19	3	3	4	3
21	20	1	2	2	3
21	21	0	0	0	0
21	22	1	1	4	1
21	23	5	2	5	2
21	24	1	2	1	1
21	25	0	1	0	1
21	26	0	3	7	3
21	27	3	1	4	3
21	28	2	1	3	3
21	29	2	2	5	3
21	30	5	3	5	2
21	31	4	2	7	3
21	32	2	2	4	0
21	33	2	1	3	3
21	34	0	0	2	0
21	35	2	0	1	1
21	36	6	2	8	5
21	37	5	2	4	3
21	38	2	2	1	2
21	39	1	2	2	0
21	40	0	1	1	1
21	41	7	3	9	5
21	42	2	1	4	1
21	43	1	2	4	3
21	44	5	1	7	3
21	45	2	1	3	2
21	46	2	1	6	3
21	47	4	3	6	5
21	48	1	2	0	2
21	49	5	2	5	4
21	50	3	2	3	3
21	51	1	1	4	1
21	52	3	2	4	3
21	53	1	1	1	0
21	54	0	2	1	2
21	55	3	2	4	4
21	56	2	2	3	3
21	57	2	1	2	2
21	58	3	3	7	3
21	59	1	1	0	0
21	60	4	3	6	4
21	61	6	5	4	4
21	62	2	3	4	3
21	63	5	3	2	5
21	64	0	1	1	3
21	65	2	2	1	2
21	66	2	2	3	2
21	67	3	2	3	3
21	68	0	2	2	2
21	69	2	2	3	4
21	70	4	2	3	2
21	71	6	3	3	3
21	72	7	3	6	5
21	73	3	1	1	2
21	74	4	2	2	2
21	75	0	0	0	3
21	76	1	1	0	1
21	77	4	2	4	4
21	78	0	1	0	2
21	79	0	1	3	3
21	80	2	2	3	2
21	81	1	1	2	5
21	82	3	2	3	2
21	83	0	1	2	2
21	84	-3	1	0	0
21	85	2	2	1	3
21	86	1	3	5	3
21	87	2	1	5	4
21	88	2	1	3	0
21	89	3	3	4	1
21	90	4	3	5	4
21	91	-1	0	-2	0
21	92	2	2	5	4
21	93	0	0	0	1
21	94	3	2	1	2
21	95	0	0	1	0
21	96	2	0	3	0
21	97	3	4	7	5
21	98	1	1	4	1
21	99	3	2	5	3
21	100	0	0	0	0
21	101	3	3	3	1
21	102	3	2	2	2
21	103	3	2	3	3
21	104	2	2	2	1
21	105	3	2	5	4
21	106	0	0	0	1
21	107	4	3	4	4
21	108	2	2	0	1
21	109	3	3	5	4
21	110	3	2	4	4
21	111	0	1	0	1
21	112	3	3	6	4
21	113	2	2	2	3
21	114	3	3	5	2
21	115	2	2	2	4
21	116	5	1	4	4
21	117	3	1	5	3
21	118	4	3	4	4
21	119	2	1	1	3
21	120	2	3	5	3
22	1	5	3	4	3
22	2	5	4	6	5
22	3	0	3	6	2
22	4	3	2	6	3
22	5	2	2	2	4
22	6	3	2	7	4
22	7	2	2	5	2
22	8	7	3	7	6
22	9	7	2	6	3
22	10	4	4	3	2
22	11	4	3	8	6
22	12	4	4	6	2
22	13	5	3	4	4
22	14	6	3	4	5
22	15	3	2	5	2
22	16	3	3	2	3
22	17	4	2	1	2
22	18	0	2	0	1
22	19	3	3	2	2
22	20	5	4	8	4
22	21	3	3	1	2
22	22	2	1	0	2
22	23	5	4	9	5
22	24	3	2	6	4
22	25	5	4	6	4
22	26	3	3	8	3
22	27	3	0	3	3
22	28	3	2	1	3
22	29	1	3	1	1
22	30	4	3	4	5
22	31	5	4	5	6
22	32	4	2	3	3
22	33	2	2	3	3
22	34	4	3	4	6
22	35	0	2	2	1
22	36	5	4	8	6
22	37	3	3	7	4
22	38	1	2	0	1
22	39	5	3	4	4
22	40	3	3	3	3
22	41	0	1	0	0
22	42	2	3	5	3
22	43	1	2	2	3
22	44	2	2	2	0
22	45	5	2	3	4
22	46	2	3	6	3
22	47	6	5	9	5
22	48	1	1	0	0
22	49	3	3	7	6
22	50	2	1	2	2
22	51	6	3	7	4
22	52	4	2	7	4
22	53	6	4	6	5
22	54	0	2	3	0
22	55	3	3	4	3
22	56	3	2	6	2
22	57	6	3	5	5
22	58	3	3	4	4
22	59	6	3	6	4
22	60	3	1	4	2
22	61	1	2	5	2
22	62	4	3	4	5
22	63	2	2	3	2
22	64	1	2	5	3
22	65	3	2	6	3
22	66	6	4	5	5
22	67	5	4	4	3
22	68	2	3	2	3
22	69	5	4	5	2
22	70	2	3	2	3
22	71	3	1	3	3
22	72	4	3	5	5
22	73	4	1	4	3
22	74	3	1	3	3
22	75	5	2	6	6
22	76	3	1	2	4
22	77	4	3	4	2
22	78	3	1	0	2
22	79	4	2	6	4
22	80	6	4	6	3
22	81	3	3	7	5
22	82	0	2	5	1
22	83	7	3	5	4
22	84	5	4	8	7
22	85	5	2	7	5
22	86	4	3	4	3
22	87	3	3	4	2
22	88	4	3	6	3
22	89	3	4	6	3
22	90	3	3	5	4
22	91	4	4	5	5
22	92	2	2	3	3
22	93	5	3	5	4
22	94	3	1	5	3
22	95	1	2	1	1
22	96	3	1	3	2
22	97	4	2	6	3
22	98	4	3	6	5
22	99	4	1	3	4
22	100	0	1	1	1
22	101	3	1	6	4
22	102	1	3	3	3
22	103	2	2	2	3
22	104	2	2	3	3
22	105	1	3	4	3
22	106	4	3	7	5
22	107	2	3	4	2
22	108	1	2	4	2
22	109	3	3	5	4
22	110	6	2	5	6
22	111	2	3	3	3
22	112	2	3	3	3
22	113	1	4	2	2
22	114	1	2	4	3
22	115	5	4	7	5
22	116	1	1	-1	2
22	117	3	3	3	4
22	118	1	1	1	2
22	119	0	1	1	1
22	120	3	3	5	4
23	1	5	1	2	5
23	2	4	3	6	4
23	3	2	1	2	1
23	4	1	2	1	1
23	5	0	2	1	2
23	6	3	1	7	3
23	7	-1	1	-2	0
23	8	1	2	3	2
23	9	0	2	1	3
23	10	1	1	0	1
23	11	-1	1	-3	0
23	12	2	1	1	3
23	13	-1	1	3	1
23	14	1	1	2	2
23	15	2	1	1	0
23	16	2	3	4	3
23	17	3	2	5	2
23	18	2	1	3	1
23	19	1	1	0	2
23	20	2	1	2	3
23	21	2	1	4	3
23	22	2	1	0	-1
23	23	2	1	4	1
23	24	4	1	3	3
23	25	2	1	2	2
23	26	1	1	4	1
23	27	5	3	5	5
23	28	2	1	4	3
23	29	5	4	8	5
23	30	3	0	0	2
23	31	5	1	7	4
23	32	1	2	4	4
23	33	2	1	2	1
23	34	3	2	4	3
23	35	0	1	0	2
23	36	3	1	4	2
23	37	1	3	3	1
23	38	0	1	5	3
23	39	0	2	1	1
23	40	0	2	3	0
23	41	4	2	7	3
23	42	2	2	6	4
23	43	1	3	5	3
23	44	3	2	3	3
23	45	2	2	6	3
23	46	3	1	5	5
23	47	2	3	7	4
23	48	4	2	3	3
23	49	1	2	2	3
23	50	3	2	1	3
23	51	1	1	3	1
23	52	2	2	2	1
23	53	2	2	4	3
23	54	4	2	4	4
23	55	0	1	0	0
23	56	3	1	1	1
23	57	2	2	3	4
23	58	0	0	1	1
23	59	4	3	5	5
23	60	1	2	4	2
23	61	1	0	0	0
23	62	0	0	2	2
23	63	2	2	6	2
23	64	6	4	8	4
23	65	0	1	3	4
23	66	4	2	5	2
23	67	1	0	1	1
23	68	6	3	6	5
23	69	4	3	6	3
23	70	0	0	-1	0
23	71	3	1	3	2
23	72	2	1	5	3
23	73	0	1	1	1
23	74	1	2	3	3
23	75	0	1	2	0
23	76	3	3	3	3
23	77	3	3	4	2
23	78	3	3	5	2
23	79	1	2	5	3
23	80	3	3	6	3
23	81	0	0	2	1
23	82	-1	0	-2	1
23	83	4	2	2	1
23	84	4	2	5	4
23	85	1	2	3	2
23	86	5	3	6	5
23	87	3	3	5	4
23	88	3	4	1	2
23	89	3	2	2	2
23	90	1	1	1	2
23	91	3	1	3	1
23	92	3	3	6	3
23	93	2	2	2	3
23	94	2	2	3	4
23	95	1	1	1	2
23	96	5	3	7	4
23	97	3	3	5	3
23	98	1	0	1	2
23	99	4	2	4	3
23	100	2	0	2	2
23	101	3	3	6	2
23	102	1	1	2	3
23	103	2	1	3	3
23	104	2	2	3	2
23	105	2	1	5	3
23	106	1	0	1	2
23	107	1	1	1	2
23	108	2	1	4	3
23	109	3	2	2	2
23	110	3	2	4	2
23	111	2	2	2	1
23	112	0	0	2	1
23	113	2	2	0	1
23	114	4	2	6	4
23	115	2	3	4	1
23	116	2	1	4	2
23	117	2	1	3	2
23	118	4	3	5	3
23	119	3	1	4	1
23	120	5	1	4	4
24	1	3	1	5	3
24	2	3	2	2	3
24	3	4	3	3	3
24	4	2	2	4	3
24	5	4	3	8	5
24	6	0	2	2	1
24	7	3	2	3	1
24	8	3	2	4	2
24	9	2	1	1	2
24	10	3	4	4	4
24	11	2	3	4	3
24	12	0	2	1	1
24	13	1	1	2	3
24	14	1	2	1	0
24	15	5	3	6	5
24	16	6	4	8	6
24	17	1	0	1	1
24	18	2	3	2	2
24	19	2	2	5	3
24	20	7	4	7	5
24	21	0	1	0	1
24	22	0	1	4	3
24	23	2	2	0	2
24	24	3	4	5	1
24	25	3	3	3	0
24	26	2	2	2	3
24	27	4	2	7	4
24	28	2	1	4	3
24	29	7	4	9	5
24	30	4	3	5	3
24	31	0	1	3	2
24	32	2	2	2	1
24	33	5	3	3	2
24	34	2	2	3	3
24	35	3	3	6	2
24	36	3	4	6	3
24	37	2	2	6	3
24	38	2	1	2	3
24	39	2	1	2	3
24	40	1	1	2	3
24	41	3	3	5	4
24	42	4	3	6	3
24	43	3	2	4	3
24	44	3	1	4	3
24	45	5	4	7	5
24	46	5	3	7	5
24	47	3	1	4	2
24	48	1	3	2	4
24	49	4	2	1	2
24	50	3	3	6	4
24	51	3	2	3	5
24	52	3	2	3	3
24	53	1	2	0	1
24	54	4	5	4	3
24	55	0	2	2	4
24	56	5	1	1	2
24	57	3	2	3	2
24	58	3	2	3	3
24	59	4	3	5	4
24	60	0	1	1	2
24	61	7	3	8	6
24	62	2	2	1	3
24	63	4	3	3	1
24	64	0	1	0	2
24	65	0	2	1	2
24	66	3	3	3	3
24	67	5	2	5	2
24	68	1	3	5	3
24	69	4	1	1	3
24	70	0	2	0	1
24	71	0	1	1	2
24	72	1	2	4	2
24	73	4	3	4	3
24	74	3	2	5	4
24	75	0	1	0	4
24	76	2	2	3	4
24	77	4	2	2	3
24	78	2	3	4	3
24	79	6	3	6	5
24	80	1	0	1	2
24	81	3	2	4	3
24	82	2	2	0	4
24	83	1	1	0	1
24	84	0	1	3	1
24	85	3	3	4	4
24	86	4	2	5	3
24	87	3	3	7	3
24	88	3	1	3	2
24	89	4	4	7	4
24	90	1	2	3	2
24	91	0	1	-1	2
24	92	0	0	0	0
24	93	3	2	6	5
24	94	1	3	4	3
24	95	2	3	1	3
24	96	0	3	2	2
24	97	4	3	5	3
24	98	6	2	7	5
24	99	1	1	1	4
24	100	1	2	2	2
24	101	2	3	6	2
24	102	1	2	3	4
24	103	3	2	2	2
24	104	3	3	5	1
24	105	1	1	0	0
24	106	3	2	3	1
24	107	1	2	6	3
24	108	4	3	5	2
24	109	0	2	4	0
24	110	4	3	4	4
24	111	4	4	5	4
24	112	0	1	1	1
24	113	1	1	2	4
24	114	4	2	6	5
24	115	4	2	3	5
24	116	0	2	4	4
24	117	3	2	0	0
24	118	4	2	2	5
24	119	0	2	0	0
24	120	0	2	1	1
25	1	5	3	4	4
25	2	2	2	1	0
25	3	0	1	1	1
25	4	2	3	4	3
25	5	1	2	3	4
25	6	0	1	0	0
25	7	4	3	6	5
25	8	0	3	4	2
25	9	1	3	3	3
25	10	2	1	3	3
25	11	3	3	6	4
25	12	3	3	3	4
25	13	2	4	4	2
25	14	3	2	9	5
25	15	2	3	6	5
25	16	4	3	5	5
25	17	4	3	5	2
25	18	5	4	5	3
25	19	5	3	6	4
25	20	3	2	2	3
25	21	4	2	4	4
25	22	4	3	8	6
25	23	0	1	4	3
25	24	4	2	6	5
25	25	1	1	2	1
25	26	4	3	6	6
25	27	0	1	0	2
25	28	0	2	1	2
25	29	6	2	6	6
25	30	3	2	5	3
25	31	3	2	4	2
25	32	3	4	4	4
25	33	5	2	3	4
25	34	6	4	9	5
25	35	3	0	1	2
25	36	2	2	0	2
25	37	0	0	0	1
25	38	4	4	6	4
25	39	3	2	2	2
25	40	2	1	3	3
25	41	5	5	7	6
25	42	2	3	3	3
25	43	4	4	8	5
25	44	-1	0	2	0
25	45	4	3	6	4
25	46	4	2	3	3
25	47	3	3	3	2
25	48	0	2	3	3
25	49	4	2	5	4
25	50	4	4	7	4
25	51	0	2	4	2
25	52	8	5	7	7
25	53	8	5	8	6
25	54	2	2	2	3
25	55	3	2	3	3
25	56	0	2	2	1
25	57	5	2	3	2
25	58	4	2	3	5
25	59	3	1	2	5
25	60	3	2	4	2
25	61	3	4	8	5
25	62	0	0	0	0
25	63	1	1	4	3
25	64	3	2	4	3
25	65	2	2	2	2
25	66	3	2	8	5
25	67	1	3	4	2
25	68	2	2	2	2
25	69	4	4	7	4
25	70	4	2	5	4
25	71	4	1	2	2
25	72	2	2	2	2
25	73	0	1	3	2
25	74	1	2	1	4
25	75	9	4	8	4
25	76	2	3	3	3
25	77	5	2	5	3
25	78	1	3	3	3
25	79	5	3	4	5
25	80	3	2	4	2
25	81	4	4	5	3
25	82	2	1	3	2
25	83	1	1	1	1
25	84	5	3	5	6
25	85	3	2	3	3
25	86	4	3	7	3
25	87	1	3	2	2
25	88	4	4	6	5
25	89	2	2	5	3
25	90	3	2	4	2
25	91	3	4	6	2
25	92	2	0	3	2
25	93	6	3	6	5
25	94	4	4	2	3
25	95	2	0	0	1
25	96	2	1	4	2
25	97	0	1	2	1
25	98	0	0	-1	2
25	99	4	1	4	3
25	100	3	2	3	3
25	101	1	0	2	1
25	102	0	1	1	0
25	103	2	2	3	2
25	104	1	2	0	0
25	105	3	3	5	3
25	106	4	3	5	5
25	107	0	1	0	2
25	108	3	2	2	2
25	109	3	2	4	4
25	110	1	2	6	2
25	111	4	3	4	4
25	112	3	2	3	2
25	113	4	2	7	5
25	114	6	3	7	3
25	115	4	3	6	3
25	116	1	1	2	2
25	117	1	2	4	2
25	118	3	2	7	3
25	119	2	3	4	3
25	120	0	1	3	0
26	1	0	1	1	0
26	2	2	2	4	1
26	3	4	0	2	1
26	4	0	1	0	1
26	5	0	1	0	3
26	6	0	2	2	2
26	7	2	2	1	2
26	8	3	2	5	4
26	9	0	0	-1	-1
26	10	1	1	3	0
26	11	3	0	0	1
26	12	-1	0	0	0
26	13	2	1	1	1
26	14	1	0	2	2
26	15	3	2	6	4
26	16	-3	0	-3	-1
26	17	3	2	6	3
26	18	1	1	6	2
26	19	1	3	3	2
26	20	2	2	2	2
26	21	1	0	2	1
26	22	2	3	3	4
26	23	0	0	0	2
26	24	1	0	4	1
26	25	2	0	3	1
26	26	4	1	4	2
26	27	2	0	2	1
26	28	0	1	2	0
26	29	1	2	0	2
26	30	1	1	3	2
26	31	3	2	6	2
26	32	1	1	2	4
26	33	1	2	3	1
26	34	3	1	4	2
26	35	2	0	1	3
26	36	2	1	4	2
26	37	0	0	1	2
26	38	1	1	4	3
26	39	-2	0	0	-1
26	40	3	1	3	3
26	41	-1	0	1	0
26	42	0	0	2	1
26	43	-1	1	0	0
26	44	1	1	1	1
26	45	0	1	0	1
26	46	0	1	4	3
26	47	0	0	2	2
26	48	1	1	0	1
26	49	2	1	5	1
26	50	4	3	4	4
26	51	3	2	3	3
26	52	0	1	-1	0
26	53	4	2	3	3
26	54	0	0	0	0
26	55	2	0	1	0
26	56	2	2	3	4
26	57	0	2	1	2
26	58	1	1	1	2
26	59	1	1	3	2
26	60	1	0	5	1
26	61	3	1	0	1
26	62	0	0	-1	0
26	63	1	1	1	2
26	64	2	1	1	3
26	65	2	3	4	3
26	66	0	1	3	2
26	67	1	1	1	1
26	68	-1	2	0	0
26	69	0	0	1	0
26	70	2	1	1	1
26	71	0	0	1	1
26	72	3	1	3	2
26	73	2	1	4	1
26	74	0	0	-1	0
26	75	1	1	4	2
26	76	1	2	3	2
26	77	2	2	0	2
26	78	1	0	0	1
26	79	3	0	1	0
26	80	1	1	0	1
26	81	0	2	0	1
26	82	2	0	2	2
26	83	0	0	1	1
26	84	0	2	1	1
26	85	0	0	2	0
26	86	0	1	0	1
26	87	0	0	2	0
26	88	0	0	0	1
26	89	0	0	2	0
26	90	1	2	0	1
26	91	-1	0	-1	0
26	92	0	1	3	3
26	93	1	2	2	1
26	94	-1	0	3	2
26	95	0	2	-1	-1
26	96	5	3	7	4
26	97	0	1	0	2
26	98	0	0	0	0
26	99	1	1	4	1
26	100	4	0	4	2
26	101	3	0	1	3
26	102	0	0	3	2
26	103	0	0	0	1
26	104	2	0	0	2
26	105	2	1	0	1
26	106	-1	1	2	0
26	107	1	3	2	4
26	108	2	1	3	2
26	109	0	2	0	1
26	110	0	2	4	3
26	111	2	2	3	1
26	112	3	2	1	3
26	113	2	1	0	2
26	114	1	0	2	-1
26	115	0	1	1	1
26	116	0	0	1	1
26	117	0	0	-2	0
26	118	0	2	1	2
26	119	1	1	2	1
26	120	0	1	2	0
27	1	3	5	2	4
27	2	1	2	4	2
27	3	4	5	5	5
27	4	5	4	5	6
27	5	4	3	3	2
27	6	2	3	4	4
27	7	4	4	6	6
27	8	7	5	6	6
27	9	6	5	10	5
27	10	8	6	10	8
27	11	6	5	10	7
27	12	6	4	8	4
27	13	8	5	10	8
27	14	3	3	7	5
27	15	4	4	4	5
27	16	6	4	8	5
27	17	0	4	2	4
27	18	3	2	4	2
27	19	8	5	9	6
27	20	2	4	5	5
27	21	2	5	5	4
27	22	2	3	5	3
27	23	6	5	6	4
27	24	6	4	8	6
27	25	4	4	7	5
27	26	5	4	6	6
27	27	7	6	8	8
27	28	5	4	6	4
27	29	4	5	5	4
27	30	4	4	7	4
27	31	3	3	3	4
27	32	3	4	5	5
27	33	3	3	6	3
27	34	9	5	8	7
27	35	1	2	0	2
27	36	6	5	8	3
27	37	4	4	5	3
27	38	9	5	8	7
27	39	5	4	4	4
27	40	5	4	5	5
27	41	5	3	8	5
27	42	5	4	6	7
27	43	5	4	7	4
27	44	8	6	10	7
27	45	6	5	6	5
27	46	6	4	7	6
27	47	7	6	10	6
27	48	4	4	7	7
27	49	4	4	8	5
27	50	4	4	7	6
27	51	6	5	5	6
27	52	6	5	7	6
27	53	5	4	6	4
27	54	6	4	4	5
27	55	4	4	6	3
27	56	5	6	6	2
27	57	10	5	8	5
27	58	4	3	5	6
27	59	4	4	5	4
27	60	7	5	7	6
27	61	6	4	7	5
27	62	8	4	9	7
27	63	5	4	4	4
27	64	5	3	6	3
27	65	5	3	4	3
27	66	3	3	4	5
27	67	3	4	5	4
27	68	2	3	4	6
27	69	4	4	8	6
27	70	4	3	7	4
27	71	5	4	6	6
27	72	5	4	6	3
27	73	5	5	7	5
27	74	2	3	3	4
27	75	0	3	1	1
27	76	7	5	10	6
27	77	5	5	6	5
27	78	4	5	7	7
27	79	0	2	3	4
27	80	5	4	9	5
27	81	5	5	5	6
27	82	6	5	5	6
27	83	8	4	6	6
27	84	7	5	8	6
27	85	4	4	4	5
27	86	9	6	9	7
27	87	7	5	8	7
27	88	7	4	11	6
27	89	5	3	6	4
27	90	3	4	4	3
27	91	4	3	4	3
27	92	5	3	7	6
27	93	6	4	7	5
27	94	4	5	9	5
27	95	3	2	4	3
27	96	5	2	7	5
27	97	8	5	10	8
27	98	3	3	3	5
27	99	3	4	4	3
27	100	2	2	4	3
27	101	3	2	6	3
27	102	5	4	5	3
27	103	3	4	6	3
27	104	4	4	3	6
27	105	4	2	5	4
27	106	5	4	5	5
27	107	6	5	7	4
27	108	4	3	3	6
27	109	1	2	4	3
27	110	3	4	3	6
27	111	0	2	2	3
27	112	2	4	3	4
27	113	2	4	5	4
27	114	4	3	3	3
27	115	5	2	6	2
27	116	9	4	10	6
27	117	8	6	8	6
27	118	8	6	10	10
27	119	5	6	7	4
27	120	3	5	5	4
28	1	3	2	3	3
28	2	3	2	3	3
28	3	4	3	3	3
28	4	5	6	6	7
28	5	4	5	7	6
28	6	3	4	5	5
28	7	3	2	3	4
28	8	1	3	2	2
28	9	3	2	5	3
28	10	2	3	4	3
28	11	3	4	4	4
28	12	7	5	9	6
28	13	6	3	9	4
28	14	1	3	5	3
28	15	3	2	1	2
28	16	2	3	2	3
28	17	5	4	5	5
28	18	5	4	7	4
28	19	3	3	5	3
28	20	4	4	6	5
28	21	4	2	4	4
28	22	2	4	3	4
28	23	3	3	5	4
28	24	4	5	9	6
28	25	4	3	1	2
28	26	6	4	8	6
28	27	3	3	2	2
28	28	2	2	3	3
28	29	4	3	4	3
28	30	5	4	9	4
28	31	3	3	5	5
28	32	3	3	3	3
28	33	0	1	1	0
28	34	4	3	6	5
28	35	2	2	3	2
28	36	4	2	4	3
28	37	6	3	8	6
28	38	2	2	5	2
28	39	6	4	7	4
28	40	4	4	4	4
28	41	4	4	7	5
28	42	3	2	1	2
28	43	3	3	6	3
28	44	7	3	7	6
28	45	7	5	10	7
28	46	2	3	2	2
28	47	6	3	11	3
28	48	3	3	5	4
28	49	4	3	8	5
28	50	2	4	4	4
28	51	3	3	4	2
28	52	5	3	6	5
28	53	5	4	9	4
28	54	3	3	5	6
28	55	5	4	3	4
28	56	4	2	5	5
28	57	4	3	4	4
28	58	5	3	7	6
28	59	5	4	8	4
28	60	5	3	6	4
28	61	4	4	7	4
28	62	6	4	4	5
28	63	3	3	5	4
28	64	4	3	5	4
28	65	1	4	2	2
28	66	2	3	5	3
28	67	2	2	3	2
28	68	4	2	4	4
28	69	3	2	2	3
28	70	1	3	3	4
28	71	0	3	4	4
28	72	2	5	5	2
28	73	3	4	6	4
28	74	4	3	5	5
28	75	3	3	5	4
28	76	5	4	9	5
28	77	2	2	2	3
28	78	5	3	6	5
28	79	6	4	7	5
28	80	4	2	5	4
28	81	2	3	5	5
28	82	2	2	4	2
28	83	4	3	5	3
28	84	4	4	5	6
28	85	3	2	3	2
28	86	2	3	7	3
28	87	5	4	5	4
28	88	5	4	7	4
28	89	5	4	6	5
28	90	5	5	7	5
28	91	6	3	4	4
28	92	2	3	5	3
28	93	4	4	5	3
28	94	2	2	6	4
28	95	3	2	7	4
28	96	5	4	6	5
28	97	4	3	3	5
28	98	4	3	7	3
28	99	5	3	6	3
28	100	4	2	8	4
28	101	3	1	6	2
28	102	4	2	5	3
28	103	6	3	9	7
28	104	4	3	9	6
28	105	3	2	2	4
28	106	0	2	3	3
28	107	3	2	2	3
28	108	5	4	7	4
28	109	6	5	3	4
28	110	3	3	5	2
28	111	3	3	5	3
28	112	4	6	8	6
28	113	3	3	7	3
28	114	3	2	6	3
28	115	5	3	6	4
28	116	4	4	6	3
28	117	2	2	4	2
28	118	3	4	6	4
28	119	4	1	3	3
28	120	4	3	6	5
29	1	4	2	6	5
29	2	2	2	1	3
29	3	2	2	4	3
29	4	0	2	2	2
29	5	3	1	5	1
29	6	3	0	1	1
29	7	1	2	2	0
29	8	1	1	4	2
29	9	2	2	5	3
29	10	5	2	5	2
29	11	5	1	4	3
29	12	0	0	1	3
29	13	5	2	4	2
29	14	2	2	4	4
29	15	1	1	1	3
29	16	2	1	5	4
29	17	0	2	0	1
29	18	1	2	3	2
29	19	-1	0	-4	0
29	20	2	3	3	1
29	21	3	2	8	5
29	22	6	2	3	3
29	23	-1	0	0	0
29	24	0	3	3	5
29	25	1	1	3	2
29	26	0	2	2	4
29	27	0	1	0	0
29	28	3	2	2	1
29	29	1	1	1	0
29	30	2	1	1	3
29	31	2	1	5	3
29	32	0	1	2	0
29	33	4	2	3	5
29	34	5	2	4	3
29	35	3	1	4	2
29	36	4	2	1	3
29	37	4	2	3	4
29	38	4	3	6	4
29	39	2	1	3	1
29	40	0	0	1	1
29	41	3	2	5	3
29	42	3	3	6	4
29	43	3	2	5	3
29	44	2	2	3	3
29	45	4	3	7	2
29	46	0	1	2	2
29	47	1	4	5	5
29	48	6	3	4	5
29	49	3	1	1	1
29	50	1	3	3	2
29	51	3	2	4	3
29	52	5	3	6	3
29	53	2	0	1	0
29	54	6	2	6	2
29	55	0	0	1	0
29	56	6	4	8	3
29	57	2	1	3	2
29	58	1	2	2	3
29	59	3	3	4	3
29	60	0	1	0	2
29	61	3	2	1	2
29	62	2	2	4	2
29	63	1	2	1	2
29	64	5	4	7	5
29	65	-1	0	0	1
29	66	2	1	2	3
29	67	3	2	6	3
29	68	1	1	1	2
29	69	2	2	3	2
29	70	5	3	6	3
29	71	0	0	0	0
29	72	1	0	2	2
29	73	0	0	1	1
29	74	3	2	3	2
29	75	3	2	0	1
29	76	3	2	5	3
29	77	0	2	1	3
29	78	1	3	3	3
29	79	3	1	3	6
29	80	3	2	2	1
29	81	1	1	0	0
29	82	0	3	1	2
29	83	3	1	4	3
29	84	5	4	7	4
29	85	0	1	1	1
29	86	0	1	2	3
29	87	2	2	2	2
29	88	0	3	3	0
29	89	1	1	2	0
29	90	3	2	7	4
29	91	4	2	3	3
29	92	0	1	2	1
29	93	0	1	-1	2
29	94	1	1	2	4
29	95	3	2	6	2
29	96	3	1	3	3
29	97	4	3	6	5
29	98	1	2	0	2
29	99	0	1	1	1
29	100	5	2	5	4
29	101	1	2	0	2
29	102	0	1	3	1
29	103	2	1	1	3
29	104	3	2	3	3
29	105	0	0	0	0
29	106	5	3	5	3
29	107	5	3	4	2
29	108	3	0	4	3
29	109	1	1	1	2
29	110	3	1	2	4
29	111	1	1	0	1
29	112	5	2	2	3
29	113	1	1	0	2
29	114	4	3	5	2
29	115	1	1	1	4
29	116	0	2	0	0
29	117	3	1	3	2
29	118	1	0	1	-1
29	119	0	1	0	1
29	120	2	2	5	3
30	1	7	6	10	7
30	2	4	3	6	6
30	3	7	5	9	5
30	4	3	3	4	4
30	5	8	4	10	8
30	6	7	4	7	4
30	7	3	2	5	4
30	8	6	4	6	7
30	9	4	4	6	4
30	10	4	3	8	4
30	11	6	5	7	5
30	12	6	5	10	7
30	13	3	4	6	3
30	14	3	5	5	4
30	15	7	4	8	6
30	16	6	4	10	7
30	17	8	6	10	9
30	18	9	6	9	7
30	19	9	4	7	6
30	20	2	3	2	3
30	21	5	5	10	6
30	22	6	5	8	4
30	23	3	4	5	4
30	24	4	6	7	4
30	25	3	4	4	3
30	26	5	6	8	5
30	27	7	6	6	5
30	28	3	3	3	5
30	29	3	3	6	5
30	30	7	4	6	5
30	31	5	4	6	4
30	32	5	4	6	5
30	33	7	5	9	6
30	34	4	4	8	6
30	35	5	4	7	5
30	36	5	4	8	7
30	37	4	4	4	4
30	38	7	4	9	5
30	39	7	4	9	6
30	40	7	4	9	8
30	41	3	3	4	4
30	42	2	4	5	4
30	43	7	5	8	5
30	44	5	5	8	7
30	45	7	6	13	7
30	46	6	6	9	8
30	47	4	4	7	6
30	48	4	4	6	4
30	49	6	5	9	7
30	50	8	4	12	8
30	51	4	4	4	3
30	52	4	3	6	3
30	53	9	5	10	9
30	54	8	6	11	7
30	55	5	5	7	5
30	56	3	4	3	4
30	57	3	5	7	5
30	58	7	6	10	6
30	59	7	5	11	7
30	60	7	5	6	4
30	61	5	4	6	5
30	62	4	4	7	4
30	63	4	4	9	4
30	64	5	3	7	5
30	65	4	4	9	6
30	66	8	5	10	6
30	67	6	4	7	6
30	68	5	4	7	6
30	69	5	3	6	5
30	70	5	5	8	6
30	71	4	4	9	6
30	72	7	5	11	8
30	73	4	6	9	5
30	74	4	3	6	5
30	75	6	6	8	5
30	76	7	5	8	6
30	77	6	4	6	4
30	78	2	3	3	3
30	79	8	5	9	7
30	80	4	3	6	4
30	81	4	3	7	4
30	82	7	5	10	7
30	83	4	2	4	5
30	84	5	3	4	4
30	85	5	4	5	4
30	86	2	3	3	4
30	87	7	6	8	7
30	88	8	5	11	6
30	89	5	4	7	6
30	90	6	3	5	4
30	91	3	4	6	7
30	92	4	4	4	5
30	93	6	5	7	5
30	94	6	4	8	6
30	95	7	6	7	6
30	96	5	5	6	5
30	97	5	4	7	5
30	98	3	2	3	3
30	99	6	5	7	6
30	100	4	5	3	4
30	101	6	5	7	7
30	102	7	4	9	8
30	103	2	2	3	3
30	104	7	4	6	6
30	105	5	4	5	4
30	106	7	4	6	5
30	107	7	5	10	5
30	108	6	7	10	7
30	109	4	4	2	6
30	110	5	4	7	6
30	111	2	4	8	3
30	112	6	5	10	6
30	113	4	4	4	3
30	114	8	5	10	7
30	115	6	4	10	5
30	116	2	3	3	4
30	117	6	5	6	6
30	118	6	4	7	5
30	119	7	5	9	6
30	120	4	4	8	4
31	1	3	4	6	5
31	2	5	4	6	5
31	3	6	4	7	5
31	4	5	3	6	4
31	5	4	1	5	2
31	6	4	3	6	5
31	7	7	3	5	5
31	8	5	3	6	6
31	9	3	3	5	4
31	10	5	3	7	4
31	11	3	2	4	3
31	12	2	3	3	3
31	13	4	3	7	5
31	14	5	3	6	5
31	15	6	4	7	5
31	16	5	4	7	5
31	17	4	3	6	5
31	18	6	3	7	4
31	19	2	3	5	4
31	20	3	3	3	3
31	21	1	3	2	4
31	22	5	3	5	5
31	23	6	3	7	4
31	24	5	3	6	4
31	25	5	4	10	5
31	26	5	4	5	5
31	27	4	4	6	4
31	28	2	4	2	4
31	29	5	4	5	4
31	30	2	2	7	4
31	31	3	5	4	3
31	32	5	2	4	4
31	33	3	3	2	5
31	34	3	2	4	4
31	35	3	4	8	7
31	36	5	5	7	4
31	37	2	4	4	3
31	38	2	1	2	3
31	39	5	3	4	5
31	40	4	2	2	3
31	41	4	3	4	5
31	42	4	3	6	4
31	43	5	4	8	6
31	44	4	3	5	4
31	45	3	4	5	5
31	46	8	4	12	6
31	47	5	3	7	5
31	48	3	3	7	6
31	49	3	2	4	3
31	50	5	5	8	6
31	51	3	1	4	3
31	52	3	3	7	4
31	53	6	3	8	4
31	54	5	3	5	3
31	55	3	3	5	3
31	56	6	3	6	6
31	57	5	4	5	5
31	58	4	3	4	4
31	59	3	4	4	6
31	60	4	4	5	5
31	61	5	3	7	5
31	62	4	4	8	7
31	63	3	3	5	4
31	64	6	4	8	5
31	65	3	0	1	2
31	66	4	4	4	3
31	67	2	2	3	3
31	68	4	5	7	4
31	69	7	5	7	5
31	70	2	2	2	3
31	71	5	4	4	6
31	72	2	3	3	4
31	73	4	5	8	4
31	74	2	2	3	3
31	75	6	4	7	6
31	76	5	3	8	5
31	77	3	3	2	2
31	78	4	2	6	5
31	79	4	3	5	4
31	80	4	3	4	5
31	81	1	3	2	2
31	82	3	3	6	3
31	83	4	3	6	3
31	84	2	3	4	3
31	85	4	3	6	3
31	86	8	4	10	5
31	87	4	4	6	5
31	88	3	2	4	4
31	89	2	3	5	4
31	90	3	2	4	4
31	91	5	3	6	5
31	92	2	3	7	5
31	93	3	3	5	2
31	94	2	2	5	1
31	95	4	4	7	5
31	96	2	2	4	1
31	97	5	3	7	5
31	98	4	4	5	4
31	99	5	3	6	5
31	100	8	4	8	5
31	101	2	2	2	3
31	102	4	4	7	6
31	103	5	4	9	4
31	104	5	4	3	3
31	105	3	4	6	4
31	106	5	3	6	4
31	107	5	3	8	6
31	108	1	2	2	3
31	109	7	5	7	5
31	110	0	2	2	2
31	111	1	2	2	0
31	112	5	4	9	4
31	113	3	1	2	3
31	114	4	4	4	5
31	115	3	3	3	3
31	116	2	2	2	4
31	117	3	3	3	5
31	118	5	5	7	5
31	119	3	4	6	4
31	120	2	3	2	3
32	1	4	3	5	3
32	2	3	2	4	3
32	3	1	3	4	3
32	4	2	2	5	5
32	5	4	3	5	3
32	6	2	2	1	2
32	7	3	3	6	3
32	8	2	3	4	3
32	9	2	2	5	3
32	10	5	3	3	5
32	11	2	2	2	3
32	12	3	2	1	3
32	13	2	1	2	2
32	14	4	3	6	3
32	15	-1	0	0	1
32	16	2	2	3	3
32	17	4	3	5	4
32	18	3	1	2	1
32	19	4	3	5	3
32	20	3	4	6	4
32	21	1	0	1	1
32	22	1	2	2	0
32	23	5	4	7	7
32	24	1	0	2	5
32	25	1	2	3	3
32	26	3	1	3	3
32	27	4	1	3	4
32	28	4	3	4	3
32	29	1	2	5	3
32	30	3	2	3	2
32	31	6	3	5	5
32	32	3	3	4	4
32	33	3	4	6	5
32	34	1	2	3	2
32	35	5	2	3	4
32	36	4	2	6	6
32	37	3	3	3	4
32	38	4	2	5	3
32	39	2	2	6	4
32	40	3	2	4	4
32	41	4	4	3	3
32	42	0	1	2	2
32	43	3	3	6	6
32	44	3	3	4	3
32	45	4	4	5	4
32	46	0	2	2	3
32	47	3	2	7	3
32	48	2	1	0	2
32	49	1	3	1	3
32	50	1	2	1	2
32	51	5	5	6	4
32	52	4	4	4	4
32	53	2	3	4	3
32	54	4	2	5	2
32	55	2	2	4	3
32	56	2	3	4	4
32	57	5	5	7	4
32	58	4	3	6	6
32	59	4	3	5	3
32	60	2	2	2	1
32	61	2	3	6	3
32	62	3	2	3	4
32	63	2	2	3	1
32	64	5	2	5	3
32	65	5	5	9	5
32	66	1	2	2	2
32	67	4	2	5	4
32	68	0	3	2	3
32	69	2	2	5	4
32	70	1	1	2	2
32	71	3	3	8	4
32	72	2	2	1	2
32	73	3	2	3	3
32	74	4	4	5	4
32	75	5	2	2	3
32	76	2	1	2	2
32	77	7	4	6	4
32	78	5	5	8	5
32	79	7	5	10	7
32	80	2	3	3	3
32	81	3	2	2	3
32	82	3	3	6	3
32	83	4	3	6	5
32	84	5	3	7	3
32	85	3	2	6	3
32	86	3	3	3	4
32	87	5	2	10	4
32	88	1	3	5	3
32	89	4	3	6	5
32	90	3	4	5	4
32	91	3	3	4	3
32	92	1	2	2	4
32	93	3	3	5	3
32	94	0	0	0	3
32	95	4	3	5	4
32	96	2	2	3	2
32	97	2	2	5	3
32	98	1	2	4	4
32	99	6	4	9	5
32	100	3	3	4	4
32	101	5	3	6	5
32	102	4	3	3	4
32	103	6	3	6	4
32	104	4	3	4	5
32	105	4	2	8	2
32	106	4	3	7	5
32	107	2	2	1	1
32	108	3	3	4	3
32	109	3	1	5	2
32	110	1	2	3	3
32	111	4	3	5	5
32	112	1	2	1	2
32	113	4	4	3	4
32	114	1	2	2	1
32	115	3	1	3	4
32	116	3	2	1	3
32	117	4	2	7	5
32	118	2	2	1	0
32	119	4	4	4	5
32	120	1	3	3	4
33	1	7	4	6	7
33	2	2	2	4	4
33	3	4	4	5	4
33	4	6	4	7	4
33	5	7	5	8	6
33	6	5	4	7	5
33	7	5	5	9	4
33	8	1	2	2	4
33	9	4	4	7	6
33	10	3	5	6	5
33	11	1	2	2	2
33	12	6	4	5	5
33	13	5	5	10	6
33	14	5	4	6	7
33	15	4	3	4	4
33	16	5	6	5	7
33	17	5	4	7	6
33	18	6	4	7	5
33	19	7	6	7	5
33	20	4	4	7	6
33	21	4	4	4	5
33	22	6	3	8	4
33	23	7	5	8	5
33	24	4	3	6	5
33	25	4	3	5	4
33	26	7	5	8	6
33	27	4	4	5	5
33	28	2	3	2	4
33	29	4	3	4	4
33	30	7	4	11	7
33	31	5	2	5	5
33	32	6	4	4	5
33	33	6	4	8	6
33	34	5	4	7	5
33	35	5	5	7	5
33	36	7	6	9	8
33	37	6	3	8	5
33	38	7	4	8	5
33	39	5	4	9	6
33	40	3	3	4	3
33	41	6	4	10	5
33	42	5	3	4	4
33	43	6	5	7	5
33	44	5	4	6	5
33	45	1	3	0	4
33	46	4	5	7	5
33	47	6	4	9	6
33	48	5	3	5	4
33	49	2	3	4	2
33	50	8	4	10	8
33	51	4	3	5	5
33	52	6	4	9	6
33	53	6	4	6	6
33	54	9	5	8	7
33	55	5	4	5	5
33	56	1	4	6	4
33	57	6	6	10	7
33	58	8	7	7	8
33	59	4	4	6	4
33	60	5	4	6	4
33	61	5	4	5	6
33	62	5	5	6	5
33	63	6	5	8	3
33	64	2	3	5	3
33	65	5	3	6	5
33	66	7	6	8	6
33	67	3	3	4	5
33	68	5	4	10	5
33	69	4	3	6	5
33	70	8	5	8	7
33	71	10	7	12	8
33	72	4	4	6	5
33	73	6	4	7	5
33	74	8	5	10	6
33	75	5	3	5	4
33	76	4	4	6	3
33	77	5	4	5	3
33	78	6	5	8	7
33	79	7	6	11	6
33	80	5	4	5	5
33	81	4	4	5	5
33	82	1	3	4	3
33	83	5	4	5	5
33	84	3	3	3	4
33	85	4	4	7	5
33	86	11	5	12	7
33	87	3	5	3	4
33	88	6	4	8	6
33	89	5	4	10	8
33	90	4	3	5	4
33	91	2	4	4	4
33	92	5	3	6	4
33	93	7	4	10	7
33	94	4	3	4	5
33	95	3	3	4	5
33	96	6	5	4	5
33	97	1	2	2	3
33	98	3	2	4	4
33	99	7	5	9	7
33	100	6	5	6	5
33	101	2	3	3	3
33	102	6	5	8	7
33	103	1	3	2	3
33	104	5	4	6	5
33	105	5	3	6	6
33	106	2	2	3	1
33	107	6	5	9	7
33	108	6	5	7	7
33	109	5	3	4	5
33	110	6	5	7	6
33	111	7	3	3	6
33	112	6	3	8	5
33	113	7	5	6	6
33	114	2	4	3	2
33	115	2	2	2	4
33	116	9	6	11	7
33	117	6	4	8	6
33	118	5	5	7	4
33	119	1	3	4	4
33	120	6	4	8	6
34	1	7	6	9	6
34	2	7	5	8	7
34	3	3	3	3	3
34	4	2	4	4	3
34	5	3	4	8	6
34	6	7	5	6	6
34	7	4	3	3	4
34	8	4	3	7	5
34	9	4	5	5	6
34	10	3	3	5	3
34	11	7	6	9	8
34	12	4	2	5	4
34	13	7	5	9	5
34	14	2	3	1	3
34	15	5	2	4	4
34	16	6	4	7	6
34	17	6	5	10	6
34	18	3	2	1	3
34	19	1	4	5	4
34	20	5	2	6	5
34	21	4	5	4	3
34	22	4	4	7	6
34	23	2	4	2	4
34	24	5	2	2	3
34	25	4	5	5	5
34	26	3	3	3	4
34	27	6	4	9	6
34	28	6	1	7	4
34	29	4	3	7	6
34	30	7	5	8	7
34	31	8	5	11	7
34	32	4	4	6	5
34	33	5	2	7	5
34	34	8	5	9	7
34	35	6	3	5	5
34	36	3	3	6	4
34	37	5	4	7	5
34	38	3	3	3	2
34	39	4	5	6	5
34	40	4	4	7	4
34	41	5	3	5	4
34	42	0	2	1	2
34	43	5	4	3	5
34	44	7	5	9	7
34	45	4	5	6	5
34	46	4	3	4	4
34	47	3	3	3	4
34	48	4	3	4	3
34	49	5	4	4	5
34	50	6	4	9	5
34	51	6	5	7	8
34	52	3	4	3	1
34	53	7	5	9	3
34	54	4	4	7	4
34	55	5	4	6	5
34	56	3	3	4	2
34	57	6	3	7	5
34	58	3	3	6	2
34	59	7	5	8	5
34	60	3	4	4	4
34	61	4	3	5	6
34	62	3	3	3	2
34	63	5	6	8	4
34	64	6	4	8	7
34	65	5	5	6	6
34	66	7	5	6	6
34	67	5	3	1	3
34	68	3	3	5	5
34	69	4	3	5	4
34	70	5	5	7	5
34	71	3	3	5	4
34	72	5	5	5	5
34	73	7	5	8	7
34	74	6	5	10	5
34	75	2	3	3	4
34	76	5	4	4	5
34	77	1	5	6	5
34	78	10	6	12	9
34	79	4	3	6	5
34	80	7	4	9	8
34	81	5	5	7	3
34	82	5	4	6	5
34	83	5	4	7	4
34	84	4	3	7	5
34	85	7	4	10	4
34	86	6	4	7	4
34	87	1	3	3	3
34	88	4	2	6	4
34	89	3	3	7	5
34	90	2	4	7	4
34	91	6	4	8	7
34	92	7	5	7	4
34	93	4	3	8	5
34	94	7	4	8	5
34	95	4	4	4	3
34	96	3	4	6	3
34	97	6	4	8	7
34	98	5	5	8	4
34	99	4	2	4	4
34	100	3	1	3	4
34	101	4	5	4	4
34	102	6	4	3	5
34	103	6	4	7	6
34	104	4	3	4	4
34	105	5	5	9	6
34	106	0	4	6	3
34	107	4	2	5	3
34	108	6	4	7	3
34	109	6	5	7	4
34	110	4	3	6	5
34	111	2	3	8	5
34	112	4	5	6	5
34	113	5	4	8	8
34	114	5	5	6	3
34	115	2	2	4	3
34	116	4	3	7	4
34	117	5	4	5	5
34	118	2	2	3	3
34	119	6	4	9	5
34	120	8	5	10	6
35	1	6	5	7	6
35	2	4	3	4	4
35	3	3	4	8	5
35	4	6	5	7	6
35	5	2	4	6	4
35	6	4	4	7	5
35	7	6	3	7	6
35	8	5	3	5	3
35	9	5	4	6	3
35	10	5	6	8	5
35	11	5	4	7	5
35	12	5	2	7	5
35	13	3	2	2	4
35	14	6	4	7	5
35	15	3	4	7	4
35	16	4	3	4	5
35	17	5	4	6	7
35	18	4	5	4	5
35	19	3	2	5	4
35	20	6	4	7	7
35	21	4	4	3	5
35	22	6	4	8	6
35	23	4	3	3	4
35	24	4	5	3	6
35	25	6	4	7	6
35	26	4	3	3	5
35	27	5	5	7	6
35	28	7	3	8	6
35	29	4	3	4	5
35	30	5	5	7	6
35	31	3	4	8	4
35	32	3	4	6	4
35	33	3	3	5	3
35	34	6	4	7	5
35	35	4	4	3	3
35	36	4	3	5	4
35	37	3	2	2	2
35	38	4	3	4	4
35	39	6	5	7	4
35	40	7	7	8	7
35	41	5	4	7	6
35	42	2	3	4	3
35	43	4	4	4	7
35	44	6	4	9	5
35	45	7	5	7	6
35	46	6	5	8	6
35	47	5	5	9	5
35	48	7	5	7	6
35	49	8	5	7	6
35	50	3	3	6	3
35	51	6	5	6	6
35	52	3	3	3	4
35	53	6	3	7	6
35	54	6	5	7	6
35	55	5	4	8	5
35	56	3	4	5	5
35	57	2	5	5	5
35	58	2	2	4	4
35	59	5	3	6	4
35	60	3	3	4	4
35	61	5	3	9	6
35	62	3	3	4	5
35	63	6	3	6	6
35	64	6	5	7	4
35	65	4	4	5	3
35	66	6	5	6	5
35	67	5	4	5	4
35	68	4	4	6	4
35	69	6	3	4	4
35	70	3	4	4	2
35	71	7	5	7	5
35	72	3	3	6	4
35	73	7	6	8	6
35	74	2	3	4	1
35	75	3	2	4	3
35	76	4	4	7	4
35	77	4	1	4	5
35	78	8	4	10	7
35	79	6	3	5	5
35	80	5	5	7	5
35	81	6	5	8	4
35	82	6	4	6	4
35	83	5	4	8	5
35	84	5	5	7	5
35	85	6	4	8	5
35	86	4	2	2	3
35	87	4	4	7	3
35	88	2	3	1	2
35	89	5	4	4	4
35	90	8	6	7	6
35	91	6	4	6	5
35	92	5	6	6	5
35	93	6	5	4	5
35	94	6	5	7	4
35	95	3	3	4	7
35	96	4	4	5	4
35	97	3	3	4	3
35	98	4	5	5	3
35	99	6	4	8	7
35	100	3	2	4	4
35	101	4	3	5	5
35	102	6	4	3	5
35	103	6	3	9	6
35	104	4	4	6	4
35	105	6	5	7	7
35	106	4	2	5	3
35	107	4	6	7	5
35	108	5	5	5	5
35	109	4	3	4	4
35	110	2	2	2	3
35	111	4	3	6	4
35	112	6	4	8	6
35	113	5	4	6	6
35	114	4	4	5	4
35	115	5	3	7	5
35	116	5	4	5	5
35	117	4	4	6	4
35	118	6	4	6	3
35	119	6	4	7	5
35	120	4	3	5	3
36	1	4	3	5	4
36	2	6	3	6	6
36	3	5	4	7	6
36	4	6	4	9	7
36	5	5	3	8	6
36	6	4	5	4	6
36	7	5	2	6	4
36	8	5	4	8	6
36	9	2	3	4	1
36	10	7	3	8	7
36	11	5	4	3	4
36	12	7	5	12	7
36	13	3	4	5	4
36	14	2	1	2	0
36	15	6	4	9	6
36	16	4	4	5	3
36	17	5	4	4	4
36	18	6	4	6	6
36	19	6	4	6	5
36	20	3	3	4	4
36	21	4	2	5	3
36	22	7	4	8	7
36	23	4	3	4	5
36	24	4	3	4	2
36	25	5	3	7	6
36	26	4	4	5	4
36	27	7	5	8	7
36	28	6	4	7	5
36	29	4	3	4	4
36	30	3	2	5	5
36	31	4	4	11	7
36	32	3	2	2	4
36	33	5	4	5	4
36	34	8	4	8	6
36	35	3	3	5	4
36	36	7	4	10	6
36	37	4	3	3	4
36	38	4	3	5	5
36	39	5	4	6	4
36	40	9	4	9	8
36	41	5	5	10	6
36	42	6	3	8	6
36	43	3	2	4	4
36	44	0	1	6	2
36	45	5	4	7	6
36	46	2	3	1	0
36	47	4	2	3	3
36	48	6	4	6	5
36	49	5	4	4	6
36	50	5	3	9	5
36	51	7	5	8	7
36	52	5	4	6	5
36	53	5	3	6	6
36	54	7	4	8	5
36	55	3	4	7	6
36	56	7	5	8	7
36	57	4	3	7	5
36	58	6	6	8	5
36	59	5	3	3	2
36	60	2	2	7	5
36	61	3	3	2	1
36	62	4	4	5	5
36	63	2	3	1	2
36	64	5	5	4	6
36	65	6	3	5	4
36	66	7	4	9	7
36	67	5	3	4	5
36	68	1	3	6	2
36	69	1	2	3	0
36	70	5	3	6	5
36	71	7	4	8	5
36	72	3	2	6	5
36	73	6	5	9	8
36	74	4	4	5	4
36	75	1	3	5	3
36	76	5	2	5	6
36	77	5	4	7	6
36	78	3	2	2	4
36	79	1	2	3	2
36	80	4	5	5	4
36	81	6	4	10	4
36	82	0	3	2	4
36	83	3	2	2	3
36	84	5	4	7	5
36	85	4	4	8	6
36	86	3	3	8	4
36	87	5	4	6	6
36	88	4	3	3	4
36	89	6	3	7	4
36	90	7	5	8	7
36	91	4	3	8	4
36	92	4	4	8	5
36	93	4	3	6	4
36	94	5	4	6	6
36	95	4	2	3	4
36	96	2	2	3	3
36	97	3	2	3	2
36	98	3	3	5	6
36	99	4	3	6	5
36	100	5	4	9	5
36	101	4	4	6	4
36	102	4	5	7	3
36	103	8	3	9	6
36	104	9	5	13	7
36	105	6	4	6	4
36	106	7	4	8	6
36	107	5	4	8	5
36	108	5	4	6	3
36	109	2	3	1	3
36	110	2	3	5	3
36	111	4	2	5	4
36	112	2	3	3	4
36	113	5	3	4	3
36	114	4	3	6	7
36	115	6	5	12	6
36	116	2	3	3	5
36	117	3	4	6	5
36	118	5	4	3	6
36	119	6	4	6	5
36	120	6	3	5	5
37	1	3	3	5	5
37	2	3	5	4	5
37	3	8	4	8	5
37	4	7	4	7	7
37	5	4	4	8	4
37	6	8	5	10	7
37	7	4	3	6	3
37	8	8	5	12	7
37	9	5	4	5	4
37	10	2	3	5	3
37	11	2	2	3	4
37	12	2	4	3	3
37	13	8	4	7	6
37	14	7	5	7	8
37	15	4	2	5	6
37	16	5	4	7	5
37	17	3	4	3	4
37	18	3	2	5	4
37	19	2	2	6	3
37	20	4	4	5	2
37	21	4	3	5	5
37	22	4	4	6	3
37	23	5	4	7	7
37	24	5	5	8	5
37	25	3	5	9	4
37	26	2	2	2	1
37	27	4	2	6	5
37	28	6	3	3	3
37	29	4	3	6	4
37	30	2	3	3	2
37	31	5	3	6	2
37	32	3	4	4	4
37	33	5	5	6	6
37	34	4	3	4	2
37	35	9	6	14	7
37	36	5	2	2	4
37	37	3	4	4	4
37	38	3	4	3	3
37	39	5	3	6	1
37	40	8	5	8	7
37	41	5	4	4	5
37	42	5	4	6	5
37	43	3	2	4	5
37	44	7	4	9	7
37	45	6	5	8	5
37	46	2	4	2	4
37	47	3	3	6	4
37	48	3	4	6	4
37	49	4	3	8	4
37	50	4	3	5	4
37	51	5	4	5	3
37	52	7	5	8	5
37	53	7	4	6	7
37	54	6	3	4	4
37	55	3	4	4	6
37	56	5	3	6	4
37	57	5	3	7	6
37	58	6	4	9	6
37	59	5	3	6	3
37	60	5	5	6	7
37	61	6	3	7	5
37	62	7	4	7	5
37	63	5	2	5	5
37	64	6	4	7	4
37	65	4	3	5	4
37	66	2	4	5	3
37	67	3	3	6	6
37	68	1	1	2	4
37	69	7	4	8	6
37	70	3	2	5	2
37	71	7	4	9	6
37	72	4	3	4	4
37	73	3	3	3	4
37	74	6	5	8	6
37	75	5	4	9	4
37	76	3	2	0	2
37	77	6	6	11	5
37	78	1	2	0	2
37	79	2	3	5	5
37	80	0	3	2	2
37	81	2	3	4	4
37	82	2	3	7	4
37	83	3	2	3	6
37	84	2	3	5	5
37	85	6	4	5	5
37	86	5	3	4	6
37	87	3	3	5	4
37	88	1	2	2	2
37	89	4	3	4	3
37	90	2	2	1	1
37	91	4	4	7	5
37	92	7	5	11	7
37	93	3	3	3	4
37	94	3	3	4	4
37	95	5	3	4	3
37	96	6	3	7	5
37	97	5	3	6	5
37	98	4	3	7	4
37	99	7	4	9	4
37	100	5	4	6	3
37	101	3	4	6	4
37	102	2	4	6	4
37	103	6	3	5	5
37	104	2	3	6	3
37	105	2	3	3	1
37	106	3	2	5	3
37	107	4	5	5	5
37	108	4	3	3	3
37	109	3	3	3	5
37	110	5	5	7	7
37	111	3	5	6	4
37	112	5	4	6	5
37	113	4	5	7	6
37	114	4	4	6	4
37	115	1	3	2	2
37	116	5	4	4	3
37	117	2	3	3	3
37	118	3	4	4	2
37	119	7	5	10	8
37	120	5	3	4	5
38	1	1	2	3	4
38	2	3	2	8	5
38	3	4	3	5	5
38	4	4	3	5	3
38	5	3	3	3	4
38	6	3	2	5	3
38	7	3	3	2	3
38	8	5	4	5	5
38	9	4	3	5	4
38	10	1	2	5	3
38	11	6	3	6	4
38	12	2	2	4	2
38	13	6	3	7	6
38	14	2	1	4	4
38	15	4	3	8	5
38	16	6	3	7	5
38	17	8	3	8	5
38	18	3	3	5	3
38	19	4	4	5	6
38	20	1	2	1	1
38	21	4	2	4	2
38	22	3	4	7	3
38	23	3	3	6	4
38	24	4	3	4	3
38	25	4	3	8	6
38	26	2	3	3	3
38	27	5	4	7	4
38	28	5	3	5	4
38	29	5	5	6	4
38	30	2	2	2	3
38	31	3	4	4	5
38	32	3	3	4	4
38	33	3	3	7	3
38	34	2	2	5	2
38	35	6	4	7	3
38	36	6	4	11	8
38	37	6	4	8	2
38	38	3	3	8	5
38	39	1	1	2	4
38	40	4	3	6	4
38	41	5	2	3	5
38	42	0	1	4	1
38	43	2	3	3	3
38	44	3	2	3	4
38	45	4	2	5	3
38	46	4	4	6	2
38	47	4	4	4	3
38	48	7	4	9	4
38	49	5	5	8	5
38	50	4	3	5	4
38	51	4	3	5	3
38	52	5	3	6	3
38	53	4	4	5	4
38	54	4	4	5	5
38	55	2	3	4	1
38	56	5	4	6	4
38	57	2	2	3	2
38	58	2	1	1	2
38	59	7	5	5	5
38	60	3	2	4	5
38	61	5	1	5	5
38	62	6	3	7	6
38	63	4	3	3	3
38	64	3	2	2	3
38	65	4	4	4	5
38	66	0	2	4	1
38	67	1	2	5	4
38	68	2	3	6	3
38	69	1	2	1	2
38	70	5	4	6	3
38	71	1	2	2	4
38	72	5	4	7	4
38	73	1	2	4	4
38	74	4	2	4	3
38	75	4	2	7	5
38	76	1	2	4	4
38	77	5	4	6	3
38	78	5	3	6	4
38	79	4	2	5	3
38	80	4	2	3	3
38	81	4	2	7	5
38	82	7	4	6	4
38	83	0	2	0	0
38	84	1	3	6	4
38	85	7	3	7	4
38	86	3	2	2	3
38	87	6	5	8	5
38	88	2	2	4	3
38	89	5	3	6	5
38	90	5	3	9	5
38	91	6	4	7	5
38	92	7	4	8	6
38	93	0	2	2	1
38	94	2	2	1	2
38	95	6	4	6	5
38	96	3	3	4	2
38	97	3	2	4	2
38	98	5	3	5	5
38	99	4	2	3	3
38	100	4	3	7	4
38	101	2	4	5	3
38	102	0	1	1	2
38	103	1	2	0	0
38	104	3	3	2	4
38	105	3	3	3	2
38	106	2	3	1	1
38	107	2	1	2	3
38	108	6	5	8	5
38	109	4	4	6	4
38	110	3	5	3	5
38	111	5	3	7	4
38	112	4	3	4	4
38	113	2	3	1	4
38	114	6	3	9	3
38	115	3	2	1	3
38	116	1	2	3	4
38	117	4	3	7	3
38	118	3	4	7	4
38	119	5	3	6	4
38	120	2	3	8	4
39	1	4	2	4	2
39	2	1	2	2	1
39	3	1	2	2	2
39	4	4	2	6	3
39	5	2	2	6	3
39	6	4	4	5	4
39	7	5	3	9	6
39	8	2	1	2	3
39	9	5	4	4	5
39	10	2	1	6	2
39	11	5	3	5	3
39	12	3	4	4	2
39	13	0	1	3	3
39	14	5	2	6	2
39	15	4	3	6	3
39	16	3	2	5	4
39	17	5	2	4	4
39	18	7	5	8	5
39	19	3	2	2	3
39	20	3	3	5	3
39	21	5	4	9	5
39	22	1	2	3	1
39	23	7	4	7	7
39	24	2	1	2	3
39	25	3	2	4	3
39	26	3	2	4	4
39	27	4	4	5	5
39	28	8	4	11	8
39	29	3	3	3	5
39	30	2	4	6	3
39	31	0	2	0	3
39	32	2	2	7	3
39	33	0	2	1	1
39	34	2	1	4	3
39	35	6	4	6	6
39	36	2	4	5	3
39	37	3	1	4	2
39	38	2	2	4	2
39	39	3	2	1	3
39	40	4	3	4	3
39	41	2	2	4	3
39	42	3	2	5	2
39	43	3	2	3	4
39	44	3	3	7	3
39	45	4	3	6	6
39	46	1	2	4	2
39	47	4	3	8	3
39	48	6	4	8	7
39	49	1	2	0	2
39	50	4	2	7	4
39	51	2	3	3	2
39	52	3	2	3	3
39	53	3	3	5	4
39	54	5	3	5	5
39	55	4	3	4	3
39	56	1	1	0	2
39	57	4	3	5	3
39	58	2	4	7	5
39	59	2	1	1	1
39	60	3	2	5	2
39	61	0	2	2	4
39	62	5	4	8	4
39	63	2	2	5	5
39	64	5	3	6	3
39	65	3	2	4	2
39	66	3	2	4	4
39	67	4	4	4	4
39	68	2	3	1	2
39	69	0	2	0	2
39	70	3	2	4	3
39	71	3	4	6	3
39	72	3	2	3	3
39	73	3	2	3	1
39	74	5	2	7	6
39	75	2	2	4	1
39	76	5	3	8	5
39	77	1	3	2	3
39	78	1	3	3	2
39	79	3	3	2	3
39	80	3	2	3	4
39	81	1	1	3	3
39	82	3	2	6	3
39	83	5	3	5	4
39	84	2	2	5	3
39	85	7	4	6	5
39	86	1	3	0	2
39	87	2	0	3	2
39	88	4	3	4	3
39	89	2	3	4	3
39	90	5	3	3	5
39	91	7	3	8	5
39	92	4	3	5	5
39	93	0	2	2	1
39	94	3	2	1	4
39	95	2	2	3	2
39	96	0	1	1	3
39	97	6	3	4	1
39	98	3	2	6	4
39	99	2	2	2	3
39	100	3	2	7	3
39	101	2	3	2	3
39	102	3	3	3	3
39	103	3	3	5	6
39	104	4	3	2	3
39	105	3	2	2	2
39	106	1	2	0	4
39	107	3	3	5	4
39	108	4	1	1	2
39	109	4	2	2	3
39	110	1	2	1	2
39	111	4	2	5	2
39	112	2	1	4	3
39	113	1	2	4	4
39	114	3	2	4	2
39	115	1	2	2	2
39	116	2	3	7	2
39	117	5	6	8	6
39	118	3	1	1	4
39	119	1	2	6	6
39	120	6	4	8	4
40	1	1	2	2	3
40	2	2	2	2	3
40	3	4	2	4	3
40	4	3	2	3	3
40	5	2	2	3	2
40	6	2	1	1	1
40	7	2	1	1	2
40	8	3	3	3	2
40	9	3	2	6	3
40	10	7	4	8	6
40	11	-1	1	-1	0
40	12	5	3	5	5
40	13	1	2	3	3
40	14	3	2	4	3
40	15	1	2	1	4
40	16	5	2	5	6
40	17	6	3	8	7
40	18	3	2	4	2
40	19	0	2	2	2
40	20	7	6	6	6
40	21	3	3	4	3
40	22	2	3	4	3
40	23	3	1	4	4
40	24	3	2	3	3
40	25	3	2	6	3
40	26	3	2	2	2
40	27	4	3	7	5
40	28	4	4	7	3
40	29	2	3	3	2
40	30	5	2	6	4
40	31	2	1	1	2
40	32	3	2	5	6
40	33	3	3	4	3
40	34	4	4	5	3
40	35	4	2	4	1
40	36	2	3	6	2
40	37	2	1	4	3
40	38	7	3	6	4
40	39	4	3	5	4
40	40	4	4	6	5
40	41	2	4	2	1
40	42	3	1	3	2
40	43	5	4	8	5
40	44	1	2	2	1
40	45	4	2	3	3
40	46	3	3	5	4
40	47	1	2	1	4
40	48	0	1	2	2
40	49	6	3	3	5
40	50	4	5	7	4
40	51	2	2	2	3
40	52	3	2	2	2
40	53	0	1	3	3
40	54	5	3	6	4
40	55	3	1	2	2
40	56	2	1	2	2
40	57	1	2	2	3
40	58	2	3	4	3
40	59	2	1	4	2
40	60	3	2	6	5
40	61	4	1	5	3
40	62	3	3	6	3
40	63	1	3	4	2
40	64	5	3	4	4
40	65	-2	1	-1	0
40	66	5	3	5	5
40	67	3	2	4	3
40	68	2	2	3	2
40	69	4	2	4	3
40	70	0	1	0	1
40	71	1	2	1	3
40	72	3	3	3	2
40	73	2	1	1	2
40	74	4	3	6	4
40	75	4	2	5	4
40	76	3	2	5	4
40	77	3	1	0	3
40	78	7	2	6	4
40	79	0	2	2	1
40	80	0	1	2	1
40	81	3	3	2	3
40	82	4	2	5	6
40	83	3	3	5	3
40	84	2	2	6	4
40	85	3	3	1	3
40	86	2	2	5	2
40	87	6	3	4	3
40	88	3	2	7	3
40	89	6	3	7	6
40	90	1	3	2	1
40	91	3	4	5	2
40	92	3	2	7	5
40	93	5	3	6	4
40	94	4	3	5	3
40	95	6	4	5	4
40	96	2	2	4	2
40	97	1	3	2	2
40	98	4	4	5	5
40	99	2	1	0	2
40	100	3	3	4	3
40	101	4	2	7	5
40	102	3	2	3	2
40	103	2	3	6	3
40	104	2	2	4	3
40	105	2	4	3	3
40	106	0	2	4	2
40	107	3	4	3	4
40	108	1	2	3	0
40	109	3	2	3	3
40	110	3	1	2	1
40	111	2	1	3	2
40	112	5	2	8	2
40	113	1	2	2	3
40	114	3	2	5	4
40	115	2	2	4	4
40	116	4	3	3	3
40	117	5	2	4	5
40	118	2	2	6	4
40	119	4	2	3	3
40	120	2	2	4	4
41	1	3	2	3	3
41	2	4	3	2	2
41	3	2	3	4	3
41	4	4	4	6	4
41	5	3	1	2	3
41	6	0	0	0	1
41	7	1	0	3	1
41	8	2	1	1	3
41	9	5	2	7	4
41	10	2	2	6	3
41	11	5	3	5	4
41	12	3	2	5	4
41	13	0	0	0	1
41	14	5	2	4	3
41	15	1	0	3	2
41	16	2	3	2	2
41	17	1	1	1	3
41	18	2	1	3	1
41	19	2	2	1	2
41	20	5	3	5	4
41	21	4	3	6	4
41	22	2	2	1	1
41	23	3	1	3	3
41	24	3	3	6	4
41	25	3	3	6	4
41	26	2	2	3	2
41	27	3	3	5	6
41	28	2	0	4	3
41	29	3	1	5	3
41	30	3	2	3	4
41	31	-1	2	0	0
41	32	2	1	4	2
41	33	0	1	1	2
41	34	2	1	1	0
41	35	4	4	4	3
41	36	3	4	4	3
41	37	6	4	5	3
41	38	2	2	4	5
41	39	2	1	0	1
41	40	2	1	2	3
41	41	5	3	4	2
41	42	5	4	8	5
41	43	4	3	7	5
41	44	2	2	5	1
41	45	1	2	3	4
41	46	6	3	6	5
41	47	0	2	0	1
41	48	3	3	5	4
41	49	3	1	3	4
41	50	2	1	2	2
41	51	4	4	7	4
41	52	0	1	1	3
41	53	3	2	2	2
41	54	5	1	4	3
41	55	1	2	4	3
41	56	0	1	0	1
41	57	4	3	5	4
41	58	2	2	3	3
41	59	2	0	0	3
41	60	1	1	3	2
41	61	1	1	0	0
41	62	2	1	1	3
41	63	5	2	8	6
41	64	2	2	5	5
41	65	1	4	3	4
41	66	5	4	4	4
41	67	3	3	6	4
41	68	3	1	4	5
41	69	1	1	2	2
41	70	7	3	6	3
41	71	0	1	3	2
41	72	3	2	3	1
41	73	2	2	2	4
41	74	1	2	4	4
41	75	1	2	3	3
41	76	4	1	4	6
41	77	2	2	3	3
41	78	2	2	3	4
41	79	2	1	3	2
41	80	1	1	0	2
41	81	1	2	6	2
41	82	3	0	2	3
41	83	3	1	4	2
41	84	4	2	7	3
41	85	0	0	0	1
41	86	3	2	4	4
41	87	4	3	7	5
41	88	4	3	7	4
41	89	3	4	7	5
41	90	0	0	3	1
41	91	0	2	0	1
41	92	1	2	2	3
41	93	1	1	0	1
41	94	4	3	4	4
41	95	2	2	1	2
41	96	3	1	4	4
41	97	3	0	3	1
41	98	-3	0	1	0
41	99	2	3	2	4
41	100	2	2	1	1
41	101	4	3	5	3
41	102	0	1	1	1
41	103	4	4	3	2
41	104	1	2	3	2
41	105	7	3	7	3
41	106	1	2	4	3
41	107	3	3	7	4
41	108	2	3	2	2
41	109	3	3	3	4
41	110	6	4	6	5
41	111	3	2	1	2
41	112	4	2	7	4
41	113	2	2	5	5
41	114	5	2	8	3
41	115	0	0	-2	1
41	116	4	1	5	2
41	117	1	0	1	1
41	118	5	3	6	3
41	119	4	2	8	2
41	120	2	1	3	1
42	1	2	4	4	2
42	2	2	1	2	1
42	3	5	2	5	5
42	4	5	5	7	4
42	5	1	1	2	2
42	6	0	1	1	2
42	7	2	3	6	5
42	8	4	2	6	6
42	9	3	4	5	3
42	10	3	2	3	4
42	11	3	2	2	2
42	12	2	3	4	2
42	13	2	3	3	2
42	14	6	4	7	3
42	15	3	3	6	4
42	16	-1	3	0	2
42	17	5	2	4	4
42	18	4	2	3	1
42	19	4	3	8	5
42	20	1	1	2	1
42	21	4	2	5	2
42	22	5	4	6	4
42	23	3	4	6	4
42	24	0	2	1	3
42	25	1	2	3	2
42	26	1	2	2	3
42	27	5	4	8	7
42	28	2	2	3	3
42	29	6	3	6	5
42	30	2	2	7	3
42	31	3	3	4	2
42	32	4	3	5	4
42	33	2	1	2	2
42	34	4	3	7	6
42	35	5	4	5	5
42	36	4	2	4	4
42	37	5	4	4	4
42	38	3	4	4	4
42	39	2	3	3	4
42	40	1	3	5	3
42	41	2	1	2	4
42	42	4	3	4	5
42	43	4	2	6	3
42	44	3	2	4	3
42	45	2	2	3	3
42	46	4	3	3	4
42	47	2	3	2	1
42	48	3	2	4	4
42	49	7	4	8	7
42	50	2	2	0	4
42	51	3	2	4	2
42	52	4	2	3	2
42	53	3	1	3	4
42	54	2	1	1	2
42	55	3	3	3	4
42	56	2	3	1	2
42	57	5	3	8	6
42	58	3	2	5	4
42	59	5	3	6	6
42	60	0	2	0	1
42	61	3	2	4	3
42	62	4	2	6	4
42	63	3	2	5	4
42	64	3	3	6	3
42	65	4	3	3	1
42	66	3	2	2	3
42	67	2	3	1	2
42	68	5	1	1	2
42	69	4	3	6	3
42	70	6	3	8	5
42	71	6	3	8	2
42	72	5	2	5	2
42	73	4	3	3	3
42	74	3	3	5	3
42	75	1	2	7	2
42	76	5	3	2	3
42	77	3	2	5	1
42	78	0	1	0	0
42	79	6	5	8	6
42	80	0	2	3	2
42	81	0	1	0	0
42	82	4	3	4	2
42	83	4	2	5	3
42	84	4	3	5	4
42	85	3	3	3	3
42	86	1	2	3	3
42	87	4	3	3	3
42	88	5	3	8	5
42	89	2	4	2	2
42	90	3	2	6	5
42	91	3	3	4	4
42	92	2	3	6	2
42	93	3	2	9	5
42	94	3	3	3	4
42	95	5	3	8	6
42	96	5	2	7	3
42	97	6	4	6	4
42	98	3	3	3	3
42	99	2	2	4	4
42	100	1	2	5	2
42	101	3	3	4	4
42	102	5	3	4	4
42	103	4	1	4	4
42	104	3	5	6	3
42	105	0	2	1	3
42	106	3	2	5	4
42	107	4	4	5	5
42	108	6	3	5	3
42	109	3	3	4	4
42	110	3	3	4	5
42	111	5	3	3	5
42	112	3	3	6	4
42	113	3	3	4	3
42	114	3	4	5	3
42	115	4	3	5	6
42	116	3	2	3	2
42	117	4	2	5	3
42	118	2	3	5	3
42	119	1	1	1	2
42	120	5	3	3	5
43	1	2	2	2	2
43	2	0	1	2	3
43	3	3	3	8	4
43	4	2	2	2	2
43	5	2	1	1	2
43	6	3	1	3	4
43	7	4	2	2	2
43	8	3	1	4	1
43	9	2	3	1	2
43	10	2	2	5	3
43	11	2	1	3	3
43	12	1	1	8	2
43	13	3	1	3	4
43	14	4	3	4	3
43	15	1	2	4	0
43	16	2	2	2	1
43	17	4	2	4	4
43	18	3	1	3	4
43	19	2	1	2	4
43	20	0	1	0	1
43	21	3	2	1	3
43	22	3	2	2	1
43	23	-1	1	3	1
43	24	0	0	0	0
43	25	3	2	3	4
43	26	1	2	0	1
43	27	4	1	4	5
43	28	1	0	2	1
43	29	0	1	1	0
43	30	3	3	3	2
43	31	3	2	3	2
43	32	1	2	1	3
43	33	2	2	3	2
43	34	4	1	5	2
43	35	0	1	1	2
43	36	1	2	3	2
43	37	0	0	0	1
43	38	0	2	1	0
43	39	2	2	3	4
43	40	1	1	2	3
43	41	2	1	4	1
43	42	0	1	0	0
43	43	0	1	0	1
43	44	-1	0	-2	2
43	45	3	1	2	2
43	46	3	2	4	1
43	47	4	2	6	4
43	48	2	1	0	1
43	49	0	1	3	4
43	50	2	1	2	1
43	51	2	1	2	3
43	52	1	1	1	2
43	53	2	3	5	3
43	54	2	2	1	2
43	55	3	2	5	3
43	56	0	2	0	0
43	57	1	2	3	2
43	58	1	0	4	1
43	59	0	2	2	0
43	60	2	2	3	1
43	61	1	2	2	1
43	62	1	2	3	3
43	63	3	3	6	4
43	64	0	1	1	0
43	65	0	2	1	3
43	66	1	0	2	1
43	67	3	2	6	3
43	68	4	2	5	4
43	69	4	2	4	4
43	70	2	1	0	1
43	71	4	2	6	4
43	72	3	1	2	2
43	73	2	1	3	4
43	74	2	4	4	5
43	75	2	2	1	1
43	76	3	1	3	3
43	77	1	1	2	3
43	78	4	1	4	1
43	79	5	3	6	3
43	80	1	1	1	1
43	81	3	2	4	2
43	82	3	1	0	3
43	83	3	3	4	4
43	84	4	4	5	2
43	85	2	0	3	0
43	86	4	2	3	3
43	87	2	1	3	2
43	88	0	2	4	3
43	89	2	1	2	3
43	90	3	2	3	3
43	91	2	1	2	1
43	92	3	2	5	2
43	93	4	1	3	2
43	94	1	0	-1	1
43	95	2	3	1	2
43	96	1	1	2	0
43	97	2	2	5	1
43	98	1	2	3	1
43	99	0	1	0	0
43	100	4	2	2	3
43	101	1	1	5	1
43	102	2	1	5	2
43	103	2	3	7	3
43	104	4	2	5	3
43	105	1	2	0	1
43	106	2	2	3	4
43	107	2	1	0	1
43	108	4	2	5	2
43	109	4	1	4	4
43	110	1	1	5	1
43	111	3	1	3	3
43	112	3	1	3	1
43	113	3	1	5	2
43	114	0	0	0	-1
43	115	1	2	1	1
43	116	3	1	1	3
43	117	0	0	0	2
43	118	0	0	0	0
43	119	1	0	0	2
43	120	5	3	7	4
44	1	4	6	5	4
44	2	7	5	8	6
44	3	6	5	8	5
44	4	7	5	9	7
44	5	6	7	8	7
44	6	8	4	8	7
44	7	7	6	7	7
44	8	2	3	5	3
44	9	4	6	7	6
44	10	7	6	9	7
44	11	8	6	8	8
44	12	9	6	12	9
44	13	7	5	9	6
44	14	7	4	9	7
44	15	4	4	5	4
44	16	8	5	10	8
44	17	4	4	7	5
44	18	11	7	13	9
44	19	6	5	8	6
44	20	9	5	12	7
44	21	8	4	8	8
44	22	5	5	5	5
44	23	6	6	7	6
44	24	6	5	7	5
44	25	7	6	10	6
44	26	5	5	7	6
44	27	5	6	8	4
44	28	7	5	10	10
44	29	7	6	10	6
44	30	7	6	7	5
44	31	6	5	6	6
44	32	6	5	9	7
44	33	6	5	6	6
44	34	8	7	9	8
44	35	6	5	8	6
44	36	6	5	7	7
44	37	11	6	12	10
44	38	4	5	8	5
44	39	7	7	9	7
44	40	7	7	10	6
44	41	6	6	10	9
44	42	5	4	7	5
44	43	5	5	5	4
44	44	6	5	7	5
44	45	5	6	7	7
44	46	8	5	10	8
44	47	8	5	8	7
44	48	11	6	11	7
44	49	6	5	8	7
44	50	5	6	8	7
44	51	7	5	9	7
44	52	7	5	13	8
44	53	8	5	8	8
44	54	7	6	11	7
44	55	5	6	8	7
44	56	7	6	11	9
44	57	7	5	11	6
44	58	6	6	8	5
44	59	7	5	7	7
44	60	5	4	5	5
44	61	6	4	7	6
44	62	5	5	9	7
44	63	9	7	9	7
44	64	8	6	10	7
44	65	6	5	8	5
44	66	5	4	7	8
44	67	9	7	11	9
44	68	4	4	6	6
44	69	6	4	7	7
44	70	8	5	10	8
44	71	8	4	8	5
44	72	4	5	6	5
44	73	6	5	9	5
44	74	11	9	15	8
44	75	6	6	6	6
44	76	7	6	8	6
44	77	7	6	8	6
44	78	4	5	7	5
44	79	7	6	11	8
44	80	8	5	10	7
44	81	7	6	7	6
44	82	6	6	7	8
44	83	7	4	10	6
44	84	8	5	10	9
44	85	5	5	5	4
44	86	6	6	6	8
44	87	7	5	9	6
44	88	9	6	13	9
44	89	6	4	6	6
44	90	5	6	6	5
44	91	7	5	8	6
44	92	6	6	9	7
44	93	8	6	8	7
44	94	6	6	5	5
44	95	6	4	7	4
44	96	7	7	12	9
44	97	6	5	7	6
44	98	8	7	11	8
44	99	7	6	11	9
44	100	7	4	7	5
44	101	8	6	12	8
44	102	6	4	7	4
44	103	5	4	7	6
44	104	8	7	11	10
44	105	4	5	7	4
44	106	8	6	11	9
44	107	8	5	10	7
44	108	8	7	11	8
44	109	7	7	12	7
44	110	5	5	8	5
44	111	6	4	6	6
44	112	7	5	8	8
44	113	7	6	10	9
44	114	6	5	6	7
44	115	5	6	6	3
44	116	7	5	6	7
44	117	7	6	7	6
44	118	7	4	11	7
44	119	9	7	14	8
44	120	8	6	13	8
45	1	4	5	8	6
45	2	6	4	6	5
45	3	7	3	5	5
45	4	3	4	5	5
45	5	3	3	4	4
45	6	6	5	6	6
45	7	1	2	1	1
45	8	5	4	5	3
45	9	7	6	6	6
45	10	5	5	7	6
45	11	5	4	9	5
45	12	6	4	7	4
45	13	7	5	9	4
45	14	6	5	7	5
45	15	7	6	8	6
45	16	3	4	8	6
45	17	4	4	10	5
45	18	4	5	6	4
45	19	9	5	11	7
45	20	4	3	7	4
45	21	9	6	12	8
45	22	5	4	8	4
45	23	3	4	5	6
45	24	6	4	7	4
45	25	7	4	8	6
45	26	6	5	6	6
45	27	5	4	9	5
45	28	8	5	8	5
45	29	5	5	6	5
45	30	7	4	7	6
45	31	4	4	4	4
45	32	6	4	8	6
45	33	7	4	10	7
45	34	3	3	2	3
45	35	6	4	7	4
45	36	5	3	4	4
45	37	3	2	4	3
45	38	6	5	7	5
45	39	7	5	9	6
45	40	4	2	4	4
45	41	5	4	5	3
45	42	5	3	6	5
45	43	4	3	8	4
45	44	5	4	6	6
45	45	5	3	8	7
45	46	6	2	6	5
45	47	9	5	10	10
45	48	4	5	8	4
45	49	4	3	3	3
45	50	3	3	2	3
45	51	5	4	6	5
45	52	4	3	6	5
45	53	5	5	7	8
45	54	8	3	7	5
45	55	5	4	6	7
45	56	3	3	3	3
45	57	4	5	7	5
45	58	6	4	5	5
45	59	4	3	3	2
45	60	4	4	4	4
45	61	4	3	5	4
45	62	5	4	11	6
45	63	7	4	8	6
45	64	6	4	11	8
45	65	7	6	9	7
45	66	5	3	8	7
45	67	6	6	8	7
45	68	4	3	4	5
45	69	5	6	9	6
45	70	3	4	5	4
45	71	3	4	5	3
45	72	7	5	7	4
45	73	7	6	10	7
45	74	5	4	6	4
45	75	6	3	5	4
45	76	3	4	8	7
45	77	5	2	5	6
45	78	5	4	8	6
45	79	6	4	9	5
45	80	6	5	7	7
45	81	3	4	5	3
45	82	4	4	5	5
45	83	6	4	10	6
45	84	2	3	4	3
45	85	8	6	9	7
45	86	4	5	5	5
45	87	3	4	4	4
45	88	5	5	7	4
45	89	8	5	12	8
45	90	3	5	5	7
45	91	5	3	4	2
45	92	6	4	9	4
45	93	7	5	9	6
45	94	5	3	3	4
45	95	5	5	8	5
45	96	7	6	12	8
45	97	1	3	4	3
45	98	7	5	8	5
45	99	2	3	7	3
45	100	4	3	6	6
45	101	10	6	11	8
45	102	5	4	6	6
45	103	6	5	9	6
45	104	4	2	6	4
45	105	5	4	10	5
45	106	6	5	6	4
45	107	5	4	6	5
45	108	7	5	10	5
45	109	5	4	5	4
45	110	9	6	8	7
45	111	8	6	12	8
45	112	5	3	4	3
45	113	7	5	6	5
45	114	7	5	9	8
45	115	3	4	3	4
45	116	6	4	7	6
45	117	10	6	9	7
45	118	4	3	6	4
45	119	7	7	10	7
45	120	4	5	7	7
46	1	2	3	1	2
46	2	2	1	4	3
46	3	2	0	1	2
46	4	2	2	6	4
46	5	1	1	0	1
46	6	2	0	0	0
46	7	5	3	5	3
46	8	3	2	4	5
46	9	3	1	2	3
46	10	0	0	2	3
46	11	1	2	1	2
46	12	1	1	0	0
46	13	0	0	0	0
46	14	5	3	3	4
46	15	0	0	0	1
46	16	1	3	4	3
46	17	1	0	1	1
46	18	0	2	0	1
46	19	2	1	3	1
46	20	1	1	2	1
46	21	3	2	5	5
46	22	5	5	7	3
46	23	4	2	6	5
46	24	3	2	6	3
46	25	5	2	4	4
46	26	2	3	2	4
46	27	0	2	1	2
46	28	3	1	2	3
46	29	1	0	0	2
46	30	2	2	2	0
46	31	0	1	1	1
46	32	2	1	1	3
46	33	4	2	7	4
46	34	3	3	5	4
46	35	1	2	4	4
46	36	3	3	3	4
46	37	2	3	6	3
46	38	2	2	4	4
46	39	0	1	4	1
46	40	0	1	1	0
46	41	-1	1	0	0
46	42	2	0	1	2
46	43	3	2	4	2
46	44	5	2	5	5
46	45	5	1	2	3
46	46	1	3	3	2
46	47	4	0	7	3
46	48	0	1	4	2
46	49	0	1	0	0
46	50	2	2	1	1
46	51	0	0	0	0
46	52	0	0	1	1
46	53	2	1	0	0
46	54	3	3	5	4
46	55	0	0	0	0
46	56	3	2	5	2
46	57	4	4	8	4
46	58	1	1	3	1
46	59	2	2	3	2
46	60	2	1	4	2
46	61	3	2	1	2
46	62	2	2	2	3
46	63	0	0	1	0
46	64	3	2	2	3
46	65	3	2	2	2
46	66	1	2	4	2
46	67	3	2	3	2
46	68	2	2	5	3
46	69	2	3	4	2
46	70	5	3	4	4
46	71	3	1	4	3
46	72	5	2	4	3
46	73	2	2	3	2
46	74	3	1	1	1
46	75	0	1	1	3
46	76	0	2	1	0
46	77	0	2	0	2
46	78	0	1	1	3
46	79	0	1	0	1
46	80	1	2	3	3
46	81	3	2	4	4
46	82	1	1	1	2
46	83	3	3	3	2
46	84	0	0	-2	2
46	85	3	3	5	4
46	86	0	2	4	3
46	87	5	3	6	3
46	88	1	2	2	3
46	89	5	2	5	4
46	90	5	2	5	3
46	91	2	1	1	3
46	92	4	3	7	2
46	93	4	3	2	4
46	94	2	0	1	2
46	95	4	3	3	1
46	96	2	2	2	3
46	97	1	2	3	4
46	98	2	1	2	2
46	99	2	1	1	2
46	100	3	2	7	3
46	101	4	4	7	3
46	102	1	3	3	4
46	103	0	1	2	1
46	104	4	3	5	5
46	105	3	1	2	3
46	106	3	3	6	4
46	107	1	0	0	0
46	108	2	3	0	2
46	109	3	3	4	2
46	110	-1	0	1	2
46	111	7	4	10	5
46	112	2	0	2	2
46	113	3	3	6	2
46	114	0	0	-3	0
46	115	5	2	9	3
46	116	3	2	6	3
46	117	0	1	1	3
46	118	1	2	4	3
46	119	2	0	1	2
46	120	0	0	0	0
47	1	1	2	3	1
47	2	2	1	2	2
47	3	6	3	7	5
47	4	3	3	3	3
47	5	2	1	5	2
47	6	2	2	6	1
47	7	5	2	6	5
47	8	3	3	2	3
47	9	5	3	4	3
47	10	2	2	4	4
47	11	4	4	4	4
47	12	4	4	6	5
47	13	0	2	3	3
47	14	3	3	6	3
47	15	0	1	0	0
47	16	2	3	5	2
47	17	4	3	3	4
47	18	4	3	5	5
47	19	4	3	5	4
47	20	2	1	2	1
47	21	6	3	6	6
47	22	0	1	3	2
47	23	0	1	2	2
47	24	7	4	8	7
47	25	5	1	4	5
47	26	6	3	5	4
47	27	4	2	6	4
47	28	1	2	4	3
47	29	3	3	7	3
47	30	4	6	7	5
47	31	2	2	1	0
47	32	2	2	2	2
47	33	2	3	1	2
47	34	3	3	3	3
47	35	0	1	0	2
47	36	4	2	5	5
47	37	2	1	0	2
47	38	1	2	4	3
47	39	2	2	1	3
47	40	3	2	6	3
47	41	3	4	6	3
47	42	4	2	4	4
47	43	4	3	5	4
47	44	3	1	4	2
47	45	0	2	1	2
47	46	2	1	5	1
47	47	4	2	3	1
47	48	3	2	3	4
47	49	2	3	3	2
47	50	1	2	3	2
47	51	2	2	4	1
47	52	5	3	4	5
47	53	0	1	4	4
47	54	4	4	5	4
47	55	5	2	5	4
47	56	5	3	7	5
47	57	5	2	4	3
47	58	4	2	4	4
47	59	1	1	3	2
47	60	2	2	4	3
47	61	3	3	1	2
47	62	4	2	6	5
47	63	1	2	2	2
47	64	3	4	5	3
47	65	3	1	2	2
47	66	2	0	1	3
47	67	5	4	9	5
47	68	5	3	5	3
47	69	2	4	4	5
47	70	3	2	3	4
47	71	3	3	4	3
47	72	5	3	8	7
47	73	4	3	5	3
47	74	5	3	5	4
47	75	0	2	0	0
47	76	3	4	6	3
47	77	3	3	6	3
47	78	3	3	4	3
47	79	3	2	5	3
47	80	3	3	5	3
47	81	1	1	2	3
47	82	4	4	7	5
47	83	4	2	6	2
47	84	5	2	6	4
47	85	3	2	3	1
47	86	3	2	1	1
47	87	5	4	7	5
47	88	4	3	4	2
47	89	4	4	6	5
47	90	0	2	1	2
47	91	2	3	4	5
47	92	2	2	5	3
47	93	4	4	5	7
47	94	6	3	6	4
47	95	3	3	4	3
47	96	0	2	0	4
47	97	3	2	6	6
47	98	3	3	6	4
47	99	0	2	2	1
47	100	5	3	7	4
47	101	4	4	7	5
47	102	1	4	5	3
47	103	8	6	10	5
47	104	4	3	5	5
47	105	2	2	2	3
47	106	4	3	7	4
47	107	1	2	5	4
47	108	3	2	3	4
47	109	-1	0	-1	0
47	110	2	1	4	5
47	111	4	3	4	4
47	112	4	4	8	3
47	113	3	3	5	4
47	114	3	2	3	3
47	115	3	4	8	4
47	116	6	2	3	4
47	117	0	2	1	3
47	118	2	2	2	3
47	119	4	2	4	3
47	120	2	0	1	1
48	1	0	1	0	1
48	2	4	3	5	3
48	3	3	3	5	5
48	4	2	1	5	2
48	5	4	1	5	4
48	6	1	3	2	3
48	7	2	2	2	3
48	8	4	2	6	3
48	9	2	4	5	4
48	10	2	2	3	4
48	11	0	2	2	1
48	12	3	4	1	4
48	13	3	0	1	3
48	14	2	2	1	3
48	15	5	3	6	4
48	16	2	2	6	3
48	17	3	2	3	2
48	18	0	2	2	1
48	19	3	3	4	5
48	20	1	2	4	1
48	21	2	2	4	5
48	22	5	2	6	5
48	23	2	2	3	3
48	24	6	3	5	5
48	25	1	1	4	3
48	26	0	1	2	1
48	27	2	3	4	3
48	28	5	3	5	5
48	29	2	2	5	2
48	30	3	2	4	2
48	31	3	3	4	4
48	32	4	2	2	3
48	33	2	2	1	1
48	34	1	1	3	2
48	35	3	2	4	3
48	36	1	3	0	0
48	37	4	3	6	5
48	38	2	3	3	3
48	39	5	5	6	5
48	40	4	4	7	5
48	41	4	3	7	4
48	42	5	3	7	4
48	43	2	3	4	1
48	44	4	2	7	4
48	45	0	1	0	1
48	46	3	2	5	3
48	47	6	4	9	6
48	48	7	3	8	8
48	49	2	4	3	4
48	50	3	2	5	3
48	51	1	2	4	2
48	52	0	1	1	1
48	53	3	2	5	3
48	54	3	2	4	3
48	55	3	3	4	4
48	56	1	2	3	3
48	57	2	2	1	2
48	58	7	3	5	5
48	59	2	3	5	4
48	60	1	2	3	3
48	61	5	3	6	5
48	62	4	2	5	3
48	63	3	3	6	4
48	64	2	4	4	1
48	65	5	3	5	5
48	66	5	4	4	3
48	67	3	2	5	5
48	68	4	3	6	4
48	69	3	3	4	3
48	70	0	1	2	1
48	71	4	2	2	3
48	72	3	4	5	4
48	73	0	1	0	0
48	74	1	0	2	2
48	75	3	3	5	4
48	76	4	2	7	4
48	77	2	3	7	4
48	78	3	3	5	3
48	79	3	3	5	3
48	80	3	3	6	4
48	81	5	3	7	5
48	82	3	4	6	5
48	83	1	3	0	2
48	84	3	2	1	3
48	85	5	4	4	3
48	86	-1	1	0	0
48	87	0	0	0	1
48	88	2	2	4	4
48	89	2	1	2	2
48	90	1	3	4	3
48	91	5	3	6	4
48	92	3	3	6	4
48	93	5	2	6	5
48	94	3	3	4	4
48	95	2	4	3	4
48	96	4	2	4	3
48	97	1	1	0	1
48	98	2	1	2	3
48	99	5	3	5	3
48	100	4	2	4	4
48	101	1	1	3	4
48	102	3	4	9	4
48	103	5	3	5	2
48	104	0	2	3	4
48	105	1	1	5	3
48	106	3	2	3	2
48	107	3	2	3	3
48	108	3	2	3	3
48	109	4	3	3	3
48	110	5	4	6	4
48	111	4	2	5	4
48	112	3	3	3	4
48	113	7	2	6	5
48	114	3	2	7	3
48	115	3	3	5	2
48	116	5	3	4	5
48	117	2	1	4	4
48	118	3	1	5	5
48	119	5	4	8	6
48	120	3	3	3	4
49	1	5	6	7	7
49	2	2	5	6	6
49	3	2	3	7	5
49	4	6	4	8	5
49	5	4	4	8	5
49	6	4	3	6	6
49	7	7	4	8	7
49	8	0	3	1	4
49	9	4	4	4	4
49	10	5	3	7	4
49	11	5	3	8	5
49	12	5	4	7	5
49	13	5	4	11	6
49	14	2	2	5	2
49	15	7	4	9	5
49	16	5	3	4	4
49	17	5	5	10	4
49	18	5	4	3	6
49	19	7	4	9	7
49	20	6	3	5	3
49	21	5	3	4	3
49	22	1	4	3	3
49	23	4	3	4	3
49	24	2	3	5	6
49	25	6	4	7	5
49	26	7	4	7	4
49	27	5	4	5	5
49	28	4	5	9	6
49	29	4	3	1	2
49	30	6	4	6	6
49	31	7	5	8	7
49	32	5	4	6	7
49	33	4	3	6	6
49	34	5	4	5	3
49	35	3	3	4	3
49	36	1	3	5	2
49	37	6	4	6	5
49	38	5	4	4	5
49	39	3	3	2	3
49	40	6	5	6	7
49	41	6	5	9	7
49	42	2	3	3	2
49	43	7	4	9	6
49	44	8	5	9	6
49	45	2	2	3	4
49	46	4	3	4	3
49	47	3	4	5	4
49	48	5	4	6	4
49	49	3	2	5	1
49	50	3	3	6	5
49	51	7	6	11	9
49	52	4	4	8	6
49	53	6	5	11	5
49	54	2	3	4	4
49	55	4	4	6	4
49	56	2	3	5	4
49	57	6	5	6	5
49	58	5	3	6	4
49	59	7	6	11	7
49	60	5	3	4	5
49	61	7	3	7	4
49	62	4	3	6	4
49	63	5	4	5	5
49	64	3	4	5	4
49	65	2	2	5	3
49	66	4	4	8	5
49	67	4	2	5	3
49	68	2	3	6	5
49	69	5	4	8	3
49	70	6	4	10	6
49	71	5	5	7	6
49	72	4	3	9	5
49	73	4	4	8	4
49	74	2	2	4	4
49	75	6	2	8	4
49	76	7	4	9	5
49	77	4	3	4	2
49	78	4	5	9	7
49	79	1	4	4	4
49	80	6	6	7	6
49	81	3	4	3	5
49	82	5	4	7	5
49	83	7	5	9	7
49	84	5	5	5	6
49	85	2	3	2	2
49	86	5	4	8	6
49	87	3	4	6	4
49	88	5	3	4	4
49	89	3	3	6	4
49	90	2	2	4	6
49	91	3	3	8	4
49	92	5	4	7	5
49	93	5	3	6	5
49	94	7	3	6	6
49	95	6	3	5	5
49	96	4	3	6	3
49	97	7	5	9	5
49	98	2	2	5	3
49	99	4	4	5	4
49	100	5	3	5	5
49	101	5	2	2	4
49	102	6	4	10	4
49	103	6	3	6	6
49	104	6	4	6	7
49	105	4	4	7	5
49	106	3	4	4	4
49	107	6	4	8	7
49	108	4	4	3	5
49	109	5	5	8	7
49	110	7	5	12	8
49	111	6	4	5	7
49	112	4	4	8	4
49	113	5	5	9	5
49	114	7	4	10	6
49	115	2	3	5	4
49	116	3	3	3	4
49	117	4	4	5	5
49	118	5	5	7	4
49	119	4	4	5	4
49	120	3	4	2	4
50	1	3	2	3	3
50	2	6	3	8	5
50	3	6	5	8	7
50	4	4	3	9	5
50	5	2	3	1	3
50	6	6	3	5	4
50	7	3	2	3	2
50	8	3	3	4	3
50	9	3	3	7	4
50	10	5	3	10	5
50	11	5	2	5	3
50	12	1	3	1	2
50	13	3	4	7	6
50	14	5	3	8	6
50	15	2	4	8	3
50	16	6	4	5	5
50	17	4	4	4	4
50	18	2	2	2	2
50	19	4	5	4	3
50	20	4	2	0	0
50	21	4	4	6	5
50	22	3	2	5	6
50	23	5	4	3	6
50	24	2	3	4	4
50	25	0	1	1	1
50	26	3	2	3	2
50	27	5	3	4	5
50	28	3	3	5	4
50	29	5	3	4	4
50	30	2	2	2	4
50	31	4	3	6	3
50	32	4	3	0	4
50	33	3	1	4	3
50	34	3	2	5	4
50	35	6	3	9	6
50	36	6	4	4	5
50	37	3	2	5	5
50	38	5	4	7	6
50	39	3	3	4	4
50	40	5	4	7	5
50	41	2	2	5	3
50	42	5	2	8	5
50	43	1	2	1	2
50	44	5	4	3	4
50	45	5	4	6	4
50	46	6	4	7	6
50	47	4	2	6	4
50	48	-1	0	0	2
50	49	7	2	9	5
50	50	3	3	5	3
50	51	4	4	4	3
50	52	2	1	2	2
50	53	2	2	4	3
50	54	6	4	8	5
50	55	3	3	5	2
50	56	4	5	5	3
50	57	4	5	5	5
50	58	1	3	3	1
50	59	5	3	5	4
50	60	6	4	5	3
50	61	4	3	8	4
50	62	3	2	3	2
50	63	4	3	6	3
50	64	5	3	6	5
50	65	9	6	13	7
50	66	5	4	8	6
50	67	0	2	0	2
50	68	3	3	4	3
50	69	3	2	7	4
50	70	4	2	7	4
50	71	2	3	2	3
50	72	6	2	8	5
50	73	1	2	3	2
50	74	4	2	3	2
50	75	4	3	4	5
50	76	3	2	5	3
50	77	2	3	7	4
50	78	6	4	5	6
50	79	3	4	4	3
50	80	1	3	4	3
50	81	5	3	6	4
50	82	2	3	4	3
50	83	5	3	5	2
50	84	4	3	7	4
50	85	4	3	4	5
50	86	5	3	9	4
50	87	2	2	4	2
50	88	3	2	3	3
50	89	1	2	5	2
50	90	3	2	4	4
50	91	4	5	7	6
50	92	3	3	4	5
50	93	4	3	4	4
50	94	4	4	8	5
50	95	2	2	4	2
50	96	7	4	8	6
50	97	4	4	6	3
50	98	3	1	2	3
50	99	5	3	5	4
50	100	2	3	3	6
50	101	2	2	5	4
50	102	5	2	5	5
50	103	5	4	9	4
50	104	4	3	2	3
50	105	5	4	5	4
50	106	2	2	4	4
50	107	4	3	4	4
50	108	2	2	4	3
50	109	2	2	4	2
50	110	2	3	4	3
50	111	6	4	8	5
50	112	3	3	0	4
50	113	6	3	8	6
50	114	4	2	3	4
50	115	1	1	4	1
50	116	2	2	2	5
50	117	3	3	4	3
50	118	5	4	7	5
50	119	2	3	4	5
50	120	3	2	2	4
