1	1	3	1	3	3	3
1	2	2	2	5	4	5
1	3	4	1	4	3	3
1	4	1	1	4	2	3
1	5	1	0	3	4	1
1	6	3	2	4	3	4
1	7	1	0	1	2	5
1	8	0	2	0	1	1
1	9	2	2	2	3	3
1	10	4	3	5	3	4
1	11	2	3	4	2	3
1	12	2	3	6	4	3
1	13	0	1	1	0	2
1	14	3	2	4	4	4
1	15	4	2	5	3	8
1	16	3	3	4	2	5
1	17	2	2	5	2	5
1	18	0	2	1	3	6
1	19	1	1	1	3	2
1	20	1	1	3	4	2
1	21	2	1	3	3	3
1	22	2	0	3	2	2
1	23	2	1	3	3	3
1	24	1	2	4	4	2
1	25	6	3	7	4	7
1	26	2	2	2	2	3
1	27	3	2	6	3	6
1	28	3	2	3	2	1
1	29	1	0	5	2	1
1	30	2	2	4	2	4
2	1	4	4	7	5	9
2	2	4	3	6	5	4
2	3	2	2	5	3	3
2	4	2	1	2	3	5
2	5	0	1	0	1	0
2	6	4	1	7	4	8
2	7	1	3	0	3	1
2	8	4	3	4	4	3
2	9	5	5	7	6	7
2	10	1	1	2	1	4
2	11	3	5	5	5	6
2	12	3	2	3	5	4
2	13	2	2	0	1	2
2	14	0	2	0	1	2
2	15	0	2	2	1	4
2	16	5	1	4	2	4
2	17	1	3	0	2	2
2	18	4	3	4	3	4
2	19	6	4	8	6	7
2	20	2	1	4	0	1
2	21	4	2	8	4	5
2	22	4	2	5	4	5
2	23	3	2	4	3	4
2	24	1	2	5	3	2
2	25	3	3	6	2	4
2	26	2	3	2	3	5
2	27	5	2	4	4	7
2	28	3	2	5	2	3
2	29	4	4	6	4	8
2	30	3	3	0	4	5
3	1	8	7	9	6	10
3	2	4	4	7	5	7
3	3	4	1	5	3	5
3	4	9	7	14	8	10
3	5	5	5	6	6	7
3	6	5	4	8	6	6
3	7	5	5	10	6	8
3	8	5	4	6	4	8
3	9	7	5	8	8	8
3	10	5	5	8	6	8
3	11	5	4	6	5	8
3	12	4	4	6	5	6
3	13	5	4	7	3	9
3	14	10	6	10	7	10
3	15	4	5	7	4	6
3	16	3	4	4	5	5
3	17	6	6	7	5	8
3	18	7	3	10	7	9
3	19	8	5	8	6	7
3	20	8	3	6	6	7
3	21	5	4	6	5	7
3	22	8	6	10	7	9
3	23	7	4	7	5	7
3	24	4	4	5	6	5
3	25	5	5	6	6	7
3	26	6	4	8	5	6
3	27	6	4	6	9	10
3	28	4	5	9	7	7
3	29	9	6	9	6	8
3	30	4	4	5	5	7
4	1	3	4	3	5	7
4	2	2	3	3	3	5
4	3	4	2	6	5	7
4	4	3	2	4	3	3
4	5	2	2	2	2	3
4	6	6	5	9	5	8
4	7	5	4	7	5	8
4	8	2	3	2	5	3
4	9	2	3	3	4	7
4	10	2	3	2	3	3
4	11	6	5	9	7	8
4	12	6	4	5	8	6
4	13	2	2	4	5	4
4	14	6	3	9	5	6
4	15	1	2	4	3	4
4	16	3	3	5	4	5
4	17	2	3	3	4	5
4	18	5	2	6	3	4
4	19	6	4	9	5	8
4	20	4	2	5	3	5
4	21	4	3	5	1	4
4	22	4	4	5	4	6
4	23	6	3	6	5	7
4	24	5	2	5	3	5
4	25	3	2	3	1	4
4	26	6	3	9	4	7
4	27	5	3	3	4	5
4	28	3	2	2	3	3
4	29	3	3	0	3	2
4	30	3	3	0	3	1
5	1	3	3	5	5	6
5	2	5	2	6	4	7
5	3	5	3	8	5	8
5	4	5	4	7	7	6
5	5	3	3	3	4	4
5	6	3	3	7	5	9
5	7	5	2	6	4	3
5	8	2	4	4	2	2
5	9	5	3	6	5	8
5	10	4	2	4	1	3
5	11	6	6	10	8	9
5	12	5	3	6	4	3
5	13	3	3	6	4	6
5	14	3	2	3	3	2
5	15	3	3	4	5	4
5	16	1	3	2	3	2
5	17	3	3	3	6	5
5	18	4	3	4	4	5
5	19	5	4	4	5	5
5	20	2	2	3	2	3
5	21	2	4	4	3	4
5	22	2	3	5	5	5
5	23	6	4	8	6	8
5	24	0	4	3	3	3
5	25	0	4	2	5	6
5	26	8	5	8	8	7
5	27	4	2	4	4	6
5	28	2	3	1	2	3
5	29	1	3	2	3	3
5	30	5	3	5	5	6
6	1	6	4	6	5	7
6	2	5	4	8	4	8
6	3	6	3	10	5	7
6	4	7	5	8	5	8
6	5	8	5	10	8	10
6	6	8	5	10	5	8
6	7	8	5	10	6	10
6	8	8	6	9	6	8
6	9	5	5	9	6	7
6	10	4	5	3	4	6
6	11	4	4	7	4	7
6	12	6	5	7	6	5
6	13	6	5	9	5	7
6	14	8	6	9	5	11
6	15	8	6	11	8	9
6	16	8	6	12	7	7
6	17	8	4	8	6	7
6	18	3	3	3	1	5
6	19	5	5	6	5	8
6	20	5	3	7	3	6
6	21	6	5	10	6	7
6	22	7	5	10	7	9
6	23	7	6	7	8	9
6	24	3	4	6	5	6
6	25	6	4	10	6	7
6	26	5	6	7	6	7
6	27	7	6	8	6	8
6	28	6	6	7	6	6
6	29	5	4	6	5	7
6	30	5	6	7	5	9
7	1	0	3	1	2	2
7	2	3	5	7	5	8
7	3	4	3	4	6	8
7	4	3	3	5	2	5
7	5	3	4	9	5	4
7	6	6	3	7	4	3
7	7	6	3	7	4	7
7	8	9	5	8	6	8
7	9	5	3	4	4	7
7	10	4	4	4	4	8
7	11	5	5	8	6	6
7	12	5	4	8	7	7
7	13	5	5	9	5	7
7	14	5	4	4	4	7
7	15	8	4	9	6	10
7	16	5	2	4	5	5
7	17	7	5	9	6	7
7	18	1	2	2	3	5
7	19	5	5	4	4	4
7	20	6	5	6	6	8
7	21	3	3	4	4	6
7	22	5	2	4	5	5
7	23	4	2	5	3	4
7	24	2	2	1	4	4
7	25	2	5	7	3	5
7	26	4	3	5	4	6
7	27	2	2	2	1	3
7	28	5	5	7	4	7
7	29	6	4	7	5	7
7	30	8	5	8	7	9
8	1	3	2	5	3	4
8	2	2	2	2	3	6
8	3	0	0	0	0	0
8	4	2	1	0	2	4
8	5	1	2	2	1	3
8	6	3	1	5	3	5
8	7	0	0	4	3	4
8	8	0	1	0	2	1
8	9	4	3	6	5	5
8	10	4	1	4	2	5
8	11	2	1	3	4	4
8	12	3	3	5	4	5
8	13	-2	0	0	0	1
8	14	3	2	4	2	3
8	15	0	1	1	3	1
8	16	3	1	4	4	2
8	17	3	2	2	2	2
8	18	2	0	2	3	3
8	19	4	2	6	5	6
8	20	2	1	3	1	4
8	21	4	2	4	3	5
8	22	0	1	1	1	1
8	23	1	1	0	2	1
8	24	5	4	8	3	3
8	25	4	3	4	3	5
8	26	-1	1	-1	0	1
8	27	0	0	1	0	0
8	28	1	1	2	3	2
8	29	3	1	3	2	3
8	30	1	1	1	2	4
9	1	3	3	5	3	4
9	2	5	3	6	3	4
9	3	6	3	7	6	7
9	4	3	2	2	4	4
9	5	3	2	4	2	4
9	6	0	0	0	1	0
9	7	3	2	4	1	4
9	8	2	1	4	0	3
9	9	2	1	2	1	2
9	10	3	1	4	3	2
9	11	5	4	4	3	5
9	12	1	2	0	0	0
9	13	2	1	1	1	3
9	14	3	3	5	4	4
9	15	0	2	1	0	4
9	16	3	2	3	3	5
9	17	2	2	3	3	4
9	18	2	2	4	2	2
9	19	0	0	0	0	-1
9	20	6	3	6	5	8
9	21	1	2	0	2	4
9	22	3	3	4	2	8
9	23	3	2	3	4	5
9	24	4	2	5	3	6
9	25	3	2	4	3	5
9	26	3	2	3	4	3
9	27	1	2	5	3	4
9	28	2	1	3	2	2
9	29	5	3	5	4	5
9	30	1	1	3	2	1
10	1	7	4	6	7	7
10	2	0	1	0	3	1
10	3	2	1	3	2	3
10	4	5	2	5	4	6
10	5	3	2	6	3	4
10	6	1	1	1	2	4
10	7	2	3	3	2	3
10	8	3	3	5	2	5
10	9	4	3	4	3	4
10	10	2	1	1	2	3
10	11	4	3	5	4	4
10	12	2	2	4	3	5
10	13	3	1	5	4	5
10	14	1	0	1	1	1
10	15	4	3	4	2	3
10	16	6	3	7	6	6
10	17	4	2	4	4	5
10	18	1	2	1	1	2
10	19	2	2	4	2	3
10	20	4	2	5	3	3
10	21	1	3	3	1	1
10	22	0	2	1	0	0
10	23	6	4	5	4	4
10	24	2	2	2	1	1
10	25	1	1	4	2	3
10	26	4	3	5	4	7
10	27	1	2	3	2	3
10	28	5	3	6	3	7
10	29	2	2	4	3	4
10	30	2	1	3	4	4
11	1	5	3	7	5	7
11	2	5	3	3	5	8
11	3	4	3	5	4	5
11	4	5	5	5	4	5
11	5	7	5	9	5	7
11	6	3	1	4	4	5
11	7	4	4	6	5	6
11	8	6	5	8	7	10
11	9	3	3	7	5	4
11	10	6	4	6	4	7
11	11	7	5	8	4	6
11	12	6	5	7	7	7
11	13	7	4	7	7	7
11	14	4	5	5	5	7
11	15	5	5	8	4	6
11	16	1	2	4	3	1
11	17	4	5	8	4	8
11	18	6	5	6	7	7
11	19	6	5	7	6	7
11	20	5	5	8	4	5
11	21	9	6	11	7	8
11	22	4	4	8	5	7
11	23	6	3	9	6	7
11	24	8	5	8	6	8
11	25	4	4	5	3	5
11	26	5	5	5	5	4
11	27	7	7	11	8	12
11	28	5	4	5	6	7
11	29	4	6	10	6	10
11	30	4	4	4	4	6
12	1	5	4	4	5	3
12	2	6	4	8	5	4
12	3	2	3	6	3	6
12	4	3	2	1	4	5
12	5	4	3	5	4	5
12	6	2	3	0	4	5
12	7	3	4	6	6	7
12	8	6	4	8	6	7
12	9	0	1	1	2	2
12	10	6	5	8	7	6
12	11	2	2	3	2	2
12	12	4	5	6	5	6
12	13	5	3	8	5	7
12	14	4	2	7	4	5
12	15	3	3	5	2	3
12	16	5	4	7	5	5
12	17	4	4	9	5	7
12	18	7	3	7	5	7
12	19	1	1	2	2	1
12	20	1	2	0	1	1
12	21	7	5	8	6	7
12	22	7	5	7	5	8
12	23	5	4	6	5	5
12	24	5	4	7	5	7
12	25	7	3	7	4	7
12	26	0	2	0	1	1
12	27	7	5	4	5	10
12	28	5	3	6	4	5
12	29	4	4	7	6	5
12	30	4	3	3	4	6
13	1	6	5	7	5	7
13	2	5	4	6	4	5
13	3	4	3	9	5	5
13	4	4	4	8	4	4
13	5	1	3	3	3	3
13	6	8	5	9	5	8
13	7	5	4	8	6	6
13	8	6	4	8	6	10
13	9	4	3	6	3	7
13	10	4	4	8	5	7
13	11	7	5	11	7	9
13	12	4	4	5	3	6
13	13	2	2	3	2	4
13	14	6	3	6	4	6
13	15	2	4	4	4	4
13	16	4	3	6	3	5
13	17	8	4	8	7	8
13	18	3	4	5	3	5
13	19	4	5	6	4	6
13	20	6	3	5	5	5
13	21	2	3	5	2	5
13	22	4	3	6	4	5
13	23	5	4	7	6	6
13	24	5	4	6	2	5
13	25	4	4	9	6	7
13	26	6	5	8	5	7
13	27	5	3	6	5	9
13	28	3	3	3	4	7
13	29	7	5	8	5	7
13	30	4	3	6	3	4
14	1	2	3	6	3	5
14	2	5	5	6	5	9
14	3	6	3	7	5	5
14	4	4	3	3	2	5
14	5	1	2	3	3	3
14	6	2	1	1	2	2
14	7	4	3	6	2	6
14	8	3	3	3	5	7
14	9	3	3	6	6	5
14	10	6	3	4	5	5
14	11	4	3	3	3	3
14	12	1	2	3	4	4
14	13	3	5	6	5	7
14	14	4	5	6	4	6
14	15	2	1	3	3	2
14	16	3	4	6	4	4
14	17	4	3	3	2	5
14	18	0	1	0	0	2
14	19	3	4	4	4	5
14	20	5	4	6	3	4
14	21	3	3	4	4	6
14	22	4	4	3	4	5
14	23	5	3	7	6	6
14	24	4	4	6	6	5
14	25	0	2	4	4	4
14	26	3	2	6	2	5
14	27	4	3	8	2	6
14	28	5	3	6	4	3
14	29	2	3	3	2	3
14	30	3	2	6	4	4
15	1	3	3	6	3	6
15	2	3	2	6	3	4
15	3	1	2	3	3	3
15	4	4	4	3	4	3
15	5	3	2	7	5	5
15	6	1	3	5	4	8
15	7	5	4	7	5	4
15	8	1	3	6	3	3
15	9	2	2	3	4	5
15	10	3	2	2	1	3
15	11	5	2	4	2	5
15	12	2	1	2	3	2
15	13	2	1	1	1	2
15	14	2	2	3	3	4
15	15	7	5	8	4	5
15	16	4	2	7	4	5
15	17	4	4	5	6	4
15	18	4	3	5	5	4
15	19	1	1	3	2	3
15	20	2	3	2	2	2
15	21	2	2	4	4	5
15	22	3	1	2	3	3
15	23	3	3	4	3	5
15	24	1	1	0	0	3
15	25	4	3	7	4	5
15	26	5	2	5	3	4
15	27	3	1	1	0	3
15	28	5	2	7	4	5
15	29	7	4	11	6	6
15	30	0	2	2	3	4
16	1	8	5	8	7	9
16	2	6	5	6	4	6
16	3	7	5	8	8	10
16	4	6	5	7	7	10
16	5	7	7	11	8	11
16	6	4	5	4	6	8
16	7	6	5	10	5	9
16	8	4	5	7	6	6
16	9	4	6	8	4	7
16	10	5	5	9	8	6
16	11	4	5	8	4	6
16	12	7	5	8	5	8
16	13	5	4	6	4	6
16	14	8	6	9	8	9
16	15	4	4	5	4	5
16	16	7	5	6	6	7
16	17	6	5	10	7	9
16	18	8	5	9	6	7
16	19	7	4	8	6	6
16	20	7	6	8	5	6
16	21	7	5	8	7	7
16	22	3	5	4	4	6
16	23	5	4	7	7	7
16	24	7	4	7	6	8
16	25	8	4	5	5	7
16	26	10	7	8	8	10
16	27	7	4	8	7	8
16	28	5	5	8	6	8
16	29	5	3	5	5	6
16	30	8	5	7	5	5
17	1	3	4	5	5	5
17	2	3	3	5	3	5
17	3	4	3	5	4	3
17	4	7	4	7	4	7
17	5	3	4	3	4	4
17	6	2	4	5	4	6
17	7	4	4	5	4	8
17	8	4	3	4	3	5
17	9	7	4	5	5	5
17	10	2	3	5	3	4
17	11	0	2	1	0	1
17	12	5	3	4	6	5
17	13	6	4	6	5	7
17	14	3	3	6	2	4
17	15	6	3	4	5	5
17	16	4	2	4	3	3
17	17	4	3	6	5	5
17	18	2	2	1	3	1
17	19	6	3	7	4	5
17	20	7	6	7	7	9
17	21	6	4	6	5	7
17	22	5	4	5	4	6
17	23	4	3	4	4	7
17	24	2	3	2	3	2
17	25	6	4	6	5	9
17	26	5	4	5	5	6
17	27	3	2	5	2	4
17	28	0	3	3	2	5
17	29	5	3	6	4	5
17	30	2	4	4	3	3
18	1	0	0	0	2	0
18	2	1	0	0	0	0
18	3	1	1	6	4	3
18	4	0	1	3	0	1
18	5	1	2	4	2	4
18	6	-3	0	-4	-1	-3
18	7	1	0	1	0	2
18	8	1	0	2	2	1
18	9	0	0	-1	0	0
18	10	2	2	6	3	3
18	11	-1	0	-2	0	0
18	12	1	1	2	3	2
18	13	1	1	5	3	4
18	14	1	1	2	1	2
18	15	0	0	1	-1	1
18	16	2	0	3	2	5
18	17	1	0	1	1	1
18	18	-2	0	1	1	0
18	19	0	0	0	1	0
18	20	3	2	5	2	6
18	21	1	0	0	1	1
18	22	0	0	-1	-1	-2
18	23	0	0	2	3	2
18	24	2	0	3	2	1
18	25	-1	0	0	0	0
18	26	-1	0	0	0	0
18	27	1	1	1	2	1
18	28	3	1	4	1	6
18	29	1	2	2	3	3
18	30	0	0	0	3	0
19	1	3	3	1	4	4
19	2	6	4	5	5	5
19	3	3	4	7	4	7
19	4	6	5	9	5	7
19	5	5	3	3	4	4
19	6	3	3	8	6	7
19	7	4	4	4	5	4
19	8	4	3	6	5	5
19	9	6	4	9	6	8
19	10	6	5	7	6	8
19	11	2	2	0	4	4
19	12	6	4	6	6	6
19	13	6	4	8	5	7
19	14	2	4	4	3	4
19	15	5	3	7	5	4
19	16	3	4	4	3	4
19	17	6	4	12	5	7
19	18	5	5	8	5	7
19	19	5	5	7	4	7
19	20	5	4	6	5	5
19	21	5	4	8	4	6
19	22	5	4	9	6	9
19	23	8	4	9	6	8
19	24	5	3	6	4	5
19	25	2	1	2	1	2
19	26	5	4	5	4	6
19	27	5	3	6	6	6
19	28	5	5	7	4	5
19	29	4	5	6	5	7
19	30	5	5	9	7	8
20	1	1	2	2	3	4
20	2	2	4	4	3	3
20	3	4	2	6	3	3
20	4	3	2	2	3	2
20	5	4	1	2	4	3
20	6	0	2	1	1	2
20	7	1	2	2	1	3
20	8	0	1	0	2	3
20	9	2	2	3	0	3
20	10	2	3	0	2	1
20	11	3	3	4	4	8
20	12	4	3	8	6	4
20	13	1	3	4	1	3
20	14	0	1	2	1	2
20	15	3	1	0	1	2
20	16	2	3	3	2	5
20	17	2	1	2	3	5
20	18	2	4	5	4	3
20	19	3	1	3	2	2
20	20	0	1	1	1	0
20	21	3	2	3	3	4
20	22	4	3	6	4	6
20	23	5	3	5	3	6
20	24	2	2	3	2	3
20	25	0	2	0	1	2
20	26	9	3	9	6	6
20	27	4	3	2	4	1
20	28	3	2	2	4	3
20	29	3	2	5	4	3
20	30	2	0	0	0	2
21	1	0	2	2	1	0
21	2	0	0	-1	2	0
21	3	2	1	2	3	1
21	4	2	1	4	1	3
21	5	0	0	0	2	1
21	6	3	2	5	2	3
21	7	3	2	4	4	4
21	8	0	1	2	1	1
21	9	2	1	2	3	4
21	10	3	3	4	4	5
21	11	4	3	5	5	4
21	12	3	3	1	2	3
21	13	1	1	2	3	3
21	14	3	1	3	2	2
21	15	3	2	7	4	2
21	16	3	2	5	3	6
21	17	2	4	4	4	4
21	18	2	0	2	1	4
21	19	3	1	6	3	6
21	20	1	1	3	4	2
21	21	1	1	2	2	2
21	22	0	0	-1	0	0
21	23	3	3	3	5	6
21	24	-1	2	0	0	0
21	25	3	1	3	3	3
21	26	2	2	4	1	3
21	27	2	1	4	3	5
21	28	2	2	4	3	1
21	29	1	1	1	0	2
21	30	3	3	5	3	5
22	1	4	3	6	6	9
22	2	4	3	6	5	6
22	3	0	1	1	1	1
22	4	4	3	7	4	7
22	5	3	3	3	2	4
22	6	5	5	7	5	5
22	7	5	3	4	4	5
22	8	2	2	4	4	3
22	9	2	2	3	2	5
22	10	4	3	6	6	5
22	11	5	3	6	3	5
22	12	5	3	3	4	6
22	13	6	5	8	7	9
22	14	3	4	5	4	6
22	15	4	3	3	3	5
22	16	0	2	0	0	1
22	17	7	4	10	7	8
22	18	3	2	4	2	5
22	19	7	5	8	3	7
22	20	5	3	8	3	4
22	21	4	4	7	6	6
22	22	4	3	2	3	4
22	23	5	4	5	4	5
22	24	3	2	6	4	5
22	25	3	3	3	2	5
22	26	4	1	4	4	3
22	27	5	3	6	5	5
22	28	1	3	3	6	4
22	29	2	1	2	2	2
22	30	2	4	2	5	4
23	1	1	2	4	3	4
23	2	4	1	4	3	4
23	3	1	3	6	3	2
23	4	0	1	0	1	2
23	5	1	2	5	2	5
23	6	2	3	5	4	4
23	7	3	2	4	4	6
23	8	2	2	3	2	4
23	9	2	2	1	2	3
23	10	4	1	4	3	6
23	11	0	0	1	0	1
23	12	1	1	2	1	2
23	13	3	2	2	1	5
23	14	0	1	0	2	0
23	15	3	2	4	4	4
23	16	4	2	7	4	7
23	17	2	2	2	2	3
23	18	1	1	1	2	4
23	19	2	1	4	3	4
23	20	2	0	4	2	3
23	21	3	2	4	4	4
23	22	2	3	6	3	4
23	23	1	2	4	3	2
23	24	1	0	0	2	1
23	25	-1	0	-1	1	0
23	26	1	2	1	2	1
23	27	3	3	5	4	4
23	28	-1	1	2	-1	0
23	29	0	0	1	0	1
23	30	2	1	1	3	3
24	1	1	2	4	3	3
24	2	0	1	1	3	2
24	3	5	3	4	3	5
24	4	2	2	3	2	1
24	5	1	2	2	2	4
24	6	3	1	6	4	4
24	7	3	3	6	2	2
24	8	2	2	3	3	3
24	9	2	1	2	3	3
24	10	4	2	4	3	3
24	11	4	2	7	4	4
24	12	2	1	2	2	2
24	13	4	3	4	3	6
24	14	3	2	5	3	6
24	15	3	2	7	2	3
24	16	3	3	4	2	2
24	17	2	3	3	2	5
24	18	6	2	9	5	6
24	19	3	2	2	2	3
24	20	2	2	3	1	2
24	21	0	0	0	0	1
24	22	0	2	0	2	0
24	23	3	4	3	2	5
24	24	2	2	4	3	5
24	25	4	3	2	3	4
24	26	3	3	2	3	5
24	27	2	2	3	2	2
24	28	2	3	8	4	5
24	29	1	2	1	1	3
24	30	0	1	0	2	2
25	1	2	0	1	1	4
25	2	4	3	7	4	7
25	3	3	1	2	3	4
25	4	4	2	6	4	4
25	5	2	2	3	3	4
25	6	2	0	0	2	4
25	7	4	2	3	2	5
25	8	1	2	1	2	0
25	9	2	1	1	2	2
25	10	0	0	1	1	2
25	11	4	3	5	4	6
25	12	2	1	2	2	2
25	13	3	3	5	4	5
25	14	5	3	8	6	6
25	15	4	2	2	2	5
25	16	2	3	3	3	4
25	17	1	1	0	0	0
25	18	0	2	1	2	5
25	19	3	3	2	3	2
25	20	2	2	4	3	3
25	21	2	2	2	1	3
25	22	5	3	9	6	8
25	23	2	2	2	2	2
25	24	4	1	2	3	4
25	25	3	3	8	3	4
25	26	2	1	3	2	2
25	27	3	2	5	3	3
25	28	6	3	4	2	7
25	29	7	2	7	5	7
25	30	2	3	3	3	5
26	1	1	2	4	2	4
26	2	2	1	1	1	2
26	3	3	1	4	3	3
26	4	1	0	0	0	0
26	5	5	2	6	4	5
26	6	0	0	0	0	1
26	7	1	0	0	2	-1
26	8	1	1	0	1	2
26	9	2	2	2	1	2
26	10	4	2	4	2	6
26	11	2	2	4	3	5
26	12	1	1	0	2	2
26	13	0	0	0	0	0
26	14	-1	1	0	1	0
26	15	2	1	0	2	0
26	16	3	3	8	5	7
26	17	-1	0	-1	0	0
26	18	2	3	2	3	3
26	19	2	0	3	2	2
26	20	4	3	4	4	5
26	21	0	0	0	0	0
26	22	1	2	4	2	3
26	23	1	0	1	0	0
26	24	3	1	4	1	3
26	25	4	2	5	5	4
26	26	5	3	5	4	5
26	27	1	3	4	2	4
26	28	4	3	5	5	5
26	29	3	3	3	4	1
26	30	0	1	1	0	2
27	1	5	4	8	5	7
27	2	3	4	3	2	5
27	3	5	3	7	4	8
27	4	5	5	9	6	8
27	5	6	4	6	5	5
27	6	5	5	8	4	7
27	7	4	3	4	3	3
27	8	2	3	7	4	7
27	9	4	5	5	3	7
27	10	5	4	5	5	7
27	11	4	4	5	3	3
27	12	4	4	6	3	6
27	13	3	3	4	3	6
27	14	8	5	10	7	8
27	15	6	6	8	4	7
27	16	4	4	4	4	5
27	17	5	4	7	6	8
27	18	3	4	4	5	5
27	19	6	4	4	5	6
27	20	5	3	4	5	7
27	21	1	2	3	3	3
27	22	3	3	6	4	5
27	23	6	4	6	5	7
27	24	8	4	8	7	7
27	25	6	4	8	6	6
27	26	5	3	4	5	7
27	27	5	6	8	8	7
27	28	5	4	6	5	6
27	29	6	5	8	5	8
27	30	5	4	5	6	6
28	1	7	5	10	6	10
28	2	3	4	3	3	1
28	3	5	3	6	4	5
28	4	0	1	2	2	1
28	5	4	2	5	5	4
28	6	6	3	8	5	7
28	7	5	5	8	7	8
28	8	0	1	1	1	2
28	9	4	4	5	4	5
28	10	7	4	9	6	6
28	11	2	2	6	4	3
28	12	3	2	6	4	5
28	13	5	2	4	4	5
28	14	4	3	5	5	6
28	15	5	3	6	5	8
28	16	7	3	8	6	8
28	17	4	3	4	3	2
28	18	5	2	7	6	4
28	19	8	6	9	8	9
28	20	3	3	5	4	6
28	21	5	3	5	4	5
28	22	2	1	2	2	1
28	23	4	3	6	5	6
28	24	3	3	5	4	4
28	25	2	3	3	4	5
28	26	3	1	3	3	5
28	27	4	3	3	5	2
28	28	2	3	5	4	3
28	29	2	3	5	4	4
28	30	7	5	8	7	6
29	1	3	2	5	4	3
29	2	3	1	2	1	2
29	3	0	0	0	-1	0
29	4	2	2	4	0	2
29	5	1	1	2	0	2
29	6	2	1	0	0	3
29	7	3	1	0	0	3
29	8	7	3	6	4	8
29	9	2	1	0	2	2
29	10	0	2	1	0	0
29	11	2	1	2	2	3
29	12	0	2	2	0	3
29	13	3	2	4	4	4
29	14	1	3	1	1	3
29	15	2	2	4	4	3
29	16	0	0	1	0	2
29	17	1	1	2	1	2
29	18	3	1	2	3	3
29	19	0	0	-1	2	0
29	20	5	2	6	3	4
29	21	5	2	7	4	6
29	22	5	4	7	5	8
29	23	3	1	4	3	3
29	24	4	0	4	2	3
29	25	2	2	3	2	2
29	26	1	2	3	2	3
29	27	-1	0	2	0	1
29	28	1	1	0	0	1
29	29	4	1	1	3	3
29	30	0	2	3	2	3
30	1	5	4	6	3	7
30	2	1	3	1	0	3
30	3	3	4	4	2	5
30	4	3	4	4	3	4
30	5	7	5	7	6	8
30	6	7	3	8	4	3
30	7	3	3	5	3	8
30	8	6	4	8	4	7
30	9	7	5	4	5	5
30	10	5	5	7	6	6
30	11	8	6	9	7	11
30	12	4	4	5	4	3
30	13	6	4	7	5	5
30	14	4	3	5	6	5
30	15	6	6	9	7	8
30	16	4	4	7	3	7
30	17	3	4	5	6	6
30	18	5	6	9	7	7
30	19	5	4	5	5	6
30	20	8	6	11	8	11
30	21	4	5	8	5	9
30	22	4	3	5	4	5
30	23	4	4	6	5	8
30	24	5	3	8	5	7
30	25	6	4	7	6	6
30	26	4	3	5	5	6
30	27	8	5	8	6	8
30	28	5	3	3	3	5
30	29	4	4	7	4	5
30	30	6	4	6	6	7
31	1	3	2	6	2	3
31	2	3	3	3	2	2
31	3	5	5	7	5	7
31	4	3	4	4	4	6
31	5	-1	3	1	1	0
31	6	8	4	9	7	7
31	7	5	3	8	2	5
31	8	8	6	10	6	10
31	9	4	4	5	5	6
31	10	5	4	4	4	4
31	11	10	5	10	8	12
31	12	10	5	11	9	10
31	13	0	3	5	3	4
31	14	4	4	5	5	8
31	15	4	4	3	5	5
31	16	5	3	7	6	6
31	17	4	3	6	5	5
31	18	1	4	4	3	3
31	19	5	3	4	5	7
31	20	6	5	8	7	7
31	21	6	2	5	5	6
31	22	2	3	8	4	4
31	23	7	6	10	5	9
31	24	3	4	7	4	7
31	25	1	3	4	1	1
31	26	6	4	5	3	4
31	27	8	4	8	6	9
31	28	5	5	8	5	7
31	29	3	3	4	2	7
31	30	5	4	7	7	4
32	1	0	1	2	3	5
32	2	4	3	3	4	5
32	3	1	2	1	3	4
32	4	1	2	7	3	2
32	5	4	3	5	5	7
32	6	0	2	3	2	3
32	7	5	3	4	4	4
32	8	3	4	7	4	1
32	9	3	5	4	5	3
32	10	7	4	8	6	7
32	11	3	3	3	4	2
32	12	4	3	5	5	6
32	13	3	3	3	5	2
32	14	4	2	5	3	4
32	15	4	2	7	4	4
32	16	1	3	3	3	3
32	17	2	2	0	3	1
32	18	1	2	4	3	4
32	19	5	3	7	6	8
32	20	3	3	4	2	5
32	21	3	4	6	3	3
32	22	0	4	2	3	4
32	23	3	3	6	4	5
32	24	3	2	3	3	3
32	25	4	5	7	6	8
32	26	3	3	6	5	4
32	27	1	1	2	2	3
32	28	2	3	4	4	4
32	29	4	5	5	4	6
32	30	4	2	6	5	4
33	1	8	5	8	6	8
33	2	2	3	5	6	7
33	3	7	5	10	5	10
33	4	6	4	7	5	8
33	5	5	4	5	5	5
33	6	2	3	4	6	4
33	7	3	3	6	3	3
33	8	4	5	7	6	6
33	9	5	4	7	4	7
33	10	6	6	9	8	10
33	11	6	3	6	4	5
33	12	2	3	7	5	6
33	13	4	3	4	5	7
33	14	5	2	5	5	5
33	15	6	4	6	6	7
33	16	5	4	7	5	6
33	17	4	4	10	5	7
33	18	4	3	4	6	5
33	19	5	4	5	4	5
33	20	4	2	4	5	5
33	21	7	5	8	6	8
33	22	5	3	7	5	8
33	23	7	3	7	4	7
33	24	3	3	3	1	4
33	25	4	5	7	6	7
33	26	3	2	5	5	5
33	27	3	2	2	4	7
33	28	9	4	10	6	8
33	29	4	3	6	4	5
33	30	3	4	4	4	3
34	1	7	5	9	6	11
34	2	1	2	2	3	2
34	3	6	5	7	7	7
34	4	6	4	7	7	7
34	5	5	5	6	3	4
34	6	6	4	7	5	6
34	7	4	5	6	5	7
34	8	6	4	9	7	6
34	9	5	4	6	5	6
34	10	4	3	3	5	6
34	11	7	5	8	6	7
34	12	7	4	8	6	8
34	13	2	2	5	4	4
34	14	3	2	5	3	3
34	15	4	5	8	6	7
34	16	4	4	5	4	6
34	17	4	4	5	5	5
34	18	5	3	6	6	8
34	19	2	3	4	3	2
34	20	4	4	6	4	3
34	21	4	3	4	4	7
34	22	6	4	9	6	8
34	23	9	6	11	8	10
34	24	3	3	5	4	4
34	25	7	5	7	5	9
34	26	5	6	4	7	9
34	27	4	4	5	4	4
34	28	5	4	6	3	4
34	29	6	5	12	5	11
34	30	1	2	2	1	2
35	1	4	4	2	3	4
35	2	3	3	3	3	5
35	3	8	4	7	8	7
35	4	4	4	6	4	7
35	5	2	4	5	4	5
35	6	9	6	13	8	10
35	7	4	4	7	6	7
35	8	3	3	4	4	3
35	9	5	4	8	6	6
35	10	5	1	2	3	3
35	11	6	4	7	4	8
35	12	4	3	5	5	5
35	13	6	4	4	5	6
35	14	5	2	4	5	5
35	15	3	4	2	3	4
35	16	4	3	3	4	4
35	17	4	3	5	4	3
35	18	6	6	9	7	7
35	19	7	6	10	6	9
35	20	5	3	5	4	8
35	21	4	2	6	5	6
35	22	4	4	7	4	4
35	23	4	4	6	5	5
35	24	5	3	7	6	6
35	25	5	4	5	5	6
35	26	3	3	4	2	4
35	27	4	2	5	5	5
35	28	6	4	9	8	10
35	29	3	4	4	4	4
35	30	6	3	6	5	5
36	1	4	3	6	5	7
36	2	3	3	5	2	5
36	3	4	4	8	5	7
36	4	4	2	6	4	9
36	5	7	6	9	8	7
36	6	4	4	6	6	5
36	7	5	4	4	5	7
36	8	5	3	9	4	5
36	9	2	3	4	4	3
36	10	4	3	5	2	5
36	11	5	5	5	6	7
36	12	3	3	5	5	6
36	13	3	3	6	5	6
36	14	4	4	7	4	6
36	15	3	4	5	5	6
36	16	2	2	2	4	2
36	17	3	5	7	3	6
36	18	5	4	8	6	7
36	19	3	3	5	4	5
36	20	8	5	10	5	12
36	21	5	5	7	6	7
36	22	5	4	7	8	7
36	23	3	4	4	5	4
36	24	6	3	6	5	5
36	25	5	4	8	6	6
36	26	6	4	7	6	7
36	27	5	3	4	4	5
36	28	5	4	8	4	7
36	29	3	3	5	3	3
36	30	2	2	4	5	4
37	1	5	4	6	4	7
37	2	3	3	3	4	4
37	3	4	4	6	4	4
37	4	5	4	4	4	5
37	5	6	3	7	4	6
37	6	5	4	7	5	8
37	7	3	3	2	4	6
37	8	3	3	3	3	4
37	9	6	3	9	5	7
37	10	1	2	0	0	1
37	11	5	4	4	4	4
37	12	7	6	8	8	8
37	13	8	6	9	6	7
37	14	5	4	7	5	6
37	15	3	3	4	3	5
37	16	6	3	5	5	6
37	17	3	3	5	4	5
37	18	6	5	8	6	9
37	19	3	3	6	4	4
37	20	4	4	6	6	7
37	21	6	5	8	4	7
37	22	2	3	4	3	4
37	23	7	4	8	5	8
37	24	1	3	4	2	5
37	25	4	3	6	5	5
37	26	5	4	8	6	8
37	27	2	2	4	3	1
37	28	7	4	10	5	6
37	29	4	3	6	5	4
37	30	5	3	6	6	7
38	1	4	3	5	2	6
38	2	3	4	5	3	4
38	3	5	3	3	4	4
38	4	2	2	3	2	4
38	5	4	2	5	3	4
38	6	3	3	8	5	4
38	7	0	1	1	1	2
38	8	0	2	3	3	3
38	9	2	2	3	3	3
38	10	3	2	3	0	4
38	11	3	3	8	6	7
38	12	2	2	3	2	5
38	13	1	1	2	0	2
38	14	3	1	5	4	5
38	15	3	3	2	3	4
38	16	4	4	6	6	8
38	17	1	2	2	2	2
38	18	5	5	6	6	8
38	19	5	3	4	3	5
38	20	3	4	4	5	4
38	21	2	3	2	2	2
38	22	6	6	9	7	7
38	23	4	4	5	3	2
38	24	1	2	1	2	3
38	25	4	3	4	3	6
38	26	0	2	3	0	0
38	27	4	3	2	3	6
38	28	3	3	4	3	6
38	29	3	4	7	3	5
38	30	3	3	7	4	7
39	1	2	3	2	3	2
39	2	5	3	6	7	5
39	3	5	3	7	5	7
39	4	2	3	2	1	4
39	5	2	1	3	3	2
39	6	4	3	6	4	5
39	7	3	2	5	3	5
39	8	4	4	7	5	5
39	9	5	4	8	5	6
39	10	3	2	6	4	4
39	11	5	4	5	5	5
39	12	4	3	6	4	4
39	13	4	3	5	4	6
39	14	4	3	6	5	5
39	15	5	3	7	5	5
39	16	2	2	2	0	4
39	17	1	0	2	3	0
39	18	4	3	5	2	5
39	19	2	3	4	2	4
39	20	4	3	6	3	2
39	21	4	3	7	5	7
39	22	6	3	5	4	5
39	23	2	3	3	3	5
39	24	0	2	5	2	3
39	25	5	2	4	3	3
39	26	4	3	7	6	7
39	27	4	3	5	3	5
39	28	5	4	8	5	6
39	29	4	3	5	2	4
39	30	4	4	6	5	6
40	1	3	4	7	4	5
40	2	5	4	6	5	5
40	3	3	2	5	3	4
40	4	1	3	5	2	5
40	5	4	2	3	4	2
40	6	3	4	4	3	5
40	7	5	3	4	4	4
40	8	5	4	7	5	6
40	9	2	2	4	4	4
40	10	2	2	4	1	2
40	11	4	3	0	4	2
40	12	2	2	4	2	3
40	13	3	2	4	4	4
40	14	0	1	3	1	1
40	15	0	1	0	0	2
40	16	4	3	5	3	4
40	17	2	2	4	4	4
40	18	1	1	2	0	1
40	19	1	0	1	1	0
40	20	5	2	4	2	2
40	21	5	3	5	6	7
40	22	7	3	7	6	5
40	23	2	3	3	5	2
40	24	3	3	4	4	5
40	25	4	3	4	6	4
40	26	1	3	4	3	4
40	27	2	2	6	4	4
40	28	2	1	3	2	2
40	29	3	3	5	2	5
40	30	5	3	4	6	4
41	1	3	1	3	2	2
41	2	3	3	2	2	3
41	3	1	2	2	1	1
41	4	4	2	6	3	4
41	5	3	3	3	4	5
41	6	5	2	5	5	4
41	7	1	1	1	0	1
41	8	3	4	4	1	6
41	9	0	1	4	2	2
41	10	3	2	1	3	1
41	11	2	4	7	4	6
41	12	2	2	2	2	4
41	13	2	4	5	4	5
41	14	1	2	3	3	4
41	15	2	2	5	2	2
41	16	4	3	6	2	4
41	17	1	1	4	3	1
41	18	0	1	-1	0	1
41	19	2	3	5	4	5
41	20	4	4	4	4	2
41	21	3	2	3	3	3
41	22	0	2	0	0	0
41	23	7	4	6	5	6
41	24	7	4	10	6	10
41	25	2	2	2	2	3
41	26	4	2	6	3	3
41	27	5	2	6	5	5
41	28	0	1	3	2	2
41	29	0	2	2	2	2
41	30	0	2	0	1	3
42	1	3	1	4	4	2
42	2	2	3	3	6	7
42	3	1	2	5	3	3
42	4	3	3	4	3	4
42	5	4	3	3	5	4
42	6	0	1	0	1	1
42	7	6	3	5	5	5
42	8	1	1	2	1	1
42	9	3	2	6	2	3
42	10	4	2	4	2	4
42	11	3	2	3	4	4
42	12	5	3	7	6	6
42	13	1	2	4	2	3
42	14	2	2	3	2	3
42	15	0	2	2	2	1
42	16	0	2	3	2	3
42	17	1	3	2	2	2
42	18	4	2	4	4	5
42	19	2	2	1	3	2
42	20	5	2	4	4	4
42	21	3	3	4	2	4
42	22	1	2	2	2	5
42	23	3	0	6	3	1
42	24	7	3	7	5	6
42	25	4	2	7	4	6
42	26	7	5	9	7	7
42	27	4	3	4	5	4
42	28	1	2	2	1	2
42	29	0	2	3	2	4
42	30	3	2	4	5	5
43	1	4	2	6	4	4
43	2	1	2	2	2	4
43	3	2	3	8	3	5
43	4	2	1	4	3	3
43	5	1	0	0	0	2
43	6	1	2	1	3	3
43	7	4	2	3	2	4
43	8	3	2	5	2	4
43	9	3	2	4	3	3
43	10	2	1	5	3	2
43	11	1	0	1	2	2
43	12	0	2	0	1	3
43	13	4	2	8	5	5
43	14	1	2	1	1	0
43	15	0	0	1	2	2
43	16	6	2	3	2	3
43	17	0	1	0	1	0
43	18	4	0	1	0	1
43	19	0	0	1	1	2
43	20	1	3	3	3	5
43	21	1	2	3	2	3
43	22	1	3	2	3	5
43	23	4	1	6	3	3
43	24	4	3	4	2	4
43	25	3	2	3	5	1
43	26	0	0	0	2	0
43	27	1	1	1	1	5
43	28	1	1	2	3	1
43	29	2	2	3	4	3
43	30	0	0	1	1	3
44	1	5	4	8	6	7
44	2	4	5	7	6	8
44	3	9	6	10	9	10
44	4	9	6	10	7	12
44	5	9	6	6	7	9
44	6	2	5	7	5	6
44	7	8	6	8	9	6
44	8	8	6	13	8	9
44	9	7	6	8	6	8
44	10	4	7	7	6	8
44	11	5	5	8	4	6
44	12	5	6	6	6	8
44	13	8	5	10	8	11
44	14	5	5	9	8	8
44	15	10	5	9	7	9
44	16	8	7	13	8	8
44	17	7	6	9	7	10
44	18	7	7	12	7	12
44	19	4	6	6	4	5
44	20	8	5	8	5	7
44	21	6	6	10	7	9
44	22	8	5	9	7	9
44	23	4	4	6	4	5
44	24	9	7	10	6	8
44	25	7	6	10	6	10
44	26	6	6	8	6	10
44	27	8	5	8	5	9
44	28	6	5	7	6	9
44	29	8	5	9	8	8
44	30	7	6	11	7	9
45	1	5	4	7	6	6
45	2	8	5	9	6	8
45	3	7	4	8	6	6
45	4	6	5	9	5	7
45	5	5	4	4	3	6
45	6	8	4	10	7	8
45	7	6	4	6	6	5
45	8	7	5	10	7	9
45	9	6	5	6	4	5
45	10	5	3	6	4	7
45	11	7	6	10	5	6
45	12	4	2	6	3	4
45	13	6	4	9	6	5
45	14	7	4	7	5	7
45	15	1	3	2	3	3
45	16	6	5	5	5	8
45	17	2	3	1	2	2
45	18	5	5	6	5	5
45	19	6	6	7	5	5
45	20	3	3	6	4	4
45	21	7	5	8	5	6
45	22	6	5	10	7	10
45	23	3	4	5	4	6
45	24	7	5	8	7	9
45	25	6	5	8	5	8
45	26	2	3	6	4	5
45	27	4	3	3	2	6
45	28	0	2	4	2	4
45	29	5	6	6	7	8
45	30	4	6	4	4	7
46	1	4	2	4	6	5
46	2	3	1	1	3	3
46	3	3	4	3	3	3
46	4	3	3	4	4	5
46	5	1	0	4	1	3
46	6	3	1	5	2	3
46	7	2	2	4	4	5
46	8	2	3	5	3	5
46	9	2	2	6	4	5
46	10	1	3	4	2	3
46	11	1	2	0	1	1
46	12	5	3	4	2	4
46	13	1	2	4	4	4
46	14	2	3	4	4	4
46	15	2	1	6	3	3
46	16	2	1	4	2	1
46	17	2	2	3	1	2
46	18	3	2	3	4	3
46	19	3	1	5	3	2
46	20	1	1	2	2	2
46	21	2	1	0	4	3
46	22	0	1	0	0	3
46	23	0	1	3	0	1
46	24	1	1	0	3	2
46	25	-1	0	0	1	0
46	26	-1	1	0	0	0
46	27	4	3	3	3	5
46	28	0	1	3	2	2
46	29	0	1	0	0	0
46	30	3	1	2	2	4
47	1	5	4	4	4	8
47	2	5	3	5	6	5
47	3	4	2	4	1	6
47	4	4	3	6	3	6
47	5	0	2	2	3	5
47	6	3	4	7	5	7
47	7	1	1	2	3	4
47	8	3	2	3	4	6
47	9	8	3	8	5	7
47	10	4	3	6	4	4
47	11	3	3	3	6	5
47	12	2	2	0	3	1
47	13	2	3	3	3	3
47	14	6	5	9	5	7
47	15	1	3	2	0	2
47	16	3	2	4	2	3
47	17	4	3	5	6	6
47	18	5	4	7	4	6
47	19	5	3	7	4	6
47	20	2	1	2	3	4
47	21	3	2	4	1	2
47	22	2	3	3	3	3
47	23	3	1	3	2	2
47	24	3	1	5	5	4
47	25	5	2	6	4	6
47	26	7	3	9	4	6
47	27	5	2	8	3	3
47	28	2	2	2	1	3
47	29	5	4	5	5	6
47	30	2	2	7	4	6
48	1	3	2	3	4	2
48	2	1	1	1	1	3
48	3	5	4	4	4	5
48	4	5	2	7	2	7
48	5	4	1	2	3	2
48	6	3	3	3	4	6
48	7	3	2	4	3	4
48	8	4	2	7	4	6
48	9	3	2	5	3	6
48	10	1	0	4	3	4
48	11	4	3	2	4	5
48	12	2	2	4	2	4
48	13	2	3	2	3	3
48	14	2	2	3	3	4
48	15	3	3	6	4	5
48	16	6	3	2	4	3
48	17	7	4	8	3	7
48	18	2	0	0	1	1
48	19	2	3	2	3	2
48	20	4	3	5	4	5
48	21	5	5	9	5	5
48	22	1	3	4	4	4
48	23	3	2	3	4	4
48	24	2	2	3	2	2
48	25	3	3	6	3	3
48	26	4	4	7	4	7
48	27	3	3	3	4	4
48	28	5	2	5	3	4
48	29	4	4	5	4	6
48	30	5	2	5	4	4
49	1	6	3	8	5	8
49	2	5	4	8	7	6
49	3	6	4	5	6	6
49	4	8	4	7	6	9
49	5	4	4	6	4	7
49	6	8	4	9	8	9
49	7	3	3	7	5	7
49	8	4	5	8	6	6
49	9	4	1	5	2	5
49	10	4	4	5	6	4
49	11	5	3	8	6	4
49	12	5	3	6	4	4
49	13	3	3	5	3	4
49	14	5	4	8	4	8
49	15	6	4	8	5	8
49	16	1	2	1	4	5
49	17	5	5	5	6	6
49	18	3	4	3	3	5
49	19	2	2	4	5	5
49	20	6	4	9	6	8
49	21	3	4	4	4	5
49	22	7	4	8	6	8
49	23	4	4	3	4	5
49	24	4	4	10	5	7
49	25	4	5	5	4	4
49	26	3	2	2	3	2
49	27	6	5	9	7	9
49	28	5	4	8	5	7
49	29	4	3	7	4	5
49	30	4	4	7	3	5
50	1	6	4	7	6	5
50	2	4	2	5	3	3
50	3	0	2	3	1	4
50	4	2	2	1	2	4
50	5	2	2	4	4	2
50	6	3	4	8	3	5
50	7	5	2	6	4	6
50	8	3	3	3	2	5
50	9	4	4	6	3	5
50	10	4	2	3	3	3
50	11	3	2	4	2	4
50	12	6	4	9	5	7
50	13	0	1	1	2	3
50	14	3	2	6	5	6
50	15	3	3	5	3	5
50	16	3	3	6	5	6
50	17	2	2	3	3	3
50	18	4	3	3	3	3
50	19	6	5	9	7	7
50	20	4	5	7	4	5
50	21	0	0	0	1	3
50	22	2	4	3	3	4
50	23	1	3	4	0	4
50	24	2	1	2	2	3
50	25	4	2	4	2	5
50	26	2	3	5	4	6
50	27	1	3	5	3	3
50	28	7	3	9	6	9
50	29	1	1	0	1	2
50	30	5	2	5	7	8
51	1	4	4	5	4	5
51	2	5	4	6	5	6
51	3	2	4	4	4	6
51	4	4	3	5	5	3
51	5	0	2	3	3	2
51	6	3	3	3	5	5
51	7	8	4	10	5	9
51	8	6	5	6	6	8
51	9	7	5	9	5	7
51	10	6	4	4	6	6
51	11	5	4	10	5	7
51	12	4	4	7	6	6
51	13	3	4	6	5	6
51	14	4	3	4	2	2
51	15	3	2	3	3	4
51	16	2	1	2	2	4
51	17	5	2	6	5	4
51	18	4	5	6	5	4
51	19	6	3	8	5	7
51	20	3	4	5	4	3
51	21	4	3	5	3	4
51	22	9	6	11	7	12
51	23	4	4	4	6	5
51	24	7	5	8	5	6
51	25	4	4	5	4	5
51	26	3	3	6	4	5
51	27	5	3	8	4	6
51	28	9	4	8	5	8
51	29	3	4	6	3	5
51	30	5	4	7	4	8
52	1	2	2	0	3	3
52	2	2	2	3	3	5
52	3	4	2	3	1	2
52	4	4	3	7	6	5
52	5	3	3	5	3	4
52	6	3	3	4	3	3
52	7	6	4	6	5	8
52	8	8	4	7	5	6
52	9	3	1	2	1	3
52	10	5	5	3	4	7
52	11	0	2	1	4	3
52	12	3	2	2	1	3
52	13	3	4	6	6	8
52	14	5	3	6	6	5
52	15	6	4	8	7	8
52	16	2	1	3	3	6
52	17	1	1	1	1	0
52	18	2	2	1	2	2
52	19	5	3	6	5	6
52	20	3	3	5	3	4
52	21	0	1	2	1	2
52	22	3	3	5	5	4
52	23	5	3	8	6	6
52	24	5	3	4	5	6
52	25	3	2	3	3	4
52	26	1	1	1	3	2
52	27	3	3	3	3	3
52	28	5	3	6	4	5
52	29	3	3	6	4	7
52	30	1	2	2	1	1
53	1	4	4	7	4	8
53	2	3	3	5	4	4
53	3	5	3	4	5	5
53	4	2	3	2	3	2
53	5	3	2	4	3	4
53	6	2	3	3	5	3
53	7	6	4	6	5	6
53	8	6	5	4	5	8
53	9	3	3	6	5	4
53	10	6	4	7	5	7
53	11	2	2	2	3	4
53	12	6	2	6	5	6
53	13	4	1	3	3	4
53	14	4	2	4	3	3
53	15	5	4	5	4	5
53	16	5	3	8	5	6
53	17	5	4	6	4	7
53	18	2	3	4	3	6
53	19	1	4	3	1	5
53	20	5	2	8	3	6
53	21	4	4	5	5	6
53	22	4	4	7	6	6
53	23	2	3	5	4	4
53	24	6	5	8	5	5
53	25	2	2	3	4	3
53	26	5	3	6	3	5
53	27	2	3	2	2	5
53	28	0	1	-2	1	2
53	29	1	3	3	4	4
53	30	3	2	5	4	4
54	1	6	5	8	7	7
54	2	3	3	3	5	3
54	3	5	4	5	3	5
54	4	8	6	8	7	9
54	5	7	5	8	3	6
54	6	5	6	8	5	10
54	7	4	3	6	4	3
54	8	6	5	7	6	6
54	9	6	5	5	5	7
54	10	6	4	9	5	7
54	11	7	3	9	5	6
54	12	6	6	4	6	5
54	13	0	1	0	3	3
54	14	8	5	11	7	10
54	15	7	7	11	8	10
54	16	3	3	2	3	4
54	17	5	5	10	4	7
54	18	8	4	8	8	7
54	19	6	5	9	5	9
54	20	8	7	9	8	8
54	21	3	4	5	5	6
54	22	9	7	11	9	11
54	23	4	4	5	4	6
54	24	6	4	10	6	10
54	25	5	4	9	5	8
54	26	4	4	5	4	7
54	27	5	4	6	6	6
54	28	4	3	7	4	4
54	29	7	6	12	5	9
54	30	4	5	6	4	7
55	1	3	2	7	5	5
55	2	3	3	3	4	2
55	3	2	3	3	4	3
55	4	1	1	2	2	3
55	5	2	3	5	5	4
55	6	1	0	-1	1	1
55	7	3	1	0	1	4
55	8	1	2	3	2	0
55	9	2	2	0	2	1
55	10	5	2	5	2	6
55	11	5	3	6	5	7
55	12	1	3	1	3	1
55	13	4	2	5	4	4
55	14	4	2	8	4	6
55	15	2	2	2	2	3
55	16	3	3	4	4	2
55	17	3	3	7	5	5
55	18	3	2	3	2	4
55	19	3	2	5	4	3
55	20	6	2	6	4	5
55	21	0	2	3	3	5
55	22	3	3	4	3	3
55	23	2	3	4	4	4
55	24	6	5	8	4	8
55	25	3	4	5	5	6
55	26	2	2	5	1	1
55	27	3	1	3	1	1
55	28	3	1	3	4	3
55	29	4	4	4	5	7
55	30	5	1	6	4	8
56	1	4	5	6	6	7
56	2	7	5	7	8	9
56	3	5	6	7	4	5
56	4	4	4	5	4	4
56	5	6	3	8	5	7
56	6	7	6	11	7	9
56	7	7	6	7	7	7
56	8	7	4	8	6	8
56	9	5	4	5	3	6
56	10	7	5	9	6	6
56	11	3	4	6	5	5
56	12	4	3	2	3	3
56	13	6	5	7	5	7
56	14	6	6	8	7	8
56	15	9	7	13	7	10
56	16	3	5	6	4	6
56	17	5	4	7	6	6
56	18	8	5	11	7	8
56	19	8	5	9	7	9
56	20	7	5	6	6	7
56	21	5	5	5	6	9
56	22	5	5	9	5	5
56	23	10	6	10	7	10
56	24	5	5	9	6	9
56	25	3	3	6	5	4
56	26	8	5	9	6	9
56	27	5	4	7	7	9
56	28	4	5	7	5	7
56	29	6	4	11	5	7
56	30	7	4	6	6	9
57	1	1	1	3	3	3
57	2	0	1	2	0	2
57	3	1	1	1	1	1
57	4	1	0	1	0	1
57	5	1	1	4	1	2
57	6	2	3	4	2	3
57	7	1	2	2	3	4
57	8	2	2	4	3	5
57	9	0	0	1	1	0
57	10	2	1	2	2	1
57	11	2	1	4	4	1
57	12	0	1	0	1	0
57	13	3	3	4	4	6
57	14	1	1	2	1	1
57	15	-1	2	1	1	3
57	16	3	2	3	2	2
57	17	2	1	2	3	1
57	18	1	1	2	1	2
57	19	2	1	3	3	1
57	20	0	0	0	0	0
57	21	0	1	0	0	1
57	22	0	1	0	1	2
57	23	0	1	3	2	2
57	24	3	2	6	5	5
57	25	4	3	6	3	5
57	26	1	2	4	1	3
57	27	1	1	5	3	2
57	28	2	1	5	0	1
57	29	0	2	2	1	3
57	30	-1	0	-2	1	0
58	1	4	4	7	4	7
58	2	5	3	4	5	3
58	3	5	5	7	3	7
58	4	4	3	4	2	4
58	5	3	5	5	5	6
58	6	4	2	4	5	5
58	7	4	3	7	6	5
58	8	7	5	7	6	6
58	9	6	4	7	5	6
58	10	4	5	5	5	8
58	11	2	3	4	2	6
58	12	7	4	8	7	7
58	13	5	3	7	4	6
58	14	3	3	6	3	5
58	15	5	4	8	4	8
58	16	5	4	8	6	7
58	17	2	4	2	2	5
58	18	8	4	8	6	9
58	19	2	3	8	2	5
58	20	6	4	8	6	8
58	21	5	3	5	5	5
58	22	4	3	6	5	5
58	23	2	2	1	2	3
58	24	2	2	3	2	4
58	25	4	3	5	6	7
58	26	6	4	4	4	6
58	27	2	2	3	4	5
58	28	5	5	8	5	9
58	29	6	4	9	6	8
58	30	2	3	5	3	3
59	1	4	4	6	4	4
59	2	3	2	4	2	2
59	3	3	4	4	3	5
59	4	5	4	7	4	6
59	5	5	5	5	5	5
59	6	2	2	5	3	5
59	7	4	1	5	3	3
59	8	2	3	2	3	2
59	9	4	3	6	5	5
59	10	1	3	3	2	3
59	11	0	0	1	1	0
59	12	5	6	10	7	9
59	13	7	6	8	4	9
59	14	4	3	4	4	5
59	15	4	4	7	6	6
59	16	1	3	5	3	4
59	17	5	5	7	5	5
59	18	4	3	6	5	5
59	19	5	3	6	5	4
59	20	1	1	0	1	2
59	21	7	4	7	6	6
59	22	4	2	4	3	4
59	23	0	3	2	2	1
59	24	4	3	6	4	4
59	25	3	3	4	4	3
59	26	5	5	7	5	8
59	27	2	1	1	2	2
59	28	3	3	3	4	3
59	29	5	4	7	6	7
59	30	8	4	7	7	7
60	1	7	3	6	5	7
60	2	5	5	9	8	9
60	3	4	4	5	4	3
60	4	4	3	3	5	4
60	5	6	3	5	4	5
60	6	4	4	8	5	7
60	7	9	5	8	7	9
60	8	0	2	2	1	0
60	9	4	3	5	4	4
60	10	5	5	7	6	6
60	11	2	2	3	3	7
60	12	1	2	2	4	2
60	13	3	5	7	5	6
60	14	1	2	6	3	5
60	15	5	2	7	3	9
60	16	5	3	6	5	9
60	17	7	4	10	5	9
60	18	2	3	1	4	3
60	19	5	4	8	5	6
60	20	2	3	4	3	4
60	21	3	2	4	3	4
60	22	7	4	8	6	8
60	23	6	4	7	4	7
60	24	4	3	4	2	4
60	25	5	4	5	6	6
60	26	4	1	5	4	3
60	27	1	3	5	5	8
60	28	5	3	4	4	6
60	29	3	2	6	4	3
60	30	4	2	7	6	5
61	1	7	5	9	7	9
61	2	2	2	2	4	4
61	3	4	2	6	3	5
61	4	7	4	12	6	6
61	5	4	3	3	4	4
61	6	0	2	0	2	2
61	7	5	3	8	4	8
61	8	2	3	4	2	4
61	9	2	3	4	4	2
61	10	5	3	8	6	7
61	11	6	6	9	7	9
61	12	2	4	4	4	3
61	13	7	4	8	5	6
61	14	5	3	4	5	4
61	15	5	1	3	4	8
61	16	7	3	8	5	9
61	17	6	4	3	6	5
61	18	4	1	3	3	2
61	19	2	3	4	4	4
61	20	6	3	10	4	6
61	21	1	2	-1	0	1
61	22	5	4	9	6	8
61	23	2	2	2	3	2
61	24	4	3	3	6	6
61	25	3	4	3	4	5
61	26	7	4	8	6	6
61	27	4	4	5	4	6
61	28	4	3	6	6	5
61	29	5	4	6	4	5
61	30	2	1	4	4	3
62	1	3	3	2	4	4
62	2	4	3	7	5	3
62	3	3	3	7	5	4
62	4	1	0	2	1	2
62	5	2	2	3	4	4
62	6	1	1	1	1	1
62	7	3	2	3	3	4
62	8	5	3	7	5	6
62	9	2	1	-2	1	1
62	10	0	2	0	2	0
62	11	4	5	5	5	7
62	12	2	0	0	3	2
62	13	3	2	7	4	5
62	14	4	3	3	2	3
62	15	2	3	6	4	5
62	16	4	2	5	5	3
62	17	2	2	4	1	0
62	18	0	1	0	3	2
62	19	2	2	2	1	5
62	20	6	5	10	6	9
62	21	4	3	4	4	5
62	22	1	3	4	4	5
62	23	2	2	5	2	6
62	24	1	2	3	1	4
62	25	6	4	10	6	6
62	26	2	2	3	1	3
62	27	4	2	3	2	4
62	28	3	3	4	3	6
62	29	2	2	4	2	5
62	30	7	4	9	5	9
63	1	0	1	3	1	2
63	2	8	4	7	6	5
63	3	4	2	1	4	2
63	4	6	4	7	4	5
63	5	-1	2	1	2	1
63	6	4	4	8	4	5
63	7	3	2	6	3	4
63	8	2	1	4	0	2
63	9	3	2	2	2	2
63	10	3	3	4	3	4
63	11	4	3	6	6	9
63	12	0	2	5	2	1
63	13	4	3	5	2	3
63	14	7	4	6	6	9
63	15	0	3	2	1	2
63	16	3	3	5	5	5
63	17	5	3	2	2	5
63	18	3	1	1	1	0
63	19	2	2	2	1	6
63	20	4	2	5	4	5
63	21	3	2	6	3	5
63	22	5	4	5	5	6
63	23	2	1	3	3	4
63	24	3	2	1	2	1
63	25	4	2	6	4	7
63	26	0	2	2	4	6
63	27	4	1	6	5	3
63	28	4	4	11	5	7
63	29	3	1	4	2	3
63	30	4	4	7	4	6
64	1	0	1	3	3	1
64	2	4	3	6	2	6
64	3	2	4	4	3	6
64	4	0	0	0	0	3
64	5	0	1	0	0	2
64	6	1	1	2	3	2
64	7	4	1	2	4	4
64	8	2	1	2	2	3
64	9	4	2	5	3	3
64	10	2	2	0	2	1
64	11	1	2	2	1	3
64	12	4	3	3	3	3
64	13	0	0	2	1	1
64	14	5	3	4	4	4
64	15	3	2	4	3	5
64	16	2	1	2	2	0
64	17	0	0	0	2	1
64	18	1	1	1	1	3
64	19	5	4	5	5	8
64	20	1	1	0	1	3
64	21	0	1	1	2	0
64	22	4	3	3	3	4
64	23	3	2	4	3	2
64	24	3	4	4	5	4
64	25	1	1	3	1	3
64	26	4	2	6	3	5
64	27	0	0	1	0	3
64	28	1	3	4	4	3
64	29	3	2	3	2	2
64	30	2	3	5	4	4
65	1	1	1	4	3	3
65	2	3	4	7	3	4
65	3	4	3	7	4	4
65	4	1	3	3	3	2
65	5	1	1	3	3	3
65	6	0	2	2	0	4
65	7	3	2	3	3	2
65	8	2	1	2	2	2
65	9	6	3	7	4	6
65	10	0	1	0	1	2
65	11	0	0	0	2	0
65	12	2	1	2	3	2
65	13	3	1	3	4	4
65	14	3	2	4	4	5
65	15	0	1	4	2	3
65	16	2	2	4	3	3
65	17	2	1	2	3	4
65	18	3	3	8	3	4
65	19	4	2	4	3	4
65	20	3	1	3	2	1
65	21	3	3	5	1	2
65	22	3	2	6	4	2
65	23	0	0	1	1	2
65	24	2	1	1	2	2
65	25	2	2	2	4	4
65	26	2	1	4	2	3
65	27	2	3	3	1	2
65	28	0	2	3	2	3
65	29	3	0	2	2	3
65	30	0	0	0	1	1
66	1	1	2	5	4	5
66	2	3	2	6	4	5
66	3	5	3	7	4	6
66	4	6	5	10	6	7
66	5	4	4	5	5	6
66	6	3	4	6	6	6
66	7	4	4	5	3	4
66	8	6	4	6	5	6
66	9	3	4	5	3	9
66	10	5	3	4	5	3
66	11	5	4	7	6	8
66	12	2	2	2	3	5
66	13	7	4	6	5	6
66	14	5	3	5	4	5
66	15	6	4	4	5	4
66	16	3	3	7	1	3
66	17	5	4	5	5	5
66	18	4	2	7	5	6
66	19	1	1	1	2	2
66	20	3	2	2	3	4
66	21	5	3	6	7	6
66	22	4	2	6	3	5
66	23	3	3	5	2	2
66	24	4	3	3	2	6
66	25	3	4	3	4	5
66	26	1	2	2	2	2
66	27	6	4	6	4	9
66	28	2	3	2	2	1
66	29	4	3	4	3	5
66	30	4	3	2	3	4
67	1	3	3	4	3	3
67	2	3	4	3	3	3
67	3	4	4	6	4	6
67	4	4	3	5	4	7
67	5	4	4	4	5	6
67	6	0	1	2	1	1
67	7	2	2	4	4	2
67	8	4	4	4	4	6
67	9	1	2	3	4	4
67	10	3	2	5	4	4
67	11	6	4	7	6	7
67	12	4	3	4	4	6
67	13	4	3	2	4	4
67	14	3	3	6	3	6
67	15	4	5	4	5	3
67	16	4	4	4	5	3
67	17	4	1	6	4	4
67	18	4	4	7	5	5
67	19	5	4	7	8	9
67	20	5	4	6	4	5
67	21	4	3	5	5	4
67	22	5	3	5	5	5
67	23	6	4	7	4	5
67	24	5	4	6	4	7
67	25	5	3	6	3	6
67	26	2	2	5	4	4
67	27	5	2	6	5	4
67	28	4	3	6	5	5
67	29	4	3	7	6	6
67	30	4	5	6	5	7
68	1	4	4	6	4	5
68	2	3	2	4	3	3
68	3	1	3	0	2	3
68	4	3	4	6	4	5
68	5	6	4	8	4	8
68	6	2	2	4	3	5
68	7	4	1	4	2	2
68	8	3	3	6	5	2
68	9	1	2	3	3	4
68	10	4	4	7	5	7
68	11	4	2	5	4	5
68	12	3	3	3	2	4
68	13	5	4	7	5	7
68	14	5	4	8	3	5
68	15	4	2	6	4	7
68	16	6	3	6	6	8
68	17	2	2	3	4	3
68	18	2	3	2	3	6
68	19	4	4	5	4	5
68	20	5	5	4	4	5
68	21	2	2	6	4	5
68	22	1	2	5	5	5
68	23	2	3	3	2	4
68	24	4	5	6	7	7
68	25	0	0	1	2	1
68	26	4	2	5	3	5
68	27	5	4	5	2	4
68	28	1	3	5	3	3
68	29	4	2	3	5	5
68	30	1	2	1	2	2
69	1	6	5	8	7	6
69	2	2	2	4	2	3
69	3	3	2	1	2	4
69	4	3	4	6	5	5
69	5	6	4	6	5	6
69	6	2	4	6	3	8
69	7	4	5	5	5	6
69	8	6	4	6	4	5
69	9	3	2	3	4	5
69	10	4	4	8	3	7
69	11	5	3	7	5	8
69	12	7	5	8	5	9
69	13	7	4	7	6	8
69	14	6	5	8	7	10
69	15	5	4	5	4	8
69	16	4	7	7	5	4
69	17	3	2	1	4	2
69	18	5	2	3	2	3
69	19	5	3	7	4	5
69	20	6	4	8	5	7
69	21	6	6	6	5	5
69	22	5	4	9	5	7
69	23	3	3	5	2	4
69	24	5	3	4	4	8
69	25	5	5	7	4	7
69	26	4	4	7	4	5
69	27	5	4	6	4	6
69	28	3	4	8	3	5
69	29	7	3	7	5	6
69	30	4	3	6	4	6
70	1	7	5	9	5	8
70	2	4	5	6	4	4
70	3	7	5	6	5	8
70	4	5	4	7	5	8
70	5	3	4	7	4	4
70	6	6	6	9	6	8
70	7	6	6	8	6	7
70	8	7	5	6	6	9
70	9	8	7	10	8	9
70	10	7	5	10	8	9
70	11	8	6	11	9	9
70	12	7	5	8	5	7
70	13	6	5	9	6	6
70	14	7	5	11	8	9
70	15	6	5	8	6	10
70	16	4	4	4	4	6
70	17	6	4	6	6	6
70	18	7	5	12	9	12
70	19	3	5	7	7	8
70	20	7	6	10	6	8
70	21	7	5	6	7	7
70	22	6	5	6	7	6
70	23	7	5	5	7	8
70	24	8	6	10	7	8
70	25	6	4	10	4	11
70	26	9	7	9	6	10
70	27	6	5	9	7	7
70	28	6	4	8	5	6
70	29	8	6	10	8	7
70	30	7	6	8	7	9
71	1	7	4	8	5	5
71	2	2	1	5	2	3
71	3	3	2	3	2	2
71	4	2	2	8	4	5
71	5	4	4	8	3	8
71	6	2	2	4	3	3
71	7	3	3	4	4	4
71	8	0	1	4	3	1
71	9	1	2	2	4	1
71	10	5	3	7	4	6
71	11	2	1	3	4	6
71	12	4	2	5	4	4
71	13	1	2	3	1	3
71	14	5	3	8	4	6
71	15	4	3	5	3	7
71	16	2	2	6	2	1
71	17	4	4	6	4	6
71	18	0	1	0	2	1
71	19	3	2	1	3	5
71	20	5	2	7	5	7
71	21	3	2	4	4	4
71	22	5	3	6	4	4
71	23	3	3	3	2	3
71	24	0	0	0	0	-1
71	25	0	2	2	1	2
71	26	3	2	5	2	3
71	27	3	4	6	5	6
71	28	4	2	5	2	3
71	29	3	5	4	4	4
71	30	2	1	4	2	2
72	1	0	0	0	1	-1
72	2	-1	1	0	2	1
72	3	3	3	2	3	4
72	4	0	2	4	3	3
72	5	2	1	2	1	3
72	6	1	2	2	0	3
72	7	0	1	0	1	2
72	8	2	2	2	1	1
72	9	1	0	1	1	2
72	10	0	0	0	0	1
72	11	-1	0	0	0	0
72	12	0	0	0	1	0
72	13	0	1	1	1	0
72	14	1	0	0	0	2
72	15	-1	1	0	-1	0
72	16	-2	0	-3	-1	-2
72	17	3	1	3	3	1
72	18	0	0	0	1	1
72	19	1	0	2	1	4
72	20	-1	0	-1	0	0
72	21	-1	0	0	0	0
72	22	0	0	0	1	0
72	23	-2	0	-1	0	0
72	24	-3	-2	-1	-2	0
72	25	1	1	1	2	4
72	26	3	1	2	2	1
72	27	0	0	1	0	-1
72	28	1	1	2	0	0
72	29	-1	0	0	0	0
72	30	1	1	-1	2	2
73	1	5	4	7	5	6
73	2	4	3	5	5	5
73	3	4	3	6	4	4
73	4	4	4	4	4	5
73	5	6	3	6	5	8
73	6	7	5	7	6	7
73	7	6	4	7	6	6
73	8	4	4	4	5	6
73	9	2	3	4	4	3
73	10	4	3	7	5	7
73	11	4	4	6	2	5
73	12	5	4	5	5	6
73	13	7	5	9	7	10
73	14	4	3	5	5	4
73	15	6	5	10	7	9
73	16	4	3	5	4	4
73	17	6	4	5	4	6
73	18	3	4	6	4	5
73	19	6	3	6	4	5
73	20	5	5	8	4	6
73	21	3	5	7	4	4
73	22	3	5	5	5	6
73	23	1	2	2	3	2
73	24	7	3	6	4	8
73	25	5	5	7	6	8
73	26	4	5	7	4	7
73	27	6	5	8	5	9
73	28	4	4	7	7	7
73	29	7	5	7	5	7
73	30	7	6	8	6	5
74	1	0	1	1	1	2
74	2	3	2	2	4	5
74	3	4	3	8	4	5
74	4	3	1	3	2	2
74	5	1	2	6	3	5
74	6	2	2	3	4	5
74	7	4	3	4	3	4
74	8	4	2	3	2	2
74	9	1	3	3	2	2
74	10	1	2	4	3	5
74	11	3	2	5	3	4
74	12	2	2	2	4	4
74	13	3	2	5	3	4
74	14	3	3	4	2	6
74	15	1	3	2	3	1
74	16	6	4	3	5	6
74	17	5	5	8	4	7
74	18	5	4	6	5	7
74	19	3	3	2	2	3
74	20	0	0	1	3	0
74	21	4	2	3	2	3
74	22	3	4	7	1	5
74	23	3	2	4	4	4
74	24	2	2	1	2	3
74	25	0	2	1	2	3
74	26	3	2	5	2	3
74	27	4	3	5	3	4
74	28	4	3	6	4	7
74	29	4	2	4	3	7
74	30	0	2	1	2	2
75	1	0	0	1	1	1
75	2	0	1	0	0	0
75	3	4	2	4	3	5
75	4	3	3	6	3	6
75	5	2	3	5	4	7
75	6	0	2	4	1	2
75	7	5	4	7	6	7
75	8	2	2	3	5	2
75	9	7	3	5	6	7
75	10	4	2	6	5	4
75	11	4	4	5	3	7
75	12	2	2	6	3	4
75	13	2	1	6	1	2
75	14	0	1	1	2	2
75	15	1	2	1	1	2
75	16	3	2	4	3	4
75	17	0	4	4	3	4
75	18	1	1	5	4	4
75	19	3	1	4	4	5
75	20	3	2	4	4	5
75	21	2	3	2	2	2
75	22	1	3	4	2	3
75	23	2	0	0	1	1
75	24	3	2	6	6	7
75	25	3	2	5	2	5
75	26	2	1	1	3	2
75	27	2	2	0	2	1
75	28	2	2	2	1	5
75	29	2	0	4	4	2
75	30	1	1	1	1	0
76	1	5	3	3	4	4
76	2	6	5	8	6	7
76	3	5	4	3	5	6
76	4	3	3	6	4	5
76	5	7	4	10	6	6
76	6	6	5	8	6	8
76	7	7	4	6	6	7
76	8	5	4	8	4	6
76	9	4	4	6	4	7
76	10	6	4	7	5	6
76	11	4	3	8	6	8
76	12	6	5	8	6	7
76	13	8	6	10	8	8
76	14	3	5	6	4	6
76	15	3	2	6	3	4
76	16	5	3	7	6	5
76	17	7	7	13	8	10
76	18	4	3	7	6	7
76	19	8	6	8	4	8
76	20	3	3	7	4	4
76	21	3	4	7	4	6
76	22	4	4	6	5	4
76	23	5	5	5	3	4
76	24	7	6	9	7	9
76	25	6	4	6	5	4
76	26	5	3	8	4	4
76	27	8	5	8	5	6
76	28	7	6	10	8	11
76	29	5	3	9	6	6
76	30	1	4	4	3	4
77	1	1	2	3	2	3
77	2	0	1	1	0	1
77	3	0	1	-2	1	0
77	4	5	4	10	5	4
77	5	2	3	2	5	4
77	6	2	3	5	4	4
77	7	5	5	6	6	7
77	8	2	2	4	3	3
77	9	2	3	5	3	4
77	10	3	3	4	3	6
77	11	3	3	4	5	3
77	12	3	3	1	2	2
77	13	5	3	7	5	5
77	14	5	3	4	4	3
77	15	4	2	3	2	5
77	16	1	2	3	2	1
77	17	5	4	5	6	6
77	18	5	3	6	7	5
77	19	6	4	4	6	9
77	20	3	3	5	4	7
77	21	2	3	2	2	4
77	22	3	2	4	2	4
77	23	4	3	3	2	5
77	24	2	1	4	4	3
77	25	4	5	8	4	4
77	26	4	3	1	2	4
77	27	0	0	0	3	-1
77	28	0	1	1	1	0
77	29	3	1	5	4	4
77	30	4	3	3	4	4
78	1	-2	0	-1	0	0
78	2	0	0	0	1	1
78	3	2	1	3	4	2
78	4	2	2	5	4	5
78	5	0	1	0	1	1
78	6	0	1	0	1	2
78	7	0	1	0	0	2
78	8	2	3	3	2	5
78	9	4	2	3	2	3
78	10	1	0	1	1	3
78	11	-1	1	2	0	0
78	12	1	0	3	3	2
78	13	2	3	1	2	1
78	14	1	2	2	2	1
78	15	5	2	5	5	5
78	16	2	0	2	2	3
78	17	0	3	1	2	2
78	18	1	0	2	1	3
78	19	0	2	-1	0	0
78	20	3	3	3	1	3
78	21	3	1	3	2	1
78	22	6	3	8	5	6
78	23	3	3	2	2	3
78	24	1	2	3	1	1
78	25	2	2	2	1	2
78	26	4	2	7	4	6
78	27	2	3	4	3	4
78	28	2	1	3	3	2
78	29	0	0	3	2	1
78	30	2	1	3	2	2
79	1	5	3	3	3	4
79	2	5	4	7	6	5
79	3	4	3	6	4	5
79	4	5	2	3	3	3
79	5	4	3	5	6	7
79	6	6	4	8	6	7
79	7	5	3	5	4	3
79	8	2	3	4	4	4
79	9	5	3	6	5	8
79	10	4	2	3	2	5
79	11	4	4	7	5	8
79	12	7	4	7	6	7
79	13	3	3	5	3	3
79	14	4	3	3	5	4
79	15	4	2	5	3	6
79	16	2	3	8	5	5
79	17	5	5	9	5	7
79	18	5	4	4	2	4
79	19	4	2	7	5	5
79	20	1	2	1	0	2
79	21	3	2	5	4	7
79	22	2	2	5	4	4
79	23	1	3	3	3	2
79	24	4	3	6	4	6
79	25	2	3	7	6	5
79	26	4	3	3	3	7
79	27	4	4	5	5	5
79	28	4	3	6	6	8
79	29	5	4	8	5	6
79	30	3	2	4	4	4
80	1	3	1	1	1	1
80	2	5	2	4	2	7
80	3	7	4	6	4	5
80	4	5	2	3	4	4
80	5	3	1	3	2	1
80	6	5	1	4	5	6
80	7	3	3	3	3	5
80	8	3	3	5	2	3
80	9	2	3	7	4	5
80	10	4	4	9	6	8
80	11	4	4	6	4	6
80	12	2	3	5	3	5
80	13	5	2	4	2	4
80	14	2	1	2	2	3
80	15	3	3	2	1	4
80	16	6	5	9	5	9
80	17	6	4	5	5	8
80	18	4	3	3	3	4
80	19	1	2	1	4	3
80	20	0	1	3	2	3
80	21	5	6	6	5	9
80	22	3	3	5	3	3
80	23	2	2	5	4	4
80	24	6	5	8	3	6
80	25	2	3	5	2	2
80	26	5	3	4	2	7
80	27	6	4	8	5	4
80	28	3	2	2	4	4
80	29	4	4	7	5	7
80	30	3	3	7	4	7
81	1	1	3	3	3	3
81	2	3	3	6	5	5
81	3	1	2	6	3	4
81	4	4	2	4	4	5
81	5	3	4	5	5	5
81	6	3	3	5	4	4
81	7	6	3	4	3	5
81	8	5	3	6	6	5
81	9	2	2	4	3	3
81	10	7	4	7	5	6
81	11	6	5	10	8	8
81	12	4	3	7	5	7
81	13	3	5	5	5	5
81	14	3	2	5	2	5
81	15	4	3	7	5	6
81	16	3	3	2	4	3
81	17	4	3	6	4	6
81	18	4	1	2	3	3
81	19	5	3	6	4	7
81	20	6	4	8	5	6
81	21	5	5	8	6	6
81	22	7	6	11	6	7
81	23	2	4	4	3	4
81	24	5	4	8	4	5
81	25	2	2	0	1	1
81	26	2	2	2	2	5
81	27	4	4	7	4	7
81	28	2	2	1	3	3
81	29	3	2	5	3	6
81	30	2	3	2	4	3
82	1	4	3	5	4	5
82	2	3	4	5	5	5
82	3	3	2	5	4	6
82	4	0	0	1	2	1
82	5	5	3	6	4	7
82	6	4	3	5	5	7
82	7	6	3	6	3	6
82	8	3	3	3	3	5
82	9	7	4	8	6	6
82	10	6	4	11	6	7
82	11	0	1	1	1	1
82	12	7	3	8	5	8
82	13	2	2	4	0	4
82	14	3	4	5	4	3
82	15	3	2	5	2	5
82	16	4	4	3	3	5
82	17	6	4	6	7	8
82	18	4	3	7	4	5
82	19	5	4	6	5	5
82	20	2	2	1	1	1
82	21	5	4	6	6	8
82	22	5	4	5	5	8
82	23	4	4	6	5	6
82	24	3	4	5	4	6
82	25	6	4	8	5	5
82	26	3	2	3	2	4
82	27	5	4	10	6	8
82	28	2	3	5	4	6
82	29	6	4	7	6	8
82	30	3	4	4	5	4
83	1	4	1	4	2	4
83	2	4	3	8	5	4
83	3	3	3	4	4	6
83	4	2	3	5	5	3
83	5	5	2	5	4	3
83	6	5	4	6	3	6
83	7	2	3	2	3	3
83	8	5	3	5	5	6
83	9	2	2	5	2	2
83	10	2	3	5	5	3
83	11	2	4	4	4	5
83	12	3	3	6	5	5
83	13	3	1	4	4	3
83	14	4	3	3	3	5
83	15	2	2	3	2	2
83	16	4	2	5	3	5
83	17	3	2	3	3	2
83	18	4	5	9	4	8
83	19	5	5	7	3	6
83	20	2	3	4	5	4
83	21	5	3	6	5	7
83	22	4	3	3	5	5
83	23	3	3	3	4	4
83	24	4	4	4	4	5
83	25	1	2	5	3	5
83	26	2	3	1	4	4
83	27	2	3	2	2	2
83	28	1	0	2	2	2
83	29	4	3	2	3	3
83	30	3	4	6	5	5
84	1	5	4	6	4	5
84	2	2	3	2	2	3
84	3	6	5	7	7	8
84	4	8	4	8	4	7
84	5	8	4	11	7	6
84	6	7	3	11	5	8
84	7	4	4	5	2	4
84	8	4	3	3	3	5
84	9	3	3	2	4	3
84	10	7	4	7	6	10
84	11	5	4	10	6	9
84	12	2	4	4	3	5
84	13	2	3	3	3	5
84	14	6	4	6	5	8
84	15	0	2	4	3	3
84	16	7	4	10	7	8
84	17	4	4	8	6	6
84	18	2	3	1	3	2
84	19	3	5	8	5	7
84	20	6	3	4	5	4
84	21	1	1	2	2	4
84	22	4	3	7	4	6
84	23	5	2	4	4	4
84	24	2	3	5	3	3
84	25	3	5	6	4	7
84	26	5	2	8	6	5
84	27	6	5	12	7	9
84	28	1	3	1	2	1
84	29	5	4	6	5	8
84	30	2	3	4	3	4
85	1	5	4	6	5	6
85	2	4	3	6	3	4
85	3	4	4	6	5	6
85	4	2	0	1	3	3
85	5	5	3	6	4	4
85	6	5	3	5	3	5
85	7	4	4	9	4	5
85	8	3	3	4	4	3
85	9	4	4	6	5	5
85	10	2	3	2	1	3
85	11	2	1	5	3	5
85	12	4	3	3	4	3
85	13	0	2	3	3	4
85	14	3	1	3	2	5
85	15	4	2	8	3	4
85	16	4	4	8	5	4
85	17	6	4	6	6	7
85	18	3	2	5	4	4
85	19	4	4	3	5	8
85	20	4	2	4	4	4
85	21	2	3	0	1	2
85	22	5	3	5	4	3
85	23	2	3	4	1	3
85	24	3	2	3	2	2
85	25	2	3	5	2	7
85	26	3	2	3	1	4
85	27	3	3	3	4	4
85	28	2	3	2	1	4
85	29	3	3	4	3	4
85	30	3	4	6	5	6
86	1	4	3	5	5	5
86	2	4	2	3	4	5
86	3	6	6	9	5	6
86	4	7	4	9	6	6
86	5	4	5	7	3	6
86	6	3	4	7	4	6
86	7	6	3	6	5	6
86	8	4	3	7	4	7
86	9	6	3	5	6	7
86	10	3	3	4	4	6
86	11	5	3	5	5	7
86	12	3	2	4	3	4
86	13	8	5	5	5	7
86	14	5	3	6	3	5
86	15	2	2	1	3	3
86	16	3	3	3	3	4
86	17	6	4	5	4	4
86	18	6	3	6	5	8
86	19	3	4	3	2	6
86	20	2	2	2	2	3
86	21	5	3	6	3	6
86	22	2	2	1	4	6
86	23	5	3	5	3	6
86	24	3	3	3	3	4
86	25	2	2	3	4	3
86	26	7	4	7	5	7
86	27	3	3	1	4	3
86	28	3	2	5	4	5
86	29	1	3	5	5	6
86	30	5	5	6	3	5
87	1	4	3	6	5	5
87	2	5	4	5	5	6
87	3	5	3	5	6	6
87	4	4	3	4	4	4
87	5	8	5	6	6	9
87	6	2	3	6	3	2
87	7	3	4	4	6	6
87	8	3	3	3	2	4
87	9	2	2	5	2	3
87	10	5	4	7	5	4
87	11	5	5	8	5	9
87	12	8	5	10	7	9
87	13	5	4	5	5	6
87	14	3	4	5	5	5
87	15	5	3	7	6	3
87	16	6	4	7	4	8
87	17	1	2	1	4	2
87	18	6	3	7	5	5
87	19	5	3	4	6	8
87	20	3	3	5	4	6
87	21	1	2	1	3	3
87	22	5	4	5	5	7
87	23	2	2	6	4	2
87	24	4	3	7	5	7
87	25	5	4	5	4	5
87	26	5	4	5	6	6
87	27	5	5	8	6	8
87	28	3	4	4	4	6
87	29	4	3	4	4	5
87	30	4	5	4	5	5
88	1	3	3	3	3	4
88	2	3	4	4	4	2
88	3	3	3	3	3	4
88	4	5	5	7	4	5
88	5	3	3	5	4	4
88	6	3	3	6	4	5
88	7	6	5	6	6	8
88	8	6	3	6	4	6
88	9	6	5	8	7	8
88	10	3	4	5	2	4
88	11	7	5	7	4	8
88	12	5	3	9	5	6
88	13	1	4	4	3	4
88	14	4	4	5	5	5
88	15	2	2	3	3	3
88	16	4	4	7	4	9
88	17	4	3	5	5	5
88	18	4	2	3	3	6
88	19	4	1	5	4	7
88	20	4	2	3	4	4
88	21	8	5	8	5	8
88	22	7	3	8	5	7
88	23	5	2	6	6	8
88	24	5	4	5	5	4
88	25	4	3	6	4	6
88	26	6	4	6	4	6
88	27	8	3	9	7	9
88	28	7	5	8	5	6
88	29	4	3	4	5	7
88	30	5	4	4	5	4
89	1	1	2	2	2	4
89	2	1	2	1	3	4
89	3	3	3	3	3	3
89	4	5	3	7	3	6
89	5	0	1	0	2	2
89	6	1	3	2	2	4
89	7	2	3	5	4	5
89	8	2	2	5	0	3
89	9	6	4	4	5	6
89	10	3	2	2	4	4
89	11	3	2	2	1	1
89	12	2	1	4	1	3
89	13	5	2	4	4	5
89	14	5	5	7	7	10
89	15	3	1	5	3	5
89	16	4	4	5	4	6
89	17	2	2	3	1	2
89	18	6	5	7	5	6
89	19	4	3	6	5	6
89	20	-1	1	0	1	1
89	21	2	3	5	2	3
89	22	3	2	3	2	5
89	23	0	1	1	2	3
89	24	1	2	5	4	2
89	25	1	1	3	3	4
89	26	4	3	6	4	4
89	27	5	3	2	5	4
89	28	4	3	5	5	6
89	29	4	2	4	3	5
89	30	6	3	7	5	7
90	1	5	2	7	3	5
90	2	3	2	1	2	4
90	3	4	6	7	6	8
90	4	5	6	9	6	8
90	5	5	3	7	5	7
90	6	5	6	7	8	9
90	7	4	5	8	7	6
90	8	6	4	6	8	6
90	9	5	5	6	6	5
90	10	4	4	5	4	7
90	11	6	5	7	4	6
90	12	7	5	6	7	8
90	13	7	4	9	6	7
90	14	5	4	6	6	7
90	15	4	4	4	4	7
90	16	9	6	12	7	10
90	17	4	4	9	6	8
90	18	3	4	5	3	4
90	19	7	5	10	6	8
90	20	5	4	7	3	6
90	21	5	5	8	7	7
90	22	6	3	4	5	8
90	23	6	4	8	5	6
90	24	5	4	5	6	7
90	25	6	4	6	4	5
90	26	4	3	6	3	5
90	27	4	4	6	5	5
90	28	5	4	7	5	5
90	29	5	5	9	6	7
90	30	5	5	7	5	7
91	1	6	4	6	6	5
91	2	4	3	3	2	5
91	3	5	5	6	5	2
91	4	8	5	10	5	8
91	5	6	4	7	6	8
91	6	5	4	7	3	6
91	7	4	4	5	4	4
91	8	7	5	7	6	5
91	9	7	4	5	5	7
91	10	5	6	8	5	7
91	11	6	5	5	4	8
91	12	4	4	3	5	7
91	13	5	5	6	6	7
91	14	6	4	7	5	6
91	15	7	5	8	7	8
91	16	3	2	5	4	4
91	17	6	5	7	5	4
91	18	3	4	4	4	6
91	19	3	4	4	3	5
91	20	6	4	9	7	7
91	21	5	4	7	6	5
91	22	3	2	4	4	4
91	23	6	3	3	3	4
91	24	1	3	5	4	4
91	25	7	5	10	7	7
91	26	8	6	13	8	9
91	27	5	3	5	2	6
91	28	4	4	7	6	7
91	29	6	4	8	5	7
91	30	9	6	13	8	10
92	1	0	2	2	2	2
92	2	2	2	3	3	7
92	3	2	3	4	4	4
92	4	4	4	3	6	5
92	5	4	4	6	5	5
92	6	4	4	6	4	4
92	7	7	4	9	5	9
92	8	6	3	4	3	7
92	9	6	6	11	7	9
92	10	6	5	8	5	6
92	11	3	2	5	3	4
92	12	4	3	4	4	4
92	13	5	5	6	5	5
92	14	3	3	6	4	5
92	15	3	3	7	5	7
92	16	4	4	6	7	7
92	17	6	3	7	4	5
92	18	4	4	6	3	6
92	19	2	3	5	2	5
92	20	3	3	4	3	5
92	21	6	4	7	5	6
92	22	3	4	8	6	8
92	23	6	4	5	5	4
92	24	7	3	9	3	8
92	25	6	5	9	7	8
92	26	6	5	10	6	8
92	27	4	4	2	2	5
92	28	5	2	7	6	7
92	29	2	5	4	4	3
92	30	5	4	6	6	6
93	1	7	4	3	4	5
93	2	5	3	3	4	5
93	3	4	2	3	4	4
93	4	5	4	5	8	6
93	5	3	1	5	4	5
93	6	2	5	3	3	5
93	7	4	3	6	4	6
93	8	4	4	6	4	4
93	9	8	4	7	5	8
93	10	2	2	4	2	3
93	11	7	6	12	6	8
93	12	2	3	5	3	3
93	13	4	4	6	5	5
93	14	0	1	1	2	2
93	15	2	2	3	4	3
93	16	5	3	6	5	7
93	17	4	5	7	5	4
93	18	4	2	5	5	6
93	19	4	4	3	2	4
93	20	2	2	1	3	1
93	21	3	1	2	2	4
93	22	4	2	5	3	4
93	23	5	4	5	5	7
93	24	4	4	5	4	5
93	25	4	1	6	3	2
93	26	5	3	6	3	5
93	27	3	4	5	4	5
93	28	5	3	3	5	6
93	29	5	5	5	5	9
93	30	3	2	5	2	7
94	1	1	3	4	2	6
94	2	3	2	4	3	4
94	3	2	2	2	1	1
94	4	1	0	3	1	4
94	5	1	2	4	4	5
94	6	5	3	2	3	4
94	7	3	2	6	5	6
94	8	1	3	5	2	3
94	9	4	3	6	6	6
94	10	0	1	1	2	1
94	11	1	0	-1	1	0
94	12	0	1	0	0	1
94	13	4	2	7	3	5
94	14	4	1	5	5	3
94	15	3	2	4	4	2
94	16	1	1	4	4	3
94	17	6	3	8	5	8
94	18	3	4	5	4	4
94	19	1	2	1	2	2
94	20	0	2	2	2	1
94	21	3	2	8	5	3
94	22	5	1	5	3	4
94	23	2	3	4	3	2
94	24	4	3	6	4	4
94	25	0	2	0	1	1
94	26	1	2	3	2	3
94	27	4	1	5	4	4
94	28	2	3	4	4	5
94	29	2	1	1	2	2
94	30	6	3	4	4	4
95	1	7	5	10	8	9
95	2	5	3	3	4	5
95	3	6	4	6	4	8
95	4	8	5	10	6	7
95	5	5	5	8	5	8
95	6	4	3	6	6	6
95	7	4	5	4	5	6
95	8	6	6	8	6	9
95	9	2	3	4	4	5
95	10	2	3	7	5	7
95	11	6	6	9	7	7
95	12	5	5	4	4	2
95	13	6	3	4	4	5
95	14	6	4	6	6	7
95	15	3	3	7	5	8
95	16	4	3	6	3	3
95	17	6	5	8	7	8
95	18	4	3	4	6	6
95	19	6	4	5	7	6
95	20	7	4	6	4	5
95	21	7	5	10	6	7
95	22	5	4	5	6	7
95	23	6	4	6	7	8
95	24	9	4	10	6	8
95	25	7	4	4	6	8
95	26	7	5	10	7	8
95	27	6	5	8	7	8
95	28	5	6	8	8	8
95	29	7	6	10	7	12
95	30	4	4	10	5	7
96	1	4	3	3	3	5
96	2	6	3	6	5	6
96	3	3	0	3	1	4
96	4	5	3	4	3	6
96	5	0	2	3	2	3
96	6	4	3	7	4	6
96	7	3	0	3	1	2
96	8	1	1	2	2	3
96	9	5	4	6	3	4
96	10	3	2	5	3	4
96	11	4	3	5	3	5
96	12	2	2	5	5	4
96	13	2	4	5	3	3
96	14	5	4	8	6	6
96	15	2	3	1	0	0
96	16	1	2	5	2	4
96	17	1	0	1	0	0
96	18	6	3	5	6	6
96	19	2	2	4	3	4
96	20	3	2	5	1	5
96	21	4	3	7	6	6
96	22	3	2	3	4	1
96	23	4	2	6	5	7
96	24	1	0	3	0	3
96	25	6	3	6	5	6
96	26	4	3	5	3	5
96	27	2	3	4	4	2
96	28	0	0	1	3	2
96	29	6	3	8	3	3
96	30	4	3	7	5	7
97	1	5	4	5	5	7
97	2	10	8	15	11	13
97	3	10	9	12	10	12
97	4	7	5	7	6	7
97	5	7	5	7	7	9
97	6	6	4	8	6	9
97	7	7	7	8	6	10
97	8	6	6	9	7	11
97	9	7	6	10	5	8
97	10	7	6	11	6	10
97	11	10	6	10	9	9
97	12	3	4	5	3	4
97	13	6	4	8	5	7
97	14	7	6	10	6	8
97	15	9	5	8	6	8
97	16	10	5	10	7	9
97	17	4	4	8	7	8
97	18	6	5	7	6	8
97	19	8	6	10	9	9
97	20	9	6	9	6	7
97	21	6	7	8	5	8
97	22	7	5	9	6	6
97	23	4	4	4	4	5
97	24	6	4	8	7	6
97	25	11	9	13	10	11
97	26	6	5	10	8	8
97	27	8	7	8	6	9
97	28	8	4	9	7	8
97	29	7	7	10	8	12
97	30	5	6	8	7	9
98	1	8	5	10	8	8
98	2	4	4	6	4	7
98	3	3	4	6	4	4
98	4	7	6	9	6	8
98	5	6	5	7	6	7
98	6	9	5	10	7	9
98	7	5	4	7	6	7
98	8	7	5	10	8	9
98	9	6	4	7	6	8
98	10	5	5	7	5	5
98	11	9	5	6	8	9
98	12	5	5	6	3	7
98	13	8	6	12	8	10
98	14	6	5	7	7	8
98	15	2	4	4	3	4
98	16	6	4	9	4	7
98	17	3	3	6	4	6
98	18	2	3	4	2	2
98	19	6	6	8	4	7
98	20	6	5	7	6	9
98	21	4	4	5	3	5
98	22	4	3	7	3	4
98	23	6	4	6	5	6
98	24	3	4	6	5	6
98	25	8	4	9	6	8
98	26	7	6	7	6	6
98	27	3	3	5	4	5
98	28	4	5	6	5	6
98	29	7	5	9	5	8
98	30	5	4	6	5	7
99	1	4	3	6	4	4
99	2	3	3	6	3	6
99	3	6	3	6	3	3
99	4	5	4	7	5	6
99	5	4	4	3	5	3
99	6	1	2	2	2	2
99	7	3	2	3	4	4
99	8	5	3	4	3	5
99	9	3	2	3	4	5
99	10	0	2	0	2	0
99	11	2	1	2	3	3
99	12	5	3	5	5	6
99	13	3	5	3	2	6
99	14	2	3	4	3	2
99	15	2	2	5	3	4
99	16	2	2	4	4	2
99	17	4	3	7	5	6
99	18	6	4	7	5	8
99	19	2	2	2	1	3
99	20	2	2	5	3	4
99	21	3	4	3	2	2
99	22	0	1	0	1	1
99	23	5	3	4	3	6
99	24	4	2	2	2	3
99	25	5	3	9	5	8
99	26	0	0	0	1	1
99	27	4	4	7	5	6
99	28	4	2	6	3	7
99	29	4	2	3	6	6
99	30	3	3	4	5	4
100	1	1	2	2	2	1
100	2	3	2	4	5	5
100	3	1	1	2	0	1
100	4	4	1	5	2	4
100	5	4	2	2	1	3
100	6	1	3	7	3	6
100	7	1	2	3	1	2
100	8	2	0	3	3	2
100	9	4	2	3	4	2
100	10	2	2	5	3	3
100	11	4	3	5	4	5
100	12	4	1	4	2	5
100	13	2	2	2	3	4
100	14	5	3	4	3	5
100	15	0	2	2	2	1
100	16	6	2	6	3	5
100	17	-1	1	0	1	4
100	18	4	2	3	3	3
100	19	1	0	0	1	0
100	20	2	3	1	3	4
100	21	0	0	0	0	1
100	22	2	1	1	1	2
100	23	0	0	1	2	0
100	24	1	1	2	2	1
100	25	2	1	2	2	2
100	26	3	1	4	2	3
100	27	0	1	0	1	2
100	28	1	2	1	2	3
100	29	3	2	6	3	6
100	30	5	3	6	5	6
