1	1	2	3	3
1	2	4	2	3
1	3	3	2	7
1	4	3	4	8
1	5	3	1	2
1	6	5	3	6
1	7	1	1	1
1	8	6	2	4
1	9	1	3	5
1	10	3	2	4
1	11	3	2	6
1	12	0	2	3
1	13	2	3	4
1	14	1	3	2
1	15	3	1	0
1	16	0	3	3
1	17	5	2	5
1	18	4	2	2
1	19	5	3	4
1	20	6	3	8
1	21	1	2	4
1	22	1	0	0
1	23	3	3	6
1	24	2	3	1
1	25	2	3	2
1	26	5	2	7
1	27	2	2	5
1	28	0	2	0
1	29	3	3	4
1	30	3	2	3
1	31	4	2	4
1	32	4	4	3
1	33	2	2	3
1	34	4	4	6
1	35	2	1	5
1	36	4	4	3
1	37	3	1	6
1	38	4	3	4
1	39	1	3	1
1	40	5	3	8
1	41	3	3	4
1	42	3	3	4
1	43	1	3	4
1	44	1	2	3
1	45	4	4	6
1	46	2	2	1
1	47	5	2	7
1	48	4	4	7
1	49	4	2	2
1	50	3	2	2
1	51	3	1	3
1	52	2	2	5
1	53	4	1	4
1	54	1	1	4
1	55	1	0	3
1	56	3	2	4
1	57	1	0	1
1	58	0	2	0
1	59	2	2	2
1	60	4	3	5
2	1	3	3	5
2	2	2	3	7
2	3	1	2	2
2	4	3	2	4
2	5	4	2	5
2	6	3	3	4
2	7	3	3	5
2	8	1	2	1
2	9	1	1	1
2	10	2	2	3
2	11	3	1	4
2	12	2	1	4
2	13	3	1	4
2	14	1	2	4
2	15	6	3	7
2	16	3	2	3
2	17	3	3	7
2	18	3	2	4
2	19	1	1	6
2	20	3	2	4
2	21	4	4	7
2	22	4	3	6
2	23	2	2	5
2	24	2	1	2
2	25	0	1	0
2	26	4	1	7
2	27	1	3	0
2	28	4	3	4
2	29	5	5	7
2	30	1	1	2
2	31	3	5	5
2	32	3	2	3
2	33	2	2	0
2	34	0	2	0
2	35	0	2	2
2	36	5	1	4
2	37	1	3	0
2	38	4	3	4
2	39	6	4	8
2	40	2	1	4
2	41	4	2	8
2	42	4	2	5
2	43	3	2	4
2	44	1	2	5
2	45	3	3	6
2	46	2	3	2
2	47	5	2	4
2	48	3	2	5
2	49	4	4	6
2	50	3	3	0
2	51	5	5	6
2	52	2	2	4
2	53	2	0	2
2	54	7	5	11
2	55	2	2	2
2	56	3	2	5
2	57	3	3	7
2	58	2	2	3
2	59	4	3	5
2	60	3	3	5
3	1	5	4	6
3	2	4	4	6
3	3	5	4	7
3	4	10	6	10
3	5	4	5	7
3	6	3	4	4
3	7	6	6	7
3	8	7	3	10
3	9	8	5	8
3	10	8	3	6
3	11	5	4	6
3	12	8	6	10
3	13	7	4	7
3	14	4	4	5
3	15	5	5	6
3	16	6	4	8
3	17	6	4	6
3	18	4	5	9
3	19	9	6	9
3	20	4	4	5
3	21	6	6	5
3	22	4	4	6
3	23	6	4	9
3	24	5	4	6
3	25	4	4	5
3	26	9	6	11
3	27	8	5	10
3	28	4	5	5
3	29	4	4	6
3	30	4	4	5
3	31	8	7	11
3	32	8	5	7
3	33	4	4	7
3	34	8	5	11
3	35	3	3	6
3	36	5	4	7
3	37	4	4	5
3	38	7	4	8
3	39	8	5	11
3	40	6	4	7
3	41	6	5	7
3	42	6	6	7
3	43	8	5	9
3	44	7	4	7
3	45	5	4	6
3	46	8	5	12
3	47	7	5	6
3	48	5	4	4
3	49	5	5	3
3	50	5	4	2
3	51	5	5	7
3	52	7	4	8
3	53	7	4	10
3	54	7	5	10
3	55	5	4	6
3	56	5	4	9
3	57	7	4	9
3	58	4	5	6
3	59	7	5	9
3	60	6	4	6
4	1	6	6	10
4	2	5	3	6
4	3	3	3	6
4	4	3	2	3
4	5	3	3	4
4	6	1	3	2
4	7	3	3	3
4	8	4	2	4
4	9	5	4	4
4	10	2	2	3
4	11	2	4	4
4	12	2	3	5
4	13	6	4	8
4	14	0	4	2
4	15	0	4	2
4	16	8	5	8
4	17	4	2	4
4	18	2	3	1
4	19	0	3	2
4	20	5	3	5
4	21	4	3	4
4	22	3	2	5
4	23	4	2	7
4	24	5	4	6
4	25	6	3	8
4	26	5	3	7
4	27	6	3	8
4	28	6	4	6
4	29	3	3	6
4	30	1	3	0
4	31	2	2	4
4	32	3	3	4
4	33	4	3	6
4	34	6	4	6
4	35	6	4	8
4	36	6	4	9
4	37	5	2	5
4	38	0	1	1
4	39	3	3	3
4	40	2	1	4
4	41	4	3	7
4	42	5	3	8
4	43	4	4	5
4	44	1	2	3
4	45	4	3	7
4	46	3	4	4
4	47	5	4	5
4	48	3	4	4
4	49	3	3	3
4	50	3	4	4
4	51	0	3	0
4	52	3	4	6
4	53	3	2	3
4	54	2	3	5
4	55	3	3	8
4	56	6	2	7
4	57	6	3	6
4	58	8	5	8
4	59	4	3	4
4	60	4	3	3
5	1	4	5	8
5	2	4	3	8
5	3	5	4	8
5	4	4	3	3
5	5	7	4	8
5	6	5	2	3
5	7	6	5	8
5	8	0	2	1
5	9	4	5	3
5	10	5	4	6
5	11	2	3	3
5	12	5	1	4
5	13	3	2	4
5	14	2	1	1
5	15	1	5	6
5	16	4	2	4
5	17	2	2	2
5	18	4	4	7
5	19	6	4	6
5	20	8	5	7
5	21	5	3	8
5	22	4	4	5
5	23	1	2	1
5	24	4	2	3
5	25	3	3	5
5	26	5	3	7
5	27	2	2	6
5	28	1	3	2
5	29	6	4	8
5	30	6	3	6
5	31	4	3	5
5	32	5	5	7
5	33	0	1	2
5	34	5	4	6
5	35	2	2	3
5	36	5	3	6
5	37	5	3	5
5	38	4	2	5
5	39	6	4	9
5	40	4	3	5
5	41	5	4	6
5	42	1	2	3
5	43	3	3	2
5	44	7	5	10
5	45	6	5	6
5	46	0	3	1
5	47	2	1	4
5	48	3	2	5
5	49	5	3	6
5	50	3	3	3
5	51	4	4	6
5	52	6	4	7
5	53	7	4	8
5	54	4	3	3
5	55	4	3	5
5	56	2	1	1
5	57	4	3	5
5	58	3	2	5
5	59	3	2	4
5	60	4	2	5
6	1	8	6	8
6	2	4	5	4
6	3	6	4	5
6	4	6	6	9
6	5	4	4	5
6	6	6	5	7
6	7	6	5	7
6	8	6	5	8
6	9	2	3	3
6	10	9	6	10
6	11	5	5	5
6	12	6	6	8
6	13	7	5	7
6	14	8	5	10
6	15	7	4	8
6	16	7	5	7
6	17	5	5	9
6	18	5	4	7
6	19	9	6	9
6	20	5	4	7
6	21	10	6	10
6	22	3	4	4
6	23	5	3	7
6	24	8	5	9
6	25	6	4	9
6	26	5	4	5
6	27	5	5	7
6	28	7	6	9
6	29	7	5	8
6	30	5	3	4
6	31	7	6	9
6	32	5	4	8
6	33	6	4	8
6	34	4	2	4
6	35	7	5	8
6	36	9	6	11
6	37	7	5	8
6	38	4	4	5
6	39	5	5	8
6	40	7	5	8
6	41	4	5	7
6	42	2	4	5
6	43	9	6	9
6	44	5	5	6
6	45	4	4	8
6	46	7	6	8
6	47	4	4	7
6	48	8	6	9
6	49	5	5	7
6	50	5	4	7
6	51	5	4	8
6	52	5	4	4
6	53	5	3	6
6	54	6	6	6
6	55	7	5	10
6	56	3	2	5
6	57	5	4	7
6	58	7	6	9
6	59	4	4	8
6	60	7	4	7
7	1	6	4	7
7	2	5	4	6
7	3	6	4	5
7	4	3	4	3
7	5	3	4	6
7	6	0	1	3
7	7	3	4	7
7	8	5	4	5
7	9	5	4	6
7	10	4	4	7
7	11	8	5	10
7	12	3	3	7
7	13	5	2	8
7	14	7	5	6
7	15	3	3	4
7	16	4	4	4
7	17	6	6	9
7	18	4	4	4
7	19	3	5	9
7	20	2	3	3
7	21	5	4	4
7	22	6	4	8
7	23	2	3	6
7	24	3	2	1
7	25	4	3	5
7	26	3	3	0
7	27	3	4	6
7	28	6	4	8
7	29	0	1	1
7	30	6	5	8
7	31	2	2	4
7	32	4	5	6
7	33	5	3	8
7	34	4	2	7
7	35	3	3	5
7	36	5	4	7
7	37	4	4	9
7	38	7	3	7
7	39	1	2	2
7	40	1	2	1
7	41	7	5	8
7	42	7	5	7
7	43	5	4	6
7	44	5	4	7
7	45	7	3	7
7	46	0	2	0
7	47	7	5	4
7	48	5	4	6
7	49	5	4	7
7	50	4	3	3
7	51	6	5	7
7	52	5	4	7
7	53	4	3	9
7	54	4	4	8
7	55	1	3	3
7	56	8	5	9
7	57	5	4	9
7	58	6	4	8
7	59	5	3	6
7	60	4	4	8
8	1	4	3	8
8	2	1	2	2
8	3	0	1	0
8	4	3	1	3
8	5	0	2	1
8	6	2	1	4
8	7	5	2	5
8	8	0	2	3
8	9	2	3	4
8	10	3	1	2
8	11	0	1	2
8	12	1	1	3
8	13	2	2	4
8	14	3	2	4
8	15	2	2	6
8	16	3	3	5
8	17	2	2	3
8	18	1	1	0
8	19	5	3	6
8	20	1	1	3
8	21	0	2	4
8	22	3	4	4
8	23	4	1	5
8	24	2	1	1
8	25	0	1	1
8	26	0	0	0
8	27	2	2	4
8	28	1	2	1
8	29	1	1	4
8	30	4	2	2
8	31	2	1	1
8	32	0	1	1
8	33	1	3	4
8	34	2	3	3
8	35	0	0	0
8	36	1	2	4
8	37	2	2	1
8	38	0	0	-1
8	39	1	3	2
8	40	3	3	3
8	41	1	2	2
8	42	2	2	1
8	43	3	1	4
8	44	2	3	4
8	45	0	1	2
8	46	1	1	3
8	47	2	2	5
8	48	3	2	4
8	49	0	2	0
8	50	2	1	4
8	51	2	2	5
8	52	2	2	5
8	53	0	1	2
8	54	3	3	2
8	55	2	1	6
8	56	0	3	4
8	57	4	3	5
8	58	0	2	4
8	59	1	1	2
8	60	2	1	1
9	1	5	2	4
9	2	2	1	1
9	3	1	0	1
9	4	1	1	3
9	5	7	5	8
9	6	4	2	7
9	7	3	4	5
9	8	3	3	5
9	9	1	1	3
9	10	2	2	2
9	11	2	2	3
9	12	3	1	2
9	13	3	3	4
9	14	0	1	0
9	15	4	3	7
9	16	5	2	5
9	17	3	1	1
9	18	5	2	6
9	19	7	4	11
9	20	0	2	2
9	21	5	3	4
9	22	2	2	2
9	23	3	2	4
9	24	2	2	3
9	25	3	4	6
9	26	0	2	0
9	27	3	2	6
9	28	0	2	3
9	29	1	3	3
9	30	2	2	4
9	31	0	2	4
9	32	3	2	4
9	33	2	1	2
9	34	4	3	5
9	35	1	2	1
9	36	3	2	2
9	37	2	2	5
9	38	5	2	4
9	39	3	2	4
9	40	4	3	3
9	41	3	2	4
9	42	0	2	0
9	43	2	2	3
9	44	4	1	3
9	45	4	1	1
9	46	6	4	4
9	47	3	2	4
9	48	2	2	4
9	49	1	0	0
9	50	5	2	3
9	51	1	3	3
9	52	2	2	3
9	53	3	2	3
9	54	5	3	5
9	55	1	2	1
9	56	1	3	3
9	57	3	3	3
9	58	3	2	2
9	59	6	3	3
9	60	1	1	3
10	1	-1	1	0
10	2	4	2	2
10	3	4	3	4
10	4	2	2	4
10	5	4	2	2
10	6	3	1	3
10	7	3	2	4
10	8	1	0	0
10	9	5	2	5
10	10	6	5	6
10	11	4	3	4
10	12	4	3	3
10	13	3	2	2
10	14	0	2	1
10	15	5	3	5
10	16	4	3	4
10	17	2	1	3
10	18	-1	2	2
10	19	4	2	4
10	20	1	3	3
10	21	2	2	2
10	22	3	1	1
10	23	3	2	9
10	24	2	3	6
10	25	4	4	6
10	26	-1	0	-1
10	27	3	2	4
10	28	3	2	4
10	29	2	1	0
10	30	5	4	8
10	31	0	2	0
10	32	3	3	4
10	33	4	3	7
10	34	4	2	4
10	35	3	2	3
10	36	4	2	6
10	37	3	2	3
10	38	0	1	4
10	39	1	1	2
10	40	5	4	7
10	41	3	2	1
10	42	1	1	1
10	43	1	1	4
10	44	4	2	5
10	45	0	1	3
10	46	0	1	3
10	47	4	2	4
10	48	5	2	6
10	49	3	4	5
10	50	2	2	2
10	51	1	2	0
10	52	5	3	3
10	53	2	3	5
10	54	5	3	7
10	55	4	2	2
10	56	2	2	7
10	57	2	2	2
10	58	2	1	4
10	59	4	2	7
10	60	4	4	5
11	1	3	3	1
11	2	6	4	7
11	3	7	5	9
11	4	3	4	5
11	5	5	4	8
11	6	4	4	5
11	7	6	5	12
11	8	6	6	9
11	9	5	6	8
11	10	6	4	7
11	11	5	4	9
11	12	6	4	10
11	13	8	5	10
11	14	6	4	7
11	15	3	2	3
11	16	6	4	6
11	17	6	4	7
11	18	6	6	7
11	19	5	5	7
11	20	6	5	9
11	21	3	4	4
11	22	5	6	7
11	23	6	4	9
11	24	5	4	5
11	25	7	3	5
11	26	3	4	4
11	27	4	3	5
11	28	3	3	2
11	29	4	4	6
11	30	4	5	3
11	31	5	5	7
11	32	6	5	11
11	33	3	5	6
11	34	3	3	5
11	35	5	3	1
11	36	5	4	6
11	37	4	3	5
11	38	4	5	8
11	39	5	3	6
11	40	2	3	4
11	41	5	4	6
11	42	7	5	9
11	43	8	5	8
11	44	4	4	5
11	45	3	4	3
11	46	11	5	12
11	47	6	5	5
11	48	5	4	5
11	49	5	4	7
11	50	4	2	3
11	51	3	5	6
11	52	3	2	2
11	53	5	4	6
11	54	5	4	8
11	55	3	3	3
11	56	7	5	9
11	57	6	5	8
11	58	4	3	6
11	59	5	4	6
11	60	7	5	8
12	1	6	5	8
12	2	5	4	3
12	3	3	3	4
12	4	5	3	6
12	5	5	4	9
12	6	5	3	8
12	7	4	5	6
12	8	4	1	4
12	9	5	3	8
12	10	3	3	6
12	11	3	2	4
12	12	1	2	1
12	13	5	4	5
12	14	0	3	2
12	15	5	3	6
12	16	4	4	7
12	17	4	3	6
12	18	4	4	6
12	19	3	2	4
12	20	5	4	8
12	21	5	4	7
12	22	5	4	7
12	23	1	2	1
12	24	5	4	8
12	25	4	4	4
12	26	6	6	8
12	27	6	4	5
12	28	3	3	5
12	29	3	3	4
12	30	5	4	7
12	31	6	4	7
12	32	5	3	4
12	33	6	6	9
12	34	3	4	6
12	35	5	4	4
12	36	0	3	1
12	37	8	4	11
12	38	3	2	5
12	39	8	5	9
12	40	6	3	9
12	41	5	5	8
12	42	5	3	3
12	43	5	4	6
12	44	4	2	7
12	45	4	4	4
12	46	4	2	5
12	47	6	4	7
12	48	2	3	4
12	49	3	1	3
12	50	2	4	3
12	51	3	4	6
12	52	6	3	6
12	53	3	5	8
12	54	1	2	2
12	55	3	3	7
12	56	4	5	7
12	57	5	3	7
12	58	4	3	5
12	59	4	3	3
12	60	5	2	7
13	1	2	2	4
13	2	3	3	5
13	3	5	4	4
13	4	1	3	2
13	5	5	4	7
13	6	6	4	9
13	7	4	3	5
13	8	3	2	4
13	9	4	3	6
13	10	4	1	6
13	11	5	4	6
13	12	4	4	8
13	13	3	4	6
13	14	3	2	3
13	15	0	2	1
13	16	3	4	3
13	17	5	4	8
13	18	0	2	4
13	19	1	2	3
13	20	4	3	3
13	21	3	3	6
13	22	2	3	3
13	23	7	4	6
13	24	4	4	5
13	25	3	3	4
13	26	4	2	8
13	27	4	4	8
13	28	4	3	5
13	29	4	3	4
13	30	5	4	6
13	31	5	4	9
13	32	3	2	4
13	33	6	4	6
13	34	5	3	7
13	35	4	3	9
13	36	5	5	6
13	37	4	4	5
13	38	7	4	11
13	39	5	3	4
13	40	4	3	5
13	41	0	1	2
13	42	1	3	1
13	43	4	5	5
13	44	4	3	6
13	45	6	4	4
13	46	5	5	4
13	47	4	4	5
13	48	4	5	10
13	49	2	4	3
13	50	2	3	1
13	51	4	1	3
13	52	5	4	8
13	53	4	2	4
13	54	5	3	8
13	55	3	3	5
13	56	4	1	2
13	57	5	3	5
13	58	2	3	2
13	59	3	2	3
13	60	1	1	3
14	1	5	4	6
14	2	3	2	3
14	3	4	4	6
14	4	6	4	9
14	5	5	2	3
14	6	3	3	4
14	7	2	2	2
14	8	1	3	2
14	9	4	4	3
14	10	3	3	5
14	11	3	3	3
14	12	6	4	11
14	13	3	3	4
14	14	5	2	3
14	15	4	4	9
14	16	4	2	4
14	17	4	3	7
14	18	7	4	6
14	19	8	3	9
14	20	3	4	4
14	21	3	4	7
14	22	4	3	4
14	23	6	3	7
14	24	3	1	3
14	25	7	4	9
14	26	3	2	3
14	27	3	2	2
14	28	3	3	2
14	29	5	4	5
14	30	6	4	7
14	31	5	4	7
14	32	3	3	3
14	33	1	1	3
14	34	0	3	3
14	35	5	3	3
14	36	6	5	11
14	37	0	2	1
14	38	5	5	5
14	39	4	2	6
14	40	6	5	7
14	41	3	2	3
14	42	4	4	7
14	43	4	2	4
14	44	5	3	7
14	45	6	5	8
14	46	7	5	8
14	47	3	5	7
14	48	6	5	9
14	49	6	5	6
14	50	3	3	4
14	51	4	3	6
14	52	2	3	2
14	53	4	2	5
14	54	4	5	8
14	55	5	3	5
14	56	4	4	7
14	57	3	2	3
14	58	1	3	6
14	59	3	4	4
14	60	4	3	4
15	1	2	2	3
15	2	2	2	4
15	3	1	1	1
15	4	6	3	8
15	5	4	4	6
15	6	2	3	2
15	7	3	2	4
15	8	1	2	1
15	9	4	3	2
15	10	3	1	2
15	11	0	0	1
15	12	1	2	4
15	13	4	2	3
15	14	6	3	6
15	15	4	2	5
15	16	3	2	1
15	17	3	4	6
15	18	3	2	4
15	19	4	3	5
15	20	3	2	3
15	21	6	4	8
15	22	2	3	2
15	23	4	3	4
15	24	0	1	1
15	25	3	1	4
15	26	5	3	7
15	27	4	4	7
15	28	-1	1	0
15	29	3	3	4
15	30	6	3	8
15	31	1	1	5
15	32	2	1	5
15	33	4	2	3
15	34	3	3	4
15	35	4	2	4
15	36	6	3	6
15	37	3	2	3
15	38	4	2	6
15	39	7	5	8
15	40	2	2	4
15	41	4	2	4
15	42	1	1	1
15	43	3	3	5
15	44	2	2	4
15	45	1	2	2
15	46	2	0	2
15	47	3	2	2
15	48	1	2	4
15	49	1	2	3
15	50	6	4	7
15	51	4	2	6
15	52	3	1	3
15	53	1	0	1
15	54	3	2	5
15	55	2	2	3
15	56	3	2	0
15	57	4	2	1
15	58	8	4	7
15	59	3	2	1
15	60	1	3	2
16	1	7	4	7
16	2	4	5	7
16	3	7	5	9
16	4	5	6	6
16	5	6	5	9
16	6	5	4	6
16	7	6	5	7
16	8	7	4	7
16	9	5	4	3
16	10	9	5	11
16	11	9	5	12
16	12	9	7	12
16	13	7	5	9
16	14	8	3	9
16	15	6	5	8
16	16	5	5	8
16	17	2	4	7
16	18	5	4	4
16	19	9	5	6
16	20	4	5	8
16	21	6	5	7
16	22	1	3	2
16	23	4	5	5
16	24	4	5	5
16	25	7	5	8
16	26	7	4	8
16	27	3	4	6
16	28	7	5	9
16	29	7	6	5
16	30	6	6	8
16	31	8	7	10
16	32	4	4	6
16	33	7	5	8
16	34	5	3	6
16	35	7	7	10
16	36	5	4	8
16	37	4	4	6
16	38	6	6	10
16	39	6	5	6
16	40	9	7	12
16	41	5	6	9
16	42	5	4	6
16	43	4	5	7
16	44	5	3	8
16	45	7	5	8
16	46	4	4	6
16	47	9	6	9
16	48	5	4	4
16	49	5	4	8
16	50	7	5	6
16	51	5	3	9
16	52	5	4	6
16	53	7	6	9
16	54	5	5	7
16	55	0	4	3
16	56	10	6	11
16	57	7	5	10
16	58	10	7	12
16	59	6	6	7
16	60	7	5	7
17	1	10	5	10
17	2	10	5	11
17	3	0	3	5
17	4	4	4	5
17	5	4	4	3
17	6	5	3	7
17	7	4	3	6
17	8	2	4	4
17	9	5	3	4
17	10	6	5	8
17	11	6	2	5
17	12	2	3	8
17	13	7	6	10
17	14	3	4	7
17	15	1	3	4
17	16	6	4	5
17	17	8	4	8
17	18	5	5	8
17	19	3	3	5
17	20	5	4	7
17	21	2	2	4
17	22	5	4	5
17	23	2	3	2
17	24	2	3	8
17	25	5	4	7
17	26	1	3	4
17	27	6	4	5
17	28	4	5	8
17	29	4	5	5
17	30	8	5	9
17	31	5	4	5
17	32	5	4	6
17	33	4	3	5
17	34	5	3	6
17	35	5	3	8
17	36	2	3	4
17	37	3	3	2
17	38	2	3	6
17	39	6	4	8
17	40	4	4	5
17	41	4	4	8
17	42	1	5	3
17	43	4	3	7
17	44	4	3	4
17	45	5	5	8
17	46	4	4	7
17	47	2	2	4
17	48	3	4	6
17	49	5	6	6
17	50	6	3	7
17	51	8	4	8
17	52	2	3	5
17	53	6	4	9
17	54	6	4	6
17	55	4	4	5
17	56	2	2	3
17	57	3	3	5
17	58	4	4	6
17	59	5	4	7
17	60	6	5	9
18	1	2	0	2
18	2	-1	0	2
18	3	0	0	0
18	4	1	0	0
18	5	2	1	1
18	6	1	1	2
18	7	0	1	5
18	8	0	0	0
18	9	0	0	0
18	10	0	0	0
18	11	3	2	3
18	12	1	0	2
18	13	3	0	2
18	14	0	0	-1
18	15	0	1	2
18	16	0	0	0
18	17	-1	0	-2
18	18	5	0	5
18	19	0	0	1
18	20	0	0	0
18	21	3	2	5
18	22	-2	-1	-2
18	23	2	2	2
18	24	2	0	3
18	25	1	1	1
18	26	2	1	2
18	27	0	2	1
18	28	2	1	4
18	29	1	1	1
18	30	0	0	-1
18	31	3	2	3
18	32	3	1	3
18	33	-1	0	0
18	34	0	0	0
18	35	0	2	3
18	36	0	1	0
18	37	0	1	0
18	38	1	0	2
18	39	-1	0	0
18	40	0	1	1
18	41	0	0	0
18	42	2	1	4
18	43	5	3	6
18	44	0	0	1
18	45	3	2	3
18	46	1	3	0
18	47	0	1	1
18	48	1	1	1
18	49	2	2	7
18	50	-2	0	-1
18	51	0	1	-2
18	52	0	0	-1
18	53	4	1	3
18	54	0	0	2
18	55	-1	1	0
18	56	5	3	8
18	57	0	1	2
18	58	0	0	0
18	59	1	1	3
18	60	1	-1	-1
19	1	6	4	7
19	2	4	3	5
19	3	6	4	4
19	4	5	2	4
19	5	3	4	1
19	6	4	3	3
19	7	4	3	5
19	8	6	5	9
19	9	7	5	10
19	10	5	3	5
19	11	4	2	6
19	12	4	4	7
19	13	4	3	5
19	14	5	3	7
19	15	5	4	4
19	16	3	2	4
19	17	3	2	4
19	18	5	4	9
19	19	3	4	4
19	20	6	3	6
19	21	4	3	6
19	22	3	3	5
19	23	4	4	8
19	24	5	2	6
19	25	7	6	9
19	26	4	4	6
19	27	5	4	4
19	28	5	3	9
19	29	2	3	4
19	30	4	3	5
19	31	5	5	5
19	32	3	3	5
19	33	3	3	6
19	34	4	4	7
19	35	3	4	5
19	36	2	2	2
19	37	3	5	7
19	38	5	4	8
19	39	3	3	5
19	40	8	5	10
19	41	5	5	7
19	42	5	4	7
19	43	3	4	4
19	44	6	3	6
19	45	5	4	8
19	46	6	4	7
19	47	5	3	4
19	48	5	4	8
19	49	3	3	5
19	50	2	2	4
19	51	5	4	7
19	52	3	3	3
19	53	5	4	7
19	54	5	4	4
19	55	6	3	7
19	56	6	4	7
19	57	3	3	2
19	58	3	3	4
19	59	6	3	10
19	60	1	2	0
20	1	3	2	3
20	2	5	5	7
20	3	7	5	8
20	4	4	3	5
20	5	1	2	2
20	6	4	2	3
20	7	2	1	3
20	8	4	4	7
20	9	2	1	4
20	10	2	3	4
20	11	4	3	6
20	12	1	2	2
20	13	5	3	7
20	14	0	2	3
20	15	3	2	4
20	16	4	3	6
20	17	1	1	2
20	18	6	3	8
20	19	2	2	4
20	20	4	2	4
20	21	4	3	4
20	22	2	3	4
20	23	4	3	3
20	24	2	2	2
20	25	3	2	4
20	26	3	3	7
20	27	0	1	1
20	28	0	2	2
20	29	1	2	2
20	30	2	1	2
20	31	2	3	8
20	32	2	1	2
20	33	0	1	1
20	34	2	1	4
20	35	2	3	2
20	36	3	3	5
20	37	1	2	1
20	38	4	4	5
20	39	5	2	4
20	40	3	4	4
20	41	2	2	2
20	42	6	5	9
20	43	3	3	4
20	44	0	2	0
20	45	3	3	4
20	46	0	1	3
20	47	3	3	2
20	48	2	3	3
20	49	3	4	6
20	50	2	3	6
20	51	1	3	2
20	52	5	3	6
20	53	5	2	6
20	54	1	3	2
20	55	2	1	3
20	56	4	3	5
20	57	2	2	4
20	58	4	4	6
20	59	5	4	8
20	60	3	2	6
21	1	4	3	4
21	2	3	2	5
21	3	3	2	4
21	4	3	3	5
21	5	4	2	6
21	6	1	1	1
21	7	0	0	1
21	8	3	2	3
21	9	1	2	2
21	10	3	2	5
21	11	3	3	6
21	12	5	2	4
21	13	1	2	2
21	14	0	1	4
21	15	3	1	3
21	16	3	2	5
21	17	3	2	4
21	18	4	3	7
21	19	3	2	3
21	20	3	3	5
21	21	2	3	6
21	22	4	3	5
21	23	2	1	4
21	24	0	2	4
21	25	3	1	2
21	26	2	3	3
21	27	4	2	2
21	28	4	3	6
21	29	1	1	3
21	30	1	2	2
21	31	3	2	-1
21	32	1	1	3
21	33	3	1	3
21	34	0	0	2
21	35	0	0	0
21	36	3	2	4
21	37	1	1	3
21	38	0	1	1
21	39	0	0	0
21	40	4	2	3
21	41	4	3	4
21	42	6	2	5
21	43	1	3	2
21	44	2	2	3
21	45	3	2	3
21	46	1	2	3
21	47	1	1	5
21	48	1	1	2
21	49	2	2	4
21	50	4	2	3
21	51	2	1	2
21	52	2	2	1
21	53	1	1	1
21	54	3	2	6
21	55	3	2	2
21	56	5	1	4
21	57	0	1	1
21	58	3	3	4
21	59	0	1	4
21	60	2	1	0
22	1	3	5	8
22	2	3	3	3
22	3	3	4	6
22	4	2	3	4
22	5	2	3	5
22	6	5	3	7
22	7	2	2	5
22	8	0	2	0
22	9	3	4	6
22	10	4	4	5
22	11	3	3	4
22	12	0	2	0
22	13	7	4	7
22	14	8	4	11
22	15	2	2	2
22	16	5	2	6
22	17	6	2	7
22	18	1	2	4
22	19	1	2	2
22	20	1	2	1
22	21	3	1	4
22	22	2	3	3
22	23	1	2	5
22	24	3	3	4
22	25	4	3	3
22	26	0	1	0
22	27	6	3	5
22	28	1	1	2
22	29	3	2	6
22	30	4	2	4
22	31	3	2	3
22	32	5	3	7
22	33	1	2	4
22	34	2	2	3
22	35	0	2	2
22	36	0	2	3
22	37	1	3	2
22	38	4	2	4
22	39	2	2	1
22	40	5	2	4
22	41	3	3	4
22	42	1	2	2
22	43	3	0	5
22	44	7	3	7
22	45	4	2	7
22	46	7	5	9
22	47	4	3	4
22	48	1	2	2
22	49	0	2	3
22	50	3	2	4
22	51	5	3	8
22	52	2	3	4
22	53	4	4	9
22	54	4	3	5
22	55	2	1	2
22	56	2	3	3
22	57	5	3	5
22	58	4	3	7
22	59	5	4	6
22	60	4	2	7
23	1	1	0	1
23	2	0	2	0
23	3	5	2	8
23	4	1	2	1
23	5	1	1	1
23	6	6	2	4
23	7	0	1	0
23	8	4	1	1
23	9	0	0	2
23	10	1	3	4
23	11	1	2	3
23	12	2	3	2
23	13	4	1	6
23	14	5	3	4
23	15	3	2	3
23	16	0	0	0
23	17	1	1	2
23	18	2	2	3
23	19	2	2	3
23	20	0	0	2
23	21	1	1	3
23	22	0	1	2
23	23	4	2	5
23	24	5	3	5
23	25	5	2	0
23	26	-1	2	2
23	27	3	2	3
23	28	3	2	7
23	29	2	2	3
23	30	0	3	2
23	31	0	1	2
23	32	0	2	1
23	33	3	2	5
23	34	0	1	4
23	35	6	2	4
23	36	3	3	8
23	37	3	2	4
23	38	3	3	7
23	39	0	2	1
23	40	4	1	3
23	41	2	2	5
23	42	3	1	4
23	43	0	0	1
23	44	5	3	5
23	45	3	2	4
23	46	2	2	2
23	47	3	2	2
23	48	1	2	2
23	49	4	2	4
23	50	2	3	5
23	51	2	1	3
23	52	5	2	5
23	53	4	2	4
23	54	3	2	6
23	55	2	1	0
23	56	5	2	6
23	57	3	2	3
23	58	4	3	6
23	59	3	3	2
23	60	2	1	3
24	1	4	4	6
24	2	1	0	2
24	3	3	2	5
24	4	4	1	4
24	5	-1	1	0
24	6	3	2	2
24	7	0	1	-1
24	8	2	3	3
24	9	3	4	4
24	10	0	1	3
24	11	4	2	5
24	12	3	3	7
24	13	1	2	2
24	14	4	3	5
24	15	3	2	5
24	16	0	1	3
24	17	2	1	0
24	18	-2	0	0
24	19	3	4	3
24	20	1	3	1
24	21	5	3	5
24	22	3	1	2
24	23	3	4	4
24	24	4	3	4
24	25	2	1	5
24	26	3	2	5
24	27	3	2	5
24	28	2	3	5
24	29	3	2	7
24	30	1	3	5
24	31	2	3	1
24	32	5	3	5
24	33	2	2	4
24	34	2	3	4
24	35	2	2	7
24	36	3	1	4
24	37	2	2	4
24	38	4	2	4
24	39	3	2	6
24	40	2	2	3
24	41	3	1	1
24	42	0	2	0
24	43	1	1	4
24	44	2	2	1
24	45	0	1	0
24	46	0	2	1
24	47	5	3	4
24	48	0	2	4
24	49	0	1	0
24	50	3	1	3
24	51	5	4	4
24	52	4	3	5
24	53	3	1	4
24	54	4	2	5
24	55	0	1	2
24	56	3	4	6
24	57	0	0	2
24	58	2	2	3
24	59	8	3	8
24	60	4	3	6
25	1	3	3	3
25	2	2	2	0
25	3	2	2	2
25	4	6	4	9
25	5	1	3	2
25	6	3	2	3
25	7	4	2	5
25	8	5	4	7
25	9	4	3	7
25	10	2	1	2
25	11	2	2	3
25	12	1	3	2
25	13	3	1	3
25	14	3	1	5
25	15	5	2	5
25	16	7	3	8
25	17	4	2	7
25	18	1	1	2
25	19	5	4	5
25	20	2	2	7
25	21	3	2	3
25	22	0	1	1
25	23	4	4	4
25	24	4	2	6
25	25	3	1	1
25	26	3	3	3
25	27	3	2	4
25	28	3	2	7
25	29	3	2	5
25	30	1	0	4
25	31	3	2	2
25	32	2	2	4
25	33	2	3	2
25	34	1	2	3
25	35	3	3	5
25	36	6	3	2
25	37	6	4	8
25	38	2	0	0
25	39	2	3	2
25	40	4	3	5
25	41	5	4	9
25	42	1	2	4
25	43	2	1	3
25	44	2	2	3
25	45	3	3	6
25	46	3	4	7
25	47	3	3	3
25	48	5	2	5
25	49	4	3	4
25	50	4	2	5
25	51	4	1	6
25	52	3	3	6
25	53	4	2	3
25	54	6	2	5
25	55	2	2	4
25	56	6	2	6
25	57	1	2	4
25	58	2	4	5
25	59	2	0	3
25	60	2	2	3
26	1	1	1	4
26	2	1	0	2
26	3	0	0	1
26	4	2	1	4
26	5	3	1	4
26	6	-1	0	-2
26	7	1	2	1
26	8	0	1	0
26	9	-1	0	0
26	10	2	1	4
26	11	0	1	0
26	12	4	1	4
26	13	1	1	0
26	14	1	1	6
26	15	1	2	1
26	16	0	0	-2
26	17	2	2	5
26	18	2	1	4
26	19	0	1	2
26	20	1	1	3
26	21	4	2	4
26	22	2	1	2
26	23	-1	0	0
26	24	0	1	-1
26	25	0	0	1
26	26	1	2	5
26	27	3	0	3
26	28	1	1	1
26	29	2	2	3
26	30	2	0	1
26	31	1	0	2
26	32	4	2	6
26	33	-2	0	0
26	34	0	0	3
26	35	1	1	2
26	36	1	2	4
26	37	0	0	1
26	38	2	2	0
26	39	4	3	6
26	40	2	3	4
26	41	-1	0	-2
26	42	0	2	0
26	43	0	1	2
26	44	0	0	0
26	45	2	1	1
26	46	0	2	2
26	47	0	1	2
26	48	5	1	6
26	49	-1	0	-2
26	50	3	0	3
26	51	2	1	1
26	52	3	2	3
26	53	0	2	1
26	54	2	0	2
26	55	-2	0	0
26	56	0	0	0
26	57	5	2	7
26	58	3	2	3
26	59	4	3	6
26	60	3	2	1
27	1	5	5	11
27	2	5	5	8
27	3	4	4	7
27	4	4	4	5
27	5	3	3	4
27	6	3	1	3
27	7	6	3	7
27	8	5	5	7
27	9	7	4	9
27	10	4	4	6
27	11	5	4	6
27	12	9	6	12
27	13	5	5	5
27	14	8	5	9
27	15	5	5	6
27	16	4	4	7
27	17	5	4	9
27	18	10	5	9
27	19	3	4	7
27	20	6	5	8
27	21	3	3	2
27	22	3	3	5
27	23	5	3	5
27	24	6	4	8
27	25	4	4	7
27	26	4	4	6
27	27	8	5	7
27	28	9	5	8
27	29	4	2	3
27	30	6	6	4
27	31	2	3	3
27	32	4	3	3
27	33	5	5	8
27	34	6	4	8
27	35	8	5	9
27	36	4	2	5
27	37	2	2	2
27	38	3	3	3
27	39	6	3	8
27	40	4	4	7
27	41	0	2	3
27	42	4	4	7
27	43	6	4	9
27	44	6	4	6
27	45	4	3	5
27	46	2	2	3
27	47	4	4	4
27	48	6	4	8
27	49	5	4	8
27	50	2	3	3
27	51	5	5	9
27	52	4	4	7
27	53	6	4	6
27	54	3	4	4
27	55	4	3	6
27	56	4	4	4
27	57	7	5	7
27	58	7	6	5
27	59	4	4	7
27	60	7	5	9
28	1	2	2	3
28	2	7	2	6
28	3	4	2	3
28	4	4	3	5
28	5	5	4	6
28	6	6	4	8
28	7	6	4	6
28	8	2	4	5
28	9	2	4	3
28	10	5	3	9
28	11	4	4	5
28	12	4	4	7
28	13	3	3	5
28	14	6	5	8
28	15	2	2	4
28	16	6	3	7
28	17	2	3	3
28	18	0	1	-1
28	19	1	3	4
28	20	3	3	5
28	21	4	3	6
28	22	2	1	1
28	23	3	3	3
28	24	6	4	6
28	25	5	3	6
28	26	3	5	6
28	27	2	2	4
28	28	4	4	5
28	29	4	4	3
28	30	4	3	7
28	31	5	2	7
28	32	5	5	2
28	33	-1	0	-1
28	34	6	4	9
28	35	5	5	9
28	36	1	1	0
28	37	4	3	8
28	38	6	3	6
28	39	4	4	6
28	40	6	6	7
28	41	1	2	3
28	42	8	5	9
28	43	2	3	3
28	44	4	3	8
28	45	3	2	7
28	46	3	2	3
28	47	4	3	4
28	48	2	2	5
28	49	6	4	10
28	50	3	4	4
28	51	4	3	8
28	52	4	3	4
28	53	2	3	4
28	54	2	1	3
28	55	3	3	5
28	56	2	1	0
28	57	4	2	1
28	58	2	3	4
28	59	3	3	0
28	60	5	3	6
29	1	4	2	4
29	2	0	2	0
29	3	3	1	4
29	4	2	1	6
29	5	0	1	0
29	6	1	2	2
29	7	2	2	5
29	8	2	0	2
29	9	1	1	3
29	10	4	1	5
29	11	0	1	2
29	12	2	2	3
29	13	1	2	2
29	14	4	4	7
29	15	2	3	4
29	16	1	1	3
29	17	1	0	2
29	18	2	0	2
29	19	3	3	2
29	20	4	0	5
29	21	1	2	1
29	22	3	2	3
29	23	2	3	3
29	24	0	1	1
29	25	3	0	3
29	26	3	3	7
29	27	4	3	3
29	28	3	1	3
29	29	1	1	0
29	30	4	2	4
29	31	0	1	1
29	32	1	0	-1
29	33	2	2	2
29	34	2	3	4
29	35	5	4	9
29	36	0	2	1
29	37	2	1	3
29	38	4	2	7
29	39	4	2	4
29	40	3	2	1
29	41	1	2	1
29	42	1	2	4
29	43	6	3	6
29	44	1	2	4
29	45	0	0	1
29	46	5	2	5
29	47	1	1	3
29	48	0	2	2
29	49	2	1	6
29	50	3	1	2
29	51	2	2	4
29	52	0	2	3
29	53	1	2	2
29	54	2	1	2
29	55	1	2	4
29	56	3	3	5
29	57	2	2	3
29	58	3	2	4
29	59	0	0	1
29	60	3	2	2
30	1	6	4	9
30	2	4	4	5
30	3	7	6	9
30	4	5	5	7
30	5	2	5	5
30	6	7	5	8
30	7	6	4	7
30	8	5	4	6
30	9	6	4	8
30	10	3	3	4
30	11	3	4	4
30	12	4	4	5
30	13	4	4	8
30	14	7	5	10
30	15	7	6	11
30	16	5	5	9
30	17	5	4	10
30	18	6	4	10
30	19	4	5	6
30	20	2	3	2
30	21	5	5	8
30	22	6	4	5
30	23	6	5	8
30	24	5	4	5
30	25	4	6	6
30	26	5	3	5
30	27	5	4	9
30	28	8	6	8
30	29	7	4	9
30	30	5	6	6
30	31	3	3	5
30	32	8	5	9
30	33	6	4	8
30	34	4	4	7
30	35	6	5	10
30	36	6	5	9
30	37	3	4	3
30	38	9	5	9
30	39	3	4	9
30	40	7	5	9
30	41	6	4	6
30	42	4	4	7
30	43	3	3	2
30	44	3	3	4
30	45	5	3	6
30	46	6	5	5
30	47	3	3	4
30	48	6	6	9
30	49	7	5	10
30	50	3	3	6
30	51	6	5	8
30	52	5	3	6
30	53	5	5	5
30	54	7	5	9
30	55	7	7	7
30	56	4	3	7
30	57	6	3	7
30	58	4	4	4
30	59	6	5	8
30	60	2	4	4
31	1	0	1	1
31	2	6	6	11
31	3	8	6	9
31	4	5	3	5
31	5	5	5	8
31	6	2	3	5
31	7	5	6	8
31	8	4	3	7
31	9	6	4	7
31	10	2	1	1
31	11	7	4	7
31	12	4	2	4
31	13	1	4	3
31	14	4	3	7
31	15	3	3	4
31	16	6	5	7
31	17	2	1	1
31	18	3	4	4
31	19	6	4	8
31	20	8	4	7
31	21	7	3	7
31	22	6	5	9
31	23	5	4	6
31	24	4	3	3
31	25	6	3	5
31	26	5	5	8
31	27	9	5	8
31	28	1	2	3
31	29	5	3	6
31	30	5	6	7
31	31	2	2	3
31	32	2	3	3
31	33	3	5	7
31	34	1	2	6
31	35	5	3	8
31	36	6	3	7
31	37	7	4	10
31	38	2	3	1
31	39	5	5	8
31	40	2	3	4
31	41	3	2	4
31	42	7	4	8
31	43	7	4	7
31	44	4	3	4
31	45	5	4	5
31	46	5	1	5
31	47	1	3	5
31	48	5	3	5
31	49	4	2	6
31	50	4	3	8
31	51	7	5	9
31	52	2	2	3
31	53	4	2	6
31	54	7	4	12
31	55	4	3	3
31	56	0	2	0
31	57	5	3	8
31	58	2	3	4
31	59	2	3	4
31	60	5	3	8
32	1	5	5	8
32	2	1	3	3
32	3	6	3	6
32	4	4	2	3
32	5	4	0	2
32	6	7	2	6
32	7	5	4	2
32	8	3	0	2
32	9	1	2	3
32	10	5	2	9
32	11	0	1	-2
32	12	4	3	7
32	13	1	1	0
32	14	3	2	2
32	15	2	3	2
32	16	6	3	7
32	17	3	3	4
32	18	3	2	4
32	19	4	3	5
32	20	1	0	3
32	21	3	3	2
32	22	5	4	7
32	23	4	4	7
32	24	2	1	3
32	25	2	3	4
32	26	1	1	1
32	27	3	2	4
32	28	6	3	7
32	29	2	1	-2
32	30	0	2	0
32	31	4	5	6
32	32	2	1	0
32	33	3	2	8
32	34	4	3	3
32	35	3	3	6
32	36	5	2	5
32	37	2	3	5
32	38	0	2	0
32	39	3	2	3
32	40	6	5	10
32	41	4	3	5
32	42	1	3	5
32	43	2	3	5
32	44	2	3	3
32	45	6	4	10
32	46	2	2	4
32	47	4	2	3
32	48	3	3	5
32	49	3	3	4
32	50	7	5	9
32	51	0	1	3
32	52	8	4	7
32	53	4	2	1
32	54	6	4	7
32	55	-1	2	1
32	56	4	4	8
32	57	3	2	6
32	58	2	1	4
32	59	3	2	3
32	60	3	3	5
33	1	6	4	8
33	2	2	4	7
33	3	5	5	7
33	4	8	5	8
33	5	1	4	4
33	6	4	5	7
33	7	7	4	4
33	8	5	2	3
33	9	4	4	4
33	10	6	3	7
33	11	4	3	8
33	12	7	5	7
33	13	3	3	5
33	14	4	3	3
33	15	6	4	8
33	16	1	4	4
33	17	5	3	8
33	18	6	5	13
33	19	5	2	6
33	20	5	5	9
33	21	3	3	6
33	22	6	5	9
33	23	5	6	7
33	24	2	2	3
33	25	2	3	3
33	26	4	3	5
33	27	7	4	6
33	28	5	3	5
33	29	7	5	8
33	30	4	4	3
33	31	4	4	6
33	32	6	5	6
33	33	3	2	6
33	34	8	5	7
33	35	6	4	7
33	36	4	3	5
33	37	3	2	4
33	38	4	3	4
33	39	7	6	9
33	40	4	3	3
33	41	3	3	4
33	42	7	5	6
33	43	6	5	7
33	44	6	6	7
33	45	3	4	6
33	46	7	5	9
33	47	2	2	4
33	48	4	5	7
33	49	6	4	7
33	50	4	5	8
33	51	4	3	8
33	52	6	6	10
33	53	7	5	10
33	54	4	5	6
33	55	4	4	6
33	56	3	4	5
33	57	6	4	6
33	58	5	3	5
33	59	8	5	11
33	60	2	3	3
34	1	3	2	3
34	2	5	4	5
34	3	6	4	6
34	4	6	4	7
34	5	2	3	7
34	6	4	4	8
34	7	4	3	5
34	8	6	5	12
34	9	7	5	7
34	10	6	3	6
34	11	6	5	8
34	12	6	5	9
34	13	2	2	4
34	14	5	3	5
34	15	5	5	6
34	16	4	3	7
34	17	5	5	6
34	18	2	4	6
34	19	6	1	5
34	20	2	2	2
34	21	2	3	6
34	22	4	3	7
34	23	6	3	8
34	24	7	5	11
34	25	5	4	6
34	26	4	4	7
34	27	5	5	6
34	28	7	4	7
34	29	4	5	6
34	30	5	3	5
34	31	6	4	8
34	32	3	3	3
34	33	8	5	7
34	34	6	4	6
34	35	7	4	5
34	36	4	3	8
34	37	6	5	6
34	38	5	3	8
34	39	2	1	2
34	40	4	3	3
34	41	6	4	7
34	42	5	3	7
34	43	4	4	6
34	44	4	4	4
34	45	4	5	4
34	46	2	3	3
34	47	7	5	7
34	48	3	3	3
34	49	4	3	5
34	50	4	3	3
34	51	4	3	5
34	52	4	5	3
34	53	5	4	7
34	54	4	3	6
34	55	5	4	5
34	56	1	1	2
34	57	3	2	4
34	58	4	5	5
34	59	2	2	4
34	60	4	2	6
35	1	7	4	8
35	2	5	4	5
35	3	5	3	3
35	4	4	3	6
35	5	5	5	5
35	6	4	4	5
35	7	4	2	6
35	8	5	4	7
35	9	6	4	8
35	10	6	5	6
35	11	5	3	6
35	12	5	4	6
35	13	7	4	8
35	14	5	4	7
35	15	5	3	6
35	16	3	3	5
35	17	6	2	7
35	18	4	4	6
35	19	5	3	7
35	20	4	5	6
35	21	5	5	7
35	22	4	3	5
35	23	2	3	1
35	24	4	5	7
35	25	7	5	9
35	26	3	2	5
35	27	5	2	5
35	28	4	4	7
35	29	2	3	4
35	30	5	5	8
35	31	5	3	7
35	32	4	4	4
35	33	6	5	9
35	34	6	5	9
35	35	5	3	7
35	36	7	4	7
35	37	3	3	4
35	38	3	4	3
35	39	5	5	6
35	40	6	6	5
35	41	3	3	7
35	42	3	3	6
35	43	3	3	5
35	44	5	6	8
35	45	1	1	2
35	46	5	3	6
35	47	7	5	6
35	48	2	4	6
35	49	5	3	5
35	50	2	3	2
35	51	6	5	8
35	52	2	2	4
35	53	2	2	1
35	54	3	4	6
35	55	6	4	6
35	56	2	4	6
35	57	4	5	4
35	58	5	4	5
35	59	3	2	3
35	60	4	4	7
36	1	5	2	7
36	2	7	5	7
36	3	6	3	7
36	4	6	4	8
36	5	5	4	5
36	6	4	6	6
36	7	3	1	1
36	8	5	2	3
36	9	5	3	7
36	10	6	4	7
36	11	5	6	6
36	12	5	4	9
36	13	3	3	4
36	14	5	3	4
36	15	5	5	7
36	16	3	3	7
36	17	5	4	5
36	18	3	3	8
36	19	7	3	7
36	20	4	3	6
36	21	5	4	6
36	22	2	3	4
36	23	5	3	3
36	24	3	3	5
36	25	2	2	5
36	26	4	4	7
36	27	4	4	6
36	28	5	4	3
36	29	6	5	8
36	30	6	4	7
36	31	6	5	9
36	32	5	4	5
36	33	4	4	7
36	34	5	4	9
36	35	4	4	6
36	36	2	2	2
36	37	4	3	3
36	38	5	4	9
36	39	2	3	5
36	40	5	5	8
36	41	5	3	4
36	42	4	4	4
36	43	5	3	3
36	44	6	4	7
36	45	4	3	7
36	46	7	5	7
36	47	4	3	7
36	48	4	3	6
36	49	6	4	8
36	50	5	5	6
36	51	9	5	10
36	52	4	3	7
36	53	5	3	5
36	54	3	3	10
36	55	5	5	10
36	56	4	3	6
36	57	5	4	6
36	58	1	3	6
36	59	2	4	4
36	60	7	4	9
37	1	3	2	5
37	2	5	4	6
37	3	3	3	5
37	4	7	5	10
37	5	5	4	6
37	6	4	4	7
37	7	5	5	8
37	8	0	3	2
37	9	4	3	2
37	10	6	4	8
37	11	4	4	6
37	12	7	4	8
37	13	4	4	5
37	14	1	1	1
37	15	2	3	4
37	16	5	3	7
37	17	5	5	8
37	18	5	3	6
37	19	4	6	5
37	20	3	3	6
37	21	3	2	4
37	22	2	4	4
37	23	7	6	6
37	24	5	5	9
37	25	6	4	7
37	26	5	5	7
37	27	3	4	4
37	28	6	5	7
37	29	5	3	5
37	30	3	2	5
37	31	2	4	5
37	32	5	3	4
37	33	5	4	5
37	34	5	3	5
37	35	2	4	4
37	36	1	3	1
37	37	7	4	8
37	38	3	3	4
37	39	5	3	6
37	40	3	2	3
37	41	2	3	4
37	42	3	4	4
37	43	1	3	3
37	44	0	0	3
37	45	5	4	5
37	46	7	5	6
37	47	3	4	5
37	48	5	4	7
37	49	2	3	4
37	50	5	4	3
37	51	4	3	6
37	52	3	3	4
37	53	3	2	5
37	54	4	4	3
37	55	5	2	5
37	56	6	4	6
37	57	5	4	6
37	58	3	3	3
37	59	2	3	3
37	60	4	3	7
38	1	3	3	4
38	2	3	3	4
38	3	6	4	7
38	4	3	2	3
38	5	4	4	8
38	6	2	2	3
38	7	4	3	3
38	8	2	3	4
38	9	4	2	4
38	10	3	4	6
38	11	2	4	5
38	12	2	3	3
38	13	0	1	0
38	14	5	2	4
38	15	4	4	5
38	16	3	3	5
38	17	5	4	6
38	18	3	3	5
38	19	5	4	6
38	20	5	5	6
38	21	1	2	2
38	22	3	3	3
38	23	5	4	9
38	24	3	2	4
38	25	2	2	7
38	26	3	3	4
38	27	5	4	5
38	28	5	3	4
38	29	2	3	4
38	30	2	2	5
38	31	4	3	6
38	32	3	2	3
38	33	4	3	6
38	34	4	4	5
38	35	2	3	4
38	36	7	5	4
38	37	6	6	9
38	38	6	4	7
38	39	4	4	3
38	40	0	1	2
38	41	5	3	4
38	42	4	4	8
38	43	4	3	6
38	44	3	2	2
38	45	0	3	2
38	46	4	3	6
38	47	4	4	7
38	48	5	4	7
38	49	5	3	5
38	50	1	3	2
38	51	1	1	2
38	52	1	2	0
38	53	5	3	5
38	54	3	4	7
38	55	3	3	6
38	56	1	3	5
38	57	6	4	8
38	58	3	3	4
38	59	8	4	6
38	60	5	3	7
39	1	5	4	5
39	2	3	2	6
39	3	2	2	7
39	4	1	2	1
39	5	1	2	2
39	6	3	3	5
39	7	0	4	5
39	8	2	1	5
39	9	4	2	5
39	10	3	2	4
39	11	3	3	2
39	12	2	3	5
39	13	2	1	1
39	14	4	2	7
39	15	4	2	5
39	16	3	1	2
39	17	2	2	0
39	18	2	2	3
39	19	3	1	4
39	20	1	2	2
39	21	3	1	0
39	22	4	4	5
39	23	3	3	1
39	24	1	1	4
39	25	5	3	7
39	26	4	4	6
39	27	5	3	4
39	28	3	3	5
39	29	2	3	4
39	30	4	3	5
39	31	2	2	6
39	32	4	4	6
39	33	6	5	8
39	34	1	4	3
39	35	1	1	4
39	36	3	2	5
39	37	5	5	11
39	38	2	2	4
39	39	6	4	6
39	40	1	1	5
39	41	1	2	5
39	42	2	2	3
39	43	3	3	3
39	44	5	4	7
39	45	4	3	4
39	46	3	2	6
39	47	7	3	6
39	48	6	4	7
39	49	3	2	7
39	50	0	2	2
39	51	1	2	3
39	52	0	1	1
39	53	0	1	-2
39	54	5	4	10
39	55	2	3	2
39	56	2	3	5
39	57	4	5	6
39	58	2	2	4
39	59	1	3	5
39	60	3	3	4
40	1	2	3	4
40	2	3	3	0
40	3	5	3	7
40	4	4	3	4
40	5	4	2	3
40	6	1	2	3
40	7	5	3	5
40	8	5	3	6
40	9	6	4	4
40	10	3	3	5
40	11	2	2	1
40	12	3	2	4
40	13	4	3	3
40	14	2	1	3
40	15	4	4	7
40	16	4	3	1
40	17	0	0	0
40	18	0	0	0
40	19	3	1	5
40	20	4	2	3
40	21	0	1	0
40	22	1	1	2
40	23	4	2	4
40	24	3	3	7
40	25	1	2	1
40	26	1	1	1
40	27	0	2	2
40	28	3	4	4
40	29	6	3	4
40	30	2	1	2
40	31	0	2	3
40	32	2	1	4
40	33	3	4	3
40	34	2	3	4
40	35	6	3	6
40	36	3	1	3
40	37	1	4	2
40	38	3	1	3
40	39	1	3	0
40	40	4	4	4
40	41	4	2	5
40	42	7	4	9
40	43	4	4	4
40	44	2	3	4
40	45	3	3	3
40	46	5	3	9
40	47	4	4	5
40	48	3	2	4
40	49	0	1	4
40	50	3	2	4
40	51	4	3	2
40	52	4	3	6
40	53	3	2	5
40	54	4	1	2
40	55	3	3	4
40	56	5	4	7
40	57	4	2	4
40	58	1	2	3
40	59	4	2	5
40	60	3	1	2
41	1	3	3	6
41	2	5	3	6
41	3	2	2	4
41	4	3	2	2
41	5	3	1	4
41	6	1	2	6
41	7	4	4	7
41	8	3	3	2
41	9	3	1	5
41	10	0	1	0
41	11	2	1	3
41	12	0	1	4
41	13	0	3	1
41	14	3	2	5
41	15	1	2	6
41	16	3	2	2
41	17	3	3	4
41	18	3	2	4
41	19	3	3	6
41	20	2	1	2
41	21	2	0	0
41	22	5	1	3
41	23	6	4	5
41	24	4	1	2
41	25	2	0	2
41	26	4	1	3
41	27	2	3	2
41	28	2	2	4
41	29	1	2	6
41	30	4	4	8
41	31	3	3	5
41	32	1	2	4
41	33	4	2	3
41	34	1	1	1
41	35	2	2	1
41	36	5	4	8
41	37	6	4	4
41	38	3	2	2
41	39	1	2	1
41	40	0	1	3
41	41	4	5	5
41	42	2	2	4
41	43	2	1	4
41	44	6	4	7
41	45	2	3	4
41	46	4	2	3
41	47	5	3	7
41	48	2	2	1
41	49	3	4	6
41	50	3	2	6
41	51	0	2	2
41	52	2	3	5
41	53	0	2	4
41	54	3	1	3
41	55	2	3	4
41	56	2	2	3
41	57	5	2	2
41	58	4	3	5
41	59	1	2	2
41	60	6	3	5
42	1	6	5	10
42	2	3	2	7
42	3	2	4	5
42	4	3	2	4
42	5	3	3	7
42	6	3	3	2
42	7	4	3	6
42	8	4	1	1
42	9	5	3	5
42	10	5	4	7
42	11	5	5	7
42	12	7	5	10
42	13	2	4	4
42	14	4	4	7
42	15	1	2	0
42	16	1	2	2
42	17	3	4	6
42	18	2	2	0
42	19	2	1	5
42	20	2	3	2
42	21	3	2	4
42	22	2	3	4
42	23	2	1	4
42	24	0	0	0
42	25	4	3	5
42	26	4	2	4
42	27	5	3	5
42	28	3	3	2
42	29	6	3	7
42	30	5	3	10
42	31	0	0	0
42	32	6	3	7
42	33	1	1	3
42	34	2	3	4
42	35	2	1	4
42	36	3	3	2
42	37	5	3	5
42	38	4	2	6
42	39	4	3	5
42	40	1	2	0
42	41	5	4	5
42	42	4	4	4
42	43	4	3	5
42	44	3	3	4
42	45	5	3	7
42	46	2	2	2
42	47	4	4	9
42	48	1	3	4
42	49	5	3	6
42	50	2	3	3
42	51	4	1	4
42	52	4	3	8
42	53	4	3	5
42	54	3	3	6
42	55	6	2	5
42	56	5	4	6
42	57	3	3	3
42	58	5	4	5
42	59	2	3	5
42	60	2	3	5
43	1	1	3	3
43	2	2	2	5
43	3	2	0	3
43	4	2	2	2
43	5	1	1	2
43	6	3	1	3
43	7	2	1	2
43	8	3	4	8
43	9	3	4	6
43	10	1	2	3
43	11	4	2	5
43	12	3	2	2
43	13	2	2	1
43	14	3	3	2
43	15	0	1	4
43	16	1	2	0
43	17	0	2	1
43	18	0	0	0
43	19	2	2	1
43	20	2	3	4
43	21	3	2	3
43	22	0	1	0
43	23	3	2	4
43	24	5	1	5
43	25	5	2	8
43	26	4	1	7
43	27	1	1	2
43	28	1	1	0
43	29	1	0	0
43	30	4	2	3
43	31	2	2	7
43	32	0	2	1
43	33	0	1	0
43	34	3	2	3
43	35	-2	0	1
43	36	4	2	7
43	37	1	1	5
43	38	0	1	-1
43	39	1	2	4
43	40	3	1	1
43	41	-1	0	0
43	42	1	1	4
43	43	2	0	1
43	44	0	1	2
43	45	1	3	2
43	46	2	0	5
43	47	4	3	8
43	48	-1	1	-1
43	49	2	1	3
43	50	0	1	0
43	51	3	3	4
43	52	3	2	4
43	53	2	3	4
43	54	1	0	0
43	55	3	2	4
43	56	4	2	3
43	57	3	3	8
43	58	2	2	2
43	59	2	3	4
43	60	1	2	1
44	1	5	4	9
44	2	8	6	7
44	3	4	5	7
44	4	7	4	7
44	5	7	5	12
44	6	8	7	12
44	7	10	6	11
44	8	6	5	9
44	9	7	6	7
44	10	7	4	8
44	11	5	6	4
44	12	8	6	9
44	13	5	6	8
44	14	6	5	7
44	15	5	6	9
44	16	6	5	7
44	17	7	6	7
44	18	5	5	6
44	19	7	6	8
44	20	7	7	10
44	21	7	5	8
44	22	6	4	6
44	23	8	8	12
44	24	10	6	12
44	25	7	7	10
44	26	6	6	10
44	27	8	5	9
44	28	7	6	10
44	29	8	5	8
44	30	6	6	7
44	31	8	5	8
44	32	6	4	7
44	33	10	7	9
44	34	8	5	10
44	35	5	4	4
44	36	6	5	6
44	37	8	6	8
44	38	9	6	9
44	39	5	6	6
44	40	5	4	5
44	41	7	5	9
44	42	5	4	4
44	43	7	5	9
44	44	6	5	6
44	45	5	4	6
44	46	9	6	10
44	47	6	5	4
44	48	6	4	8
44	49	4	5	8
44	50	7	7	10
44	51	6	5	8
44	52	6	5	7
44	53	6	4	7
44	54	5	4	6
44	55	9	6	8
44	56	3	4	8
44	57	5	5	6
44	58	4	4	5
44	59	4	3	7
44	60	6	5	9
45	1	6	6	8
45	2	8	5	10
45	3	5	5	5
45	4	3	4	5
45	5	5	3	7
45	6	6	5	7
45	7	1	2	1
45	8	6	4	7
45	9	5	3	4
45	10	4	3	5
45	11	2	2	1
45	12	5	4	5
45	13	2	2	6
45	14	4	3	7
45	15	5	5	5
45	16	5	4	5
45	17	5	5	9
45	18	3	4	5
45	19	4	3	4
45	20	4	5	4
45	21	4	4	5
45	22	4	5	5
45	23	4	4	5
45	24	6	5	8
45	25	4	4	7
45	26	4	4	7
45	27	7	6	8
45	28	7	4	8
45	29	7	6	9
45	30	4	5	6
45	31	8	6	8
45	32	6	4	10
45	33	2	4	5
45	34	5	5	6
45	35	3	3	5
45	36	5	4	9
45	37	5	4	6
45	38	5	3	5
45	39	5	2	7
45	40	6	3	4
45	41	9	5	9
45	42	8	4	9
45	43	6	3	7
45	44	6	5	7
45	45	5	4	7
45	46	7	5	7
45	47	9	4	10
45	48	8	5	10
45	49	5	3	5
45	50	6	5	5
45	51	3	4	5
45	52	3	4	4
45	53	5	4	6
45	54	7	5	9
45	55	2	3	2
45	56	3	5	5
45	57	4	4	7
45	58	4	3	8
45	59	9	5	7
45	60	5	3	4
46	1	2	1	1
46	2	1	0	3
46	3	4	1	2
46	4	4	4	6
46	5	2	0	4
46	6	3	3	4
46	7	1	1	1
46	8	5	4	5
46	9	3	2	5
46	10	-2	0	-1
46	11	1	2	4
46	12	2	1	2
46	13	-1	1	0
46	14	0	1	3
46	15	0	0	1
46	16	3	2	5
46	17	4	2	1
46	18	3	2	4
46	19	3	1	3
46	20	4	2	5
46	21	2	0	3
46	22	0	0	-2
46	23	1	3	3
46	24	2	3	5
46	25	2	1	3
46	26	2	4	3
46	27	1	2	4
46	28	3	2	3
46	29	2	2	2
46	30	1	1	1
46	31	3	2	3
46	32	4	2	2
46	33	4	2	6
46	34	1	2	2
46	35	1	1	0
46	36	6	3	8
46	37	1	2	5
46	38	0	1	2
46	39	4	3	6
46	40	2	2	3
46	41	2	2	4
46	42	3	1	0
46	43	2	1	4
46	44	1	2	1
46	45	3	2	2
46	46	1	1	2
46	47	1	1	2
46	48	1	2	3
46	49	2	2	5
46	50	2	2	3
46	51	3	2	3
46	52	1	1	0
46	53	2	2	2
46	54	5	3	6
46	55	3	2	3
46	56	2	2	4
46	57	1	1	2
46	58	4	3	4
46	59	4	2	1
46	60	2	4	4
47	1	4	3	2
47	2	2	3	0
47	3	3	3	4
47	4	4	2	4
47	5	5	3	5
47	6	1	1	2
47	7	5	3	4
47	8	1	3	2
47	9	1	3	2
47	10	4	2	7
47	11	3	2	4
47	12	1	1	2
47	13	4	2	1
47	14	0	2	2
47	15	5	4	8
47	16	6	4	10
47	17	3	2	2
47	18	2	2	5
47	19	4	2	6
47	20	7	5	11
47	21	0	1	1
47	22	1	1	1
47	23	0	2	3
47	24	2	3	1
47	25	2	3	5
47	26	2	3	4
47	27	5	3	8
47	28	5	2	2
47	29	5	5	10
47	30	5	4	7
47	31	2	1	3
47	32	2	2	2
47	33	3	4	4
47	34	2	2	5
47	35	2	2	5
47	36	2	3	4
47	37	4	2	6
47	38	2	2	4
47	39	1	2	4
47	40	2	2	2
47	41	4	3	5
47	42	2	3	7
47	43	5	3	4
47	44	5	2	7
47	45	5	4	7
47	46	5	4	8
47	47	2	3	1
47	48	4	1	5
47	49	1	4	3
47	50	3	2	5
47	51	6	3	2
47	52	4	2	2
47	53	3	2	2
47	54	4	3	4
47	55	3	1	4
47	56	1	4	2
47	57	3	3	5
47	58	3	3	5
47	59	8	3	6
47	60	1	1	3
48	1	6	5	11
48	2	1	2	3
48	3	3	3	5
48	4	0	1	0
48	5	1	1	2
48	6	4	2	5
48	7	3	4	6
48	8	3	2	4
48	9	3	3	2
48	10	1	1	0
48	11	2	1	1
48	12	3	1	3
48	13	4	3	4
48	14	3	3	4
48	15	3	0	5
48	16	4	2	4
48	17	2	3	4
48	18	4	2	2
48	19	4	5	3
48	20	2	1	4
48	21	1	3	4
48	22	3	2	5
48	23	2	2	2
48	24	1	0	3
48	25	2	3	4
48	26	5	4	3
48	27	4	3	6
48	28	1	3	5
48	29	4	3	6
48	30	1	1	1
48	31	1	0	0
48	32	0	1	1
48	33	4	2	7
48	34	4	2	6
48	35	3	2	4
48	36	1	1	5
48	37	6	3	8
48	38	3	5	6
48	39	1	2	1
48	40	1	2	2
48	41	4	2	8
48	42	5	1	5
48	43	2	3	4
48	44	4	3	6
48	45	0	2	0
48	46	1	3	3
48	47	4	1	5
48	48	2	3	5
48	49	2	1	1
48	50	7	3	4
48	51	5	3	7
48	52	2	1	0
48	53	3	2	3
48	54	5	3	6
48	55	3	3	5
48	56	1	1	3
48	57	2	3	1
48	58	3	4	5
48	59	0	1	1
48	60	0	1	4
49	1	5	5	8
49	2	4	4	3
49	3	5	2	3
49	4	5	4	5
49	5	3	3	6
49	6	3	2	5
49	7	5	5	7
49	8	3	2	4
49	9	5	3	4
49	10	6	3	5
49	11	6	4	9
49	12	4	4	4
49	13	5	4	5
49	14	8	4	9
49	15	6	3	3
49	16	7	4	9
49	17	6	4	7
49	18	4	5	7
49	19	7	5	9
49	20	3	4	9
49	21	6	4	5
49	22	8	4	9
49	23	5	2	6
49	24	7	5	6
49	25	1	3	5
49	26	6	4	9
49	27	5	2	5
49	28	3	2	5
49	29	7	6	9
49	30	5	4	7
49	31	6	4	7
49	32	4	4	8
49	33	4	5	7
49	34	7	5	10
49	35	4	4	4
49	36	3	4	7
49	37	3	2	3
49	38	8	5	7
49	39	4	4	6
49	40	5	3	7
49	41	6	5	9
49	42	5	3	5
49	43	6	4	9
49	44	3	1	5
49	45	8	4	8
49	46	6	4	7
49	47	4	4	7
49	48	2	2	4
49	49	8	5	10
49	50	6	4	10
49	51	3	2	3
49	52	8	7	13
49	53	8	7	10
49	54	5	3	5
49	55	5	4	5
49	56	4	2	5
49	57	5	6	6
49	58	4	4	7
49	59	5	4	8
49	60	5	4	8
50	1	7	3	6
50	2	0	1	2
50	3	3	2	4
50	4	4	3	6
50	5	6	2	4
50	6	6	3	6
50	7	0	2	4
50	8	3	3	3
50	9	5	4	6
50	10	5	3	5
50	11	2	4	4
50	12	4	2	5
50	13	1	1	0
50	14	2	2	4
50	15	8	7	10
50	16	3	2	6
50	17	5	4	4
50	18	5	2	5
50	19	4	4	6
50	20	2	3	4
50	21	6	3	7
50	22	2	3	3
50	23	1	2	3
50	24	5	4	7
50	25	4	3	4
50	26	7	4	7
50	27	3	2	4
50	28	5	3	8
50	29	3	2	4
50	30	3	3	4
50	31	6	3	4
50	32	3	3	3
50	33	6	5	9
50	34	4	4	4
50	35	0	3	2
50	36	4	2	6
50	37	1	1	3
50	38	0	1	1
50	39	4	4	6
50	40	4	3	4
50	41	2	2	2
50	42	1	1	5
50	43	4	2	3
50	44	1	2	3
50	45	5	3	6
50	46	4	4	4
50	47	1	1	3
50	48	2	3	3
50	49	4	3	6
50	50	3	2	4
50	51	4	4	6
50	52	3	3	6
50	53	6	3	6
50	54	5	5	8
50	55	4	4	4
50	56	1	2	2
50	57	3	2	3
50	58	6	3	4
50	59	3	2	3
50	60	0	2	0
