1	1	2	3	4
1	2	7	5	7
1	3	3	3	6
1	4	2	3	1
1	5	5	3	5
1	6	1	3	5
1	7	6	4	6
1	8	3	3	3
1	9	3	4	5
1	10	4	4	4
1	11	0	3	1
1	12	1	1	1
1	13	4	4	5
1	14	4	4	6
1	15	5	3	8
1	16	0	2	3
1	17	1	3	1
1	18	0	1	3
1	19	3	2	1
1	20	4	3	5
1	21	2	4	5
1	22	4	2	6
1	23	5	4	6
1	24	2	3	2
1	25	3	2	5
1	26	1	1	0
1	27	3	5	5
1	28	2	2	1
1	29	2	4	0
1	30	3	3	3
1	31	-1	1	0
1	32	0	2	0
1	33	1	3	1
1	34	1	1	0
1	35	-3	0	-5
1	36	2	3	3
1	37	3	4	2
1	38	2	2	1
1	39	0	3	3
1	40	1	4	1
1	41	0	3	4
1	42	5	4	7
1	43	2	3	4
1	44	2	3	3
1	45	0	2	0
1	46	1	2	1
1	47	2	3	1
1	48	1	2	4
1	49	3	4	2
1	50	4	4	4
1	51	3	4	7
1	52	0	2	-1
1	53	0	1	0
1	54	1	3	1
1	55	3	3	4
1	56	0	2	-1
1	57	2	2	2
1	58	4	2	1
1	59	0	2	2
1	60	3	4	4
1	61	5	3	3
1	62	1	2	0
1	63	2	3	2
1	64	2	4	3
1	65	2	3	5
1	66	2	3	4
1	67	4	3	5
1	68	5	4	4
1	69	4	5	8
1	70	2	3	7
1	71	2	4	5
1	72	2	1	3
1	73	0	1	0
1	74	4	3	3
1	75	2	2	1
1	76	-1	1	-1
1	77	1	3	0
1	78	5	2	0
1	79	3	2	2
1	80	3	3	5
1	81	2	3	0
1	82	4	3	3
1	83	2	3	2
1	84	5	4	5
1	85	3	3	5
1	86	4	3	4
1	87	0	2	2
1	88	4	3	5
1	89	5	2	4
1	90	4	4	6
1	91	2	3	3
1	92	6	3	6
1	93	3	4	4
1	94	1	3	1
1	95	2	2	2
1	96	3	4	6
1	97	4	4	5
1	98	3	3	4
1	99	0	1	0
1	100	1	2	2
1	101	1	3	2
1	102	3	2	3
1	103	2	3	5
1	104	3	3	2
1	105	6	5	8
1	106	2	4	4
1	107	3	4	2
1	108	0	1	1
1	109	3	5	6
1	110	1	2	0
1	111	0	1	0
1	112	0	2	0
1	113	4	3	4
1	114	4	3	5
1	115	5	4	7
1	116	2	3	6
1	117	4	5	5
1	118	2	3	2
1	119	2	3	6
1	120	2	1	1
2	1	1	3	5
2	2	4	5	4
2	3	2	1	5
2	4	0	3	0
2	5	1	0	-1
2	6	-1	2	-1
2	7	3	2	1
2	8	0	3	1
2	9	1	1	2
2	10	2	1	3
2	11	1	3	2
2	12	-1	2	0
2	13	0	1	0
2	14	0	2	0
2	15	1	2	1
2	16	0	2	1
2	17	1	0	0
2	18	0	0	-1
2	19	2	2	3
2	20	1	2	4
2	21	1	1	2
2	22	1	1	0
2	23	2	2	2
2	24	2	1	3
2	25	1	1	-1
2	26	1	2	1
2	27	0	2	4
2	28	2	2	4
2	29	0	2	2
2	30	3	3	3
2	31	2	4	3
2	32	4	3	1
2	33	3	3	4
2	34	2	2	1
2	35	6	4	4
2	36	1	3	2
2	37	3	3	5
2	38	4	3	4
2	39	1	2	2
2	40	2	3	4
2	41	4	2	5
2	42	1	2	2
2	43	2	2	4
2	44	1	3	2
2	45	4	3	7
2	46	1	2	2
2	47	4	3	5
2	48	4	3	6
2	49	4	3	4
2	50	3	2	3
2	51	0	2	3
2	52	1	1	0
2	53	0	0	1
2	54	0	0	1
2	55	2	3	4
2	56	0	0	0
2	57	2	3	5
2	58	1	2	2
2	59	3	3	5
2	60	1	2	0
2	61	0	1	3
2	62	0	2	1
2	63	3	3	2
2	64	5	4	7
2	65	5	3	4
2	66	3	5	8
2	67	4	5	8
2	68	1	3	4
2	69	3	3	3
2	70	4	3	7
2	71	4	3	5
2	72	1	3	6
2	73	2	3	6
2	74	3	3	4
2	75	3	3	5
2	76	3	2	3
2	77	2	3	3
2	78	2	2	4
2	79	-2	0	-1
2	80	2	3	1
2	81	3	3	5
2	82	0	2	3
2	83	3	1	2
2	84	2	3	3
2	85	2	4	4
2	86	0	3	1
2	87	0	2	3
2	88	0	2	2
2	89	4	2	5
2	90	3	3	2
2	91	2	2	4
2	92	3	3	4
2	93	2	3	5
2	94	2	3	3
2	95	4	3	2
2	96	0	1	0
2	97	-2	0	0
2	98	1	2	0
2	99	2	2	2
2	100	1	2	8
2	101	1	3	3
2	102	3	2	3
2	103	0	1	2
2	104	0	2	3
2	105	1	1	3
2	106	4	3	3
2	107	2	2	5
2	108	1	1	2
2	109	1	3	2
2	110	0	2	1
2	111	2	3	5
2	112	2	4	0
2	113	4	3	5
2	114	2	3	3
2	115	0	2	0
2	116	1	2	2
2	117	1	2	2
2	118	4	2	7
2	119	2	3	5
2	120	2	3	3
3	1	-1	0	0
3	2	-1	1	2
3	3	-2	0	1
3	4	-2	0	-2
3	5	-2	-1	0
3	6	-3	0	-3
3	7	0	0	-1
3	8	3	1	2
3	9	1	2	1
3	10	0	1	3
3	11	1	1	1
3	12	0	1	-3
3	13	1	0	1
3	14	1	1	1
3	15	0	1	2
3	16	1	1	5
3	17	1	2	0
3	18	2	1	0
3	19	0	0	2
3	20	-2	0	0
3	21	0	0	2
3	22	1	1	2
3	23	1	1	1
3	24	0	0	0
3	25	-4	0	-1
3	26	0	1	0
3	27	3	1	2
3	28	-1	0	1
3	29	-1	0	-2
3	30	0	0	-1
3	31	0	1	1
3	32	-5	0	-5
3	33	0	-1	0
3	34	-1	0	0
3	35	3	0	3
3	36	0	0	1
3	37	0	0	0
3	38	-2	0	-2
3	39	0	0	-1
3	40	1	0	2
3	41	0	1	1
3	42	0	0	1
3	43	-1	0	-1
3	44	0	0	0
3	45	0	0	0
3	46	0	0	0
3	47	0	0	0
3	48	-1	0	-1
3	49	0	0	0
3	50	-1	0	0
3	51	3	1	0
3	52	-3	0	1
3	53	0	0	2
3	54	0	0	-2
3	55	0	0	0
3	56	0	0	2
3	57	-2	0	1
3	58	-2	0	0
3	59	1	0	0
3	60	1	1	1
3	61	0	0	0
3	62	-1	0	0
3	63	2	0	0
3	64	2	1	4
3	65	0	1	1
3	66	0	0	3
3	67	0	0	3
3	68	-2	0	-3
3	69	-3	0	-2
3	70	-2	1	1
3	71	1	1	1
3	72	1	0	3
3	73	1	1	5
3	74	1	2	3
3	75	1	1	4
3	76	1	1	5
3	77	2	2	3
3	78	2	2	1
3	79	0	0	-1
3	80	0	0	2
3	81	-1	0	-2
3	82	1	1	1
3	83	1	1	2
3	84	1	0	1
3	85	4	0	4
3	86	1	2	2
3	87	0	0	0
3	88	2	1	3
3	89	1	1	0
3	90	-1	1	-2
3	91	0	0	-1
3	92	-3	0	-2
3	93	-1	-1	-1
3	94	-2	0	-3
3	95	-1	0	0
3	96	0	0	-1
3	97	1	2	0
3	98	-1	0	-2
3	99	0	0	0
3	100	0	0	0
3	101	1	2	4
3	102	2	0	4
3	103	0	1	-1
3	104	1	1	0
3	105	-2	0	0
3	106	2	2	3
3	107	1	0	0
3	108	0	0	-1
3	109	-3	0	-1
3	110	-2	0	-3
3	111	0	0	1
3	112	0	-1	-3
3	113	-1	0	1
3	114	4	0	3
3	115	3	1	5
3	116	2	0	2
3	117	2	2	0
3	118	-1	0	0
3	119	-2	1	-2
3	120	-2	0	-3
4	1	1	2	1
4	2	2	2	4
4	3	3	2	3
4	4	0	2	0
4	5	3	3	2
4	6	3	1	1
4	7	3	2	1
4	8	5	2	3
4	9	3	3	4
4	10	1	1	-2
4	11	1	1	-1
4	12	0	0	0
4	13	0	2	3
4	14	2	2	2
4	15	0	2	1
4	16	3	4	5
4	17	5	2	4
4	18	3	2	2
4	19	1	2	0
4	20	0	1	-1
4	21	0	1	0
4	22	0	0	0
4	23	3	3	2
4	24	2	2	4
4	25	3	3	2
4	26	2	3	2
4	27	4	3	3
4	28	1	4	3
4	29	4	2	3
4	30	2	4	2
4	31	3	3	4
4	32	4	3	4
4	33	2	2	2
4	34	3	4	5
4	35	2	2	2
4	36	4	3	3
4	37	3	1	3
4	38	4	3	2
4	39	6	4	4
4	40	4	2	3
4	41	4	3	5
4	42	4	4	6
4	43	-1	0	2
4	44	3	1	0
4	45	0	1	0
4	46	0	2	0
4	47	1	3	0
4	48	0	2	0
4	49	2	2	0
4	50	2	1	0
4	51	3	3	6
4	52	2	2	3
4	53	7	5	7
4	54	6	3	7
4	55	4	2	5
4	56	3	4	4
4	57	5	2	5
4	58	1	3	1
4	59	1	3	0
4	60	0	0	-1
4	61	2	1	-2
4	62	5	3	2
4	63	5	3	4
4	64	1	3	3
4	65	3	2	3
4	66	1	1	3
4	67	2	2	2
4	68	1	2	2
4	69	0	3	2
4	70	1	1	0
4	71	2	2	1
4	72	2	2	1
4	73	2	2	0
4	74	0	2	0
4	75	4	2	4
4	76	3	2	2
4	77	0	2	2
4	78	0	2	-1
4	79	3	3	3
4	80	5	2	4
4	81	2	4	0
4	82	0	1	0
4	83	2	2	3
4	84	4	3	4
4	85	7	4	9
4	86	3	3	3
4	87	0	2	1
4	88	0	0	1
4	89	0	1	-1
4	90	4	1	5
4	91	2	3	5
4	92	2	2	0
4	93	2	1	1
4	94	3	3	3
4	95	4	4	4
4	96	6	1	3
4	97	1	2	2
4	98	2	2	4
4	99	4	2	4
4	100	5	4	3
4	101	1	2	1
4	102	0	0	-1
4	103	0	1	-1
4	104	0	2	-3
4	105	1	1	1
4	106	1	1	0
4	107	2	2	4
4	108	4	4	5
4	109	5	4	5
4	110	3	3	2
4	111	5	2	5
4	112	3	3	0
4	113	1	4	2
4	114	2	2	5
4	115	5	4	5
4	116	5	2	3
4	117	2	3	3
4	118	3	1	1
4	119	6	3	4
4	120	0	1	2
5	1	2	1	3
5	2	0	2	2
5	3	2	3	5
5	4	4	2	4
5	5	0	0	3
5	6	1	2	4
5	7	2	2	6
5	8	0	2	0
5	9	4	3	4
5	10	3	3	6
5	11	2	3	4
5	12	0	2	2
5	13	1	0	1
5	14	0	1	6
5	15	3	4	6
5	16	3	3	7
5	17	3	4	6
5	18	0	1	-1
5	19	3	3	1
5	20	3	3	1
5	21	5	5	6
5	22	2	3	4
5	23	3	4	5
5	24	3	3	6
5	25	1	3	6
5	26	2	3	2
5	27	0	1	3
5	28	2	3	5
5	29	3	3	6
5	30	0	2	3
5	31	0	1	1
5	32	4	3	3
5	33	0	2	3
5	34	5	3	4
5	35	5	5	4
5	36	2	3	2
5	37	4	5	4
5	38	2	3	3
5	39	2	3	3
5	40	0	1	5
5	41	2	2	3
5	42	5	2	6
5	43	4	4	5
5	44	3	3	5
5	45	2	3	4
5	46	5	3	5
5	47	1	2	4
5	48	3	3	4
5	49	3	3	6
5	50	0	2	1
5	51	3	1	4
5	52	1	1	0
5	53	0	1	1
5	54	1	3	3
5	55	4	4	6
5	56	2	3	2
5	57	1	2	2
5	58	7	4	6
5	59	2	3	2
5	60	3	2	3
5	61	3	2	1
5	62	-2	0	-3
5	63	0	2	-1
5	64	0	0	-2
5	65	-2	2	-2
5	66	1	1	1
5	67	3	3	6
5	68	3	3	7
5	69	0	2	0
5	70	1	4	2
5	71	1	0	2
5	72	0	2	2
5	73	0	2	2
5	74	3	2	1
5	75	1	1	4
5	76	0	1	1
5	77	1	1	2
5	78	-1	0	-1
5	79	0	2	0
5	80	0	1	0
5	81	1	1	1
5	82	0	0	0
5	83	1	1	3
5	84	0	3	3
5	85	2	2	2
5	86	6	5	11
5	87	5	4	5
5	88	3	3	7
5	89	3	3	3
5	90	1	1	0
5	91	1	2	4
5	92	0	1	1
5	93	0	1	3
5	94	1	2	3
5	95	1	1	1
5	96	0	2	2
5	97	5	3	6
5	98	4	4	4
5	99	2	3	2
5	100	1	2	4
5	101	0	3	2
5	102	1	3	1
5	103	0	3	0
5	104	0	0	1
5	105	2	1	3
5	106	2	1	1
5	107	0	2	0
5	108	-1	1	0
5	109	1	1	0
5	110	-1	0	-1
5	111	0	1	0
5	112	2	3	3
5	113	4	3	4
5	114	2	3	5
5	115	0	1	0
5	116	2	1	1
5	117	-1	1	0
5	118	0	1	0
5	119	0	0	0
5	120	0	1	0
6	1	0	0	0
6	2	0	0	-1
6	3	0	0	0
6	4	0	0	0
6	5	1	0	2
6	6	-4	0	-1
6	7	-3	-1	-7
6	8	0	0	-4
6	9	-1	0	-4
6	10	0	0	-1
6	11	0	-1	-4
6	12	0	0	-1
6	13	-1	1	0
6	14	2	0	1
6	15	0	0	0
6	16	0	0	-1
6	17	-2	-1	-5
6	18	0	1	-1
6	19	0	1	-2
6	20	0	0	1
6	21	0	1	0
6	22	1	1	0
6	23	0	-1	-2
6	24	0	2	0
6	25	5	3	5
6	26	4	2	2
6	27	2	1	6
6	28	3	1	4
6	29	0	1	0
6	30	0	1	-1
6	31	-3	0	-3
6	32	-3	-1	-4
6	33	2	0	-1
6	34	1	0	0
6	35	0	0	0
6	36	-1	0	-6
6	37	-2	-1	-2
6	38	-1	0	-4
6	39	0	1	-1
6	40	-1	0	-1
6	41	3	0	-1
6	42	0	0	-3
6	43	1	0	-1
6	44	4	2	1
6	45	3	1	0
6	46	1	0	3
6	47	0	1	-1
6	48	0	1	0
6	49	-1	-1	-3
6	50	1	1	1
6	51	2	1	0
6	52	0	1	1
6	53	3	1	1
6	54	0	0	0
6	55	2	1	3
6	56	0	1	0
6	57	2	1	2
6	58	1	2	0
6	59	0	1	0
6	60	2	1	1
6	61	-1	1	0
6	62	1	1	1
6	63	5	2	2
6	64	0	1	-1
6	65	0	1	0
6	66	0	1	0
6	67	-1	0	0
6	68	0	0	-1
6	69	0	1	0
6	70	1	1	0
6	71	0	0	0
6	72	2	0	0
6	73	1	0	1
6	74	2	0	2
6	75	0	1	0
6	76	1	2	-1
6	77	3	2	2
6	78	5	2	5
6	79	1	0	0
6	80	0	0	0
6	81	0	0	-3
6	82	0	0	0
6	83	0	1	-2
6	84	2	1	2
6	85	3	1	3
6	86	2	0	-2
6	87	1	0	-1
6	88	3	0	2
6	89	-2	0	0
6	90	-2	0	-3
6	91	-1	0	-1
6	92	-4	-1	-4
6	93	-1	0	-3
6	94	0	0	-1
6	95	-3	-2	-5
6	96	-4	-1	-7
6	97	-2	-1	-3
6	98	0	-1	-2
6	99	-1	0	-2
6	100	0	0	-2
6	101	0	-1	-1
6	102	0	0	-3
6	103	1	0	1
6	104	1	2	4
6	105	2	1	1
6	106	0	0	2
6	107	1	0	-1
6	108	1	0	0
6	109	1	2	2
6	110	1	0	1
6	111	0	0	-2
6	112	-1	0	0
6	113	2	1	0
6	114	3	1	0
6	115	0	0	-1
6	116	0	0	0
6	117	-1	0	-2
6	118	0	0	0
6	119	-1	-1	0
6	120	0	0	-2
7	1	0	2	1
7	2	0	2	1
7	3	0	1	3
7	4	-1	0	0
7	5	0	1	1
7	6	0	1	1
7	7	2	2	4
7	8	1	0	0
7	9	0	1	1
7	10	-2	0	0
7	11	1	2	6
7	12	1	3	6
7	13	2	2	5
7	14	2	2	6
7	15	-1	2	1
7	16	2	3	4
7	17	0	1	5
7	18	0	0	6
7	19	-1	1	3
7	20	0	2	2
7	21	0	2	1
7	22	-2	0	0
7	23	-4	1	0
7	24	-2	0	0
7	25	0	2	1
7	26	0	2	4
7	27	0	3	3
7	28	1	2	2
7	29	3	3	4
7	30	3	2	8
7	31	2	2	2
7	32	1	1	2
7	33	2	3	3
7	34	0	2	2
7	35	5	2	6
7	36	1	2	4
7	37	0	2	4
7	38	-2	2	0
7	39	0	0	3
7	40	-2	2	3
7	41	-4	1	-2
7	42	0	1	1
7	43	0	1	-2
7	44	4	2	6
7	45	2	3	5
7	46	-2	2	-1
7	47	2	2	5
7	48	0	1	2
7	49	2	3	3
7	50	1	3	7
7	51	1	3	3
7	52	2	2	5
7	53	0	0	1
7	54	0	0	2
7	55	0	0	2
7	56	1	2	4
7	57	-1	1	0
7	58	3	1	4
7	59	2	3	3
7	60	0	3	3
7	61	1	4	3
7	62	0	2	3
7	63	2	3	5
7	64	3	3	4
7	65	0	1	2
7	66	0	1	1
7	67	0	4	4
7	68	2	3	6
7	69	3	3	3
7	70	1	2	2
7	71	3	1	3
7	72	1	2	2
7	73	1	2	5
7	74	0	3	2
7	75	2	2	9
7	76	1	2	5
7	77	0	1	1
7	78	1	1	3
7	79	0	1	0
7	80	1	2	3
7	81	0	3	4
7	82	0	0	0
7	83	0	0	2
7	84	0	1	3
7	85	0	1	5
7	86	0	2	2
7	87	0	1	2
7	88	4	1	5
7	89	-1	1	3
7	90	1	2	4
7	91	1	2	7
7	92	4	2	4
7	93	1	2	6
7	94	1	1	0
7	95	-1	0	1
7	96	1	2	3
7	97	0	2	6
7	98	2	3	3
7	99	2	2	2
7	100	4	2	5
7	101	3	3	8
7	102	0	1	2
7	103	2	1	3
7	104	0	2	2
7	105	0	1	4
7	106	0	0	2
7	107	3	3	5
7	108	3	4	8
7	109	1	1	1
7	110	0	0	-1
7	111	1	3	4
7	112	1	2	2
7	113	0	1	3
7	114	0	1	2
7	115	-1	2	2
7	116	2	3	5
7	117	2	2	3
7	118	0	2	6
7	119	1	2	5
7	120	-3	0	-1
8	1	3	3	5
8	2	1	4	4
8	3	5	4	4
8	4	5	4	5
8	5	4	3	5
8	6	5	5	4
8	7	4	5	3
8	8	0	1	0
8	9	1	3	-1
8	10	0	2	0
8	11	4	4	3
8	12	1	3	0
8	13	3	5	4
8	14	4	5	6
8	15	4	4	4
8	16	3	4	6
8	17	3	5	4
8	18	8	5	8
8	19	6	6	9
8	20	4	5	6
8	21	3	4	3
8	22	5	5	9
8	23	5	4	6
8	24	7	3	7
8	25	2	3	2
8	26	5	4	4
8	27	6	5	8
8	28	3	3	4
8	29	3	3	2
8	30	5	5	3
8	31	4	4	3
8	32	4	6	8
8	33	4	5	5
8	34	4	3	4
8	35	4	5	7
8	36	2	3	2
8	37	4	4	4
8	38	2	3	5
8	39	4	4	3
8	40	3	5	2
8	41	0	2	2
8	42	0	4	0
8	43	4	3	4
8	44	5	5	6
8	45	4	3	5
8	46	0	2	0
8	47	4	2	1
8	48	4	5	7
8	49	3	4	2
8	50	1	3	0
8	51	2	3	4
8	52	3	3	3
8	53	6	5	6
8	54	5	5	7
8	55	3	5	4
8	56	8	5	8
8	57	2	4	3
8	58	2	4	3
8	59	5	4	7
8	60	4	5	5
8	61	5	4	6
8	62	8	6	6
8	63	7	5	11
8	64	6	6	8
8	65	5	3	5
8	66	3	6	5
8	67	7	5	5
8	68	3	5	3
8	69	1	3	1
8	70	0	3	0
8	71	2	3	1
8	72	2	3	1
8	73	0	2	0
8	74	3	3	2
8	75	1	4	4
8	76	4	4	5
8	77	4	4	8
8	78	4	5	6
8	79	3	3	2
8	80	3	5	5
8	81	6	3	6
8	82	7	4	8
8	83	4	5	7
8	84	6	6	7
8	85	4	4	5
8	86	3	5	2
8	87	0	2	0
8	88	1	3	2
8	89	1	4	4
8	90	3	5	5
8	91	6	5	7
8	92	4	3	7
8	93	5	5	8
8	94	8	4	7
8	95	3	4	3
8	96	3	4	4
8	97	2	4	2
8	98	2	5	3
8	99	5	5	7
8	100	5	4	6
8	101	6	5	7
8	102	2	2	2
8	103	6	4	5
8	104	5	6	7
8	105	6	5	7
8	106	4	4	7
8	107	5	4	6
8	108	4	4	6
8	109	3	5	1
8	110	1	3	4
8	111	4	4	3
8	112	0	3	1
8	113	4	4	4
8	114	4	3	5
8	115	4	5	5
8	116	2	3	4
8	117	2	4	4
8	118	6	5	4
8	119	3	4	6
8	120	6	5	6
9	1	5	3	2
9	2	5	4	6
9	3	5	4	5
9	4	5	4	6
9	5	0	1	1
9	6	0	2	3
9	7	3	4	3
9	8	4	3	3
9	9	3	2	4
9	10	2	3	5
9	11	4	2	6
9	12	2	4	3
9	13	0	3	-1
9	14	1	2	1
9	15	3	3	1
9	16	4	3	4
9	17	0	3	0
9	18	3	3	5
9	19	6	3	6
9	20	1	2	3
9	21	0	2	0
9	22	1	3	2
9	23	2	1	3
9	24	0	2	0
9	25	0	1	0
9	26	2	1	-2
9	27	2	3	3
9	28	5	4	4
9	29	0	4	0
9	30	5	3	5
9	31	5	3	6
9	32	5	3	6
9	33	2	2	3
9	34	4	3	2
9	35	3	4	4
9	36	2	3	1
9	37	2	2	2
9	38	6	4	6
9	39	5	3	5
9	40	3	5	2
9	41	2	3	3
9	42	2	4	2
9	43	1	1	0
9	44	2	2	2
9	45	1	2	1
9	46	0	3	3
9	47	1	3	4
9	48	1	2	0
9	49	2	4	4
9	50	4	3	3
9	51	3	5	5
9	52	1	2	1
9	53	3	4	5
9	54	3	3	5
9	55	4	3	1
9	56	1	2	1
9	57	4	2	4
9	58	5	4	5
9	59	2	2	0
9	60	1	2	3
9	61	1	3	1
9	62	2	3	0
9	63	3	2	3
9	64	1	3	3
9	65	2	1	0
9	66	2	1	1
9	67	2	2	0
9	68	0	2	1
9	69	0	1	1
9	70	4	3	4
9	71	1	3	3
9	72	1	3	2
9	73	5	4	4
9	74	2	3	7
9	75	4	3	6
9	76	5	5	5
9	77	2	3	5
9	78	0	2	2
9	79	2	3	0
9	80	2	1	1
9	81	2	2	1
9	82	3	2	2
9	83	0	2	1
9	84	2	2	0
9	85	-1	1	-2
9	86	1	2	2
9	87	1	2	0
9	88	1	3	3
9	89	0	2	0
9	90	3	3	3
9	91	1	2	0
9	92	0	2	0
9	93	0	3	1
9	94	0	2	1
9	95	4	2	5
9	96	2	1	0
9	97	3	4	2
9	98	1	3	2
9	99	0	4	1
9	100	2	3	1
9	101	4	3	4
9	102	1	2	1
9	103	1	2	2
9	104	2	3	5
9	105	2	4	2
9	106	3	2	5
9	107	3	3	3
9	108	3	3	4
9	109	3	4	5
9	110	1	2	1
9	111	3	4	4
9	112	3	4	4
9	113	4	3	5
9	114	5	5	8
9	115	2	2	4
9	116	1	3	2
9	117	4	3	2
9	118	3	5	4
9	119	4	4	7
9	120	2	4	3
10	1	3	3	3
10	2	1	2	3
10	3	2	1	0
10	4	4	3	5
10	5	6	4	9
10	6	4	2	8
10	7	3	3	6
10	8	4	2	5
10	9	2	4	0
10	10	2	2	2
10	11	2	2	3
10	12	4	4	4
10	13	4	4	2
10	14	2	1	2
10	15	4	3	5
10	16	4	4	7
10	17	4	3	5
10	18	4	3	5
10	19	3	4	3
10	20	3	2	6
10	21	1	1	2
10	22	2	3	5
10	23	3	2	3
10	24	2	3	5
10	25	1	3	6
10	26	2	1	4
10	27	4	2	2
10	28	2	3	5
10	29	4	3	5
10	30	5	4	4
10	31	1	1	0
10	32	5	3	3
10	33	4	2	6
10	34	1	2	0
10	35	-1	0	1
10	36	1	2	6
10	37	6	4	6
10	38	2	2	5
10	39	2	3	2
10	40	5	3	4
10	41	3	2	4
10	42	4	3	5
10	43	5	3	4
10	44	0	3	0
10	45	2	2	3
10	46	2	2	1
10	47	0	0	3
10	48	4	3	5
10	49	4	3	5
10	50	2	3	2
10	51	3	2	4
10	52	3	2	2
10	53	0	1	-1
10	54	4	1	2
10	55	2	3	4
10	56	1	2	2
10	57	2	2	3
10	58	3	3	3
10	59	2	2	5
10	60	2	1	6
10	61	1	4	5
10	62	3	3	2
10	63	1	3	2
10	64	3	3	4
10	65	1	3	3
10	66	3	3	4
10	67	2	3	4
10	68	6	3	7
10	69	6	3	4
10	70	2	1	3
10	71	3	2	5
10	72	3	3	4
10	73	0	2	0
10	74	2	1	1
10	75	2	4	4
10	76	2	2	5
10	77	6	4	6
10	78	5	3	6
10	79	5	3	8
10	80	1	0	2
10	81	3	3	4
10	82	2	3	4
10	83	5	1	6
10	84	1	1	5
10	85	0	2	2
10	86	5	3	5
10	87	1	1	0
10	88	0	1	-1
10	89	2	2	2
10	90	1	2	5
10	91	3	2	6
10	92	3	2	7
10	93	4	2	6
10	94	0	1	2
10	95	1	2	5
10	96	1	1	2
10	97	5	4	4
10	98	1	3	4
10	99	2	1	5
10	100	1	2	1
10	101	2	2	0
10	102	6	4	7
10	103	2	4	4
10	104	4	2	3
10	105	4	3	4
10	106	4	3	4
10	107	1	2	4
10	108	3	2	4
10	109	0	0	3
10	110	2	1	4
10	111	0	2	1
10	112	0	1	2
10	113	0	1	0
10	114	1	2	0
10	115	0	1	2
10	116	2	1	1
10	117	0	1	0
10	118	0	2	1
10	119	1	1	1
10	120	0	2	1
11	1	3	1	3
11	2	1	0	2
11	3	0	0	0
11	4	1	1	5
11	5	1	1	0
11	6	1	0	1
11	7	3	1	4
11	8	1	1	2
11	9	0	0	-1
11	10	0	1	-1
11	11	0	0	1
11	12	3	2	1
11	13	2	1	0
11	14	-2	0	-1
11	15	1	1	2
11	16	4	2	4
11	17	2	3	5
11	18	5	4	7
11	19	4	2	8
11	20	1	1	2
11	21	2	2	3
11	22	2	0	1
11	23	2	2	2
11	24	4	2	3
11	25	2	2	6
11	26	3	2	2
11	27	2	1	2
11	28	0	1	0
11	29	0	0	0
11	30	1	1	1
11	31	2	1	5
11	32	0	1	0
11	33	-1	0	0
11	34	0	0	-2
11	35	1	2	2
11	36	5	3	6
11	37	0	0	0
11	38	0	0	0
11	39	0	1	2
11	40	1	1	0
11	41	3	1	-1
11	42	-1	1	1
11	43	0	1	0
11	44	0	0	1
11	45	0	1	2
11	46	-2	0	0
11	47	-3	0	0
11	48	3	3	0
11	49	-1	1	0
11	50	-4	0	-3
11	51	0	1	0
11	52	0	0	1
11	53	0	0	0
11	54	0	0	0
11	55	0	1	0
11	56	0	2	2
11	57	1	1	2
11	58	2	2	3
11	59	3	1	0
11	60	2	1	0
11	61	1	2	2
11	62	1	0	3
11	63	0	0	0
11	64	0	0	0
11	65	-3	1	0
11	66	2	0	3
11	67	1	2	3
11	68	0	2	-1
11	69	0	0	0
11	70	-1	0	0
11	71	0	0	0
11	72	0	0	1
11	73	-2	0	-2
11	74	0	1	-2
11	75	0	1	0
11	76	0	1	-1
11	77	4	3	5
11	78	4	4	5
11	79	3	2	3
11	80	1	3	1
11	81	0	1	4
11	82	1	2	3
11	83	1	2	-1
11	84	-1	0	-2
11	85	-1	0	-2
11	86	0	1	-2
11	87	0	1	1
11	88	0	0	0
11	89	-1	0	-1
11	90	1	0	0
11	91	0	1	-1
11	92	-1	1	-2
11	93	-1	0	-3
11	94	-1	0	-2
11	95	1	1	1
11	96	0	0	-1
11	97	0	0	-2
11	98	-1	0	-1
11	99	0	1	0
11	100	1	1	0
11	101	2	1	4
11	102	-1	2	-1
11	103	0	0	0
11	104	2	1	4
11	105	0	1	0
11	106	-1	0	-1
11	107	-1	1	-2
11	108	1	0	-2
11	109	5	3	7
11	110	2	3	4
11	111	0	2	1
11	112	0	1	1
11	113	2	1	0
11	114	1	3	1
11	115	3	3	7
11	116	3	0	0
11	117	1	1	3
11	118	2	1	3
11	119	0	0	0
11	120	2	2	0
12	1	0	1	1
12	2	2	1	-1
12	3	1	1	0
12	4	1	2	3
12	5	3	1	5
12	6	3	3	3
12	7	2	1	4
12	8	2	2	6
12	9	2	1	3
12	10	0	1	0
12	11	1	2	4
12	12	3	1	4
12	13	0	2	2
12	14	0	2	1
12	15	0	1	3
12	16	1	1	0
12	17	3	3	5
12	18	6	5	10
12	19	2	4	5
12	20	3	3	7
12	21	0	2	2
12	22	2	1	2
12	23	2	2	2
12	24	1	1	2
12	25	2	2	4
12	26	1	2	2
12	27	3	1	4
12	28	0	1	1
12	29	1	2	5
12	30	3	3	4
12	31	2	2	6
12	32	5	4	7
12	33	1	0	2
12	34	0	2	2
12	35	0	0	1
12	36	1	1	-1
12	37	3	3	4
12	38	3	2	6
12	39	0	1	1
12	40	0	1	-1
12	41	1	1	4
12	42	1	2	2
12	43	0	2	0
12	44	3	0	4
12	45	3	3	5
12	46	0	1	2
12	47	0	2	0
12	48	0	2	3
12	49	2	3	5
12	50	1	2	4
12	51	0	1	2
12	52	1	1	0
12	53	0	0	3
12	54	0	1	0
12	55	0	1	1
12	56	0	1	2
12	57	1	3	3
12	58	1	0	2
12	59	-1	0	1
12	60	-1	-1	-3
12	61	0	1	0
12	62	0	1	1
12	63	1	0	3
12	64	0	2	0
12	65	0	3	2
12	66	1	1	0
12	67	4	2	5
12	68	0	2	3
12	69	0	1	2
12	70	3	2	6
12	71	0	1	1
12	72	1	2	4
12	73	3	2	7
12	74	0	0	1
12	75	-1	1	0
12	76	2	1	3
12	77	0	2	3
12	78	3	3	4
12	79	0	2	0
12	80	1	1	0
12	81	0	1	2
12	82	1	1	2
12	83	3	3	8
12	84	2	3	4
12	85	0	2	1
12	86	1	2	2
12	87	4	3	8
12	88	2	3	7
12	89	3	3	5
12	90	0	1	2
12	91	0	0	1
12	92	0	1	0
12	93	1	1	3
12	94	3	2	5
12	95	3	2	6
12	96	1	1	1
12	97	2	1	6
12	98	3	3	4
12	99	1	3	5
12	100	3	2	3
12	101	2	1	3
12	102	1	1	2
12	103	1	2	7
12	104	1	0	1
12	105	1	0	2
12	106	0	1	1
12	107	0	0	-1
12	108	0	1	0
12	109	0	0	0
12	110	1	1	1
12	111	0	0	2
12	112	3	1	4
12	113	2	3	4
12	114	0	3	4
12	115	1	2	5
12	116	3	2	7
12	117	2	2	0
12	118	0	2	2
12	119	0	1	3
12	120	1	1	2
13	1	-3	0	-1
13	2	1	2	2
13	3	1	2	3
13	4	-1	0	1
13	5	0	2	0
13	6	1	3	2
13	7	1	3	4
13	8	1	4	4
13	9	0	1	1
13	10	1	4	3
13	11	3	3	7
13	12	1	4	3
13	13	4	3	5
13	14	4	2	5
13	15	-1	2	0
13	16	0	1	0
13	17	0	2	2
13	18	0	1	-2
13	19	1	1	1
13	20	5	4	7
13	21	2	3	3
13	22	2	2	1
13	23	2	2	3
13	24	3	3	1
13	25	3	3	6
13	26	0	1	0
13	27	1	3	0
13	28	3	2	4
13	29	1	2	2
13	30	2	3	2
13	31	2	3	4
13	32	0	1	1
13	33	0	1	2
13	34	2	1	4
13	35	0	1	0
13	36	0	2	0
13	37	0	3	0
13	38	2	2	1
13	39	3	2	5
13	40	1	2	0
13	41	0	0	-2
13	42	0	0	-2
13	43	-1	1	0
13	44	0	2	3
13	45	4	4	4
13	46	2	4	5
13	47	1	1	1
13	48	3	3	0
13	49	1	2	1
13	50	0	1	0
13	51	2	2	2
13	52	1	1	3
13	53	-1	1	0
13	54	1	2	0
13	55	0	2	0
13	56	0	2	0
13	57	2	2	0
13	58	0	1	0
13	59	0	1	0
13	60	0	2	0
13	61	1	2	0
13	62	1	3	3
13	63	2	2	3
13	64	0	2	2
13	65	0	3	3
13	66	1	2	3
13	67	2	1	1
13	68	0	2	0
13	69	2	3	4
13	70	0	0	0
13	71	0	1	2
13	72	0	1	1
13	73	0	0	-1
13	74	0	2	2
13	75	0	2	2
13	76	3	3	3
13	77	3	3	4
13	78	0	1	0
13	79	2	3	3
13	80	1	2	2
13	81	0	2	1
13	82	0	2	3
13	83	0	2	2
13	84	-1	1	-3
13	85	0	1	-1
13	86	-1	0	0
13	87	-1	0	-1
13	88	0	2	1
13	89	-1	1	1
13	90	-1	1	0
13	91	0	2	1
13	92	1	3	2
13	93	1	2	2
13	94	1	3	3
13	95	0	0	-1
13	96	2	2	5
13	97	0	2	4
13	98	2	2	5
13	99	1	2	8
13	100	-1	2	4
13	101	0	1	2
13	102	0	1	2
13	103	1	1	0
13	104	0	1	0
13	105	2	2	4
13	106	2	2	6
13	107	0	1	0
13	108	-1	0	0
13	109	0	3	3
13	110	2	2	2
13	111	3	4	4
13	112	1	3	3
13	113	-1	1	-1
13	114	-1	1	1
13	115	1	3	6
13	116	2	2	3
13	117	1	1	2
13	118	2	2	2
13	119	2	4	4
13	120	1	3	3
14	1	6	3	10
14	2	2	3	4
14	3	4	2	7
14	4	1	3	4
14	5	1	2	5
14	6	3	2	4
14	7	2	2	4
14	8	3	3	3
14	9	3	3	5
14	10	2	1	4
14	11	1	2	3
14	12	0	1	3
14	13	0	1	0
14	14	0	2	3
14	15	0	1	0
14	16	-2	0	-1
14	17	-3	1	1
14	18	1	2	2
14	19	2	2	7
14	20	0	1	0
14	21	1	1	4
14	22	0	1	0
14	23	-1	1	1
14	24	0	2	0
14	25	0	2	3
14	26	3	2	4
14	27	3	3	4
14	28	2	2	7
14	29	3	3	5
14	30	1	1	2
14	31	0	1	0
14	32	0	2	4
14	33	3	3	1
14	34	0	0	4
14	35	0	2	2
14	36	0	2	1
14	37	3	2	5
14	38	5	4	4
14	39	1	2	7
14	40	3	2	4
14	41	1	2	3
14	42	3	2	7
14	43	2	2	2
14	44	0	1	1
14	45	1	1	1
14	46	1	3	5
14	47	2	2	3
14	48	0	1	1
14	49	2	3	4
14	50	0	1	1
14	51	0	0	3
14	52	2	1	2
14	53	0	2	2
14	54	0	2	3
14	55	2	5	4
14	56	2	3	5
14	57	5	4	9
14	58	5	3	7
14	59	2	2	5
14	60	2	2	2
14	61	1	0	4
14	62	4	4	6
14	63	1	4	7
14	64	2	4	8
14	65	2	3	4
14	66	0	2	3
14	67	4	2	6
14	68	2	2	3
14	69	0	2	5
14	70	1	0	0
14	71	1	1	2
14	72	3	2	5
14	73	1	3	3
14	74	1	3	3
14	75	-1	0	-2
14	76	-1	0	1
14	77	3	2	4
14	78	0	2	1
14	79	0	2	3
14	80	0	1	0
14	81	1	2	2
14	82	1	3	3
14	83	-1	0	0
14	84	0	2	0
14	85	0	1	1
14	86	2	2	5
14	87	0	2	2
14	88	1	2	1
14	89	2	1	2
14	90	1	1	4
14	91	2	3	4
14	92	2	3	2
14	93	2	3	4
14	94	0	2	5
14	95	4	2	4
14	96	1	2	5
14	97	4	2	8
14	98	2	2	4
14	99	1	2	2
14	100	0	1	0
14	101	0	4	3
14	102	2	2	4
14	103	2	3	5
14	104	3	4	6
14	105	0	1	0
14	106	-2	0	0
14	107	2	3	1
14	108	2	2	2
14	109	-1	0	-3
14	110	0	0	1
14	111	3	2	3
14	112	4	3	4
14	113	0	0	2
14	114	2	2	4
14	115	-1	1	1
14	116	2	2	2
14	117	1	1	4
14	118	2	2	5
14	119	3	3	6
14	120	2	2	4
15	1	1	3	3
15	2	0	0	1
15	3	4	4	6
15	4	3	3	3
15	5	2	3	6
15	6	3	2	5
15	7	1	2	1
15	8	0	2	0
15	9	0	0	1
15	10	3	3	5
15	11	-1	0	0
15	12	1	3	3
15	13	2	2	5
15	14	3	3	5
15	15	3	3	4
15	16	1	3	5
15	17	2	2	4
15	18	3	3	3
15	19	2	3	1
15	20	4	2	6
15	21	3	3	4
15	22	0	2	2
15	23	1	2	2
15	24	1	2	3
15	25	-1	1	2
15	26	1	2	4
15	27	1	3	3
15	28	0	3	2
15	29	3	2	1
15	30	0	1	2
15	31	0	2	0
15	32	0	2	4
15	33	6	3	10
15	34	5	4	4
15	35	1	3	3
15	36	-1	2	6
15	37	0	2	1
15	38	0	1	4
15	39	2	2	3
15	40	4	2	3
15	41	4	2	5
15	42	3	3	5
15	43	1	3	4
15	44	2	2	1
15	45	0	1	1
15	46	0	1	-1
15	47	0	3	2
15	48	1	3	1
15	49	1	3	3
15	50	4	2	3
15	51	0	2	1
15	52	0	2	1
15	53	0	2	2
15	54	3	3	7
15	55	0	3	3
15	56	1	1	0
15	57	0	0	0
15	58	0	2	1
15	59	3	3	7
15	60	4	5	8
15	61	2	3	5
15	62	4	4	4
15	63	1	1	3
15	64	2	3	0
15	65	0	2	4
15	66	2	2	5
15	67	0	1	1
15	68	-1	0	0
15	69	0	1	1
15	70	0	2	1
15	71	3	3	4
15	72	1	0	0
15	73	0	2	0
15	74	1	3	3
15	75	3	3	5
15	76	2	2	5
15	77	3	2	3
15	78	1	2	6
15	79	2	3	4
15	80	2	4	7
15	81	1	3	2
15	82	3	3	5
15	83	4	2	8
15	84	4	2	4
15	85	3	4	11
15	86	4	4	7
15	87	4	2	4
15	88	2	2	7
15	89	3	3	7
15	90	1	3	6
15	91	3	3	3
15	92	2	2	2
15	93	2	1	3
15	94	1	3	0
15	95	0	0	3
15	96	0	4	2
15	97	0	1	-1
15	98	0	1	0
15	99	2	2	5
15	100	3	3	5
15	101	3	3	3
15	102	1	4	4
15	103	1	3	3
15	104	0	2	2
15	105	1	1	2
15	106	3	4	5
15	107	0	1	1
15	108	1	2	2
15	109	4	3	9
15	110	0	2	3
15	111	1	3	3
15	112	1	1	4
15	113	1	3	4
15	114	1	2	6
15	115	1	3	4
15	116	1	3	5
15	117	4	3	8
15	118	3	4	5
15	119	2	2	0
15	120	0	1	3
16	1	-1	0	0
16	2	1	0	1
16	3	3	1	2
16	4	1	1	0
16	5	1	1	2
16	6	-4	0	-4
16	7	0	0	0
16	8	-1	0	0
16	9	0	0	0
16	10	-4	-1	-5
16	11	-2	-1	0
16	12	0	0	0
16	13	2	1	2
16	14	2	0	3
16	15	4	2	5
16	16	3	1	4
16	17	2	0	4
16	18	0	1	2
16	19	-1	1	-3
16	20	2	1	1
16	21	-3	0	-4
16	22	0	0	1
16	23	0	1	1
16	24	1	0	3
16	25	0	1	0
16	26	0	0	0
16	27	0	0	1
16	28	1	0	0
16	29	-2	0	-1
16	30	-5	-1	-4
16	31	-1	0	0
16	32	-2	-1	-1
16	33	0	-1	-2
16	34	-3	0	-2
16	35	1	1	1
16	36	0	1	4
16	37	3	1	1
16	38	2	1	5
16	39	0	-1	0
16	40	-2	0	-3
16	41	-1	0	0
16	42	0	0	0
16	43	0	0	0
16	44	0	0	0
16	45	-1	0	2
16	46	-1	0	-1
16	47	-1	0	-2
16	48	0	0	0
16	49	1	0	0
16	50	-1	1	2
16	51	0	0	0
16	52	0	0	1
16	53	1	1	0
16	54	-2	0	0
16	55	1	0	-3
16	56	0	0	-1
16	57	-1	0	-4
16	58	0	0	2
16	59	-5	0	-5
16	60	-2	0	-1
16	61	-2	-1	-1
16	62	0	0	0
16	63	0	-1	0
16	64	1	1	2
16	65	1	1	4
16	66	2	0	0
16	67	4	2	5
16	68	4	2	5
16	69	0	1	2
16	70	-1	0	-2
16	71	0	0	1
16	72	0	0	0
16	73	-2	-1	-3
16	74	-4	0	-4
16	75	-2	0	-2
16	76	0	0	0
16	77	-1	0	0
16	78	1	1	0
16	79	-1	0	-1
16	80	-5	0	-1
16	81	-1	0	-1
16	82	-1	-2	-4
16	83	-2	0	-2
16	84	1	0	2
16	85	-2	0	-2
16	86	-2	0	-4
16	87	1	0	0
16	88	-1	0	-1
16	89	-2	-1	0
16	90	0	1	1
16	91	-1	0	-4
16	92	-2	0	-4
16	93	-1	0	1
16	94	-1	0	0
16	95	0	1	-1
16	96	2	2	0
16	97	2	0	3
16	98	1	1	0
16	99	2	0	3
16	100	-1	0	-2
16	101	0	0	0
16	102	0	-1	-1
16	103	0	0	2
16	104	1	0	3
16	105	0	0	-1
16	106	-1	0	-1
16	107	-1	1	1
16	108	0	0	1
16	109	1	1	3
16	110	0	0	1
16	111	-2	0	-3
16	112	-3	-1	-2
16	113	0	0	1
16	114	0	0	0
16	115	-3	0	-1
16	116	-2	0	-3
16	117	1	0	-1
16	118	0	0	3
16	119	1	1	2
16	120	0	0	2
17	1	2	2	1
17	2	2	2	2
17	3	0	1	-2
17	4	0	2	1
17	5	1	1	1
17	6	2	0	2
17	7	2	2	2
17	8	2	1	2
17	9	2	2	2
17	10	0	1	1
17	11	1	2	1
17	12	4	2	2
17	13	2	3	4
17	14	2	1	2
17	15	0	0	-3
17	16	3	3	2
17	17	0	0	-1
17	18	0	1	2
17	19	0	0	0
17	20	0	0	-3
17	21	2	0	2
17	22	-1	0	-1
17	23	0	0	2
17	24	0	1	0
17	25	1	1	4
17	26	2	0	4
17	27	2	1	0
17	28	1	1	1
17	29	3	3	4
17	30	0	2	4
17	31	3	2	4
17	32	2	2	0
17	33	1	2	1
17	34	1	3	3
17	35	-1	0	0
17	36	2	2	0
17	37	1	1	4
17	38	-1	0	0
17	39	1	2	0
17	40	-1	0	1
17	41	1	1	0
17	42	3	2	2
17	43	2	2	4
17	44	4	2	0
17	45	6	3	7
17	46	2	1	1
17	47	2	2	6
17	48	3	2	3
17	49	2	1	4
17	50	4	4	7
17	51	3	2	5
17	52	5	3	5
17	53	3	3	4
17	54	3	2	2
17	55	2	2	2
17	56	0	2	4
17	57	-1	0	0
17	58	0	2	0
17	59	3	3	5
17	60	1	2	2
17	61	0	1	-2
17	62	2	3	4
17	63	5	3	7
17	64	2	2	1
17	65	0	0	-1
17	66	0	1	0
17	67	0	0	0
17	68	3	2	1
17	69	0	1	-1
17	70	2	2	2
17	71	1	1	3
17	72	0	0	0
17	73	0	1	-1
17	74	0	1	3
17	75	0	1	2
17	76	0	1	0
17	77	1	1	0
17	78	0	0	-2
17	79	1	0	1
17	80	0	0	0
17	81	0	0	-2
17	82	0	1	0
17	83	0	1	-2
17	84	2	0	0
17	85	0	1	1
17	86	0	1	1
17	87	2	1	2
17	88	3	2	4
17	89	3	2	4
17	90	3	2	6
17	91	3	2	3
17	92	3	2	4
17	93	1	1	3
17	94	4	2	1
17	95	0	1	0
17	96	1	2	5
17	97	1	0	1
17	98	0	1	0
17	99	3	2	2
17	100	3	1	4
17	101	2	2	3
17	102	2	2	2
17	103	2	2	5
17	104	3	1	3
17	105	0	0	0
17	106	-1	0	-1
17	107	-1	0	-1
17	108	1	2	1
17	109	0	0	0
17	110	2	1	0
17	111	1	1	3
17	112	1	2	2
17	113	1	2	6
17	114	5	2	5
17	115	4	3	3
17	116	3	2	5
17	117	2	1	3
17	118	0	1	2
17	119	0	0	1
17	120	-1	0	0
18	1	3	3	5
18	2	2	4	3
18	3	0	1	4
18	4	2	4	1
18	5	0	3	2
18	6	3	5	3
18	7	5	5	6
18	8	6	5	6
18	9	6	5	8
18	10	4	6	6
18	11	6	4	4
18	12	1	3	7
18	13	3	4	4
18	14	6	5	11
18	15	8	6	7
18	16	2	4	4
18	17	1	2	1
18	18	2	3	0
18	19	4	4	3
18	20	3	3	3
18	21	4	5	7
18	22	3	4	1
18	23	5	5	8
18	24	2	3	4
18	25	4	4	3
18	26	4	5	4
18	27	5	6	7
18	28	5	5	9
18	29	5	5	9
18	30	7	5	8
18	31	9	5	8
18	32	3	4	3
18	33	5	6	8
18	34	7	6	6
18	35	5	5	6
18	36	0	4	5
18	37	1	2	1
18	38	4	5	4
18	39	2	5	8
18	40	5	5	4
18	41	3	4	4
18	42	2	4	1
18	43	2	4	1
18	44	5	5	6
18	45	3	6	5
18	46	6	4	7
18	47	4	6	6
18	48	2	5	5
18	49	6	5	7
18	50	2	3	1
18	51	3	4	5
18	52	4	4	7
18	53	6	6	7
18	54	5	4	7
18	55	5	4	5
18	56	5	5	7
18	57	6	7	7
18	58	6	7	9
18	59	5	5	11
18	60	2	6	4
18	61	3	5	5
18	62	3	5	6
18	63	2	4	2
18	64	1	3	3
18	65	4	4	5
18	66	3	4	6
18	67	3	5	4
18	68	5	3	6
18	69	6	5	7
18	70	8	6	11
18	71	7	5	9
18	72	5	6	8
18	73	6	7	8
18	74	4	3	1
18	75	1	3	4
18	76	1	3	0
18	77	4	5	5
18	78	3	4	7
18	79	2	3	5
18	80	4	4	5
18	81	3	4	3
18	82	1	3	0
18	83	4	4	3
18	84	0	3	4
18	85	4	4	2
18	86	2	5	5
18	87	4	4	6
18	88	5	5	6
18	89	6	5	6
18	90	3	3	3
18	91	3	6	8
18	92	6	3	3
18	93	8	5	7
18	94	5	5	9
18	95	4	4	6
18	96	5	4	6
18	97	7	5	9
18	98	5	4	6
18	99	4	5	4
18	100	3	1	5
18	101	5	4	5
18	102	0	2	1
18	103	1	4	2
18	104	4	6	6
18	105	5	6	6
18	106	4	6	5
18	107	1	5	2
18	108	4	5	7
18	109	4	5	7
18	110	5	5	5
18	111	4	6	8
18	112	7	6	8
18	113	5	5	8
18	114	0	4	1
18	115	4	3	4
18	116	3	5	2
18	117	5	6	7
18	118	5	4	5
18	119	3	5	5
18	120	5	4	3
19	1	1	3	2
19	2	1	1	1
19	3	0	0	-1
19	4	3	3	4
19	5	3	2	4
19	6	3	3	4
19	7	1	1	1
19	8	2	0	-1
19	9	0	1	-2
19	10	-1	0	-2
19	11	2	1	2
19	12	0	2	1
19	13	1	1	1
19	14	1	0	0
19	15	0	1	0
19	16	2	1	0
19	17	0	2	0
19	18	0	2	3
19	19	1	1	-1
19	20	3	1	3
19	21	0	2	1
19	22	0	1	-4
19	23	0	0	0
19	24	3	2	4
19	25	3	2	2
19	26	2	3	4
19	27	1	2	4
19	28	1	2	0
19	29	1	1	-1
19	30	1	2	2
19	31	2	3	2
19	32	4	1	5
19	33	4	3	7
19	34	2	2	3
19	35	3	3	5
19	36	2	2	4
19	37	0	0	0
19	38	0	1	0
19	39	-3	0	-4
19	40	-1	0	-2
19	41	0	1	1
19	42	0	1	0
19	43	0	1	0
19	44	0	1	1
19	45	4	1	2
19	46	3	2	4
19	47	3	3	3
19	48	2	2	3
19	49	2	1	1
19	50	1	2	4
19	51	2	0	1
19	52	4	3	6
19	53	1	2	4
19	54	2	1	0
19	55	2	2	2
19	56	0	2	2
19	57	1	2	0
19	58	0	1	2
19	59	1	3	2
19	60	0	1	1
19	61	1	2	1
19	62	0	2	3
19	63	0	2	0
19	64	1	1	0
19	65	3	3	3
19	66	2	2	5
19	67	3	3	3
19	68	1	2	0
19	69	3	1	3
19	70	1	2	2
19	71	0	1	1
19	72	3	3	2
19	73	0	2	1
19	74	0	2	-1
19	75	4	2	5
19	76	0	1	0
19	77	3	3	5
19	78	2	4	2
19	79	4	3	5
19	80	3	3	3
19	81	2	2	2
19	82	1	2	0
19	83	3	2	1
19	84	-1	0	0
19	85	2	1	0
19	86	1	1	4
19	87	4	2	5
19	88	3	4	3
19	89	2	1	2
19	90	3	3	1
19	91	1	0	-1
19	92	2	1	-1
19	93	2	2	2
19	94	5	2	5
19	95	2	2	0
19	96	0	0	0
19	97	2	1	4
19	98	6	3	5
19	99	2	2	2
19	100	0	1	0
19	101	3	2	3
19	102	0	3	1
19	103	2	1	0
19	104	1	3	4
19	105	3	2	4
19	106	5	3	8
19	107	4	2	4
19	108	2	3	4
19	109	2	0	1
19	110	0	2	0
19	111	-2	1	0
19	112	0	1	0
19	113	0	2	1
19	114	0	2	-1
19	115	4	3	6
19	116	3	3	5
19	117	2	2	2
19	118	0	1	2
19	119	-1	1	0
19	120	0	0	0
20	1	4	3	4
20	2	2	3	1
20	3	0	1	2
20	4	2	3	4
20	5	2	3	2
20	6	4	2	3
20	7	4	3	4
20	8	3	4	4
20	9	5	2	3
20	10	6	4	4
20	11	6	5	6
20	12	4	5	3
20	13	3	4	8
20	14	3	3	0
20	15	6	4	5
20	16	6	5	6
20	17	5	3	3
20	18	6	5	8
20	19	8	6	6
20	20	2	2	1
20	21	5	3	6
20	22	2	1	2
20	23	4	3	4
20	24	6	4	2
20	25	3	4	2
20	26	5	4	4
20	27	3	3	4
20	28	0	3	2
20	29	3	1	1
20	30	4	3	2
20	31	5	4	4
20	32	5	2	3
20	33	4	3	5
20	34	6	4	3
20	35	6	5	4
20	36	4	4	4
20	37	5	3	3
20	38	6	4	3
20	39	2	3	3
20	40	5	4	3
20	41	2	2	1
20	42	4	4	3
20	43	3	4	4
20	44	4	3	1
20	45	1	2	2
20	46	1	2	3
20	47	1	3	1
20	48	4	3	1
20	49	4	4	5
20	50	2	2	1
20	51	0	1	-1
20	52	2	1	-2
20	53	3	3	3
20	54	4	5	3
20	55	2	2	1
20	56	4	3	3
20	57	3	2	2
20	58	3	3	3
20	59	4	4	2
20	60	3	3	1
20	61	2	2	2
20	62	2	3	2
20	63	1	1	0
20	64	3	3	5
20	65	3	2	2
20	66	6	3	4
20	67	2	2	0
20	68	4	2	1
20	69	4	3	4
20	70	4	2	1
20	71	2	3	0
20	72	0	1	-1
20	73	0	2	-2
20	74	0	2	-1
20	75	1	3	1
20	76	5	3	6
20	77	3	3	2
20	78	0	1	0
20	79	1	2	0
20	80	1	1	0
20	81	4	5	3
20	82	6	5	3
20	83	3	3	2
20	84	3	2	2
20	85	5	2	2
20	86	3	2	2
20	87	4	3	2
20	88	2	2	0
20	89	3	2	0
20	90	1	1	3
20	91	2	2	2
20	92	0	2	0
20	93	3	4	3
20	94	2	4	1
20	95	5	4	3
20	96	9	4	6
20	97	4	3	4
20	98	2	2	-1
20	99	0	2	2
20	100	4	4	1
20	101	2	3	0
20	102	3	3	2
20	103	1	2	0
20	104	0	2	1
20	105	1	0	-1
20	106	0	2	0
20	107	1	2	0
20	108	5	4	2
20	109	1	1	0
20	110	0	2	0
20	111	4	3	3
20	112	3	3	3
20	113	3	3	4
20	114	4	2	3
20	115	3	2	0
20	116	5	4	8
20	117	6	5	7
20	118	4	3	3
20	119	2	2	0
20	120	4	3	0
21	1	2	3	3
21	2	3	4	6
21	3	3	3	6
21	4	3	5	5
21	5	6	6	8
21	6	8	5	9
21	7	8	6	10
21	8	6	5	14
21	9	5	4	9
21	10	3	4	5
21	11	1	3	3
21	12	1	3	3
21	13	0	1	0
21	14	-2	2	1
21	15	0	1	0
21	16	0	3	2
21	17	1	1	4
21	18	0	4	3
21	19	2	2	8
21	20	2	2	3
21	21	4	4	5
21	22	4	5	5
21	23	5	4	6
21	24	4	4	7
21	25	1	3	4
21	26	1	4	4
21	27	1	4	2
21	28	3	3	3
21	29	5	5	9
21	30	4	3	3
21	31	2	3	2
21	32	2	4	3
21	33	3	4	4
21	34	0	2	0
21	35	2	3	6
21	36	0	1	-1
21	37	2	5	1
21	38	2	4	6
21	39	3	6	6
21	40	2	4	3
21	41	3	2	2
21	42	3	4	3
21	43	3	1	5
21	44	0	2	3
21	45	1	2	6
21	46	1	1	1
21	47	-1	1	0
21	48	5	4	3
21	49	4	4	4
21	50	5	4	7
21	51	3	2	7
21	52	6	3	9
21	53	1	2	5
21	54	3	4	6
21	55	8	4	9
21	56	6	6	8
21	57	7	6	10
21	58	5	6	9
21	59	4	3	6
21	60	1	2	4
21	61	1	4	0
21	62	3	4	3
21	63	1	1	5
21	64	1	3	3
21	65	1	3	3
21	66	5	3	5
21	67	4	4	4
21	68	2	3	1
21	69	0	1	1
21	70	0	2	2
21	71	0	2	0
21	72	2	3	1
21	73	3	3	5
21	74	4	5	6
21	75	5	4	7
21	76	4	2	4
21	77	2	3	3
21	78	5	5	7
21	79	4	3	5
21	80	1	3	7
21	81	4	4	6
21	82	4	4	5
21	83	1	2	3
21	84	4	3	5
21	85	2	3	4
21	86	4	3	4
21	87	2	4	5
21	88	2	4	4
21	89	4	3	7
21	90	5	4	6
21	91	1	3	3
21	92	4	3	4
21	93	1	5	1
21	94	3	4	5
21	95	4	4	7
21	96	1	3	5
21	97	2	5	4
21	98	2	2	4
21	99	2	3	3
21	100	4	4	5
21	101	5	4	6
21	102	5	4	5
21	103	3	2	4
21	104	2	2	2
21	105	2	2	2
21	106	1	1	0
21	107	2	2	4
21	108	4	3	6
21	109	1	3	3
21	110	1	3	3
21	111	4	4	6
21	112	3	4	5
21	113	6	4	9
21	114	4	3	8
21	115	5	3	5
21	116	4	4	3
21	117	2	3	5
21	118	3	5	7
21	119	5	4	5
21	120	0	2	3
22	1	0	2	5
22	2	0	2	5
22	3	2	4	6
22	4	4	4	6
22	5	0	3	3
22	6	0	2	3
22	7	1	1	5
22	8	0	2	3
22	9	0	1	1
22	10	0	3	3
22	11	2	2	4
22	12	-1	1	2
22	13	-1	1	3
22	14	1	3	3
22	15	2	3	4
22	16	-1	2	1
22	17	-2	0	1
22	18	-1	2	0
22	19	-1	2	3
22	20	-1	1	1
22	21	0	4	2
22	22	0	1	3
22	23	3	3	4
22	24	0	1	-1
22	25	0	1	-1
22	26	0	2	3
22	27	0	1	4
22	28	0	1	3
22	29	0	1	1
22	30	5	4	11
22	31	2	4	7
22	32	2	3	5
22	33	2	3	4
22	34	2	5	9
22	35	5	6	9
22	36	3	4	7
22	37	1	2	5
22	38	4	3	4
22	39	0	2	5
22	40	0	1	2
22	41	0	1	1
22	42	0	2	3
22	43	1	3	4
22	44	0	1	0
22	45	-1	2	1
22	46	-2	3	2
22	47	-1	1	3
22	48	4	3	6
22	49	3	4	7
22	50	3	3	8
22	51	0	3	3
22	52	0	2	4
22	53	-3	1	-1
22	54	-3	1	0
22	55	0	1	0
22	56	-2	1	0
22	57	-1	2	2
22	58	0	0	2
22	59	1	4	4
22	60	3	2	5
22	61	-1	1	2
22	62	1	3	4
22	63	1	2	3
22	64	0	2	1
22	65	0	2	2
22	66	-1	1	1
22	67	0	2	3
22	68	3	2	3
22	69	-2	2	2
22	70	-1	1	0
22	71	1	2	3
22	72	-1	1	1
22	73	0	1	3
22	74	1	3	3
22	75	1	2	2
22	76	1	2	1
22	77	-3	1	1
22	78	0	0	1
22	79	-3	0	-1
22	80	-1	2	1
22	81	-2	1	0
22	82	0	3	2
22	83	3	3	5
22	84	0	1	4
22	85	0	4	2
22	86	3	4	5
22	87	0	3	5
22	88	0	2	2
22	89	4	3	4
22	90	1	4	5
22	91	3	4	8
22	92	1	2	5
22	93	1	1	4
22	94	0	2	6
22	95	0	3	1
22	96	1	3	3
22	97	0	0	1
22	98	0	1	1
22	99	1	2	2
22	100	0	3	2
22	101	2	2	1
22	102	3	3	7
22	103	0	2	5
22	104	1	3	4
22	105	1	2	4
22	106	2	2	6
22	107	4	6	8
22	108	5	3	7
22	109	1	2	3
22	110	2	3	4
22	111	0	4	5
22	112	2	2	2
22	113	0	4	5
22	114	1	3	5
22	115	0	1	4
22	116	0	3	5
22	117	2	2	7
22	118	1	3	5
22	119	0	3	4
22	120	-1	1	2
23	1	2	2	4
23	2	3	4	5
23	3	6	5	5
23	4	1	2	3
23	5	0	2	1
23	6	1	4	4
23	7	1	2	1
23	8	2	3	1
23	9	1	4	0
23	10	3	4	3
23	11	4	3	6
23	12	6	6	4
23	13	5	2	6
23	14	3	4	5
23	15	2	3	1
23	16	2	3	4
23	17	2	1	0
23	18	6	3	5
23	19	2	4	0
23	20	4	5	6
23	21	4	4	2
23	22	0	0	-1
23	23	1	2	1
23	24	5	4	4
23	25	6	6	6
23	26	5	4	6
23	27	2	2	5
23	28	3	3	1
23	29	1	2	2
23	30	4	5	4
23	31	1	3	2
23	32	3	4	4
23	33	5	4	5
23	34	4	4	6
23	35	5	4	4
23	36	1	3	0
23	37	3	2	2
23	38	5	4	6
23	39	4	2	4
23	40	5	4	6
23	41	3	3	4
23	42	3	2	2
23	43	4	5	6
23	44	4	4	5
23	45	5	2	4
23	46	6	3	1
23	47	6	4	6
23	48	5	3	3
23	49	0	4	5
23	50	5	4	5
23	51	3	3	2
23	52	3	2	2
23	53	4	3	2
23	54	2	2	1
23	55	4	4	2
23	56	2	2	2
23	57	4	5	7
23	58	8	5	7
23	59	4	3	3
23	60	4	4	6
23	61	3	5	3
23	62	3	4	3
23	63	1	3	3
23	64	-1	1	0
23	65	1	2	1
23	66	5	3	3
23	67	2	4	2
23	68	2	3	0
23	69	4	4	4
23	70	4	4	4
23	71	5	2	5
23	72	3	5	6
23	73	2	4	4
23	74	3	4	4
23	75	7	4	6
23	76	5	5	7
23	77	4	5	4
23	78	6	5	7
23	79	4	5	7
23	80	4	4	6
23	81	3	4	3
23	82	5	5	2
23	83	3	3	2
23	84	4	4	6
23	85	8	5	6
23	86	7	4	5
23	87	6	4	5
23	88	4	4	7
23	89	1	3	0
23	90	0	2	1
23	91	1	3	3
23	92	1	2	3
23	93	4	4	6
23	94	6	4	6
23	95	4	3	4
23	96	4	4	3
23	97	6	3	5
23	98	4	2	3
23	99	5	2	3
23	100	4	4	4
23	101	4	5	5
23	102	4	3	6
23	103	6	5	5
23	104	5	5	7
23	105	3	3	6
23	106	5	4	6
23	107	6	5	8
23	108	5	4	6
23	109	7	4	7
23	110	1	3	5
23	111	8	7	9
23	112	4	4	2
23	113	1	4	-1
23	114	3	3	7
23	115	5	4	4
23	116	4	5	8
23	117	1	3	0
23	118	4	3	2
23	119	4	3	5
23	120	2	2	2
24	1	5	4	6
24	2	5	6	7
24	3	2	3	2
24	4	3	2	6
24	5	3	4	4
24	6	5	4	9
24	7	3	4	4
24	8	5	4	4
24	9	1	3	6
24	10	2	3	5
24	11	2	3	0
24	12	1	1	0
24	13	0	3	0
24	14	1	2	2
24	15	3	2	6
24	16	3	4	5
24	17	2	2	2
24	18	3	3	5
24	19	0	3	3
24	20	2	3	1
24	21	1	3	5
24	22	0	3	3
24	23	2	2	5
24	24	6	5	13
24	25	4	3	4
24	26	3	3	6
24	27	2	4	6
24	28	1	3	3
24	29	1	2	2
24	30	4	3	7
24	31	2	3	4
24	32	0	2	2
24	33	2	3	6
24	34	1	2	4
24	35	1	4	1
24	36	1	4	2
24	37	5	5	7
24	38	5	4	4
24	39	2	2	6
24	40	4	2	4
24	41	1	2	1
24	42	-2	1	0
24	43	-1	2	1
24	44	2	2	5
24	45	5	4	7
24	46	4	3	5
24	47	1	4	3
24	48	5	3	3
24	49	3	3	6
24	50	-1	3	3
24	51	0	2	2
24	52	2	3	4
24	53	4	3	6
24	54	1	3	2
24	55	-1	1	0
24	56	1	2	4
24	57	-1	1	2
24	58	2	4	1
24	59	1	2	5
24	60	0	1	1
24	61	2	3	2
24	62	3	3	2
24	63	2	3	1
24	64	2	3	4
24	65	3	4	4
24	66	3	3	6
24	67	6	5	9
24	68	6	5	8
24	69	4	4	7
24	70	4	4	7
24	71	4	3	6
24	72	1	2	3
24	73	0	2	4
24	74	3	3	4
24	75	3	3	4
24	76	2	3	5
24	77	1	2	1
24	78	0	2	0
24	79	2	3	4
24	80	2	4	3
24	81	3	3	7
24	82	4	5	6
24	83	2	3	2
24	84	1	3	2
24	85	4	3	4
24	86	4	3	3
24	87	0	2	5
24	88	1	2	4
24	89	0	3	4
24	90	3	2	5
24	91	5	3	6
24	92	3	3	5
24	93	1	3	2
24	94	2	3	3
24	95	2	3	6
24	96	1	3	5
24	97	4	5	7
24	98	2	2	2
24	99	2	5	5
24	100	4	3	7
24	101	5	5	7
24	102	3	2	6
24	103	4	3	6
24	104	2	3	3
24	105	1	3	2
24	106	2	2	0
24	107	3	3	7
24	108	4	3	4
24	109	2	4	4
24	110	3	4	6
24	111	4	4	7
24	112	1	2	4
24	113	2	3	1
24	114	0	1	2
24	115	0	2	0
24	116	3	3	6
24	117	4	4	2
24	118	2	4	7
24	119	4	4	6
24	120	4	3	5
25	1	2	1	3
25	2	1	2	3
25	3	2	2	3
25	4	2	3	1
25	5	1	2	4
25	6	2	1	4
25	7	3	2	2
25	8	2	4	6
25	9	2	2	4
25	10	1	0	3
25	11	0	3	3
25	12	1	2	4
25	13	3	3	4
25	14	2	2	5
25	15	5	5	6
25	16	4	3	8
25	17	4	3	7
25	18	2	1	1
25	19	2	3	4
25	20	3	2	3
25	21	3	3	4
25	22	2	2	3
25	23	1	3	4
25	24	1	1	3
25	25	0	2	1
25	26	0	0	2
25	27	0	1	1
25	28	2	2	4
25	29	0	2	0
25	30	2	1	1
25	31	3	2	5
25	32	3	4	6
25	33	0	2	1
25	34	1	1	2
25	35	2	2	4
25	36	3	2	6
25	37	2	1	5
25	38	1	2	3
25	39	3	2	5
25	40	2	2	7
25	41	0	1	1
25	42	0	1	1
25	43	3	3	7
25	44	3	3	5
25	45	3	2	5
25	46	3	5	9
25	47	0	2	3
25	48	0	0	0
25	49	0	0	0
25	50	1	2	2
25	51	0	2	3
25	52	0	1	0
25	53	0	2	2
25	54	4	3	5
25	55	0	2	2
25	56	3	2	3
25	57	4	3	7
25	58	2	1	2
25	59	2	0	4
25	60	2	2	6
25	61	2	1	1
25	62	1	1	3
25	63	1	0	2
25	64	0	1	1
25	65	1	0	0
25	66	0	1	1
25	67	-1	0	0
25	68	0	1	0
25	69	3	3	8
25	70	5	4	6
25	71	4	3	10
25	72	5	4	7
25	73	5	4	7
25	74	2	2	5
25	75	3	2	8
25	76	3	4	5
25	77	2	3	5
25	78	3	1	2
25	79	3	3	4
25	80	0	1	2
25	81	4	3	4
25	82	0	2	2
25	83	3	2	5
25	84	0	1	3
25	85	2	2	6
25	86	1	2	2
25	87	0	1	1
25	88	3	3	5
25	89	5	3	6
25	90	4	3	6
25	91	3	2	5
25	92	1	2	2
25	93	3	2	2
25	94	5	4	5
25	95	3	3	7
25	96	1	2	4
25	97	0	1	2
25	98	1	2	1
25	99	-1	1	0
25	100	0	1	2
25	101	2	0	3
25	102	0	0	0
25	103	1	1	2
25	104	0	3	0
25	105	0	0	3
25	106	2	2	4
25	107	6	3	5
25	108	1	2	4
25	109	2	1	5
25	110	4	2	5
25	111	2	2	2
25	112	2	2	4
25	113	4	3	4
25	114	6	3	7
25	115	1	1	4
25	116	0	1	2
25	117	2	2	4
25	118	1	1	3
25	119	2	2	5
25	120	0	1	4
26	1	3	4	2
26	2	3	5	5
26	3	5	4	2
26	4	3	5	4
26	5	2	4	3
26	6	4	4	4
26	7	4	3	6
26	8	6	4	6
26	9	8	6	7
26	10	5	6	6
26	11	4	4	2
26	12	4	3	3
26	13	6	5	6
26	14	2	4	4
26	15	8	6	11
26	16	7	7	7
26	17	4	5	3
26	18	5	4	7
26	19	5	4	4
26	20	9	6	9
26	21	7	6	8
26	22	8	7	7
26	23	7	4	6
26	24	5	5	7
26	25	6	5	6
26	26	6	6	9
26	27	5	3	1
26	28	4	5	5
26	29	6	4	6
26	30	5	4	7
26	31	6	5	6
26	32	1	3	2
26	33	5	4	5
26	34	6	5	7
26	35	7	5	9
26	36	7	6	8
26	37	7	6	8
26	38	5	3	3
26	39	2	3	3
26	40	3	5	2
26	41	5	4	1
26	42	3	4	4
26	43	3	4	3
26	44	4	3	0
26	45	2	3	6
26	46	2	5	1
26	47	2	5	8
26	48	3	3	2
26	49	4	4	7
26	50	5	4	6
26	51	6	5	7
26	52	6	4	7
26	53	9	7	9
26	54	10	7	11
26	55	7	6	8
26	56	4	6	8
26	57	6	5	4
26	58	4	4	6
26	59	6	5	6
26	60	5	5	7
26	61	2	4	3
26	62	4	6	4
26	63	3	4	3
26	64	4	3	2
26	65	2	4	6
26	66	4	3	6
26	67	5	4	4
26	68	1	5	2
26	69	4	5	5
26	70	4	6	5
26	71	5	5	4
26	72	5	4	8
26	73	3	4	1
26	74	2	5	4
26	75	5	5	7
26	76	7	6	8
26	77	12	6	12
26	78	8	6	9
26	79	9	7	8
26	80	6	4	8
26	81	6	5	7
26	82	4	5	4
26	83	4	5	4
26	84	5	3	4
26	85	8	6	9
26	86	7	5	8
26	87	4	4	6
26	88	7	6	11
26	89	6	4	5
26	90	4	4	6
26	91	4	4	3
26	92	3	5	7
26	93	5	5	6
26	94	4	4	5
26	95	3	4	4
26	96	5	3	4
26	97	1	3	2
26	98	2	4	0
26	99	2	3	4
26	100	3	5	3
26	101	6	5	5
26	102	5	3	6
26	103	3	3	3
26	104	4	3	2
26	105	4	2	3
26	106	5	5	9
26	107	5	6	5
26	108	2	5	4
26	109	3	4	6
26	110	6	5	7
26	111	6	5	9
26	112	3	5	2
26	113	0	2	0
26	114	3	2	0
26	115	2	4	4
26	116	2	3	1
26	117	5	5	5
26	118	8	6	9
26	119	4	4	4
26	120	3	4	3
27	1	2	1	3
27	2	0	1	1
27	3	1	1	0
27	4	1	1	0
27	5	0	0	-1
27	6	4	2	3
27	7	3	3	4
27	8	5	3	6
27	9	2	3	4
27	10	1	1	5
27	11	0	0	0
27	12	0	1	2
27	13	0	1	2
27	14	0	0	2
27	15	3	1	3
27	16	1	1	1
27	17	0	0	0
27	18	1	2	3
27	19	2	1	4
27	20	1	3	3
27	21	0	1	1
27	22	-1	0	0
27	23	0	1	0
27	24	0	2	2
27	25	0	1	0
27	26	0	1	2
27	27	2	1	3
27	28	4	1	4
27	29	1	2	3
27	30	1	1	3
27	31	3	2	3
27	32	0	0	-1
27	33	0	2	1
27	34	0	0	0
27	35	3	2	4
27	36	3	2	4
27	37	2	0	6
27	38	1	2	1
27	39	2	1	0
27	40	0	2	0
27	41	1	1	2
27	42	3	2	5
27	43	1	1	4
27	44	3	3	4
27	45	3	2	4
27	46	3	1	4
27	47	2	1	3
27	48	3	1	3
27	49	0	1	3
27	50	3	2	3
27	51	0	1	2
27	52	0	2	1
27	53	1	2	3
27	54	0	0	0
27	55	2	1	3
27	56	1	1	-1
27	57	0	2	0
27	58	-2	0	0
27	59	0	0	0
27	60	0	1	-1
27	61	0	1	1
27	62	5	1	3
27	63	3	3	4
27	64	4	2	6
27	65	4	2	3
27	66	0	1	0
27	67	1	2	4
27	68	2	0	3
27	69	0	0	2
27	70	0	0	2
27	71	1	1	2
27	72	0	1	-1
27	73	0	1	2
27	74	2	3	4
27	75	0	1	0
27	76	1	0	2
27	77	0	2	0
27	78	1	2	4
27	79	1	0	-2
27	80	0	1	0
27	81	0	2	4
27	82	0	0	0
27	83	3	2	3
27	84	3	2	5
27	85	1	1	3
27	86	2	1	3
27	87	1	2	2
27	88	4	3	6
27	89	4	4	7
27	90	4	2	3
27	91	2	3	2
27	92	3	4	7
27	93	0	2	1
27	94	0	2	0
27	95	1	2	3
27	96	0	1	2
27	97	0	2	4
27	98	3	2	6
27	99	2	3	4
27	100	0	0	0
27	101	0	0	2
27	102	-1	0	0
27	103	1	2	2
27	104	2	2	1
27	105	4	2	5
27	106	-1	0	1
27	107	-1	1	0
27	108	-1	1	-2
27	109	1	0	2
27	110	3	0	1
27	111	-1	0	2
27	112	2	2	3
27	113	-2	-1	0
27	114	0	1	4
27	115	0	0	0
27	116	0	1	0
27	117	1	0	3
27	118	1	2	3
27	119	0	0	1
27	120	0	1	1
28	1	0	3	4
28	2	2	1	0
28	3	2	2	2
28	4	0	2	4
28	5	2	1	3
28	6	1	2	0
28	7	1	1	2
28	8	2	1	0
28	9	1	2	4
28	10	-1	2	0
28	11	-2	1	0
28	12	1	1	0
28	13	0	1	1
28	14	0	1	-1
28	15	2	4	5
28	16	0	4	4
28	17	1	1	3
28	18	4	2	6
28	19	0	3	3
28	20	0	2	2
28	21	2	1	3
28	22	4	3	5
28	23	4	4	6
28	24	0	2	3
28	25	0	1	2
28	26	2	2	6
28	27	1	2	3
28	28	-2	1	1
28	29	0	0	3
28	30	2	2	5
28	31	2	2	2
28	32	0	1	3
28	33	0	1	3
28	34	2	3	7
28	35	0	1	2
28	36	0	2	2
28	37	-1	0	1
28	38	0	1	2
28	39	-1	0	0
28	40	0	0	1
28	41	0	1	1
28	42	0	1	1
28	43	0	1	2
28	44	1	3	2
28	45	4	4	6
28	46	0	2	1
28	47	0	1	3
28	48	0	1	0
28	49	4	2	5
28	50	2	3	3
28	51	0	2	3
28	52	0	1	4
28	53	1	3	1
28	54	1	3	1
28	55	0	3	5
28	56	3	2	2
28	57	-1	2	3
28	58	-2	0	-2
28	59	-2	1	1
28	60	0	0	0
28	61	2	3	2
28	62	0	1	2
28	63	0	1	0
28	64	-1	1	2
28	65	2	3	5
28	66	0	2	3
28	67	0	1	1
28	68	0	0	0
28	69	-1	1	0
28	70	-2	0	-2
28	71	-3	1	-2
28	72	0	0	1
28	73	-1	2	2
28	74	1	2	4
28	75	1	2	3
28	76	3	2	5
28	77	2	2	5
28	78	0	0	0
28	79	-1	1	1
28	80	-1	0	0
28	81	2	2	2
28	82	0	3	1
28	83	2	2	3
28	84	0	1	0
28	85	3	3	8
28	86	4	3	8
28	87	1	2	2
28	88	0	2	6
28	89	0	2	3
28	90	4	4	6
28	91	1	3	2
28	92	1	0	0
28	93	-1	0	1
28	94	0	2	3
28	95	1	0	4
28	96	0	1	2
28	97	1	1	3
28	98	1	2	5
28	99	3	2	4
28	100	0	3	3
28	101	0	3	4
28	102	5	3	8
28	103	0	1	2
28	104	0	1	5
28	105	0	2	4
28	106	2	3	4
28	107	2	1	3
28	108	-1	1	1
28	109	1	2	1
28	110	1	1	2
28	111	1	2	1
28	112	0	2	2
28	113	0	1	4
28	114	1	2	0
28	115	-1	1	2
28	116	0	2	3
28	117	-4	0	-1
28	118	-1	0	-1
28	119	1	1	0
28	120	-1	2	0
29	1	4	4	4
29	2	4	5	6
29	3	3	3	5
29	4	5	6	7
29	5	5	4	6
29	6	6	4	6
29	7	6	4	6
29	8	3	5	7
29	9	0	4	0
29	10	0	3	1
29	11	0	1	2
29	12	0	1	1
29	13	1	3	3
29	14	0	3	3
29	15	5	5	5
29	16	8	7	9
29	17	6	5	6
29	18	3	2	6
29	19	3	3	6
29	20	4	4	4
29	21	1	3	3
29	22	2	2	3
29	23	1	4	3
29	24	2	3	3
29	25	0	3	2
29	26	3	2	2
29	27	1	2	2
29	28	2	3	1
29	29	4	3	2
29	30	3	3	2
29	31	4	2	2
29	32	1	2	0
29	33	1	3	2
29	34	2	2	5
29	35	3	3	3
29	36	4	4	4
29	37	3	2	5
29	38	5	5	8
29	39	3	4	5
29	40	5	4	6
29	41	6	5	4
29	42	7	4	5
29	43	3	3	5
29	44	5	6	8
29	45	4	5	8
29	46	5	2	5
29	47	3	4	5
29	48	1	3	4
29	49	7	3	6
29	50	6	5	7
29	51	4	5	6
29	52	0	4	3
29	53	4	4	3
29	54	2	4	5
29	55	4	3	2
29	56	0	3	0
29	57	3	3	4
29	58	5	3	4
29	59	3	5	2
29	60	5	3	3
29	61	4	4	7
29	62	3	5	4
29	63	0	2	2
29	64	4	4	5
29	65	4	4	5
29	66	0	2	-2
29	67	1	3	1
29	68	0	3	0
29	69	2	4	5
29	70	3	4	4
29	71	4	4	3
29	72	3	4	4
29	73	2	3	5
29	74	3	4	4
29	75	3	2	6
29	76	4	4	8
29	77	4	4	8
29	78	1	4	5
29	79	2	3	3
29	80	4	4	6
29	81	6	5	5
29	82	5	5	7
29	83	4	4	4
29	84	0	2	2
29	85	3	4	2
29	86	3	3	4
29	87	2	4	2
29	88	0	2	1
29	89	4	4	5
29	90	3	3	2
29	91	0	3	0
29	92	0	3	4
29	93	6	4	3
29	94	2	2	1
29	95	2	2	4
29	96	2	3	2
29	97	3	5	4
29	98	5	4	6
29	99	3	4	4
29	100	3	4	5
29	101	3	3	4
29	102	2	3	4
29	103	2	2	3
29	104	5	6	10
29	105	4	3	3
29	106	0	3	4
29	107	2	2	0
29	108	0	3	-1
29	109	3	4	2
29	110	1	2	2
29	111	-2	1	-2
29	112	2	5	3
29	113	1	2	1
29	114	5	4	6
29	115	3	4	6
29	116	3	4	4
29	117	6	3	7
29	118	5	4	5
29	119	5	4	7
29	120	2	3	3
30	1	-1	0	1
30	2	-2	0	0
30	3	1	0	0
30	4	0	0	1
30	5	-2	0	-3
30	6	-2	0	-5
30	7	-2	1	-2
30	8	-1	-1	0
30	9	0	0	-1
30	10	2	1	4
30	11	1	0	2
30	12	2	1	1
30	13	-1	1	4
30	14	-3	0	0
30	15	0	0	-1
30	16	0	0	0
30	17	1	1	0
30	18	2	2	0
30	19	-1	1	1
30	20	-4	0	-2
30	21	-3	0	-1
30	22	0	1	0
30	23	0	0	-1
30	24	0	0	-1
30	25	1	0	0
30	26	-1	0	-1
30	27	-1	0	0
30	28	1	1	1
30	29	0	1	1
30	30	1	0	2
30	31	0	0	4
30	32	0	0	3
30	33	0	2	3
30	34	2	2	2
30	35	4	2	4
30	36	-2	1	0
30	37	0	1	1
30	38	-1	0	-2
30	39	-1	0	0
30	40	2	0	1
30	41	0	1	2
30	42	-1	0	0
30	43	1	0	-3
30	44	0	2	1
30	45	0	0	-1
30	46	1	0	0
30	47	3	2	2
30	48	1	2	2
30	49	1	2	0
30	50	0	0	0
30	51	2	0	1
30	52	-1	1	1
30	53	-1	0	0
30	54	3	2	3
30	55	-1	1	0
30	56	-3	0	-2
30	57	0	2	2
30	58	1	1	1
30	59	1	1	3
30	60	0	1	0
30	61	3	3	4
30	62	4	2	4
30	63	0	1	0
30	64	0	1	0
30	65	1	2	3
30	66	1	2	2
30	67	3	2	4
30	68	2	2	5
30	69	3	1	7
30	70	0	2	0
30	71	-1	0	3
30	72	0	0	0
30	73	1	1	0
30	74	0	0	0
30	75	-1	0	0
30	76	-2	0	-1
30	77	-1	0	-1
30	78	0	0	0
30	79	0	1	1
30	80	3	2	5
30	81	0	0	3
30	82	-1	0	0
30	83	-1	-1	0
30	84	0	2	0
30	85	-2	0	0
30	86	0	1	0
30	87	1	2	2
30	88	1	1	3
30	89	2	1	6
30	90	1	2	4
30	91	0	0	1
30	92	2	2	5
30	93	2	3	5
30	94	2	2	3
30	95	1	1	2
30	96	0	0	-1
30	97	0	0	0
30	98	-2	0	-3
30	99	-1	0	0
30	100	0	0	0
30	101	1	1	2
30	102	3	1	5
30	103	2	1	3
30	104	2	1	6
30	105	0	0	-2
30	106	-1	0	0
30	107	0	1	0
30	108	0	0	0
30	109	-1	0	0
30	110	-1	0	0
30	111	-1	0	0
30	112	0	1	3
30	113	0	1	1
30	114	1	0	0
30	115	1	0	4
30	116	0	1	-1
30	117	0	0	0
30	118	-2	0	-1
30	119	0	0	-1
30	120	-2	1	0
31	1	0	1	0
31	2	5	3	6
31	3	1	0	0
31	4	2	1	5
31	5	3	2	4
31	6	2	2	2
31	7	1	0	2
31	8	1	0	3
31	9	2	2	0
31	10	0	1	3
31	11	1	1	2
31	12	3	3	4
31	13	3	3	3
31	14	4	2	5
31	15	3	2	6
31	16	2	1	4
31	17	6	2	7
31	18	0	2	4
31	19	4	2	7
31	20	3	1	5
31	21	3	1	3
31	22	1	0	1
31	23	2	2	0
31	24	-1	1	0
31	25	1	1	2
31	26	4	1	4
31	27	5	2	5
31	28	6	3	5
31	29	2	1	2
31	30	0	1	-1
31	31	1	1	0
31	32	2	2	4
31	33	2	3	5
31	34	1	2	4
31	35	0	1	2
31	36	1	2	4
31	37	0	1	3
31	38	0	1	2
31	39	0	0	0
31	40	-1	0	0
31	41	2	2	3
31	42	0	2	2
31	43	1	0	-2
31	44	3	1	4
31	45	0	1	0
31	46	0	1	0
31	47	2	1	4
31	48	1	1	1
31	49	2	2	5
31	50	0	1	3
31	51	0	1	1
31	52	3	1	6
31	53	3	1	3
31	54	0	0	-1
31	55	-2	0	-2
31	56	2	1	1
31	57	-1	0	2
31	58	0	-1	0
31	59	2	1	5
31	60	0	2	1
31	61	2	2	6
31	62	2	2	3
31	63	-2	0	-1
31	64	0	1	2
31	65	3	1	1
31	66	3	1	8
31	67	0	0	0
31	68	2	2	4
31	69	0	1	1
31	70	1	2	1
31	71	1	3	2
31	72	-1	1	0
31	73	0	0	0
31	74	0	1	3
31	75	1	1	3
31	76	2	1	6
31	77	0	1	1
31	78	0	2	0
31	79	0	0	0
31	80	2	2	2
31	81	2	2	2
31	82	1	1	1
31	83	1	1	7
31	84	4	2	7
31	85	0	0	1
31	86	2	0	3
31	87	0	2	2
31	88	3	0	0
31	89	4	2	4
31	90	3	3	8
31	91	3	3	6
31	92	0	1	1
31	93	1	1	0
31	94	2	1	5
31	95	-2	1	0
31	96	0	1	3
31	97	1	0	0
31	98	0	0	0
31	99	3	1	0
31	100	2	1	4
31	101	1	0	1
31	102	2	0	2
31	103	2	0	2
31	104	0	2	3
31	105	1	1	0
31	106	6	2	6
31	107	1	1	2
31	108	3	2	4
31	109	3	2	3
31	110	2	2	0
31	111	2	1	2
31	112	2	2	5
31	113	4	2	5
31	114	2	1	1
31	115	2	2	3
31	116	2	0	1
31	117	2	3	1
31	118	0	1	3
31	119	1	1	2
31	120	3	3	5
32	1	4	3	3
32	2	3	3	1
32	3	5	3	5
32	4	1	2	2
32	5	1	1	0
32	6	3	3	3
32	7	2	2	2
32	8	0	2	1
32	9	2	1	4
32	10	0	0	0
32	11	2	4	3
32	12	3	3	5
32	13	5	3	6
32	14	2	2	2
32	15	2	0	2
32	16	0	0	0
32	17	0	1	0
32	18	1	2	4
32	19	1	2	3
32	20	0	2	2
32	21	1	2	3
32	22	7	4	3
32	23	2	2	4
32	24	4	4	5
32	25	4	4	4
32	26	0	1	2
32	27	2	4	2
32	28	3	3	1
32	29	5	3	4
32	30	1	2	4
32	31	4	4	5
32	32	2	3	1
32	33	1	1	1
32	34	1	2	2
32	35	0	2	1
32	36	3	3	3
32	37	5	3	5
32	38	2	3	5
32	39	3	2	2
32	40	0	3	1
32	41	2	1	1
32	42	2	3	-1
32	43	2	2	1
32	44	1	2	3
32	45	0	0	0
32	46	4	4	5
32	47	3	3	6
32	48	3	3	4
32	49	3	4	4
32	50	3	3	2
32	51	1	2	1
32	52	2	3	5
32	53	4	4	6
32	54	1	2	4
32	55	1	2	3
32	56	2	2	0
32	57	7	5	5
32	58	1	2	3
32	59	2	2	3
32	60	4	2	3
32	61	4	3	5
32	62	6	2	7
32	63	1	3	1
32	64	0	1	-1
32	65	0	1	1
32	66	5	1	1
32	67	1	1	2
32	68	0	1	1
32	69	1	1	1
32	70	3	2	4
32	71	3	1	2
32	72	1	2	3
32	73	1	1	0
32	74	1	1	0
32	75	0	2	0
32	76	2	1	0
32	77	3	1	2
32	78	2	2	4
32	79	2	3	2
32	80	2	1	1
32	81	0	2	0
32	82	3	2	0
32	83	0	1	0
32	84	-3	1	-2
32	85	-1	2	-1
32	86	3	2	2
32	87	3	2	2
32	88	0	1	2
32	89	5	3	5
32	90	0	2	2
32	91	1	2	1
32	92	1	1	0
32	93	1	2	0
32	94	1	2	1
32	95	1	1	2
32	96	2	0	1
32	97	1	2	3
32	98	3	2	5
32	99	3	2	5
32	100	1	2	0
32	101	3	2	4
32	102	1	2	0
32	103	0	1	0
32	104	1	1	0
32	105	0	1	1
32	106	2	1	1
32	107	2	2	0
32	108	0	1	0
32	109	2	4	4
32	110	3	2	5
32	111	4	4	8
32	112	6	4	8
32	113	4	4	7
32	114	1	4	2
32	115	2	2	6
32	116	4	2	7
32	117	2	1	1
32	118	3	1	2
32	119	4	4	4
32	120	5	3	5
33	1	0	1	2
33	2	0	0	0
33	3	0	2	2
33	4	0	1	3
33	5	-1	1	0
33	6	0	0	2
33	7	2	2	3
33	8	-1	0	0
33	9	0	0	0
33	10	-1	2	2
33	11	0	0	1
33	12	-2	0	-3
33	13	0	0	3
33	14	1	1	0
33	15	0	0	2
33	16	1	2	3
33	17	0	0	1
33	18	0	0	0
33	19	-1	0	0
33	20	0	1	2
33	21	1	1	2
33	22	1	1	1
33	23	0	2	0
33	24	0	1	1
33	25	0	1	2
33	26	1	1	2
33	27	0	0	4
33	28	0	2	0
33	29	-2	0	0
33	30	-2	0	0
33	31	0	0	-1
33	32	-1	1	0
33	33	0	0	2
33	34	-1	0	0
33	35	2	1	2
33	36	2	2	3
33	37	0	1	0
33	38	0	2	3
33	39	1	1	4
33	40	0	0	1
33	41	0	0	1
33	42	4	2	2
33	43	-2	0	-1
33	44	-1	0	-1
33	45	-3	0	-3
33	46	0	0	-1
33	47	0	0	0
33	48	-2	0	0
33	49	1	1	0
33	50	0	0	0
33	51	-1	2	-1
33	52	-1	1	3
33	53	1	2	1
33	54	0	1	0
33	55	1	1	2
33	56	-1	0	0
33	57	5	3	5
33	58	0	1	3
33	59	1	2	3
33	60	0	0	1
33	61	2	2	5
33	62	1	1	0
33	63	-2	1	0
33	64	0	1	2
33	65	1	2	1
33	66	-2	0	0
33	67	-3	-1	-2
33	68	0	1	1
33	69	3	1	5
33	70	-1	0	0
33	71	0	0	-2
33	72	-1	0	0
33	73	-1	0	-1
33	74	-1	0	0
33	75	0	2	0
33	76	1	2	2
33	77	3	1	5
33	78	-1	1	0
33	79	2	2	3
33	80	0	1	4
33	81	2	1	3
33	82	3	0	5
33	83	2	2	2
33	84	0	0	0
33	85	3	1	2
33	86	2	0	1
33	87	0	2	3
33	88	0	1	1
33	89	-2	0	0
33	90	3	1	2
33	91	1	1	1
33	92	1	1	1
33	93	-1	0	1
33	94	0	1	3
33	95	-1	0	0
33	96	0	0	0
33	97	-1	1	0
33	98	0	0	1
33	99	0	1	0
33	100	-1	0	-1
33	101	1	0	1
33	102	0	1	0
33	103	0	1	2
33	104	1	0	0
33	105	0	2	1
33	106	2	1	4
33	107	3	2	6
33	108	3	3	3
33	109	-1	1	1
33	110	-1	0	0
33	111	0	1	1
33	112	0	1	1
33	113	2	1	3
33	114	0	0	0
33	115	0	1	2
33	116	2	3	4
33	117	0	1	3
33	118	2	2	6
33	119	0	2	1
33	120	0	1	0
34	1	0	1	0
34	2	-1	0	-1
34	3	0	0	0
34	4	4	2	2
34	5	-2	0	1
34	6	-1	1	0
34	7	0	0	1
34	8	0	1	1
34	9	2	1	0
34	10	0	1	2
34	11	0	0	0
34	12	1	1	3
34	13	0	1	2
34	14	2	3	3
34	15	4	2	6
34	16	2	2	3
34	17	0	2	0
34	18	0	1	1
34	19	0	-1	0
34	20	-3	1	-4
34	21	0	0	-1
34	22	-1	0	-1
34	23	-4	0	-6
34	24	-1	0	-2
34	25	1	0	0
34	26	0	1	0
34	27	2	1	4
34	28	1	1	2
34	29	0	2	0
34	30	2	3	2
34	31	5	3	4
34	32	2	2	2
34	33	0	1	2
34	34	-1	0	-2
34	35	-1	0	0
34	36	-3	0	-3
34	37	-2	0	-4
34	38	0	2	0
34	39	0	0	0
34	40	4	3	5
34	41	2	2	4
34	42	5	3	3
34	43	1	1	1
34	44	0	1	1
34	45	3	1	3
34	46	1	1	0
34	47	-1	0	0
34	48	-5	0	-3
34	49	1	1	-1
34	50	-1	0	1
34	51	-1	0	0
34	52	0	1	0
34	53	0	1	0
34	54	1	2	2
34	55	1	1	1
34	56	1	2	2
34	57	0	1	0
34	58	-1	0	-2
34	59	1	1	1
34	60	-1	2	0
34	61	0	0	1
34	62	0	0	0
34	63	0	0	-2
34	64	4	1	2
34	65	0	0	3
34	66	0	3	1
34	67	2	1	2
34	68	0	0	0
34	69	3	3	5
34	70	4	2	1
34	71	0	1	1
34	72	-1	0	0
34	73	0	1	1
34	74	2	1	2
34	75	0	0	0
34	76	0	0	0
34	77	0	0	-1
34	78	1	0	-3
34	79	0	2	2
34	80	2	2	2
34	81	3	3	4
34	82	2	2	3
34	83	5	2	4
34	84	2	2	3
34	85	4	3	3
34	86	3	3	4
34	87	1	2	3
34	88	1	0	0
34	89	0	1	-2
34	90	0	0	-2
34	91	2	0	2
34	92	1	1	0
34	93	3	2	2
34	94	0	1	1
34	95	0	0	-1
34	96	0	1	2
34	97	3	2	3
34	98	2	2	4
34	99	1	2	2
34	100	-2	0	-3
34	101	-1	0	-4
34	102	0	0	-1
34	103	3	4	6
34	104	0	1	0
34	105	3	0	1
34	106	0	0	0
34	107	1	2	2
34	108	-1	0	-4
34	109	0	1	1
34	110	1	3	2
34	111	1	1	1
34	112	2	1	4
34	113	1	2	2
34	114	-1	1	0
34	115	-1	0	0
34	116	1	1	4
34	117	3	2	5
34	118	2	2	0
34	119	3	3	4
34	120	0	0	0
35	1	1	2	2
35	2	0	2	0
35	3	0	2	1
35	4	2	2	3
35	5	1	1	4
35	6	1	2	2
35	7	2	3	4
35	8	5	2	6
35	9	1	3	1
35	10	-1	1	0
35	11	-2	0	-2
35	12	0	0	-1
35	13	-2	1	-4
35	14	-1	0	-3
35	15	0	1	2
35	16	0	2	0
35	17	3	3	5
35	18	2	3	4
35	19	2	3	3
35	20	1	1	1
35	21	0	1	3
35	22	1	2	0
35	23	-2	0	0
35	24	0	2	0
35	25	0	3	2
35	26	-1	0	-4
35	27	-2	1	-2
35	28	0	1	1
35	29	0	1	0
35	30	0	1	0
35	31	-1	1	0
35	32	-2	0	0
35	33	0	0	1
35	34	-1	3	0
35	35	0	1	0
35	36	1	3	4
35	37	1	2	4
35	38	0	2	0
35	39	0	3	1
35	40	-5	0	-3
35	41	0	0	0
35	42	0	1	1
35	43	2	2	2
35	44	0	1	3
35	45	0	3	0
35	46	1	1	-2
35	47	0	0	0
35	48	0	1	0
35	49	0	1	1
35	50	0	1	4
35	51	3	3	5
35	52	1	2	5
35	53	0	1	0
35	54	0	2	1
35	55	-2	1	-1
35	56	-1	1	0
35	57	0	2	0
35	58	0	2	2
35	59	1	1	1
35	60	-1	0	1
35	61	-1	1	-1
35	62	0	1	-1
35	63	0	0	0
35	64	2	3	5
35	65	0	1	4
35	66	0	2	1
35	67	1	2	0
35	68	3	1	3
35	69	1	3	2
35	70	1	1	0
35	71	0	2	3
35	72	1	2	3
35	73	-3	0	-2
35	74	0	3	4
35	75	0	1	1
35	76	-2	1	-3
35	77	-2	0	-1
35	78	-1	2	0
35	79	-3	0	-2
35	80	-3	1	0
35	81	0	1	2
35	82	1	3	2
35	83	-1	1	1
35	84	0	2	3
35	85	0	0	2
35	86	0	2	1
35	87	-2	1	-1
35	88	0	0	0
35	89	1	3	2
35	90	0	1	1
35	91	0	1	0
35	92	0	1	0
35	93	0	0	0
35	94	0	2	0
35	95	1	4	2
35	96	-3	0	-2
35	97	-1	2	1
35	98	0	1	0
35	99	0	2	0
35	100	1	2	0
35	101	0	3	0
35	102	1	3	2
35	103	0	2	0
35	104	-1	0	0
35	105	0	1	0
35	106	0	1	4
35	107	0	2	2
35	108	2	3	3
35	109	-1	1	-1
35	110	0	0	-1
35	111	0	3	3
35	112	-1	1	-1
35	113	-1	3	0
35	114	1	1	1
35	115	2	0	2
35	116	0	1	-1
35	117	0	2	0
35	118	2	2	1
35	119	-2	0	-1
35	120	-1	0	0
36	1	0	0	1
36	2	0	0	0
36	3	0	0	0
36	4	0	0	0
36	5	1	2	2
36	6	0	1	1
36	7	2	1	0
36	8	2	2	3
36	9	3	1	3
36	10	0	0	-2
36	11	0	0	-2
36	12	4	2	1
36	13	1	0	0
36	14	1	1	2
36	15	2	0	1
36	16	-1	0	1
36	17	0	0	-2
36	18	0	0	-1
36	19	-2	0	-2
36	20	-1	0	0
36	21	1	1	3
36	22	0	0	-1
36	23	0	0	2
36	24	-2	0	-1
36	25	-3	0	-3
36	26	0	0	-1
36	27	3	2	1
36	28	3	1	3
36	29	3	3	5
36	30	2	0	1
36	31	2	1	4
36	32	1	2	1
36	33	4	1	4
36	34	3	1	6
36	35	2	2	4
36	36	0	0	0
36	37	0	2	0
36	38	1	1	1
36	39	-3	0	-3
36	40	-1	0	0
36	41	-2	0	-1
36	42	2	0	1
36	43	2	0	0
36	44	1	1	2
36	45	1	1	3
36	46	3	2	6
36	47	6	2	8
36	48	2	3	7
36	49	2	2	1
36	50	4	2	3
36	51	0	0	-3
36	52	1	0	2
36	53	4	2	5
36	54	3	2	2
36	55	1	0	1
36	56	-1	0	-1
36	57	-2	0	0
36	58	2	1	2
36	59	1	1	3
36	60	1	2	0
36	61	2	1	3
36	62	0	0	0
36	63	4	0	5
36	64	0	1	0
36	65	2	1	3
36	66	0	2	1
36	67	2	2	4
36	68	3	1	2
36	69	-1	1	-1
36	70	1	0	0
36	71	1	2	2
36	72	4	2	6
36	73	0	1	2
36	74	0	0	0
36	75	1	0	-2
36	76	0	1	1
36	77	2	2	0
36	78	0	0	0
36	79	0	1	-1
36	80	0	1	1
36	81	0	1	0
36	82	0	-1	0
36	83	3	1	4
36	84	0	0	4
36	85	1	1	3
36	86	0	2	1
36	87	1	2	0
36	88	1	1	2
36	89	0	0	0
36	90	0	0	0
36	91	2	1	4
36	92	0	0	0
36	93	0	0	0
36	94	-1	0	0
36	95	1	3	1
36	96	1	1	2
36	97	-3	1	-2
36	98	0	0	-3
36	99	0	0	-1
36	100	1	1	1
36	101	0	1	1
36	102	0	0	0
36	103	0	1	0
36	104	2	1	0
36	105	-1	0	-2
36	106	0	1	0
36	107	1	1	0
36	108	0	1	2
36	109	0	2	2
36	110	0	-1	0
36	111	3	0	0
36	112	1	1	2
36	113	2	1	2
36	114	3	1	3
36	115	3	2	5
36	116	5	1	3
36	117	3	3	3
36	118	1	0	2
36	119	5	2	6
36	120	-1	0	-3
37	1	1	4	3
37	2	2	4	3
37	3	1	2	3
37	4	-1	1	1
37	5	0	2	1
37	6	2	3	1
37	7	2	2	2
37	8	5	5	3
37	9	4	2	5
37	10	2	3	5
37	11	0	2	1
37	12	2	2	2
37	13	3	3	0
37	14	0	0	-1
37	15	0	0	-3
37	16	0	2	0
37	17	0	2	1
37	18	2	2	1
37	19	-1	1	2
37	20	0	1	-2
37	21	0	1	0
37	22	1	1	0
37	23	0	2	-2
37	24	2	2	2
37	25	1	1	1
37	26	-1	0	-2
37	27	-2	1	1
37	28	1	2	-1
37	29	-1	1	-1
37	30	2	2	2
37	31	1	1	0
37	32	1	3	0
37	33	3	3	1
37	34	-1	2	-1
37	35	2	2	2
37	36	1	2	1
37	37	0	3	0
37	38	0	2	0
37	39	-1	2	0
37	40	2	0	-2
37	41	0	1	0
37	42	1	2	1
37	43	2	1	4
37	44	4	2	2
37	45	5	4	3
37	46	4	3	4
37	47	5	3	3
37	48	2	2	6
37	49	3	2	0
37	50	3	3	0
37	51	1	3	0
37	52	1	3	5
37	53	3	3	4
37	54	4	2	6
37	55	4	3	1
37	56	3	3	4
37	57	4	2	1
37	58	-1	1	-3
37	59	0	0	0
37	60	-1	0	0
37	61	-3	1	-3
37	62	-1	1	-1
37	63	4	3	1
37	64	4	2	8
37	65	2	3	0
37	66	-1	1	-1
37	67	-1	2	-1
37	68	-1	0	-1
37	69	-1	2	0
37	70	1	2	3
37	71	0	3	0
37	72	1	2	2
37	73	2	2	2
37	74	2	1	2
37	75	3	2	5
37	76	3	2	5
37	77	0	1	0
37	78	1	2	2
37	79	-1	3	1
37	80	2	1	1
37	81	0	3	0
37	82	1	4	2
37	83	1	2	0
37	84	2	2	1
37	85	0	3	0
37	86	0	1	1
37	87	-1	1	-1
37	88	1	2	0
37	89	0	1	0
37	90	1	3	1
37	91	0	2	0
37	92	0	0	-1
37	93	-1	1	-1
37	94	1	3	0
37	95	4	3	2
37	96	3	3	5
37	97	4	2	2
37	98	1	2	-1
37	99	2	1	2
37	100	3	2	4
37	101	3	3	5
37	102	0	3	2
37	103	2	3	1
37	104	-2	0	-3
37	105	-1	1	-1
37	106	0	1	-1
37	107	0	3	3
37	108	4	3	5
37	109	3	3	2
37	110	4	4	7
37	111	0	2	0
37	112	4	4	6
37	113	0	1	-2
37	114	0	1	0
37	115	0	1	-1
37	116	0	1	-1
37	117	1	3	0
37	118	2	2	1
37	119	-2	2	-2
37	120	4	2	1
38	1	3	3	1
38	2	1	2	6
38	3	5	3	6
38	4	2	4	5
38	5	1	1	3
38	6	2	3	4
38	7	2	2	3
38	8	3	3	4
38	9	1	1	3
38	10	2	1	4
38	11	4	3	3
38	12	2	3	2
38	13	0	0	0
38	14	1	0	0
38	15	0	1	0
38	16	0	2	-1
38	17	3	3	4
38	18	4	3	4
38	19	2	3	6
38	20	6	3	8
38	21	2	1	4
38	22	3	2	2
38	23	0	0	0
38	24	0	0	0
38	25	1	2	1
38	26	3	2	3
38	27	2	2	3
38	28	2	2	3
38	29	3	2	3
38	30	3	2	4
38	31	-1	0	0
38	32	0	0	0
38	33	2	2	3
38	34	5	2	5
38	35	2	3	0
38	36	2	3	4
38	37	5	3	8
38	38	6	3	6
38	39	5	3	5
38	40	2	2	2
38	41	2	3	3
38	42	5	2	3
38	43	3	4	3
38	44	1	3	3
38	45	1	2	3
38	46	0	2	3
38	47	2	2	1
38	48	1	1	2
38	49	-2	1	-2
38	50	0	2	-1
38	51	0	0	-1
38	52	2	2	1
38	53	0	0	1
38	54	1	0	2
38	55	1	3	3
38	56	0	3	3
38	57	2	2	1
38	58	2	2	1
38	59	2	2	4
38	60	0	0	0
38	61	0	0	0
38	62	-1	1	-1
38	63	4	3	5
38	64	3	2	4
38	65	2	2	4
38	66	3	2	2
38	67	1	3	3
38	68	3	2	2
38	69	4	3	6
38	70	4	5	7
38	71	1	0	0
38	72	0	0	0
38	73	1	0	0
38	74	-1	2	0
38	75	0	1	-1
38	76	0	0	0
38	77	0	0	0
38	78	1	0	1
38	79	6	4	7
38	80	4	2	3
38	81	0	1	1
38	82	2	3	1
38	83	2	1	2
38	84	1	1	0
38	85	0	0	1
38	86	-1	0	-1
38	87	0	2	0
38	88	5	3	6
38	89	4	3	4
38	90	8	5	11
38	91	2	4	5
38	92	3	3	3
38	93	2	3	3
38	94	0	2	1
38	95	0	2	2
38	96	3	2	6
38	97	3	1	1
38	98	3	0	-1
38	99	0	2	2
38	100	2	1	-1
38	101	1	2	1
38	102	1	1	2
38	103	0	1	1
38	104	0	1	0
38	105	1	1	0
38	106	3	2	4
38	107	2	2	4
38	108	1	3	3
38	109	3	2	4
38	110	4	3	4
38	111	1	2	1
38	112	6	3	6
38	113	2	1	2
38	114	2	3	5
38	115	3	3	6
38	116	3	3	4
38	117	0	2	1
38	118	0	1	1
38	119	2	2	4
38	120	2	2	5
39	1	4	2	5
39	2	4	3	4
39	3	3	2	4
39	4	2	1	6
39	5	2	1	2
39	6	-1	0	0
39	7	4	1	5
39	8	1	1	3
39	9	3	2	4
39	10	4	3	7
39	11	1	2	2
39	12	1	0	2
39	13	0	0	0
39	14	2	1	2
39	15	2	0	3
39	16	1	2	0
39	17	1	1	2
39	18	4	3	1
39	19	0	1	2
39	20	4	2	8
39	21	3	3	5
39	22	6	2	5
39	23	0	1	0
39	24	0	1	2
39	25	3	3	5
39	26	4	2	3
39	27	4	3	6
39	28	5	3	4
39	29	6	4	8
39	30	1	1	4
39	31	1	2	0
39	32	1	2	2
39	33	0	1	1
39	34	2	3	4
39	35	5	2	4
39	36	0	1	-1
39	37	0	1	1
39	38	3	2	6
39	39	0	2	4
39	40	0	3	6
39	41	1	2	2
39	42	1	2	3
39	43	4	2	5
39	44	1	3	2
39	45	2	2	3
39	46	0	2	2
39	47	0	2	1
39	48	2	2	3
39	49	2	2	2
39	50	3	3	4
39	51	-1	0	0
39	52	0	2	1
39	53	3	2	3
39	54	7	4	9
39	55	8	3	8
39	56	3	4	5
39	57	4	1	3
39	58	3	2	4
39	59	0	1	2
39	60	0	1	2
39	61	4	3	6
39	62	3	3	7
39	63	3	4	5
39	64	3	2	7
39	65	4	2	6
39	66	1	2	2
39	67	3	2	4
39	68	2	1	3
39	69	3	2	7
39	70	2	2	1
39	71	3	1	2
39	72	0	2	3
39	73	2	2	4
39	74	1	1	4
39	75	3	3	3
39	76	0	0	1
39	77	3	2	4
39	78	2	1	5
39	79	1	1	3
39	80	2	2	3
39	81	3	1	3
39	82	1	1	1
39	83	2	1	2
39	84	3	1	4
39	85	0	1	3
39	86	4	2	5
39	87	6	3	8
39	88	6	4	9
39	89	4	2	4
39	90	3	2	3
39	91	3	2	2
39	92	2	1	5
39	93	1	0	3
39	94	1	2	2
39	95	1	0	0
39	96	2	3	6
39	97	4	3	9
39	98	4	2	6
39	99	1	1	1
39	100	0	1	3
39	101	0	1	-1
39	102	0	1	2
39	103	2	2	5
39	104	4	4	3
39	105	1	1	1
39	106	1	1	0
39	107	-1	0	3
39	108	4	2	4
39	109	4	3	6
39	110	2	4	5
39	111	4	2	4
39	112	2	4	3
39	113	4	3	5
39	114	2	1	0
39	115	-1	2	0
39	116	1	2	5
39	117	4	2	4
39	118	1	1	3
39	119	3	2	3
39	120	5	3	9
40	1	1	3	1
40	2	1	1	0
40	3	2	3	2
40	4	2	3	0
40	5	2	3	2
40	6	5	5	3
40	7	2	3	1
40	8	3	2	2
40	9	1	2	1
40	10	1	4	1
40	11	0	1	-3
40	12	2	4	3
40	13	1	3	0
40	14	2	3	2
40	15	2	3	3
40	16	6	5	6
40	17	7	5	7
40	18	7	6	8
40	19	3	4	3
40	20	2	2	2
40	21	0	0	0
40	22	2	3	2
40	23	2	2	2
40	24	2	2	2
40	25	-1	2	0
40	26	0	1	0
40	27	3	3	3
40	28	3	3	4
40	29	6	4	3
40	30	6	4	4
40	31	2	4	4
40	32	2	4	3
40	33	3	3	2
40	34	1	2	2
40	35	1	2	0
40	36	0	2	0
40	37	3	3	1
40	38	2	3	2
40	39	0	3	1
40	40	0	2	0
40	41	2	1	2
40	42	0	1	0
40	43	4	3	2
40	44	2	4	3
40	45	3	3	3
40	46	1	3	0
40	47	0	2	0
40	48	3	3	3
40	49	5	4	6
40	50	2	4	1
40	51	3	3	4
40	52	3	4	1
40	53	2	2	1
40	54	4	4	4
40	55	1	1	1
40	56	2	2	2
40	57	3	3	2
40	58	1	3	5
40	59	5	3	3
40	60	3	4	1
40	61	0	3	1
40	62	1	2	3
40	63	0	4	1
40	64	0	4	1
40	65	3	2	5
40	66	3	2	1
40	67	4	3	2
40	68	2	2	4
40	69	4	3	2
40	70	2	3	3
40	71	2	2	0
40	72	1	2	0
40	73	2	4	4
40	74	1	1	0
40	75	0	3	1
40	76	5	3	5
40	77	5	5	4
40	78	6	4	6
40	79	6	4	7
40	80	4	6	6
40	81	2	2	2
40	82	0	2	0
40	83	5	3	4
40	84	5	5	6
40	85	3	4	3
40	86	2	1	1
40	87	2	2	0
40	88	3	3	3
40	89	3	3	5
40	90	1	5	5
40	91	2	2	2
40	92	6	5	6
40	93	4	4	7
40	94	3	2	2
40	95	2	2	1
40	96	0	1	2
40	97	0	1	0
40	98	4	2	4
40	99	4	3	2
40	100	3	3	3
40	101	5	3	2
40	102	3	4	2
40	103	4	2	4
40	104	3	4	3
40	105	1	3	0
40	106	5	4	3
40	107	2	3	1
40	108	4	3	3
40	109	1	2	0
40	110	2	2	0
40	111	2	1	0
40	112	2	3	3
40	113	3	3	3
40	114	4	3	2
40	115	4	5	5
40	116	5	3	9
40	117	6	5	4
40	118	2	3	4
40	119	0	3	2
40	120	2	3	2
41	1	5	4	2
41	2	4	2	2
41	3	6	3	3
41	4	5	3	5
41	5	4	2	1
41	6	1	1	2
41	7	2	1	3
41	8	3	3	2
41	9	0	0	-2
41	10	0	2	-1
41	11	1	2	1
41	12	3	2	3
41	13	2	3	5
41	14	3	2	7
41	15	2	1	1
41	16	3	3	3
41	17	5	2	4
41	18	3	4	4
41	19	5	3	6
41	20	2	4	5
41	21	3	3	4
41	22	4	2	2
41	23	4	4	1
41	24	2	3	4
41	25	1	3	3
41	26	3	3	2
41	27	4	4	4
41	28	2	3	2
41	29	0	2	2
41	30	0	3	0
41	31	2	3	3
41	32	2	2	2
41	33	3	4	6
41	34	5	3	5
41	35	1	2	0
41	36	6	4	6
41	37	2	4	0
41	38	4	2	2
41	39	4	3	5
41	40	5	4	4
41	41	4	4	5
41	42	3	3	0
41	43	0	2	0
41	44	2	2	0
41	45	3	3	3
41	46	3	2	1
41	47	7	3	8
41	48	0	1	0
41	49	2	2	0
41	50	2	1	1
41	51	4	2	1
41	52	3	2	4
41	53	4	4	6
41	54	1	2	3
41	55	3	2	3
41	56	3	3	5
41	57	4	4	8
41	58	5	4	5
41	59	0	1	3
41	60	0	1	0
41	61	0	3	0
41	62	2	2	1
41	63	2	1	0
41	64	2	2	1
41	65	1	0	3
41	66	2	1	4
41	67	1	1	0
41	68	2	3	1
41	69	2	2	2
41	70	0	2	3
41	71	2	2	1
41	72	4	2	3
41	73	1	0	0
41	74	2	3	5
41	75	5	3	3
41	76	3	2	2
41	77	0	2	0
41	78	5	3	5
41	79	4	4	5
41	80	4	3	5
41	81	4	2	6
41	82	3	2	4
41	83	4	4	7
41	84	3	3	6
41	85	3	2	3
41	86	6	3	6
41	87	1	2	3
41	88	3	3	3
41	89	2	4	4
41	90	0	2	0
41	91	0	0	0
41	92	-2	0	-4
41	93	1	0	1
41	94	1	1	1
41	95	4	4	2
41	96	1	3	0
41	97	3	2	3
41	98	6	3	6
41	99	4	3	3
41	100	4	2	4
41	101	3	3	7
41	102	3	3	2
41	103	3	3	2
41	104	3	3	5
41	105	2	1	2
41	106	5	4	8
41	107	1	3	3
41	108	3	2	1
41	109	5	3	5
41	110	3	4	4
41	111	0	2	0
41	112	0	2	2
41	113	0	1	1
41	114	4	3	3
41	115	2	3	0
41	116	4	2	2
41	117	3	3	6
41	118	6	4	7
41	119	3	3	6
41	120	7	4	8
42	1	1	2	2
42	2	2	3	1
42	3	2	4	4
42	4	4	3	7
42	5	1	1	0
42	6	3	3	0
42	7	6	3	7
42	8	1	3	4
42	9	2	4	4
42	10	3	3	5
42	11	3	3	3
42	12	4	3	5
42	13	2	3	0
42	14	4	4	8
42	15	4	2	6
42	16	2	2	4
42	17	0	2	0
42	18	3	3	2
42	19	-1	2	0
42	20	1	1	-1
42	21	5	5	3
42	22	4	5	6
42	23	4	5	8
42	24	5	5	6
42	25	3	3	3
42	26	4	4	4
42	27	3	3	1
42	28	2	4	5
42	29	3	2	3
42	30	1	1	0
42	31	0	3	0
42	32	0	1	0
42	33	1	1	2
42	34	-1	0	0
42	35	2	3	2
42	36	0	3	0
42	37	4	1	2
42	38	4	3	5
42	39	2	3	1
42	40	0	1	2
42	41	1	2	0
42	42	0	2	1
42	43	2	3	3
42	44	2	1	2
42	45	1	1	0
42	46	3	3	5
42	47	3	2	4
42	48	3	3	5
42	49	2	1	0
42	50	3	2	3
42	51	4	3	6
42	52	3	3	3
42	53	1	2	2
42	54	2	2	1
42	55	1	2	0
42	56	2	3	2
42	57	0	0	-1
42	58	1	1	0
42	59	0	1	2
42	60	1	2	3
42	61	0	2	1
42	62	1	2	1
42	63	0	1	0
42	64	2	1	2
42	65	2	1	2
42	66	0	1	1
42	67	0	3	0
42	68	2	3	4
42	69	1	2	3
42	70	3	3	6
42	71	3	3	4
42	72	0	2	5
42	73	1	2	1
42	74	0	1	0
42	75	-1	0	-1
42	76	1	2	3
42	77	3	3	4
42	78	2	3	3
42	79	2	2	3
42	80	3	1	4
42	81	0	1	1
42	82	3	2	4
42	83	4	2	5
42	84	3	3	7
42	85	3	3	4
42	86	1	2	1
42	87	1	2	5
42	88	3	2	4
42	89	-1	1	0
42	90	0	1	4
42	91	1	2	3
42	92	4	3	4
42	93	3	3	5
42	94	5	3	7
42	95	6	5	8
42	96	2	3	3
42	97	4	4	6
42	98	5	2	4
42	99	1	3	3
42	100	2	2	1
42	101	2	1	5
42	102	1	2	3
42	103	1	3	2
42	104	3	2	3
42	105	1	2	6
42	106	2	1	1
42	107	2	1	1
42	108	4	3	6
42	109	0	1	2
42	110	4	2	6
42	111	4	3	5
42	112	0	2	0
42	113	1	4	7
42	114	3	3	4
42	115	3	3	5
42	116	0	2	0
42	117	1	1	0
42	118	1	2	-2
42	119	0	2	4
42	120	3	2	0
43	1	2	5	3
43	2	6	6	7
43	3	7	5	9
43	4	7	7	8
43	5	7	5	8
43	6	5	5	10
43	7	5	5	8
43	8	6	5	7
43	9	5	5	6
43	10	5	4	7
43	11	6	4	8
43	12	9	7	12
43	13	7	6	9
43	14	4	4	6
43	15	2	3	4
43	16	0	1	3
43	17	2	3	4
43	18	3	5	3
43	19	5	5	4
43	20	3	4	5
43	21	8	5	8
43	22	5	6	11
43	23	6	6	7
43	24	2	3	3
43	25	4	6	6
43	26	3	3	5
43	27	3	4	2
43	28	2	5	3
43	29	2	1	2
43	30	5	5	7
43	31	3	3	3
43	32	3	4	4
43	33	5	5	6
43	34	5	4	4
43	35	5	4	8
43	36	4	5	8
43	37	7	5	7
43	38	1	4	0
43	39	1	4	3
43	40	0	1	-2
43	41	0	4	1
43	42	2	3	5
43	43	5	5	6
43	44	1	3	4
43	45	4	5	6
43	46	3	4	5
43	47	2	4	5
43	48	0	1	0
43	49	4	5	7
43	50	4	3	5
43	51	3	4	3
43	52	3	4	5
43	53	2	3	3
43	54	5	4	3
43	55	2	3	1
43	56	2	5	3
43	57	1	3	3
43	58	4	3	6
43	59	0	4	1
43	60	1	4	3
43	61	4	5	4
43	62	4	5	6
43	63	3	4	3
43	64	4	5	8
43	65	6	5	8
43	66	6	5	6
43	67	5	4	7
43	68	2	4	5
43	69	2	4	6
43	70	2	4	1
43	71	3	4	5
43	72	2	4	4
43	73	4	5	6
43	74	4	4	4
43	75	2	5	4
43	76	4	4	4
43	77	0	3	0
43	78	1	2	4
43	79	3	4	4
43	80	2	3	1
43	81	4	3	4
43	82	4	5	5
43	83	2	2	2
43	84	2	3	4
43	85	3	4	5
43	86	1	4	1
43	87	3	4	4
43	88	4	5	5
43	89	2	3	0
43	90	-1	3	0
43	91	3	3	2
43	92	1	3	2
43	93	1	4	3
43	94	1	3	2
43	95	3	4	6
43	96	2	2	1
43	97	2	5	4
43	98	3	4	2
43	99	4	5	9
43	100	4	6	8
43	101	4	6	10
43	102	4	4	4
43	103	5	3	7
43	104	4	5	6
43	105	6	4	7
43	106	6	5	5
43	107	5	5	7
43	108	5	6	4
43	109	0	3	3
43	110	3	4	4
43	111	3	5	4
43	112	3	4	6
43	113	5	4	5
43	114	3	3	5
43	115	6	5	7
43	116	4	6	8
43	117	5	4	6
43	118	7	4	8
43	119	6	4	5
43	120	4	4	9
44	1	-2	0	-3
44	2	-1	0	-3
44	3	-2	0	-3
44	4	-2	0	-3
44	5	-2	-1	-1
44	6	-4	0	-2
44	7	-2	0	-3
44	8	-4	-2	-3
44	9	-3	-1	-2
44	10	0	0	0
44	11	-2	0	-1
44	12	0	0	0
44	13	0	0	0
44	14	-2	0	-1
44	15	1	1	4
44	16	0	0	1
44	17	-3	0	0
44	18	-1	0	-2
44	19	-1	1	2
44	20	-1	1	1
44	21	0	0	1
44	22	0	-1	-1
44	23	0	0	1
44	24	-1	0	-2
44	25	0	0	2
44	26	1	2	2
44	27	3	2	3
44	28	1	2	7
44	29	-2	0	1
44	30	0	1	3
44	31	2	2	1
44	32	4	1	5
44	33	0	0	1
44	34	0	0	3
44	35	0	0	1
44	36	0	0	-1
44	37	-4	-1	-1
44	38	-3	0	-1
44	39	-2	-1	0
44	40	-2	0	-2
44	41	-1	0	-1
44	42	-2	0	-1
44	43	-3	0	-1
44	44	-1	2	1
44	45	0	0	1
44	46	-2	0	0
44	47	1	0	3
44	48	0	0	-1
44	49	-1	0	1
44	50	-1	0	0
44	51	-2	0	-2
44	52	0	0	0
44	53	0	1	0
44	54	-1	0	0
44	55	-4	0	-1
44	56	-1	0	4
44	57	0	0	1
44	58	2	1	3
44	59	0	0	0
44	60	-4	0	1
44	61	-1	0	1
44	62	-3	0	-3
44	63	-1	2	0
44	64	-2	0	0
44	65	0	0	4
44	66	1	0	1
44	67	2	2	5
44	68	-2	1	0
44	69	-1	0	0
44	70	1	0	2
44	71	0	0	0
44	72	-3	0	0
44	73	-4	-2	-3
44	74	-1	0	-1
44	75	0	0	1
44	76	4	1	3
44	77	0	1	2
44	78	1	1	3
44	79	0	0	2
44	80	0	0	1
44	81	0	1	1
44	82	-1	1	0
44	83	-5	-2	0
44	84	-2	0	-1
44	85	-1	1	1
44	86	0	1	2
44	87	0	0	1
44	88	0	1	0
44	89	0	1	-1
44	90	-2	-1	0
44	91	-2	0	0
44	92	-1	0	0
44	93	1	0	0
44	94	0	0	1
44	95	-1	0	1
44	96	0	0	0
44	97	-4	0	-2
44	98	-2	0	0
44	99	0	0	0
44	100	-1	0	-1
44	101	0	0	2
44	102	0	1	0
44	103	0	0	2
44	104	0	1	1
44	105	0	0	4
44	106	1	1	2
44	107	3	2	4
44	108	0	0	0
44	109	3	2	4
44	110	2	1	3
44	111	0	0	3
44	112	0	0	0
44	113	-3	0	0
44	114	0	0	-1
44	115	-1	1	-1
44	116	0	0	2
44	117	0	1	2
44	118	0	0	0
44	119	0	0	0
44	120	-2	1	-1
45	1	0	0	-2
45	2	0	1	-2
45	3	1	2	2
45	4	1	1	2
45	5	0	1	1
45	6	0	0	-1
45	7	0	0	-1
45	8	0	1	1
45	9	1	2	1
45	10	0	1	0
45	11	0	0	-4
45	12	0	0	0
45	13	0	0	0
45	14	1	1	0
45	15	3	0	2
45	16	0	0	0
45	17	1	1	2
45	18	0	2	2
45	19	2	0	0
45	20	0	1	0
45	21	0	0	-3
45	22	-2	0	-2
45	23	0	3	0
45	24	-1	0	-4
45	25	0	1	0
45	26	1	1	0
45	27	1	0	0
45	28	0	0	0
45	29	0	0	0
45	30	3	4	3
45	31	1	0	1
45	32	3	2	3
45	33	2	1	2
45	34	4	2	2
45	35	2	3	2
45	36	2	2	3
45	37	0	0	-2
45	38	1	2	1
45	39	3	2	0
45	40	1	1	1
45	41	0	0	2
45	42	1	0	-1
45	43	0	1	2
45	44	0	1	1
45	45	0	0	0
45	46	1	2	1
45	47	1	0	0
45	48	-2	0	-2
45	49	1	2	1
45	50	3	0	2
45	51	0	2	0
45	52	-1	0	-3
45	53	0	0	0
45	54	0	1	2
45	55	1	2	0
45	56	0	2	3
45	57	0	1	-1
45	58	2	2	1
45	59	0	1	-1
45	60	0	2	-3
45	61	0	1	0
45	62	-5	0	-5
45	63	-1	2	0
45	64	1	1	-2
45	65	0	0	-2
45	66	1	0	0
45	67	-1	0	-1
45	68	1	1	0
45	69	0	1	2
45	70	1	1	3
45	71	1	2	1
45	72	0	2	2
45	73	0	1	0
45	74	2	1	-1
45	75	2	2	1
45	76	1	1	0
45	77	0	1	0
45	78	2	1	0
45	79	3	1	3
45	80	0	1	2
45	81	0	1	0
45	82	0	1	1
45	83	1	2	1
45	84	1	0	-1
45	85	0	2	3
45	86	2	2	4
45	87	1	1	0
45	88	0	1	0
45	89	0	1	-1
45	90	3	3	2
45	91	5	3	3
45	92	0	2	0
45	93	-4	0	-5
45	94	-2	0	-2
45	95	-1	0	-1
45	96	0	1	-3
45	97	-2	0	-2
45	98	-3	0	1
45	99	0	0	-2
45	100	1	2	2
45	101	0	2	-1
45	102	0	0	0
45	103	-1	0	-3
45	104	0	2	0
45	105	2	2	2
45	106	0	1	-2
45	107	3	1	0
45	108	3	3	0
45	109	3	0	1
45	110	-2	1	-2
45	111	1	0	0
45	112	0	2	0
45	113	0	0	1
45	114	0	1	-1
45	115	-2	0	-5
45	116	-2	1	1
45	117	6	5	8
45	118	0	0	3
45	119	3	2	2
45	120	2	3	1
46	1	6	4	7
46	2	7	7	9
46	3	3	5	6
46	4	0	3	2
46	5	4	4	8
46	6	4	5	6
46	7	0	2	4
46	8	2	3	6
46	9	1	2	5
46	10	2	4	7
46	11	5	5	10
46	12	3	1	3
46	13	1	4	6
46	14	2	3	5
46	15	3	3	4
46	16	2	2	4
46	17	1	3	3
46	18	2	3	1
46	19	2	3	4
46	20	0	2	0
46	21	2	4	4
46	22	3	4	5
46	23	3	3	7
46	24	1	3	0
46	25	2	2	2
46	26	0	3	1
46	27	0	2	4
46	28	3	5	6
46	29	4	4	6
46	30	1	3	5
46	31	6	3	4
46	32	1	2	2
46	33	3	4	4
46	34	1	3	4
46	35	0	3	2
46	36	2	4	6
46	37	2	4	4
46	38	1	4	4
46	39	3	4	3
46	40	2	2	1
46	41	4	3	4
46	42	1	2	2
46	43	1	4	3
46	44	0	3	4
46	45	1	2	4
46	46	4	4	5
46	47	3	3	8
46	48	3	3	5
46	49	3	4	8
46	50	3	2	3
46	51	3	3	8
46	52	4	3	3
46	53	1	2	2
46	54	3	5	6
46	55	5	4	6
46	56	4	5	6
46	57	4	4	9
46	58	2	3	4
46	59	1	3	6
46	60	7	6	9
46	61	5	4	6
46	62	6	5	10
46	63	4	5	7
46	64	4	4	6
46	65	0	3	4
46	66	4	3	3
46	67	1	3	4
46	68	4	3	8
46	69	6	4	8
46	70	1	2	2
46	71	5	4	9
46	72	2	3	4
46	73	2	2	3
46	74	1	2	1
46	75	2	4	4
46	76	0	3	4
46	77	0	2	1
46	78	0	2	2
46	79	2	3	4
46	80	1	3	2
46	81	3	4	4
46	82	4	4	5
46	83	1	3	0
46	84	0	2	0
46	85	-1	1	0
46	86	0	1	-3
46	87	0	1	1
46	88	2	4	4
46	89	1	3	1
46	90	1	4	4
46	91	0	4	0
46	92	4	2	4
46	93	4	4	5
46	94	4	5	5
46	95	6	4	7
46	96	4	3	7
46	97	1	3	3
46	98	4	4	2
46	99	4	3	5
46	100	2	4	2
46	101	2	4	4
46	102	2	3	3
46	103	2	4	2
46	104	0	3	5
46	105	3	2	5
46	106	3	3	4
46	107	2	5	5
46	108	3	4	4
46	109	6	5	7
46	110	4	5	7
46	111	2	4	4
46	112	1	3	3
46	113	3	3	3
46	114	0	2	3
46	115	2	4	4
46	116	6	5	6
46	117	5	5	9
46	118	3	4	4
46	119	3	3	6
46	120	0	4	3
47	1	4	4	5
47	2	2	3	0
47	3	7	4	7
47	4	4	2	2
47	5	3	3	2
47	6	3	4	2
47	7	4	1	3
47	8	1	1	1
47	9	2	3	1
47	10	2	3	0
47	11	3	4	0
47	12	5	5	5
47	13	5	3	5
47	14	3	4	3
47	15	3	4	2
47	16	2	1	3
47	17	4	3	2
47	18	3	3	1
47	19	4	3	3
47	20	0	3	0
47	21	1	3	0
47	22	2	2	1
47	23	2	4	3
47	24	3	2	2
47	25	3	4	4
47	26	1	0	0
47	27	2	4	3
47	28	2	3	1
47	29	3	3	2
47	30	0	1	-1
47	31	0	1	0
47	32	-1	1	-1
47	33	1	3	1
47	34	0	2	0
47	35	2	4	2
47	36	2	2	-2
47	37	2	4	1
47	38	4	2	2
47	39	0	3	0
47	40	3	3	0
47	41	1	3	1
47	42	3	5	3
47	43	4	3	5
47	44	3	2	2
47	45	4	5	1
47	46	3	3	2
47	47	5	4	5
47	48	5	6	7
47	49	4	1	2
47	50	4	4	2
47	51	0	2	-3
47	52	1	3	0
47	53	1	2	0
47	54	1	2	3
47	55	3	4	5
47	56	5	5	5
47	57	2	4	3
47	58	1	3	2
47	59	1	2	2
47	60	1	3	0
47	61	5	5	3
47	62	4	4	3
47	63	3	3	1
47	64	4	4	2
47	65	2	2	0
47	66	4	3	1
47	67	3	3	0
47	68	5	5	5
47	69	4	4	4
47	70	4	4	2
47	71	4	3	4
47	72	5	4	5
47	73	5	2	2
47	74	7	4	4
47	75	4	5	6
47	76	5	6	7
47	77	6	5	7
47	78	5	4	5
47	79	1	3	1
47	80	3	3	1
47	81	3	3	1
47	82	2	3	2
47	83	2	1	0
47	84	0	1	-2
47	85	1	1	1
47	86	4	5	7
47	87	3	4	1
47	88	2	3	1
47	89	1	0	-1
47	90	1	0	0
47	91	1	0	0
47	92	5	3	5
47	93	3	2	3
47	94	5	3	2
47	95	0	4	-1
47	96	2	0	0
47	97	3	4	5
47	98	4	3	4
47	99	6	4	2
47	100	3	3	3
47	101	3	3	0
47	102	7	4	5
47	103	5	4	5
47	104	3	3	6
47	105	5	5	4
47	106	9	5	6
47	107	7	3	9
47	108	3	4	5
47	109	5	3	5
47	110	4	4	6
47	111	2	3	1
47	112	2	3	0
47	113	2	2	0
47	114	4	3	1
47	115	2	3	2
47	116	3	4	1
47	117	0	2	-2
47	118	1	2	0
47	119	-1	1	-3
47	120	4	3	5
48	1	2	3	1
48	2	1	1	-1
48	3	0	1	-1
48	4	0	0	-1
48	5	3	2	2
48	6	3	3	6
48	7	4	3	3
48	8	3	4	4
48	9	0	2	1
48	10	0	2	0
48	11	2	3	2
48	12	1	1	0
48	13	1	3	0
48	14	4	1	4
48	15	3	3	2
48	16	6	3	5
48	17	3	2	1
48	18	1	2	0
48	19	3	4	4
48	20	4	5	5
48	21	7	4	8
48	22	7	4	6
48	23	2	2	4
48	24	2	3	5
48	25	5	4	6
48	26	0	1	1
48	27	4	2	4
48	28	5	3	5
48	29	5	4	8
48	30	3	2	3
48	31	4	3	1
48	32	1	3	4
48	33	2	2	1
48	34	2	2	0
48	35	2	2	0
48	36	1	2	0
48	37	2	2	4
48	38	3	2	3
48	39	3	3	3
48	40	4	2	2
48	41	1	2	1
48	42	2	2	2
48	43	2	1	1
48	44	2	1	4
48	45	4	5	7
48	46	3	3	4
48	47	2	3	0
48	48	2	2	3
48	49	3	2	0
48	50	3	1	-1
48	51	1	2	2
48	52	1	0	0
48	53	2	1	2
48	54	2	1	1
48	55	4	2	2
48	56	5	4	4
48	57	3	2	2
48	58	3	2	5
48	59	3	2	1
48	60	1	1	0
48	61	3	2	2
48	62	2	3	4
48	63	0	2	0
48	64	3	2	4
48	65	3	4	4
48	66	5	4	6
48	67	1	4	4
48	68	7	4	4
48	69	4	2	4
48	70	4	2	4
48	71	2	2	4
48	72	4	3	3
48	73	4	2	3
48	74	5	5	6
48	75	1	1	0
48	76	5	5	3
48	77	5	4	5
48	78	3	2	1
48	79	2	1	2
48	80	2	3	0
48	81	1	2	1
48	82	3	2	2
48	83	4	2	2
48	84	2	2	2
48	85	4	1	0
48	86	0	1	-2
48	87	3	2	1
48	88	1	1	-1
48	89	4	4	4
48	90	2	2	3
48	91	4	3	3
48	92	4	2	3
48	93	3	3	2
48	94	2	2	4
48	95	4	4	4
48	96	-2	0	1
48	97	0	2	0
48	98	0	1	-2
48	99	3	1	1
48	100	2	1	3
48	101	6	3	5
48	102	1	2	3
48	103	5	3	7
48	104	2	4	3
48	105	2	1	0
48	106	1	2	1
48	107	1	2	3
48	108	3	1	2
48	109	1	2	2
48	110	2	3	2
48	111	4	2	4
48	112	7	4	4
48	113	4	2	3
48	114	3	3	1
48	115	3	2	0
48	116	1	1	0
48	117	1	3	1
48	118	4	3	5
48	119	4	4	6
48	120	3	4	4
49	1	0	1	1
49	2	0	0	0
49	3	2	0	3
49	4	-1	0	-3
49	5	0	0	0
49	6	-3	0	-3
49	7	-1	1	0
49	8	3	2	5
49	9	1	1	6
49	10	2	2	3
49	11	2	2	3
49	12	5	1	6
49	13	2	2	5
49	14	3	2	4
49	15	3	2	5
49	16	1	1	4
49	17	0	0	1
49	18	2	2	3
49	19	2	1	4
49	20	2	1	2
49	21	0	0	3
49	22	3	1	2
49	23	2	0	2
49	24	0	0	0
49	25	1	0	2
49	26	3	2	1
49	27	2	1	4
49	28	-3	0	1
49	29	-2	0	0
49	30	0	0	4
49	31	1	0	2
49	32	3	1	4
49	33	1	2	2
49	34	2	1	4
49	35	0	1	1
49	36	0	0	0
49	37	2	1	5
49	38	-2	1	1
49	39	1	3	5
49	40	-1	0	1
49	41	1	1	2
49	42	0	0	3
49	43	1	0	1
49	44	-2	1	0
49	45	3	2	4
49	46	1	1	4
49	47	4	1	5
49	48	3	1	6
49	49	0	1	0
49	50	0	0	3
49	51	0	1	0
49	52	2	2	3
49	53	2	2	2
49	54	1	0	1
49	55	2	2	5
49	56	4	2	5
49	57	4	3	7
49	58	2	2	4
49	59	2	1	5
49	60	2	1	5
49	61	0	2	1
49	62	-3	0	0
49	63	-1	0	0
49	64	2	1	4
49	65	3	2	0
49	66	1	0	3
49	67	0	0	1
49	68	3	0	1
49	69	1	0	2
49	70	3	1	4
49	71	0	0	1
49	72	1	0	2
49	73	0	0	3
49	74	4	3	7
49	75	1	2	4
49	76	1	1	3
49	77	2	0	1
49	78	0	1	1
49	79	0	0	2
49	80	-1	0	0
49	81	1	0	0
49	82	1	0	2
49	83	1	1	0
49	84	0	0	2
49	85	0	0	2
49	86	-1	0	1
49	87	1	0	1
49	88	4	2	2
49	89	2	2	4
49	90	1	1	0
49	91	0	1	2
49	92	-2	1	1
49	93	1	0	1
49	94	2	0	1
49	95	2	0	1
49	96	0	1	0
49	97	4	1	4
49	98	5	3	6
49	99	2	3	2
49	100	0	1	2
49	101	3	0	3
49	102	2	2	3
49	103	0	0	1
49	104	4	1	5
49	105	1	3	5
49	106	3	3	7
49	107	0	1	0
49	108	0	0	0
49	109	1	1	5
49	110	1	1	3
49	111	0	2	3
49	112	0	1	3
49	113	3	1	2
49	114	0	0	-1
49	115	-1	0	1
49	116	1	2	0
49	117	0	0	3
49	118	0	1	1
49	119	1	1	1
49	120	0	0	2
50	1	0	2	1
50	2	0	2	3
50	3	3	4	4
50	4	0	3	3
50	5	0	4	4
50	6	-1	1	1
50	7	1	3	2
50	8	0	2	3
50	9	5	4	4
50	10	5	4	7
50	11	0	1	2
50	12	0	2	3
50	13	2	3	4
50	14	2	3	3
50	15	0	3	5
50	16	1	1	3
50	17	0	3	0
50	18	1	1	2
50	19	0	2	4
50	20	0	3	3
50	21	2	3	4
50	22	1	3	5
50	23	3	4	7
50	24	2	4	4
50	25	3	3	6
50	26	3	2	1
50	27	0	2	2
50	28	1	3	4
50	29	0	4	4
50	30	2	2	3
50	31	1	2	4
50	32	0	3	6
50	33	0	1	3
50	34	0	1	0
50	35	0	3	4
50	36	5	4	8
50	37	2	3	6
50	38	0	2	2
50	39	2	2	1
50	40	1	1	3
50	41	2	3	5
50	42	0	1	0
50	43	0	2	2
50	44	0	1	3
50	45	1	2	3
50	46	0	1	6
50	47	2	3	3
50	48	0	1	1
50	49	1	3	1
50	50	4	3	4
50	51	0	2	0
50	52	0	3	3
50	53	2	2	4
50	54	0	1	1
50	55	-1	1	1
50	56	0	1	0
50	57	2	2	4
50	58	0	2	3
50	59	2	3	3
50	60	4	2	5
50	61	1	3	4
50	62	2	3	6
50	63	0	3	3
50	64	3	2	4
50	65	1	2	4
50	66	-1	1	1
50	67	1	3	6
50	68	0	2	0
50	69	0	3	3
50	70	0	3	4
50	71	2	3	5
50	72	6	3	7
50	73	2	2	3
50	74	0	3	3
50	75	0	3	3
50	76	2	2	3
50	77	2	4	4
50	78	1	3	5
50	79	-1	2	4
50	80	2	3	4
50	81	0	3	2
50	82	0	1	2
50	83	0	2	5
50	84	2	3	7
50	85	0	2	2
50	86	-3	2	-1
50	87	-2	1	1
50	88	0	1	1
50	89	0	4	0
50	90	2	3	3
50	91	3	3	2
50	92	5	6	5
50	93	0	1	1
50	94	0	2	3
50	95	0	0	0
50	96	0	1	0
50	97	-1	1	4
50	98	-2	1	1
50	99	0	2	4
50	100	1	3	3
50	101	0	2	4
50	102	2	4	4
50	103	0	3	0
50	104	0	1	2
50	105	-1	2	1
50	106	0	2	2
50	107	0	2	0
50	108	1	2	6
50	109	3	6	6
50	110	2	3	5
50	111	0	3	3
50	112	0	2	2
50	113	3	4	5
50	114	3	4	3
50	115	0	1	1
50	116	1	1	-1
50	117	0	1	3
50	118	0	2	0
50	119	2	3	3
50	120	-1	1	2
