1	3	2	3	6	6	7	3	3	3	2	2	4	5	3	5	3	4	3	3	5	7	1	3	5	4	2	5	5	4	7	0	2	2	1	3	0	3	3	5	3	3	4	5	6	6	2	2	2	1	2	1	1	1	2	2	3	4	4	2	3	2	3	4	4	3	6	6	5	6	3	4	2	2	3	2	1	2	-1	3	5	5	1	2	3	3	3	3	1	2	2	-2	0	0	1	3	1	1	2	1	0	1	1	-1	1	-3	1	2	1	3	4	2	2	3	2	3	2	2	2	2	3	3	3	2	5	5	8	3	3	5	3	3	2	1	2	0
2	2	2	4	6	5	7	3	3	4	2	2	4	-1	0	-2	-2	0	0	1	0	3	0	2	1	0	1	2	2	2	3	0	2	4	1	1	-1	0	1	2	1	1	0	0	2	2	0	2	2	0	1	3	0	0	0	2	2	1	3	2	7	2	2	0	1	2	2	0	2	5	2	2	1	1	0	0	1	1	0	2	2	1	2	3	2	1	2	1	3	2	4	2	1	2	0	2	1	3	2	4	0	1	3	5	4	7	2	2	2	2	3	4	3	2	2	3	3	2	2	3	3	4	3	7	3	1	2	1	2	2	3	1	2	4	3	6
3	0	0	1	0	0	1	-1	0	2	0	-1	-2	-2	0	-2	0	0	0	-1	0	0	2	0	3	0	1	4	0	1	0	2	2	1	0	1	2	0	0	0	1	2	2	3	1	5	0	2	0	0	0	0	1	0	3	1	0	2	0	0	1	0	0	-1	1	0	3	0	2	0	-1	1	-2	-1	1	-1	0	0	0	2	1	1	0	0	0	-1	0	-1	-1	-1	-1	2	0	3	-3	-1	-4	-1	-1	-2	-1	0	0	1	1	4	0	0	5	1	1	-1	0	1	-1	1	0	4	2	1	3	1	1	1	0	0	-1	0	0	-2	-1	0	2	-1	0	1
4	0	2	0	2	2	4	2	2	3	0	1	0	2	3	0	3	2	0	3	2	2	5	4	5	5	3	3	1	2	0	0	0	-1	2	0	1	1	1	-1	2	3	3	0	1	0	4	3	4	5	3	2	4	3	2	1	2	0	0	1	-1	1	2	0	1	1	0	2	1	2	2	3	3	3	4	4	2	3	1	4	3	3	4	3	1	3	4	5	4	1	1	4	3	2	4	3	6	1	3	1	5	2	6	3	3	2	4	4	4	1	3	1	5	4	6	6	4	5	6	3	3	4	5	4	4	3	5	0	0	0	1	1	3	2	0	0
5	2	2	1	1	1	2	4	3	7	2	2	5	-1	1	3	2	2	5	2	4	3	0	2	0	3	3	5	5	3	2	3	3	4	0	1	0	3	2	0	1	2	2	4	4	7	4	3	7	1	3	6	-1	0	-3	0	2	4	0	1	4	4	3	6	5	4	6	4	4	6	2	3	5	4	2	3	2	3	3	1	0	4	3	3	5	3	2	7	0	0	0	0	2	2	2	2	2	1	2	4	4	6	6	2	3	4	2	2	5	2	3	7	3	2	2	2	3	3	2	3	3	6	2	3	3	3	5	4	4	9	1	1	1	1	2	6
6	0	0	0	0	0	-1	0	0	-1	0	0	0	2	0	0	-1	-1	-2	-4	-2	-6	-1	0	-3	-3	-1	-6	0	0	0	-1	0	-1	1	0	-1	0	1	-2	0	1	-1	0	0	-2	-1	0	-3	-2	-2	-6	2	0	0	0	1	1	0	0	0	0	0	1	1	1	1	0	0	-1	1	1	1	4	1	3	3	1	8	3	1	3	5	2	5	1	0	2	0	0	1	0	0	-3	-1	0	-3	3	1	1	0	0	0	0	0	0	-4	-3	-3	-2	0	-3	-1	0	0	1	1	0	0	0	-2	-1	0	-3	0	0	-3	2	0	0	0	2	1	1	1	2
7	0	3	6	0	1	1	1	3	4	0	0	-1	0	1	3	0	1	3	2	3	3	-1	2	-1	0	2	2	-1	2	1	3	3	4	0	2	2	3	3	4	2	2	5	-1	1	0	1	2	4	0	2	4	2	4	5	0	0	0	-2	0	3	-1	2	0	0	0	-1	0	1	-1	-2	0	0	-1	1	-1	0	2	1	1	3	4	2	2	5	1	2	6	6	2	7	1	1	2	0	2	5	1	1	3	0	2	3	3	3	5	3	2	4	0	3	4	-1	1	1	0	1	1	0	0	3	-3	0	-2	-1	1	0	0	1	2	2	3	5	3	3	4
8	1	5	3	2	4	1	5	5	6	3	5	5	2	3	3	5	4	4	3	4	4	2	3	0	2	4	4	1	2	0	4	5	4	1	1	2	2	5	2	8	6	8	4	5	6	4	4	5	6	5	3	8	6	8	6	4	7	4	4	5	4	4	5	7	4	7	5	6	6	3	5	5	0	3	3	5	4	4	5	5	6	2	5	6	2	3	3	4	5	5	4	4	3	6	4	9	5	5	5	3	5	5	4	5	6	3	4	3	5	5	5	3	3	5	4	4	5	3	4	1	0	4	4	0	3	0	2	4	1	5	4	5	4	4	4
9	4	3	7	6	4	7	3	4	6	6	3	10	0	3	0	1	1	0	1	3	3	3	3	4	2	2	3	1	2	3	2	4	8	4	3	4	1	1	1	0	3	1	2	2	4	2	3	4	0	2	2	2	3	3	4	4	6	1	1	2	0	3	2	1	3	1	0	2	3	0	3	3	2	1	0	-1	1	0	2	3	4	5	3	6	2	3	4	5	3	6	6	5	4	5	4	5	2	4	5	3	3	3	2	3	5	1	2	1	1	3	2	3	5	7	3	4	6	1	3	8	2	4	4	0	2	4	1	1	2	0	2	2	2	3	1
10	2	2	2	0	2	2	2	2	1	4	2	4	7	5	9	5	3	6	3	4	4	0	2	5	2	2	2	1	1	0	0	2	2	4	4	6	2	3	2	2	2	3	5	4	6	4	4	5	5	3	9	3	3	4	4	2	4	3	3	3	2	1	0	3	2	4	4	1	2	3	2	2	2	2	6	3	2	3	3	2	4	2	2	6	4	3	4	5	3	6	1	2	1	5	2	4	5	4	5	2	2	2	-1	0	-1	3	2	4	6	4	9	4	4	4	3	3	7	2	4	3	6	3	6	2	4	4	1	4	5	1	1	1	2	1	1
11	0	1	3	1	1	1	2	0	0	1	1	2	-1	2	1	2	0	2	1	1	3	0	1	2	0	0	1	0	0	-2	2	2	2	2	1	5	3	2	2	-2	1	-1	0	0	1	4	2	5	3	2	4	4	3	8	5	5	7	0	1	2	3	2	4	2	1	1	1	1	2	2	3	3	4	5	7	1	1	7	0	1	-1	-2	1	0	0	0	0	1	2	0	1	3	3	2	0	-2	0	0	0	1	0	-1	1	1	1	4	3	5	1	1	1	-1	1	1	0	1	3	0	1	2	0	0	-1	1	1	0	0	1	0	0	1	2	0	2	3
12	0	0	3	0	1	2	1	2	1	3	3	3	2	2	4	2	1	2	0	3	4	1	2	3	1	2	5	0	1	2	3	2	3	2	2	4	1	2	3	-2	0	0	-1	1	2	0	0	0	3	2	6	6	3	9	2	2	4	2	2	4	2	1	5	2	2	2	1	2	4	0	1	1	3	2	1	0	3	3	4	2	4	0	0	0	0	1	5	2	2	5	2	2	3	4	4	7	2	2	1	-1	1	0	0	2	0	-1	1	-1	3	3	7	5	3	5	1	1	3	-1	0	0	2	1	0	3	3	3	0	0	1	3	3	3	1	2	5
13	0	1	0	0	2	2	2	2	3	-1	1	0	0	1	1	2	3	2	1	3	3	1	3	5	1	2	3	2	2	5	4	4	6	3	3	4	1	3	6	1	2	3	0	2	0	0	2	1	1	1	3	0	0	0	1	3	4	5	5	9	3	4	3	1	2	3	1	1	3	3	2	3	1	4	5	0	2	1	1	2	2	0	2	2	1	3	2	1	3	5	3	0	3	0	1	3	-1	2	4	1	2	2	0	1	-1	0	2	3	1	1	3	1	2	2	1	3	5	0	1	1	-1	0	1	-1	0	2	0	2	1	0	4	3	2	2	5
14	7	5	8	2	2	1	3	4	6	2	2	3	2	3	4	1	3	4	0	3	3	1	2	2	3	3	6	3	1	3	2	3	5	3	2	4	0	1	-1	0	2	2	0	0	1	-2	0	0	1	2	0	1	2	5	3	1	5	0	1	2	0	3	2	0	2	1	0	0	3	0	2	0	0	1	4	3	3	4	4	2	4	3	3	8	2	4	6	0	1	5	-1	1	-1	2	1	4	0	2	1	0	1	2	0	1	2	1	2	2	3	4	7	0	4	5	2	3	4	2	3	4	3	2	3	3	2	6	1	2	4	-1	1	1	0	2	1
15	0	2	1	0	1	1	5	3	8	3	3	5	4	3	7	0	3	5	0	0	1	0	1	1	1	3	1	2	3	3	-2	1	0	1	3	4	2	3	3	5	2	7	3	2	2	3	4	5	3	1	3	1	2	5	1	4	7	3	2	5	1	3	0	0	1	5	0	2	3	1	2	4	0	1	2	2	2	5	1	4	4	0	3	1	2	1	4	2	1	1	0	2	3	1	2	3	5	4	7	3	3	4	2	1	6	1	4	4	0	2	0	1	1	1	1	3	3	4	4	3	3	2	7	2	3	8	4	3	6	1	3	1	0	2	1
16	-1	0	0	2	1	3	2	1	4	3	1	2	1	0	3	-3	0	-5	0	0	0	0	0	-2	-1	0	0	-4	-2	-3	-2	0	-1	0	0	0	2	1	3	-1	1	1	4	2	3	2	1	6	2	1	2	0	1	4	0	0	-3	1	0	2	-2	-1	-5	1	0	1	1	1	1	1	0	1	-1	0	0	1	0	0	0	0	0	-1	1	1	-1	0	-1	-4	0	-4	-1	-1	-2	-2	-1	-2	-2	0	-2	-2	-1	0	0	1	-2	1	0	2	0	1	1	2	1	4	1	0	0	-1	0	2	-1	0	0	0	-1	0	0	0	0	0	1	-1	0	0	0
17	1	3	4	2	2	1	1	1	0	1	2	1	3	2	2	2	3	3	3	1	3	2	1	2	2	3	2	1	2	0	2	2	1	1	2	3	4	3	5	4	2	4	-1	0	-2	1	1	3	1	0	0	2	1	0	-1	0	0	-1	0	-1	0	2	3	-2	0	-3	1	2	-1	0	2	1	3	2	1	3	2	4	0	2	4	1	1	1	2	1	5	1	2	3	2	2	4	0	2	2	1	1	3	1	0	2	0	0	0	0	2	1	1	2	4	0	1	0	0	1	1	0	1	1	1	1	-1	2	3	1	3	1	1	2	2	3	7	4	9
18	4	5	4	4	3	4	0	4	3	2	3	2	-1	3	2	4	5	4	6	6	9	6	5	7	5	5	8	4	4	5	4	4	5	4	3	4	5	4	4	6	6	6	5	6	10	2	4	6	1	2	0	0	4	1	2	4	5	3	4	5	5	5	2	2	4	2	6	5	8	3	2	1	6	5	6	5	4	5	5	6	6	6	5	8	3	4	7	5	5	7	5	5	11	5	4	4	4	4	5	5	6	8	5	4	7	2	4	3	0	3	2	3	4	4	3	4	6	4	5	7	3	6	6	2	2	3	2	3	1	4	5	3	3	5	3
19	2	1	3	0	1	0	0	2	-1	2	3	3	4	2	4	3	2	3	3	3	3	0	2	0	0	1	0	0	0	0	0	3	0	1	2	0	1	1	0	0	1	0	0	2	-1	1	3	1	1	1	1	1	2	1	1	1	1	5	2	3	1	0	0	0	0	-1	0	1	1	3	2	1	3	4	2	2	3	2	3	2	2	2	1	3	0	1	0	4	2	4	2	2	4	6	4	5	4	4	4	3	2	4	3	3	4	2	2	2	0	0	1	1	2	-2	-4	0	-1	0	0	-2	1	2	0	1	0	1	0	0	-3	0	2	0	3	2	1
20	3	3	3	1	1	1	3	4	2	4	3	4	2	4	2	0	4	2	3	3	4	5	2	3	4	3	5	4	4	4	7	4	6	5	4	5	6	4	3	3	2	2	5	3	6	5	4	7	5	3	4	4	5	7	8	4	10	2	2	1	5	5	3	0	2	1	4	4	5	5	3	3	4	3	5	3	5	3	1	3	0	2	2	0	2	2	3	3	3	0	6	4	4	3	4	3	3	1	4	3	2	3	5	4	5	6	5	4	6	4	6	4	3	3	4	4	1	3	3	1	2	3	2	5	3	4	3	2	5	2	3	2	2	3	2
21	1	2	2	0	2	3	5	4	3	4	3	4	8	6	10	7	5	11	9	5	11	6	5	11	6	5	10	5	3	2	3	3	2	3	3	1	0	1	0	0	1	0	0	1	1	0	1	1	2	4	2	1	3	6	3	3	5	2	3	2	4	4	4	3	4	4	3	5	5	2	3	3	2	3	2	1	3	4	2	2	4	2	5	5	6	4	5	4	2	5	1	2	5	3	4	3	4	3	6	0	2	3	3	3	6	0	2	0	2	3	5	2	3	2	5	3	5	3	4	7	3	3	5	3	3	4	3	3	3	1	1	3	2	2	1
22	0	4	2	1	3	4	4	3	5	4	4	6	0	1	2	0	2	3	1	1	2	-1	2	5	-2	2	3	0	2	5	0	2	2	-2	2	2	-1	1	1	2	3	4	1	2	4	0	2	1	-1	3	0	-1	2	2	0	1	1	-2	1	1	0	3	4	0	2	3	1	3	6	-3	1	-1	-2	0	0	0	3	5	-1	2	1	0	2	3	0	1	3	4	3	9	4	4	6	1	2	5	0	3	7	1	4	8	4	4	9	3	4	8	1	3	3	3	4	5	1	4	3	0	2	4	0	2	0	0	2	3	0	2	4	0	1	0	-1	2	2
23	3	4	2	6	4	7	4	5	9	2	3	2	4	3	1	2	3	4	0	3	1	1	2	0	1	2	1	4	3	3	4	5	4	7	4	5	6	5	7	3	4	4	2	3	2	2	4	0	1	3	1	4	4	4	0	4	2	5	3	7	3	5	2	0	1	0	1	2	1	6	6	7	6	5	8	6	5	6	3	2	4	2	3	2	2	3	0	5	2	5	4	2	7	3	2	4	6	5	9	5	3	3	5	2	5	1	1	1	3	3	4	5	5	9	5	3	3	5	4	6	4	3	2	3	4	1	5	4	6	3	3	5	3	3	4
24	5	5	8	4	4	9	2	1	3	3	3	3	2	4	6	4	4	6	3	4	3	3	2	5	1	4	4	1	3	7	2	3	3	-1	2	0	0	2	0	2	2	3	1	3	6	4	3	5	1	4	1	2	3	5	2	3	3	2	3	4	3	4	4	3	2	3	3	2	5	7	4	10	3	2	5	4	4	5	1	3	3	1	3	3	1	3	3	4	4	7	2	3	5	0	2	0	0	3	5	2	3	2	0	1	0	2	3	4	4	4	7	2	6	7	1	1	4	4	3	5	1	2	2	-2	2	-3	-1	2	1	1	2	2	5	4	7
25	3	2	2	0	1	2	1	2	6	1	2	4	3	3	6	1	1	4	0	1	4	3	3	5	3	2	3	0	1	2	3	1	3	3	1	4	0	2	6	2	1	4	5	3	8	3	4	7	5	5	7	0	2	2	1	2	4	1	2	2	1	2	4	0	2	4	1	3	3	5	3	6	2	1	0	2	1	1	0	1	0	1	0	2	0	1	1	1	0	1	3	3	2	3	2	3	0	0	1	2	2	3	1	1	4	3	3	3	0	2	2	1	0	1	1	2	4	3	3	4	1	0	2	0	0	0	3	3	7	4	2	5	4	3	5
26	2	3	2	4	4	3	3	4	4	6	4	6	4	3	4	4	4	3	5	3	5	6	4	7	9	5	6	7	6	8	2	4	1	4	4	6	6	5	8	6	4	6	8	6	8	6	7	8	4	5	3	4	4	5	4	4	4	8	7	11	8	7	8	7	5	8	4	4	7	8	5	8	6	5	5	8	5	10	3	5	2	3	5	3	6	3	7	6	5	3	8	6	6	5	3	0	7	6	6	7	4	6	6	5	7	8	7	8	6	5	7	4	5	6	2	4	2	8	4	5	4	5	2	3	4	5	7	3	3	1	2	3	3	5	4
27	0	1	2	0	2	0	1	0	0	0	1	1	0	1	0	2	2	4	3	4	6	5	4	7	2	3	3	2	1	4	0	0	1	0	0	3	0	2	3	0	1	0	1	3	2	0	0	3	1	0	0	3	1	3	3	3	5	2	1	2	-1	1	2	0	1	0	0	0	1	1	2	4	0	0	0	0	1	2	1	1	4	3	2	6	3	2	4	0	2	4	3	3	6	-1	0	1	2	2	3	-2	0	0	2	3	6	3	3	3	1	1	3	3	2	2	2	1	2	0	0	3	1	1	3	3	1	5	2	1	1	4	2	6	3	3	6
28	0	1	2	0	1	2	0	0	4	3	3	2	1	2	3	1	1	5	0	3	5	1	2	4	1	3	3	0	0	0	-1	1	0	0	3	2	-1	0	0	-2	0	0	2	2	3	2	3	6	1	2	4	3	3	6	1	1	3	1	2	3	1	2	1	1	3	4	1	3	5	0	1	5	-1	1	3	1	2	4	0	0	2	-1	0	0	1	2	3	3	2	6	2	0	2	0	2	1	0	2	1	3	1	8	-1	2	1	0	2	0	0	1	0	0	2	1	-3	0	-1	1	0	-1	0	1	3	-1	2	-1	1	1	1	0	2	0	6	3	6
29	2	3	6	5	5	8	5	5	5	6	4	7	5	4	6	6	5	8	4	5	6	5	5	5	2	3	2	0	2	0	0	2	3	2	2	2	3	4	5	1	4	4	3	3	6	8	5	11	4	3	7	3	3	5	4	4	4	4	3	4	-1	0	1	2	4	4	2	3	3	3	4	3	1	3	3	2	2	3	0	3	3	1	3	0	3	4	2	2	2	1	2	3	5	3	2	1	0	2	0	2	3	6	3	4	5	5	4	5	4	4	1	5	4	9	2	3	4	3	4	7	5	5	6	4	4	5	4	4	7	7	5	8	5	6	10
30	0	0	0	0	1	0	-1	1	0	0	0	0	-2	0	-4	-2	-1	-4	-2	0	0	-2	0	-1	2	1	1	0	2	6	0	1	0	3	2	1	1	1	2	-1	0	-1	-1	0	0	2	1	-1	1	0	0	0	1	1	0	0	0	0	0	0	-1	0	-4	1	1	-1	0	0	0	0	0	-2	-1	1	2	0	0	0	0	0	0	1	1	4	0	0	0	0	1	3	1	1	5	1	1	4	0	2	3	2	1	4	4	1	4	0	1	2	0	0	1	-1	0	0	-1	0	0	-1	1	0	1	2	0	0	0	-1	0	-1	0	2	0	1	-1	0	0
31	0	1	0	4	2	5	0	0	0	3	2	3	1	0	2	0	1	3	3	1	3	2	1	5	0	2	0	0	0	1	2	1	4	2	3	7	3	2	7	5	2	6	2	2	6	3	3	5	5	2	6	0	2	2	4	3	4	4	1	3	4	2	4	0	1	0	2	1	0	-1	0	0	2	2	1	2	1	4	2	3	4	4	3	9	2	2	4	0	0	0	1	1	2	2	3	4	1	3	3	2	2	2	2	2	1	1	2	1	1	1	2	1	0	2	0	1	0	-1	0	-1	2	1	4	0	0	0	0	0	0	3	1	3	1	0	1
32	7	3	4	2	2	4	4	2	5	1	2	0	2	2	1	2	2	3	4	3	6	2	2	1	1	3	3	0	0	0	0	3	2	7	2	4	3	2	5	3	2	4	1	1	0	0	1	1	0	0	1	0	1	2	1	3	3	1	3	3	3	2	2	4	4	6	3	4	4	3	2	7	5	3	4	0	3	2	2	1	5	2	2	5	4	4	4	1	3	2	4	3	4	1	2	2	1	2	2	1	2	2	0	0	0	2	2	3	4	3	4	1	1	4	0	1	0	0	2	0	1	2	4	1	1	2	0	2	0	3	2	1	0	2	0
33	0	0	1	0	1	1	0	1	3	0	1	-1	0	0	1	0	1	2	3	2	6	0	0	0	-2	0	-1	0	0	0	-1	1	0	0	0	-4	-1	0	-1	1	1	0	0	2	1	2	1	2	0	2	-1	-1	0	0	0	0	1	1	0	4	-1	1	2	0	1	0	1	2	0	1	0	1	-1	1	2	0	3	3	1	1	5	0	2	1	-1	0	-1	-1	0	-1	0	0	1	1	1	0	0	0	0	0	0	0	0	0	2	1	1	1	1	1	-1	1	1	1	0	2	3	1	0	1	0	1	0	2	2	6	-2	0	-2	-3	0	0	-1	-1	-3
34	0	1	0	-2	0	-2	-2	2	0	3	1	4	0	0	-1	-1	1	0	0	2	1	0	1	0	1	1	2	2	0	3	0	0	-1	2	1	2	-1	3	0	3	2	1	3	2	4	1	1	3	0	1	0	0	0	0	0	0	-3	-2	0	-3	0	0	-3	-1	0	-2	-5	-1	-5	0	0	-3	1	0	2	0	2	0	1	3	5	2	1	1	2	3	2	1	1	5	3	2	5	3	2	4	0	1	-2	0	1	1	0	-1	-2	0	0	-2	-2	0	-2	0	0	0	0	1	1	4	1	3	4	2	4	3	2	4	1	1	2	-1	0	0	1	2	1
35	0	1	0	-1	1	1	0	1	1	1	2	2	2	2	4	1	1	1	2	2	3	3	3	5	0	2	2	-1	1	-1	-2	0	0	0	1	0	-1	0	0	-1	0	1	0	2	2	0	2	1	2	3	4	1	3	4	4	1	2	0	1	0	0	3	1	0	1	0	0	1	0	0	1	0	0	2	0	-1	0	-2	-2	0	-1	-2	2	1	0	0	0	0	1	1	-2	2	0	-2	1	0	0	1	0	-1	3	0	0	2	0	2	2	3	3	3	3	0	3	1	0	2	1	-2	0	-6	-1	0	-2	-1	2	1	1	2	1	0	1	2	0	0	0
36	2	1	0	1	0	0	1	0	1	-2	0	-3	3	1	1	-2	0	0	2	0	3	5	1	4	1	1	1	-1	0	-1	-2	0	0	0	0	3	1	0	1	2	1	2	1	0	3	1	1	0	0	0	0	1	0	0	-2	0	-1	0	0	-2	1	1	1	0	0	-1	0	0	1	-3	0	-3	-3	0	-5	0	1	0	2	1	3	2	2	5	1	3	3	0	0	1	2	1	2	1	2	3	1	1	2	3	3	5	4	2	5	0	0	1	-1	1	0	2	0	0	-2	0	-1	0	0	-1	-1	0	-3	0	3	0	0	2	2	0	1	0	1	2	2
37	3	2	3	3	1	1	2	2	3	-1	1	-2	2	2	0	1	3	2	4	3	4	4	3	4	5	3	3	2	3	1	2	3	1	2	2	0	1	3	5	-1	0	-2	-1	0	-1	-1	1	0	0	2	0	3	3	2	0	1	-1	0	2	0	-2	0	-1	0	2	-2	0	0	0	1	2	0	2	1	3	-1	0	-2	0	1	0	0	1	0	0	0	2	3	4	5	2	0	1	0	3	3	3	2	2	-1	0	1	2	2	3	0	2	1	2	1	-1	0	2	1	0	2	-2	0	1	2	0	0	0	-1	1	3	2	2	0	1	2	2	4	3	2
38	2	2	3	2	3	5	4	3	8	1	1	2	0	2	3	1	3	3	2	1	3	1	1	3	1	1	1	3	2	4	2	2	5	3	2	3	0	0	0	0	0	1	0	1	0	-1	1	0	1	3	1	5	2	3	3	3	5	5	3	8	3	2	3	2	3	3	1	0	1	0	1	0	1	2	2	1	2	2	1	1	4	1	2	3	0	2	0	1	3	4	-1	1	-1	0	0	1	2	3	4	7	2	3	1	2	0	2	2	4	5	3	7	5	4	7	3	3	3	0	1	1	2	3	2	3	2	5	5	3	5	4	3	3	5	2	1
39	2	2	5	2	2	6	3	1	7	3	2	4	2	1	4	-2	2	-2	3	3	6	2	2	1	5	1	3	5	2	5	2	0	7	2	2	2	0	1	2	0	2	3	0	0	0	3	0	3	1	0	1	2	3	1	1	2	1	4	3	6	4	3	7	5	3	4	0	2	1	3	0	0	2	2	1	2	2	3	4	3	6	4	2	7	6	4	7	2	3	4	0	2	0	2	2	2	0	1	0	2	1	6	4	3	7	0	0	0	0	2	0	3	2	5	1	1	4	1	3	5	2	1	1	4	1	4	4	2	4	2	3	1	2	3	2
40	1	2	3	0	4	2	3	3	2	3	2	3	3	3	2	4	3	4	3	2	3	2	4	3	1	2	0	0	2	-1	-1	1	-2	2	3	2	1	3	0	2	3	4	3	3	6	4	5	4	6	3	5	6	5	8	2	2	2	2	3	2	0	1	0	2	3	2	2	3	1	1	3	0	1	2	1	0	3	1	2	3	2	4	3	6	3	3	3	4	3	5	5	3	3	4	3	2	4	3	3	2	2	2	1	2	-1	-1	2	-1	1	3	5	4	3	2	2	2	2	-1	1	-2	0	2	0	0	2	0	3	3	1	3	3	5	4	3	4
41	3	2	3	4	0	3	2	3	6	4	3	6	2	3	0	3	1	1	1	2	4	3	3	3	-2	1	-2	0	1	-1	2	2	1	5	2	3	4	3	1	1	3	1	0	1	1	3	5	3	4	2	4	1	2	1	5	5	6	2	3	3	3	1	5	0	1	2	3	2	5	2	3	2	2	1	3	3	3	2	4	4	6	3	4	6	2	1	2	1	3	1	2	4	4	1	4	5	6	4	3	4	3	5	2	3	4	5	3	5	2	3	2	3	3	3	4	4	4	4	3	7	5	3	4	2	2	1	0	0	1	1	2	0	1	3	2
42	3	2	1	1	2	0	4	3	5	3	4	4	0	2	1	3	2	3	3	4	5	2	3	1	2	3	3	3	2	4	4	4	5	2	4	7	2	2	3	6	4	9	5	4	6	2	2	3	0	1	2	1	3	4	0	0	-2	0	2	0	3	4	3	4	2	6	7	5	7	6	5	7	4	3	2	4	3	6	1	2	0	1	2	3	1	3	4	0	1	3	0	1	0	0	2	0	0	1	-1	0	1	0	2	4	4	1	3	1	4	4	4	5	2	3	3	2	4	0	2	0	0	1	0	2	1	2	2	2	2	0	1	0	1	1	0
43	3	5	3	5	4	7	4	5	8	9	5	10	5	6	8	5	4	9	6	5	7	6	5	9	6	6	6	3	5	6	5	6	7	7	6	11	7	5	9	2	6	6	3	4	2	0	3	1	2	4	4	2	4	4	4	3	6	5	4	5	7	6	7	7	6	12	4	5	5	3	4	5	3	6	6	4	4	4	1	4	3	4	5	3	2	4	2	4	5	6	3	3	2	0	4	3	5	5	6	4	4	4	4	6	9	7	5	9	5	4	7	1	4	2	0	2	3	0	2	0	0	3	1	3	5	1	6	5	7	0	3	2	1	4	3
44	-3	0	0	-2	-1	-5	-3	0	-2	-1	0	-3	-4	0	-3	-3	0	0	-2	-2	-1	-4	0	-4	-3	0	-2	-2	0	0	0	0	0	0	1	1	0	1	0	-1	0	-1	0	2	2	0	1	0	-3	1	0	0	0	1	0	2	1	0	1	0	0	0	2	0	0	-3	0	0	0	-2	0	0	1	1	2	0	1	2	1	2	4	1	2	3	0	0	0	1	1	2	3	1	3	2	3	7	0	1	2	0	1	1	0	0	1	0	0	0	-2	0	-1	-4	0	-1	-2	0	-1	-2	0	-4	0	0	-2	-2	0	0	-1	0	0	0	0	1	0	0	0
45	0	1	-2	-1	0	-1	1	0	2	3	2	3	1	1	0	0	0	-1	-3	0	-3	1	1	1	2	2	1	0	2	0	-1	0	-2	0	0	1	0	0	0	0	2	0	0	3	2	0	0	0	-1	2	1	2	2	2	0	1	2	0	0	0	0	1	-1	-1	0	-2	0	1	0	-1	0	0	2	0	0	1	2	0	0	3	1	0	0	-1	0	2	0	3	2	1	0	1	0	2	3	4	1	1	0	3	2	1	2	1	3	1	2	1	0	1	0	2	1	0	0	1	0	2	1	0	1	2	0	0	1	0	0	1	1	1	1	0	1	2	0
46	7	4	7	7	6	8	4	5	8	2	3	2	3	5	5	4	4	5	0	2	3	3	4	5	2	3	2	4	3	7	7	6	9	2	3	1	2	4	4	3	4	6	4	3	1	2	3	7	4	4	4	2	3	3	3	4	4	0	3	1	3	3	3	3	3	5	4	4	4	3	2	5	-1	4	3	2	3	2	1	4	4	3	4	6	4	4	3	3	2	5	3	4	6	0	3	2	1	2	5	2	2	1	0	2	2	4	4	4	3	3	7	0	3	3	0	3	2	0	2	4	2	3	6	0	3	0	3	1	3	1	2	2	0	3	3
47	3	3	3	5	4	2	7	5	7	4	4	6	2	1	0	1	3	2	3	4	2	1	2	0	2	3	3	2	2	0	2	2	1	6	6	6	5	5	4	2	3	3	4	4	2	3	4	0	5	4	1	1	3	0	3	3	0	1	3	1	1	2	1	2	2	0	5	3	4	1	3	-2	3	2	4	1	2	-1	3	1	3	2	3	2	4	1	2	0	3	0	2	2	0	1	1	-1	3	3	0	0	2	1	2	3	2	2	2	0	2	3	2	1	3	2	0	2	0	2	3	0	3	3	1	3	2	0	3	4	2	0	3	0	3	3	1
48	1	2	0	0	1	0	0	0	-1	0	1	-1	2	3	1	4	1	5	3	3	5	4	1	4	1	2	-1	1	2	1	3	3	1	1	1	2	2	3	3	3	3	2	3	2	3	6	3	8	3	2	0	0	2	1	4	3	5	6	4	5	7	4	5	5	4	4	4	2	3	4	2	4	4	3	6	1	1	0	4	3	3	4	4	4	8	4	7	1	3	2	5	3	2	3	3	1	1	2	0	1	1	0	1	2	3	1	1	0	3	2	2	3	2	2	3	2	3	3	2	5	0	2	3	3	1	1	1	2	2	3	2	2	5	3	3
49	0	0	0	1	0	0	0	0	0	-2	0	0	-1	0	0	-3	0	-4	1	1	0	3	3	6	3	2	5	5	1	6	4	2	6	6	3	7	3	1	1	5	3	6	3	2	3	1	2	3	-1	0	2	3	2	3	3	2	4	1	1	0	0	0	0	1	2	4	2	1	0	0	0	0	1	0	0	1	1	3	3	2	3	0	0	2	0	-1	-4	1	0	2	1	1	1	2	2	5	2	3	4	1	1	3	0	1	2	0	0	0	1	0	2	0	0	1	1	0	3	0	0	0	0	0	2	1	1	3	2	0	0	0	-1	-1	2	1	3
50	0	2	3	1	3	3	1	2	5	2	2	3	1	2	1	-1	0	0	0	2	2	0	1	2	2	4	5	3	3	9	0	2	4	2	3	1	0	2	5	3	2	1	2	2	5	0	2	1	1	1	0	0	3	2	1	3	4	1	2	1	1	2	4	4	3	4	1	4	4	3	3	6	1	2	3	2	1	3	2	3	2	1	2	1	2	4	4	1	2	3	1	3	1	3	2	3	0	2	2	-1	0	0	2	1	5	4	4	7	1	3	3	1	2	4	2	4	3	0	3	2	0	2	4	0	1	1	0	2	3	0	2	1	1	2	6
