1	1	1	3	2	2	3	1	1	1	2	1	7	2	2	3	5	3	5	0	2	2	2	2	3	2	2	6	4	3	4	2	1	5	1	0	0	1	0	1	1	2	1	3	1	2	0	1	2	3	3	6	2	1	2	2	1	4	5	3	8	5	3	5	1	2	2	1	3	2	5	2	5	0	0	0	1	1	3	-1	0	0	1	0	2	4	2	6	2	1	3	2	1	2	1	2	1	4	1	5	2	4	4	0	2	3	4	2	4	0	1	2	0	0	4	3	2	6	2	2	5	5	3	8	2	3	8	3	3	7	4	4	6	6	4	8	2	1	5	5	4	5	1	3	4	4	2	3	3	2	6	3	2	5	1	1	3	0	1	1	0	0	1	0	0	0	3	2	4	3	3	2	0	1	3	1	1	2	3	2	6	4	2	4	1	1	1	2	3	3	1	3	2	1	2	3	3	3	3	0	1	0	-1	0	0	0	2	3	3	2	4	2	2	4	3	0	5	3	2	5	4	4	7	1	2	4	4	3	5	4	1	8	4	3	4	1	2	4	0	1	4	1	2	3	3	3	5	2	1	4	2	2	3	1	1	2	0	0	4	0	2	0	4	2	7	1	2	5	2	2	7
2	1	1	1	0	1	1	0	1	0	0	2	3	-1	0	0	0	0	1	1	1	1	0	0	0	2	2	0	1	0	2	0	2	0	0	2	2	0	3	0	2	2	4	0	1	2	0	1	0	0	0	3	1	2	1	2	2	3	3	1	1	1	1	3	2	1	-1	3	2	4	1	1	1	0	1	2	0	1	1	0	0	-1	1	0	0	0	0	0	3	0	1	7	3	7	6	4	8	3	3	3	3	4	4	4	3	3	3	2	3	3	2	2	1	3	3	5	2	5	2	3	6	3	2	5	2	1	2	1	2	0	3	1	4	6	2	8	4	2	3	2	1	1	4	1	4	3	5	5	2	2	3	3	2	6	2	2	4	1	2	1	0	1	0	2	0	3	1	1	2	1	2	0	3	4	6	4	2	3	2	2	3	0	2	3	3	3	0	2	1	0	3	2	5	0	2	2	0	0	1	1	1	0	1	1	5	1	1	0	2	2	2	3	4	3	6	2	8	4	4	6	4	2	4	6	4	10	5	4	4	2	0	6	4	3	7	2	2	5	1	2	3	1	2	1	1	1	0	1	1	2	5	3	6	5	3	4	3	2	3	3	2	3	0	2	3	4	3	4	-1	1	2
3	0	0	-1	-2	-1	-1	0	1	3	-1	1	0	0	-1	-1	0	0	3	0	2	1	1	0	1	0	0	0	1	0	1	-1	0	0	0	0	2	0	1	0	-1	0	1	-6	-2	-6	-1	0	-1	-1	0	-2	-1	-1	-1	0	0	2	0	0	-1	0	0	0	-1	1	-1	0	0	-2	-2	0	-3	-1	0	-2	-2	-1	-4	0	0	1	-3	0	-2	0	0	1	0	1	0	0	2	2	0	2	0	-2	-1	-4	-1	1	0	1	1	3	0	1	3	1	2	3	2	0	3	0	2	1	1	1	1	1	1	4	1	1	3	1	2	4	0	0	0	0	0	-3	-3	0	-2	-2	-1	-1	-3	0	0	-1	0	-1	0	2	2	1	0	3	2	2	3	0	0	0	-1	0	0	-1	0	-3	2	1	1	0	1	1	-1	0	0	-2	-1	-1	-3	-1	-3	-2	0	-2	-3	0	-3	1	0	0	1	-1	0	-1	2	3	0	1	0	0	2	1	3	2	4	0	0	0	0	0	0	0	1	3	0	0	1	-2	0	0	3	0	3	0	0	0	0	0	1	-2	0	-2	-5	-2	-3	-3	0	-3	-3	0	0	0	0	0	2	1	3	0	0	1	2	1	1	-4	0	-2	0	1	1	-1	1	0	-1	0	-1	0	0	0	1	0	0
4	-1	1	0	0	1	0	1	2	6	0	0	1	2	1	0	2	2	4	3	3	8	2	2	3	1	1	0	0	1	-1	3	3	2	2	2	1	2	1	5	2	1	0	4	2	7	5	4	8	8	3	8	4	2	9	4	2	4	5	3	3	3	1	3	2	2	2	1	1	2	1	1	2	2	2	5	4	3	6	4	3	6	2	1	1	0	1	1	3	2	2	3	2	5	0	2	2	0	2	2	1	1	4	0	2	2	-1	1	3	2	1	3	0	0	1	1	2	3	-2	2	0	0	2	2	1	1	2	0	1	0	4	3	3	1	0	5	3	3	4	2	2	2	4	3	4	3	3	5	0	1	2	0	0	2	1	1	0	3	3	4	1	1	4	0	0	2	0	3	4	5	2	7	3	1	4	0	2	1	0	0	1	0	0	-1	0	2	5	3	3	6	2	2	2	2	1	3	0	2	2	0	1	0	2	2	2	0	1	2	1	2	0	1	1	1	2	0	2	-3	0	0	-2	1	-1	0	0	0	0	1	0	-1	1	3	1	1	2	3	3	3	0	1	0	3	2	3	0	1	0	0	1	0	1	2	1	0	0	0	-1	0	0	-2	0	0	-2	2	0	0	1	0	6	4	5
5	2	2	2	2	3	3	0	1	0	0	2	2	-1	1	0	3	4	3	2	3	5	-1	0	1	0	1	0	1	2	2	0	3	5	2	1	2	3	3	5	0	3	2	3	2	6	5	2	8	0	2	4	2	2	5	1	3	2	4	3	6	1	3	1	4	3	2	2	2	3	0	1	3	0	1	0	0	2	0	1	0	2	5	3	8	4	2	4	-1	0	0	-3	0	0	0	2	1	1	3	5	2	2	3	2	2	1	0	1	3	0	1	2	-2	0	0	-1	0	-2	-1	0	-1	0	2	2	5	5	9	4	5	6	1	1	2	0	2	1	0	2	1	1	2	1	2	2	5	0	3	4	-1	1	1	0	1	0	0	1	1	0	1	1	-3	0	-1	0	2	1	2	3	4	3	1	6	3	2	3	-1	1	-2	-2	1	0	3	3	7	2	2	4	0	3	1	2	4	4	0	1	1	-1	1	-1	-2	1	0	1	3	4	5	4	9	0	2	3	2	2	4	0	2	1	0	2	1	0	1	2	3	3	7	3	3	7	2	4	5	3	2	4	0	0	0	3	1	4	2	3	6	4	3	9	3	4	6	0	1	4	3	2	7	2	1	3	0	2	3	4	2	8	5	3	6	3	2	8
6	0	0	0	-2	0	-2	0	0	0	-1	1	-1	0	0	2	0	1	3	-2	0	0	1	0	1	0	1	-1	1	0	2	1	1	2	4	1	4	4	2	6	0	0	4	-3	0	0	0	0	1	-4	-2	-4	-2	-1	-2	-2	0	-4	-1	-1	-1	-1	0	1	-2	2	2	0	1	-1	3	1	5	0	1	1	0	1	1	0	0	0	0	0	0	0	1	2	1	1	1	-1	0	0	0	1	-1	0	0	0	1	1	0	0	1	3	0	1	2	2	0	2	5	3	4	0	1	1	0	1	-1	3	1	2	0	0	2	0	1	3	1	0	0	-2	0	-1	-2	0	-1	-3	-1	-3	0	0	0	0	0	-2	0	0	0	3	2	3	0	1	3	2	1	2	0	1	2	1	1	-1	0	0	5	0	1	0	0	1	-1	0	0	0	0	0	0	-2	0	-2	-4	-1	-6	-1	0	-1	0	0	0	-1	1	0	0	2	4	2	0	2	0	0	-1	0	1	0	0	0	-2	-2	-1	-1	-1	0	1	-3	0	-1	-2	0	-2	-4	-1	-3	0	0	0	1	1	0	-2	0	1	0	0	-2	0	0	0	2	2	3	0	1	2	0	2	1	-1	0	2	-1	0	-2	0	0	1	-3	0	-1	-2	0	-1	0	1	-1	0	0	2
7	-1	0	-1	-1	0	-1	-1	0	1	0	0	-2	1	3	2	0	3	3	2	3	5	3	4	4	0	2	3	0	1	1	-1	1	0	0	2	1	3	1	2	5	3	6	5	2	1	4	1	6	3	2	5	0	1	0	0	2	1	0	2	3	4	4	6	0	0	1	0	1	0	2	3	3	2	3	3	0	2	3	4	2	4	1	3	5	1	2	3	1	2	0	1	1	3	0	2	2	1	3	3	0	2	4	2	1	1	0	1	3	2	2	0	-1	2	3	3	2	1	0	1	2	0	2	1	0	1	0	1	3	3	0	3	5	0	2	3	0	0	0	0	2	1	3	1	3	4	2	5	1	1	4	0	1	0	2	1	2	3	4	7	0	1	2	0	1	2	0	1	3	1	3	0	0	3	3	0	0	-1	0	1	2	1	1	1	0	2	1	3	3	2	0	1	0	0	1	1	2	0	3	3	3	6	1	2	4	3	2	4	-1	1	2	0	3	1	2	1	3	-1	2	2	-1	1	0	0	2	2	-1	2	2	0	0	0	0	1	0	-3	0	-3	-2	1	0	2	1	3	-3	0	0	0	1	2	-1	1	2	1	1	0	0	2	2	0	0	0	1	1	3	0	2	2	0	0	1
8	4	4	5	4	3	7	0	2	1	0	2	2	0	1	1	5	4	6	3	5	5	6	5	8	4	5	7	7	6	10	4	5	7	6	4	9	2	4	5	3	4	7	4	5	9	6	4	6	2	3	6	0	4	4	2	2	6	2	2	3	4	5	8	0	2	3	3	5	4	0	2	2	0	3	2	2	4	7	4	5	7	3	4	7	3	3	7	5	4	8	3	5	8	4	5	6	0	2	5	-1	3	0	0	2	0	2	3	3	2	4	5	2	4	7	4	5	5	4	5	8	3	5	7	1	3	4	1	4	6	3	5	5	3	4	5	3	4	9	1	4	7	2	3	6	4	4	4	0	2	2	2	4	3	2	4	4	3	4	5	2	4	5	0	2	3	3	3	7	0	4	4	4	3	8	5	4	7	2	4	5	5	5	8	6	5	7	3	3	6	4	4	7	2	3	4	0	2	3	0	2	3	4	4	5	3	3	4	1	4	3	7	4	9	7	4	10	3	2	8	5	4	5	0	3	1	1	4	6	2	3	4	3	3	4	3	4	6	0	3	1	4	4	5	0	4	6	0	3	5	2	3	3	4	3	4	1	4	6	5	6	10	3	4	3	2	4	3	5	4	7
9	3	3	5	4	4	5	2	2	4	3	3	3	2	2	7	2	2	5	4	2	4	2	4	6	2	2	3	2	3	2	2	0	0	0	0	-3	1	2	6	5	3	6	5	3	8	3	2	5	2	2	5	4	3	8	5	2	9	2	2	4	1	2	5	3	3	2	1	0	1	3	1	5	0	1	3	1	3	3	0	1	0	3	2	4	3	3	6	1	1	2	2	2	2	1	2	3	0	2	3	4	3	6	3	2	2	1	4	4	3	3	4	1	2	2	1	1	3	3	1	2	1	1	3	1	2	2	4	2	4	3	3	5	0	2	4	0	1	0	1	0	2	1	1	1	3	1	2	3	1	2	2	3	5	4	3	4	3	3	2	0	1	2	2	2	5	5	4	6	3	2	7	3	3	4	1	2	2	1	3	3	1	2	2	0	1	3	4	2	6	3	3	4	3	3	3	1	2	3	5	2	4	3	4	5	2	3	3	2	2	7	2	3	4	6	5	10	6	3	7	5	3	6	5	5	8	5	4	5	4	4	6	6	4	8	3	3	4	3	4	6	6	5	7	1	2	2	3	1	5	4	3	5	3	3	5	4	2	6	3	4	7	7	5	6	4	3	5	3	3	3
10	4	4	6	4	4	6	4	4	4	2	3	1	3	3	4	3	2	3	2	4	4	2	3	2	2	4	4	3	4	3	1	4	4	2	3	3	5	3	4	2	3	5	5	3	5	0	1	1	5	5	6	1	3	3	3	3	4	5	3	4	1	1	0	1	1	3	4	4	4	2	2	2	1	2	0	3	3	5	1	2	1	1	2	2	1	4	2	3	2	5	5	3	5	2	3	8	5	4	6	3	3	3	4	3	4	1	2	5	4	3	2	5	3	6	1	2	0	4	3	2	3	3	3	4	3	7	1	2	1	4	4	6	4	4	4	1	2	-1	0	2	0	0	2	0	0	1	1	3	4	7	5	2	3	4	2	5	4	3	4	5	4	5	3	3	4	2	2	2	3	2	2	1	2	0	0	2	2	1	1	-2	2	2	1	0	2	0	3	3	4	4	4	6	5	4	5	3	3	5	2	2	4	3	3	3	0	4	3	3	2	3	0	3	1	1	2	0	1	1	0	1	2	1	5	4	3	2	4	6	1	1	1	1	1	0	4	4	3	4	2	3	0	2	0	1	3	2	1	3	4	0	1	2	3	4	4	8	6	9	5	5	6	6	3	8	2	2	3	3	3	3
11	2	3	3	2	1	4	0	1	2	0	0	0	1	0	3	-2	0	-2	2	1	5	4	3	7	1	1	3	1	0	1	3	1	3	2	1	4	0	0	0	4	1	2	0	0	0	0	0	1	3	2	4	0	1	3	1	0	1	0	1	0	0	1	1	-3	0	-3	2	0	2	-2	0	-2	-2	1	1	-2	1	0	2	1	2	2	1	3	1	0	5	-1	2	2	0	0	2	0	2	6	1	0	1	1	1	2	1	1	3	0	0	-1	-1	0	0	3	2	5	0	0	2	0	1	5	-2	0	-2	0	0	0	0	0	0	-1	1	-1	0	0	0	-2	0	-1	-2	0	-2	-1	0	-1	0	0	0	-1	0	-2	0	1	5	-1	0	1	1	0	1	0	1	0	-1	0	2	0	0	4	0	0	1	1	1	3	2	0	3	0	0	2	-1	2	0	-1	1	1	2	2	0	0	1	1	0	1	1	1	0	0	1	0	0	1	1	2	1	1	0	1	0	3	2	2	3	2	1	2	0	0	0	1	2	3	1	2	1	1	2	0	2	0	2	-1	0	2	2	1	3	0	0	-1	-1	2	1	0	0	5	1	1	5	1	0	0	0	2	0	4	2	4	-2	0	0	-2	0	-1	1	0	1	0	0	0
12	1	2	3	2	2	3	1	4	1	0	0	0	0	2	3	-1	1	-1	-1	0	-4	4	3	5	5	4	5	3	2	2	0	2	2	2	1	2	0	1	-1	2	1	2	5	3	6	2	3	4	1	0	2	1	3	3	1	0	0	2	1	0	4	3	2	0	2	2	3	2	4	3	2	3	0	1	0	-2	1	1	1	1	0	0	1	1	0	0	-2	0	1	0	1	0	1	3	0	1	1	1	0	3	3	5	4	3	5	3	1	0	3	2	3	5	2	3	3	1	3	2	2	3	1	1	2	3	2	3	2	3	5	0	1	1	1	0	3	4	2	4	2	1	0	3	1	6	3	2	4	3	2	3	-2	1	0	0	1	1	0	1	0	0	1	1	4	2	3	2	2	4	2	3	4	0	2	2	0	1	3	4	2	7	4	3	3	3	2	2	4	2	4	2	1	0	4	4	4	3	2	5	4	3	6	4	3	6	3	3	2	4	3	4	5	4	5	1	1	1	2	1	2	1	1	2	2	2	2	0	2	-1	3	3	2	3	3	3	1	0	1	0	1	1	3	2	3	1	2	2	1	1	0	0	0	0	2	1	2	5	3	6	0	1	-3	2	1	3	2	1	3	0	3	4
13	-1	1	0	0	1	2	1	1	6	5	2	9	1	1	5	0	2	6	1	0	2	0	0	1	3	3	7	1	1	3	2	1	4	0	0	4	0	2	3	1	1	4	0	1	4	1	2	3	2	0	6	2	1	3	-2	0	3	0	0	0	0	2	5	1	2	4	1	0	3	0	0	1	-1	2	1	0	0	5	1	1	3	0	0	-1	-2	0	1	0	1	0	0	1	1	2	1	3	2	0	4	0	0	0	0	1	0	0	2	2	2	1	3	0	0	-1	1	1	0	1	2	5	0	0	1	-1	0	0	0	1	1	0	0	1	0	1	3	-1	2	2	2	3	4	2	2	4	0	2	1	-2	1	1	0	0	0	2	2	4	0	0	3	1	1	2	0	1	4	0	2	2	0	1	3	0	1	0	1	1	3	0	1	1	0	2	3	-1	1	3	-1	0	1	-4	0	-2	-2	0	1	3	2	5	2	3	5	1	1	5	1	2	3	0	1	3	2	2	8	0	1	1	2	1	5	2	1	3	3	1	5	4	3	5	0	2	2	0	1	2	1	2	5	0	0	4	0	1	1	0	1	1	2	4	9	0	2	0	2	2	4	1	1	4	2	2	4	3	3	8	3	3	4	0	0	3
14	0	2	4	0	2	2	2	2	3	3	2	2	2	2	2	2	3	3	0	0	0	0	1	1	0	0	0	0	1	0	0	1	1	1	2	4	3	4	4	1	1	1	4	3	4	0	3	3	0	1	4	2	2	3	2	2	1	5	4	7	1	2	4	3	3	5	2	2	3	1	1	0	2	2	3	1	2	1	3	2	5	3	3	5	4	2	4	5	4	8	5	5	5	2	3	5	3	2	2	-1	1	0	2	3	4	1	2	2	0	2	0	0	1	1	0	1	-1	1	2	3	2	1	0	2	3	3	0	2	3	1	3	5	2	1	3	0	3	4	4	3	3	4	2	1	0	1	1	0	2	2	3	3	5	0	1	-1	0	1	1	0	2	0	1	2	5	3	3	4	3	2	3	3	4	2	1	2	2	1	2	1	2	2	3	3	2	4	5	4	6	2	3	6	0	2	2	1	3	2	0	0	-1	2	3	0	0	2	0	2	2	2	3	2	5	2	2	5	1	4	2	0	2	2	2	2	0	0	1	4	0	2	3	3	2	7	4	3	5	2	1	3	3	3	2	0	1	1	0	2	1	0	0	1	4	4	5	2	2	1	2	1	2	3	5	5	2	4	5	2	2	2
15	2	2	0	3	3	1	2	2	1	4	4	4	6	3	5	3	4	4	3	3	4	1	3	5	3	4	7	3	3	3	4	3	2	3	4	3	1	2	3	1	2	2	3	4	2	2	2	2	0	4	3	2	4	4	5	2	8	4	3	6	1	2	2	0	1	0	3	1	2	2	2	3	2	2	4	3	5	5	0	1	1	1	2	3	1	4	5	2	2	5	2	1	1	1	4	3	0	2	-2	0	2	1	0	0	-2	3	2	2	2	3	4	3	4	3	2	4	4	4	4	5	2	3	3	2	4	4	5	5	3	2	4	6	0	2	2	3	1	2	2	2	3	0	3	0	1	3	2	1	3	0	0	2	0	4	3	4	2	3	1	0	2	2	0	3	-1	2	3	0	2	3	2	3	3	4	4	3	1	2	2	2	3	2	4	4	4	8	3	2	4	4	3	3	0	3	4	4	4	4	0	2	0	2	3	4	4	2	7	1	3	1	2	3	3	3	2	1	0	2	-1	0	2	0	0	2	0	6	3	8	0	1	-3	0	2	0	2	1	2	4	2	1	4	3	6	5	4	8	3	2	4	5	4	8	3	3	5	3	4	5	5	3	6	4	4	4	3	4	5	2	3	4
16	1	-1	3	-1	-2	-5	0	-1	-3	-6	-3	-6	0	-1	-1	-1	0	2	2	0	2	1	0	3	0	1	1	3	1	2	3	1	3	0	0	2	0	0	1	-1	-1	-1	-2	0	0	-2	-1	-2	1	1	1	2	2	3	0	-1	0	1	0	0	0	0	2	-2	0	-1	-3	0	-3	0	0	0	0	0	1	0	0	0	-1	0	0	1	0	1	-1	0	2	-1	0	3	1	1	3	1	0	1	0	1	1	-1	-1	-1	-2	-1	0	-2	-1	-2	0	0	1	2	0	0	0	0	0	-2	-2	-2	0	0	1	-1	-2	-1	0	-1	0	0	0	0	-1	-2	0	0	0	1	2	0	4	0	0	2	0	-1	-1	0	0	-1	0	0	-1	0	0	-1	0	0	3	0	0	1	-3	0	-3	-1	0	-1	-2	-1	-1	0	1	3	1	0	0	-1	0	0	0	0	-1	-4	0	-2	-1	0	0	-2	-2	-1	0	-1	-1	0	0	1	0	-1	0	0	0	0	3	0	3	0	0	0	1	0	2	2	0	1	2	0	3	0	-1	-2	-1	0	1	-4	-2	-4	-3	-2	-4	-2	0	-4	-1	-1	-4	-2	-1	0	-1	0	1	0	0	0	0	0	0	-4	-2	-4	-3	-2	-5	-3	-2	-2	0	0	0	0	-1	0	-2	0	0	0	0	0
17	2	1	0	2	1	1	3	2	0	0	1	2	1	1	3	1	1	1	3	2	6	2	3	4	1	0	1	0	0	-1	0	0	0	0	2	0	1	1	0	1	2	3	0	0	1	2	2	0	0	1	0	0	1	-1	0	1	2	2	1	3	3	0	4	0	0	0	1	1	1	5	4	3	3	3	5	2	2	4	3	3	5	1	1	1	0	2	0	4	3	4	2	1	0	-2	1	0	0	1	-1	1	2	3	0	1	0	0	3	3	1	1	0	0	0	0	0	1	0	-1	2	-2	0	0	-2	-1	1	0	1	2	1	4	4	4	3	2	6	4	2	4	6	3	5	0	1	2	2	2	4	2	2	2	1	2	4	0	1	0	1	1	1	1	1	1	2	1	1	3	2	5	3	3	4	2	2	0	1	1	1	3	3	4	1	1	-1	3	2	2	3	2	2	1	1	2	3	2	6	2	4	7	4	3	4	0	1	2	0	2	0	2	2	2	0	0	2	0	1	0	0	1	2	-1	0	-1	0	2	2	0	2	0	2	2	3	0	1	0	-4	0	-2	2	2	1	2	2	3	3	2	4	3	2	1	2	1	3	3	3	5	1	1	4	-1	0	0	-2	0	-1	-1	2	0	0	1	-1
18	2	4	3	2	4	5	5	4	7	4	5	4	2	5	4	7	7	8	2	4	5	1	2	3	2	3	0	1	2	1	-1	3	0	1	3	3	5	5	6	5	5	7	5	3	4	4	4	5	3	5	6	4	4	7	5	4	7	1	3	2	5	5	7	4	6	5	2	4	4	0	2	1	2	4	4	1	4	6	4	5	6	6	5	8	4	4	2	4	5	6	3	4	1	4	5	4	4	5	5	7	7	9	4	6	9	1	3	3	0	2	3	1	5	1	2	4	4	1	2	4	0	4	5	2	4	3	2	4	5	2	3	2	2	3	0	4	6	8	5	5	7	5	5	3	2	5	5	0	3	0	3	5	4	3	4	7	6	6	8	5	5	7	5	5	10	2	3	2	3	3	4	3	3	2	6	3	5	3	4	4	4	4	6	4	4	7	2	3	5	4	4	7	2	3	3	2	4	4	3	4	6	5	6	7	4	6	9	6	5	9	4	5	8	5	6	6	4	4	4	3	5	8	1	3	5	3	4	4	-1	3	1	4	5	7	1	5	7	3	4	5	6	4	4	8	6	9	3	4	6	5	5	7	4	5	5	5	5	6	7	5	10	3	5	4	1	3	5	0	4	2
19	2	3	4	2	3	5	0	0	1	-2	0	0	1	1	1	-1	1	0	0	1	1	0	3	3	4	2	5	0	0	0	1	3	1	2	3	3	2	1	3	3	2	4	5	3	5	3	2	5	0	2	3	0	1	3	-1	0	0	-2	1	0	0	2	2	1	3	3	1	2	3	1	3	4	3	4	5	0	1	0	-1	2	1	0	2	0	0	1	0	1	2	1	1	1	2	1	3	1	0	1	0	0	2	2	2	2	4	-1	0	0	0	0	2	0	1	1	-2	2	0	0	0	0	-2	0	-2	0	2	0	1	2	3	1	1	5	-2	1	2	2	3	4	0	1	0	3	3	4	0	2	3	0	1	2	0	3	3	3	4	6	2	3	6	1	1	5	1	2	3	0	0	3	2	2	2	0	2	0	-1	1	0	0	1	1	0	2	3	1	2	2	3	3	6	0	3	3	0	0	-1	1	1	3	1	3	4	1	1	5	2	2	2	1	2	2	0	2	1	-1	2	0	0	0	0	-1	0	-1	0	0	0	0	1	0	0	1	4	1	2	3	0	2	2	0	1	0	0	2	0	0	3	4	0	2	2	0	2	0	0	2	3	3	3	4	0	0	1	-1	0	0	-3	0	-1	-2	0	-3
20	3	4	5	3	4	2	2	4	6	5	3	5	3	3	6	0	2	2	4	3	8	4	6	7	0	2	4	0	2	0	0	2	2	3	3	5	2	3	4	1	3	3	1	2	3	1	3	3	5	3	3	4	3	9	4	4	5	4	3	7	0	2	2	0	4	6	4	2	5	0	2	3	1	1	1	3	2	4	2	3	7	2	4	5	4	2	3	4	3	6	2	5	6	3	4	7	3	3	5	2	2	1	1	1	0	0	1	1	3	4	3	1	2	3	-1	3	1	0	2	4	3	3	3	1	3	4	0	2	0	0	4	1	-2	1	0	0	1	0	2	3	4	1	1	3	2	3	2	2	3	4	1	3	1	0	2	1	3	3	5	0	3	1	0	3	0	2	3	1	4	5	6	3	3	6	1	2	4	1	4	5	0	3	1	2	4	5	1	3	3	1	2	5	0	2	3	1	4	5	0	3	2	1	3	5	0	3	3	3	4	2	3	5	7	3	3	7	0	2	1	0	3	3	3	4	7	7	4	10	1	4	5	3	4	5	6	3	8	2	2	4	3	5	8	2	3	1	3	3	3	2	2	4	4	5	5	0	3	1	0	3	3	1	3	5	4	3	7	0	2	1
21	3	3	6	6	4	7	6	7	7	1	4	6	2	3	4	0	3	0	3	3	3	1	3	3	0	2	3	5	3	6	3	4	1	3	3	1	1	3	4	3	2	2	5	3	3	2	1	1	-3	0	-1	2	3	1	2	2	2	3	3	5	1	3	1	1	2	-1	4	2	5	4	5	3	5	6	7	4	5	6	6	4	9	3	5	7	3	4	5	5	3	2	4	3	1	4	3	6	1	2	1	3	3	4	4	2	2	4	4	7	2	3	3	6	4	7	3	5	4	4	4	4	5	4	7	5	3	4	5	3	7	4	4	6	4	4	6	2	4	3	1	3	6	2	4	2	3	3	4	4	3	5	1	2	2	0	2	2	2	4	3	2	3	2	2	3	6	5	5	5	4	3	3	8	5	6	0	3	2	5	4	2	3	4	2	2	4	5	4	3	3	4	3	6	4	2	4	2	1	2	-1	3	0	0	1	0	1	3	3	4	4	5	4	5	6	2	2	4	4	3	2	4	4	6	3	2	2	5	4	4	1	3	4	1	2	2	1	3	3	3	4	2	0	1	1	3	4	6	6	4	8	6	4	7	6	4	7	3	4	6	4	4	4	3	2	3	2	3	3	6	5	3
22	3	2	5	3	2	8	4	2	4	2	2	5	-1	2	2	3	2	4	3	1	3	3	1	5	0	1	0	0	1	0	-3	0	-1	1	1	1	1	2	3	5	6	7	3	3	6	4	5	9	6	3	6	6	3	6	1	2	5	4	3	6	0	1	1	1	2	0	5	2	5	4	4	6	5	3	7	0	2	2	-1	1	0	0	1	3	1	2	2	2	2	3	2	1	6	-1	1	0	1	1	3	2	1	4	0	1	0	0	1	2	1	1	1	-1	2	-1	0	1	1	0	1	4	0	2	2	3	2	6	0	2	3	1	2	2	2	2	3	3	3	7	2	2	5	0	2	4	0	1	3	3	4	6	3	2	5	4	4	4	3	3	7	2	2	5	1	2	4	3	2	4	2	3	6	0	2	3	0	2	0	0	0	0	1	1	3	0	4	3	1	2	2	1	0	2	1	3	1	4	2	4	0	1	0	-1	1	0	1	3	3	2	1	0	1	2	8	2	4	4	1	2	3	3	2	5	0	1	2	0	2	0	1	0	2	2	2	3	4	3	5	0	1	3	2	2	7	0	2	1	2	3	4	2	3	5	0	2	3	0	1	1	0	1	2	2	1	4	2	3	4	2	3	3
23	0	2	1	4	3	2	2	2	3	5	3	6	3	3	5	2	4	4	2	4	5	7	4	7	5	5	11	2	1	2	4	3	9	5	4	7	2	2	3	2	3	6	2	3	7	4	3	4	0	1	3	5	4	8	6	5	7	4	3	4	3	3	8	2	2	4	2	2	3	3	3	10	2	3	2	0	2	2	1	2	3	6	3	7	5	5	7	3	3	3	-1	2	0	2	2	4	2	1	2	2	3	3	5	4	2	3	3	4	4	3	4	4	4	8	6	4	6	2	2	7	6	4	7	6	3	8	5	5	7	4	3	4	3	3	4	3	3	4	4	2	8	2	3	3	2	3	3	2	3	5	4	4	6	5	4	8	4	3	3	2	3	1	0	1	3	3	4	4	3	5	9	3	3	5	1	3	2	0	1	0	0	0	2	0	2	0	2	2	4	3	3	5	5	4	7	2	3	1	0	1	0	6	4	8	2	1	3	4	2	5	3	2	5	2	2	4	4	4	8	3	3	8	3	3	6	3	2	3	2	2	5	0	1	4	4	3	5	3	4	4	3	2	2	6	5	10	8	5	9	5	4	9	7	5	13	3	5	6	4	4	3	4	3	4	3	2	6	4	3	8
24	4	4	6	4	5	7	3	3	3	3	3	4	0	1	3	3	2	2	3	3	5	4	4	6	3	2	3	3	3	2	7	7	9	7	5	7	4	3	4	5	4	4	2	3	3	2	3	2	0	2	4	2	2	3	5	3	5	0	2	1	3	3	6	2	3	2	5	1	4	0	3	2	1	3	4	1	1	2	4	3	4	2	2	5	1	1	2	4	1	3	1	3	4	3	3	7	6	4	7	4	4	6	1	2	3	2	3	5	3	3	4	0	1	0	1	2	1	3	3	4	1	2	3	2	2	4	2	3	1	2	3	8	2	3	3	2	3	3	4	3	3	1	1	3	0	4	5	2	3	4	0	2	2	2	0	2	1	2	5	5	3	5	2	3	3	0	2	-1	2	4	4	5	4	3	2	3	4	3	3	3	3	2	6	3	3	6	7	4	9	4	3	5	5	3	7	2	2	4	3	3	4	3	3	5	4	3	2	2	1	1	1	0	2	1	1	2	2	1	3	1	3	5	0	1	0	2	2	0	2	2	4	3	3	6	3	4	4	0	2	4	4	3	7	4	4	5	4	3	6	1	1	4	1	3	4	2	2	4	2	4	4	4	3	4	4	3	7	4	4	6
25	2	1	1	1	3	2	5	4	7	3	3	1	3	3	4	2	3	3	3	4	3	2	1	0	1	2	1	0	2	4	1	2	2	1	2	2	4	4	1	3	2	0	3	4	2	5	3	3	2	4	4	3	3	2	3	4	5	2	2	1	4	3	0	5	5	4	0	2	3	4	2	2	2	2	1	5	4	3	4	2	5	2	2	0	1	4	4	3	3	1	3	2	1	1	2	2	2	2	1	1	2	2	5	3	3	3	3	2	4	3	5	2	2	2	1	2	-1	1	1	2	0	2	0	1	1	3	4	4	3	4	4	3	4	2	0	3	3	4	2	3	2	4	2	3	1	2	1	0	1	2	1	1	0	4	3	2	1	2	2	4	3	5	3	3	4	6	4	5	1	3	0	1	3	0	0	3	0	1	2	0	1	1	0	3	3	4	1	3	0	4	3	1	2	3	0	2	1	0	4	2	1	2	4	3	5	5	4	5	3	6	3	3	3	3	3	3	5	3	6	6	4	7	4	4	4	6	2	2	4	5	4	4	3	3	1	1	-1	1	1	3	6	2	4	1	1	1	2	4	2	1	2	2	2	4	1	3	5	4	4	5	5	6	5	6	4	4	6	3	2	1
26	4	4	5	3	4	7	4	5	6	5	4	8	5	4	7	1	3	5	5	4	10	4	6	7	9	6	12	7	5	11	7	5	12	7	6	10	4	5	9	5	6	9	0	3	0	4	4	4	6	5	11	4	3	5	4	3	7	5	4	9	4	2	6	2	2	5	1	2	3	3	4	5	5	4	6	9	6	11	5	6	7	5	5	7	4	4	8	5	5	6	5	3	7	5	5	7	1	3	2	2	3	3	1	5	4	3	4	6	7	5	11	6	5	11	4	6	7	4	4	6	3	3	4	4	4	7	9	7	10	4	6	6	5	6	7	4	4	6	5	4	8	0	3	3	4	4	4	3	5	3	1	3	1	6	6	8	1	4	4	4	5	7	0	3	4	1	3	1	2	2	1	3	5	7	5	4	7	7	4	6	0	2	3	3	4	6	8	4	10	5	4	3	3	5	4	1	3	0	2	2	1	1	5	3	3	4	5	6	3	7	0	5	4	0	5	3	2	4	4	3	3	3	2	3	3	3	4	3	1	3	3	6	4	6	2	2	2	0	2	0	4	4	7	3	3	3	4	3	4	3	2	5	5	2	6	2	4	5	1	4	4	2	3	3	2	3	4	6	3	5
27	0	1	2	3	2	7	4	3	5	2	3	2	2	2	2	1	2	0	0	1	0	2	2	5	2	2	4	0	1	-1	2	1	4	1	2	3	4	2	0	4	2	5	-1	0	0	-2	0	-2	0	1	1	0	0	1	-1	0	0	2	3	4	4	3	5	1	2	3	3	2	5	5	2	5	1	2	3	0	0	-2	-1	0	0	-1	1	-2	-1	0	0	3	1	4	4	3	6	0	1	1	1	1	1	0	1	1	0	0	0	2	2	3	2	2	4	3	3	4	3	2	1	0	0	-1	2	2	2	3	2	4	2	3	7	1	2	1	3	3	7	1	1	5	0	1	3	4	3	3	1	0	3	-1	1	-4	1	0	1	-2	0	-2	-2	0	-2	-1	0	0	2	1	3	0	3	3	2	1	3	1	2	3	2	1	3	0	1	0	0	3	2	4	1	5	1	3	4	0	1	0	0	1	-1	0	0	0	-2	1	0	0	0	-2	1	0	-1	0	0	0	-2	0	-2	-1	1	-2	1	1	3	0	1	1	2	1	0	4	4	4	3	2	6	1	2	1	0	1	0	1	1	2	2	2	1	2	2	4	4	3	3	2	3	4	2	1	4	1	0	1	3	1	4	3	2	1	3	3	2	5	2	8
28	1	3	2	1	0	2	3	1	0	1	1	2	1	0	3	0	0	1	2	1	0	3	3	4	0	2	1	2	3	2	2	2	3	4	4	5	-1	2	1	3	2	2	1	3	2	3	4	5	2	3	6	1	2	3	0	2	1	2	1	1	0	2	1	0	0	-1	-2	0	1	0	1	1	0	3	0	2	1	4	2	1	2	0	0	0	-1	0	0	0	1	0	0	2	3	1	2	0	-1	1	0	-2	0	-1	0	1	0	2	2	1	4	3	1	-1	0	0	0	0	1	1	1	1	0	0	0	1	3	3	2	4	2	5	3	5	2	1	4	3	3	6	3	2	3	1	3	2	0	2	1	3	4	5	5	4	3	2	3	4	2	1	1	3	2	2	2	2	3	2	1	4	1	3	4	0	1	0	-1	0	0	2	3	7	-1	0	0	0	1	-1	1	3	4	0	1	1	0	3	4	2	3	5	0	2	1	1	2	3	0	3	4	6	5	5	2	4	4	4	3	3	0	1	1	0	1	0	0	2	1	1	2	0	0	1	-1	0	2	1	4	1	4	1	2	3	1	2	3	1	1	0	0	2	1	0	3	1	0	2	0	1	1	1	4	4	4	0	3	0	1	1	3	0	3	3
29	6	4	6	6	4	9	4	5	7	2	3	5	1	2	3	0	3	0	5	4	8	3	4	8	5	3	6	3	4	7	2	3	4	2	3	2	1	3	5	3	3	4	-1	2	5	3	4	4	3	3	5	6	5	11	4	4	9	3	4	7	5	4	7	0	4	2	3	3	6	4	4	6	3	2	5	4	4	7	1	2	2	2	2	3	1	2	4	2	2	1	5	4	5	-2	0	0	0	0	3	3	2	3	0	2	3	4	3	5	5	5	5	-1	3	4	3	4	4	3	4	6	1	3	3	1	3	5	2	2	5	1	2	5	2	3	4	-1	2	0	0	2	2	2	3	4	3	3	5	3	3	3	7	6	11	2	4	6	0	1	2	1	2	2	4	3	3	4	4	4	3	3	3	1	3	5	0	2	1	2	2	4	2	1	0	2	2	6	1	1	2	2	3	4	1	2	5	1	2	2	3	4	4	2	2	2	3	2	6	2	3	2	1	3	3	4	4	6	4	4	10	5	3	7	4	5	7	3	2	6	2	4	3	2	2	4	5	3	8	7	5	12	4	4	7	6	6	10	3	3	2	3	3	4	2	1	0	0	2	0	2	2	2	3	3	6	7	4	10	4	4	7
30	0	1	1	-2	-1	-3	-2	0	-2	1	2	3	2	1	6	0	1	-2	0	0	0	1	0	2	-2	0	-3	0	1	1	-2	0	-3	-1	0	0	0	1	0	1	2	2	1	1	1	2	1	3	0	0	1	-2	0	-2	-1	1	1	0	0	0	1	1	2	0	1	3	-1	2	0	-1	0	0	-2	1	-1	4	1	2	1	0	2	0	0	5	0	0	1	0	1	3	0	1	0	1	1	0	0	2	2	-1	0	1	0	0	1	-1	0	0	-3	0	0	0	0	1	3	2	5	1	1	1	0	1	1	0	1	1	1	2	0	0	2	0	0	3	3	1	1	1	0	0	0	-1	-1	-1	0	0	0	0	2	1	2	3	3	-1	1	1	2	1	1	-2	1	1	3	2	2	1	1	2	-1	0	-1	-1	0	0	0	1	-3	-1	0	-1	0	0	0	1	1	1	0	1	2	1	2	1	1	1	2	-1	0	-1	-1	0	-2	-1	0	0	-3	1	-3	0	1	0	4	1	2	0	1	-1	0	0	3	2	1	1	0	0	2	0	0	1	-3	0	-3	-1	0	0	0	1	2	0	2	2	0	0	0	0	1	2	2	3	5	1	1	1	0	0	0	0	1	0	0	0	0	-1	0	-1	0	1	0	1	1	0
31	3	3	4	1	2	3	2	2	3	0	2	2	3	1	3	4	2	4	3	2	3	1	2	0	2	2	3	0	0	1	1	0	-1	3	2	2	6	2	6	0	0	0	2	2	4	2	2	4	1	2	0	0	1	-1	2	0	0	0	1	0	2	2	3	3	1	0	1	0	1	2	1	0	3	2	3	0	0	-3	2	0	1	0	0	1	0	0	0	3	1	1	2	2	0	5	4	4	4	3	6	5	1	6	2	0	3	2	2	0	3	3	2	2	0	0	2	1	2	1	1	1	4	3	1	2	2	1	2	0	1	6	3	5	2	0	2	4	3	5	4	3	3	3	1	1	1	2	0	4	1	2	1	2	1	6	3	6	5	2	5	1	0	0	2	2	6	2	0	1	2	0	1	0	1	1	5	2	4	5	2	5	5	2	4	3	2	4	3	1	4	2	2	2	2	2	0	1	0	0	1	0	0	2	0	0	2	1	2	1	1	2	0	1	0	1	1	2	3	3	5	6	2	4	2	1	-1	0	0	-1	2	1	2	0	0	0	0	1	0	-1	1	1	4	1	2	3	2	5	2	3	2	1	0	0	1	0	1	2	2	3	2	2	3	2	1	2	4	2	0	5	2	3
32	1	2	0	4	2	1	0	1	3	0	1	0	2	2	2	0	1	2	0	2	-1	0	3	3	1	2	1	6	2	6	2	3	8	2	3	1	2	1	3	1	2	0	0	1	0	1	2	0	4	3	4	2	3	3	2	2	1	1	1	1	3	2	3	6	4	8	4	4	6	2	2	5	4	4	4	1	3	2	0	2	0	1	1	0	2	1	2	4	3	2	1	1	0	4	2	5	3	2	4	3	3	5	3	3	5	3	1	3	2	1	3	3	3	2	3	1	3	3	1	3	1	1	0	1	2	2	0	3	0	0	1	-1	1	1	1	2	1	3	2	1	1	4	3	4	2	1	1	1	1	0	0	2	0	2	2	3	2	2	0	3	3	3	4	4	6	1	2	3	5	4	3	2	3	5	2	3	4	2	3	4	3	2	3	1	2	1	0	2	0	0	2	1	2	2	0	0	1	0	0	1	2	1	1	2	-1	0	1	4	2	7	5	3	3	1	2	0	1	1	0	1	1	1	3	4	7	3	3	4	1	3	2	1	2	1	2	3	3	5	3	4	2	3	3	0	3	1	3	3	4	2	4	4	1	2	2	2	2	0	2	2	5	2	2	4	3	3	3	2	4	7
33	-1	2	-1	0	1	1	-1	0	-3	0	2	1	-2	0	-4	0	0	-1	1	2	0	-2	1	0	-1	1	1	1	1	1	1	1	1	2	1	2	0	0	2	0	1	0	0	0	0	-3	0	-2	1	1	1	0	2	2	0	1	1	1	1	2	3	1	2	1	1	2	1	1	0	0	0	0	0	1	0	0	0	-1	-2	0	0	-1	0	-2	-2	0	-1	-2	0	0	0	1	1	-4	0	-4	0	1	0	-1	0	0	0	0	-1	0	0	-1	1	1	2	0	0	-1	0	1	3	1	2	2	0	0	0	0	0	1	1	0	2	2	1	5	3	1	6	2	2	4	2	2	0	1	1	2	-1	0	-1	1	0	1	-1	0	0	1	2	3	1	1	1	0	1	-2	0	0	0	0	0	-1	2	1	5	4	3	4	1	0	1	2	1	4	1	2	2	1	0	3	0	1	0	-2	0	-2	0	1	0	0	0	2	2	1	4	2	0	3	0	1	2	0	2	4	0	1	1	-1	1	2	0	0	-1	-1	1	0	-3	0	-2	0	0	2	0	1	1	0	0	1	0	1	1	3	2	2	0	1	0	2	1	3	0	1	0	1	0	2	-1	0	0	0	1	1	0	0	-2	0	0	-1	0	2	2	1	1	4
34	4	2	5	-2	2	4	0	1	2	1	1	1	2	2	5	5	3	5	2	3	3	3	2	2	-1	0	0	-2	0	-3	-1	0	0	0	0	0	0	1	1	1	1	4	3	1	5	0	0	1	0	0	0	0	1	0	1	3	7	4	2	4	0	2	2	0	0	1	-2	0	0	-2	1	-1	0	1	0	-2	2	3	0	1	1	0	0	-1	-1	0	1	0	1	0	1	2	4	3	1	3	0	0	0	1	0	2	-1	1	0	0	1	0	0	1	1	-1	0	-1	2	1	3	1	2	1	0	2	2	1	2	1	0	1	2	0	0	1	-1	1	0	-2	1	-1	0	2	1	1	2	1	0	0	-2	-1	0	-3	-1	0	-1	-3	0	-3	-2	-1	-1	0	1	0	2	2	2	3	1	1	2	3	3	1	0	3	-1	0	0	-4	0	-3	0	1	2	0	0	1	-1	0	-1	-3	0	0	-2	0	-1	-2	0	-1	0	1	1	-1	1	0	-1	1	-1	1	1	4	1	2	1	0	0	0	-1	1	-1	-1	0	2	-1	1	-2	-2	0	-3	-2	0	-2	0	1	0	1	0	2	3	2	4	1	2	2	0	2	1	-5	-1	-2	-1	0	-2	-2	1	0	0	0	4	1	2	3	2	1	3	-1	0	-1	0	0	0
35	0	2	4	0	1	3	3	3	6	0	1	1	-1	0	0	-1	0	1	-1	0	3	0	1	5	-3	1	0	0	0	3	-1	1	2	-3	-1	-2	0	1	0	0	1	1	-2	1	-1	-1	0	1	0	2	4	1	0	0	-3	0	-2	-1	1	0	-2	2	0	-1	0	0	0	0	3	2	2	3	0	3	3	1	2	3	0	1	4	1	1	2	-1	2	0	0	0	2	2	3	5	0	2	1	1	2	5	0	1	4	0	1	4	1	3	7	0	0	3	0	1	1	-1	1	2	0	1	2	2	2	6	0	1	4	0	2	1	-1	1	2	-1	1	2	1	0	1	-2	0	0	-2	0	0	0	0	1	0	1	2	-2	0	1	-1	2	2	0	2	4	-2	1	0	-3	0	0	0	1	0	-2	0	-1	0	0	3	-2	1	2	0	1	4	3	2	7	1	2	5	0	2	6	0	1	3	0	2	3	0	0	1	-1	1	2	0	1	2	1	2	6	2	2	5	1	1	3	3	4	4	1	2	6	1	1	4	0	2	4	0	2	0	-2	0	0	0	1	3	-3	0	-1	0	1	0	-1	2	3	0	0	2	1	2	3	-4	0	0	-3	0	0	0	0	2	-1	1	0	-2	0	-1	-3	0	0	0	0	1
36	-1	1	-3	-4	1	0	2	2	0	0	0	-3	2	1	-1	0	2	0	0	1	0	0	0	0	-2	1	-2	0	0	-4	-3	0	-4	-2	0	-3	2	2	1	1	1	1	0	1	0	0	3	1	0	1	0	1	1	0	1	2	-1	2	2	3	2	3	3	5	4	4	2	4	5	5	2	6	3	3	3	3	2	0	0	0	-2	0	2	1	0	1	0	0	0	0	-1	0	-3	1	0	0	1	1	0	0	1	0	4	4	2	0	1	0	0	2	0	0	0	-2	1	1	0	-1	1	-1	0	2	0	0	1	1	0	2	0	0	1	2	1	0	-1	0	1	0	0	2	3	1	0	0	1	2	3	-1	1	1	1	1	0	1	1	2	1	2	0	0	0	0	0	2	0	2	2	3	2	2	0	2	2	2	0	0	-2	0	2	3	4	4	4	3	1	4	0	2	1	1	2	2	6	3	7	4	3	3	1	0	2	2	2	0	0	1	0	0	2	0	0	1	0	1	1	1	4	3	1	1	2	4	0	0	1	0	1	2	0	1	1	1	2	0	0	2	0	1	2	0	2	2	1	1	2	1	0	0	-3	-1	1	0	0	3	0	1	3	2	0	1	2	0	3	5	2	2	1	1	2	2
37	0	2	-1	0	1	2	1	2	4	1	3	2	0	2	4	-1	0	0	-1	1	0	0	1	1	0	0	1	-1	0	0	0	2	3	-3	0	1	-1	0	-1	0	1	4	3	1	4	0	1	1	0	1	1	-1	0	0	0	0	2	-1	2	0	0	2	2	1	2	3	1	3	2	2	1	6	4	4	7	4	4	8	3	3	4	0	0	2	1	1	2	1	0	1	0	4	3	0	0	0	0	0	0	1	2	2	1	2	4	0	2	4	4	3	4	3	3	7	3	2	5	2	2	5	3	1	5	1	2	5	2	1	6	2	2	6	0	1	3	1	1	1	2	3	4	0	0	2	1	3	6	2	2	3	-3	0	-3	-2	0	0	0	2	6	4	4	4	4	4	8	0	2	2	1	1	2	0	1	2	1	2	6	3	1	4	-1	0	2	0	2	1	0	2	3	0	2	4	0	0	0	0	3	4	0	2	3	1	2	3	0	2	2	3	2	3	0	1	4	0	3	2	2	3	7	2	2	2	0	1	0	1	1	2	0	1	1	0	0	0	1	2	4	4	2	6	4	4	7	3	3	6	1	3	1	2	0	5	-1	0	-1	-1	0	-1	0	2	2	0	1	0	-2	-1	-1	-1	0	-2
38	2	2	3	4	3	2	4	3	5	4	3	7	3	2	4	0	2	2	2	0	0	3	2	2	4	4	3	2	2	3	0	2	0	0	2	3	3	2	0	4	3	5	2	1	1	4	3	3	5	3	7	8	3	6	4	2	2	3	2	7	3	2	1	3	3	1	0	2	2	2	1	0	4	1	6	1	2	3	0	3	0	0	1	0	0	0	0	0	0	1	2	2	1	2	1	2	4	2	1	2	4	4	3	2	4	0	1	0	1	1	1	1	2	2	1	1	3	2	1	1	0	1	0	0	0	0	4	3	3	7	5	10	4	2	7	1	2	3	4	4	3	1	0	1	1	0	2	1	2	4	1	1	0	3	3	0	2	2	1	4	2	2	5	4	8	3	4	5	6	3	4	3	2	3	0	3	2	0	1	0	0	0	0	0	2	1	2	3	2	3	3	0	0	2	0	5	2	4	2	2	3	2	4	7	5	3	6	6	3	8	2	2	3	1	2	4	2	2	1	2	2	5	1	2	1	3	4	3	1	1	0	1	2	4	3	3	4	3	2	5	1	0	1	0	0	0	2	0	0	2	2	1	2	2	5	2	1	0	0	1	0	2	2	5	0	1	0	1	2	-2
39	4	3	5	0	1	-3	1	1	0	2	3	4	2	2	3	2	2	3	3	1	0	2	2	3	6	5	3	6	3	6	5	3	2	4	2	2	3	2	3	1	2	2	2	2	1	5	3	4	-1	0	0	3	3	1	2	4	6	3	3	2	4	2	2	3	2	1	4	2	3	2	3	4	2	2	3	7	5	4	3	3	4	5	3	3	3	3	4	5	3	5	3	4	4	3	2	2	1	2	2	2	0	-1	0	2	0	3	2	2	1	2	1	3	2	2	2	2	2	0	1	0	1	3	2	5	3	4	6	4	3	3	2	6	4	4	3	3	2	2	7	4	7	5	4	7	5	4	6	4	3	3	7	2	4	3	2	1	5	3	5	6	3	3	5	2	5	2	0	2	5	3	4	1	2	2	4	4	5	6	2	3	1	2	2	2	3	0	1	1	0	4	4	1	3	2	2	3	2	2	4	3	3	7	5	9	7	4	5	6	5	6	2	3	3	7	5	10	8	4	8	3	2	4	2	2	3	2	3	1	3	1	-1	2	2	2	0	2	0	0	1	-1	2	1	0	1	2	0	0	0	0	6	2	3	4	3	1	4	3	6	2	2	1	1	2	0	2	0	0	0	2	-1
40	0	2	4	3	2	6	1	3	2	0	3	3	2	4	5	2	3	4	4	4	9	5	5	9	2	4	6	4	4	7	2	3	6	1	2	2	2	3	4	0	3	4	3	3	5	1	3	1	-2	2	-1	0	1	1	-2	1	-2	0	1	-1	0	2	2	1	1	1	4	3	4	1	1	4	0	2	3	3	3	6	1	3	4	1	4	4	0	2	4	0	3	2	1	2	4	3	1	3	0	3	4	4	3	4	3	2	2	0	2	2	5	4	8	5	4	6	3	4	7	0	2	1	1	3	6	0	3	4	1	3	6	2	4	3	5	4	7	2	2	5	2	3	3	4	4	7	3	3	4	0	2	4	2	3	4	5	3	5	3	4	4	3	2	5	4	3	6	3	3	7	3	6	7	2	3	5	3	3	5	0	3	5	2	3	5	1	3	4	1	3	5	1	3	2	0	3	2	0	2	1	1	2	5	1	3	4	3	3	7	1	3	4	1	2	5	0	3	3	0	3	0	5	4	8	1	2	2	0	2	1	1	5	7	0	2	2	3	4	7	2	3	3	1	2	2	1	3	1	1	3	4	-1	1	2	1	3	5	2	3	7	0	3	3	0	1	0	2	2	5	0	2	3
41	3	4	3	2	3	3	2	2	1	0	2	0	3	3	3	1	5	2	4	3	5	2	3	2	2	3	3	1	3	0	1	3	2	3	2	3	4	2	4	1	2	3	1	2	2	3	3	2	4	5	5	5	3	1	5	3	6	3	2	3	1	2	1	1	2	1	-1	0	0	-2	2	-1	0	2	0	1	2	0	4	3	2	3	3	3	1	2	2	1	2	1	1	2	2	1	4	1	4	3	4	3	4	2	2	3	3	3	5	6	3	3	3	7	5	5	5	4	3	3	4	4	3	4	4	5	5	5	3	4	5	3	1	3	-2	0	-1	0	1	-1	1	1	0	2	4	2	4	3	3	2	2	4	3	4	5	6	5	7	4	3	6	3	3	5	2	4	3	3	4	5	3	3	3	5	5	5	7	5	9	7	6	9	5	5	8	3	5	4	5	3	5	3	5	0	2	2	4	4	4	4	1	3	2	3	5	5	1	1	-1	3	3	5	3	3	3	3	3	4	0	3	0	1	2	0	2	2	3	1	4	3	6	4	8	4	4	7	3	4	6	6	4	7	5	5	9	7	5	6	3	3	3	6	5	7	4	3	7	3	4	2	1	3	1	4	5	3	3	3	3	4	4	5
42	4	4	5	3	2	4	1	3	4	1	3	3	1	3	6	7	5	9	3	4	5	3	3	5	3	1	4	3	3	6	4	3	7	6	3	9	5	5	5	0	1	3	2	3	4	1	2	-1	-1	1	0	3	3	1	0	2	1	0	1	2	2	2	1	3	4	2	4	4	4	3	3	7	0	2	3	0	2	3	0	2	2	3	2	5	4	3	4	2	3	3	2	2	3	1	2	0	3	3	6	4	4	5	2	4	5	0	2	1	2	3	5	3	3	4	1	3	1	5	3	5	3	4	4	1	2	1	3	3	1	0	4	3	2	3	2	3	4	5	4	2	3	3	3	5	0	2	2	1	3	4	0	3	1	1	1	1	2	4	2	4	4	7	1	2	2	2	2	3	1	1	1	0	0	2	0	1	0	2	2	3	1	3	4	4	4	6	1	1	4	1	3	4	0	3	1	0	2	0	0	2	0	2	3	3	1	3	5	2	2	4	1	3	3	2	2	4	1	4	3	0	4	2	2	2	3	0	1	2	-1	0	0	0	1	0	0	1	1	-1	2	-1	2	2	2	0	3	4	1	2	1	0	3	2	2	1	4	2	2	5	3	3	3	3	2	4	0	3	0	2	2	6
43	5	4	8	6	6	11	4	4	6	4	4	7	6	6	9	4	4	6	2	4	4	1	2	4	2	3	4	4	5	8	3	2	6	2	3	5	1	3	3	3	4	8	3	4	7	2	3	6	5	4	8	2	1	3	-1	0	0	1	3	2	0	2	-1	2	3	2	0	1	2	1	2	1	1	3	3	2	2	6	1	3	7	4	4	7	3	3	6	4	4	6	5	5	6	4	3	7	2	3	6	0	2	3	1	3	3	1	1	5	0	2	7	5	4	8	3	1	6	3	3	6	1	3	3	0	1	1	5	2	8	0	2	1	1	2	2	0	2	3	0	1	0	1	1	2	2	4	8	3	2	5	5	4	9	5	3	8	2	3	5	2	4	6	3	4	6	3	3	6	6	4	8	4	5	9	6	5	10	5	2	7	4	3	7	2	3	4	3	3	8	5	3	7	6	5	8	3	4	6	1	3	5	0	3	6	0	1	3	1	1	1	0	1	3	2	3	4	3	4	5	3	3	5	4	3	6	5	5	7	1	3	5	2	2	2	3	2	6	2	3	3	1	2	4	2	2	3	3	3	5	4	4	5	3	4	6	5	4	9	5	3	8	2	4	8	0	1	5	2	2	6
44	-3	0	2	0	0	0	-5	0	-2	0	0	1	-1	0	-1	-2	0	0	0	0	0	-1	-1	0	-1	0	0	-3	0	-2	-3	-1	0	-1	0	0	0	2	2	0	2	3	2	2	5	1	2	5	0	0	1	-2	0	0	-1	0	-1	-2	0	0	0	1	1	-3	0	0	-2	-1	0	-3	0	-2	0	0	0	0	0	-1	0	2	5	1	2	4	-3	2	0	-3	-1	-4	-1	0	0	-1	0	1	-3	0	0	0	1	2	-3	0	-4	0	0	0	0	1	4	2	2	5	1	1	3	-2	0	0	-2	0	1	0	1	4	0	0	5	0	0	1	-3	0	0	-2	0	-1	0	0	0	0	0	0	0	0	0	0	0	2	0	0	0	1	0	3	0	0	1	0	0	2	-1	0	2	-1	0	0	-1	1	0	-1	0	0	-1	0	0	1	1	3	0	0	4	-3	-1	-1	-1	0	0	-1	1	0	0	0	3	-4	-2	-2	-1	0	0	-1	0	0	-3	0	1	0	0	2	-1	1	0	1	2	3	-2	0	0	-5	-1	0	0	2	2	-1	0	1	0	1	3	-2	0	-1	0	0	0	-1	-1	0	-2	0	-1	-4	-1	-3	-3	0	1	0	1	1	-1	0	-1	0	1	0	-5	0	-2	-1	0	1	-2	0	-2	-3	0	-2
45	0	1	1	0	0	0	2	1	3	-1	0	-1	-1	1	2	3	1	3	0	1	1	1	1	3	-1	0	1	0	0	1	-2	-1	0	0	0	0	0	1	0	1	2	4	1	2	6	0	2	5	2	2	4	0	2	3	0	2	3	0	0	1	0	1	1	0	1	2	0	0	-1	0	1	1	-3	0	-1	0	1	0	-3	2	0	-1	1	1	-2	0	2	-3	-1	-4	-3	-1	0	-2	1	0	-1	1	1	1	2	4	0	2	5	0	0	1	-1	0	2	0	0	2	0	1	3	0	1	3	0	0	0	-1	2	0	-2	0	0	3	1	3	-1	0	1	0	0	1	-1	0	-1	-1	2	0	0	1	1	-2	1	1	0	1	4	0	0	0	0	0	2	-5	0	-1	-1	0	-1	-2	0	0	0	1	2	0	1	-2	2	0	3	2	2	2	0	0	2	-1	1	0	0	0	2	-2	1	1	0	0	4	0	0	5	0	0	0	-2	0	0	-1	0	0	-3	-1	-1	-2	0	1	0	0	2	0	0	1	2	1	1	2	2	3	2	3	7	2	2	2	1	0	4	0	1	5	2	3	8	2	1	3	0	0	2	-1	0	-1	0	1	2	1	1	5	0	0	0	-1	1	0	-2	0	3	1	0	0	-3	0	-1
46	0	1	2	3	2	3	4	4	6	5	4	9	1	2	0	1	2	2	0	2	3	2	1	3	1	0	3	3	3	4	2	0	3	2	2	1	4	3	5	2	3	4	3	2	5	2	3	2	3	3	5	4	3	2	3	2	3	0	2	1	0	2	3	4	3	7	2	3	5	1	2	2	1	2	3	2	3	4	5	3	6	1	3	6	5	4	10	9	5	9	6	4	6	6	2	9	4	5	6	1	2	2	-1	1	0	1	1	3	0	2	2	1	2	2	0	1	3	2	2	5	0	2	0	0	0	-1	4	2	3	2	3	4	2	3	4	3	3	5	4	3	6	4	2	4	0	2	1	1	1	3	2	3	5	3	3	4	3	2	7	2	4	7	2	3	4	3	3	1	4	2	4	2	1	4	1	2	0	2	3	5	0	1	4	3	3	5	1	2	5	1	2	4	4	2	6	0	2	1	1	1	2	4	3	6	1	3	4	2	3	6	2	3	4	2	3	3	1	0	4	1	0	2	0	1	3	3	2	4	0	1	3	1	1	1	6	1	5	4	3	6	0	1	2	2	3	5	4	2	7	5	4	7	7	4	7	4	3	7	4	4	7	3	3	7	7	3	6	2	2	6
47	1	1	4	4	2	7	0	2	4	0	1	2	4	3	7	4	3	3	0	3	4	-1	2	0	0	1	3	0	2	3	0	3	0	-2	1	-2	0	1	1	-2	0	-2	0	1	2	0	1	2	1	0	0	0	2	0	0	2	2	2	3	5	-1	2	2	1	2	1	1	4	7	1	3	4	2	3	4	3	4	4	2	3	5	1	3	3	1	2	5	3	2	7	0	2	6	2	3	5	2	4	7	5	3	7	3	3	6	5	4	7	3	5	8	6	3	8	4	3	6	1	3	2	0	1	3	1	5	5	0	2	3	0	2	3	2	4	6	3	3	8	1	3	6	1	3	4	2	3	3	7	4	9	3	5	6	7	4	8	6	4	8	4	4	7	2	2	2	1	2	6	3	2	6	3	2	5	5	5	9	3	2	5	1	2	1	2	0	3	2	3	3	2	3	7	0	3	1	1	3	0	2	2	6	2	3	5	0	2	3	0	1	1	2	3	5	4	3	4	1	2	1	-1	3	3	-2	2	-1	-3	0	0	-1	2	6	2	3	5	5	4	7	3	3	7	2	4	9	2	3	6	2	3	4	3	3	4	3	4	6	0	2	2	2	2	4	0	1	0	0	2	1	-2	1	0
48	3	2	4	3	4	4	5	3	5	3	3	3	2	2	1	3	4	4	5	4	8	4	3	3	5	4	7	5	4	3	3	4	7	1	3	0	3	3	3	0	2	0	1	3	0	0	2	1	-1	1	0	2	3	1	1	2	1	1	3	2	1	4	1	1	3	2	3	3	4	1	1	1	3	2	1	1	2	1	2	3	3	2	5	2	1	1	5	3	4	5	0	4	3	4	4	4	6	4	8	4	4	4	2	3	6	3	4	6	6	3	10	3	3	1	3	2	1	3	3	3	2	2	3	-1	1	0	0	0	-1	0	2	0	3	2	4	2	4	5	0	2	-2	-2	1	-2	0	2	1	0	3	0	0	2	2	1	2	-1	0	2	2	0	3	1	2	3	3	1	2	2	3	2	0	3	4	7	3	4	5	5	3	2	2	3	3	0	3	0	0	0	-1	0	2	0	0	1	0	3	3	3	3	3	0	1	2	2	2	2	-2	3	4	6	1	1	2	1	1	0	2	3	5	3	3	6	0	2	0	2	3	4	0	2	0	3	3	2	1	4	1	3	3	5	4	3	4	2	3	3	0	0	0	4	3	1	3	3	4	4	3	5	4	4	5	4	3	6	2	2	3	0	3	0
49	0	0	-2	-1	0	-5	5	2	2	5	1	4	5	3	6	6	2	7	2	3	1	4	2	5	1	2	2	5	2	3	0	1	0	1	1	3	1	1	-2	2	4	1	1	2	3	4	2	1	1	1	1	1	1	0	-1	1	-3	1	1	0	1	1	-1	1	2	0	2	3	1	2	3	0	2	2	3	2	2	1	4	2	3	1	2	3	2	3	1	-1	1	-3	0	2	0	1	2	1	3	1	2	2	3	1	0	2	4	6	4	5	4	2	3	3	2	1	1	1	0	2	2	-1	2	2	0	2	1	1	2	1	4	2	0	2	0	1	-1	2	0	0	0	0	0	5	3	4	3	2	-1	2	2	2	6	4	2	5	3	4	2	1	2	2	2	0	3	2	5	0	0	-2	1	1	0	2	1	-1	0	2	0	2	2	1	1	2	0	0	2	-1	0	0	-2	1	0	0	1	1	0	0	0	-2	0	1	0	0	0	-1	0	1	0	2	1	1	1	1	0	5	3	4	0	0	-5	-1	0	-4	2	1	-2	0	1	0	2	1	1	-1	0	-4	-1	0	-5	0	0	-2	-2	0	-6	1	1	-3	0	1	0	1	1	1	1	2	2	3	2	1	5	2	2	2	2	0	1	1	0	0	2	-1
50	1	1	2	-2	1	0	-1	2	0	0	3	3	4	2	4	1	2	4	0	2	0	0	1	2	1	2	4	2	3	2	1	2	4	0	1	3	1	3	4	2	1	3	3	3	5	0	1	3	5	3	6	0	2	4	2	2	2	0	1	0	-1	2	0	-1	3	3	-2	1	0	1	2	2	-1	2	2	0	1	2	3	0	0	-2	2	0	-1	2	1	2	3	3	2	2	4	0	1	2	0	0	0	0	2	1	1	3	4	1	2	1	0	2	2	-1	3	2	3	2	6	1	2	5	3	3	7	0	1	2	2	1	3	0	2	3	4	2	7	1	3	3	0	1	3	-1	1	0	-2	2	1	0	2	2	0	2	2	0	2	1	2	4	3	2	3	4	2	2	4	1	2	3	-1	0	0	1	0	1	-2	1	0	0	2	1	-2	0	0	-1	0	2	1	1	2	3	3	6	0	2	6	3	2	7	4	4	8	4	4	7	0	1	3	0	0	0	0	1	0	4	2	5	1	2	3	3	3	6	2	0	2	3	2	7	2	2	7	0	1	0	2	2	3	2	2	0	0	1	3	-1	1	0	0	2	3	4	3	7	1	1	2	3	3	5	1	2	3	2	2	4	4	4	8	2	2	7
51	2	2	2	4	3	5	3	3	4	-1	1	0	3	3	3	4	4	4	1	1	2	4	1	3	2	2	3	2	3	3	2	3	2	3	3	6	5	1	5	0	1	0	0	1	0	-2	-1	-3	0	0	-1	0	2	-1	2	2	1	0	1	3	-1	0	-3	1	0	0	1	1	1	1	3	3	0	1	0	2	2	4	1	2	2	0	2	0	0	1	1	2	1	3	2	3	4	4	3	7	4	4	3	5	3	4	1	1	0	0	1	-2	2	0	2	1	2	3	0	0	0	2	1	1	0	2	0	2	1	1	3	2	1	0	2	0	1	1	-2	0	1	1	3	2	4	0	0	-1	0	1	0	0	2	-1	6	3	4	3	2	1	5	4	4	2	2	4	3	2	4	4	4	6	4	3	2	3	4	6	0	1	-1	1	2	2	3	2	2	4	3	4	3	2	1	2	1	2	2	2	3	4	3	4	1	3	0	2	1	5	3	2	1	2	2	4	3	2	6	1	1	2	0	1	1	1	1	2	3	2	3	0	2	0	3	4	2	0	2	0	0	1	-2	1	1	0	1	1	0	3	2	0	6	2	2	0	2	0	0	1	2	2	2	2	4	3	3	1	1	0	3	4	5	3	2	3
52	0	1	0	1	1	3	1	2	-1	1	2	1	0	1	3	1	2	1	1	1	1	0	3	1	1	2	0	3	2	4	0	0	-1	0	3	1	2	2	2	2	2	0	1	3	3	6	3	6	3	4	6	3	2	0	3	3	7	2	3	3	3	4	3	5	4	7	3	3	7	1	3	3	2	2	0	3	3	2	4	4	8	4	4	8	2	4	5	1	2	2	3	1	1	4	4	6	3	3	4	5	3	7	4	4	4	4	4	7	1	3	3	-1	0	-1	0	2	0	1	2	2	2	3	3	2	3	2	3	3	3	4	3	3	3	2	2	2	2	1	-1	1	-3	0	1	1	0	2	2	1	2	0	1	2	1	2	3	1	3	2	4	4	4	4	1	3	3	0	1	0	1	1	0	2	3	2	-1	1	0	1	0	1	3	3	5	6	3	7	5	5	7	3	3	3	2	4	3	3	2	2	5	3	5	5	5	8	5	3	4	2	3	6	7	4	7	0	2	2	0	2	0	2	2	5	3	3	3	7	4	7	5	3	6	2	2	4	2	1	3	0	3	3	2	4	5	1	2	3	4	2	2	1	1	1	0	1	-1	2	1	3	-1	2	0	0	0	0	1	3	0	4	3	4
53	0	3	0	2	1	3	2	2	4	4	3	5	3	3	2	4	3	7	4	2	1	4	3	5	4	4	5	3	2	6	3	2	2	2	3	6	2	1	0	4	3	6	2	4	5	4	3	7	4	3	3	4	1	5	3	2	6	1	2	0	0	2	3	2	2	2	2	2	3	5	3	4	3	4	6	2	3	3	2	3	4	0	2	2	0	1	1	2	2	3	1	2	5	3	4	4	2	2	1	2	3	2	3	4	4	3	4	5	4	3	4	1	1	2	0	1	1	2	2	3	4	4	4	2	1	2	1	1	1	1	2	3	0	2	2	0	2	5	1	2	3	0	2	4	4	4	5	1	1	1	1	1	2	0	1	1	0	2	1	0	3	0	2	3	4	5	4	5	3	2	6	0	1	3	-1	0	0	-1	0	0	-1	0	-2	0	1	1	1	1	3	2	2	4	2	3	5	0	2	0	3	2	4	1	1	1	2	4	3	3	2	4	-2	1	-2	2	3	6	3	2	3	0	1	1	1	3	4	5	4	5	6	3	4	0	2	0	1	0	0	3	3	3	1	3	1	0	2	2	1	1	2	4	3	5	1	1	1	1	3	4	0	1	-1	6	3	7	1	3	4	6	4	5
54	0	1	2	0	0	3	0	1	1	0	0	0	0	1	0	-1	0	-3	-2	0	0	-1	0	0	-1	0	3	0	1	3	2	0	2	1	1	6	2	1	4	0	2	3	0	0	1	0	0	0	-1	0	0	2	0	4	2	2	3	0	1	0	-1	0	-2	-2	0	0	-1	0	1	1	2	2	2	3	3	3	1	4	1	2	5	1	0	-2	0	0	1	0	1	4	1	1	4	0	0	2	0	1	1	0	0	0	0	0	0	1	1	5	-2	0	1	1	1	4	0	0	0	2	2	3	4	4	7	0	1	1	-3	0	2	1	2	2	-1	0	3	1	1	3	-2	1	0	0	1	0	-2	0	0	-4	0	-2	-2	0	-2	1	1	0	1	2	1	1	1	2	1	1	2	-1	2	2	0	0	0	3	1	4	0	1	1	1	0	3	2	2	5	1	0	1	2	2	2	2	1	1	0	0	1	-4	0	-2	0	1	1	0	1	2	0	0	-4	0	0	0	0	1	0	0	1	1	0	0	0	0	0	1	-1	0	0	0	0	0	0	1	3	0	0	3	0	0	1	-3	-1	-3	-3	-1	-1	-2	0	0	2	0	3	-2	1	0	4	1	1	0	0	-1	-1	1	-1	1	2	2	3	3	4	3	2	5
55	0	2	1	2	3	0	5	3	6	4	3	3	2	2	3	5	3	7	5	4	6	5	2	8	6	4	8	6	3	8	6	4	7	5	3	5	4	3	7	2	2	6	2	1	3	4	2	6	7	2	5	3	2	4	2	2	6	2	2	7	5	3	6	3	2	4	5	3	6	4	4	3	4	2	6	5	3	9	3	2	4	3	0	6	1	1	3	2	1	2	-1	1	0	3	3	4	1	1	1	0	1	2	0	2	3	2	3	3	3	2	3	2	2	1	4	2	6	3	3	3	2	2	2	1	1	2	2	2	3	2	3	5	1	3	1	3	1	2	5	3	4	4	1	4	1	1	4	3	1	5	2	2	4	0	1	3	2	1	3	0	2	2	2	2	6	1	1	2	-2	0	0	-1	0	0	1	1	2	0	2	0	3	2	1	1	1	2	3	1	2	-1	2	4	3	3	4	0	0	0	0	3	2	5	2	7	5	3	8	2	3	4	0	0	1	0	0	0	1	0	0	1	1	0	-1	0	-1	1	2	3	3	3	5	3	3	5	3	2	3	4	0	3	0	2	1	0	0	0	-1	1	1	3	3	5	1	2	0	0	1	1	1	0	1	0	1	0	4	2	4	3	2	3
56	0	2	1	-3	-1	-2	-4	-1	-4	-3	-1	-2	-1	0	-2	-2	0	0	-2	-1	-3	0	-1	0	0	0	1	-2	0	0	2	2	3	2	3	5	-2	0	-1	-3	0	-3	1	0	2	0	0	2	0	0	1	0	0	2	0	0	0	0	0	2	1	0	3	2	0	1	-1	0	-1	0	0	-1	0	1	0	3	2	2	3	2	4	1	1	3	0	1	0	1	1	4	0	1	6	0	0	0	1	0	0	-1	0	2	1	0	3	-1	0	0	0	1	2	0	0	1	0	-1	-1	-2	0	0	3	1	2	0	0	3	-1	1	0	0	0	0	-2	0	-2	-5	-1	-3	-5	0	-3	-2	0	-4	-1	0	-3	0	0	1	1	0	0	-1	0	-1	0	1	0	-1	0	0	0	0	1	-2	0	-2	-2	0	0	-1	1	0	0	1	2	0	0	1	0	1	2	1	0	1	4	0	5	2	1	4	-2	0	-1	-1	0	-1	0	0	0	-1	0	0	0	0	0	1	0	1	1	2	3	0	0	2	0	0	-3	-3	0	-2	0	0	0	-1	0	1	0	-1	-1	0	1	0	3	1	7	2	1	5	3	1	6	1	0	1	1	1	2	1	0	0	5	2	4	1	1	2	0	1	-1	-2	0	1	-1	0	-1	1	0	0
57	4	4	4	3	5	9	7	3	6	9	6	9	6	5	9	3	3	2	3	4	5	2	4	3	2	3	4	2	2	2	3	4	3	4	3	6	3	4	8	3	2	2	3	3	6	6	5	7	4	4	6	4	5	4	0	2	0	2	1	1	2	3	3	7	5	5	8	4	8	6	4	6	3	3	6	1	4	2	3	2	3	6	3	5	6	3	7	5	5	8	3	3	4	5	4	7	4	3	6	4	4	5	5	5	7	8	7	6	3	3	4	3	2	3	5	4	5	5	4	6	6	5	5	4	4	5	4	4	4	4	5	3	7	5	7	3	4	2	4	5	8	5	3	8	9	5	7	5	4	7	6	5	6	6	5	7	2	2	4	6	4	8	4	4	6	3	3	4	5	3	8	5	5	5	3	3	0	1	2	1	2	2	0	7	5	6	6	4	5	4	4	4	3	3	3	2	3	6	2	3	5	2	3	2	6	4	6	-1	2	1	2	3	1	2	3	1	5	4	5	5	4	7	6	4	8	6	4	11	5	3	6	5	4	6	3	4	6	4	4	6	3	2	3	7	6	8	4	4	6	5	2	7	4	4	5	7	5	7	1	2	2	3	3	2	0	4	1	3	4	4
58	1	2	2	1	1	2	0	0	2	2	1	4	0	2	3	-1	0	0	0	1	1	1	2	1	3	0	4	1	1	4	0	1	-2	1	2	3	0	1	0	1	0	5	1	1	1	2	3	5	1	2	3	2	1	4	0	1	0	1	2	-1	1	1	0	0	0	3	0	0	1	1	2	0	2	2	4	2	1	3	0	0	2	2	2	4	1	2	4	3	4	4	0	2	3	4	1	5	0	0	3	0	1	3	1	0	-1	0	1	1	2	3	2	1	0	0	0	2	0	0	2	1	0	1	4	-2	0	-1	-1	1	0	2	2	2	2	3	4	1	0	0	0	0	0	2	2	3	2	2	7	4	3	6	2	3	5	2	2	6	2	0	1	1	1	2	3	2	3	3	1	3	1	2	2	0	2	2	0	2	0	2	1	4	1	3	5	2	1	5	1	2	4	3	5	7	2	2	4	2	0	4	0	0	0	0	0	1	-1	1	0	0	1	2	1	2	2	1	1	4	3	1	3	2	3	4	1	2	0	0	0	2	2	0	2	0	1	4	0	0	1	2	1	4	2	2	6	3	2	6	5	2	8	3	1	3	4	4	5	0	1	0	-1	0	-1	-1	0	-1	2	1	4	0	1	4
59	-1	1	-2	1	1	-1	1	2	2	2	3	4	1	0	-2	1	0	2	-2	0	0	1	2	2	0	0	0	0	2	-1	0	1	0	4	2	2	1	0	0	2	2	2	0	1	0	3	2	1	2	2	3	1	1	1	3	1	4	0	1	1	1	1	0	2	2	2	3	3	2	2	3	4	4	3	4	2	1	0	4	3	3	0	1	0	0	1	-1	1	2	0	0	0	0	3	1	1	-2	2	-3	-1	1	-3	4	2	3	3	3	4	5	2	4	3	1	3	2	1	0	-1	1	0	-1	0	-1	0	0	-2	0	0	-2	-2	0	-3	-1	1	2	4	3	2	2	2	1	0	1	0	1	2	2	1	2	2	0	1	0	2	1	0	3	2	2	6	3	4	3	3	2	1	2	0	1	1	4	3	4	3	6	4	8	4	3	5	2	2	5	4	3	4	5	2	5	5	3	6	2	2	3	2	3	6	1	2	2	5	4	5	2	2	2	4	3	3	3	2	2	2	2	1	1	1	-1	1	1	0	1	3	2	0	1	2	4	4	4	7	4	4	2	2	2	3	3	2	5	4	2	0	1	1	2	2	1	2	1	0	2	2	0	4	3	4	5	5	7	5	2	7	1	3	3	4	3	4
60	2	4	7	0	4	2	2	1	1	1	3	2	0	1	1	2	3	5	4	3	6	3	2	4	1	2	3	3	2	4	0	3	2	2	2	1	3	3	3	0	0	0	1	3	2	-2	2	0	4	2	4	1	2	5	3	2	2	0	2	3	2	3	3	-1	3	1	0	2	3	0	2	2	-2	0	0	0	2	3	1	2	5	2	3	2	3	3	2	1	1	3	0	1	2	1	2	3	4	2	3	2	3	2	1	1	0	0	2	4	3	3	4	4	4	4	0	3	4	2	4	3	1	2	1	-2	0	-2	0	2	0	0	3	1	1	3	6	1	4	5	3	3	6	3	3	3	1	1	4	3	2	5	2	2	4	-1	3	4	0	2	0	-1	0	0	-2	1	-2	-1	1	0	-2	0	0	0	1	0	2	2	2	5	5	5	1	2	3	2	2	2	1	2	4	0	2	3	3	3	5	3	2	2	0	1	1	0	2	1	1	1	0	0	2	3	0	1	2	1	2	5	2	2	3	0	2	2	0	3	3	0	1	-1	3	3	7	-1	0	1	0	1	0	2	3	6	1	2	4	1	3	2	0	4	4	2	3	4	1	3	1	0	2	0	-1	0	1	0	1	0	-2	1	-2	-3	0	0
61	0	1	3	3	3	3	2	1	1	3	2	2	3	1	1	3	4	4	6	3	5	4	4	8	2	3	4	5	3	4	6	4	6	1	3	2	0	2	2	3	4	2	1	2	1	2	2	2	1	0	0	2	2	4	2	1	1	2	1	1	3	3	2	1	2	1	1	0	0	1	2	4	2	2	1	0	1	1	2	2	1	1	1	0	1	2	0	0	1	0	0	1	0	1	2	1	0	2	-1	-1	1	-1	-2	0	-4	0	1	0	4	4	5	3	2	5	4	4	4	3	1	3	0	1	0	2	2	3	1	1	2	0	1	0	0	0	0	3	2	3	1	1	-2	1	1	0	4	3	4	2	2	2	1	1	0	1	0	0	5	5	10	4	2	4	1	1	4	6	4	7	4	4	5	2	1	1	6	3	7	1	2	1	3	2	0	3	4	3	3	4	4	0	1	0	2	2	4	4	2	5	4	2	3	0	0	0	2	3	4	4	3	2	-1	0	-2	3	3	6	3	2	5	4	2	2	2	3	2	1	2	1	0	1	1	1	2	1	5	3	7	3	2	5	1	1	0	0	0	-2	0	0	-4	0	1	-1	3	2	4	4	4	1	3	1	3	2	3	3	3	2	3	3	2	5
62	2	4	3	3	4	3	2	3	5	4	4	7	3	3	5	1	4	7	5	5	10	3	4	2	1	2	4	2	2	4	1	4	6	3	3	6	4	5	5	3	5	6	-1	2	3	0	2	3	3	3	5	0	2	2	4	4	4	1	2	3	2	3	6	2	2	1	5	4	7	1	2	4	1	4	3	0	2	4	3	3	6	-1	3	1	1	2	0	2	3	4	0	3	3	2	4	4	0	3	3	0	2	0	1	4	5	1	2	3	0	3	2	1	1	1	0	2	0	3	5	6	1	2	3	3	5	7	4	4	9	2	3	3	2	3	8	2	4	7	6	4	7	3	4	4	1	3	6	3	5	1	3	3	4	1	1	0	1	2	4	0	3	3	1	2	4	2	3	6	3	1	2	1	4	4	3	3	8	2	4	4	6	4	4	5	4	7	3	3	5	1	1	3	0	2	3	0	2	1	2	1	4	3	2	3	0	2	2	0	3	7	3	3	6	3	4	6	2	2	5	2	2	4	1	2	6	0	3	0	0	3	4	2	1	2	1	2	1	0	2	3	1	3	4	1	3	4	0	3	3	-1	2	0	2	3	2	0	2	1	1	3	2	1	2	1	4	5	7	2	4	4
63	1	2	3	4	3	4	0	2	2	4	3	7	5	4	7	1	2	3	2	2	3	4	2	3	2	2	4	1	3	3	5	4	5	3	2	7	0	2	6	1	3	6	2	3	4	0	2	2	-1	0	3	1	3	5	1	0	5	1	1	3	3	3	7	0	2	2	1	1	2	1	2	7	0	2	2	0	1	0	1	1	3	0	2	5	1	1	6	1	3	7	3	3	3	1	2	2	1	3	6	1	3	2	0	1	0	1	2	1	1	3	4	0	4	5	0	2	3	0	2	0	-1	1	3	0	1	0	0	2	0	2	2	3	1	2	2	0	0	2	3	3	2	2	5	4	0	3	4	2	2	4	4	4	7	0	1	1	2	4	3	3	2	7	0	1	2	4	4	3	1	3	2	3	3	7	-1	2	0	0	1	0	1	3	1	-1	1	0	1	2	4	0	1	0	0	3	5	0	1	3	0	2	1	2	2	3	1	2	3	3	3	5	3	4	4	2	1	6	1	1	3	1	2	4	1	3	6	3	3	5	0	3	2	0	1	3	0	3	4	0	2	0	1	2	5	4	4	9	5	4	6	4	3	6	2	3	4	1	2	1	2	4	8	5	3	4	2	3	6	3	3	6
64	6	4	6	7	4	1	6	4	7	6	3	5	3	2	1	2	1	2	5	3	1	5	5	3	6	4	3	6	3	1	5	3	7	6	3	5	8	4	5	3	2	2	4	2	1	5	3	2	7	4	3	5	5	5	3	3	5	3	2	1	3	3	0	5	2	2	5	4	2	6	4	2	5	3	4	4	3	5	8	5	8	5	5	5	2	4	2	2	4	1	3	3	3	6	4	4	5	4	3	5	3	5	5	3	4	2	1	0	5	4	3	4	4	1	5	3	1	0	2	-2	2	2	0	3	2	0	1	3	0	5	3	2	7	3	2	6	3	5	6	5	6	6	3	4	6	4	7	7	5	5	3	1	3	6	3	4	3	0	0	4	3	4	3	3	0	5	2	0	4	3	0	5	3	5	4	4	3	8	4	4	4	2	0	6	4	4	5	3	1	4	3	2	6	3	3	4	3	4	0	0	-2	2	1	-1	5	3	2	3	2	0	2	3	0	6	3	3	5	3	2	7	5	4	10	5	8	6	2	5	5	4	5	4	3	1	6	2	1	7	4	6	8	4	8	9	3	6	5	3	5	5	3	4	2	3	2	3	2	3	3	3	3	5	4	2	7	2	3	4	3	2
65	4	3	7	1	1	4	0	2	2	0	0	0	2	2	3	1	2	2	3	2	2	2	1	4	2	2	3	3	1	3	1	2	3	5	2	4	2	1	5	2	1	1	7	5	6	3	3	6	1	2	2	1	2	4	3	2	2	2	2	7	3	2	2	4	2	6	3	2	3	0	1	1	1	2	2	1	1	2	0	1	1	5	4	8	4	3	7	2	2	2	2	3	2	0	2	3	1	2	4	3	3	8	0	2	5	5	2	5	3	2	3	4	3	5	3	2	5	4	4	6	5	6	7	3	3	4	4	4	7	4	2	6	2	3	3	2	2	2	0	0	1	4	3	5	2	2	7	3	2	5	2	3	3	2	1	1	5	4	4	6	3	6	5	3	5	4	3	5	4	4	8	2	1	5	4	3	5	1	2	3	0	1	1	2	3	6	3	1	5	2	2	4	3	2	2	2	3	6	1	3	4	3	2	6	6	4	8	1	2	2	2	2	4	1	2	0	4	3	6	3	2	3	4	2	6	1	2	4	4	4	8	3	3	9	6	4	9	3	2	0	0	1	1	1	1	2	0	2	2	2	2	3	3	1	1	0	1	-1	2	3	4	1	2	2	1	2	3	0	1	3
66	1	1	1	4	1	2	1	2	5	1	2	2	3	2	7	7	3	8	4	3	4	1	0	0	-1	0	-1	2	1	0	0	1	4	2	2	1	-1	0	0	0	2	0	0	0	-1	2	2	1	5	1	4	4	1	2	2	1	3	2	1	5	2	3	2	0	0	2	3	2	4	0	1	5	4	1	4	0	0	2	2	0	2	-2	-1	-2	-1	0	-2	0	1	0	3	2	2	4	4	8	3	2	6	3	2	2	1	0	0	0	0	0	-1	0	-1	1	0	1	2	0	0	1	0	0	0	0	0	2	1	1	1	1	4	3	0	2	0	2	0	1	0	1	1	2	1	-1	3	3	0	1	2	3	2	5	2	0	3	1	2	3	2	3	7	0	0	0	2	3	4	0	1	0	1	1	1	3	2	2	-1	1	0	0	1	1	2	3	1	4	1	6	1	1	4	1	2	1	2	1	6	3	1	3	2	0	2	1	1	0	0	0	0	0	0	1	2	1	4	0	1	2	-1	1	3	1	0	2	6	2	4	6	3	6	3	2	5	2	3	3	2	2	2	2	2	3	0	1	0	2	0	0	3	2	5	1	0	3	2	2	3	7	3	8	6	3	7	2	1	3	1	2	2	1	2	4
67	2	1	3	4	2	3	3	2	3	2	1	4	3	2	6	0	0	0	0	0	-2	0	0	-2	1	1	0	1	2	0	2	3	4	3	1	4	4	3	3	3	3	3	2	1	4	0	2	0	2	2	3	2	2	0	1	1	3	2	2	1	6	3	8	4	5	4	1	3	5	2	3	6	0	2	3	3	2	2	0	0	1	3	3	2	0	0	0	3	3	5	0	1	-1	0	1	0	0	0	0	1	1	0	1	0	0	0	2	0	0	1	-1	0	1	2	-2	0	-3	0	0	0	0	1	2	0	2	2	3	2	-1	3	1	4	2	2	2	0	0	0	-1	1	-1	3	2	3	1	1	1	3	3	2	-1	1	-1	0	0	-1	0	0	0	1	2	3	5	3	3	3	2	6	0	2	5	0	2	3	0	2	1	0	1	-1	0	1	1	1	1	0	1	0	0	0	0	1	0	0	-2	1	1	2	2	2	3	0	1	1	3	3	4	2	2	5	0	1	3	0	0	3	3	1	2	1	2	1	0	0	0	-1	0	-2	-2	0	-1	2	2	1	1	3	4	1	1	1	1	2	2	0	2	0	2	2	3	1	2	4	1	2	4	3	2	1	-1	0	0	0	1	1	1	2	3	0	3	2
68	0	2	2	2	2	6	2	4	2	2	2	3	1	2	3	1	2	6	0	1	1	0	2	1	2	3	4	5	4	7	4	2	8	3	4	4	4	4	5	1	3	6	5	5	4	1	3	1	1	1	0	2	4	2	2	2	0	-1	0	-1	0	2	0	1	2	3	2	3	5	2	4	6	3	4	6	3	3	4	3	4	6	3	5	6	0	3	2	-2	1	2	1	3	3	1	2	3	2	3	7	2	4	4	3	4	4	1	3	3	2	3	4	1	3	2	0	2	1	0	2	2	0	1	2	3	3	4	1	3	2	2	4	6	4	4	6	3	3	2	1	4	5	1	2	3	0	3	1	1	2	3	3	3	0	0	1	1	0	3	1	1	3	3	2	3	3	1	2	4	5	3	7	0	3	4	1	1	2	0	2	1	0	1	1	0	1	1	0	1	0	3	4	5	4	3	2	3	4	4	3	2	3	2	4	5	2	2	4	1	3	2	1	2	2	0	2	2	1	2	1	5	4	5	1	2	0	2	2	3	0	3	2	0	2	0	0	2	0	2	1	3	2	3	3	0	1	0	0	2	0	0	2	1	0	1	2	1	3	1	2	3	3	0	1	-1	0	3	0	1	3	0
69	1	2	2	2	1	3	1	0	0	1	2	2	0	1	0	1	1	0	0	0	-1	1	0	0	0	0	-2	0	1	-1	1	1	0	2	2	0	1	0	1	1	1	0	2	3	3	3	3	4	1	1	-1	-2	0	0	0	1	-1	-1	1	-2	0	1	0	3	2	1	2	1	2	0	1	1	1	2	1	3	2	5	2	1	4	0	2	2	3	2	2	0	0	2	2	2	4	1	2	3	3	2	2	0	1	1	1	1	0	3	3	4	6	3	6	3	3	5	3	2	5	2	1	3	3	2	2	3	4	4	0	2	2	0	0	-2	1	1	2	1	0	0	1	3	2	1	1	2	3	2	4	2	1	1	1	2	2	2	2	3	0	1	0	-4	0	-3	0	1	1	3	3	3	2	1	5	2	1	1	0	0	1	2	0	2	2	2	3	0	0	1	-1	1	-2	2	1	2	2	2	1	1	1	1	0	1	0	1	1	1	1	1	3	1	1	2	1	1	4	0	1	0	0	0	1	0	2	1	0	1	0	0	0	-2	-1	0	0	-2	0	-1	-3	-1	-2	0	1	0	1	2	1	1	1	1	0	2	1	2	2	2	0	0	-3	0	0	0	0	1	0	0	0	0	0	0	0	-1	0	0
70	0	0	0	1	0	3	0	0	2	1	1	1	1	2	2	2	2	5	1	0	2	2	0	3	4	2	5	2	2	4	3	0	3	0	1	-2	0	0	0	1	0	1	0	1	1	1	0	1	0	0	0	-2	0	-1	0	0	-1	0	0	0	0	0	0	-1	0	-1	0	1	0	-2	-1	-4	0	0	1	0	0	0	0	0	0	0	0	-2	-1	0	-1	-6	-1	-4	-2	0	-3	-3	-1	-4	-1	0	-1	0	0	-3	-2	-1	-2	-1	0	-1	-2	0	-2	-1	-1	-2	-1	0	1	-1	0	0	0	0	-2	0	0	0	-2	0	-3	0	0	-2	1	0	2	5	0	4	0	1	0	0	1	0	-1	0	-1	-2	-1	-4	-3	-1	-3	-2	-1	-1	-2	-1	-4	0	0	0	0	1	0	-1	-1	0	-1	1	0	0	-1	-1	0	0	-1	-6	-2	-6	-5	-2	-4	-1	0	1	0	0	0	1	0	1	-3	-1	-5	0	0	2	1	0	3	1	1	3	4	1	2	0	0	1	-2	0	0	0	0	1	-1	-1	0	0	0	-1	0	1	0	0	1	0	0	1	0	0	0	0	-1	0	0	-3	0	-3	-6	0	-4	-4	0	-4	-3	0	-1	-1	-1	-4	-2	-1	-3	-3	0	-1	0	0	-3	-1	0	0	0	0	0	-1	0	-3
71	4	4	9	8	4	9	4	4	7	2	3	6	2	1	1	0	1	1	0	3	2	2	4	6	3	3	5	5	3	5	1	3	5	0	1	2	4	4	7	1	2	6	0	2	0	3	4	5	4	2	6	4	4	7	3	1	3	2	3	3	3	4	2	0	1	2	1	1	1	2	3	4	3	2	4	7	4	7	6	4	8	4	4	4	2	0	3	0	3	1	3	2	5	2	1	1	1	1	2	0	1	2	0	3	1	3	3	5	1	2	4	1	2	4	4	3	5	1	2	2	1	2	3	4	2	4	4	3	2	1	2	0	3	1	4	3	3	5	4	3	4	5	2	4	3	3	7	0	2	6	0	2	0	2	3	4	2	2	0	1	3	4	2	4	4	2	3	7	3	3	2	2	2	5	2	2	2	0	1	4	1	2	2	2	2	4	0	2	-1	1	2	0	1	3	2	1	2	1	1	2	1	-1	1	-1	3	2	2	3	4	5	1	1	1	1	1	4	0	2	2	2	1	2	7	3	7	1	3	2	3	2	2	0	2	4	1	3	4	2	2	4	3	3	5	0	1	1	4	2	4	3	3	5	0	0	3	2	3	3	2	3	2	2	3	5	0	2	2	3	2	5
72	2	3	1	3	4	3	1	3	3	4	4	4	3	5	4	6	4	7	0	3	1	3	4	3	4	4	6	7	5	9	3	3	6	2	5	4	4	3	2	5	4	5	6	4	5	7	6	8	6	5	6	6	4	6	3	4	3	2	4	5	3	4	5	3	5	2	6	5	7	2	4	4	0	1	3	2	2	3	2	4	4	4	4	5	2	4	3	4	3	4	5	4	5	3	5	4	2	4	2	4	4	5	3	4	4	5	4	5	0	3	3	1	3	0	3	3	3	5	4	7	4	4	7	1	5	2	6	4	4	7	6	10	5	5	6	5	3	5	1	3	3	3	4	5	4	3	5	4	5	5	4	4	4	6	6	9	6	4	7	6	5	6	5	5	6	4	5	6	7	6	8	7	5	6	3	4	5	4	4	6	4	5	6	7	6	9	8	6	11	8	6	11	5	6	6	8	6	11	5	5	7	4	5	6	3	4	6	6	4	7	11	6	10	10	7	11	6	6	11	3	3	4	3	4	4	7	4	8	4	5	7	3	5	5	5	5	6	5	6	7	5	6	8	7	3	6	4	5	7	7	5	5	4	4	4	4	5	7	3	5	5	4	5	7	4	4	2	5	4	6
73	0	0	0	-1	0	-1	0	0	-2	1	1	0	0	1	1	0	0	-1	-2	0	-1	-2	-1	-3	-2	0	1	0	0	2	4	0	2	1	1	1	0	0	-1	-1	0	2	2	1	5	2	1	3	1	1	3	0	0	0	-1	0	0	2	2	2	0	1	0	1	2	4	1	2	2	0	0	-1	0	0	1	1	0	1	2	2	4	1	0	1	-2	0	2	1	0	0	0	1	1	-1	0	1	2	1	0	0	1	3	-1	1	1	3	1	6	0	0	2	3	2	1	2	0	2	-1	0	-1	3	1	0	0	1	2	-3	-1	-2	-1	0	0	1	2	5	1	1	4	1	1	2	0	1	2	2	1	5	4	1	5	0	2	3	3	2	6	5	3	6	5	4	6	2	0	3	2	0	2	0	0	0	0	1	2	0	0	-1	1	0	0	-2	0	-2	0	0	-1	1	0	0	-1	1	0	1	0	0	0	0	1	2	3	5	3	2	1	2	2	1	0	-1	1	0	0	0	0	1	-1	0	0	0	-3	0	-4	-1	0	0	0	1	1	1	1	6	0	0	4	3	0	3	2	0	2	0	0	2	2	0	2	-1	0	-2	2	1	1	4	1	5	3	0	4	0	0	0	0	2	0	0	1	-1	-1	-1	-1
74	4	3	5	4	3	3	3	4	4	2	1	1	0	3	2	3	4	4	1	2	0	1	2	1	2	3	1	4	4	1	2	2	2	0	3	0	0	2	0	2	3	-1	4	4	2	2	2	1	4	4	3	2	5	1	3	2	0	1	3	0	4	4	5	3	3	2	3	4	2	1	3	1	5	4	4	0	2	0	1	2	0	3	3	0	4	2	2	3	2	5	5	3	3	7	5	7	6	5	7	7	4	5	6	5	3	3	3	3	2	2	4	6	4	4	6	5	7	2	3	0	5	3	4	4	4	2	2	4	4	5	4	5	2	3	1	6	4	5	7	5	5	4	5	6	6	5	4	7	4	7	5	3	3	7	5	9	5	4	4	6	4	6	3	2	3	3	3	2	1	2	2	3	4	4	4	4	6	5	5	4	3	4	1	3	1	2	0	3	0	1	3	0	3	3	4	3	4	2	4	5	4	2	4	0	0	3	0	4	3	1	5	5	7	3	3	0	4	4	4	2	2	2	5	3	2	4	3	3	6	5	6	7	4	5	7	4	4	3	2	2	4	3	3	2	2	2	4	2	3	4	4	3	6	5	4	4	5	3	2	1	1	0	1	-1	0	2	0	2	4	3
75	4	2	4	1	2	6	0	2	2	0	2	2	3	3	4	5	4	5	4	4	8	3	4	7	4	3	7	2	3	6	1	1	2	0	1	-1	0	0	0	1	3	1	1	1	0	0	2	3	0	3	2	0	3	4	1	1	0	3	4	3	2	3	6	1	2	1	0	1	1	0	2	2	1	2	1	0	1	0	3	3	4	2	3	4	1	2	3	0	2	2	0	1	1	-1	1	0	3	4	6	7	5	7	5	4	6	6	5	7	2	3	3	5	3	8	5	3	6	5	3	8	4	4	5	2	2	3	5	3	3	3	3	7	4	2	4	3	4	5	0	2	4	0	1	0	0	2	1	0	2	2	1	3	5	5	2	6	2	3	4	3	1	3	4	2	8	2	2	1	4	3	6	2	3	7	4	2	9	0	2	2	0	1	1	2	3	2	2	2	3	-1	2	1	2	1	2	2	4	4	2	3	2	2	3	6	4	3	4	1	4	2	2	1	2	2	3	3	2	4	4	1	2	5	2	3	3	1	3	4	3	4	6	4	4	8	1	2	5	4	2	5	0	2	4	0	2	2	0	4	3	0	2	0	1	2	0	-1	1	1	0	1	3	0	1	0	3	2	5	2	3	4
76	-1	0	0	0	2	2	0	2	5	-1	0	0	2	1	4	3	4	7	2	0	0	0	0	1	0	1	4	0	1	2	0	1	2	-1	0	0	1	1	3	2	1	5	2	2	5	3	3	5	2	2	5	-1	1	2	0	0	1	-1	0	2	1	2	1	0	3	3	1	2	2	2	2	4	1	3	5	2	1	6	2	1	5	3	2	5	0	0	-1	0	0	-1	-1	2	0	-2	0	1	2	2	4	2	1	3	-1	0	-1	0	2	1	4	4	6	4	2	8	3	2	4	0	1	3	4	3	9	0	2	2	-2	0	0	-1	0	0	0	1	1	-1	1	0	-2	0	0	-1	1	0	0	1	1	0	0	5	-1	0	0	2	0	3	-1	2	1	0	2	2	-1	0	0	-1	1	0	1	1	4	-2	1	-1	0	0	0	1	1	3	0	1	2	0	0	0	2	1	4	2	2	4	0	1	4	0	1	1	-1	1	1	1	2	2	0	1	2	2	1	4	1	1	3	1	3	5	1	2	4	0	1	1	0	2	1	1	1	3	0	1	1	0	1	3	2	2	2	-1	1	2	-4	0	-3	-3	0	-6	-3	0	-5	-2	0	-2	0	2	2	0	0	1	0	1	1	2	1	4	0	1	1	0	1	1
77	1	1	0	3	2	4	3	3	8	1	2	2	1	2	1	4	3	3	1	2	3	4	3	3	1	2	1	1	2	3	0	2	-1	1	2	3	3	2	4	3	2	5	3	3	7	5	4	10	2	5	7	4	2	8	3	3	4	1	4	3	3	3	7	1	3	5	2	3	3	-1	2	1	2	3	5	4	3	3	3	3	3	2	2	5	1	2	0	3	2	5	3	2	4	5	4	6	3	3	3	2	3	2	2	3	4	0	1	0	-1	1	0	-1	0	0	1	3	4	5	3	9	4	3	5	4	2	6	5	4	7	4	2	6	3	1	4	4	3	3	3	4	8	3	3	5	2	3	3	5	3	8	6	4	11	3	3	6	5	4	5	4	3	5	0	2	0	0	1	0	2	3	3	0	2	2	4	2	3	4	3	6	6	4	7	3	3	2	0	1	1	2	3	1	1	1	3	4	4	6	4	2	2	2	2	3	1	1	1	2	3	3	2	3	6	4	3	6	2	1	2	3	3	2	2	2	2	1	2	2	1	2	2	4	2	2	3	2	4	4	2	3	2	3	5	4	3	5	1	1	3	1	2	2	0	2	1	2	3	6	4	3	8	5	4	5	5	4	5	2	1	6
78	4	3	5	3	3	4	4	4	4	0	3	2	1	2	2	5	5	7	5	3	6	2	3	5	5	4	5	6	4	7	2	3	4	4	3	4	2	4	3	3	3	3	2	4	4	1	3	2	0	2	2	0	1	-3	0	2	2	2	3	4	5	4	6	5	4	5	8	5	9	4	4	6	3	2	6	4	5	8	2	3	6	3	4	3	5	3	4	3	2	4	2	5	3	2	3	4	1	3	1	2	1	2	2	3	2	4	3	3	1	4	5	5	3	4	4	4	3	5	4	4	7	6	10	4	3	5	1	4	5	2	2	1	0	2	0	0	3	2	2	3	4	6	4	7	5	4	6	2	3	1	3	4	2	2	3	3	0	3	2	2	2	4	5	3	5	3	4	3	0	2	0	3	2	3	0	3	0	2	4	3	6	5	7	5	5	6	5	5	5	3	2	2	3	4	2	3	5	5	3	4	3	0	3	0	5	3	5	6	6	9	2	4	4	4	3	5	3	4	5	7	5	8	4	4	6	2	3	4	0	3	3	4	5	5	4	4	5	3	2	3	5	3	5	3	4	4	7	5	9	3	2	1	2	2	2	1	2	2	-2	1	0	0	0	-1	3	4	1	2	4	4
79	2	2	3	2	2	2	0	0	1	0	2	0	1	1	1	2	3	2	0	2	4	1	2	1	1	2	0	0	1	0	0	1	0	-2	1	0	0	0	1	0	0	1	3	1	3	1	1	3	0	2	0	0	1	1	2	1	4	1	2	4	4	3	3	4	3	5	4	3	4	2	2	3	1	2	2	0	1	0	5	2	3	2	1	5	4	4	6	0	1	0	2	2	3	1	2	2	3	3	4	0	1	3	1	2	1	3	2	3	5	3	4	2	2	6	4	2	6	3	1	2	2	2	4	1	0	0	2	2	3	-1	0	0	1	1	2	1	2	2	0	2	2	2	1	4	3	2	4	0	1	3	0	0	1	0	0	-1	0	1	1	-2	0	-3	0	0	-1	0	2	0	2	3	2	5	3	2	3	1	4	0	0	2	2	2	2	4	4	6	2	2	3	1	1	2	0	1	0	0	3	5	3	2	7	2	3	4	3	2	3	0	1	1	1	1	1	2	3	2	4	2	6	6	4	7	3	4	4	0	2	5	5	3	2	2	1	2	2	3	4	-1	0	1	-2	0	-2	0	1	1	4	2	4	3	2	3	2	2	6	5	4	5	1	2	4	0	2	3	1	1	0	-1	0	-1
80	0	0	0	0	1	0	0	1	3	-1	2	1	1	3	2	0	1	2	1	2	3	0	2	1	0	2	0	0	0	3	2	1	3	1	2	5	1	2	2	4	3	6	1	3	3	3	3	6	3	2	6	0	2	4	3	3	4	3	0	4	0	1	0	4	2	2	2	2	5	3	2	8	1	2	3	-1	0	0	3	3	5	4	3	5	6	3	10	1	2	3	4	3	5	7	4	9	5	5	8	3	4	6	3	2	5	0	3	3	1	2	3	3	2	6	1	3	1	-1	1	0	-1	2	0	1	2	0	4	4	5	0	3	5	5	3	5	4	3	4	3	1	2	3	2	6	4	3	6	1	3	5	0	0	1	0	2	2	1	2	0	-1	2	2	0	2	2	4	4	3	1	3	1	1	1	0	0	1	0	4	3	6	3	2	2	0	0	2	0	2	4	1	2	2	0	0	0	1	1	2	1	3	4	0	1	3	0	2	0	-1	2	2	5	3	6	2	1	5	0	3	2	-2	1	0	0	0	0	3	3	6	0	2	0	1	1	3	1	1	0	4	4	6	4	4	6	5	2	7	4	3	8	4	5	9	4	3	5	0	3	4	1	1	2	0	2	4	1	1	1	0	3	1
81	2	3	2	0	2	1	0	1	1	0	3	2	2	2	5	3	4	6	3	4	8	4	5	9	4	3	7	-1	2	5	1	3	5	1	4	5	2	2	3	1	2	2	2	3	4	0	2	2	2	3	2	0	2	2	2	3	2	2	1	0	0	1	1	1	4	4	3	4	6	2	2	4	1	2	2	-1	1	1	-2	3	-2	1	3	2	3	5	5	-1	1	1	1	1	3	-3	1	-1	0	1	2	0	1	0	0	1	2	0	3	4	-1	1	1	0	1	2	0	2	3	4	5	4	0	2	2	0	2	4	2	3	6	3	4	2	2	2	2	-2	1	0	-1	0	1	1	1	2	2	2	2	0	2	0	0	2	4	-1	1	-1	1	2	3	2	2	3	1	4	3	2	3	7	3	2	5	2	3	5	3	3	5	2	4	5	3	3	7	2	3	4	3	4	5	5	3	5	0	3	1	1	1	2	2	3	5	0	4	2	3	2	5	2	4	9	2	3	4	5	4	6	2	3	5	4	4	6	2	3	5	1	1	1	-1	2	1	0	1	1	0	2	2	3	4	6	2	4	4	1	3	5	1	3	4	0	2	3	2	2	4	0	2	1	1	2	0	0	1	2	1	4	4	0	2	1
82	2	0	2	2	1	4	2	2	0	5	2	4	5	3	4	0	1	0	0	1	-1	1	1	1	0	2	0	1	1	2	1	1	1	3	2	3	5	2	4	4	3	5	3	1	1	0	1	-1	1	1	0	0	1	0	1	1	-1	0	1	0	0	0	-1	1	2	1	0	2	0	0	1	-1	0	2	1	1	1	1	7	2	9	5	3	4	4	3	4	1	1	0	0	1	-1	0	1	0	0	0	0	2	0	1	0	0	-2	-2	0	0	1	0	1	1	0	2	1	0	1	-1	0	1	0	0	-1	3	1	2	3	3	2	3	1	3	0	1	1	3	1	1	2	1	2	3	2	4	3	2	4	1	1	-1	0	1	0	0	0	-2	5	2	1	4	3	2	6	2	5	2	4	3	1	1	0	3	1	2	2	3	1	5	3	5	2	2	2	0	2	0	0	1	0	1	1	2	2	4	0	5	2	4	2	2	4	2	1	1	1	0	0	0	1	1	4	2	3	2	2	2	4	2	2	4	2	3	4	3	5	3	1	2	3	3	1	5	2	5	5	4	6	5	4	6	1	1	1	3	1	4	5	1	2	3	2	2	3	2	0	0	1	0	2	2	5	1	2	0	0	0	0	2	2	1
83	2	2	2	3	2	6	2	3	5	1	3	4	2	4	3	2	2	3	2	2	4	2	1	3	2	2	5	2	2	2	4	3	4	2	3	6	0	2	0	1	1	0	0	3	5	3	3	6	1	2	1	2	3	3	3	2	3	-1	1	-2	-5	0	-2	0	1	0	0	1	3	0	1	2	4	1	5	2	3	4	6	5	8	3	4	8	6	5	8	4	3	6	3	2	6	1	2	0	4	3	5	0	1	4	0	1	1	1	1	1	3	4	6	4	3	8	3	3	7	5	2	6	5	3	7	1	4	4	0	2	2	1	1	0	0	2	2	-1	1	0	0	1	0	0	1	3	1	2	4	2	3	3	3	2	3	3	4	5	3	3	2	5	3	6	4	3	3	3	4	2	3	3	4	3	1	4	0	2	1	1	0	2	0	0	-1	0	1	1	1	2	2	4	4	7	2	3	4	3	2	4	0	2	2	0	0	-1	0	3	1	0	2	0	-1	1	-1	0	1	-1	0	1	2	1	1	1	0	3	3	4	4	4	3	2	4	3	3	2	1	3	7	2	3	4	2	3	5	1	3	4	2	3	3	1	1	2	0	1	0	2	2	3	4	4	6	4	3	5	4	4	5	0	1	2
84	-1	1	1	0	2	0	1	0	2	0	0	1	-1	2	-1	2	3	2	0	1	2	-2	1	-1	-1	0	0	0	-1	-1	0	0	2	1	2	3	2	1	3	3	2	7	0	2	1	1	1	0	-2	0	-5	-1	0	0	2	2	3	0	1	0	5	2	4	0	2	2	0	0	1	-1	2	0	0	1	2	0	1	2	0	1	1	0	2	4	1	2	2	-2	0	0	-2	2	3	-1	1	0	2	3	4	0	1	4	2	2	5	-1	1	0	0	0	1	0	2	3	3	2	4	3	3	5	3	2	4	0	2	2	0	0	1	1	2	4	2	2	4	0	1	0	3	2	6	0	2	3	0	0	0	3	4	5	1	2	6	1	2	5	2	3	4	1	1	5	2	2	1	0	1	0	2	2	5	3	3	4	1	2	3	1	2	1	-4	0	-4	-1	2	1	1	2	3	0	1	1	-1	1	-1	1	1	2	-2	0	-1	1	0	0	1	2	2	0	2	0	2	1	3	0	1	2	0	1	-1	0	1	4	0	1	0	0	2	1	0	2	0	1	0	2	-1	0	0	1	0	-1	0	2	0	0	0	3	2	3	3	0	2	2	2	3	3	0	2	3	0	1	0	2	1	2	0	2	0	0	1	4
85	2	3	4	5	4	5	1	2	1	-2	0	2	-2	0	0	0	2	3	3	4	7	3	3	7	3	4	5	0	2	1	1	3	5	1	2	1	1	2	2	0	2	-1	2	2	2	3	1	4	3	3	7	2	3	5	2	3	3	2	2	3	1	2	4	0	1	3	2	2	3	1	3	4	0	1	3	3	0	1	0	2	0	1	2	2	1	1	1	0	2	-2	0	3	0	1	1	0	2	2	3	3	3	7	0	0	0	1	1	2	0	1	1	0	1	0	0	2	2	0	2	0	4	2	3	0	1	-1	1	2	3	2	2	1	0	1	1	0	2	4	0	3	1	4	2	5	2	1	3	2	1	2	4	2	4	1	3	4	-1	1	0	3	3	6	2	2	6	2	3	5	3	2	3	0	1	-3	3	1	5	1	3	2	1	2	5	4	4	7	5	5	5	2	3	2	0	2	3	-1	1	0	1	3	4	2	3	4	0	2	2	0	2	1	-1	1	1	2	2	2	4	4	5	2	3	5	1	2	1	2	1	0	0	0	-2	1	2	2	4	1	4	4	3	5	3	3	4	4	3	4	2	1	2	4	3	4	4	2	5	-3	1	-1	1	1	1	2	4	5	3	2	5	5	3	7
86	3	3	5	4	2	5	1	3	4	1	0	1	0	0	1	2	1	2	1	0	1	0	0	1	1	3	4	2	3	2	-1	1	0	2	1	0	2	3	1	2	3	5	3	3	4	3	3	4	1	1	5	-1	0	-3	-3	0	-4	0	0	0	0	2	1	4	3	8	0	1	1	1	0	0	3	2	4	2	2	2	1	1	0	3	2	6	2	3	5	4	4	5	5	3	6	3	3	4	0	0	2	0	2	0	0	1	2	-1	0	0	0	0	3	1	0	3	0	1	0	2	3	2	4	3	4	2	1	1	1	1	0	1	3	4	0	1	0	1	1	3	0	0	-3	-1	0	-1	0	1	0	0	1	0	-1	0	-3	-1	1	1	2	1	2	1	1	1	1	2	2	2	3	5	3	2	1	4	4	6	1	2	4	-2	1	0	0	1	4	2	3	5	5	3	4	5	3	3	3	4	3	4	2	6	4	0	5	1	2	1	1	1	1	1	1	5	1	1	3	5	2	7	4	2	6	1	3	3	2	3	3	2	2	1	4	1	0	-1	2	0	0	1	0	3	3	2	0	0	1	3	2	2	4	3	4	2	3	6	1	1	2	0	2	5	0	0	-1	-1	0	-1	0	1	2	2	2	2
87	1	1	2	1	1	4	1	2	2	0	1	0	3	0	3	0	0	0	0	1	0	-2	2	1	-2	0	0	0	0	0	0	0	0	0	2	0	0	0	-2	-1	0	0	0	0	0	4	1	1	3	1	2	0	0	0	-1	0	-4	1	2	0	2	1	2	2	1	3	1	0	0	0	0	1	2	1	1	1	0	-1	0	0	1	0	0	-2	0	0	-1	1	0	0	2	0	2	0	0	0	0	1	-1	0	0	-2	1	1	0	1	2	3	0	0	-3	-1	0	-3	0	0	0	0	0	-3	-1	0	-1	0	0	-3	0	0	0	-1	0	-1	0	0	-1	0	1	0	3	0	2	3	1	1	3	2	3	0	1	3	2	1	-1	1	2	1	2	0	1	1	0	0	-1	-1	-3	-1	0	-1	0	0	3	-2	0	-4	-1	-1	-1	0	-1	-1	0	0	0	0	0	1	3	0	0	0	1	-1	1	0	0	0	1	2	0	0	1	1	0	0	1	1	-2	0	0	-3	1	0	0	-1	-1	-3	-2	0	-2	1	0	0	2	2	0	3	1	2	-2	0	0	-2	0	-5	0	0	0	3	0	0	5	3	4	5	2	3	6	3	8	4	3	3	2	1	0	4	2	5	8	3	6	6	3	3	0	0	0	2	0	0
88	0	1	0	-1	1	1	0	1	-1	1	0	2	0	0	-2	0	0	-2	1	2	3	4	2	5	0	1	3	0	0	1	0	1	1	0	1	0	0	1	0	-4	0	-4	0	0	2	-2	0	1	5	3	3	1	2	2	4	2	4	2	1	4	2	1	2	0	0	3	0	0	0	-2	0	-1	0	0	0	-1	1	2	1	0	1	1	2	4	0	1	-2	3	2	3	2	2	4	2	1	4	3	2	4	0	0	0	-3	0	-1	-2	0	-3	-1	0	-2	4	2	7	0	1	0	0	1	0	1	1	2	1	0	0	3	1	4	1	1	5	1	1	4	4	1	2	0	0	0	0	1	2	0	1	-2	0	0	-1	0	0	0	2	1	2	3	1	4	0	0	0	-1	0	0	3	2	2	0	1	1	2	2	3	3	2	4	3	3	4	3	2	5	4	1	4	3	2	5	1	1	3	2	3	5	4	1	4	3	3	4	1	2	0	0	0	0	0	1	3	0	0	3	2	1	0	2	0	4	2	1	1	2	1	3	3	2	7	3	0	3	5	2	7	4	0	3	1	2	1	0	1	2	1	1	1	0	0	-2	0	1	2	0	1	2	1	0	2	2	2	2	0	1	1	2	1	4	2	3	3
89	3	1	1	4	4	8	3	3	4	3	2	4	1	1	0	0	3	2	0	2	0	0	1	1	4	2	4	0	0	-1	1	3	2	5	3	9	7	5	7	3	1	3	1	2	0	3	2	2	2	2	3	1	3	1	1	1	0	2	3	4	3	2	1	0	2	2	0	1	1	1	1	-1	3	2	1	1	3	5	5	2	5	0	2	0	4	3	5	4	3	6	3	4	5	3	3	5	6	5	7	4	2	5	3	3	5	2	3	3	5	4	6	2	3	5	2	3	3	3	2	3	2	3	1	4	4	5	5	2	2	3	2	4	1	2	1	0	0	2	2	4	4	1	1	1	0	0	-1	1	3	1	0	1	-1	1	3	0	3	2	2	1	3	3	3	3	3	1	2	6	1	3	3	4	2	4	4	3	5	6	4	5	3	2	2	3	4	4	2	3	3	0	2	4	2	2	2	6	3	8	5	3	7	2	3	4	0	1	0	-1	2	0	0	2	0	0	2	1	2	4	3	5	3	5	1	2	1	2	3	3	0	2	0	0	1	-1	2	3	2	3	3	4	3	1	3	2	1	2	3	2	6	1	2	3	3	2	2	6	4	4	4	5	5	1	1	1	2	2	3	1	1	1
90	0	1	2	0	0	-1	0	0	-3	-3	-1	-4	-3	-1	-2	-2	0	1	2	2	3	0	0	1	-4	0	-3	-1	0	0	-1	0	-4	0	0	2	1	0	3	0	1	3	0	0	3	0	0	1	2	0	3	1	0	2	1	1	2	1	1	2	0	1	2	0	0	0	0	2	0	0	1	0	0	0	2	0	0	0	1	0	0	-1	1	2	0	0	1	0	0	2	0	2	0	0	0	1	0	0	1	0	0	1	2	1	2	0	0	4	1	0	0	3	2	1	-2	0	1	2	2	5	1	1	3	0	0	0	0	2	1	0	0	0	0	2	1	0	0	0	-2	0	-2	0	0	-1	0	0	1	1	1	2	-1	0	1	-2	0	-2	-1	0	-3	-2	-1	-2	-2	0	0	-1	1	1	0	0	2	0	0	1	0	0	3	2	1	0	-2	1	-1	-1	0	1	0	1	0	0	0	0	1	1	1	0	0	0	2	1	1	1	2	3	0	0	2	0	2	2	0	1	0	-1	0	0	1	1	4	0	1	1	0	0	0	0	1	2	0	1	2	-1	0	-4	0	0	1	1	1	4	3	1	2	0	1	1	1	1	4	-1	1	3	0	1	1	2	0	1	2	0	3	3	3	4	0	1	0	-1	0	-1
91	0	0	0	1	1	0	-3	-1	-2	-1	0	0	0	1	0	0	0	0	0	0	2	3	2	2	1	1	3	2	0	4	1	1	2	0	1	3	-2	0	-2	0	0	2	2	2	2	0	0	-2	0	0	-2	1	1	1	0	1	0	0	0	-1	0	0	0	1	3	3	2	0	4	2	0	4	3	2	7	2	2	5	2	3	3	-1	1	1	1	0	0	-1	0	0	-2	1	-2	-4	0	-1	-3	0	-4	0	0	-2	-2	0	-1	0	0	0	-3	0	-2	-1	0	-1	1	1	0	3	3	2	1	1	2	1	0	0	0	1	0	0	0	-1	1	0	0	1	0	0	3	1	1	1	0	2	3	2	4	1	0	0	1	0	-2	-2	0	1	2	1	3	-3	0	0	0	0	-1	-2	0	-1	1	1	2	0	2	0	5	3	4	3	1	8	2	2	4	3	2	5	2	2	3	1	1	2	-1	1	2	0	1	2	4	1	4	4	1	2	0	1	5	3	1	3	0	1	1	0	0	0	0	0	-1	-2	0	0	-3	-1	-1	0	0	-2	0	0	-1	0	0	0	-1	-1	0	1	0	1	0	1	2	5	2	4	2	1	4	3	2	2	1	0	1	4	1	6	0	1	0	0	0	-2	-3	-1	-2	-1	1	0
92	0	0	-2	0	2	3	0	2	1	3	1	5	0	0	0	1	2	4	0	0	3	-2	0	-3	1	0	4	3	3	5	2	1	1	-1	0	1	0	1	2	-2	0	-2	-1	1	-2	2	1	3	3	1	5	0	0	4	0	1	1	0	1	4	-1	0	0	1	1	1	-1	-1	0	3	2	3	0	1	2	2	0	3	0	0	-1	-2	0	1	-1	0	0	0	0	-1	-1	1	0	0	0	0	2	0	1	0	1	0	1	0	0	-4	0	-2	0	1	0	2	1	1	2	0	1	3	2	5	2	2	3	4	3	4	0	0	0	3	1	2	1	2	4	4	3	7	1	3	4	1	1	3	3	3	4	3	1	4	1	3	4	0	1	2	-1	1	0	1	1	3	2	3	4	2	2	6	0	1	1	0	2	3	1	1	4	0	0	2	1	0	3	6	2	8	0	2	1	0	0	2	1	2	1	0	1	1	0	0	0	-1	2	-1	0	2	1	-2	0	-2	2	2	3	1	2	5	2	2	2	0	0	1	2	3	4	2	2	2	4	1	4	0	1	3	0	1	5	2	1	3	2	2	4	1	1	5	1	2	1	1	1	2	0	1	0	0	1	0	0	1	2	0	0	-2	0	0	0	1	1	2
93	2	2	5	4	2	5	3	2	4	4	3	7	4	3	7	1	2	2	1	2	4	2	2	2	5	3	8	3	3	4	4	2	8	2	1	3	1	1	0	0	0	0	2	2	3	4	3	7	3	3	5	0	2	1	-1	1	1	5	2	5	5	3	5	2	3	2	3	3	8	2	2	5	3	1	0	0	0	1	0	1	0	0	0	-1	1	1	1	0	0	1	2	3	6	3	2	3	2	3	4	2	3	5	4	3	6	2	2	3	-2	0	0	2	1	0	1	1	4	2	0	1	3	2	1	3	2	3	-3	0	0	1	1	1	1	2	1	1	3	3	2	3	4	5	4	6	6	4	5	2	3	5	4	2	4	3	2	3	0	1	0	2	1	2	2	2	2	3	3	5	2	2	4	4	1	5	2	1	1	2	1	1	2	3	5	0	0	2	0	1	0	2	1	2	2	2	2	3	1	3	2	0	2	3	1	3	1	4	6	3	2	5	3	2	3	4	2	4	3	3	3	3	2	7	4	2	5	2	2	5	7	5	9	4	4	4	3	3	2	1	2	2	1	1	3	2	2	2	0	0	0	2	1	2	1	2	3	3	2	4	0	1	0	0	1	2	2	1	3	4	2	3
94	0	3	4	0	1	0	1	2	3	0	2	1	0	3	6	5	5	4	4	3	6	3	5	7	4	4	4	2	4	6	4	5	8	8	4	9	3	4	6	3	3	7	3	3	4	1	3	0	0	2	4	1	3	3	2	2	4	1	3	6	2	3	7	5	5	8	4	4	8	2	2	4	0	3	6	1	3	4	2	3	4	1	3	3	3	4	5	4	3	3	3	6	6	5	5	9	1	4	7	2	3	3	0	2	2	2	3	4	1	3	4	2	3	3	3	3	7	0	4	1	0	3	6	1	3	6	1	2	3	2	3	4	3	3	7	1	4	4	-1	2	0	0	2	2	3	4	5	3	4	5	3	5	7	3	4	9	5	5	11	4	5	3	2	3	2	1	2	4	2	4	6	3	3	5	1	2	3	6	5	6	2	3	5	5	3	7	1	4	1	2	2	5	0	2	5	1	3	5	0	1	1	-1	0	1	1	2	2	0	2	4	3	3	3	2	4	5	0	1	1	0	3	1	3	3	6	2	3	6	0	2	0	1	3	1	2	4	7	0	2	0	0	1	1	3	4	4	2	3	5	1	3	4	2	3	4	1	1	1	1	2	1	1	3	4	1	4	6	0	3	1
95	0	0	2	-1	0	0	-2	0	1	-3	-2	0	-2	0	0	0	0	1	0	1	2	0	0	-1	-2	-1	-2	-1	0	1	-2	0	0	-1	0	1	-1	0	0	0	0	0	-1	0	0	0	0	4	-1	-1	0	-1	0	0	0	1	1	1	1	1	0	0	1	0	0	0	2	0	4	0	0	2	0	1	2	0	0	1	0	0	0	-1	0	-1	-2	0	1	0	0	1	-1	0	0	-2	0	1	0	0	1	0	0	3	-2	0	-1	-1	0	3	0	0	1	0	2	1	0	0	2	3	0	3	2	1	5	-1	0	3	0	0	4	0	1	5	-3	-1	-2	0	0	0	-3	0	-1	0	-1	0	-4	-1	0	-3	-1	0	-1	0	1	0	0	4	1	0	5	2	1	4	0	1	3	0	-1	-1	4	3	6	4	1	6	2	1	5	0	-1	1	-2	-1	-2	-1	0	0	-2	0	1	1	0	4	0	0	1	3	2	5	0	3	2	1	0	5	1	1	4	0	0	3	0	1	2	2	1	5	0	0	2	0	2	2	2	1	3	0	1	3	0	0	1	1	2	5	1	0	0	-1	0	0	-1	-1	0	0	1	2	-3	-1	2	-3	0	0	-3	0	0	0	0	2	1	0	3	0	0	2	-1	0	0	-1	0	-2
96	4	5	6	1	3	2	2	3	0	6	4	5	6	4	7	3	3	2	2	2	0	4	3	2	3	3	2	4	4	0	2	2	0	2	3	1	3	3	2	4	2	4	4	3	3	4	2	2	2	2	3	2	3	2	4	2	6	3	3	6	3	3	3	2	4	1	7	5	5	4	5	5	4	2	1	2	3	3	5	5	6	5	4	7	2	3	2	6	3	5	1	3	3	2	2	-1	4	4	5	7	6	7	4	3	4	5	3	5	2	1	0	3	3	2	6	2	5	1	1	1	0	1	-2	0	2	0	0	1	-1	0	0	-2	3	2	3	6	3	5	4	2	1	5	3	2	3	3	2	5	2	4	3	4	2	2	3	3	4	4	4	2	2	4	2	2	4	5	3	5	6	5	8	4	4	6	5	4	6	1	1	2	2	2	0	1	1	0	1	2	1	0	3	0	-1	0	-5	3	3	2	0	2	-1	1	2	0	2	2	1	3	3	0	5	4	4	2	3	2	5	2	5	9	5	6	5	4	6	1	2	1	1	1	0	3	3	4	5	3	5	4	4	2	2	3	3	3	3	2	1	0	0	2	2	0	1	2	1	4	3	4	2	3	2	0	2	-1	2	3	0	0	1	0
97	-1	-1	-1	0	0	-1	0	0	0	-1	-1	-2	1	0	1	0	0	0	1	0	3	0	0	1	0	0	-1	1	0	0	0	1	0	1	0	1	1	0	2	0	-1	-1	0	0	0	0	0	0	-1	0	2	0	-1	-3	0	0	-2	0	0	-1	0	0	1	3	1	3	0	0	0	-4	-2	-4	-2	-2	-4	0	0	0	0	0	0	-2	0	-1	1	0	1	0	-1	-1	-2	-1	-1	-3	-1	-1	0	0	0	2	0	1	-1	0	-2	1	0	0	0	0	1	-1	-1	-1	0	-1	1	-1	-1	-5	1	0	-1	1	-1	-3	-2	-1	-3	-3	-1	-3	0	-1	0	-2	-2	-5	0	0	0	2	0	0	0	-1	0	0	0	1	4	0	2	1	2	3	0	0	2	1	0	0	0	-1	0	-1	0	-2	-3	-3	-5	-6	-3	-5	0	-1	-3	0	0	0	0	0	-1	0	-1	0	0	0	0	0	0	2	0	0	0	1	0	0	0	0	0	2	0	0	0	0	1	-1	-1	-2	-2	-1	0	-1	0	-1	-1	0	0	-3	-2	-2	-2	0	-1	2	0	0	0	-1	-1	-3	-2	-4	-3	-2	-3	-1	0	-1	1	-1	0	-2	0	-2	0	0	0	-1	-1	-2	-1	0	0	0	-2	-2	-2	-2	-4	-2	-1	-2	1	1	0	1	0	0
98	0	1	2	-1	0	0	-3	0	-2	-3	0	1	-1	0	-1	-3	0	0	-4	0	0	0	1	1	1	3	4	0	1	0	2	2	1	2	2	4	3	3	5	1	1	1	0	1	0	-1	0	1	-1	1	1	0	1	0	0	0	-2	-1	0	0	0	3	3	-1	0	1	-2	0	1	0	0	0	0	1	0	0	1	1	-2	0	0	-3	0	0	1	0	0	-3	0	-1	-2	1	0	-1	1	0	0	0	2	0	1	1	0	0	3	-2	0	-4	0	0	2	0	1	1	-1	0	-2	-1	0	1	0	0	0	0	1	2	1	2	4	1	1	2	-1	1	2	1	1	4	0	0	2	1	1	0	0	2	4	1	3	6	2	0	4	0	2	2	-1	1	1	0	1	3	-1	0	2	-2	0	0	-1	0	0	0	1	1	0	2	3	0	1	2	0	1	2	1	0	0	-3	0	0	-2	0	1	-1	0	0	-1	1	-1	0	1	4	-4	0	0	0	0	3	-1	1	0	-2	1	1	1	2	1	-1	0	0	0	0	3	0	0	2	0	0	0	-2	1	-2	-1	0	0	-2	0	2	-1	2	0	-2	0	1	-2	0	0	-1	0	0	-4	0	-1	-2	1	-1	1	1	4	1	0	2	1	1	0	0	0	1	-2	0	0
99	1	2	1	2	2	2	2	3	4	3	2	4	1	3	5	0	3	5	2	2	4	1	3	5	2	3	0	2	1	4	1	3	3	4	3	6	0	2	0	0	2	1	2	2	2	2	2	4	3	4	4	3	4	5	4	3	5	1	2	4	1	4	5	4	4	6	0	1	1	0	1	3	3	1	3	3	4	6	4	4	6	5	4	7	4	3	4	2	2	5	4	1	5	2	3	2	0	2	3	1	2	0	0	3	2	2	2	5	0	1	1	0	3	0	1	1	2	0	1	2	0	3	2	1	2	3	2	3	3	2	2	4	3	3	5	3	2	2	4	3	6	5	2	3	5	3	5	1	2	4	4	3	4	0	1	0	4	4	4	4	3	5	3	2	1	2	3	2	2	3	2	0	2	2	4	3	2	4	3	7	6	3	6	2	2	4	-3	1	-1	-1	2	0	-1	0	0	0	1	3	0	2	0	0	3	2	0	1	2	3	3	5	2	3	4	1	3	2	2	2	2	3	2	4	0	1	2	-1	0	0	0	2	3	2	2	4	0	2	3	3	4	4	6	4	5	4	4	4	3	2	5	2	3	1	2	2	2	1	2	1	1	2	2	1	0	2	1	2	0	1	0	0
100	2	3	2	1	3	5	4	3	9	1	2	5	2	3	3	1	4	5	2	2	4	0	4	4	3	3	4	3	4	6	3	4	4	1	2	4	3	3	7	5	4	7	0	3	2	4	4	5	0	3	3	2	2	5	3	4	4	4	3	5	4	3	8	5	3	7	4	3	8	2	1	6	3	4	4	0	3	6	2	3	5	5	4	5	4	4	6	4	3	3	4	3	6	5	4	10	5	4	8	4	4	8	4	2	7	3	3	6	6	3	7	3	4	4	2	2	4	4	4	3	1	2	0	1	3	3	4	1	5	2	2	5	0	1	3	2	2	2	1	4	4	2	4	6	3	4	5	1	2	2	0	2	1	0	1	1	4	3	5	1	3	4	4	4	6	1	2	0	2	4	6	5	3	7	4	4	8	4	4	7	1	3	3	1	3	4	6	5	9	3	3	4	1	3	4	1	1	1	2	2	2	1	3	3	3	2	5	1	3	5	7	4	7	2	3	4	2	0	1	1	3	1	0	1	3	-1	1	1	0	2	1	2	3	4	3	5	5	3	2	3	3	2	2	3	2	4	5	4	4	3	2	4	5	3	7	2	3	5	1	3	3	3	3	4	2	2	6	0	2	3
