1	1	2	2	2	3
1	2	0	3	5	2
1	3	0	3	4	1
1	4	3	4	6	4
1	5	4	5	4	3
2	1	1	3	4	4
2	2	4	4	4	5
2	3	0	4	3	1
2	4	1	2	0	1
2	5	1	2	3	3
3	1	0	1	-1	0
3	2	-2	0	0	1
3	3	-4	-1	-2	0
3	4	-4	-1	-4	-1
3	5	0	0	0	0
4	1	3	3	3	5
4	2	3	0	1	2
4	3	2	2	1	2
4	4	1	1	0	3
4	5	1	0	0	2
5	1	2	4	4	2
5	2	4	2	5	3
5	3	5	5	8	4
5	4	5	4	7	3
5	5	0	4	0	1
6	1	0	0	1	1
6	2	0	-1	0	1
6	3	0	0	0	2
6	4	0	0	0	0
6	5	4	0	5	4
7	1	0	0	0	0
7	2	0	0	2	0
7	3	4	1	6	0
7	4	3	2	6	3
7	5	3	3	3	5
8	1	1	3	4	4
8	2	4	3	7	4
8	3	2	2	6	4
8	4	4	2	5	3
8	5	2	2	6	4
9	1	6	4	6	7
9	2	2	3	1	4
9	3	3	3	3	4
9	4	1	2	1	4
9	5	2	2	1	2
10	1	0	3	3	2
10	2	4	2	5	4
10	3	4	2	5	4
10	4	4	4	4	5
10	5	7	4	6	5
11	1	0	0	0	2
11	2	1	0	4	5
11	3	3	1	5	6
11	4	1	1	2	4
11	5	3	1	7	5
12	1	1	1	2	4
12	2	3	1	4	5
12	3	0	1	2	5
12	4	0	0	1	4
12	5	3	2	6	5
13	1	3	2	2	4
13	2	3	3	4	5
13	3	-1	1	-2	1
13	4	0	3	0	1
13	5	-2	1	-3	0
14	1	3	2	5	4
14	2	1	0	1	4
14	3	3	3	4	4
14	4	3	1	3	2
14	5	2	2	2	4
15	1	3	3	4	3
15	2	1	2	2	4
15	3	2	2	2	4
15	4	0	1	0	1
15	5	0	2	3	1
16	1	0	0	5	2
16	2	0	1	1	0
16	3	2	1	2	3
16	4	2	1	4	2
16	5	1	0	1	1
17	1	0	0	3	1
17	2	0	1	1	1
17	3	1	0	2	3
17	4	1	2	3	3
17	5	1	0	2	1
18	1	4	6	6	5
18	2	3	4	4	4
18	3	7	6	9	7
18	4	6	4	8	6
18	5	4	4	3	7
19	1	0	0	1	0
19	2	3	1	1	1
19	3	2	2	4	2
19	4	0	1	4	2
19	5	2	0	2	2
20	1	2	3	6	5
20	2	2	1	5	6
20	3	3	3	5	5
20	4	2	3	5	5
20	5	0	2	4	4
21	1	4	2	5	3
21	2	4	4	6	6
21	3	5	4	4	7
21	4	4	4	3	4
21	5	5	4	7	7
22	1	3	3	7	4
22	2	5	4	10	6
22	3	4	4	5	4
22	4	3	4	6	3
22	5	0	2	2	1
23	1	6	6	9	8
23	2	2	4	7	5
23	3	5	3	7	6
23	4	3	4	5	5
23	5	4	4	6	5
24	1	2	3	4	4
24	2	3	3	6	6
24	3	3	4	5	4
24	4	5	4	7	7
24	5	4	2	3	3
25	1	3	4	2	4
25	2	0	3	1	3
25	3	0	1	0	0
25	4	-1	2	0	2
25	5	0	4	-3	3
26	1	6	4	3	6
26	2	2	3	2	4
26	3	2	4	1	3
26	4	1	2	1	3
26	5	5	4	3	3
27	1	2	0	1	3
27	2	3	1	2	4
27	3	-1	0	0	1
27	4	0	0	0	1
27	5	3	1	3	5
28	1	2	2	4	4
28	2	0	0	1	2
28	3	-2	0	-4	0
28	4	-3	0	-3	0
28	5	-1	0	-5	0
29	1	5	4	6	8
29	2	6	5	5	6
29	3	3	4	4	3
29	4	3	1	4	5
29	5	0	3	0	2
30	1	0	0	-1	0
30	2	-3	0	-1	-1
30	3	0	0	1	3
30	4	1	2	2	2
30	5	1	0	1	2
31	1	0	0	-1	0
31	2	0	2	0	0
31	3	1	0	1	2
31	4	3	2	3	4
31	5	1	1	1	2
32	1	0	2	1	5
32	2	2	2	1	3
32	3	0	1	0	2
32	4	0	2	1	3
32	5	0	2	3	4
33	1	1	2	3	1
33	2	0	0	0	1
33	3	0	0	0	0
33	4	2	0	2	3
33	5	-1	1	2	1
34	1	1	2	2	4
34	2	-1	0	2	0
34	3	-4	0	-2	0
34	4	-3	-2	-3	-1
34	5	-4	0	-4	0
35	1	0	0	0	3
35	2	0	1	0	2
35	3	3	1	3	4
35	4	5	2	7	5
35	5	3	0	1	4
36	1	1	2	3	1
36	2	1	3	2	3
36	3	2	3	3	3
36	4	2	1	3	2
36	5	0	2	-2	1
37	1	2	2	0	4
37	2	1	2	1	5
37	3	0	0	-1	2
37	4	-1	0	-2	2
37	5	2	1	2	4
38	1	5	4	5	4
38	2	1	2	5	5
38	3	1	2	3	3
38	4	1	2	6	3
38	5	2	2	0	2
39	1	5	5	6	4
39	2	5	4	6	4
39	3	6	4	7	7
39	4	2	2	3	4
39	5	1	2	4	3
40	1	2	1	2	3
40	2	5	2	6	4
40	3	3	2	4	5
40	4	2	2	4	4
40	5	5	2	9	6
41	1	3	4	4	4
41	2	1	0	0	2
41	3	1	3	1	4
41	4	3	2	4	2
41	5	6	5	6	4
42	1	3	3	3	5
42	2	4	3	5	5
42	3	4	3	7	5
42	4	3	2	8	7
42	5	2	2	5	5
43	1	2	2	0	3
43	2	0	2	-1	1
43	3	3	2	2	6
43	4	4	3	3	6
43	5	4	4	5	5
44	1	0	0	-2	0
44	2	0	-1	0	-1
44	3	0	0	1	1
44	4	0	0	0	0
44	5	1	1	3	1
45	1	0	0	3	1
45	2	-1	0	0	1
45	3	1	1	1	3
45	4	0	0	0	1
45	5	0	1	2	3
46	1	4	4	2	4
46	2	3	2	2	2
46	3	2	2	0	3
46	4	3	4	5	6
46	5	1	3	0	4
47	1	1	4	3	2
47	2	4	3	4	3
47	3	3	4	5	4
47	4	5	4	7	5
47	5	5	4	5	4
48	1	1	2	4	3
48	2	1	4	5	5
48	3	3	3	4	5
48	4	7	3	6	6
48	5	1	2	2	3
49	1	1	0	1	2
49	2	3	0	0	5
49	3	0	0	2	5
49	4	2	2	2	4
49	5	1	1	0	5
50	1	0	1	0	1
50	2	-3	0	-1	0
50	3	-2	0	-3	-2
50	4	-3	0	-5	0
50	5	-1	1	-1	0
51	1	1	2	0	2
51	2	0	1	3	4
51	3	1	0	3	2
51	4	2	3	3	5
51	5	1	1	1	4
52	1	2	3	2	1
52	2	2	2	2	2
52	3	3	2	7	4
52	4	3	4	7	4
52	5	0	0	-1	1
53	1	2	2	2	3
53	2	3	3	5	6
53	3	2	1	4	4
53	4	0	2	2	3
53	5	0	4	0	2
54	1	1	2	2	4
54	2	0	0	0	2
54	3	0	0	-1	0
54	4	0	1	0	-1
54	5	1	2	3	2
55	1	2	3	2	5
55	2	4	2	4	5
55	3	3	2	3	6
55	4	0	1	0	3
55	5	2	0	1	4
56	1	-1	0	1	1
56	2	-3	-1	0	1
56	3	0	0	-1	1
56	4	-2	0	1	1
56	5	0	0	0	1
57	1	3	3	7	6
57	2	7	6	7	6
57	3	4	6	6	6
57	4	5	4	6	6
57	5	3	4	6	4
58	1	1	2	3	2
58	2	1	2	1	2
58	3	2	3	4	5
58	4	0	1	0	1
58	5	0	0	1	1
59	1	0	4	3	3
59	2	1	1	4	3
59	3	0	2	1	2
59	4	0	0	-1	2
59	5	1	2	1	1
60	1	2	1	5	4
60	2	2	1	4	5
60	3	0	0	4	3
60	4	1	2	2	3
60	5	2	2	2	4
61	1	1	1	7	4
61	2	0	1	1	1
61	3	3	0	1	1
61	4	0	0	0	1
61	5	2	3	6	4
62	1	2	2	1	1
62	2	3	3	4	3
62	3	0	1	0	3
62	4	1	1	0	2
62	5	0	1	1	1
63	1	3	3	7	4
63	2	4	2	7	3
63	3	3	2	2	2
63	4	5	3	4	4
63	5	3	3	6	3
64	1	3	3	3	5
64	2	5	4	4	6
64	3	1	2	6	4
64	4	4	3	2	4
64	5	3	3	2	4
65	1	3	4	4	4
65	2	5	5	5	3
65	3	8	5	9	7
65	4	3	4	6	5
65	5	4	3	7	5
66	1	0	1	0	3
66	2	1	2	2	3
66	3	-1	0	-4	1
66	4	0	3	3	2
66	5	0	0	0	0
67	1	1	2	2	2
67	2	3	2	3	2
67	3	3	4	5	4
67	4	0	2	1	3
67	5	1	2	0	3
68	1	2	2	3	3
68	2	3	2	4	5
68	3	4	2	7	6
68	4	4	3	7	6
68	5	1	0	1	3
69	1	-2	0	-1	-2
69	2	-1	0	0	0
69	3	0	0	2	1
69	4	1	2	2	2
69	5	1	1	5	3
70	1	-2	0	-1	0
70	2	0	0	0	1
70	3	-2	0	1	2
70	4	0	0	1	1
70	5	0	0	0	1
71	1	4	2	2	5
71	2	4	3	3	4
71	3	1	1	2	2
71	4	2	3	1	4
71	5	1	2	2	6
72	1	5	4	5	4
72	2	6	5	9	5
72	3	5	5	11	7
72	4	3	5	7	4
72	5	2	3	3	2
73	1	-2	1	1	1
73	2	0	0	0	2
73	3	0	1	0	1
73	4	0	0	2	0
73	5	0	2	3	0
74	1	1	2	1	3
74	2	3	3	2	3
74	3	4	4	2	6
74	4	5	4	4	4
74	5	3	3	5	4
75	1	3	3	3	3
75	2	0	3	2	3
75	3	2	4	6	5
75	4	7	5	6	9
75	5	4	4	8	6
76	1	-2	0	-4	2
76	2	1	1	1	3
76	3	2	2	4	4
76	4	2	2	4	4
76	5	5	3	3	5
77	1	4	3	3	5
77	2	2	1	5	4
77	3	2	2	2	2
77	4	1	1	1	3
77	5	-1	2	0	1
78	1	0	1	1	3
78	2	5	4	4	5
78	3	2	4	2	5
78	4	2	4	3	1
78	5	2	2	5	4
79	1	1	1	2	1
79	2	2	3	3	4
79	3	2	2	5	2
79	4	3	4	4	3
79	5	0	2	5	2
80	1	2	1	0	3
80	2	2	2	1	2
80	3	1	3	3	4
80	4	4	5	4	6
80	5	4	4	6	5
81	1	0	0	1	2
81	2	3	2	2	5
81	3	4	3	7	5
81	4	1	1	3	3
81	5	2	1	2	4
82	1	1	0	0	1
82	2	1	2	1	1
82	3	3	3	5	3
82	4	2	1	0	2
82	5	0	0	0	2
83	1	0	1	5	2
83	2	2	2	5	5
83	3	2	3	4	3
83	4	4	4	8	5
83	5	6	4	6	6
84	1	0	2	1	1
84	2	1	1	1	2
84	3	3	2	4	2
84	4	6	5	5	5
84	5	5	4	4	4
85	1	1	2	3	3
85	2	2	3	3	5
85	3	0	2	5	3
85	4	0	2	3	3
85	5	0	2	1	3
86	1	-2	0	-2	0
86	2	-1	1	0	0
86	3	2	1	4	3
86	4	1	2	0	2
86	5	1	0	-1	0
87	1	-1	0	-2	0
87	2	-2	0	-4	0
87	3	-2	0	-2	0
87	4	-4	2	-1	1
87	5	-1	0	-1	1
88	1	2	0	2	2
88	2	-1	1	1	0
88	3	0	2	1	2
88	4	3	0	3	3
88	5	6	3	9	6
89	1	1	1	0	2
89	2	0	2	1	3
89	3	1	0	0	0
89	4	5	4	4	5
89	5	3	1	2	4
90	1	0	2	2	-1
90	2	1	3	3	1
90	3	0	0	3	2
90	4	0	2	3	1
90	5	2	3	4	3
91	1	0	1	5	2
91	2	0	0	4	0
91	3	-1	0	0	0
91	4	-2	0	0	0
91	5	-1	0	3	1
92	1	0	2	0	1
92	2	0	2	0	2
92	3	0	1	-1	2
92	4	1	3	0	2
92	5	0	2	0	2
93	1	-1	2	-1	3
93	2	5	3	4	5
93	3	-1	1	1	4
93	4	1	1	0	0
93	5	1	2	0	5
94	1	1	1	4	3
94	2	2	1	4	3
94	3	4	2	3	5
94	4	1	1	3	2
94	5	0	2	3	2
95	1	0	2	-2	1
95	2	3	1	5	4
95	3	1	3	0	0
95	4	2	0	1	1
95	5	1	2	4	4
96	1	0	2	4	2
96	2	4	4	6	4
96	3	4	4	6	4
96	4	5	3	8	5
96	5	4	2	9	6
97	1	-4	0	-1	-1
97	2	-1	0	-3	0
97	3	-2	-2	0	0
97	4	-3	0	0	0
97	5	-3	-2	-3	0
98	1	1	0	1	0
98	2	0	-1	1	0
98	3	-1	0	0	0
98	4	0	0	3	1
98	5	-1	0	0	1
99	1	3	3	3	6
99	2	0	2	0	2
99	3	3	3	3	4
99	4	2	3	3	5
99	5	0	2	0	7
100	1	4	3	2	5
100	2	5	3	2	6
100	3	8	5	6	8
100	4	7	4	5	9
100	5	6	4	3	5
101	1	3	3	1	5
101	2	5	4	6	6
101	3	4	3	6	7
101	4	3	3	5	5
101	5	4	4	7	8
102	1	2	1	3	4
102	2	0	1	1	2
102	3	-1	0	0	1
102	4	1	3	2	4
102	5	5	3	6	5
103	1	2	2	2	4
103	2	1	3	2	2
103	3	2	3	4	4
103	4	1	3	4	4
103	5	0	3	1	2
104	1	3	2	3	2
104	2	3	3	7	4
104	3	1	3	3	2
104	4	0	2	3	3
104	5	2	3	3	2
105	1	2	5	4	7
105	2	1	3	2	3
105	3	0	2	3	5
105	4	1	3	3	6
105	5	1	3	2	2
106	1	0	2	1	1
106	2	3	3	4	5
106	3	3	3	4	4
106	4	4	3	7	6
106	5	2	3	4	4
107	1	3	3	4	2
107	2	5	3	5	2
107	3	2	1	5	5
107	4	0	2	5	1
107	5	2	2	6	4
108	1	3	3	5	4
108	2	1	3	2	2
108	3	2	3	3	4
108	4	0	2	1	1
108	5	1	2	1	3
109	1	3	3	4	3
109	2	3	4	4	3
109	3	1	2	4	3
109	4	4	5	7	4
109	5	3	2	5	5
110	1	2	1	3	1
110	2	0	1	2	2
110	3	2	2	0	1
110	4	0	0	0	2
110	5	0	0	-2	0
111	1	2	2	2	3
111	2	0	1	-1	2
111	3	1	3	5	2
111	4	3	2	3	2
111	5	1	3	3	3
112	1	-1	0	1	2
112	2	0	1	3	1
112	3	-1	0	0	0
112	4	2	1	4	3
112	5	1	2	5	2
113	1	2	2	4	4
113	2	1	2	2	6
113	3	5	3	3	6
113	4	1	1	-2	4
113	5	1	3	2	5
114	1	2	2	5	4
114	2	0	2	2	1
114	3	0	3	3	3
114	4	0	2	1	0
114	5	0	2	1	1
115	1	2	3	4	4
115	2	2	1	2	4
115	3	1	2	2	3
115	4	0	2	1	2
115	5	2	1	2	3
116	1	0	2	1	0
116	2	0	0	1	2
116	3	0	1	4	3
116	4	0	0	2	0
116	5	-2	0	1	0
117	1	2	2	2	1
117	2	5	2	5	3
117	3	1	1	3	2
117	4	3	3	5	5
117	5	1	2	5	2
118	1	2	3	6	5
118	2	-1	2	0	2
118	3	0	1	0	0
118	4	2	4	4	3
118	5	3	2	4	4
119	1	3	2	2	4
119	2	2	2	8	4
119	3	2	1	5	1
119	4	2	2	5	4
119	5	1	1	3	3
120	1	3	4	4	6
120	2	2	4	1	4
120	3	1	5	1	2
120	4	2	3	3	4
120	5	2	4	0	4
121	1	1	2	1	2
121	2	3	4	2	4
121	3	1	2	4	1
121	4	-1	2	3	2
121	5	2	1	2	2
122	1	3	3	2	2
122	2	4	3	3	5
122	3	5	4	4	4
122	4	2	3	2	2
122	5	4	4	4	2
123	1	3	2	6	6
123	2	5	3	5	7
123	3	3	3	3	7
123	4	1	2	4	6
123	5	3	3	3	5
124	1	4	3	4	5
124	2	1	2	1	2
124	3	0	1	0	1
124	4	1	0	3	2
124	5	1	2	1	1
125	1	1	2	3	0
125	2	0	2	2	0
125	3	1	0	2	2
125	4	0	1	2	2
125	5	-1	0	0	-1
126	1	3	3	5	6
126	2	4	2	6	6
126	3	5	1	6	6
126	4	3	1	2	5
126	5	0	1	2	5
127	1	1	2	0	2
127	2	2	2	5	3
127	3	1	1	4	5
127	4	2	3	2	3
127	5	0	3	4	3
128	1	3	1	4	0
128	2	0	1	1	2
128	3	2	2	3	2
128	4	-1	0	-3	0
128	5	-2	0	0	0
129	1	2	4	6	4
129	2	4	5	8	6
129	3	2	4	7	4
129	4	1	4	5	4
129	5	3	5	5	4
130	1	3	2	2	3
130	2	3	3	0	2
130	3	2	4	0	3
130	4	0	3	-2	1
130	5	5	4	3	5
131	1	0	0	0	1
131	2	-2	1	0	1
131	3	-3	0	-1	0
131	4	0	0	3	4
131	5	0	1	4	3
132	1	0	0	3	2
132	2	-1	0	2	1
132	3	2	1	3	2
132	4	3	3	6	3
132	5	1	2	3	4
133	1	3	1	1	2
133	2	-1	1	-2	3
133	3	-2	1	0	1
133	4	-3	0	-3	0
133	5	-1	2	0	1
134	1	4	3	6	5
134	2	1	3	3	4
134	3	3	3	2	4
134	4	1	2	3	5
134	5	4	3	5	7
135	1	0	4	3	1
135	2	4	5	3	5
135	3	2	3	5	3
135	4	2	2	5	3
135	5	3	4	6	5
136	1	0	0	4	0
136	2	2	3	3	2
136	3	-1	0	2	1
136	4	-3	1	2	0
136	5	1	1	4	1
137	1	5	3	5	6
137	2	7	4	7	7
137	3	6	5	4	5
137	4	7	5	6	5
137	5	6	4	7	4
138	1	3	1	0	1
138	2	0	0	0	1
138	3	0	0	0	2
138	4	1	0	3	3
138	5	0	0	3	3
139	1	0	0	0	2
139	2	0	0	1	3
139	3	-1	-1	-1	1
139	4	-1	0	-3	0
139	5	0	0	-2	2
140	1	1	2	0	2
140	2	2	4	2	5
140	3	3	4	1	3
140	4	3	3	5	4
140	5	4	4	6	6
141	1	0	1	1	3
141	2	0	1	1	2
141	3	-1	0	-2	1
141	4	0	2	0	2
141	5	0	1	0	2
142	1	0	2	-1	4
142	2	0	2	3	3
142	3	3	2	1	3
142	4	3	4	6	3
142	5	2	2	3	3
143	1	0	2	1	1
143	2	2	2	1	2
143	3	4	3	3	5
143	4	3	3	0	3
143	5	3	1	3	2
144	1	3	2	5	3
144	2	2	2	2	3
144	3	2	3	0	4
144	4	4	4	5	5
144	5	5	2	5	6
145	1	6	3	4	5
145	2	6	5	5	6
145	3	0	3	4	4
145	4	6	4	6	8
145	5	4	4	5	5
146	1	1	2	2	2
146	2	0	1	0	3
146	3	5	5	5	4
146	4	0	2	0	1
146	5	0	3	0	1
147	1	2	3	3	4
147	2	2	4	4	5
147	3	3	5	5	5
147	4	6	6	6	5
147	5	4	4	5	6
148	1	1	0	4	2
148	2	0	0	1	2
148	3	0	1	0	4
148	4	0	1	0	2
148	5	-1	0	0	0
149	1	-2	0	0	0
149	2	-1	-1	-2	0
149	3	0	-1	-1	0
149	4	-1	0	-2	0
149	5	-2	0	-2	0
150	1	3	3	2	3
150	2	4	5	4	6
150	3	4	4	6	6
150	4	2	5	5	5
150	5	7	6	7	5
151	1	0	1	1	1
151	2	0	2	4	3
151	3	0	0	4	2
151	4	0	1	4	3
151	5	-1	2	1	1
152	1	2	3	4	4
152	2	0	2	2	3
152	3	1	1	1	0
152	4	0	1	1	4
152	5	1	2	2	1
153	1	2	2	3	2
153	2	5	1	5	4
153	3	2	1	3	3
153	4	1	3	3	4
153	5	1	0	2	2
154	1	6	3	9	6
154	2	5	4	9	6
154	3	5	3	5	4
154	4	3	3	5	5
154	5	4	4	6	3
155	1	2	3	4	3
155	2	2	2	4	4
155	3	1	1	3	6
155	4	2	3	0	3
155	5	1	3	4	3
156	1	0	3	3	3
156	2	1	2	4	3
156	3	0	5	1	4
156	4	1	3	3	4
156	5	0	0	3	2
157	1	-1	1	1	1
157	2	1	2	-1	1
157	3	3	1	2	4
157	4	0	1	0	3
157	5	2	1	2	5
158	1	2	1	2	2
158	2	4	2	5	3
158	3	2	2	4	3
158	4	2	2	2	4
158	5	4	3	4	3
159	1	0	1	0	1
159	2	1	1	1	0
159	3	1	1	0	1
159	4	1	0	0	0
159	5	0	1	-1	0
160	1	3	3	4	5
160	2	2	4	4	4
160	3	2	3	5	3
160	4	4	4	5	5
160	5	3	2	3	4
161	1	0	1	1	1
161	2	3	1	0	1
161	3	2	3	2	4
161	4	1	0	0	1
161	5	0	0	0	3
162	1	3	3	5	6
162	2	3	4	3	5
162	3	3	3	3	5
162	4	1	2	2	3
162	5	0	3	0	3
163	1	3	2	1	3
163	2	5	4	4	5
163	3	7	4	3	7
163	4	1	4	4	7
163	5	1	3	0	3
164	1	-2	0	-1	-1
164	2	-2	0	0	0
164	3	-2	-1	-2	-1
164	4	-2	-1	-3	0
164	5	-3	0	0	0
165	1	2	4	5	3
165	2	0	1	2	0
165	3	1	3	4	2
165	4	2	3	6	3
165	5	0	2	2	0
166	1	0	2	0	2
166	2	0	3	1	1
166	3	0	2	-1	2
166	4	0	2	4	4
166	5	1	3	0	2
167	1	2	2	1	2
167	2	2	1	3	4
167	3	1	1	0	0
167	4	0	1	0	2
167	5	-1	0	-2	0
168	1	2	2	3	2
168	2	3	4	6	4
168	3	3	2	1	4
168	4	3	2	8	4
168	5	4	2	1	2
169	1	1	2	1	4
169	2	3	2	3	3
169	3	0	1	2	3
169	4	0	2	0	2
169	5	2	2	0	2
170	1	2	1	2	3
170	2	-1	0	0	2
170	3	0	0	-1	0
170	4	0	0	-1	0
170	5	2	1	2	2
171	1	0	3	2	3
171	2	2	2	4	3
171	3	2	2	1	4
171	4	0	1	1	2
171	5	0	1	3	2
172	1	0	0	0	0
172	2	-1	-1	-2	1
172	3	-2	0	-2	1
172	4	0	0	2	1
172	5	1	0	-2	1
173	1	1	3	2	0
173	2	1	0	0	1
173	3	2	2	-1	3
173	4	0	3	1	2
173	5	1	2	3	2
174	1	-2	-1	-2	-1
174	2	-2	-1	-3	0
174	3	0	0	1	1
174	4	0	1	4	2
174	5	1	0	2	3
175	1	1	2	0	1
175	2	0	2	2	3
175	3	0	1	0	3
175	4	4	2	6	4
175	5	2	4	4	4
176	1	2	2	5	3
176	2	4	3	7	5
176	3	3	3	5	3
176	4	3	2	7	3
176	5	5	3	6	5
177	1	2	1	3	1
177	2	0	2	1	1
177	3	1	2	2	1
177	4	2	2	3	1
177	5	2	2	1	3
178	1	0	3	2	3
178	2	1	2	5	2
178	3	1	2	4	2
178	4	-1	0	0	2
178	5	0	3	4	2
179	1	1	3	5	3
179	2	2	4	5	0
179	3	0	4	4	4
179	4	2	3	4	1
179	5	3	3	5	4
180	1	2	2	2	4
180	2	4	2	5	3
180	3	7	5	10	7
180	4	3	5	7	2
180	5	3	2	3	3
181	1	5	4	5	6
181	2	3	4	4	4
181	3	4	4	5	4
181	4	4	3	5	5
181	5	4	4	5	6
182	1	0	0	1	1
182	2	0	1	-2	2
182	3	1	1	1	2
182	4	0	0	0	2
182	5	0	0	0	0
183	1	1	3	4	3
183	2	1	2	3	1
183	3	4	4	7	5
183	4	0	2	5	3
183	5	3	3	3	3
184	1	5	4	6	5
184	2	1	3	2	2
184	3	2	2	4	3
184	4	1	2	3	2
184	5	3	3	5	4
185	1	1	1	0	3
185	2	3	3	5	4
185	3	3	3	4	3
185	4	5	4	7	6
185	5	3	3	4	4
186	1	0	0	0	1
186	2	-2	0	-2	0
186	3	0	0	1	1
186	4	1	2	2	2
186	5	1	1	5	2
187	1	-1	1	-1	3
187	2	0	1	-2	1
187	3	-3	0	-2	0
187	4	-3	0	-2	0
187	5	-2	0	-1	1
188	1	2	3	4	5
188	2	-1	1	0	3
188	3	-2	0	-4	0
188	4	-1	0	0	0
188	5	0	2	-2	2
189	1	-1	0	1	2
189	2	-4	0	0	0
189	3	1	1	4	3
189	4	2	0	3	5
189	5	0	1	4	4
190	1	2	3	5	3
190	2	3	3	3	2
190	3	1	4	3	0
190	4	0	3	5	2
190	5	1	2	3	0
191	1	0	2	2	4
191	2	5	2	4	4
191	3	0	2	2	3
191	4	3	2	0	3
191	5	3	1	2	5
192	1	1	2	1	4
192	2	4	2	4	5
192	3	2	2	1	6
192	4	1	1	1	6
192	5	0	1	2	5
193	1	2	2	1	5
193	2	1	1	0	2
193	3	2	1	1	3
193	4	1	2	1	4
193	5	3	3	3	7
194	1	4	3	5	5
194	2	3	2	4	3
194	3	3	3	3	4
194	4	3	3	5	4
194	5	4	3	5	5
195	1	5	4	5	3
195	2	1	4	4	3
195	3	3	2	6	2
195	4	3	3	6	1
195	5	3	3	5	1
196	1	0	0	1	2
196	2	2	2	0	3
196	3	0	1	0	3
196	4	4	1	2	4
196	5	2	2	2	4
197	1	0	1	0	3
197	2	-3	0	-2	1
197	3	0	1	1	2
197	4	2	2	4	2
197	5	3	3	1	3
198	1	2	3	1	6
198	2	4	4	4	6
198	3	3	2	5	5
198	4	4	2	6	6
198	5	2	2	4	4
199	1	3	3	3	5
199	2	3	3	4	4
199	3	2	3	0	3
199	4	1	1	2	2
199	5	1	3	1	4
200	1	4	4	6	5
200	2	2	3	4	2
200	3	2	3	7	4
200	4	5	4	6	5
200	5	1	3	4	3
201	1	3	1	5	3
201	2	-1	-1	0	-1
201	3	-3	-1	0	-2
201	4	-2	-1	-2	-1
201	5	0	0	-1	0
202	1	0	1	0	3
202	2	-1	3	0	1
202	3	0	0	0	0
202	4	0	1	3	1
202	5	-3	0	0	0
203	1	0	2	3	5
203	2	0	0	1	3
203	3	-2	1	0	2
203	4	0	1	3	5
203	5	3	3	8	4
204	1	2	2	4	3
204	2	0	1	2	1
204	3	3	2	5	2
204	4	2	1	4	2
204	5	-1	2	0	0
205	1	3	2	5	4
205	2	1	2	3	3
205	3	0	1	0	0
205	4	-1	2	2	1
205	5	0	0	0	0
206	1	0	2	3	5
206	2	2	1	3	3
206	3	2	3	0	5
206	4	3	2	5	4
206	5	2	3	1	5
207	1	4	3	6	6
207	2	3	4	5	6
207	3	2	3	6	3
207	4	3	4	2	3
207	5	2	3	3	3
208	1	2	2	4	3
208	2	0	0	5	2
208	3	3	2	6	5
208	4	2	3	6	5
208	5	4	4	6	6
209	1	-2	0	-2	0
209	2	-2	0	-1	0
209	3	0	0	-1	1
209	4	-1	0	0	-1
209	5	-1	0	0	2
210	1	3	2	3	4
210	2	3	3	1	4
210	3	2	2	3	5
210	4	2	3	5	4
210	5	4	2	2	4
211	1	1	2	2	1
211	2	0	2	1	4
211	3	1	1	1	2
211	4	2	3	1	5
211	5	3	2	3	5
212	1	3	3	1	2
212	2	0	1	1	1
212	3	2	1	1	1
212	4	5	4	4	4
212	5	4	2	4	3
213	1	0	0	0	1
213	2	-2	0	-2	2
213	3	0	0	1	1
213	4	-1	1	1	1
213	5	0	1	1	1
214	1	5	5	7	5
214	2	3	3	5	3
214	3	7	4	9	6
214	4	5	6	8	6
214	5	4	5	8	4
215	1	3	3	6	4
215	2	3	3	3	5
215	3	3	4	6	6
215	4	2	3	1	3
215	5	3	4	4	5
216	1	-1	0	0	0
216	2	0	0	1	1
216	3	-1	0	-1	2
216	4	-1	0	1	0
216	5	-3	0	-3	0
217	1	4	4	3	5
217	2	5	5	6	6
217	3	6	6	6	6
217	4	3	4	3	4
217	5	3	2	0	2
218	1	0	3	1	2
218	2	0	3	4	2
218	3	4	4	6	5
218	4	3	4	3	4
218	5	-2	1	0	1
219	1	3	4	6	4
219	2	6	5	7	6
219	3	5	4	8	7
219	4	6	5	3	3
219	5	3	2	4	4
220	1	4	5	6	7
220	2	4	5	5	5
220	3	5	4	5	4
220	4	3	5	3	2
220	5	4	3	7	6
221	1	1	3	5	5
221	2	4	3	9	6
221	3	4	3	8	6
221	4	3	3	6	5
221	5	1	2	1	3
222	1	2	2	3	2
222	2	3	2	5	2
222	3	2	2	4	2
222	4	-1	0	3	1
222	5	0	2	5	1
223	1	0	2	0	1
223	2	-1	1	0	2
223	3	-1	1	-1	-1
223	4	0	3	0	3
223	5	2	3	1	1
224	1	-3	0	-1	1
224	2	0	0	2	0
224	3	0	1	2	2
224	4	-1	1	0	0
224	5	0	2	0	0
225	1	0	3	2	3
225	2	-1	1	-1	2
225	3	1	2	1	2
225	4	2	3	3	5
225	5	1	2	3	3
226	1	2	3	4	5
226	2	2	2	4	4
226	3	0	1	0	5
226	4	0	1	3	3
226	5	0	3	1	2
227	1	7	4	6	7
227	2	1	3	3	5
227	3	6	5	5	6
227	4	2	3	3	3
227	5	0	5	2	3
228	1	1	3	3	3
228	2	3	3	2	4
228	3	2	2	3	4
228	4	3	1	5	4
228	5	3	2	1	4
229	1	1	1	2	3
229	2	0	1	0	0
229	3	0	2	-1	0
229	4	0	0	0	1
229	5	0	2	5	3
230	1	3	3	2	2
230	2	2	1	0	3
230	3	6	3	5	6
230	4	2	2	6	3
230	5	2	3	1	4
231	1	-1	0	-4	1
231	2	2	0	0	3
231	3	2	0	-1	1
231	4	0	0	-2	0
231	5	-1	0	-3	2
232	1	0	3	1	4
232	2	1	3	5	5
232	3	5	4	5	7
232	4	2	1	3	6
232	5	2	3	3	6
233	1	3	4	6	3
233	2	3	1	7	3
233	3	1	3	4	2
233	4	1	0	1	2
233	5	2	3	4	3
234	1	4	5	4	5
234	2	3	3	3	4
234	3	5	5	4	5
234	4	0	3	1	2
234	5	1	3	0	4
235	1	3	4	4	6
235	2	4	3	5	4
235	3	1	3	3	4
235	4	3	3	4	4
235	5	4	4	4	4
236	1	5	5	8	6
236	2	5	5	8	7
236	3	4	5	2	3
236	4	6	5	5	7
236	5	6	3	1	2
237	1	1	3	0	5
237	2	3	3	3	5
237	3	4	3	4	4
237	4	4	1	3	5
237	5	4	2	5	6
238	1	2	3	3	3
238	2	3	2	4	5
238	3	3	2	1	2
238	4	0	2	0	1
238	5	0	0	3	1
239	1	1	2	2	4
239	2	1	1	3	1
239	3	2	1	4	3
239	4	2	1	1	3
239	5	0	0	0	1
240	1	4	2	1	2
240	2	2	1	2	6
240	3	3	1	3	4
240	4	1	3	3	4
240	5	0	0	-2	1
241	1	0	4	2	3
241	2	1	2	1	2
241	3	1	4	1	4
241	4	5	4	4	4
241	5	3	3	2	4
242	1	3	2	0	6
242	2	2	2	3	4
242	3	0	1	2	6
242	4	2	2	0	4
242	5	2	3	1	5
243	1	0	0	0	4
243	2	0	0	0	3
243	3	0	0	0	3
243	4	0	0	-2	2
243	5	1	0	0	3
244	1	3	4	3	4
244	2	6	5	5	6
244	3	3	2	2	1
244	4	3	2	0	0
244	5	2	2	1	2
245	1	0	1	0	3
245	2	-2	1	-2	0
245	3	-3	1	-5	-1
245	4	1	2	0	1
245	5	2	1	1	1
246	1	-3	-1	-2	0
246	2	-4	-1	-1	-3
246	3	0	1	5	1
246	4	-1	1	0	-1
246	5	0	0	1	0
247	1	4	2	2	5
247	2	4	1	1	5
247	3	2	3	4	5
247	4	2	3	4	5
247	5	0	2	1	6
248	1	3	4	5	4
248	2	0	1	4	2
248	3	4	3	4	5
248	4	4	3	4	5
248	5	2	2	8	5
249	1	3	3	2	5
249	2	6	4	7	5
249	3	2	1	-2	4
249	4	4	2	2	5
249	5	4	1	0	5
250	1	0	0	2	1
250	2	0	0	1	1
250	3	1	1	4	3
250	4	2	1	4	4
250	5	0	1	0	2
251	1	0	2	0	3
251	2	0	1	-1	3
251	3	3	2	1	5
251	4	0	1	0	4
251	5	2	2	1	4
252	1	2	2	1	2
252	2	0	2	3	2
252	3	2	2	1	3
252	4	3	2	4	6
252	5	3	4	7	5
253	1	0	2	0	2
253	2	1	4	3	4
253	3	4	3	5	5
253	4	2	2	5	4
253	5	4	5	3	6
254	1	-1	1	0	0
254	2	1	3	5	5
254	3	3	1	5	7
254	4	2	3	4	3
254	5	1	3	4	3
255	1	0	0	1	2
255	2	0	-1	1	0
255	3	0	0	0	2
255	4	-1	-1	0	1
255	5	1	0	3	3
256	1	2	3	4	3
256	2	4	3	3	4
256	3	6	4	8	3
256	4	5	5	5	4
256	5	2	4	6	4
257	1	0	0	-1	0
257	2	-1	1	-1	0
257	3	1	2	0	3
257	4	0	2	3	4
257	5	1	2	1	2
258	1	1	1	0	2
258	2	4	2	3	6
258	3	4	3	5	3
258	4	0	2	3	1
258	5	1	1	2	2
259	1	0	2	4	1
259	2	1	2	4	4
259	3	1	3	2	0
259	4	4	3	7	2
259	5	0	3	4	1
260	1	5	5	3	5
260	2	1	2	3	4
260	3	0	3	3	3
260	4	3	2	-1	2
260	5	5	2	4	5
261	1	1	3	3	3
261	2	1	2	4	3
261	3	0	1	1	4
261	4	-2	2	0	2
261	5	0	1	2	2
262	1	2	2	1	4
262	2	1	2	1	3
262	3	3	2	1	4
262	4	4	3	5	5
262	5	4	5	7	8
263	1	1	2	2	1
263	2	0	1	0	2
263	3	0	1	1	3
263	4	0	1	0	0
263	5	1	2	-1	1
264	1	-1	0	0	-2
264	2	0	1	2	0
264	3	-2	1	2	0
264	4	0	0	1	2
264	5	-4	-1	-2	-2
265	1	0	0	1	0
265	2	-1	0	-2	-1
265	3	-1	-2	-1	-1
265	4	-3	-2	-5	-2
265	5	0	0	0	1
266	1	0	0	1	3
266	2	1	2	1	4
266	3	0	0	1	3
266	4	-2	0	-3	0
266	5	-1	0	0	1
267	1	2	3	2	4
267	2	3	2	3	5
267	3	6	4	6	6
267	4	2	3	3	5
267	5	2	3	1	5
268	1	4	3	4	2
268	2	5	3	8	6
268	3	3	3	7	4
268	4	3	4	5	6
268	5	4	3	6	6
269	1	1	1	0	0
269	2	1	2	3	3
269	3	2	2	1	1
269	4	3	1	4	3
269	5	4	2	5	5
270	1	4	2	1	2
270	2	3	3	5	5
270	3	1	0	0	3
270	4	-1	0	0	3
270	5	-2	0	0	2
271	1	0	1	4	1
271	2	-1	2	3	0
271	3	-1	0	0	0
271	4	-1	0	1	2
271	5	-2	0	1	-2
272	1	0	2	2	2
272	2	-2	0	0	0
272	3	0	0	1	1
272	4	-1	0	0	1
272	5	0	2	1	3
273	1	4	1	1	4
273	2	3	1	3	1
273	3	0	1	1	1
273	4	2	2	2	2
273	5	0	0	0	2
274	1	0	3	3	3
274	2	4	4	8	6
274	3	2	3	5	3
274	4	3	4	4	3
274	5	2	3	3	3
275	1	1	2	4	3
275	2	0	1	1	4
275	3	0	1	2	2
275	4	0	1	2	4
275	5	1	2	3	4
276	1	3	3	2	4
276	2	4	3	4	5
276	3	1	2	2	4
276	4	3	3	0	2
276	5	1	2	0	4
277	1	0	2	0	2
277	2	4	2	3	3
277	3	1	3	4	5
277	4	4	2	4	5
277	5	5	4	7	6
278	1	0	2	1	3
278	2	0	2	5	3
278	3	1	1	2	4
278	4	2	1	2	2
278	5	0	1	2	3
279	1	2	1	2	2
279	2	2	1	2	3
279	3	0	0	3	2
279	4	0	2	-1	1
279	5	0	0	0	0
280	1	3	2	3	2
280	2	1	1	1	2
280	3	0	2	0	0
280	4	3	2	4	4
280	5	-1	1	0	1
281	1	2	5	2	4
281	2	3	4	0	5
281	3	2	4	0	4
281	4	3	4	3	5
281	5	5	4	7	7
282	1	0	1	2	3
282	2	0	2	2	3
282	3	0	1	0	0
282	4	0	0	-2	0
282	5	-1	0	-3	0
283	1	-2	0	-1	0
283	2	0	1	1	2
283	3	1	1	0	2
283	4	-1	0	0	0
283	5	1	0	3	3
284	1	2	3	2	0
284	2	3	3	6	2
284	3	0	2	2	2
284	4	1	4	4	2
284	5	1	4	4	3
285	1	1	2	2	3
285	2	0	2	1	2
285	3	0	2	2	0
285	4	-2	0	-2	-1
285	5	-1	3	-1	0
286	1	0	2	1	2
286	2	5	4	8	5
286	3	6	5	8	6
286	4	2	2	5	3
286	5	6	4	7	4
287	1	2	2	4	3
287	2	3	3	4	4
287	3	3	4	5	6
287	4	3	3	4	5
287	5	2	2	3	2
288	1	0	1	4	0
288	2	-2	0	0	-2
288	3	1	2	5	1
288	4	0	0	0	0
288	5	0	0	1	1
289	1	2	3	6	3
289	2	4	3	7	3
289	3	4	5	7	3
289	4	3	4	5	3
289	5	2	3	6	2
290	1	3	3	3	3
290	2	2	2	4	4
290	3	1	3	2	1
290	4	2	2	5	3
290	5	5	3	8	6
291	1	-1	0	-1	0
291	2	0	0	0	2
291	3	-2	0	0	2
291	4	-1	0	-2	0
291	5	-1	0	0	2
292	1	0	0	1	3
292	2	0	1	1	3
292	3	0	0	0	1
292	4	-2	-1	-1	0
292	5	1	1	1	4
293	1	2	3	3	4
293	2	1	1	1	2
293	3	1	0	0	3
293	4	4	2	5	4
293	5	1	1	2	2
294	1	2	1	1	4
294	2	2	3	0	3
294	3	3	2	7	5
294	4	3	2	3	5
294	5	0	1	-1	2
295	1	-3	0	0	0
295	2	-1	1	1	0
295	3	0	0	0	4
295	4	-2	0	0	0
295	5	0	0	0	1
296	1	3	2	3	4
296	2	1	2	1	3
296	3	3	2	3	3
296	4	0	1	0	3
296	5	-2	0	0	2
297	1	0	0	3	1
297	2	0	0	1	0
297	3	-1	0	0	1
297	4	0	0	-1	1
297	5	-2	0	-2	0
298	1	2	3	5	4
298	2	4	4	5	5
298	3	1	3	1	2
298	4	2	3	4	3
298	5	3	3	6	4
299	1	1	2	0	2
299	2	1	1	3	3
299	3	2	3	3	2
299	4	3	2	2	3
299	5	0	1	4	2
300	1	-1	0	0	3
300	2	-1	0	0	2
300	3	0	0	0	3
300	4	0	1	1	1
300	5	1	0	3	4
301	1	2	3	6	4
301	2	3	4	5	6
301	3	3	3	2	4
301	4	3	4	5	4
301	5	5	4	6	6
302	1	2	4	3	5
302	2	0	2	1	2
302	3	5	4	6	5
302	4	2	4	5	5
302	5	3	4	5	6
303	1	2	4	2	4
303	2	2	3	1	2
303	3	5	4	5	4
303	4	3	6	6	6
303	5	4	5	6	5
304	1	4	3	3	6
304	2	6	4	9	6
304	3	5	4	6	5
304	4	2	2	2	6
304	5	3	2	4	4
305	1	1	2	4	2
305	2	2	3	1	2
305	3	0	2	0	2
305	4	4	1	1	2
305	5	1	3	2	4
306	1	2	1	5	3
306	2	3	2	2	3
306	3	2	2	3	4
306	4	1	2	1	2
306	5	6	2	7	6
307	1	6	6	9	7
307	2	5	5	7	6
307	3	6	7	11	5
307	4	6	5	7	6
307	5	6	5	6	4
308	1	5	4	5	5
308	2	5	3	4	6
308	3	4	3	6	4
308	4	4	3	2	3
308	5	2	3	2	5
309	1	-1	0	-1	0
309	2	0	1	2	0
309	3	2	2	0	2
309	4	0	2	0	1
309	5	-1	0	-1	0
310	1	-5	-1	-3	0
310	2	-2	0	-3	-1
310	3	0	0	0	2
310	4	0	2	2	2
310	5	0	0	1	3
311	1	0	1	3	0
311	2	0	0	3	0
311	3	0	0	3	0
311	4	-1	1	2	0
311	5	-3	-1	-1	-2
312	1	3	3	3	3
312	2	0	1	1	3
312	3	0	2	1	0
312	4	-1	1	2	1
312	5	0	0	0	-1
313	1	5	5	6	5
313	2	4	5	7	6
313	3	3	4	6	6
313	4	4	4	5	4
313	5	4	2	1	4
314	1	1	3	1	3
314	2	3	3	4	3
314	3	4	4	3	5
314	4	1	3	3	1
314	5	1	2	3	4
315	1	0	2	0	2
315	2	1	5	6	4
315	3	3	3	4	3
315	4	5	4	5	7
315	5	3	3	3	4
316	1	1	2	0	3
316	2	0	0	1	1
316	3	1	1	0	2
316	4	0	0	1	3
316	5	3	2	3	2
317	1	3	2	3	5
317	2	2	3	5	2
317	3	2	3	3	2
317	4	0	3	3	4
317	5	1	3	2	1
318	1	6	5	7	6
318	2	5	5	1	4
318	3	0	4	0	2
318	4	1	3	0	2
318	5	2	2	-1	2
319	1	1	0	1	3
319	2	0	0	0	0
319	3	0	0	2	1
319	4	-1	0	0	0
319	5	-2	-1	-3	-1
320	1	-1	1	0	0
320	2	0	3	3	3
320	3	1	2	3	3
320	4	-1	0	0	1
320	5	1	1	4	2
321	1	0	2	0	2
321	2	0	2	2	1
321	3	0	1	2	2
321	4	1	3	4	2
321	5	1	3	6	3
322	1	-1	1	-1	0
322	2	-1	0	-5	0
322	3	-1	1	-3	0
322	4	0	0	-2	1
322	5	0	1	0	0
323	1	5	3	5	5
323	2	4	2	4	5
323	3	1	0	0	2
323	4	0	2	2	3
323	5	3	3	4	6
324	1	1	0	4	4
324	2	-1	0	0	3
324	3	-1	0	3	3
324	4	2	0	3	4
324	5	0	0	1	3
325	1	3	2	4	5
325	2	3	3	3	5
325	3	3	3	5	2
325	4	1	3	3	2
325	5	0	1	3	2
326	1	0	0	-1	2
326	2	2	2	6	4
326	3	2	3	5	3
326	4	1	2	6	4
326	5	0	1	5	2
327	1	3	2	6	6
327	2	1	3	3	3
327	3	4	3	4	6
327	4	5	3	8	5
327	5	3	3	6	7
328	1	1	1	2	1
328	2	0	1	3	2
328	3	0	1	1	0
328	4	0	1	3	1
328	5	0	0	1	2
329	1	0	2	4	4
329	2	3	1	2	3
329	3	2	1	6	2
329	4	1	1	2	0
329	5	-2	1	1	1
330	1	3	4	4	1
330	2	6	5	9	5
330	3	3	3	6	3
330	4	1	3	4	2
330	5	0	3	5	3
331	1	3	1	1	3
331	2	-1	0	-1	0
331	3	0	2	0	3
331	4	1	2	0	2
331	5	1	1	2	2
332	1	3	3	4	5
332	2	2	3	2	4
332	3	0	2	3	4
332	4	3	2	6	5
332	5	0	2	-1	1
333	1	3	3	3	5
333	2	0	3	2	3
333	3	1	2	1	4
333	4	1	3	4	3
333	5	0	1	0	0
334	1	-2	0	0	0
334	2	-1	0	-1	2
334	3	0	1	1	3
334	4	2	2	0	1
334	5	0	2	-1	3
335	1	0	2	0	2
335	2	0	0	0	1
335	3	3	3	4	5
335	4	7	4	6	7
335	5	3	4	8	4
336	1	5	4	4	5
336	2	4	4	3	4
336	3	3	4	0	3
336	4	4	4	3	1
336	5	3	4	4	3
337	1	3	4	6	4
337	2	2	4	8	5
337	3	4	6	9	6
337	4	3	4	8	7
337	5	5	6	9	7
338	1	1	2	2	4
338	2	1	3	4	2
338	3	3	1	2	1
338	4	0	1	2	0
338	5	1	2	-1	2
339	1	0	0	0	0
339	2	5	2	7	5
339	3	2	1	5	3
339	4	1	3	4	4
339	5	2	1	3	4
340	1	1	3	2	3
340	2	3	3	4	4
340	3	2	2	4	3
340	4	0	2	1	2
340	5	2	2	5	5
341	1	0	1	0	0
341	2	0	0	0	0
341	3	0	2	0	1
341	4	1	1	1	2
341	5	1	1	4	2
342	1	1	0	0	3
342	2	-1	0	-2	2
342	3	1	2	1	4
342	4	0	0	0	2
342	5	-1	1	-1	3
343	1	-3	0	-2	0
343	2	0	1	0	0
343	3	0	0	0	0
343	4	0	2	0	0
343	5	-1	0	0	0
344	1	3	3	2	5
344	2	1	2	2	2
344	3	2	2	3	2
344	4	4	3	6	4
344	5	1	2	5	6
345	1	2	3	5	2
345	2	3	4	3	3
345	3	2	3	2	4
345	4	2	2	3	3
345	5	2	2	2	2
346	1	3	4	4	5
346	2	5	5	6	5
346	3	3	4	8	6
346	4	3	4	3	6
346	5	0	3	1	3
347	1	1	3	4	0
347	2	2	1	3	3
347	3	2	3	4	2
347	4	3	3	3	4
347	5	1	2	3	2
348	1	2	2	1	2
348	2	1	3	1	2
348	3	2	3	1	5
348	4	4	4	5	7
348	5	4	4	5	4
349	1	2	3	1	3
349	2	3	3	0	3
349	3	2	3	4	5
349	4	7	6	10	8
349	5	4	5	6	9
350	1	0	1	0	2
350	2	-1	2	-1	2
350	3	2	2	3	4
350	4	0	2	1	3
350	5	3	3	5	3
351	1	-3	1	-1	0
351	2	2	0	0	1
351	3	1	2	2	2
351	4	0	1	0	1
351	5	0	0	1	3
352	1	5	6	6	6
352	2	7	7	8	6
352	3	5	7	11	7
352	4	9	6	7	8
352	5	6	5	7	6
353	1	4	1	3	2
353	2	3	3	5	3
353	3	6	3	2	4
353	4	3	3	0	2
353	5	4	3	5	5
354	1	0	0	2	3
354	2	1	2	5	3
354	3	2	1	3	3
354	4	4	2	7	4
354	5	4	4	11	6
355	1	5	2	4	5
355	2	8	5	9	8
355	3	3	2	4	5
355	4	4	3	4	7
355	5	2	2	1	5
356	1	0	3	3	3
356	2	4	2	8	4
356	3	1	2	4	5
356	4	1	1	4	3
356	5	2	1	6	5
357	1	1	2	4	2
357	2	1	3	2	3
357	3	0	0	1	2
357	4	3	3	3	2
357	5	2	1	2	3
358	1	0	3	0	1
358	2	3	2	4	3
358	3	2	3	3	2
358	4	2	1	4	3
358	5	2	3	3	1
359	1	6	5	5	5
359	2	3	5	4	4
359	3	2	5	5	4
359	4	5	7	7	7
359	5	3	4	2	3
360	1	-1	-1	-2	0
360	2	0	0	-1	1
360	3	-2	0	-2	2
360	4	-1	0	0	1
360	5	-3	-2	-3	0
361	1	4	1	3	4
361	2	1	1	3	5
361	3	4	0	1	3
361	4	2	2	2	4
361	5	2	0	0	4
362	1	2	2	1	2
362	2	2	1	2	3
362	3	1	2	1	2
362	4	0	1	0	1
362	5	-1	0	-3	1
363	1	1	3	7	5
363	2	1	3	6	3
363	3	2	2	4	2
363	4	0	1	4	2
363	5	-2	0	1	2
364	1	0	0	1	0
364	2	0	1	3	3
364	3	0	2	5	2
364	4	-3	0	0	0
364	5	0	0	-2	0
365	1	-1	0	-1	0
365	2	0	1	0	2
365	3	0	0	0	1
365	4	0	0	4	3
365	5	3	2	4	3
366	1	3	3	3	5
366	2	2	3	0	4
366	3	2	2	2	6
366	4	2	3	0	3
366	5	1	1	-2	3
367	1	4	3	9	5
367	2	0	1	4	4
367	3	0	1	0	0
367	4	0	1	2	0
367	5	0	1	4	1
368	1	2	2	0	4
368	2	2	4	4	5
368	3	3	3	3	4
368	4	2	3	4	6
368	5	4	3	4	7
369	1	2	2	6	3
369	2	5	2	6	5
369	3	7	3	6	5
369	4	4	2	6	5
369	5	3	2	5	2
370	1	4	1	1	4
370	2	0	1	1	3
370	3	1	0	0	4
370	4	2	1	2	5
370	5	4	2	3	4
371	1	0	-1	0	0
371	2	0	0	3	1
371	3	0	1	2	1
371	4	1	1	4	1
371	5	0	-1	3	0
372	1	2	5	5	5
372	2	2	4	2	4
372	3	2	4	3	3
372	4	3	4	3	5
372	5	4	3	4	4
373	1	2	1	4	2
373	2	2	3	7	3
373	3	2	3	4	5
373	4	2	4	6	5
373	5	4	3	8	4
374	1	4	4	4	4
374	2	0	1	0	0
374	3	0	3	0	3
374	4	0	2	1	5
374	5	2	3	2	4
375	1	3	2	2	3
375	2	1	1	0	4
375	3	0	1	-2	3
375	4	0	1	0	2
375	5	2	2	0	3
376	1	3	3	2	5
376	2	4	3	3	6
376	3	3	1	3	4
376	4	3	3	5	5
376	5	9	4	9	8
377	1	6	4	6	4
377	2	7	4	4	5
377	3	4	4	4	6
377	4	4	4	2	3
377	5	5	4	3	3
378	1	3	3	5	5
378	2	3	4	3	7
378	3	2	4	4	4
378	4	3	2	1	4
378	5	6	5	6	8
379	1	3	3	2	4
379	2	1	2	2	5
379	3	4	2	3	4
379	4	4	4	4	3
379	5	3	3	1	3
380	1	2	4	2	4
380	2	0	4	0	1
380	3	5	4	6	5
380	4	3	3	4	6
380	5	2	2	1	3
381	1	-1	1	1	3
381	2	0	0	0	1
381	3	2	2	0	3
381	4	3	1	2	3
381	5	0	1	0	2
382	1	-1	1	0	0
382	2	0	2	0	0
382	3	-1	0	0	2
382	4	-2	0	0	3
382	5	0	0	0	0
383	1	-4	-1	-1	0
383	2	1	2	3	1
383	3	1	2	2	2
383	4	0	2	1	3
383	5	3	3	4	5
384	1	3	5	7	5
384	2	5	4	7	7
384	3	3	4	6	5
384	4	-1	2	4	3
384	5	5	3	3	6
385	1	1	1	0	1
385	2	0	0	0	2
385	3	1	1	2	4
385	4	2	0	1	2
385	5	1	1	4	5
386	1	1	1	2	2
386	2	0	0	0	0
386	3	2	1	1	4
386	4	0	1	0	1
386	5	1	2	1	1
387	1	4	2	4	4
387	2	1	2	2	2
387	3	1	3	6	1
387	4	2	3	4	2
387	5	1	1	3	3
388	1	2	3	5	3
388	2	2	4	4	4
388	3	4	3	3	5
388	4	0	2	2	4
388	5	0	2	0	3
389	1	1	2	4	3
389	2	3	4	5	4
389	3	2	3	5	5
389	4	3	3	5	3
389	5	3	2	0	3
390	1	1	1	0	3
390	2	0	2	2	2
390	3	2	3	2	3
390	4	0	2	1	3
390	5	0	2	1	1
391	1	3	3	5	3
391	2	1	2	5	2
391	3	0	3	3	2
391	4	4	4	4	4
391	5	2	3	4	4
392	1	5	4	3	4
392	2	5	4	6	2
392	3	4	5	5	6
392	4	4	3	0	4
392	5	2	4	3	3
393	1	2	1	3	2
393	2	0	0	0	0
393	3	3	1	4	4
393	4	1	1	4	1
393	5	1	1	4	3
394	1	4	3	4	5
394	2	3	2	1	4
394	3	3	3	3	4
394	4	5	2	4	5
394	5	4	3	6	7
395	1	2	2	4	3
395	2	4	2	0	3
395	3	0	1	0	3
395	4	2	2	3	5
395	5	7	4	6	5
396	1	0	1	-1	-1
396	2	0	0	1	1
396	3	0	0	0	0
396	4	-1	2	1	1
396	5	-2	-1	-5	-1
397	1	1	3	5	5
397	2	6	4	5	7
397	3	1	3	3	6
397	4	3	2	3	6
397	5	3	3	4	7
398	1	3	2	2	3
398	2	0	1	4	3
398	3	0	1	2	4
398	4	-1	1	0	1
398	5	0	0	2	3
399	1	5	5	4	7
399	2	7	4	8	8
399	3	5	5	8	6
399	4	7	4	5	7
399	5	4	5	4	6
400	1	2	5	2	6
400	2	0	1	2	3
400	3	0	2	2	3
400	4	1	2	2	5
400	5	-1	1	-1	1
401	1	2	2	1	1
401	2	0	1	1	0
401	3	0	2	1	0
401	4	-2	0	-2	0
401	5	-1	1	-1	0
402	1	1	4	5	5
402	2	1	1	0	2
402	3	3	3	2	4
402	4	2	4	5	4
402	5	1	2	3	2
403	1	2	1	1	3
403	2	5	2	5	5
403	3	2	3	4	5
403	4	2	2	5	4
403	5	3	3	6	5
404	1	2	2	0	2
404	2	3	2	3	4
404	3	3	1	5	5
404	4	5	2	3	4
404	5	1	1	1	3
405	1	2	1	2	3
405	2	1	2	2	3
405	3	2	3	0	3
405	4	0	1	2	3
405	5	4	4	8	7
406	1	1	5	5	6
406	2	3	4	7	6
406	3	1	3	4	6
406	4	1	3	4	7
406	5	2	4	6	3
407	1	0	1	0	1
407	2	3	2	3	7
407	3	2	1	3	4
407	4	1	1	1	3
407	5	3	1	3	5
408	1	-2	0	-1	1
408	2	1	1	3	3
408	3	-1	0	1	2
408	4	1	2	2	2
408	5	-1	0	0	1
409	1	1	5	4	3
409	2	1	4	2	2
409	3	0	1	0	1
409	4	2	4	4	4
409	5	3	4	1	4
410	1	1	1	1	1
410	2	1	0	0	2
410	3	1	1	2	1
410	4	1	2	1	3
410	5	5	3	7	5
411	1	-1	0	-3	0
411	2	1	2	2	3
411	3	3	2	2	5
411	4	2	0	0	3
411	5	2	1	2	2
412	1	0	0	1	3
412	2	0	3	3	3
412	3	2	1	4	3
412	4	3	1	4	4
412	5	4	2	5	3
413	1	2	1	2	3
413	2	1	1	0	1
413	3	2	2	3	2
413	4	3	3	5	4
413	5	1	1	2	3
414	1	4	4	7	4
414	2	1	2	6	4
414	3	2	1	2	1
414	4	1	1	2	2
414	5	2	1	7	4
415	1	0	1	-1	1
415	2	0	-2	-1	1
415	3	0	2	-1	1
415	4	2	3	1	2
415	5	0	3	2	5
416	1	6	4	4	6
416	2	3	2	2	5
416	3	4	4	4	5
416	4	5	6	6	7
416	5	5	6	5	7
417	1	2	1	0	1
417	2	1	3	0	5
417	3	0	1	-3	0
417	4	1	0	-1	4
417	5	2	2	1	2
418	1	1	2	3	3
418	2	0	0	2	1
418	3	0	3	3	2
418	4	-1	1	0	0
418	5	-1	0	2	0
419	1	0	1	2	4
419	2	1	0	0	2
419	3	1	2	1	4
419	4	0	0	0	2
419	5	2	1	2	3
420	1	4	3	3	4
420	2	3	2	5	6
420	3	7	2	7	6
420	4	7	3	4	6
420	5	3	4	1	4
421	1	-3	0	0	0
421	2	-2	0	1	2
421	3	1	2	0	4
421	4	-1	0	1	0
421	5	-2	1	1	0
422	1	0	0	3	1
422	2	0	0	0	1
422	3	0	-1	0	0
422	4	0	0	2	1
422	5	1	2	2	5
423	1	0	1	1	3
423	2	1	2	3	2
423	3	2	4	2	4
423	4	1	2	4	5
423	5	2	5	5	6
424	1	0	0	0	1
424	2	0	1	3	3
424	3	3	2	0	2
424	4	1	1	2	4
424	5	1	0	3	3
425	1	4	4	5	5
425	2	6	5	4	6
425	3	2	2	3	3
425	4	4	4	4	5
425	5	3	3	4	6
426	1	2	0	1	4
426	2	3	1	1	4
426	3	2	1	4	5
426	4	6	2	6	7
426	5	4	2	5	7
427	1	-1	0	0	0
427	2	-4	0	-2	0
427	3	-3	0	-4	-1
427	4	0	0	-2	0
427	5	0	0	0	1
428	1	0	2	3	3
428	2	2	1	4	5
428	3	2	1	3	4
428	4	3	3	4	5
428	5	1	1	4	4
429	1	-1	0	-3	0
429	2	-3	-1	-6	1
429	3	-6	0	-9	-3
429	4	-1	0	-6	0
429	5	1	0	0	0
430	1	3	3	5	6
430	2	2	2	3	3
430	3	2	5	4	4
430	4	2	2	1	4
430	5	3	4	6	4
431	1	0	2	1	3
431	2	4	2	5	4
431	3	4	4	4	5
431	4	5	4	8	7
431	5	3	2	5	6
432	1	5	3	7	5
432	2	1	2	4	0
432	3	5	3	6	2
432	4	3	4	5	3
432	5	2	4	5	3
433	1	1	1	3	2
433	2	0	1	1	3
433	3	0	0	-1	0
433	4	0	0	0	2
433	5	1	1	0	2
434	1	3	2	5	5
434	2	1	2	4	4
434	3	4	4	6	4
434	4	2	3	5	4
434	5	4	2	6	5
435	1	0	4	0	2
435	2	2	2	2	2
435	3	0	3	0	2
435	4	0	1	0	1
435	5	0	2	1	0
436	1	5	5	7	7
436	2	1	2	0	3
436	3	3	3	3	4
436	4	2	3	6	3
436	5	1	2	7	4
437	1	2	3	2	3
437	2	1	3	1	4
437	3	-2	1	0	0
437	4	1	3	2	2
437	5	1	2	2	1
438	1	1	0	2	1
438	2	0	0	-2	1
438	3	0	0	2	1
438	4	0	0	1	1
438	5	0	0	-1	1
439	1	4	6	4	5
439	2	1	4	6	5
439	3	3	4	1	5
439	4	0	3	4	4
439	5	4	5	5	7
440	1	-1	0	-1	2
440	2	0	1	0	3
440	3	1	1	-1	2
440	4	3	2	5	5
440	5	0	1	0	3
441	1	2	3	2	3
441	2	7	5	5	5
441	3	4	4	3	5
441	4	3	2	2	5
441	5	4	4	7	6
442	1	3	2	4	5
442	2	1	0	4	3
442	3	0	1	0	2
442	4	3	2	4	5
442	5	0	0	0	2
443	1	0	1	3	1
443	2	1	0	2	0
443	3	2	1	4	0
443	4	1	2	5	1
443	5	-1	2	0	1
444	1	2	2	5	2
444	2	5	4	6	4
444	3	4	2	5	6
444	4	3	2	7	5
444	5	5	5	7	5
445	1	2	3	5	3
445	2	3	3	6	3
445	3	4	2	6	4
445	4	2	2	3	4
445	5	2	3	0	4
446	1	4	3	0	5
446	2	3	2	6	2
446	3	4	3	4	4
446	4	3	2	3	4
446	5	-1	2	1	1
447	1	0	2	0	2
447	2	3	3	1	0
447	3	0	2	3	0
447	4	3	4	7	2
447	5	4	6	6	5
448	1	-1	1	0	2
448	2	0	1	1	2
448	3	2	3	0	3
448	4	3	5	5	5
448	5	0	1	-2	2
449	1	5	6	4	6
449	2	7	5	7	8
449	3	5	4	6	7
449	4	4	5	7	5
449	5	3	4	6	6
450	1	3	5	6	3
450	2	5	4	3	3
450	3	2	1	6	3
450	4	4	3	3	4
450	5	4	1	6	1
451	1	1	0	1	2
451	2	0	0	0	2
451	3	2	1	4	4
451	4	3	1	5	4
451	5	0	0	0	2
452	1	0	0	6	3
452	2	4	3	5	4
452	3	4	2	6	4
452	4	2	0	2	2
452	5	2	0	2	2
453	1	1	3	3	3
453	2	0	1	0	3
453	3	2	1	4	3
453	4	3	0	4	3
453	5	1	1	3	2
454	1	0	1	0	2
454	2	3	2	2	3
454	3	2	1	3	4
454	4	0	0	0	1
454	5	1	0	-1	3
455	1	3	0	2	1
455	2	0	1	2	2
455	3	0	1	7	2
455	4	1	1	1	4
455	5	1	1	1	1
456	1	4	4	9	6
456	2	5	6	11	7
456	3	4	5	7	5
456	4	6	5	11	5
456	5	6	5	9	8
457	1	2	0	1	2
457	2	0	0	0	0
457	3	2	2	2	4
457	4	1	0	3	1
457	5	-1	-1	0	1
458	1	1	2	2	5
458	2	2	2	1	3
458	3	4	4	5	5
458	4	5	2	5	5
458	5	0	2	1	1
459	1	1	2	2	5
459	2	3	3	7	5
459	3	2	1	5	4
459	4	3	3	6	3
459	5	0	2	3	2
460	1	2	2	1	2
460	2	2	3	3	4
460	3	3	2	5	4
460	4	5	2	5	6
460	5	1	0	0	0
461	1	0	3	3	2
461	2	0	1	1	3
461	3	2	1	3	3
461	4	5	3	5	5
461	5	2	3	4	5
462	1	4	2	0	4
462	2	2	2	1	4
462	3	4	2	3	5
462	4	4	2	3	5
462	5	6	4	6	8
463	1	0	0	1	2
463	2	0	1	1	2
463	3	0	2	-2	2
463	4	0	2	1	4
463	5	0	2	0	1
464	1	3	2	4	3
464	2	6	4	6	5
464	3	5	4	7	6
464	4	7	4	10	6
464	5	0	4	4	4
465	1	1	3	5	5
465	2	0	3	5	3
465	3	1	2	0	2
465	4	2	4	4	4
465	5	0	2	2	5
466	1	0	0	1	1
466	2	0	0	0	0
466	3	3	1	6	4
466	4	1	1	0	1
466	5	2	2	5	2
467	1	0	1	6	2
467	2	0	0	2	0
467	3	0	0	1	0
467	4	-1	0	0	-1
467	5	0	1	1	1
468	1	0	0	2	2
468	2	0	0	3	1
468	3	1	0	4	2
468	4	0	1	3	1
468	5	0	0	3	3
469	1	4	2	3	3
469	2	1	2	5	4
469	3	1	2	3	4
469	4	4	4	9	5
469	5	4	4	7	6
470	1	0	1	2	0
470	2	0	1	2	1
470	3	-1	0	0	0
470	4	-1	0	-2	-1
470	5	0	1	1	1
471	1	-2	-1	-3	0
471	2	2	0	0	0
471	3	0	0	0	2
471	4	0	0	0	2
471	5	0	1	1	0
472	1	0	3	2	1
472	2	3	3	2	0
472	3	2	2	5	1
472	4	0	2	1	0
472	5	-1	2	0	0
473	1	5	4	7	4
473	2	8	6	12	5
473	3	3	5	8	4
473	4	4	3	5	4
473	5	4	4	5	3
474	1	3	2	2	3
474	2	2	1	0	0
474	3	4	2	5	5
474	4	2	1	3	4
474	5	3	2	4	3
475	1	-1	2	-1	1
475	2	4	4	2	3
475	3	1	1	0	2
475	4	2	2	2	1
475	5	0	1	-1	2
476	1	0	4	6	1
476	2	3	3	4	3
476	3	3	1	2	1
476	4	5	5	7	5
476	5	2	3	4	3
477	1	1	0	1	2
477	2	-1	0	0	0
477	3	0	1	0	2
477	4	-2	0	-2	-1
477	5	0	0	3	1
478	1	2	3	3	3
478	2	1	2	4	1
478	3	-1	2	0	3
478	4	2	1	4	2
478	5	0	2	-1	1
479	1	1	3	0	1
479	2	1	4	4	4
479	3	3	3	2	3
479	4	5	4	8	3
479	5	4	3	5	3
480	1	4	2	5	6
480	2	5	3	7	6
480	3	6	5	8	6
480	4	2	2	6	4
480	5	5	3	6	5
481	1	3	3	1	4
481	2	0	0	-2	3
481	3	0	0	-1	1
481	4	0	0	-2	2
481	5	2	1	0	3
482	1	1	1	3	1
482	2	5	4	9	6
482	3	1	2	2	5
482	4	1	2	5	3
482	5	3	2	5	4
483	1	0	0	2	2
483	2	4	2	5	4
483	3	0	0	1	0
483	4	1	3	3	3
483	5	1	1	2	1
484	1	1	0	0	0
484	2	0	1	0	3
484	3	2	1	3	2
484	4	1	1	3	3
484	5	0	2	2	3
485	1	0	1	-1	3
485	2	1	0	0	2
485	3	0	1	0	2
485	4	0	0	-3	0
485	5	-1	1	-5	-1
486	1	0	3	7	4
486	2	1	1	4	1
486	3	1	2	2	4
486	4	2	0	4	4
486	5	0	1	2	1
487	1	3	1	3	3
487	2	2	0	2	3
487	3	1	2	2	2
487	4	-3	2	-4	1
487	5	-3	0	-3	-1
488	1	1	2	3	3
488	2	5	3	3	5
488	3	2	3	6	5
488	4	1	1	0	2
488	5	3	1	1	3
489	1	0	-1	1	0
489	2	-1	-1	1	2
489	3	0	0	3	2
489	4	2	1	2	2
489	5	4	1	8	6
490	1	0	1	0	2
490	2	0	2	2	4
490	3	3	1	2	4
490	4	3	2	4	4
490	5	4	3	5	5
491	1	4	4	6	5
491	2	4	4	5	5
491	3	2	3	3	5
491	4	-1	0	-3	3
491	5	0	2	-1	1
492	1	0	1	1	0
492	2	-3	0	-4	-1
492	3	-2	0	0	0
492	4	1	1	1	-1
492	5	0	0	4	1
493	1	0	1	-1	0
493	2	0	2	0	0
493	3	1	1	1	3
493	4	-3	-1	-2	0
493	5	0	0	0	2
494	1	2	4	8	6
494	2	5	2	7	6
494	3	6	5	7	7
494	4	4	3	8	5
494	5	1	3	6	4
495	1	0	4	1	3
495	2	1	2	1	3
495	3	4	4	0	0
495	4	2	3	5	2
495	5	2	3	3	3
496	1	4	3	5	5
496	2	6	4	6	6
496	3	6	3	4	4
496	4	1	2	1	4
496	5	1	2	2	2
497	1	5	2	4	3
497	2	3	1	2	3
497	3	0	1	1	5
497	4	4	1	5	6
497	5	2	2	3	4
498	1	1	2	2	3
498	2	0	0	3	1
498	3	0	0	0	1
498	4	2	2	3	3
498	5	2	1	4	4
499	1	4	2	6	6
499	2	3	3	7	4
499	3	1	1	3	2
499	4	0	0	1	2
499	5	0	1	2	2
500	1	2	1	2	3
500	2	1	2	3	5
500	3	5	3	4	5
500	4	4	3	7	5
500	5	1	1	2	3
