1	1	2	3	3	4	0	1	2	3	4	0	3	5	6	4	4	2	5	3	4	4	4	8	7	7	2	3	4	5	5	3	4	2	5	4	4	3	7	5	5	1	2	1	2	0	3	1	3	3	1	2	2	5	5	5	3	3	5	5	5	2	2	9	6	5	1	1	2	2	3	2	2	3	3	3	0	2	0	1	2	2	2	5	5	5	5	4	4	5	4	3	2	4	4	3	1	3	5	6	4	3	3	9	7	6	2	3	5	4	3	2	2	5	5	4	0	1	2	3	1	4	3	8	5	6	2	3	3	4	6	1	2	4	3	2	3	3	2	4	3	0	0	-1	1	2	0	3	3	1	1
2	2	2	3	2	3	0	3	2	0	2	0	1	-1	2	3	-1	1	-1	0	0	2	3	0	4	4	1	0	3	2	4	0	2	1	2	1	1	2	2	3	2	3	2	3	2	3	0	1	0	0	0	0	2	1	2	3	0	1	1	1	1	2	2	2	2	4	0	1	2	2	1	1	0	1	2	1	0	1	-1	1	1	1	0	2	3	3	1	3	2	2	6	0	2	3	2	1	0	1	2	2	2	1	2	3	3	2	0	2	3	3	3	1	1	-1	2	1	-1	0	1	2	2	4	2	4	1	2	1	1	4	3	2	2	2	2	1	1	1	3	3	4	5	1	2	1	3	3	1	3	2	5	1
3	0	1	0	0	3	-1	0	-3	0	0	0	0	0	0	1	-1	0	0	0	-1	0	1	0	2	2	0	0	1	4	1	2	1	3	3	2	1	1	3	2	3	1	1	4	3	2	0	1	1	1	0	-1	1	0	2	2	1	2	3	2	3	2	2	3	2	4	0	2	4	2	4	0	1	1	3	2	0	1	0	3	2	1	0	0	1	2	-2	0	-1	0	1	1	0	1	2	5	0	2	1	3	1	1	1	3	3	2	-2	0	1	1	3	-1	0	0	-1	0	1	1	0	1	0	0	1	3	4	0	-2	1	0	0	0	-1	0	-2	0	3	0	0	-3	2	0	0	1	0	1	2	-4	-2	-4	-2	-2
4	1	3	2	4	3	2	1	0	1	0	1	2	3	4	2	3	2	2	4	2	3	3	2	5	4	5	3	6	6	4	5	2	3	4	4	0	1	1	3	1	1	1	-2	2	-1	2	1	-1	2	0	0	2	0	2	0	4	2	4	4	5	0	3	0	1	1	4	4	4	4	3	3	2	5	6	4	2	1	4	4	2	0	2	1	2	3	0	1	0	1	0	3	1	2	1	0	1	0	0	2	0	4	3	1	4	4	4	3	3	4	2	4	5	5	4	3	3	1	3	4	1	5	3	5	5	4	3	2	4	3	3	3	3	6	5	6	1	3	1	3	3	3	3	3	4	6	7	3	6	5	8
5	4	3	5	4	3	3	1	3	6	5	1	1	0	3	3	1	2	3	4	4	4	4	6	4	6	0	1	2	2	2	2	2	5	6	6	3	3	5	5	4	3	2	4	4	4	1	1	0	2	3	1	1	1	3	3	0	2	2	2	5	5	4	7	5	6	5	3	6	5	9	3	3	4	5	3	0	0	-2	3	1	2	2	3	5	3	0	1	0	5	3	3	3	5	6	7	2	2	7	4	7	4	4	7	5	5	3	3	5	5	5	5	3	4	4	6	2	5	5	4	5	0	2	0	2	3	5	3	5	4	8	3	3	3	5	4	0	0	-1	3	3	0	1	1	2	3	0	2	3	6	5
6	1	2	-1	1	1	1	1	0	0	1	1	1	-1	2	1	-4	0	-4	-2	0	-4	-1	-6	-1	-4	-2	0	-2	0	-2	-2	0	-5	0	-2	-2	0	-2	0	-1	-1	0	-3	0	2	0	1	0	1	0	1	1	1	0	1	1	1	2	3	2	0	0	0	0	1	0	1	0	0	0	-2	0	-5	0	-2	0	2	0	1	1	0	1	2	1	1	2	0	0	1	0	0	0	0	1	1	2	1	2	2	2	0	1	0	1	2	0	2	2	0	1	5	3	3	5	4	3	2	3	5	2	4	2	2	2	2	4	4	4	3	4	0	0	0	0	0	1	0	0	0	0	-2	0	-2	-1	-3	-1	0	-3	-1	-1
7	2	3	5	3	7	-1	1	-1	2	1	1	0	0	2	5	0	0	1	2	2	1	3	5	5	4	-2	2	2	3	2	0	1	2	2	5	-1	1	2	0	0	-1	1	5	3	4	1	2	3	3	5	1	3	5	4	7	3	2	3	4	7	0	1	1	1	2	-1	1	2	5	3	1	1	4	3	6	0	2	6	3	4	1	0	0	1	2	0	0	-1	2	1	-1	1	2	3	2	-1	0	0	0	2	-3	0	0	-1	2	-3	0	-1	1	0	-1	1	0	2	4	1	1	3	3	3	0	1	5	3	3	2	3	4	3	6	2	1	3	5	5	4	3	4	5	7	2	2	1	4	3	0	1	3	3	4
8	4	5	6	7	5	3	4	7	7	6	4	4	4	6	4	3	4	5	7	6	3	5	4	6	5	0	2	1	3	1	1	1	3	4	2	0	0	0	3	2	1	3	6	6	3	0	3	0	4	1	1	2	5	5	5	7	5	9	6	8	3	4	6	6	6	1	4	5	5	4	3	5	6	5	7	7	6	9	10	8	4	4	6	7	7	2	4	5	6	6	4	4	5	5	6	4	6	6	7	8	6	5	8	7	8	5	5	7	8	6	2	3	3	5	0	5	3	4	7	8	4	4	7	8	6	3	4	6	5	3	3	3	2	5	2	3	4	7	7	5	3	5	5	6	6	7	5	6	6	8
9	1	2	4	4	4	4	4	5	5	7	0	1	2	2	1	0	1	1	1	3	1	2	3	4	4	4	2	3	5	5	2	1	3	5	5	2	3	3	3	3	3	2	6	5	4	2	3	4	4	6	0	2	0	1	2	1	2	4	3	5	2	3	3	4	4	3	3	5	5	2	1	2	2	2	0	1	2	4	4	5	4	3	6	7	5	1	1	0	3	4	0	1	3	2	1	0	2	3	2	2	2	1	3	4	3	0	1	4	2	3	0	0	0	2	4	-1	1	0	3	0	3	2	4	3	5	4	4	5	6	7	0	1	4	2	4	4	4	6	6	5	4	3	9	6	6	5	3	6	6	8
10	1	1	1	3	2	3	4	3	5	6	5	5	9	6	8	7	4	5	4	5	5	3	6	4	6	2	4	3	5	4	2	2	2	3	2	1	1	0	3	4	3	3	2	3	3	4	3	6	4	5	3	2	4	4	5	1	3	2	3	3	5	4	7	4	7	4	4	6	4	6	3	5	5	4	7	5	4	4	4	5	4	4	3	3	6	3	2	5	4	4	2	2	0	2	3	2	3	2	3	6	0	3	1	4	4	3	3	3	3	7	4	2	3	2	4	1	4	2	2	5	4	2	2	5	4	4	2	4	3	6	4	3	4	4	6	5	4	6	5	6	1	2	2	2	0	4	3	3	6	5
11	-1	0	0	0	1	1	1	2	2	3	1	0	4	2	2	3	2	1	2	4	0	2	3	4	2	0	1	1	3	2	0	0	0	1	0	0	0	0	1	2	0	0	4	2	6	2	2	2	4	2	1	0	4	3	3	-2	0	0	0	0	0	1	0	3	0	1	2	5	5	6	3	4	4	4	2	7	5	8	6	8	3	4	11	5	5	0	1	3	3	2	2	2	4	3	2	0	2	3	3	3	1	1	3	3	5	2	1	6	5	6	4	2	10	3	7	3	2	3	4	2	0	1	1	3	1	1	1	2	1	0	-1	0	0	1	2	1	1	4	3	4	2	1	6	3	4	0	0	0	1	0
12	0	1	2	3	3	2	1	4	3	4	2	2	4	4	4	1	2	2	4	7	3	2	4	4	4	2	1	3	4	4	1	2	3	3	4	0	2	0	1	1	3	1	3	2	5	2	2	2	4	4	2	3	3	2	4	1	0	-1	2	3	2	1	1	2	4	0	1	-1	3	1	3	2	3	5	5	7	5	7	7	8	4	1	3	4	5	4	2	4	4	5	2	1	2	2	3	0	1	3	4	6	2	3	4	3	5	1	1	1	3	4	2	1	3	3	3	3	2	4	2	2	3	3	3	4	5	0	0	0	1	2	0	2	2	3	4	1	1	4	4	6	2	1	3	4	6	6	4	8	6	8
13	1	1	2	4	3	0	0	0	2	2	-1	1	0	3	4	2	2	4	4	3	1	1	4	4	4	3	2	5	4	5	1	1	2	3	2	2	1	3	4	6	3	3	6	6	7	2	2	3	4	5	2	1	4	7	4	2	2	1	6	3	1	0	1	1	3	0	2	1	4	2	0	1	0	3	5	0	0	-1	3	3	1	2	3	4	4	4	3	8	7	6	4	1	6	5	6	1	2	3	5	5	0	1	0	5	3	2	1	2	6	5	2	1	6	6	5	0	0	1	3	3	1	0	1	4	5	0	2	3	6	6	1	1	4	4	5	2	1	3	5	4	2	2	0	5	4	0	1	0	4	1
14	2	3	7	4	8	0	2	4	1	4	1	3	6	2	5	1	2	5	3	4	1	2	5	3	4	1	2	4	4	6	3	3	7	4	5	1	2	3	3	6	0	2	6	2	4	2	3	4	1	3	-2	1	2	0	3	-1	1	4	1	3	-1	0	0	1	4	-1	0	-2	0	0	-1	2	3	-1	3	0	1	4	2	2	2	2	3	3	5	0	1	2	1	3	0	2	5	2	3	-1	1	2	1	4	-1	0	0	0	1	-1	1	3	1	1	1	2	3	2	4	2	4	6	4	5	4	2	5	4	6	3	3	7	3	7	1	2	8	4	6	1	2	3	2	4	-2	1	2	2	2	2	2	3	1	4
15	8	4	7	6	10	2	3	4	5	9	4	3	4	3	6	2	3	4	5	1	0	1	-1	3	5	0	0	0	2	3	0	1	2	2	3	4	2	4	4	6	0	2	0	0	3	3	2	3	3	6	3	2	4	4	4	2	4	2	5	7	1	4	3	4	4	1	3	6	3	7	3	3	1	4	5	2	3	2	4	5	2	3	5	4	4	4	4	3	5	8	0	2	3	4	5	1	3	1	2	5	1	3	3	3	5	3	2	3	3	4	0	2	0	1	0	0	3	2	3	6	1	2	6	3	8	1	3	3	2	5	3	2	1	4	3	1	2	0	1	4	0	2	1	2	3	2	2	2	2	5
16	1	1	2	3	6	1	1	3	2	1	1	1	1	2	3	-2	-1	-1	-2	-4	1	1	0	1	2	0	0	0	0	0	0	0	0	0	0	-4	-2	-5	-2	-4	-2	0	-2	0	0	0	0	1	0	2	2	0	3	3	3	2	0	3	3	3	4	1	6	5	5	2	2	4	3	5	2	0	3	3	3	0	1	2	1	3	0	0	0	0	2	1	0	0	3	0	-2	-1	-3	-1	-1	0	0	-1	1	0	1	0	2	1	3	0	1	1	2	1	0	0	0	2	5	0	0	0	2	3	0	0	0	0	2	2	0	3	2	1	-4	0	0	0	-1	-3	0	-2	-2	-2	-2	-1	-4	0	0	-1	0	-2	0	0
17	1	3	1	1	2	0	1	2	1	2	0	1	2	2	1	1	1	4	3	4	3	2	2	3	3	0	2	1	3	1	2	1	5	3	5	0	2	3	2	0	1	2	2	2	3	3	1	3	5	5	4	3	6	3	5	2	2	3	3	5	2	0	-2	1	1	1	2	2	4	4	0	0	0	0	0	0	1	1	1	2	0	1	0	1	1	2	1	0	1	1	1	1	3	3	3	0	0	-1	0	0	0	2	2	2	2	0	1	2	0	2	2	2	4	2	4	3	3	4	3	1	0	2	3	3	1	1	2	1	2	1	4	2	2	4	4	1	3	3	2	4	1	3	4	4	6	3	2	4	3	2
18	2	3	3	3	3	2	2	2	4	4	0	3	1	3	4	2	4	5	5	2	5	5	9	7	7	5	6	6	7	9	6	6	7	7	6	4	5	4	6	6	3	5	4	7	6	2	4	2	3	5	2	5	4	5	6	6	4	8	7	8	6	5	8	9	8	2	2	3	4	7	2	4	0	3	1	0	2	2	4	1	4	3	4	6	5	0	4	4	5	6	6	4	7	6	5	2	2	4	5	4	6	5	7	7	7	2	3	1	5	5	4	4	6	6	7	4	4	4	6	7	6	5	8	6	7	7	5	7	6	7	6	5	6	6	5	4	5	8	8	6	6	6	7	10	8	4	4	5	5	4
19	1	1	2	3	1	3	3	6	4	4	4	4	4	5	3	2	3	3	4	4	1	3	4	2	2	0	1	3	3	2	-2	2	0	1	0	-1	1	-2	0	0	0	1	4	3	0	1	2	2	2	1	-1	2	1	3	2	0	1	1	2	0	0	2	1	1	2	1	1	4	3	3	1	4	1	2	2	1	2	3	2	1	0	2	1	3	2	3	2	4	5	3	0	2	0	2	1	0	1	-1	1	0	0	2	1	2	0	1	1	3	4	5	3	3	6	4	3	1	3	5	3	3	1	3	3	3	4	1	2	1	2	1	1	1	1	2	1	1	3	2	3	2	2	2	3	4	3	4	3	7	5	3
20	2	3	5	2	3	4	5	4	4	6	4	3	6	3	3	2	4	4	5	0	4	3	4	5	4	3	4	2	4	4	2	5	3	6	2	5	4	6	6	7	5	4	6	7	4	6	3	6	5	3	6	5	6	4	4	1	3	2	4	4	4	5	5	7	3	5	6	7	7	5	3	3	4	6	3	6	4	8	7	6	7	5	6	8	7	0	3	0	3	1	2	5	7	6	4	0	4	1	3	3	5	3	5	5	2	4	4	4	6	2	2	4	4	4	3	5	4	8	6	4	2	3	3	4	1	1	2	2	1	2	2	3	2	4	3	2	3	3	5	3	4	5	7	6	5	5	3	6	6	1
21	3	3	5	5	9	2	3	5	4	6	8	5	11	7	8	5	6	9	9	10	9	6	10	8	10	7	4	8	7	8	7	5	9	6	8	2	3	4	5	4	2	2	4	3	4	1	2	2	2	4	0	2	0	1	3	-1	2	0	0	0	0	2	-1	1	2	0	1	0	1	4	0	3	4	3	3	3	4	3	2	7	3	3	3	3	7	3	3	3	4	5	3	3	5	5	5	5	3	6	5	7	4	3	7	6	5	3	4	4	5	5	4	3	3	2	6	3	3	4	3	5	4	3	2	3	4	3	4	6	4	5	4	5	7	6	8	2	4	1	5	5	2	2	2	3	3	3	3	5	4	6
22	2	2	4	4	7	4	2	7	6	7	1	0	0	3	5	1	0	3	3	4	0	1	0	4	5	1	1	2	4	6	-1	0	1	3	1	0	1	2	3	5	-1	1	2	5	6	0	0	1	1	2	-1	0	0	2	3	0	1	4	4	6	0	1	3	5	6	0	1	3	2	3	-2	0	2	1	1	1	0	2	2	5	0	0	0	2	4	-1	0	0	2	3	0	1	3	4	5	0	1	1	2	2	0	2	5	6	4	-3	0	0	3	1	-2	0	-1	3	2	0	2	4	3	4	-1	0	2	3	3	0	0	1	3	4	0	2	0	3	3	5	3	6	7	10	2	4	7	5	8	3	2	4	5	7
23	6	3	7	6	5	2	1	3	3	2	2	3	3	2	4	1	3	4	3	3	1	2	2	3	3	3	2	1	3	1	0	3	2	3	2	4	3	4	4	5	3	4	7	5	5	4	4	6	6	6	5	4	7	6	5	4	4	6	4	4	2	4	2	3	4	2	4	5	3	6	2	2	3	3	2	3	4	5	7	7	1	3	4	4	1	6	5	4	5	6	2	3	6	5	3	0	2	-1	2	2	2	2	1	2	5	5	5	9	6	6	6	5	8	6	8	5	5	7	6	5	5	3	2	4	1	4	3	3	5	4	1	1	2	3	2	4	3	3	5	4	3	3	2	3	4	2	2	1	4	4
24	0	1	0	2	3	1	3	4	4	4	2	4	8	3	6	4	4	8	6	7	4	4	8	4	6	2	4	3	6	6	1	3	6	2	6	3	3	6	4	6	0	3	5	3	4	-2	0	2	3	1	-2	1	1	2	0	2	2	2	2	5	4	3	6	4	7	2	3	6	4	7	0	2	5	4	2	3	2	5	4	7	1	3	5	2	4	0	2	5	3	2	1	3	6	3	5	1	2	2	1	4	1	1	3	3	5	5	4	8	6	10	0	3	4	5	4	3	3	8	4	6	1	2	5	3	3	1	2	5	3	5	1	2	5	3	2	1	4	6	5	6	3	3	5	3	3	0	1	3	1	4
25	2	3	4	3	6	3	2	4	2	5	4	2	5	2	5	2	2	1	3	5	1	1	0	4	6	4	3	4	3	7	3	4	2	2	7	3	3	0	2	2	1	3	1	1	4	2	3	1	2	5	4	3	2	3	6	3	2	1	2	6	5	4	6	5	8	6	4	6	4	6	4	4	8	4	7	0	2	2	3	5	2	3	2	3	5	3	1	3	3	4	2	3	2	3	4	1	2	2	3	4	2	3	3	2	4	4	2	4	2	6	1	2	0	1	2	2	2	0	1	4	1	0	0	0	1	0	2	0	2	5	0	2	0	1	2	1	2	0	3	3	2	3	4	3	7	3	2	3	3	5
26	5	4	5	6	4	6	5	5	5	6	5	4	3	4	5	4	4	4	6	4	5	4	2	5	5	4	3	4	7	6	5	7	7	8	8	8	5	8	6	6	2	4	3	5	4	4	4	4	6	3	6	5	7	7	7	3	5	4	4	7	8	6	8	9	6	7	7	10	8	8	5	6	6	6	3	4	5	4	6	5	5	5	4	6	3	9	6	12	10	9	8	6	10	8	8	8	5	6	9	7	7	5	4	8	8	9	5	6	6	8	7	7	7	8	6	7	6	8	7	7	4	3	5	6	5	4	6	6	6	4	6	4	4	7	7	5	4	6	6	5	5	5	8	7	6	2	4	2	3	5
27	1	2	0	3	2	0	2	1	2	4	1	1	1	2	1	3	1	4	5	7	5	4	7	4	7	4	3	8	6	7	4	2	6	3	6	1	2	2	2	4	0	1	0	1	3	2	1	0	1	4	0	1	4	2	3	1	2	1	1	3	2	1	5	4	4	1	2	0	2	5	0	0	0	0	2	3	3	2	2	5	1	1	5	3	4	2	1	2	3	5	0	2	1	1	2	-1	0	0	0	1	1	2	-2	2	2	1	2	4	1	3	0	1	0	1	3	0	1	1	2	4	1	2	3	3	5	1	4	5	5	5	1	3	3	2	6	2	2	3	3	6	2	3	5	4	5	1	2	0	1	4
28	1	1	1	4	4	3	2	5	1	4	0	2	2	4	5	1	2	2	3	3	0	1	4	3	3	1	1	3	4	3	0	1	4	3	6	0	0	0	0	4	-1	0	0	0	1	0	1	3	3	3	0	1	0	1	3	-2	1	-1	1	2	4	2	3	4	6	1	2	4	2	4	1	2	3	3	5	2	2	5	5	6	3	2	2	2	7	0	1	2	2	4	0	2	2	3	2	2	2	5	5	4	3	3	5	5	6	1	1	2	2	4	0	3	0	1	2	2	2	3	4	7	0	1	0	3	1	-3	1	0	0	1	0	1	2	2	2	3	4	4	4	6	1	1	0	4	6	0	1	2	2	3
29	3	3	6	4	5	5	5	5	6	6	4	4	6	6	5	6	2	8	7	8	4	4	8	8	7	6	3	8	5	6	1	3	3	3	3	0	2	1	2	3	1	2	1	3	3	1	2	1	2	5	3	3	4	4	2	3	3	5	3	2	4	4	4	6	3	5	5	9	9	12	4	5	5	8	6	4	3	5	5	4	4	3	6	5	8	4	4	4	6	6	1	3	-1	3	2	1	4	5	4	2	2	3	4	3	5	2	2	5	4	3	0	2	3	3	4	0	3	2	5	3	1	1	2	3	1	1	2	3	4	4	2	3	5	6	3	1	2	1	5	6	3	2	3	5	3	0	2	1	4	2
30	0	0	2	3	1	1	1	1	2	2	-1	0	-2	0	2	-3	0	-4	0	-3	0	1	-1	0	-1	-2	0	-3	1	0	-1	2	0	1	1	3	1	4	4	7	1	1	1	3	2	0	1	3	3	3	0	1	1	0	4	0	0	0	0	0	-2	0	-2	1	2	1	0	0	1	4	1	0	0	3	3	0	1	2	3	5	0	1	0	0	3	-2	1	-2	-1	0	-1	0	-2	0	1	-1	0	1	2	0	0	0	0	1	1	0	0	-2	1	0	-1	0	1	3	1	-1	1	-2	0	0	1	1	0	0	1	1	1	1	3	2	0	2	0	1	1	1	1	1	3	3	5	2	2	2	4	3	3	1	2	4
31	0	-1	-1	1	1	2	1	3	2	2	2	2	0	3	2	2	2	1	3	4	2	0	1	2	2	2	3	3	2	3	1	0	2	3	4	1	1	0	1	1	3	1	1	2	4	3	1	5	3	5	3	2	4	4	8	6	2	5	4	7	3	2	4	3	6	2	2	6	3	6	7	2	5	6	8	2	0	3	1	3	6	2	6	4	6	4	3	3	4	4	3	2	3	4	4	3	1	2	2	3	1	2	1	3	4	-1	1	0	0	2	1	0	2	2	1	4	2	2	4	6	3	2	5	5	5	5	3	6	6	7	4	2	3	3	4	-1	1	0	1	0	2	1	1	2	3	4	2	6	2	6
32	2	2	4	5	5	0	1	2	2	3	0	2	3	1	4	3	4	4	3	4	4	2	5	3	5	1	2	4	1	3	0	2	4	2	6	0	2	-1	0	0	1	2	5	3	4	2	3	3	4	7	4	3	4	5	7	2	3	3	2	3	0	1	1	3	1	2	2	0	0	0	0	1	-1	1	1	1	2	1	2	3	2	2	5	1	5	2	2	5	1	4	0	2	3	2	2	5	4	8	6	5	3	2	6	3	5	3	2	4	4	4	3	3	5	5	4	0	2	3	1	4	5	3	2	3	5	1	2	4	3	4	4	4	7	5	4	2	2	4	2	4	4	3	5	5	5	2	2	2	3	3
33	1	1	1	1	3	-1	1	1	2	2	1	1	-1	0	5	1	0	1	2	4	2	1	3	4	4	0	1	0	0	1	-1	1	-1	1	1	0	0	0	0	2	0	0	0	2	2	-1	0	-2	0	1	-3	0	-1	1	0	1	0	1	3	2	-2	1	2	1	3	0	1	2	2	4	0	1	2	1	2	-1	0	0	1	0	0	2	0	0	3	0	1	0	2	4	0	1	2	3	2	1	1	0	3	0	1	1	2	1	1	0	0	0	1	3	1	2	2	1	3	0	1	5	3	2	4	2	2	2	6	0	1	4	1	3	0	-1	0	0	1	-3	1	-2	0	0	1	0	-2	1	1	0	1	1	0	3
34	0	0	2	2	1	1	3	2	5	3	0	1	-1	0	0	-1	1	0	0	0	-1	1	2	2	2	1	0	1	1	2	1	3	1	4	2	3	2	0	2	4	1	0	-1	1	0	3	1	1	3	5	0	1	3	1	0	1	2	2	3	4	4	1	4	5	6	2	2	1	4	3	0	1	1	1	1	-1	0	-1	2	-2	-1	1	-1	1	1	-2	1	-1	0	-2	-2	1	-1	1	0	-2	0	-2	0	0	-4	0	-5	-1	-2	-1	0	-2	1	0	1	2	0	3	1	1	2	2	2	2	2	2	5	3	4	0	1	1	3	3	2	1	4	2	3	2	2	1	4	2	3	3	4	6	4	3	2	3	4	5
35	0	0	1	4	2	0	3	2	5	2	1	2	3	4	1	1	1	0	4	2	2	1	2	5	2	2	4	4	7	6	0	1	2	5	3	-4	0	0	2	-1	-2	1	-1	1	0	0	1	0	3	1	-1	-1	-1	1	1	-2	2	-1	1	0	0	1	1	3	3	0	0	2	3	3	1	1	4	6	6	2	2	6	5	5	2	1	1	5	4	0	1	0	4	0	1	2	4	3	3	0	2	0	4	1	-2	0	0	1	0	-1	1	0	3	2	0	2	2	3	0	-3	0	-4	2	-2	-2	-1	-1	1	0	0	1	1	3	0	-2	1	-2	3	2	-1	0	0	3	1	-1	0	1	2	0	-2	0	0	1	0
36	2	3	0	0	4	0	0	-1	1	0	3	3	2	2	2	-1	1	0	1	0	1	2	-1	3	3	3	2	2	2	5	0	1	1	3	2	-1	0	0	0	0	-1	1	-1	1	0	2	3	0	4	3	0	1	0	2	3	1	1	1	2	3	2	2	0	3	3	2	2	0	0	2	2	1	0	1	2	0	0	-1	0	0	-1	0	-1	-1	1	0	1	-2	0	0	0	1	2	2	4	0	0	0	0	0	2	2	0	1	1	-2	0	-2	-1	0	-2	0	-2	-1	-2	-1	1	0	0	0	1	1	2	3	1	3	2	3	4	5	3	2	5	3	3	0	2	-1	2	3	2	3	2	2	4	0	1	3	2	3
37	1	3	2	3	3	-2	1	0	0	0	1	2	3	2	1	1	1	5	4	2	2	2	5	4	2	3	3	5	6	3	1	2	4	5	2	1	3	5	4	4	0	2	4	2	1	1	3	3	4	4	3	3	5	5	5	0	1	-3	2	2	0	1	0	1	2	0	2	0	1	0	1	0	2	2	1	0	2	4	3	1	-1	0	1	1	3	0	1	2	1	0	-1	1	-1	1	0	1	2	2	3	-2	0	1	-1	2	0	3	3	3	3	1	0	1	1	3	3	-1	0	-1	1	0	-1	0	0	0	2	-2	2	0	3	0	-1	1	-2	1	0	1	3	6	4	1	-1	1	0	3	-1	1	2	4	3	1
38	5	5	5	5	6	4	2	2	3	5	0	2	2	2	4	4	3	5	3	4	3	2	1	2	4	4	3	2	3	5	1	2	1	2	4	2	3	3	3	6	4	2	3	5	4	3	2	4	3	5	0	0	-1	1	0	0	0	-1	2	0	0	0	0	1	1	0	1	1	1	0	2	1	4	4	4	2	2	4	5	4	2	5	5	3	3	4	3	6	6	6	2	2	3	3	4	3	2	5	3	4	0	1	0	1	1	0	0	0	0	0	1	1	2	2	2	1	2	3	3	2	3	2	1	2	4	2	4	2	3	5	2	3	3	3	2	3	5	4	4	4	-2	1	0	0	2	0	2	0	0	0
39	1	3	2	2	3	5	3	4	2	5	3	2	2	2	5	-2	0	2	0	1	3	3	5	3	3	3	1	3	1	4	2	4	2	3	4	4	2	4	4	3	2	2	1	1	5	3	2	4	2	4	0	1	1	0	3	1	2	3	2	2	1	1	0	2	3	0	0	0	2	3	0	2	0	1	2	2	2	4	4	3	1	1	3	1	4	4	3	6	4	7	3	4	7	3	6	5	3	7	5	6	2	2	2	0	3	4	2	0	0	5	4	2	3	3	7	2	3	3	4	3	5	5	7	4	8	5	4	5	5	6	4	4	9	6	6	2	3	5	1	4	2	1	2	1	3	2	2	3	1	2
40	2	3	4	5	3	1	3	2	4	3	2	3	3	5	4	2	4	5	7	6	4	3	2	4	4	2	3	5	5	3	0	2	1	3	0	-1	2	1	3	2	-1	1	0	2	0	0	2	2	4	2	1	3	2	3	4	2	2	3	4	2	3	3	2	4	4	3	5	7	7	5	4	5	5	8	6	7	6	9	8	8	2	4	1	5	4	2	3	3	4	1	0	1	-1	1	0	1	1	4	4	4	1	4	2	4	2	2	3	2	4	3	0	1	1	1	0	0	1	2	2	0	2	3	4	5	4	3	4	4	5	3	4	4	4	7	7	3	4	4	7	5	2	3	3	4	2	3	5	4	4	4
41	5	3	6	6	4	5	4	5	5	6	2	2	4	4	3	2	2	0	2	4	1	1	2	3	3	2	3	4	3	4	0	1	-1	0	-1	0	1	0	0	1	1	2	2	2	2	2	4	3	4	5	2	2	4	3	5	2	3	3	4	5	1	3	0	3	3	3	3	7	3	6	6	2	4	5	7	0	4	2	4	2	5	4	8	5	7	2	4	5	2	7	4	4	1	4	4	1	3	1	4	3	4	4	2	4	5	2	3	4	3	3	2	3	1	2	4	3	4	3	3	3	5	3	6	4	3	5	4	7	3	7	0	2	0	1	1	0	1	2	1	0	2	2	5	3	2	3	1	6	3	4
42	2	2	5	4	6	3	4	7	5	5	1	1	2	3	0	1	2	3	5	1	5	3	5	6	6	3	3	3	3	4	3	3	4	3	4	1	4	3	4	3	3	3	6	5	6	4	4	6	5	5	2	2	3	3	4	5	3	7	5	9	4	3	7	5	7	4	4	3	3	5	1	2	1	2	2	3	3	4	4	3	-2	1	-2	0	0	0	1	2	3	2	5	3	6	6	5	4	4	3	5	6	6	6	9	5	6	5	4	8	6	8	2	2	3	4	3	4	3	5	5	6	0	3	1	4	3	2	3	2	4	4	2	2	3	5	3	1	2	1	3	2	-1	1	0	1	0	0	2	0	2	2
43	6	4	6	7	7	6	5	8	8	9	7	6	9	9	8	6	5	6	7	6	6	5	8	7	10	4	4	8	8	6	4	4	10	7	8	2	3	8	7	6	5	5	10	8	7	8	5	11	10	10	8	6	9	9	8	2	4	8	6	5	2	2	4	5	3	0	2	2	2	1	1	1	4	5	3	0	3	5	5	4	5	4	3	7	4	2	3	5	5	7	5	5	10	9	9	6	5	9	7	9	4	4	8	8	6	3	3	5	5	7	3	4	8	7	7	2	2	5	5	4	1	3	3	5	2	3	4	6	5	4	0	1	4	5	3	5	2	8	7	5	2	4	2	6	5	2	2	4	6	4
44	-3	0	0	2	2	0	0	-1	1	1	-3	0	-2	1	0	-2	0	0	0	1	-4	0	-5	1	-2	-4	-1	-3	0	-2	-3	-1	-3	0	0	-2	0	-1	2	2	-2	0	-1	1	0	-1	0	0	2	1	-1	0	1	2	0	0	1	0	0	0	1	1	3	4	4	-2	1	2	3	0	0	0	0	0	3	-2	0	-1	1	2	0	0	3	1	1	-1	0	1	2	3	-1	0	0	3	2	-1	0	-1	2	0	0	0	0	2	3	-2	0	-1	1	1	0	1	1	3	1	1	1	2	4	1	2	1	5	5	5	3	2	4	4	7	-1	0	0	0	2	0	0	2	2	1	2	1	3	4	5	1	2	7	6	6
45	3	3	0	4	5	2	2	2	4	5	1	0	0	2	0	0	1	-1	2	0	-2	0	-3	1	-1	1	1	0	3	2	1	2	2	3	5	0	2	1	2	1	-1	0	-3	2	-2	-1	1	-1	3	2	0	0	-2	3	0	1	1	2	4	1	1	2	3	5	1	1	1	0	2	0	0	1	1	3	3	0	1	2	3	1	2	1	1	4	0	1	1	-1	3	1	0	0	0	2	0	-3	0	-1	0	0	0	1	0	3	0	-1	0	-4	1	-1	0	2	-1	3	1	1	1	2	3	0	-1	0	3	3	0	1	0	0	3	1	0	1	2	2	1	0	3	3	5	3	0	2	1	4	1	0	1	3	5	0
46	2	3	7	2	6	0	2	2	1	2	2	2	9	5	4	4	4	7	6	5	1	2	2	2	2	2	4	6	4	5	0	3	4	3	5	2	1	4	4	6	7	6	11	6	10	0	1	4	4	5	3	2	6	2	5	2	3	6	3	3	0	3	4	5	4	3	2	5	3	5	3	2	6	2	4	0	1	4	4	4	3	3	6	4	3	0	2	5	2	4	3	4	5	4	4	2	3	5	5	8	2	2	6	5	5	2	1	2	3	3	0	0	5	4	4	0	0	3	2	2	2	2	6	2	3	3	4	7	4	7	4	2	7	6	4	4	2	3	2	5	3	2	7	7	6	3	3	5	3	4
47	5	4	7	7	5	3	4	6	5	2	2	2	0	4	2	2	3	4	4	3	3	3	6	5	2	1	4	2	3	2	0	3	3	3	0	0	3	1	4	2	1	3	1	5	0	6	5	11	6	6	5	4	7	6	5	2	4	4	4	3	3	4	5	5	3	1	4	5	4	2	5	5	6	5	3	2	3	2	4	0	2	2	4	5	3	1	3	2	2	2	-1	2	1	2	0	2	2	1	3	2	2	2	3	4	2	1	2	2	4	0	3	3	2	4	1	0	3	1	2	0	2	3	1	4	1	2	2	4	3	1	1	2	0	5	1	0	2	2	2	-1	1	2	1	2	1	0	3	0	0	-1
48	1	1	0	2	1	0	2	0	1	3	3	4	4	4	3	4	5	1	3	4	4	3	3	4	3	4	5	1	4	6	1	3	0	1	1	2	2	1	1	2	1	3	3	3	2	2	3	0	2	2	2	3	3	2	2	4	5	3	4	4	4	2	2	4	3	5	6	5	6	6	2	4	2	3	3	3	2	1	2	1	4	3	3	3	5	4	4	6	4	7	7	4	7	7	5	4	5	7	6	6	3	4	2	3	3	4	3	3	3	4	5	4	4	5	7	2	1	0	1	3	3	4	3	5	4	5	3	6	6	5	6	6	7	5	8	3	3	3	4	2	3	3	3	4	3	3	3	3	1	1
49	2	1	1	3	2	0	1	0	0	2	0	0	-2	0	0	-2	0	-3	-2	0	0	0	0	0	2	3	3	7	3	3	5	3	4	1	6	3	3	4	2	4	3	2	4	2	6	6	4	7	5	7	3	2	3	2	7	4	5	7	2	5	5	3	5	3	7	2	2	3	1	3	2	1	0	0	4	4	2	4	2	6	2	2	4	2	5	1	1	1	2	4	0	1	0	0	1	4	2	4	3	5	2	1	1	2	4	0	1	-1	0	3	3	1	0	1	3	3	1	2	3	5	4	2	3	2	5	0	2	0	-2	1	0	0	-4	-1	-1	1	1	0	0	3	1	2	1	1	3	1	1	4	3	4
50	2	2	3	6	6	0	2	2	3	7	2	1	1	3	2	1	0	-1	2	2	0	3	2	4	4	0	0	0	3	2	3	3	6	8	7	3	3	5	7	7	1	2	1	2	4	0	2	3	4	4	2	2	2	5	4	0	1	2	5	4	2	2	1	3	5	0	1	1	5	0	1	2	0	3	3	-1	1	3	4	4	1	1	3	3	4	2	3	2	3	7	1	1	2	5	4	2	1	3	4	4	2	3	5	5	8	1	3	5	5	6	0	0	1	6	3	1	0	0	6	4	2	1	3	3	4	0	1	2	4	5	4	2	5	3	6	2	2	1	5	7	1	2	3	4	4	2	3	2	2	4
