1	1	2	1	1
1	2	1	1	5
1	3	0	1	2
1	4	4	2	5
1	5	2	2	6
2	1	0	1	1
2	2	0	0	0
2	3	0	0	0
2	4	2	2	2
2	5	0	0	0
3	1	0	0	-1
3	2	-1	0	-1
3	3	0	0	0
3	4	0	0	2
3	5	0	-1	0
4	1	1	1	2
4	2	2	1	4
4	3	2	3	5
4	4	-1	0	0
4	5	0	3	3
5	1	0	2	4
5	2	3	2	3
5	3	-3	2	1
5	4	1	1	4
5	5	0	2	2
6	1	0	1	1
6	2	-3	0	-5
6	3	0	1	-1
6	4	-1	0	-2
6	5	1	0	0
7	1	-2	0	0
7	2	0	1	0
7	3	-1	1	-2
7	4	-2	2	0
7	5	0	1	2
8	1	5	4	5
8	2	3	5	6
8	3	2	2	1
8	4	0	3	0
8	5	1	3	1
9	1	4	3	6
9	2	3	1	3
9	3	3	3	7
9	4	1	3	4
9	5	2	3	3
10	1	5	4	5
10	2	5	3	7
10	3	3	4	3
10	4	2	3	2
10	5	3	4	4
11	1	0	2	4
11	2	4	1	6
11	3	3	1	1
11	4	0	1	0
11	5	1	0	3
12	1	1	2	2
12	2	1	2	2
12	3	5	1	3
12	4	1	1	0
12	5	0	3	1
13	1	-1	0	0
13	2	0	0	4
13	3	0	2	5
13	4	6	3	5
13	5	2	1	4
14	1	1	1	1
14	2	0	2	1
14	3	2	3	3
14	4	0	2	3
14	5	0	2	4
15	1	2	2	2
15	2	2	3	2
15	3	1	2	1
15	4	4	3	6
15	5	5	4	7
16	1	1	0	1
16	2	-2	-1	-2
16	3	-2	-1	-1
16	4	-4	-3	-7
16	5	0	0	-1
17	1	0	1	1
17	2	2	2	2
17	3	1	1	0
17	4	0	1	0
17	5	0	2	4
18	1	3	2	5
18	2	1	4	4
18	3	3	5	6
18	4	2	5	5
18	5	1	3	3
19	1	1	4	5
19	2	2	3	4
19	3	0	1	0
19	4	0	1	-1
19	5	-1	2	1
20	1	2	4	6
20	2	3	3	4
20	3	3	2	4
20	4	1	4	6
20	5	1	4	7
21	1	2	3	3
21	2	5	5	5
21	3	5	5	8
21	4	2	3	3
21	5	2	3	1
22	1	4	1	7
22	2	2	3	6
22	3	2	2	5
22	4	1	5	3
22	5	-1	1	2
23	1	1	3	2
23	2	2	3	1
23	3	3	2	5
23	4	5	4	6
23	5	2	3	6
24	1	4	6	4
24	2	5	4	7
24	3	4	3	5
24	4	3	4	6
24	5	0	1	0
25	1	2	3	2
25	2	2	2	1
25	3	2	3	3
25	4	2	2	3
25	5	2	3	1
26	1	4	5	8
26	2	5	5	7
26	3	4	4	5
26	4	8	5	9
26	5	5	3	7
27	1	0	2	0
27	2	4	3	6
27	3	5	4	5
27	4	2	3	3
27	5	1	1	5
28	1	0	2	5
28	2	2	3	3
28	3	3	1	3
28	4	0	3	0
28	5	2	1	1
29	1	3	4	7
29	2	8	5	10
29	3	5	4	10
29	4	2	2	4
29	5	2	2	3
30	1	-1	0	2
30	2	-1	0	-2
30	3	0	0	-2
30	4	0	2	4
30	5	2	2	2
31	1	4	1	3
31	2	3	2	2
31	3	2	3	1
31	4	2	0	0
31	5	3	3	3
32	1	0	2	0
32	2	0	1	4
32	3	2	2	1
32	4	0	1	-1
32	5	4	1	1
33	1	0	0	-1
33	2	0	1	2
33	3	-2	0	0
33	4	1	0	0
33	5	-2	0	0
34	1	4	2	3
34	2	0	1	0
34	3	0	1	2
34	4	0	2	4
34	5	0	3	5
35	1	0	1	3
35	2	0	0	3
35	3	3	3	5
35	4	-1	1	-1
35	5	0	0	2
36	1	-1	0	-1
36	2	-2	0	-4
36	3	0	2	0
36	4	-2	0	-2
36	5	-1	1	1
37	1	-3	1	-1
37	2	0	0	2
37	3	2	2	4
37	4	0	3	3
37	5	1	3	3
38	1	1	1	4
38	2	3	3	6
38	3	4	3	5
38	4	6	4	4
38	5	3	2	4
39	1	4	3	5
39	2	0	1	-3
39	3	1	1	1
39	4	4	2	2
39	5	3	2	2
40	1	1	2	2
40	2	4	3	4
40	3	4	3	4
40	4	1	3	1
40	5	3	3	4
41	1	3	3	5
41	2	2	2	3
41	3	1	3	2
41	4	1	1	2
41	5	2	3	2
42	1	6	4	3
42	2	3	4	4
42	3	2	3	4
42	4	2	2	1
42	5	4	3	5
43	1	5	4	8
43	2	3	4	10
43	3	5	4	6
43	4	4	5	4
43	5	8	5	11
44	1	-1	0	1
44	2	-2	0	0
44	3	-3	0	-2
44	4	-1	1	0
44	5	-1	1	1
45	1	0	0	2
45	2	-1	0	1
45	3	0	1	3
45	4	0	1	1
45	5	0	1	0
46	1	0	1	0
46	2	2	1	4
46	3	3	4	5
46	4	4	3	6
46	5	1	1	0
47	1	1	2	3
47	2	1	2	4
47	3	0	2	2
47	4	0	0	1
47	5	4	3	8
48	1	3	3	0
48	2	5	2	3
48	3	3	4	4
48	4	4	2	3
48	5	2	2	2
49	1	2	0	0
49	2	-1	0	-4
49	3	5	1	2
49	4	3	3	1
49	5	7	4	7
50	1	1	2	1
50	2	-2	1	4
50	3	0	1	0
50	4	2	2	4
50	5	2	2	2
51	1	3	2	0
51	2	4	5	5
51	3	4	3	5
51	4	0	0	0
51	5	4	2	2
52	1	0	0	0
52	2	1	3	3
52	3	1	1	0
52	4	0	2	4
52	5	2	3	2
53	1	2	1	4
53	2	2	3	2
53	3	4	2	6
53	4	4	4	5
53	5	4	3	3
54	1	-1	1	1
54	2	1	2	2
54	3	0	1	4
54	4	-1	0	1
54	5	0	0	-1
55	1	3	2	2
55	2	3	2	6
55	3	6	4	7
55	4	5	2	6
55	5	4	3	5
56	1	0	2	1
56	2	-5	0	-4
56	3	-3	-2	-3
56	4	-3	-1	-3
56	5	-2	0	0
57	1	3	4	7
57	2	6	5	7
57	3	4	4	6
57	4	6	4	4
57	5	5	5	7
58	1	0	0	2
58	2	0	2	1
58	3	0	0	1
58	4	1	1	1
58	5	1	1	1
59	1	-1	0	-1
59	2	0	2	0
59	3	2	1	1
59	4	1	3	2
59	5	0	0	-2
60	1	6	4	5
60	2	3	3	6
60	3	1	2	2
60	4	0	1	3
60	5	1	2	2
61	1	2	3	2
61	2	3	2	1
61	3	2	1	2
61	4	3	3	2
61	5	3	2	3
62	1	3	3	4
62	2	4	3	6
62	3	2	4	4
62	4	4	4	7
62	5	4	3	5
63	1	0	3	2
63	2	2	3	4
63	3	1	2	4
63	4	4	4	5
63	5	3	3	5
64	1	5	4	4
64	2	5	4	5
64	3	8	4	6
64	4	6	2	4
64	5	2	2	0
65	1	4	2	6
65	2	2	2	1
65	3	1	1	2
65	4	-1	0	0
65	5	1	3	3
66	1	4	1	3
66	2	3	2	5
66	3	1	1	3
66	4	0	1	2
66	5	4	1	5
67	1	0	3	1
67	2	1	2	4
67	3	2	3	3
67	4	3	3	3
67	5	4	3	5
68	1	1	2	0
68	2	1	4	3
68	3	3	3	5
68	4	2	3	2
68	5	2	3	1
69	1	1	2	4
69	2	1	2	1
69	3	0	1	-1
69	4	0	2	2
69	5	0	2	0
70	1	0	0	0
70	2	0	0	1
70	3	2	0	0
70	4	2	2	1
70	5	3	1	4
71	1	4	4	9
71	2	7	4	11
71	3	6	5	9
71	4	4	3	5
71	5	1	1	1
72	1	3	2	5
72	2	1	3	3
72	3	1	3	2
72	4	4	4	1
72	5	4	4	4
73	1	-1	1	0
73	2	-2	0	-1
73	3	-2	0	-2
73	4	0	0	0
73	5	1	2	3
74	1	5	3	3
74	2	2	3	5
74	3	3	3	2
74	4	3	3	0
74	5	0	2	-1
75	1	4	2	6
75	2	3	1	3
75	3	2	1	3
75	4	2	3	2
75	5	2	1	6
76	1	1	1	2
76	2	-1	0	2
76	3	1	2	2
76	4	-1	1	-1
76	5	2	3	3
77	1	1	1	4
77	2	3	4	6
77	3	4	3	6
77	4	1	3	2
77	5	2	3	2
78	1	5	3	2
78	2	3	3	2
78	3	3	4	1
78	4	1	2	2
78	5	3	3	2
79	1	3	1	2
79	2	2	1	2
79	3	0	1	0
79	4	-1	0	1
79	5	1	1	2
80	1	0	1	0
80	2	0	1	2
80	3	0	1	1
80	4	0	2	2
80	5	0	1	1
81	1	1	3	3
81	2	3	3	3
81	3	2	2	1
81	4	1	3	4
81	5	2	3	3
82	1	1	2	0
82	2	1	2	4
82	3	2	2	0
82	4	2	3	3
82	5	4	2	4
83	1	2	3	4
83	2	4	4	5
83	3	1	1	3
83	4	0	1	1
83	5	1	2	0
84	1	0	1	0
84	2	0	2	0
84	3	0	2	2
84	4	0	2	2
84	5	-3	0	-1
85	1	3	3	4
85	2	5	2	6
85	3	2	1	2
85	4	0	1	1
85	5	-1	1	0
86	1	3	1	6
86	2	2	3	4
86	3	1	2	0
86	4	2	2	0
86	5	0	2	1
87	1	0	1	3
87	2	2	1	3
87	3	1	1	0
87	4	0	0	0
87	5	2	2	3
88	1	0	0	-1
88	2	0	0	2
88	3	0	0	0
88	4	1	0	3
88	5	-2	0	0
89	1	1	3	3
89	2	3	5	5
89	3	4	5	4
89	4	4	2	2
89	5	-1	0	0
90	1	1	0	1
90	2	1	1	3
90	3	-3	0	-2
90	4	-5	0	-3
90	5	-2	0	-1
91	1	0	0	-1
91	2	1	1	0
91	3	-1	-2	-2
91	4	-1	0	-1
91	5	1	1	-1
92	1	-1	0	0
92	2	0	0	4
92	3	0	2	3
92	4	5	1	4
92	5	2	0	2
93	1	2	3	5
93	2	4	2	6
93	3	4	2	4
93	4	6	2	6
93	5	4	4	8
94	1	2	3	2
94	2	0	3	0
94	3	1	1	1
94	4	0	3	2
94	5	3	2	3
95	1	0	0	1
95	2	-1	-1	-1
95	3	0	0	1
95	4	-3	-1	0
95	5	-1	0	0
96	1	5	3	4
96	2	2	3	1
96	3	2	2	0
96	4	6	4	7
96	5	6	4	6
97	1	-1	0	-1
97	2	0	0	0
97	3	0	-1	-1
97	4	-1	-1	-1
97	5	0	0	0
98	1	0	2	2
98	2	-1	2	2
98	3	-2	1	-1
98	4	0	0	-1
98	5	-2	0	0
99	1	0	1	0
99	2	1	3	3
99	3	3	1	6
99	4	2	3	5
99	5	2	3	4
100	1	2	2	5
100	2	3	3	5
100	3	5	5	9
100	4	2	2	5
100	5	4	2	5
