1	1	7	4	7	5
1	2	3	3	6	5
1	3	1	2	2	2
1	4	3	3	4	4
1	5	4	3	5	5
1	6	6	4	7	5
1	7	2	3	2	3
1	8	1	3	6	4
1	9	5	3	8	4
1	10	0	1	1	2
1	11	2	2	0	2
1	12	3	3	5	5
1	13	4	5	5	6
1	14	7	4	6	7
1	15	1	2	2	4
1	16	2	2	3	2
1	17	0	4	1	4
1	18	3	4	4	2
1	19	2	3	4	5
1	20	2	3	4	4
1	21	3	4	5	5
1	22	6	3	5	5
1	23	4	3	4	3
1	24	3	3	3	5
1	25	1	3	1	1
1	26	6	3	5	5
1	27	2	3	1	2
1	28	3	4	3	2
1	29	1	3	3	4
1	30	-1	2	-1	1
1	31	2	3	1	1
1	32	0	2	1	2
1	33	0	1	1	2
1	34	0	1	-3	-1
1	35	1	3	3	3
1	36	4	3	2	2
1	37	2	3	1	2
1	38	2	2	3	3
1	39	1	3	2	2
1	40	2	3	4	4
1	41	7	4	5	6
1	42	3	3	2	4
1	43	3	3	4	3
1	44	1	1	0	1
1	45	0	1	0	2
1	46	1	3	2	2
1	47	0	2	0	4
1	48	3	3	1	3
1	49	5	4	5	4
1	50	4	3	6	6
1	51	2	1	1	0
1	52	1	2	0	1
1	53	2	2	2	2
1	54	4	3	3	4
1	55	1	0	0	0
1	56	1	2	2	2
1	57	2	2	2	2
1	58	1	2	0	3
1	59	4	4	4	4
1	60	3	2	4	3
1	61	0	3	1	1
1	62	4	3	4	2
1	63	3	3	3	3
1	64	3	3	4	5
1	65	3	2	4	4
1	66	5	4	6	5
1	67	6	4	8	4
1	68	4	4	6	6
1	69	3	3	3	6
1	70	2	4	7	4
1	71	2	2	0	3
1	72	0	2	1	1
1	73	2	4	3	3
1	74	1	2	1	2
1	75	0	1	0	0
1	76	2	3	4	1
1	77	3	2	2	1
1	78	3	2	5	3
1	79	3	3	5	4
1	80	1	3	1	1
1	81	2	2	4	4
1	82	3	4	3	3
1	83	5	4	4	5
1	84	4	2	5	5
1	85	2	2	2	4
1	86	3	4	4	3
1	87	5	2	5	4
1	88	2	4	4	4
1	89	4	4	3	6
1	90	3	2	1	4
2	1	6	2	7	3
2	2	2	3	5	4
2	3	1	2	2	1
2	4	-1	1	0	0
2	5	-1	0	0	0
2	6	0	2	3	2
2	7	2	1	1	2
2	8	0	1	1	2
2	9	1	1	2	3
2	10	2	2	1	2
2	11	0	0	0	1
2	12	0	0	2	1
2	13	0	1	2	2
2	14	1	1	2	2
2	15	1	2	0	2
2	16	0	1	0	1
2	17	-1	1	0	0
2	18	1	0	1	3
2	19	1	2	3	4
2	20	2	2	2	3
2	21	1	1	0	1
2	22	2	3	1	3
2	23	2	1	1	4
2	24	-1	1	0	0
2	25	0	1	0	2
2	26	2	1	2	4
2	27	2	1	1	4
2	28	1	2	2	3
2	29	2	2	5	4
2	30	0	3	2	3
2	31	1	1	1	2
2	32	3	2	5	4
2	33	0	1	3	2
2	34	6	4	5	4
2	35	2	1	6	2
2	36	4	2	6	4
2	37	3	2	5	4
2	38	3	3	3	3
2	39	4	2	4	4
2	40	4	2	6	5
2	41	1	3	3	3
2	42	2	2	2	4
2	43	1	1	3	3
2	44	4	2	5	6
2	45	2	3	3	3
2	46	6	3	8	5
2	47	4	3	4	5
2	48	6	2	5	4
2	49	1	2	3	3
2	50	1	1	1	3
2	51	1	1	1	1
2	52	0	2	0	2
2	53	0	0	0	2
2	54	3	3	6	4
2	55	0	1	1	1
2	56	2	2	4	5
2	57	3	3	3	3
2	58	3	2	4	5
2	59	1	2	1	1
2	60	1	1	1	3
2	61	4	4	1	2
2	62	2	1	3	2
2	63	5	5	7	6
2	64	8	3	8	3
2	65	4	5	6	6
2	66	6	3	7	6
2	67	3	3	2	4
2	68	2	2	4	3
2	69	4	3	5	6
2	70	4	4	7	5
2	71	2	4	4	6
2	72	4	3	4	5
2	73	3	3	5	4
2	74	4	3	4	5
2	75	2	3	5	3
2	76	1	1	1	3
2	77	3	1	3	4
2	78	0	1	0	0
2	79	4	2	4	2
2	80	1	1	5	4
2	81	1	1	3	4
2	82	1	2	3	3
2	83	3	2	5	3
2	84	2	2	5	4
2	85	2	2	2	2
2	86	1	2	1	4
2	87	0	1	0	3
2	88	2	3	4	4
2	89	4	3	6	3
2	90	2	3	4	4
3	1	-1	0	2	2
3	2	0	1	-1	2
3	3	-3	0	0	0
3	4	0	0	-3	1
3	5	-1	0	-2	-1
3	6	0	0	0	0
3	7	0	0	1	2
3	8	2	0	1	1
3	9	1	0	1	3
3	10	2	1	2	2
3	11	0	0	0	-1
3	12	0	0	2	1
3	13	2	0	2	2
3	14	2	1	3	2
3	15	3	0	2	4
3	16	0	1	1	1
3	17	-1	1	1	0
3	18	0	1	1	2
3	19	-1	0	0	1
3	20	0	1	1	2
3	21	0	2	2	2
3	22	2	1	1	1
3	23	0	0	1	0
3	24	0	1	-1	0
3	25	0	1	0	1
3	26	1	0	0	2
3	27	-1	0	-1	2
3	28	-2	0	-3	0
3	29	-3	0	-1	0
3	30	0	1	1	2
3	31	-4	-1	-4	-2
3	32	-3	0	-2	1
3	33	-1	0	-1	0
3	34	1	1	4	2
3	35	0	1	2	2
3	36	0	1	0	1
3	37	1	0	0	0
3	38	0	1	2	0
3	39	0	1	4	2
3	40	1	1	3	2
3	41	0	0	0	2
3	42	-1	0	-2	0
3	43	0	0	0	1
3	44	-1	-1	0	1
3	45	-1	0	0	1
3	46	0	0	0	1
3	47	0	1	0	0
3	48	0	0	1	0
3	49	-2	0	-1	1
3	50	1	2	2	1
3	51	-1	1	0	2
3	52	1	0	1	2
3	53	-1	0	-2	0
3	54	-3	0	-2	0
3	55	0	1	4	2
3	56	1	1	-1	1
3	57	-2	-1	-3	0
3	58	0	0	0	0
3	59	3	1	4	1
3	60	-1	0	0	0
3	61	-2	1	0	1
3	62	2	0	-1	0
3	63	1	1	2	4
3	64	2	0	3	2
3	65	-1	0	1	3
3	66	1	1	5	3
3	67	-3	0	-3	-1
3	68	-3	0	-2	0
3	69	0	0	-1	2
3	70	0	0	2	2
3	71	0	2	0	3
3	72	1	1	4	4
3	73	2	1	3	3
3	74	1	1	1	3
3	75	3	1	4	4
3	76	1	2	1	3
3	77	1	2	3	1
3	78	0	0	0	0
3	79	0	0	0	3
3	80	0	0	-2	0
3	81	-1	1	0	2
3	82	0	1	1	2
3	83	3	1	0	1
3	84	2	2	1	4
3	85	0	1	2	2
3	86	-2	0	1	0
3	87	1	1	2	3
3	88	3	0	3	1
3	89	0	0	0	0
3	90	-1	0	-1	0
4	1	2	4	2	6
4	2	2	3	1	5
4	3	0	0	2	2
4	4	2	3	1	4
4	5	1	1	1	3
4	6	1	3	1	3
4	7	4	3	4	4
4	8	3	2	3	5
4	9	1	1	0	1
4	10	-1	2	-2	1
4	11	-1	2	0	2
4	12	0	3	0	4
4	13	3	3	2	4
4	14	0	2	0	3
4	15	3	3	5	5
4	16	4	2	5	5
4	17	3	2	3	4
4	18	1	2	1	2
4	19	0	2	-2	1
4	20	2	2	0	3
4	21	0	2	0	2
4	22	1	3	3	4
4	23	2	4	0	5
4	24	4	4	0	4
4	25	2	3	4	4
4	26	4	2	2	4
4	27	3	3	5	4
4	28	5	4	7	4
4	29	0	3	1	4
4	30	3	2	2	5
4	31	4	4	6	4
4	32	2	2	2	4
4	33	2	4	4	5
4	34	3	3	2	4
4	35	5	5	3	4
4	36	3	2	3	4
4	37	5	2	4	4
4	38	5	5	9	5
4	39	3	4	2	4
4	40	6	3	6	6
4	41	4	5	5	7
4	42	-1	2	0	4
4	43	0	2	2	2
4	44	-1	2	-1	3
4	45	0	2	-1	3
4	46	2	1	0	2
4	47	1	2	1	2
4	48	0	2	0	3
4	49	1	2	0	3
4	50	2	4	7	6
4	51	2	3	4	4
4	52	6	4	6	7
4	53	6	4	7	7
4	54	4	5	6	6
4	55	4	4	5	5
4	56	5	3	5	5
4	57	0	3	1	3
4	58	0	3	0	3
4	59	0	1	-3	1
4	60	0	2	0	0
4	61	2	3	3	4
4	62	4	3	3	5
4	63	2	3	3	4
4	64	1	3	3	4
4	65	1	1	0	4
4	66	2	2	3	3
4	67	2	1	0	4
4	68	1	2	0	4
4	69	1	2	1	3
4	70	0	2	1	3
4	71	0	1	0	3
4	72	-1	2	1	2
4	73	1	0	1	2
4	74	2	3	3	5
4	75	2	4	3	3
4	76	1	1	0	4
4	77	-1	1	0	1
4	78	4	3	4	5
4	79	3	3	4	5
4	80	1	2	0	2
4	81	-2	0	-1	3
4	82	2	3	4	4
4	83	2	2	1	5
4	84	4	5	8	8
4	85	0	4	0	4
4	86	1	2	0	3
4	87	0	2	-1	3
4	88	1	0	0	1
4	89	3	4	2	6
4	90	5	4	4	6
5	1	0	2	2	2
5	2	3	3	4	4
5	3	2	4	2	3
5	4	0	1	3	3
5	5	2	3	4	4
5	6	4	3	7	5
5	7	1	2	1	1
5	8	3	3	5	4
5	9	3	3	3	5
5	10	3	3	3	4
5	11	0	1	0	2
5	12	0	1	2	2
5	13	1	4	4	5
5	14	5	4	6	5
5	15	4	4	7	5
5	16	3	4	3	5
5	17	-1	1	0	0
5	18	2	3	3	2
5	19	0	3	3	2
5	20	3	4	3	5
5	21	5	3	5	3
5	22	5	4	6	4
5	23	4	2	6	5
5	24	2	4	5	5
5	25	3	3	5	2
5	26	0	4	2	3
5	27	4	3	5	4
5	28	2	3	4	5
5	29	-1	2	0	3
5	30	1	2	0	2
5	31	2	4	4	3
5	32	1	3	5	3
5	33	7	4	6	3
5	34	4	4	8	4
5	35	2	2	3	2
5	36	3	5	6	4
5	37	2	3	4	3
5	38	3	2	4	3
5	39	2	2	6	4
5	40	1	2	1	3
5	41	3	4	6	5
5	42	4	2	6	4
5	43	0	3	2	4
5	44	1	4	3	3
5	45	2	4	3	4
5	46	3	3	3	3
5	47	5	3	4	4
5	48	5	4	7	5
5	49	2	2	2	2
5	50	3	3	2	4
5	51	0	2	0	1
5	52	0	3	0	2
5	53	2	2	4	3
5	54	3	3	6	5
5	55	2	3	4	2
5	56	0	2	3	2
5	57	4	4	7	5
5	58	3	4	6	2
5	59	3	4	3	3
5	60	1	2	3	2
5	61	0	1	0	0
5	62	-2	1	0	0
5	63	0	0	-2	0
5	64	0	0	-2	0
5	65	1	1	0	2
5	66	4	2	4	5
5	67	2	3	6	5
5	68	0	2	1	1
5	69	0	2	3	3
5	70	0	2	3	2
5	71	2	2	3	2
5	72	1	1	4	3
5	73	3	1	0	1
5	74	1	2	1	4
5	75	3	2	0	1
5	76	-1	3	1	2
5	77	-1	0	-2	0
5	78	0	2	-2	1
5	79	-2	1	-1	0
5	80	2	3	1	2
5	81	1	1	0	1
5	82	0	2	2	3
5	83	1	3	3	3
5	84	1	2	1	3
5	85	6	5	7	8
5	86	3	3	5	4
5	87	6	3	4	6
5	88	2	3	3	3
5	89	1	2	2	1
5	90	3	2	3	4
6	1	-1	0	-2	1
6	2	-1	1	-1	1
6	3	0	0	-1	2
6	4	-1	0	0	4
6	5	-3	0	-2	1
6	6	-5	-1	-9	-2
6	7	-2	0	-3	0
6	8	-4	-1	-3	0
6	9	-2	0	-1	1
6	10	-2	0	-2	0
6	11	0	1	0	1
6	12	0	0	-1	1
6	13	1	0	0	3
6	14	0	0	0	2
6	15	0	0	-4	1
6	16	-4	0	-2	0
6	17	0	1	1	1
6	18	1	1	0	0
6	19	0	0	0	3
6	20	0	0	0	2
6	21	1	1	3	2
6	22	0	0	0	0
6	23	1	0	-1	2
6	24	2	2	2	6
6	25	2	3	5	3
6	26	1	2	2	7
6	27	3	3	6	4
6	28	0	0	1	2
6	29	0	0	0	1
6	30	-1	0	-2	0
6	31	-2	-2	-3	0
6	32	1	1	1	1
6	33	0	1	0	2
6	34	0	0	1	2
6	35	-6	-1	-3	-1
6	36	-1	0	-3	0
6	37	0	0	-3	0
6	38	0	0	1	1
6	39	-1	0	-2	1
6	40	0	0	-1	1
6	41	-1	0	-3	0
6	42	-1	0	0	1
6	43	3	0	0	3
6	44	1	1	2	2
6	45	1	0	2	5
6	46	0	2	2	1
6	47	0	0	0	2
6	48	-2	0	-4	0
6	49	1	2	1	3
6	50	1	2	0	2
6	51	0	0	1	3
6	52	0	1	1	3
6	53	-1	1	-1	3
6	54	4	2	2	4
6	55	1	1	-1	1
6	56	1	2	2	4
6	57	0	2	0	2
6	58	0	0	1	3
6	59	0	1	1	3
6	60	-1	0	-1	2
6	61	-1	1	-1	3
6	62	3	1	3	3
6	63	1	0	1	1
6	64	0	0	-1	2
6	65	0	0	0	2
6	66	-2	0	-2	1
6	67	-1	0	-4	1
6	68	0	1	0	2
6	69	0	1	1	2
6	70	4	0	-2	2
6	71	1	0	0	2
6	72	1	2	0	2
6	73	3	1	1	3
6	74	2	0	1	2
6	75	1	2	0	1
6	76	1	1	1	3
6	77	4	3	4	5
6	78	1	1	2	2
6	79	-1	0	-1	2
6	80	0	0	-2	0
6	81	-1	0	-2	2
6	82	1	0	1	0
6	83	2	3	2	3
6	84	2	3	2	4
6	85	-1	1	0	0
6	86	0	0	0	1
6	87	1	0	2	3
6	88	-1	0	-4	2
6	89	-1	0	-1	0
6	90	-3	0	-1	1
7	1	0	1	0	0
7	2	3	3	6	2
7	3	-2	1	0	0
7	4	0	1	1	1
7	5	0	1	1	0
7	6	3	0	3	3
7	7	1	1	4	0
7	8	1	3	1	0
7	9	1	1	3	0
7	10	3	4	6	4
7	11	1	3	4	4
7	12	3	2	5	3
7	13	1	2	2	4
7	14	0	1	1	0
7	15	1	2	5	3
7	16	2	1	3	3
7	17	4	3	3	4
7	18	-1	1	1	2
7	19	-2	1	1	1
7	20	1	0	2	1
7	21	-1	1	0	0
7	22	-1	0	-2	0
7	23	-1	0	-2	0
7	24	0	1	0	1
7	25	1	1	3	2
7	26	3	2	3	1
7	27	2	4	2	1
7	28	1	1	6	2
7	29	2	4	11	5
7	30	0	2	6	1
7	31	1	4	4	1
7	32	0	1	5	2
7	33	2	4	4	1
7	34	3	3	6	3
7	35	2	3	5	2
7	36	3	2	7	2
7	37	0	1	1	0
7	38	0	1	3	2
7	39	-1	2	1	2
7	40	-2	0	-2	-1
7	41	0	0	2	1
7	42	0	2	0	-1
7	43	4	3	7	3
7	44	3	2	3	3
7	45	1	1	0	-1
7	46	0	3	2	3
7	47	0	1	2	1
7	48	2	4	5	2
7	49	4	3	6	4
7	50	3	2	6	2
7	51	1	3	1	3
7	52	-2	1	-1	0
7	53	0	1	1	1
7	54	0	0	0	1
7	55	3	3	6	2
7	56	0	2	3	0
7	57	1	1	3	2
7	58	4	3	4	1
7	59	0	2	3	2
7	60	3	3	4	2
7	61	1	3	3	2
7	62	3	2	4	3
7	63	2	2	4	2
7	64	3	1	0	1
7	65	0	1	3	1
7	66	1	2	4	2
7	67	2	2	6	4
7	68	3	2	3	2
7	69	0	1	2	1
7	70	0	1	2	2
7	71	1	3	2	1
7	72	3	2	3	3
7	73	3	2	4	1
7	74	3	4	5	6
7	75	0	3	0	3
7	76	2	0	3	0
7	77	1	0	3	2
7	78	0	1	1	0
7	79	0	3	1	2
7	80	1	3	5	2
7	81	0	1	3	0
7	82	1	2	1	1
7	83	0	1	1	2
7	84	3	3	4	3
7	85	0	2	4	1
7	86	-2	2	0	1
7	87	3	2	4	3
7	88	0	2	3	2
7	89	0	0	4	3
7	90	1	2	3	4
8	1	3	5	3	5
8	2	4	5	4	4
8	3	5	5	3	5
8	4	3	5	5	5
8	5	4	5	4	4
8	6	3	5	3	4
8	7	1	2	0	2
8	8	3	3	1	1
8	9	0	3	1	1
8	10	5	4	1	4
8	11	0	4	3	2
8	12	4	3	2	5
8	13	7	6	7	6
8	14	5	3	3	5
8	15	4	5	4	6
8	16	5	4	2	4
8	17	7	6	10	6
8	18	5	5	7	8
8	19	4	5	6	6
8	20	4	6	5	4
8	21	4	6	6	8
8	22	6	5	7	5
8	23	5	5	6	6
8	24	2	4	3	3
8	25	3	5	4	4
8	26	6	5	7	7
8	27	5	4	4	4
8	28	2	3	0	3
8	29	5	4	4	4
8	30	4	5	4	4
8	31	4	5	6	7
8	32	6	5	5	5
8	33	5	6	5	4
8	34	5	5	3	7
8	35	3	4	6	3
8	36	4	4	4	4
8	37	2	3	4	5
8	38	4	4	4	4
8	39	3	5	5	3
8	40	3	3	1	3
8	41	1	4	1	2
8	42	3	5	2	5
8	43	3	5	4	6
8	44	4	5	4	5
8	45	1	3	0	2
8	46	1	3	1	3
8	47	5	4	6	6
8	48	3	4	2	3
8	49	0	2	2	1
8	50	1	4	1	5
8	51	2	3	1	4
8	52	4	5	5	6
8	53	7	5	8	6
8	54	5	5	6	4
8	55	7	5	9	7
8	56	4	4	4	4
8	57	3	4	4	4
8	58	7	5	8	6
8	59	6	5	6	5
8	60	4	4	6	5
8	61	5	6	6	6
8	62	6	6	9	9
8	63	6	5	5	7
8	64	3	4	4	5
8	65	3	5	3	5
8	66	6	6	8	5
8	67	4	3	6	4
8	68	1	4	0	2
8	69	0	1	-2	2
8	70	0	3	0	3
8	71	1	3	0	3
8	72	2	5	0	1
8	73	3	4	3	3
8	74	3	4	4	4
8	75	3	4	3	5
8	76	7	5	4	7
8	77	4	4	4	5
8	78	3	4	5	3
8	79	3	5	2	5
8	80	3	4	5	6
8	81	6	5	7	7
8	82	7	4	6	6
8	83	6	4	3	6
8	84	2	4	5	5
8	85	4	3	1	3
8	86	-1	2	0	1
8	87	0	2	2	3
8	88	1	3	2	5
8	89	3	4	3	5
8	90	6	5	8	7
9	1	4	4	4	5
9	2	4	4	2	4
9	3	4	3	6	5
9	4	2	2	2	2
9	5	0	3	2	4
9	6	2	3	2	3
9	7	2	2	3	3
9	8	2	3	1	4
9	9	2	3	5	5
9	10	4	3	4	5
9	11	3	2	7	3
9	12	0	2	0	0
9	13	3	1	2	2
9	14	2	3	2	2
9	15	3	3	5	4
9	16	1	0	1	1
9	17	3	2	4	5
9	18	4	3	6	5
9	19	0	2	1	4
9	20	2	2	2	1
9	21	2	3	1	3
9	22	2	2	2	4
9	23	3	3	1	1
9	24	0	2	2	1
9	25	0	2	0	0
9	26	3	4	1	3
9	27	3	3	5	4
9	28	3	2	2	1
9	29	4	4	5	4
9	30	6	4	8	5
9	31	4	4	7	5
9	32	4	2	3	3
9	33	3	3	4	2
9	34	3	4	2	4
9	35	1	3	0	2
9	36	3	3	1	3
9	37	7	3	6	5
9	38	5	3	5	4
9	39	4	4	4	3
9	40	4	4	4	3
9	41	1	2	3	3
9	42	0	2	1	2
9	43	1	2	0	3
9	44	2	3	1	2
9	45	3	3	5	4
9	46	3	3	2	4
9	47	2	3	1	1
9	48	5	3	4	4
9	49	3	4	2	3
9	50	3	3	4	5
9	51	2	2	1	2
9	52	4	3	4	5
9	53	2	2	3	5
9	54	2	2	2	2
9	55	4	1	0	2
9	56	3	4	4	4
9	57	5	4	5	4
9	58	0	2	2	2
9	59	3	3	2	4
9	60	1	2	2	2
9	61	2	1	2	1
9	62	2	3	2	3
9	63	4	2	3	3
9	64	2	2	0	2
9	65	2	2	0	2
9	66	2	4	4	2
9	67	2	2	2	2
9	68	1	0	3	3
9	69	3	3	5	4
9	70	2	1	2	4
9	71	3	3	1	2
9	72	5	5	5	4
9	73	5	2	5	6
9	74	5	3	7	5
9	75	3	3	5	5
9	76	3	5	5	4
9	77	3	2	3	3
9	78	2	3	4	1
9	79	3	2	3	2
9	80	1	3	4	2
9	81	2	4	3	3
9	82	1	0	1	2
9	83	1	2	1	1
9	84	1	0	-2	0
9	85	0	1	1	3
9	86	2	2	0	2
9	87	4	3	6	3
9	88	1	3	1	1
9	89	2	2	4	4
9	90	1	1	-1	1
10	1	2	2	4	4
10	2	1	0	0	2
10	3	2	2	6	5
10	4	7	3	8	8
10	5	3	3	6	7
10	6	4	1	4	6
10	7	2	3	3	5
10	8	2	3	3	2
10	9	0	2	1	3
10	10	1	2	1	4
10	11	4	2	4	4
10	12	3	1	4	3
10	13	1	2	6	3
10	14	5	3	6	5
10	15	5	2	5	7
10	16	3	4	3	5
10	17	3	2	3	6
10	18	2	3	5	4
10	19	4	2	4	6
10	20	0	2	2	3
10	21	1	2	3	5
10	22	0	3	4	4
10	23	2	1	2	6
10	24	2	2	4	6
10	25	2	2	4	4
10	26	2	3	3	3
10	27	2	4	6	5
10	28	3	4	5	5
10	29	4	2	4	5
10	30	1	2	2	1
10	31	2	3	5	4
10	32	5	3	6	6
10	33	1	0	2	1
10	34	-1	0	0	3
10	35	1	3	4	6
10	36	5	5	8	6
10	37	4	1	3	5
10	38	3	2	3	3
10	39	4	2	3	5
10	40	3	3	4	5
10	41	4	4	6	5
10	42	5	1	5	4
10	43	0	2	0	1
10	44	0	2	4	4
10	45	1	1	2	3
10	46	0	0	0	4
10	47	4	2	3	5
10	48	2	1	4	5
10	49	3	2	0	3
10	50	2	2	5	4
10	51	1	1	3	3
10	52	0	0	-3	1
10	53	0	2	-1	3
10	54	1	2	3	5
10	55	0	2	0	3
10	56	4	2	3	4
10	57	1	2	4	4
10	58	1	3	4	5
10	59	3	1	3	6
10	60	3	3	3	5
10	61	5	3	4	3
10	62	3	2	1	3
10	63	3	3	4	4
10	64	2	2	4	4
10	65	1	1	4	5
10	66	4	3	7	4
10	67	4	3	8	6
10	68	3	5	3	4
10	69	3	2	4	4
10	70	2	3	4	5
10	71	3	4	5	4
10	72	1	3	2	2
10	73	0	1	1	3
10	74	3	2	3	4
10	75	3	3	4	5
10	76	4	3	5	5
10	77	5	4	5	6
10	78	5	4	4	7
10	79	1	1	0	3
10	80	2	1	3	4
10	81	4	3	3	4
10	82	3	2	5	6
10	83	5	3	5	5
10	84	0	2	1	3
10	85	5	3	5	5
10	86	0	1	0	2
10	87	0	0	0	1
10	88	1	2	1	3
10	89	2	3	3	5
10	90	0	2	4	6
11	1	0	1	1	2
11	2	-1	1	0	1
11	3	1	2	1	5
11	4	2	0	2	1
11	5	0	2	2	1
11	6	1	2	2	3
11	7	0	1	2	2
11	8	0	1	0	0
11	9	0	0	0	0
11	10	2	2	3	1
11	11	1	2	4	2
11	12	2	2	2	1
11	13	0	0	-4	0
11	14	0	1	1	3
11	15	3	2	4	4
11	16	3	4	5	5
11	17	6	3	10	5
11	18	8	3	7	6
11	19	1	1	3	2
11	20	2	0	3	3
11	21	1	1	0	1
11	22	1	2	1	3
11	23	4	3	2	3
11	24	7	3	6	5
11	25	2	3	4	3
11	26	0	0	0	3
11	27	1	0	1	1
11	28	0	0	-1	1
11	29	2	3	2	2
11	30	4	2	5	4
11	31	0	0	-1	1
11	32	-2	0	-1	1
11	33	0	1	0	0
11	34	2	1	3	2
11	35	4	2	4	5
11	36	1	1	1	0
11	37	0	0	0	1
11	38	2	1	2	2
11	39	0	2	0	1
11	40	0	1	0	0
11	41	1	0	0	2
11	42	0	1	0	0
11	43	0	0	2	2
11	44	2	2	3	3
11	45	-1	0	-1	1
11	46	-1	0	1	1
11	47	2	3	5	1
11	48	0	1	0	0
11	49	-3	0	-1	0
11	50	0	0	0	0
11	51	0	0	0	2
11	52	0	1	0	1
11	53	0	0	0	2
11	54	-1	0	-1	0
11	55	2	3	3	3
11	56	3	2	2	2
11	57	2	2	2	3
11	58	2	1	2	1
11	59	2	1	2	1
11	60	1	1	3	2
11	61	2	0	3	3
11	62	0	0	0	0
11	63	0	0	0	0
11	64	-1	0	-1	1
11	65	2	0	2	3
11	66	1	1	2	3
11	67	0	1	0	0
11	68	-1	0	0	1
11	69	0	1	0	1
11	70	2	-1	-2	0
11	71	-1	1	2	2
11	72	-2	0	-3	0
11	73	0	0	-2	0
11	74	-1	1	1	1
11	75	0	0	0	0
11	76	1	2	5	4
11	77	5	3	5	4
11	78	3	2	7	3
11	79	1	1	5	2
11	80	1	2	3	4
11	81	3	0	2	3
11	82	2	1	1	0
11	83	0	0	0	0
11	84	0	0	-1	0
11	85	-2	0	-3	0
11	86	0	1	1	1
11	87	0	2	0	1
11	88	1	0	-2	0
11	89	0	0	0	1
11	90	0	0	-1	0
12	1	1	1	3	1
12	2	1	1	0	2
12	3	3	1	5	3
12	4	2	2	3	5
12	5	1	2	5	3
12	6	2	3	3	4
12	7	2	1	3	5
12	8	1	2	3	3
12	9	0	1	1	1
12	10	1	2	4	3
12	11	1	1	4	4
12	12	2	2	5	3
12	13	-1	0	-3	2
12	14	0	0	2	3
12	15	-1	0	0	1
12	16	1	3	7	5
12	17	5	4	10	7
12	18	1	3	6	5
12	19	3	3	5	6
12	20	1	2	2	2
12	21	1	2	3	2
12	22	2	2	2	2
12	23	0	1	2	3
12	24	2	1	2	4
12	25	3	2	3	2
12	26	1	2	6	3
12	27	-1	1	0	2
12	28	1	2	4	4
12	29	2	2	2	4
12	30	2	2	5	5
12	31	6	3	8	6
12	32	1	0	0	3
12	33	0	1	3	3
12	34	0	1	5	2
12	35	0	1	0	0
12	36	4	2	5	3
12	37	3	2	5	5
12	38	0	0	2	2
12	39	0	1	0	0
12	40	0	3	3	4
12	41	3	2	4	3
12	42	-1	1	1	1
12	43	2	3	2	4
12	44	2	2	4	4
12	45	2	1	0	3
12	46	0	2	3	1
12	47	1	2	3	3
12	48	2	4	7	5
12	49	1	3	4	4
12	50	0	1	3	2
12	51	0	1	0	1
12	52	0	0	0	3
12	53	0	0	2	1
12	54	1	0	3	1
12	55	0	2	3	2
12	56	2	3	3	3
12	57	0	1	4	3
12	58	-2	0	0	2
12	59	-2	0	-2	0
12	60	0	1	-1	1
12	61	0	1	2	2
12	62	1	2	1	3
12	63	0	2	0	1
12	64	0	0	1	3
12	65	2	3	1	1
12	66	3	2	2	4
12	67	1	2	3	3
12	68	0	0	3	2
12	69	2	3	5	5
12	70	0	1	1	2
12	71	1	2	4	4
12	72	2	2	5	6
12	73	1	2	1	2
12	74	0	1	0	1
12	75	1	2	3	3
12	76	0	1	2	3
12	77	1	3	6	4
12	78	0	2	0	1
12	79	0	1	2	0
12	80	-1	1	0	3
12	81	2	1	0	2
12	82	4	3	8	6
12	83	3	2	6	3
12	84	0	1	1	2
12	85	0	2	2	3
12	86	3	2	6	6
12	87	2	2	5	6
12	88	3	2	5	5
12	89	1	2	1	3
12	90	1	1	1	2
13	1	2	3	4	3
13	2	2	4	2	3
13	3	0	1	-2	2
13	4	-1	1	0	1
13	5	3	2	2	2
13	6	3	4	5	3
13	7	3	3	4	3
13	8	1	2	0	2
13	9	2	4	4	3
13	10	4	4	5	5
13	11	2	3	2	3
13	12	3	4	4	4
13	13	0	2	3	4
13	14	0	2	2	0
13	15	1	2	3	0
13	16	0	3	2	2
13	17	-2	2	1	0
13	18	2	4	3	1
13	19	6	4	6	5
13	20	4	3	3	3
13	21	2	2	3	2
13	22	0	2	3	3
13	23	1	3	4	1
13	24	4	5	6	4
13	25	0	2	2	1
13	26	0	3	3	1
13	27	2	2	4	3
13	28	3	1	3	2
13	29	2	3	4	2
13	30	0	2	4	4
13	31	0	2	1	2
13	32	0	2	1	2
13	33	0	3	2	4
13	34	0	1	0	1
13	35	1	3	2	1
13	36	0	1	0	0
13	37	0	3	2	1
13	38	3	2	5	4
13	39	0	1	0	1
13	40	-1	2	0	0
13	41	-1	2	0	0
13	42	0	2	-2	0
13	43	3	2	3	3
13	44	1	4	5	4
13	45	2	3	4	4
13	46	0	2	1	2
13	47	1	2	2	1
13	48	1	3	4	1
13	49	0	2	1	1
13	50	1	2	4	2
13	51	0	2	0	3
13	52	0	1	1	0
13	53	2	2	2	1
13	54	0	2	1	0
13	55	0	2	-1	1
13	56	0	3	1	1
13	57	0	2	-1	0
13	58	0	1	0	1
13	59	0	1	1	1
13	60	1	2	2	0
13	61	2	2	4	3
13	62	1	2	3	3
13	63	2	2	3	2
13	64	3	3	1	3
13	65	1	4	3	3
13	66	0	3	0	2
13	67	0	3	0	0
13	68	1	2	1	3
13	69	0	2	0	1
13	70	0	2	0	2
13	71	0	3	0	2
13	72	-2	1	-2	0
13	73	0	1	0	2
13	74	1	2	0	2
13	75	2	3	3	2
13	76	4	3	3	3
13	77	0	1	-1	1
13	78	0	1	4	3
13	79	0	3	2	2
13	80	0	2	0	2
13	81	2	2	3	3
13	82	0	2	2	2
13	83	0	1	-1	-1
13	84	-1	1	-1	0
13	85	0	0	-1	0
13	86	0	1	-3	0
13	87	1	2	1	2
13	88	1	2	3	2
13	89	0	2	0	1
13	90	0	3	0	2
14	1	1	1	2	1
14	2	4	1	7	3
14	3	2	1	0	2
14	4	4	2	6	3
14	5	3	0	5	3
14	6	3	3	2	2
14	7	2	2	5	2
14	8	4	2	5	3
14	9	2	3	4	2
14	10	4	2	3	2
14	11	2	2	1	2
14	12	0	0	0	0
14	13	2	1	2	2
14	14	0	0	1	0
14	15	-2	0	0	0
14	16	2	1	1	1
14	17	2	1	2	1
14	18	2	1	5	5
14	19	1	2	2	0
14	20	3	2	0	3
14	21	1	1	0	0
14	22	0	1	2	1
14	23	1	1	1	0
14	24	1	1	7	2
14	25	4	2	5	2
14	26	3	2	6	2
14	27	5	3	6	5
14	28	5	4	5	4
14	29	2	2	3	1
14	30	0	0	-2	0
14	31	1	2	4	3
14	32	2	2	5	1
14	33	1	0	4	3
14	34	0	2	3	2
14	35	3	0	3	1
14	36	5	3	5	4
14	37	6	2	6	2
14	38	3	2	5	5
14	39	3	2	4	3
14	40	2	0	2	2
14	41	4	3	6	4
14	42	2	1	4	1
14	43	0	0	2	1
14	44	1	1	0	1
14	45	3	2	3	3
14	46	0	2	3	2
14	47	1	2	4	1
14	48	2	2	5	3
14	49	0	2	2	1
14	50	2	2	3	2
14	51	2	2	3	2
14	52	0	2	2	1
14	53	2	1	4	2
14	54	3	1	4	2
14	55	4	3	3	3
14	56	7	3	8	6
14	57	4	3	8	4
14	58	3	1	4	4
14	59	3	3	2	1
14	60	3	0	2	3
14	61	4	3	8	4
14	62	5	0	6	5
14	63	4	3	4	6
14	64	3	1	4	3
14	65	2	1	2	2
14	66	4	2	3	4
14	67	4	3	3	2
14	68	1	1	2	3
14	69	1	0	0	0
14	70	1	1	5	1
14	71	3	2	5	4
14	72	4	2	5	2
14	73	2	1	4	2
14	74	1	0	0	-1
14	75	-1	0	0	1
14	76	4	2	5	3
14	77	0	1	2	1
14	78	1	1	0	2
14	79	0	0	0	0
14	80	1	1	2	2
14	81	4	2	3	2
14	82	-2	0	-3	0
14	83	0	1	0	0
14	84	0	0	0	1
14	85	3	1	5	3
14	86	2	2	1	1
14	87	3	0	3	1
14	88	1	0	1	2
14	89	2	0	3	3
14	90	4	3	6	2
15	1	0	2	1	2
15	2	4	3	6	5
15	3	2	3	7	3
15	4	3	3	7	5
15	5	2	3	4	4
15	6	-1	1	3	1
15	7	0	2	0	1
15	8	1	1	1	1
15	9	2	3	3	4
15	10	0	1	-1	0
15	11	2	3	4	3
15	12	3	4	5	4
15	13	1	2	5	4
15	14	2	2	3	4
15	15	4	2	7	4
15	16	0	3	7	3
15	17	1	1	4	3
15	18	4	2	4	2
15	19	2	3	5	5
15	20	2	3	5	4
15	21	0	2	3	2
15	22	2	2	5	2
15	23	2	3	4	3
15	24	0	1	2	2
15	25	1	3	3	4
15	26	4	4	3	3
15	27	2	1	4	2
15	28	0	2	2	2
15	29	0	1	6	2
15	30	1	2	2	1
15	31	1	3	4	4
15	32	4	5	6	7
15	33	3	3	5	3
15	34	0	2	4	3
15	35	4	1	4	5
15	36	0	1	0	2
15	37	0	2	2	3
15	38	2	1	3	3
15	39	4	4	7	3
15	40	2	3	6	4
15	41	3	3	3	4
15	42	3	2	7	4
15	43	2	2	3	2
15	44	1	2	0	2
15	45	-3	1	-1	0
15	46	0	3	1	2
15	47	3	3	4	2
15	48	3	3	4	3
15	49	3	2	6	3
15	50	1	1	2	1
15	51	0	2	2	2
15	52	0	2	0	2
15	53	3	2	4	5
15	54	1	2	5	3
15	55	0	1	2	0
15	56	-1	1	0	1
15	57	-1	1	0	1
15	58	6	4	6	5
15	59	2	3	7	6
15	60	2	3	5	4
15	61	3	2	7	3
15	62	3	2	3	3
15	63	4	2	5	1
15	64	0	2	1	3
15	65	-2	2	6	4
15	66	0	1	0	2
15	67	-2	1	-1	0
15	68	0	1	0	2
15	69	0	1	2	2
15	70	3	2	5	4
15	71	0	2	4	0
15	72	-2	0	2	1
15	73	3	3	6	2
15	74	3	4	6	4
15	75	4	3	6	4
15	76	2	2	5	3
15	77	2	3	5	5
15	78	2	3	3	4
15	79	4	2	6	6
15	80	1	3	3	2
15	81	2	3	4	4
15	82	4	3	9	6
15	83	3	2	5	3
15	84	1	3	7	8
15	85	5	3	6	5
15	86	3	2	2	3
15	87	4	4	7	5
15	88	2	3	6	6
15	89	2	2	4	5
15	90	1	3	5	3
16	1	1	2	2	2
16	2	2	2	3	2
16	3	2	2	4	1
16	4	0	0	2	2
16	5	-1	0	-4	-1
16	6	0	1	0	0
16	7	0	1	-2	0
16	8	0	0	-3	2
16	9	-4	-2	-4	-2
16	10	-2	-1	-2	1
16	11	0	0	0	1
16	12	2	1	2	3
16	13	2	0	1	3
16	14	3	3	6	5
16	15	2	2	6	4
16	16	2	1	1	4
16	17	1	1	2	3
16	18	0	0	-2	0
16	19	0	-1	1	2
16	20	-3	-1	-4	-1
16	21	-2	1	-1	2
16	22	1	1	3	2
16	23	0	2	2	3
16	24	-1	0	0	1
16	25	0	0	0	1
16	26	0	0	0	2
16	27	1	0	0	1
16	28	-1	-1	0	0
16	29	-2	-1	-3	-1
16	30	-4	-1	-3	1
16	31	-2	-1	-2	0
16	32	-2	0	-5	0
16	33	-2	-1	0	0
16	34	1	0	1	2
16	35	0	1	1	4
16	36	2	2	4	2
16	37	2	2	4	5
16	38	0	2	0	1
16	39	-1	0	-2	0
16	40	-1	0	-1	1
16	41	-2	1	0	1
16	42	0	0	0	1
16	43	1	0	1	1
16	44	0	0	1	3
16	45	-2	0	-1	0
16	46	0	-1	0	0
16	47	-1	-1	0	1
16	48	0	0	1	1
16	49	3	1	3	3
16	50	0	0	0	1
16	51	0	0	0	2
16	52	0	1	2	1
16	53	0	0	-1	1
16	54	0	-1	-1	0
16	55	-1	0	0	0
16	56	-3	0	-4	-1
16	57	1	0	2	2
16	58	-4	0	-6	-2
16	59	-4	-2	-1	0
16	60	-1	0	-4	0
16	61	-1	-1	0	0
16	62	0	0	0	1
16	63	-1	0	0	3
16	64	2	1	3	4
16	65	-1	1	3	0
16	66	3	1	3	5
16	67	2	1	4	4
16	68	1	1	1	3
16	69	-2	0	0	0
16	70	0	0	0	2
16	71	0	0	-2	0
16	72	-2	0	-3	0
16	73	-2	-1	-2	-1
16	74	-4	-1	-5	0
16	75	0	0	1	1
16	76	-1	0	0	1
16	77	0	1	0	1
16	78	0	1	-1	0
16	79	-5	0	-4	0
16	80	-1	0	-1	0
16	81	-4	0	-3	-1
16	82	-2	0	-2	0
16	83	-1	0	0	3
16	84	1	0	0	0
16	85	0	0	-1	-1
16	86	1	0	2	1
16	87	0	0	0	0
16	88	-1	0	1	1
16	89	0	0	-1	2
16	90	0	1	-1	-1
17	1	1	1	2	2
17	2	0	1	1	0
17	3	1	2	3	2
17	4	1	2	1	2
17	5	3	2	4	3
17	6	1	3	1	3
17	7	0	3	1	3
17	8	4	2	4	3
17	9	2	1	0	2
17	10	1	1	1	2
17	11	2	2	4	3
17	12	4	2	5	4
17	13	2	2	2	3
17	14	-2	0	-1	0
17	15	1	2	1	3
17	16	0	2	0	0
17	17	1	1	1	3
17	18	0	1	-1	1
17	19	0	0	1	0
17	20	2	2	0	3
17	21	-1	0	-1	0
17	22	1	1	2	3
17	23	1	2	0	1
17	24	3	1	4	4
17	25	3	1	3	4
17	26	2	2	0	1
17	27	0	2	2	2
17	28	1	3	4	4
17	29	1	2	3	4
17	30	3	2	4	4
17	31	2	1	3	1
17	32	0	1	2	2
17	33	0	3	3	3
17	34	0	0	0	2
17	35	1	0	3	1
17	36	2	2	3	4
17	37	0	1	2	2
17	38	0	1	1	2
17	39	0	1	1	3
17	40	0	1	1	2
17	41	4	2	2	3
17	42	1	2	3	4
17	43	3	2	2	1
17	44	7	4	8	6
17	45	3	2	4	2
17	46	2	1	5	6
17	47	1	2	2	3
17	48	2	1	1	4
17	49	4	4	3	6
17	50	5	2	4	5
17	51	4	2	6	5
17	52	3	1	4	4
17	53	1	2	1	3
17	54	0	2	1	3
17	55	1	2	2	4
17	56	0	0	0	1
17	57	1	1	1	1
17	58	4	2	5	5
17	59	0	0	0	3
17	60	0	1	0	0
17	61	3	3	3	4
17	62	4	3	5	6
17	63	1	3	2	2
17	64	-2	0	-1	1
17	65	0	0	-2	1
17	66	-1	0	-2	1
17	67	0	0	3	2
17	68	1	1	0	0
17	69	0	1	0	3
17	70	2	2	2	3
17	71	1	1	1	1
17	72	0	1	0	0
17	73	2	0	0	4
17	74	0	1	0	3
17	75	0	2	0	2
17	76	0	0	-2	1
17	77	0	0	0	0
17	78	1	1	0	2
17	79	0	0	0	2
17	80	0	0	-3	0
17	81	0	0	-1	2
17	82	1	1	0	0
17	83	1	1	-2	1
17	84	1	0	2	2
17	85	0	0	1	2
17	86	0	0	0	3
17	87	1	2	2	4
17	88	2	3	2	4
17	89	4	3	2	6
17	90	5	3	4	3
18	1	3	3	4	4
18	2	2	3	2	5
18	3	2	3	1	3
18	4	1	4	2	3
18	5	4	3	4	4
18	6	7	5	6	6
18	7	5	6	10	6
18	8	5	5	8	7
18	9	3	5	6	6
18	10	3	5	4	4
18	11	1	4	5	7
18	12	4	5	5	5
18	13	6	7	7	9
18	14	6	5	11	6
18	15	3	4	2	5
18	16	0	3	3	2
18	17	2	3	1	1
18	18	3	4	4	3
18	19	3	4	4	3
18	20	5	5	5	6
18	21	3	4	2	2
18	22	5	6	8	7
18	23	0	2	2	5
18	24	4	5	5	4
18	25	3	4	7	4
18	26	7	5	9	7
18	27	5	6	8	8
18	28	4	6	5	7
18	29	6	5	11	7
18	30	6	4	10	7
18	31	4	6	4	4
18	32	4	7	6	7
18	33	7	5	8	5
18	34	4	4	5	6
18	35	3	4	3	5
18	36	1	4	4	3
18	37	3	4	1	4
18	38	4	5	4	7
18	39	5	5	6	5
18	40	5	6	3	4
18	41	0	3	4	3
18	42	2	3	4	2
18	43	5	5	5	5
18	44	5	5	3	5
18	45	4	4	6	6
18	46	6	5	7	6
18	47	5	3	4	5
18	48	6	5	6	6
18	49	2	3	0	2
18	50	4	4	6	5
18	51	5	5	7	6
18	52	6	5	7	7
18	53	5	4	5	6
18	54	4	5	6	5
18	55	4	5	6	7
18	56	5	5	6	7
18	57	6	6	9	7
18	58	6	6	10	9
18	59	5	5	2	4
18	60	6	3	6	5
18	61	3	5	4	6
18	62	3	2	3	3
18	63	3	4	1	4
18	64	5	4	4	5
18	65	1	5	3	6
18	66	3	4	4	5
18	67	6	5	6	6
18	68	5	5	9	6
18	69	7	7	5	9
18	70	7	5	9	8
18	71	6	4	6	7
18	72	6	6	8	7
18	73	3	3	4	3
18	74	2	4	5	5
18	75	3	3	3	2
18	76	3	4	8	5
18	77	2	4	3	6
18	78	2	4	3	5
18	79	5	4	4	5
18	80	2	4	4	4
18	81	0	3	0	2
18	82	3	4	3	4
18	83	3	3	3	5
18	84	4	3	3	3
18	85	4	4	5	5
18	86	4	6	6	6
18	87	3	4	4	6
18	88	3	5	7	6
18	89	2	4	4	4
18	90	5	5	7	7
19	1	0	0	-4	2
19	2	1	0	0	0
19	3	4	2	3	4
19	4	3	2	4	4
19	5	2	2	3	5
19	6	3	2	1	3
19	7	2	1	0	0
19	8	0	1	0	0
19	9	-2	0	-1	0
19	10	3	1	0	3
19	11	1	3	1	2
19	12	1	1	1	2
19	13	0	0	-1	2
19	14	1	2	-3	2
19	15	3	1	0	1
19	16	1	1	1	1
19	17	2	1	0	4
19	18	0	2	0	0
19	19	3	4	4	3
19	20	0	2	-3	2
19	21	-1	1	0	0
19	22	0	1	0	2
19	23	2	2	1	4
19	24	5	3	2	3
19	25	4	2	5	4
19	26	2	3	3	4
19	27	1	2	1	2
19	28	0	2	3	0
19	29	2	3	2	3
19	30	2	2	3	3
19	31	5	4	4	5
19	32	5	3	6	6
19	33	3	3	2	3
19	34	4	3	5	5
19	35	2	2	2	4
19	36	0	1	1	1
19	37	1	2	0	1
19	38	-2	0	-4	0
19	39	-2	0	-2	0
19	40	1	1	0	3
19	41	0	0	2	2
19	42	-1	1	-2	2
19	43	2	1	1	3
19	44	2	2	3	3
19	45	3	2	1	4
19	46	2	3	3	4
19	47	2	2	5	3
19	48	2	3	3	2
19	49	2	2	5	4
19	50	2	1	3	2
19	51	4	3	4	6
19	52	3	2	3	4
19	53	1	1	0	1
19	54	4	2	3	3
19	55	0	1	-1	3
19	56	0	1	0	1
19	57	0	1	3	3
19	58	2	0	2	3
19	59	0	2	1	2
19	60	1	2	0	3
19	61	2	2	2	4
19	62	1	1	1	1
19	63	1	2	1	2
19	64	3	3	4	4
19	65	3	3	2	5
19	66	2	1	1	4
19	67	2	1	1	2
19	68	1	2	2	3
19	69	2	2	3	3
19	70	0	1	0	2
19	71	1	2	2	3
19	72	2	2	1	2
19	73	0	0	2	0
19	74	4	3	2	5
19	75	2	2	0	1
19	76	5	4	6	5
19	77	2	3	4	3
19	78	3	2	2	5
19	79	0	0	2	4
19	80	2	2	2	3
19	81	1	2	1	1
19	82	1	1	3	2
19	83	0	1	0	1
19	84	0	2	1	2
19	85	1	3	2	4
19	86	3	2	3	5
19	87	2	2	3	4
19	88	0	1	1	3
19	89	1	2	1	2
19	90	0	2	0	1
20	1	0	0	-2	4
20	2	4	2	1	4
20	3	3	3	3	5
20	4	5	3	3	4
20	5	3	4	0	5
20	6	3	4	2	5
20	7	2	4	3	6
20	8	3	3	2	4
20	9	5	5	6	5
20	10	5	5	4	7
20	11	5	4	5	5
20	12	5	4	5	8
20	13	2	2	2	3
20	14	4	4	4	6
20	15	6	5	5	6
20	16	3	4	3	4
20	17	7	4	6	8
20	18	5	5	8	6
20	19	1	3	0	3
20	20	6	5	4	6
20	21	1	3	-1	4
20	22	4	3	2	5
20	23	4	3	5	4
20	24	4	4	3	4
20	25	7	4	4	5
20	26	3	3	0	5
20	27	2	3	1	4
20	28	2	4	3	3
20	29	2	3	1	4
20	30	6	4	5	5
20	31	5	3	2	4
20	32	1	2	0	6
20	33	2	3	3	5
20	34	4	4	3	5
20	35	7	6	4	5
20	36	4	4	4	5
20	37	4	4	3	4
20	38	4	2	0	5
20	39	3	4	0	5
20	40	3	3	3	4
20	41	4	4	3	4
20	42	2	4	5	5
20	43	2	2	1	3
20	44	3	3	1	4
20	45	2	2	0	5
20	46	3	2	2	3
20	47	4	4	1	4
20	48	5	3	4	6
20	49	2	2	0	3
20	50	0	2	2	1
20	51	0	2	0	1
20	52	4	3	3	5
20	53	7	5	2	5
20	54	1	3	0	3
20	55	5	3	3	4
20	56	4	4	3	4
20	57	0	3	2	5
20	58	3	3	0	4
20	59	3	4	0	3
20	60	2	2	0	4
20	61	5	4	3	4
20	62	2	0	0	3
20	63	5	2	4	6
20	64	3	3	1	4
20	65	2	3	2	6
20	66	2	2	0	3
20	67	3	3	1	3
20	68	4	3	4	5
20	69	4	3	4	3
20	70	0	3	0	3
20	71	0	3	0	1
20	72	0	1	-1	1
20	73	2	2	0	1
20	74	0	3	-1	3
20	75	3	4	4	7
20	76	1	2	0	4
20	77	2	3	0	3
20	78	0	3	-2	2
20	79	0	1	0	3
20	80	3	2	3	4
20	81	7	3	4	5
20	82	2	3	2	4
20	83	3	4	2	4
20	84	3	4	2	4
20	85	2	3	0	4
20	86	2	4	3	4
20	87	2	3	-1	2
20	88	2	1	0	2
20	89	2	2	1	5
20	90	3	2	3	4
21	1	2	3	4	6
21	2	4	4	7	5
21	3	3	4	4	4
21	4	8	4	9	7
21	5	7	6	9	7
21	6	7	7	13	8
21	7	6	6	11	11
21	8	6	4	12	7
21	9	3	2	4	5
21	10	3	2	2	3
21	11	1	3	3	3
21	12	0	2	-2	1
21	13	0	1	0	2
21	14	-1	2	0	2
21	15	0	3	0	3
21	16	3	2	2	4
21	17	2	3	4	3
21	18	2	3	6	7
21	19	2	1	3	3
21	20	4	4	3	5
21	21	4	5	3	5
21	22	5	5	4	5
21	23	3	4	6	6
21	24	2	2	2	4
21	25	3	3	5	4
21	26	1	2	5	3
21	27	5	2	6	3
21	28	5	4	7	7
21	29	1	4	3	3
21	30	2	2	5	3
21	31	4	5	6	3
21	32	1	2	1	4
21	33	0	2	2	1
21	34	3	3	4	5
21	35	1	0	-1	0
21	36	3	3	5	2
21	37	2	4	6	5
21	38	3	3	3	5
21	39	4	4	5	3
21	40	2	4	5	3
21	41	2	4	5	3
21	42	2	3	4	5
21	43	0	2	4	4
21	44	1	3	2	5
21	45	-1	3	-1	2
21	46	0	1	0	1
21	47	1	4	5	3
21	48	2	3	3	3
21	49	5	4	6	6
21	50	5	4	6	6
21	51	6	4	9	7
21	52	5	4	4	5
21	53	4	4	5	5
21	54	5	6	9	7
21	55	5	5	8	6
21	56	6	5	10	8
21	57	6	3	9	7
21	58	4	4	3	5
21	59	3	3	3	4
21	60	2	3	4	1
21	61	2	5	4	3
21	62	3	2	5	5
21	63	1	3	5	3
21	64	1	4	4	3
21	65	4	4	5	4
21	66	3	4	8	4
21	67	0	2	2	2
21	68	0	2	2	2
21	69	1	3	3	3
21	70	0	2	1	1
21	71	2	4	4	2
21	72	3	2	2	5
21	73	3	4	5	5
21	74	5	4	7	6
21	75	3	3	3	4
21	76	1	1	2	3
21	77	8	5	7	6
21	78	5	3	7	4
21	79	4	3	5	6
21	80	3	4	6	5
21	81	2	4	4	5
21	82	-1	2	1	3
21	83	3	4	4	5
21	84	4	3	3	4
21	85	4	4	5	4
21	86	3	5	5	5
21	87	4	4	7	4
21	88	5	5	6	6
21	89	4	4	7	5
21	90	1	3	2	4
22	1	2	3	5	3
22	2	2	4	6	3
22	3	4	4	9	3
22	4	0	1	5	1
22	5	1	3	4	1
22	6	0	2	3	3
22	7	0	4	3	1
22	8	0	1	1	1
22	9	1	2	2	1
22	10	1	3	3	2
22	11	0	0	0	1
22	12	0	2	2	1
22	13	2	3	4	2
22	14	1	4	5	2
22	15	1	3	6	0
22	16	1	0	0	0
22	17	0	3	1	0
22	18	0	2	4	1
22	19	0	1	0	0
22	20	2	2	7	1
22	21	0	2	2	1
22	22	3	3	4	2
22	23	0	1	2	-1
22	24	-2	1	0	-1
22	25	2	2	3	1
22	26	0	1	3	2
22	27	0	2	0	2
22	28	0	3	4	0
22	29	3	4	8	7
22	30	4	4	8	4
22	31	2	3	7	3
22	32	2	4	5	2
22	33	5	3	8	5
22	34	5	5	9	5
22	35	4	5	8	4
22	36	3	4	6	3
22	37	3	4	7	2
22	38	3	4	6	3
22	39	0	2	3	1
22	40	0	2	0	1
22	41	1	3	3	2
22	42	0	2	3	2
22	43	0	1	3	0
22	44	0	2	1	0
22	45	-2	2	2	1
22	46	0	2	2	2
22	47	3	5	6	3
22	48	3	4	8	4
22	49	3	4	7	5
22	50	0	1	2	1
22	51	1	4	7	2
22	52	0	0	0	-1
22	53	0	1	-1	0
22	54	0	2	3	0
22	55	-1	0	1	0
22	56	0	1	3	1
22	57	0	1	2	1
22	58	2	2	5	2
22	59	3	3	7	3
22	60	-2	1	2	1
22	61	1	2	2	2
22	62	1	3	2	1
22	63	0	3	1	0
22	64	1	3	4	1
22	65	-1	0	2	0
22	66	0	1	1	2
22	67	3	3	3	1
22	68	-1	1	2	1
22	69	0	3	2	0
22	70	2	2	2	1
22	71	0	2	1	0
22	72	1	1	2	1
22	73	2	2	2	1
22	74	1	3	2	1
22	75	0	2	3	0
22	76	-1	0	4	0
22	77	0	1	-1	0
22	78	-2	0	-2	0
22	79	0	1	1	0
22	80	-1	2	4	0
22	81	0	2	3	0
22	82	1	4	7	3
22	83	1	2	4	2
22	84	1	2	2	1
22	85	3	3	6	3
22	86	1	1	1	3
22	87	1	1	4	1
22	88	3	3	7	2
22	89	3	2	5	2
22	90	3	4	9	5
23	1	4	5	7	5
23	2	6	3	5	6
23	3	3	2	1	4
23	4	2	3	2	3
23	5	3	5	3	5
23	6	2	2	0	3
23	7	1	3	0	3
23	8	1	3	-1	2
23	9	3	4	3	4
23	10	5	5	3	6
23	11	4	3	4	5
23	12	5	3	6	6
23	13	5	3	4	6
23	14	2	3	0	3
23	15	4	3	3	5
23	16	3	2	0	2
23	17	4	5	5	6
23	18	3	2	3	2
23	19	3	3	6	6
23	20	5	3	2	4
23	21	0	2	-1	1
23	22	1	3	3	3
23	23	7	4	4	5
23	24	6	7	8	6
23	25	5	5	4	6
23	26	1	4	3	6
23	27	2	2	2	3
23	28	2	2	0	4
23	29	2	2	3	5
23	30	2	2	6	4
23	31	1	3	4	5
23	32	6	4	7	5
23	33	4	5	5	6
23	34	2	4	5	5
23	35	0	2	1	3
23	36	2	3	2	4
23	37	6	5	7	6
23	38	3	4	5	5
23	39	4	5	6	6
23	40	3	3	1	5
23	41	4	3	4	3
23	42	5	4	6	6
23	43	3	4	5	6
23	44	3	3	3	5
23	45	2	3	2	3
23	46	5	4	6	6
23	47	5	4	4	4
23	48	2	4	5	6
23	49	4	3	5	5
23	50	3	4	3	3
23	51	1	3	2	4
23	52	1	3	2	3
23	53	2	2	1	3
23	54	2	4	3	4
23	55	2	3	2	3
23	56	5	4	6	7
23	57	8	6	8	7
23	58	3	4	5	4
23	59	4	5	3	7
23	60	1	2	2	4
23	61	3	3	2	4
23	62	2	4	2	4
23	63	-1	0	-1	2
23	64	2	2	-1	3
23	65	3	4	2	4
23	66	4	2	1	3
23	67	1	3	0	2
23	68	4	5	1	5
23	69	3	3	3	5
23	70	4	3	5	5
23	71	5	6	4	7
23	72	4	2	6	5
23	73	3	4	4	5
23	74	7	4	5	6
23	75	9	5	6	6
23	76	6	3	4	5
23	77	7	4	5	7
23	78	2	5	4	7
23	79	5	5	5	6
23	80	4	5	7	4
23	81	5	2	5	3
23	82	4	2	4	4
23	83	5	4	4	6
23	84	6	6	6	6
23	85	5	5	8	5
23	86	3	3	6	5
23	87	5	4	5	7
23	88	1	1	0	1
23	89	1	4	0	3
23	90	2	2	3	4
24	1	4	4	4	4
24	2	0	2	2	2
24	3	3	3	4	4
24	4	5	3	8	3
24	5	5	3	9	6
24	6	5	3	7	3
24	7	2	2	5	3
24	8	4	2	3	5
24	9	4	3	2	4
24	10	3	2	4	1
24	11	1	1	0	1
24	12	0	0	1	1
24	13	1	3	2	2
24	14	4	3	5	4
24	15	4	3	6	4
24	16	3	1	4	2
24	17	4	3	4	4
24	18	3	2	2	2
24	19	3	3	5	1
24	20	4	2	4	4
24	21	1	3	3	3
24	22	1	3	3	4
24	23	5	5	10	9
24	24	2	3	5	3
24	25	5	4	5	5
24	26	3	1	3	4
24	27	3	2	6	3
24	28	3	1	1	2
24	29	4	4	5	5
24	30	3	3	3	3
24	31	1	2	2	2
24	32	3	3	5	4
24	33	2	3	1	3
24	34	0	1	3	1
24	35	3	1	2	2
24	36	4	3	7	5
24	37	7	3	5	3
24	38	1	2	4	4
24	39	4	4	5	3
24	40	1	3	1	1
24	41	0	0	-1	0
24	42	1	1	0	2
24	43	2	3	3	4
24	44	5	3	6	5
24	45	4	3	5	4
24	46	4	2	3	2
24	47	4	4	7	2
24	48	2	2	5	5
24	49	1	1	4	3
24	50	0	1	0	2
24	51	1	2	5	3
24	52	4	4	6	5
24	53	1	2	4	2
24	54	1	0	0	0
24	55	2	3	3	3
24	56	0	2	0	2
24	57	1	2	3	1
24	58	3	3	5	4
24	59	2	2	0	1
24	60	3	2	4	2
24	61	2	5	5	2
24	62	3	2	5	1
24	63	3	2	5	3
24	64	5	3	5	3
24	65	4	3	7	4
24	66	7	5	11	7
24	67	8	5	7	6
24	68	6	4	10	5
24	69	6	3	5	5
24	70	5	4	10	4
24	71	1	2	0	2
24	72	1	3	2	4
24	73	3	2	4	3
24	74	4	2	5	3
24	75	5	3	3	4
24	76	2	2	3	1
24	77	1	0	0	0
24	78	3	3	5	3
24	79	0	2	4	3
24	80	5	4	6	5
24	81	5	4	4	4
24	82	3	1	2	2
24	83	2	1	1	2
24	84	4	3	6	3
24	85	4	3	4	2
24	86	0	3	6	4
24	87	2	2	3	3
24	88	1	1	2	3
24	89	4	3	5	4
24	90	4	4	5	4
25	1	0	1	6	4
25	2	3	3	7	3
25	3	2	1	3	2
25	4	4	3	4	4
25	5	1	1	3	4
25	6	0	1	2	3
25	7	3	3	7	5
25	8	1	1	4	4
25	9	0	2	1	4
25	10	1	1	3	3
25	11	0	2	3	4
25	12	1	3	5	4
25	13	0	2	4	5
25	14	4	3	6	6
25	15	4	3	8	6
25	16	6	3	8	6
25	17	1	2	0	2
25	18	1	2	3	4
25	19	2	1	3	3
25	20	1	3	5	4
25	21	1	1	3	4
25	22	2	1	4	4
25	23	3	1	5	3
25	24	0	1	3	2
25	25	0	0	0	3
25	26	0	0	0	2
25	27	0	2	1	5
25	28	0	2	-2	1
25	29	0	1	1	2
25	30	3	2	4	5
25	31	2	2	4	6
25	32	-1	2	0	2
25	33	1	3	2	3
25	34	1	1	3	4
25	35	2	1	3	6
25	36	2	1	1	5
25	37	0	2	2	4
25	38	1	0	3	5
25	39	4	2	7	6
25	40	-1	2	1	2
25	41	0	1	2	2
25	42	3	3	6	6
25	43	2	3	5	5
25	44	3	2	4	5
25	45	4	3	10	7
25	46	0	2	3	3
25	47	0	0	0	1
25	48	0	1	2	2
25	49	3	2	3	3
25	50	1	1	3	4
25	51	0	1	1	1
25	52	0	2	0	3
25	53	2	3	4	5
25	54	1	1	4	3
25	55	2	2	5	3
25	56	4	3	7	6
25	57	1	2	3	3
25	58	2	1	4	4
25	59	4	1	5	5
25	60	0	1	1	2
25	61	1	2	3	4
25	62	0	1	2	3
25	63	0	2	4	2
25	64	0	0	1	2
25	65	1	0	2	2
25	66	0	0	0	2
25	67	0	1	1	2
25	68	5	3	7	7
25	69	3	1	8	5
25	70	4	5	7	8
25	71	4	4	7	6
25	72	4	4	8	6
25	73	3	2	8	5
25	74	3	4	3	7
25	75	2	3	6	5
25	76	2	2	4	5
25	77	2	1	2	3
25	78	3	3	4	4
25	79	0	1	0	3
25	80	1	3	3	4
25	81	1	2	3	2
25	82	2	3	6	5
25	83	2	1	2	4
25	84	0	3	2	5
25	85	2	1	5	3
25	86	0	2	2	3
25	87	4	2	4	5
25	88	3	5	5	6
25	89	3	3	6	6
25	90	4	2	6	5
26	1	5	6	4	7
26	2	4	4	2	4
26	3	4	5	6	5
26	4	2	3	3	4
26	5	4	4	3	5
26	6	2	5	4	6
26	7	3	5	2	7
26	8	6	4	7	7
26	9	6	6	8	6
26	10	3	4	3	4
26	11	3	5	2	4
26	12	6	6	7	6
26	13	3	3	3	5
26	14	6	6	7	10
26	15	8	6	10	7
26	16	5	6	6	5
26	17	3	4	4	7
26	18	3	5	2	5
26	19	10	7	9	8
26	20	8	6	8	8
26	21	5	6	6	7
26	22	3	5	8	6
26	23	5	6	6	7
26	24	6	5	7	7
26	25	6	6	10	8
26	26	4	4	3	3
26	27	5	3	3	6
26	28	3	6	5	6
26	29	5	5	5	7
26	30	7	6	7	6
26	31	2	2	6	4
26	32	6	5	5	6
26	33	4	5	5	7
26	34	5	6	8	8
26	35	8	6	6	8
26	36	6	5	8	8
26	37	5	5	8	4
26	38	3	3	2	5
26	39	3	4	8	4
26	40	5	5	4	3
26	41	4	5	4	5
26	42	2	4	4	4
26	43	0	5	3	2
26	44	4	5	4	7
26	45	2	4	4	3
26	46	4	4	3	8
26	47	4	3	1	4
26	48	6	4	6	7
26	49	5	5	5	7
26	50	5	5	7	7
26	51	7	6	9	7
26	52	8	5	9	8
26	53	8	8	8	9
26	54	8	6	8	7
26	55	4	5	4	8
26	56	6	5	4	5
26	57	4	6	3	6
26	58	6	6	5	6
26	59	5	5	7	7
26	60	2	4	3	4
26	61	1	5	2	5
26	62	3	4	3	4
26	63	4	5	4	4
26	64	4	4	4	7
26	65	4	5	3	7
26	66	4	3	4	5
26	67	2	3	3	4
26	68	5	5	5	6
26	69	2	4	5	6
26	70	5	5	5	5
26	71	3	4	3	8
26	72	2	3	0	3
26	73	5	4	4	5
26	74	3	5	3	7
26	75	6	7	9	8
26	76	7	7	13	10
26	77	8	6	12	8
26	78	7	7	9	7
26	79	5	5	5	8
26	80	5	6	6	7
26	81	3	5	7	5
26	82	5	4	4	5
26	83	4	4	4	5
26	84	8	6	11	8
26	85	5	6	8	7
26	86	4	3	4	6
26	87	8	7	10	9
26	88	5	4	6	6
26	89	2	4	3	7
26	90	2	4	3	5
27	1	1	2	-1	1
27	2	0	1	3	1
27	3	0	1	0	1
27	4	0	1	0	0
27	5	2	2	5	3
27	6	5	3	4	3
27	7	5	3	8	4
27	8	4	2	4	4
27	9	1	1	5	5
27	10	0	1	0	1
27	11	0	1	2	2
27	12	2	1	2	2
27	13	0	1	3	3
27	14	4	2	2	3
27	15	0	1	2	2
27	16	0	0	0	1
27	17	1	2	3	3
27	18	3	3	4	4
27	19	1	2	2	3
27	20	0	0	2	2
27	21	0	0	2	0
27	22	-2	0	2	1
27	23	3	2	1	2
27	24	-1	0	0	1
27	25	0	0	2	2
27	26	1	1	6	3
27	27	3	3	5	3
27	28	2	2	3	3
27	29	2	3	5	3
27	30	3	2	5	3
27	31	0	0	0	0
27	32	2	1	2	2
27	33	0	0	-1	1
27	34	4	1	5	4
27	35	3	2	5	3
27	36	1	0	3	5
27	37	1	1	0	1
27	38	0	1	3	1
27	39	0	0	0	1
27	40	0	1	2	3
27	41	1	2	5	4
27	42	0	1	1	4
27	43	2	2	6	4
27	44	4	2	5	4
27	45	2	1	0	3
27	46	1	0	6	3
27	47	1	2	5	3
27	48	0	1	1	3
27	49	2	3	4	3
27	50	0	0	2	2
27	51	0	1	0	2
27	52	2	1	3	3
27	53	-1	0	1	1
27	54	1	2	1	3
27	55	0	0	0	0
27	56	0	1	1	1
27	57	-1	0	-1	1
27	58	-2	0	0	1
27	59	-1	0	0	0
27	60	0	0	1	2
27	61	2	3	7	3
27	62	2	2	6	4
27	63	5	3	8	5
27	64	3	2	5	3
27	65	1	0	1	1
27	66	2	2	3	4
27	67	1	1	2	3
27	68	0	1	4	2
27	69	0	1	1	2
27	70	1	1	1	2
27	71	0	0	0	0
27	72	0	1	3	2
27	73	3	2	5	4
27	74	0	0	0	1
27	75	3	1	2	2
27	76	0	0	0	1
27	77	2	1	4	4
27	78	-1	0	-1	0
27	79	0	1	-1	1
27	80	1	1	1	3
27	81	0	0	1	1
27	82	3	3	3	3
27	83	2	3	5	4
27	84	3	2	1	3
27	85	4	2	4	3
27	86	4	2	4	2
27	87	3	1	8	5
27	88	5	3	5	5
27	89	4	1	4	3
27	90	2	2	6	2
28	1	0	1	1	0
28	2	0	1	2	1
28	3	3	1	4	3
28	4	1	3	3	2
28	5	1	1	5	0
28	6	2	2	1	2
28	7	1	3	3	0
28	8	2	2	4	3
28	9	0	2	1	0
28	10	0	0	0	1
28	11	2	2	1	0
28	12	0	1	1	1
28	13	-1	0	2	0
28	14	2	2	6	4
28	15	2	3	4	3
28	16	2	2	3	2
28	17	3	3	6	4
28	18	1	1	2	3
28	19	1	1	4	2
28	20	1	3	3	3
28	21	3	2	4	4
28	22	3	3	8	4
28	23	1	2	5	2
28	24	0	1	3	2
28	25	2	3	4	4
28	26	-1	2	3	2
28	27	-1	0	0	1
28	28	1	0	3	3
28	29	3	3	3	3
28	30	0	2	5	2
28	31	1	2	0	3
28	32	2	1	1	3
28	33	1	2	5	5
28	34	0	1	2	2
28	35	1	1	2	2
28	36	0	0	1	1
28	37	1	1	0	2
28	38	-1	0	0	0
28	39	-2	0	0	1
28	40	0	0	3	1
28	41	1	2	0	1
28	42	0	1	4	2
28	43	1	1	1	2
28	44	4	3	7	4
28	45	0	2	2	1
28	46	1	2	3	2
28	47	1	0	0	0
28	48	1	4	4	3
28	49	2	2	2	3
28	50	2	2	4	2
28	51	2	0	5	3
28	52	3	1	5	1
28	53	1	2	3	1
28	54	1	1	3	4
28	55	3	2	5	2
28	56	2	1	4	2
28	57	-3	1	0	0
28	58	0	1	0	1
28	59	0	0	2	0
28	60	3	3	5	2
28	61	1	1	0	1
28	62	0	1	2	0
28	63	0	1	2	2
28	64	1	1	1	4
28	65	0	2	3	3
28	66	0	1	0	1
28	67	-2	0	0	1
28	68	0	0	0	1
28	69	-2	0	0	0
28	70	-2	1	0	-1
28	71	0	1	1	1
28	72	0	1	0	2
28	73	2	3	2	3
28	74	2	3	5	2
28	75	1	4	5	3
28	76	2	1	3	4
28	77	0	0	1	0
28	78	2	2	4	1
28	79	0	1	0	0
28	80	0	1	3	2
28	81	0	2	4	1
28	82	1	3	3	3
28	83	0	1	1	0
28	84	3	2	7	6
28	85	5	3	7	6
28	86	-1	2	0	1
28	87	1	2	2	4
28	88	0	0	3	3
28	89	4	3	8	4
28	90	3	2	4	1
29	1	5	4	5	5
29	2	5	3	5	5
29	3	4	6	4	6
29	4	5	4	5	5
29	5	6	5	7	5
29	6	6	5	4	5
29	7	6	4	5	6
29	8	2	3	1	1
29	9	1	3	0	2
29	10	1	3	2	3
29	11	1	2	1	2
29	12	3	3	1	4
29	13	4	3	3	4
29	14	3	4	4	5
29	15	7	5	7	7
29	16	3	3	7	5
29	17	3	3	5	6
29	18	4	3	2	5
29	19	3	5	5	4
29	20	-1	4	2	4
29	21	4	3	4	4
29	22	3	3	4	3
29	23	3	3	3	3
29	24	2	3	0	3
29	25	1	3	4	3
29	26	2	2	-1	3
29	27	2	2	0	2
29	28	3	4	4	3
29	29	1	4	1	3
29	30	2	3	2	3
29	31	1	1	3	2
29	32	1	5	1	2
29	33	2	5	4	5
29	34	4	4	4	3
29	35	4	4	6	4
29	36	4	3	4	5
29	37	5	5	8	7
29	38	3	3	5	5
29	39	4	4	6	5
29	40	5	5	6	4
29	41	4	4	6	5
29	42	3	3	5	5
29	43	6	4	8	6
29	44	7	6	5	7
29	45	4	2	4	5
29	46	5	5	2	5
29	47	3	4	6	4
29	48	4	5	5	5
29	49	6	4	7	6
29	50	5	4	6	5
29	51	2	4	3	3
29	52	2	3	4	4
29	53	3	4	3	5
29	54	2	3	5	3
29	55	2	3	0	2
29	56	5	5	5	4
29	57	5	4	3	4
29	58	6	4	5	2
29	59	4	3	4	4
29	60	7	4	7	6
29	61	4	4	3	4
29	62	1	2	2	3
29	63	3	5	3	5
29	64	4	4	4	5
29	65	0	1	-1	0
29	66	2	2	4	2
29	67	1	3	1	1
29	68	3	4	4	5
29	69	4	5	4	4
29	70	4	2	3	3
29	71	6	2	3	4
29	72	1	3	1	5
29	73	3	5	5	4
29	74	2	5	4	5
29	75	7	5	4	7
29	76	6	5	8	7
29	77	1	1	4	5
29	78	5	3	4	3
29	79	4	4	3	6
29	80	5	5	7	4
29	81	4	4	10	6
29	82	5	5	3	4
29	83	0	2	1	3
29	84	4	3	2	3
29	85	3	3	5	4
29	86	3	4	1	3
29	87	4	4	2	2
29	88	3	4	3	4
29	89	5	3	3	3
29	90	0	1	0	1
30	1	0	0	-2	1
30	2	1	0	1	1
30	3	0	1	1	2
30	4	-2	0	0	-1
30	5	-4	0	-2	-2
30	6	-1	0	-1	0
30	7	-3	0	0	0
30	8	0	0	0	0
30	9	3	2	3	4
30	10	0	0	2	2
30	11	2	2	3	2
30	12	0	1	0	3
30	13	-1	0	0	0
30	14	-2	0	0	0
30	15	0	0	0	1
30	16	0	1	2	1
30	17	1	1	4	1
30	18	-1	0	3	2
30	19	-2	0	-4	0
30	20	-2	0	-4	0
30	21	1	0	1	1
30	22	0	0	0	0
30	23	-2	0	-1	0
30	24	0	0	2	0
30	25	-2	0	0	0
30	26	0	0	1	1
30	27	0	1	1	2
30	28	0	0	0	2
30	29	0	1	3	2
30	30	1	3	5	3
30	31	0	2	2	3
30	32	2	0	3	3
30	33	1	2	4	2
30	34	1	2	5	4
30	35	0	0	2	0
30	36	0	1	2	2
30	37	0	0	0	0
30	38	-1	0	-3	1
30	39	0	0	2	2
30	40	1	1	0	2
30	41	0	2	0	1
30	42	-3	1	0	-1
30	43	0	1	2	2
30	44	-1	0	-1	0
30	45	0	0	1	1
30	46	2	3	2	3
30	47	0	0	-1	3
30	48	-1	1	1	0
30	49	-2	0	0	1
30	50	0	1	1	1
30	51	0	0	-1	2
30	52	0	0	-2	0
30	53	4	3	7	3
30	54	1	0	1	0
30	55	-3	1	0	0
30	56	0	2	4	3
30	57	2	1	3	1
30	58	0	2	2	3
30	59	0	0	3	1
30	60	1	3	5	3
30	61	3	1	7	4
30	62	0	0	3	1
30	63	0	0	1	1
30	64	4	2	3	3
30	65	0	2	1	2
30	66	1	3	4	4
30	67	2	1	5	4
30	68	4	2	6	6
30	69	2	0	1	0
30	70	0	0	2	3
30	71	0	1	0	0
30	72	2	1	2	0
30	73	0	0	0	1
30	74	0	0	0	1
30	75	0	0	-3	0
30	76	-1	0	0	0
30	77	0	1	0	0
30	78	1	2	2	2
30	79	4	3	5	4
30	80	2	2	0	3
30	81	-1	1	0	1
30	82	-1	-1	0	0
30	83	0	0	0	1
30	84	-2	0	-3	1
30	85	-1	0	2	1
30	86	0	1	3	2
30	87	0	1	3	3
30	88	2	2	4	5
30	89	1	0	4	3
30	90	0	0	2	2
31	1	3	3	6	6
31	2	0	0	2	2
31	3	2	1	4	5
31	4	0	2	2	5
31	5	1	0	4	3
31	6	0	1	2	3
31	7	1	1	4	4
31	8	1	1	3	2
31	9	0	0	1	4
31	10	0	1	4	3
31	11	3	1	8	4
31	12	2	2	6	3
31	13	3	2	4	5
31	14	2	2	5	6
31	15	4	2	5	4
31	16	4	2	6	6
31	17	2	1	2	5
31	18	4	2	6	6
31	19	2	2	4	5
31	20	2	2	5	3
31	21	1	0	0	2
31	22	0	-1	0	2
31	23	-1	1	1	2
31	24	1	1	1	3
31	25	1	2	4	5
31	26	4	1	6	5
31	27	4	4	4	5
31	28	1	2	3	3
31	29	0	0	2	1
31	30	0	1	2	2
31	31	4	1	6	5
31	32	3	2	3	5
31	33	2	1	4	5
31	34	2	0	2	3
31	35	1	0	0	4
31	36	1	2	2	4
31	37	0	0	1	3
31	38	0	0	0	1
31	39	0	1	0	1
31	40	1	2	6	4
31	41	-1	1	3	3
31	42	-1	1	0	0
31	43	1	1	3	5
31	44	0	1	1	2
31	45	-1	1	0	2
31	46	2	1	4	5
31	47	0	1	5	3
31	48	2	2	3	5
31	49	1	2	4	4
31	50	1	1	2	2
31	51	3	2	4	5
31	52	3	2	1	4
31	53	-3	0	-2	1
31	54	-1	0	-1	0
31	55	2	1	0	2
31	56	0	0	1	3
31	57	0	0	-2	1
31	58	1	1	4	5
31	59	1	1	2	2
31	60	2	2	4	6
31	61	0	2	3	4
31	62	-1	0	0	0
31	63	0	1	0	3
31	64	0	2	5	2
31	65	4	3	6	7
31	66	-1	0	0	2
31	67	1	1	4	4
31	68	0	2	1	2
31	69	1	2	4	2
31	70	1	1	1	3
31	71	-1	0	-2	1
31	72	1	1	0	1
31	73	1	1	3	4
31	74	0	1	2	4
31	75	2	1	3	6
31	76	0	0	1	2
31	77	-1	1	0	1
31	78	0	0	2	1
31	79	0	1	4	3
31	80	1	1	3	3
31	81	1	0	3	3
31	82	4	3	5	6
31	83	3	3	4	7
31	84	-1	0	1	2
31	85	1	0	0	3
31	86	0	1	4	3
31	87	0	1	1	2
31	88	2	2	4	4
31	89	3	4	7	7
31	90	2	2	4	6
32	1	2	3	4	2
32	2	3	3	3	5
32	3	1	2	2	3
32	4	2	2	4	1
32	5	3	3	4	4
32	6	3	2	4	3
32	7	2	1	4	2
32	8	3	2	3	4
32	9	-1	1	1	2
32	10	3	3	2	3
32	11	2	3	7	5
32	12	3	4	5	5
32	13	2	2	3	3
32	14	0	1	0	3
32	15	0	1	0	2
32	16	-1	1	0	2
32	17	0	1	3	4
32	18	4	2	6	3
32	19	3	2	3	3
32	20	2	1	2	4
32	21	6	4	5	3
32	22	4	3	6	5
32	23	2	1	4	5
32	24	4	2	4	4
32	25	2	2	2	3
32	26	1	2	4	3
32	27	3	2	2	2
32	28	5	4	4	4
32	29	3	2	1	4
32	30	4	3	4	5
32	31	1	1	0	3
32	32	2	2	3	2
32	33	1	2	1	3
32	34	-1	1	0	2
32	35	3	3	1	3
32	36	4	2	4	5
32	37	1	2	2	5
32	38	1	1	0	3
32	39	1	2	0	2
32	40	1	1	0	2
32	41	1	1	1	1
32	42	2	1	1	2
32	43	2	3	2	3
32	44	1	1	0	1
32	45	4	3	4	5
32	46	3	3	1	6
32	47	3	2	3	4
32	48	1	2	4	5
32	49	1	1	1	3
32	50	1	2	1	3
32	51	5	3	4	5
32	52	3	2	3	6
32	53	2	1	4	4
32	54	3	2	4	4
32	55	0	1	0	2
32	56	6	4	7	4
32	57	2	3	2	4
32	58	4	2	4	4
32	59	2	3	5	4
32	60	5	3	5	5
32	61	6	3	5	6
32	62	2	2	1	2
32	63	0	1	0	0
32	64	0	0	-1	3
32	65	3	3	1	2
32	66	2	1	1	3
32	67	1	2	1	2
32	68	3	1	0	2
32	69	3	2	5	4
32	70	3	3	2	3
32	71	3	2	2	4
32	72	1	1	0	1
32	73	1	2	2	1
32	74	0	0	0	1
32	75	2	2	2	1
32	76	3	2	4	3
32	77	4	2	3	4
32	78	3	2	4	3
32	79	3	2	1	2
32	80	2	2	3	1
32	81	1	3	2	1
32	82	1	0	1	1
32	83	-2	1	0	0
32	84	-1	1	-2	0
32	85	4	1	0	3
32	86	4	4	3	3
32	87	0	1	0	4
32	88	2	2	5	5
32	89	2	1	1	3
32	90	1	2	0	2
33	1	1	2	2	1
33	2	0	0	1	2
33	3	0	0	0	3
33	4	-1	1	1	1
33	5	0	1	3	2
33	6	2	2	4	2
33	7	0	1	1	1
33	8	-1	1	-1	1
33	9	0	1	0	3
33	10	0	1	0	2
33	11	-2	0	-1	0
33	12	-1	1	0	3
33	13	0	1	0	1
33	14	1	1	2	2
33	15	1	1	2	3
33	16	1	1	0	2
33	17	0	0	0	1
33	18	0	1	1	0
33	19	0	0	3	2
33	20	1	1	4	2
33	21	0	1	2	2
33	22	1	1	1	1
33	23	0	1	2	1
33	24	1	2	2	2
33	25	3	2	2	3
33	26	1	1	4	3
33	27	2	1	3	1
33	28	0	0	0	0
33	29	-2	0	-2	1
33	30	-2	0	0	0
33	31	0	1	2	1
33	32	0	0	3	2
33	33	-1	0	-1	1
33	34	-1	1	2	2
33	35	1	2	3	3
33	36	0	1	0	1
33	37	0	1	3	3
33	38	2	2	1	4
33	39	-1	0	0	1
33	40	0	2	1	2
33	41	2	1	3	2
33	42	-1	0	-2	0
33	43	0	2	0	0
33	44	-5	-2	-1	0
33	45	-1	0	0	0
33	46	0	0	0	1
33	47	0	1	1	1
33	48	-1	0	2	1
33	49	-1	0	0	1
33	50	0	0	-1	0
33	51	2	1	0	3
33	52	1	2	3	1
33	53	0	1	0	0
33	54	0	0	1	2
33	55	-1	0	-2	1
33	56	2	2	7	4
33	57	0	1	3	3
33	58	0	0	3	3
33	59	-1	0	0	2
33	60	3	2	4	4
33	61	-1	1	0	1
33	62	0	1	0	1
33	63	0	1	2	2
33	64	2	2	2	2
33	65	-2	-1	-4	1
33	66	-3	0	-1	0
33	67	0	1	1	2
33	68	3	3	5	4
33	69	-1	1	0	1
33	70	-1	0	-3	0
33	71	1	0	0	1
33	72	-2	0	-1	0
33	73	-2	0	-2	0
33	74	0	0	1	0
33	75	2	2	1	2
33	76	2	2	3	4
33	77	-1	1	3	0
33	78	3	2	4	3
33	79	2	2	5	4
33	80	0	1	3	3
33	81	0	2	5	4
33	82	1	3	2	2
33	83	0	0	0	0
33	84	2	2	4	2
33	85	0	1	3	2
33	86	3	0	2	3
33	87	0	2	1	1
33	88	-2	0	-1	0
33	89	3	1	3	2
33	90	1	1	3	2
34	1	-1	1	0	1
34	2	1	1	0	2
34	3	1	4	1	3
34	4	-1	0	0	2
34	5	0	0	-1	2
34	6	2	1	1	3
34	7	0	1	2	2
34	8	1	2	1	1
34	9	0	2	4	3
34	10	-1	1	0	1
34	11	1	2	4	3
34	12	2	1	0	3
34	13	1	3	4	3
34	14	3	3	4	6
34	15	0	2	1	4
34	16	1	1	0	2
34	17	-1	3	0	3
34	18	-1	0	-2	2
34	19	-1	0	-3	0
34	20	-1	0	-1	0
34	21	-1	0	-3	0
34	22	-4	1	-3	-2
34	23	-2	0	0	0
34	24	0	1	0	1
34	25	1	1	2	2
34	26	4	2	3	4
34	27	0	2	2	3
34	28	3	2	1	2
34	29	0	2	5	3
34	30	3	3	4	4
34	31	2	4	2	3
34	32	0	2	1	3
34	33	0	0	-2	0
34	34	-4	2	-2	1
34	35	-3	0	0	0
34	36	-2	0	-4	0
34	37	-1	1	0	2
34	38	0	1	1	2
34	39	1	2	2	5
34	40	2	3	3	4
34	41	2	3	4	3
34	42	0	2	2	2
34	43	-1	0	0	3
34	44	3	4	3	4
34	45	1	2	1	1
34	46	-2	1	-1	2
34	47	-3	0	-4	0
34	48	0	0	0	0
34	49	-1	0	0	2
34	50	-1	0	-1	2
34	51	0	1	0	2
34	52	0	1	0	2
34	53	0	0	0	3
34	54	2	1	2	3
34	55	0	1	1	3
34	56	0	1	0	1
34	57	-1	1	-3	0
34	58	0	1	1	3
34	59	0	1	-1	2
34	60	1	2	-1	3
34	61	0	1	0	2
34	62	-1	0	-1	0
34	63	0	2	2	3
34	64	0	0	2	4
34	65	0	3	2	2
34	66	2	0	2	3
34	67	0	1	0	1
34	68	1	2	5	5
34	69	4	2	4	2
34	70	0	1	0	2
34	71	0	0	0	2
34	72	0	2	4	2
34	73	0	2	0	3
34	74	0	0	-4	1
34	75	0	1	-2	1
34	76	0	2	0	0
34	77	-5	0	-4	0
34	78	2	0	1	3
34	79	1	3	6	3
34	80	3	3	4	4
34	81	2	2	0	4
34	82	2	3	3	4
34	83	2	2	2	4
34	84	3	2	3	3
34	85	3	2	5	4
34	86	1	1	2	4
34	87	1	1	2	2
34	88	0	1	0	0
34	89	-2	1	0	0
34	90	0	2	2	3
35	1	0	2	0	1
35	2	0	3	0	1
35	3	1	2	4	2
35	4	2	2	1	3
35	5	0	2	2	2
35	6	1	4	2	4
35	7	3	4	6	4
35	8	1	2	3	1
35	9	0	2	0	0
35	10	-1	0	-1	-1
35	11	0	1	0	0
35	12	-1	0	-1	-2
35	13	-1	0	-1	-1
35	14	0	1	4	2
35	15	1	1	0	1
35	16	3	3	2	4
35	17	4	3	4	3
35	18	0	3	2	3
35	19	0	0	-1	1
35	20	3	2	2	3
35	21	0	2	0	0
35	22	-1	0	-1	0
35	23	0	0	2	0
35	24	1	2	1	2
35	25	-4	0	-2	-2
35	26	-1	0	-1	0
35	27	0	2	0	1
35	28	-2	2	0	0
35	29	0	2	-1	1
35	30	0	1	0	1
35	31	0	0	-1	0
35	32	0	2	0	1
35	33	2	1	2	1
35	34	1	3	0	0
35	35	2	2	3	3
35	36	3	3	5	3
35	37	2	3	-1	1
35	38	1	1	1	1
35	39	-3	0	-3	-1
35	40	-1	1	-1	1
35	41	1	2	1	2
35	42	1	2	0	2
35	43	0	1	2	3
35	44	0	1	-1	0
35	45	0	1	0	0
35	46	0	1	-1	0
35	47	0	2	2	0
35	48	1	2	2	1
35	49	3	4	4	3
35	50	2	2	3	4
35	51	3	2	5	4
35	52	0	1	1	1
35	53	1	3	0	1
35	54	0	3	-2	0
35	55	1	2	0	1
35	56	0	1	3	0
35	57	2	3	1	2
35	58	1	2	2	1
35	59	0	1	0	1
35	60	0	2	0	0
35	61	0	3	0	0
35	62	-1	1	-1	1
35	63	1	3	5	4
35	64	0	1	5	4
35	65	0	2	0	2
35	66	-1	2	1	0
35	67	2	2	5	3
35	68	2	3	3	2
35	69	-1	2	1	0
35	70	3	3	6	3
35	71	2	2	4	3
35	72	0	1	-1	0
35	73	2	2	2	3
35	74	2	2	3	1
35	75	0	1	0	-1
35	76	0	1	0	0
35	77	0	1	1	0
35	78	-3	0	-2	0
35	79	-3	0	-3	0
35	80	1	1	2	2
35	81	0	2	2	2
35	82	0	1	3	1
35	83	2	3	2	2
35	84	0	4	0	2
35	85	0	2	3	2
35	86	-2	1	-1	0
35	87	-1	1	0	1
35	88	2	2	0	2
35	89	0	1	-1	1
35	90	0	2	1	1
36	1	-1	0	0	1
36	2	0	1	0	2
36	3	-2	0	-4	1
36	4	1	1	2	3
36	5	0	-1	-1	3
36	6	-1	1	5	2
36	7	1	2	4	4
36	8	0	1	1	4
36	9	0	1	-1	0
36	10	-1	0	0	0
36	11	0	2	0	3
36	12	0	0	0	1
36	13	1	0	1	3
36	14	0	2	2	2
36	15	0	0	1	2
36	16	0	1	-1	0
36	17	-1	0	0	1
36	18	-1	0	0	0
36	19	-2	0	-1	1
36	20	1	0	2	4
36	21	0	1	-2	0
36	22	0	1	0	3
36	23	-1	0	-1	1
36	24	-2	-1	-4	0
36	25	0	-1	0	1
36	26	1	2	3	3
36	27	2	2	3	3
36	28	4	2	2	5
36	29	-1	1	3	2
36	30	1	2	2	4
36	31	2	1	1	3
36	32	1	2	1	4
36	33	4	0	5	6
36	34	3	2	4	4
36	35	0	0	2	2
36	36	0	0	0	1
36	37	0	1	1	2
36	38	-1	0	-1	0
36	39	0	0	0	2
36	40	-1	0	0	0
36	41	4	0	1	2
36	42	1	1	0	2
36	43	1	1	1	3
36	44	2	1	2	3
36	45	1	3	7	6
36	46	5	3	8	7
36	47	4	1	6	6
36	48	0	0	3	2
36	49	2	3	4	3
36	50	0	2	0	0
36	51	1	0	0	3
36	52	5	3	6	5
36	53	0	2	2	3
36	54	0	1	2	2
36	55	-1	1	0	1
36	56	0	0	1	1
36	57	1	0	3	3
36	58	3	2	4	4
36	59	1	0	0	2
36	60	0	1	1	4
36	61	0	0	-1	1
36	62	4	2	3	5
36	63	0	0	0	1
36	64	0	2	6	3
36	65	0	2	1	2
36	66	1	1	6	4
36	67	2	1	2	3
36	68	-2	0	-2	0
36	69	-1	0	0	1
36	70	0	0	1	3
36	71	3	3	3	6
36	72	2	1	3	3
36	73	0	0	1	2
36	74	0	0	0	0
36	75	0	0	2	2
36	76	1	0	3	1
36	77	-2	0	0	1
36	78	0	1	1	0
36	79	1	1	0	2
36	80	1	0	0	2
36	81	-1	0	-1	2
36	82	1	1	2	4
36	83	1	0	1	5
36	84	1	2	2	4
36	85	0	1	1	2
36	86	-1	1	3	1
36	87	0	0	-1	3
36	88	-1	1	0	2
36	89	0	0	1	2
36	90	2	1	2	5
37	1	0	1	1	3
37	2	1	3	2	4
37	3	0	2	0	2
37	4	2	1	0	2
37	5	3	2	2	2
37	6	4	2	5	3
37	7	4	3	5	4
37	8	3	2	5	5
37	9	4	2	0	5
37	10	3	1	1	2
37	11	2	2	4	3
37	12	3	3	1	2
37	13	-2	1	0	1
37	14	0	0	0	0
37	15	0	0	-1	2
37	16	1	0	-1	2
37	17	3	1	0	3
37	18	0	0	0	3
37	19	1	1	0	0
37	20	-1	0	0	1
37	21	2	0	0	1
37	22	-1	2	0	0
37	23	2	2	0	3
37	24	1	1	1	2
37	25	-1	0	-1	0
37	26	0	0	-2	3
37	27	0	1	0	0
37	28	-2	1	-1	1
37	29	4	2	1	3
37	30	0	1	2	1
37	31	3	3	2	1
37	32	2	2	3	2
37	33	-1	1	-2	1
37	34	1	4	2	3
37	35	1	2	1	2
37	36	1	3	3	2
37	37	2	1	-1	2
37	38	0	1	0	1
37	39	1	1	0	0
37	40	-1	0	1	2
37	41	0	0	0	2
37	42	2	2	1	4
37	43	2	2	0	3
37	44	3	2	1	3
37	45	3	3	1	4
37	46	4	2	4	3
37	47	4	3	2	5
37	48	0	2	3	1
37	49	2	2	1	2
37	50	1	1	3	2
37	51	4	3	6	5
37	52	3	4	3	4
37	53	5	4	4	5
37	54	2	3	5	2
37	55	3	3	1	4
37	56	0	2	3	2
37	57	1	1	0	0
37	58	-1	0	-2	1
37	59	0	2	0	1
37	60	0	2	-1	0
37	61	0	2	-2	0
37	62	4	2	3	2
37	63	2	2	5	7
37	64	3	3	4	1
37	65	0	2	0	0
37	66	-1	1	-2	0
37	67	-1	2	-1	0
37	68	-1	0	-2	2
37	69	3	3	0	4
37	70	1	2	0	1
37	71	3	2	4	3
37	72	3	2	3	3
37	73	5	1	2	3
37	74	6	2	4	5
37	75	5	4	4	5
37	76	1	2	1	1
37	77	2	3	2	3
37	78	3	2	0	2
37	79	2	2	2	2
37	80	1	2	1	2
37	81	0	2	3	2
37	82	1	2	1	1
37	83	2	3	3	2
37	84	3	1	1	1
37	85	2	1	1	2
37	86	2	1	0	1
37	87	0	2	1	1
37	88	1	2	3	2
37	89	1	2	2	2
37	90	-1	1	0	1
38	1	3	1	2	6
38	2	4	3	6	6
38	3	1	2	2	5
38	4	1	1	4	4
38	5	4	3	4	4
38	6	0	1	1	4
38	7	1	2	2	4
38	8	1	1	1	4
38	9	2	2	4	5
38	10	2	2	6	4
38	11	3	2	2	3
38	12	-1	2	1	2
38	13	-1	0	1	2
38	14	0	2	1	2
38	15	0	1	1	1
38	16	3	2	3	5
38	17	2	3	3	4
38	18	4	4	6	6
38	19	4	3	8	7
38	20	2	1	2	5
38	21	4	2	2	3
38	22	0	1	-1	2
38	23	0	0	-3	2
38	24	1	1	2	3
38	25	2	1	6	4
38	26	0	1	2	4
38	27	1	3	3	3
38	28	2	1	2	4
38	29	3	3	1	4
38	30	0	0	-1	2
38	31	0	1	0	1
38	32	3	2	3	3
38	33	3	3	5	5
38	34	1	0	1	1
38	35	2	3	4	4
38	36	5	5	9	7
38	37	5	5	6	6
38	38	3	2	5	5
38	39	0	2	5	3
38	40	4	3	1	4
38	41	3	3	4	4
38	42	4	2	3	4
38	43	3	3	6	4
38	44	1	2	4	4
38	45	2	2	1	4
38	46	2	1	0	2
38	47	2	0	-2	4
38	48	-1	1	0	0
38	49	1	2	0	1
38	50	-1	0	-2	1
38	51	2	2	4	2
38	52	0	1	0	2
38	53	1	0	1	3
38	54	1	1	0	4
38	55	1	1	-2	4
38	56	2	2	5	2
38	57	1	1	1	2
38	58	3	1	2	5
38	59	1	1	1	1
38	60	-1	1	0	2
38	61	-1	0	0	1
38	62	4	3	7	5
38	63	3	3	4	5
38	64	4	1	3	5
38	65	2	2	3	3
38	66	2	2	3	4
38	67	3	3	2	3
38	68	5	2	6	6
38	69	4	2	5	7
38	70	0	1	4	2
38	71	1	2	0	2
38	72	0	0	0	1
38	73	-2	0	0	1
38	74	-2	0	-3	1
38	75	-1	1	-1	1
38	76	-1	1	-1	1
38	77	0	1	0	3
38	78	3	4	7	6
38	79	2	3	5	4
38	80	1	0	2	3
38	81	2	2	1	2
38	82	2	1	1	3
38	83	0	1	2	2
38	84	0	2	1	3
38	85	-1	0	0	0
38	86	0	1	2	2
38	87	4	3	5	6
38	88	4	3	6	4
38	89	7	5	10	9
38	90	6	3	5	5
39	1	2	1	5	4
39	2	1	1	3	4
39	3	3	2	6	5
39	4	1	2	3	3
39	5	1	0	0	1
39	6	3	2	4	5
39	7	2	1	2	3
39	8	1	1	5	4
39	9	3	2	6	6
39	10	0	2	5	3
39	11	2	1	3	3
39	12	0	1	0	1
39	13	2	0	4	3
39	14	0	1	1	4
39	15	0	1	3	1
39	16	0	1	2	3
39	17	3	1	3	2
39	18	2	1	3	3
39	19	4	3	8	7
39	20	5	3	6	4
39	21	5	3	7	4
39	22	1	1	1	0
39	23	0	2	2	3
39	24	2	1	3	5
39	25	2	2	5	4
39	26	5	3	6	5
39	27	3	2	4	4
39	28	6	4	8	7
39	29	4	1	3	4
39	30	1	1	1	1
39	31	2	1	2	3
39	32	0	1	3	3
39	33	2	2	3	4
39	34	4	3	6	4
39	35	0	0	1	0
39	36	1	1	0	2
39	37	2	1	4	5
39	38	1	1	1	4
39	39	3	0	4	6
39	40	0	1	1	2
39	41	1	1	4	3
39	42	2	2	6	5
39	43	3	2	2	3
39	44	4	2	6	3
39	45	1	2	1	3
39	46	1	0	2	3
39	47	5	2	3	3
39	48	1	1	2	3
39	49	3	0	5	4
39	50	-2	1	0	2
39	51	1	0	1	2
39	52	1	2	3	4
39	53	4	4	7	7
39	54	6	1	8	7
39	55	7	2	5	5
39	56	2	3	5	3
39	57	5	2	8	4
39	58	2	1	1	3
39	59	0	1	1	3
39	60	5	2	7	5
39	61	4	3	5	6
39	62	3	2	5	5
39	63	3	1	6	6
39	64	3	1	3	5
39	65	1	1	4	3
39	66	1	1	4	4
39	67	1	1	2	4
39	68	3	3	7	6
39	69	0	2	3	2
39	70	2	1	5	2
39	71	1	0	3	4
39	72	3	1	3	4
39	73	1	2	6	4
39	74	2	1	3	4
39	75	0	1	1	3
39	76	2	2	3	4
39	77	1	3	2	5
39	78	2	1	2	4
39	79	3	1	6	4
39	80	0	1	3	4
39	81	0	0	4	2
39	82	2	1	3	3
39	83	3	1	3	4
39	84	2	1	3	4
39	85	2	3	4	5
39	86	6	3	8	7
39	87	5	4	8	7
39	88	2	3	5	4
39	89	3	1	6	4
39	90	2	2	3	3
40	1	3	2	1	2
40	2	3	2	2	4
40	3	1	2	2	2
40	4	2	3	3	4
40	5	4	4	6	4
40	6	1	4	2	3
40	7	4	2	2	3
40	8	1	3	1	3
40	9	1	2	1	3
40	10	0	2	-3	0
40	11	2	3	0	4
40	12	2	2	1	1
40	13	2	3	3	3
40	14	2	2	2	4
40	15	6	5	7	6
40	16	4	5	7	7
40	17	7	6	8	7
40	18	1	4	3	4
40	19	2	2	2	4
40	20	-1	1	-1	2
40	21	3	3	3	3
40	22	2	3	0	4
40	23	2	3	1	4
40	24	1	3	-2	2
40	25	2	3	-1	2
40	26	3	4	2	4
40	27	3	4	3	4
40	28	3	4	5	4
40	29	3	2	6	5
40	30	3	4	4	5
40	31	3	4	3	4
40	32	3	3	5	3
40	33	0	3	2	4
40	34	0	3	-1	2
40	35	0	0	-3	2
40	36	2	4	2	3
40	37	3	3	0	3
40	38	1	3	1	2
40	39	0	1	-2	1
40	40	1	4	0	4
40	41	0	3	-1	2
40	42	2	3	3	4
40	43	2	3	1	4
40	44	2	3	4	4
40	45	2	4	0	2
40	46	1	3	0	2
40	47	2	5	2	4
40	48	5	4	3	6
40	49	3	3	6	2
40	50	2	4	1	5
40	51	2	3	2	3
40	52	3	3	1	3
40	53	4	4	4	5
40	54	0	4	4	3
40	55	1	3	0	3
40	56	3	4	1	4
40	57	1	3	1	6
40	58	4	2	2	4
40	59	4	3	4	3
40	60	1	3	0	3
40	61	0	2	2	4
40	62	2	3	0	3
40	63	2	3	0	3
40	64	3	3	2	6
40	65	4	5	1	2
40	66	3	3	3	3
40	67	2	3	1	4
40	68	1	3	2	3
40	69	4	5	3	4
40	70	3	3	1	2
40	71	1	4	2	2
40	72	5	4	1	5
40	73	0	2	1	2
40	74	2	3	2	3
40	75	4	5	6	6
40	76	3	5	5	4
40	77	5	5	6	6
40	78	7	6	5	6
40	79	3	4	4	6
40	80	3	1	0	4
40	81	0	1	-2	2
40	82	4	3	3	4
40	83	6	4	5	6
40	84	2	3	6	4
40	85	0	2	-1	3
40	86	2	3	3	2
40	87	2	3	3	4
40	88	5	3	3	5
40	89	4	4	4	5
40	90	1	3	2	3
41	1	0	2	1	4
41	2	4	4	6	4
41	3	4	3	5	6
41	4	3	3	3	3
41	5	0	2	2	4
41	6	1	3	5	4
41	7	3	2	0	3
41	8	0	0	-2	1
41	9	0	0	0	1
41	10	2	1	2	3
41	11	2	3	4	5
41	12	3	3	4	6
41	13	2	2	2	7
41	14	0	2	2	3
41	15	6	3	3	4
41	16	3	3	4	5
41	17	2	3	1	5
41	18	6	4	6	6
41	19	4	3	3	6
41	20	1	2	0	5
41	21	0	2	1	4
41	22	2	3	5	3
41	23	3	2	2	5
41	24	1	3	1	5
41	25	2	3	2	4
41	26	5	2	5	5
41	27	6	4	7	4
41	28	0	1	0	4
41	29	2	1	0	2
41	30	4	2	5	4
41	31	4	2	3	4
41	32	5	3	3	6
41	33	4	3	4	5
41	34	3	3	0	2
41	35	4	3	3	6
41	36	2	3	2	3
41	37	3	3	4	4
41	38	4	3	5	5
41	39	4	4	5	5
41	40	4	2	4	5
41	41	2	2	1	2
41	42	0	1	-2	2
41	43	1	1	1	2
41	44	3	2	1	4
41	45	0	1	0	3
41	46	6	2	8	8
41	47	2	1	0	1
41	48	2	2	3	1
41	49	-1	0	0	3
41	50	4	2	3	3
41	51	4	2	2	5
41	52	4	3	6	6
41	53	1	3	1	5
41	54	1	3	2	4
41	55	4	4	3	6
41	56	5	3	6	8
41	57	1	4	5	5
41	58	0	1	3	4
41	59	0	1	0	2
41	60	0	2	-1	2
41	61	1	2	2	3
41	62	0	2	-1	3
41	63	2	1	0	3
41	64	0	1	1	5
41	65	3	1	2	5
41	66	0	0	-1	2
41	67	2	3	0	3
41	68	1	0	1	4
41	69	2	2	0	5
41	70	2	2	1	3
41	71	4	2	4	4
41	72	0	2	1	3
41	73	4	2	2	6
41	74	5	2	3	4
41	75	4	3	3	4
41	76	1	0	0	2
41	77	3	5	4	6
41	78	4	2	3	6
41	79	5	3	3	6
41	80	4	3	5	6
41	81	3	3	3	5
41	82	4	4	4	7
41	83	3	3	4	6
41	84	3	3	5	5
41	85	4	3	4	6
41	86	1	4	1	4
41	87	4	2	3	5
41	88	1	3	3	5
41	89	0	3	0	2
41	90	-1	2	-1	3
42	1	2	3	1	3
42	2	3	4	4	5
42	3	5	4	4	7
42	4	1	2	0	2
42	5	2	2	3	2
42	6	4	3	2	6
42	7	2	2	3	5
42	8	3	1	3	4
42	9	2	2	2	5
42	10	4	3	6	3
42	11	4	2	5	5
42	12	2	2	4	2
42	13	5	5	7	7
42	14	5	3	5	6
42	15	2	3	4	5
42	16	0	2	0	1
42	17	3	2	2	3
42	18	-1	1	-2	1
42	19	1	2	0	0
42	20	4	3	5	4
42	21	2	4	6	6
42	22	7	4	6	7
42	23	6	4	8	6
42	24	2	3	3	3
42	25	3	4	6	4
42	26	1	1	1	3
42	27	1	3	2	5
42	28	2	1	1	3
42	29	0	1	2	2
42	30	0	0	0	2
42	31	0	2	1	2
42	32	-1	1	0	3
42	33	0	2	-2	1
42	34	4	3	1	3
42	35	2	1	1	2
42	36	4	3	6	3
42	37	2	4	4	5
42	38	2	2	2	2
42	39	0	2	0	3
42	40	0	1	1	2
42	41	0	1	1	2
42	42	2	2	2	4
42	43	0	3	1	3
42	44	0	0	0	1
42	45	2	3	3	5
42	46	2	3	4	4
42	47	4	4	5	5
42	48	0	1	1	1
42	49	3	3	0	4
42	50	5	4	5	5
42	51	2	2	3	4
42	52	1	1	0	3
42	53	0	2	1	3
42	54	2	3	4	1
42	55	2	1	3	3
42	56	0	1	-3	1
42	57	1	2	1	2
42	58	2	1	1	3
42	59	1	4	1	4
42	60	0	1	0	3
42	61	0	2	0	3
42	62	0	2	0	2
42	63	1	2	1	3
42	64	0	2	3	3
42	65	-1	2	0	3
42	66	1	2	2	2
42	67	3	3	2	5
42	68	2	4	3	4
42	69	3	3	5	5
42	70	3	2	2	5
42	71	1	2	2	5
42	72	1	3	2	3
42	73	1	1	0	1
42	74	0	0	-2	1
42	75	2	2	0	4
42	76	3	3	2	5
42	77	1	3	3	4
42	78	3	3	2	3
42	79	2	2	0	4
42	80	1	3	1	2
42	81	3	5	3	5
42	82	3	4	8	5
42	83	4	3	3	6
42	84	1	3	3	4
42	85	0	2	1	3
42	86	2	4	2	5
42	87	2	4	4	4
42	88	0	1	0	1
42	89	0	0	1	5
42	90	1	4	3	4
43	1	5	5	8	6
43	2	5	6	8	7
43	3	7	6	8	7
43	4	7	5	7	6
43	5	4	6	6	8
43	6	6	6	8	6
43	7	6	5	8	6
43	8	8	4	9	5
43	9	6	5	5	6
43	10	7	5	9	7
43	11	8	6	10	9
43	12	6	5	8	7
43	13	6	4	5	5
43	14	3	3	4	4
43	15	1	3	1	4
43	16	3	3	5	4
43	17	3	3	1	3
43	18	2	4	5	4
43	19	4	4	3	4
43	20	8	6	8	6
43	21	7	6	9	8
43	22	6	5	6	6
43	23	3	4	4	3
43	24	6	5	5	5
43	25	4	4	6	5
43	26	2	4	1	3
43	27	4	3	2	4
43	28	3	4	5	3
43	29	6	4	7	6
43	30	1	4	5	3
43	31	3	4	4	4
43	32	6	5	6	5
43	33	4	4	6	4
43	34	6	5	5	6
43	35	5	6	8	7
43	36	4	5	4	6
43	37	3	4	2	2
43	38	1	2	1	4
43	39	0	1	0	0
43	40	1	1	1	2
43	41	4	3	3	5
43	42	6	6	6	5
43	43	2	3	1	4
43	44	4	5	6	6
43	45	2	5	3	5
43	46	2	4	4	5
43	47	1	3	-2	1
43	48	6	3	6	6
43	49	3	5	2	5
43	50	4	3	0	4
43	51	1	4	3	5
43	52	4	5	1	4
43	53	3	4	4	3
43	54	1	4	2	2
43	55	2	3	3	4
43	56	3	4	3	4
43	57	4	5	5	6
43	58	1	4	1	2
43	59	3	3	5	3
43	60	4	5	4	4
43	61	5	5	4	5
43	62	3	4	5	3
43	63	5	5	5	7
43	64	6	5	7	7
43	65	4	5	6	5
43	66	8	5	9	6
43	67	3	4	5	5
43	68	4	4	5	6
43	69	1	3	2	3
43	70	3	3	5	5
43	71	3	4	1	4
43	72	5	5	5	5
43	73	3	4	5	4
43	74	3	4	3	4
43	75	4	3	5	4
43	76	0	2	1	2
43	77	2	5	5	4
43	78	3	5	3	4
43	79	4	4	3	2
43	80	5	4	5	4
43	81	4	4	4	4
43	82	3	5	3	3
43	83	4	3	1	4
43	84	4	5	4	5
43	85	2	3	3	2
43	86	2	5	3	4
43	87	5	6	4	4
43	88	1	1	0	1
43	89	-1	2	-3	1
43	90	4	3	2	3
44	1	-3	0	-3	-1
44	2	-2	0	-1	-1
44	3	-2	0	-1	-1
44	4	-2	0	-3	0
44	5	-1	1	-1	0
44	6	-5	0	-4	-2
44	7	-3	-1	-3	-1
44	8	-3	0	-3	-1
44	9	-1	1	1	0
44	10	-1	0	0	0
44	11	0	0	0	0
44	12	0	0	0	0
44	13	-1	0	3	0
44	14	2	2	3	3
44	15	1	2	0	1
44	16	0	1	-1	0
44	17	-2	1	0	-1
44	18	2	0	0	2
44	19	0	1	0	1
44	20	-1	1	1	1
44	21	-1	0	-2	0
44	22	0	0	3	1
44	23	-2	0	0	-1
44	24	0	1	1	2
44	25	1	1	0	1
44	26	3	3	4	2
44	27	2	2	5	5
44	28	0	0	1	1
44	29	0	1	2	2
44	30	2	1	4	1
44	31	5	3	5	3
44	32	0	2	4	1
44	33	0	1	2	2
44	34	0	0	0	1
44	35	-3	0	0	0
44	36	-1	0	0	0
44	37	-2	0	0	0
44	38	-2	0	-2	0
44	39	-2	0	-1	0
44	40	-1	1	0	0
44	41	-1	0	0	0
44	42	-2	0	-4	0
44	43	-2	1	0	1
44	44	0	0	0	1
44	45	0	0	0	0
44	46	-1	2	2	2
44	47	-1	1	0	0
44	48	-1	1	0	1
44	49	-2	0	-1	0
44	50	-2	0	-1	-1
44	51	1	1	2	0
44	52	-1	0	-1	0
44	53	-1	1	0	0
44	54	-2	0	0	0
44	55	1	1	3	3
44	56	0	1	1	1
44	57	0	2	3	2
44	58	-2	0	1	0
44	59	-3	0	-4	1
44	60	-1	1	0	1
44	61	-2	0	-2	-1
44	62	0	1	0	0
44	63	0	2	0	0
44	64	0	0	0	3
44	65	1	1	1	1
44	66	0	2	5	3
44	67	-1	0	1	0
44	68	-2	0	0	0
44	69	0	1	1	2
44	70	0	1	0	0
44	71	-3	0	-1	0
44	72	-4	0	-3	-1
44	73	-1	1	3	0
44	74	0	1	0	1
44	75	0	1	3	2
44	76	1	1	0	1
44	77	2	2	0	2
44	78	-1	1	1	1
44	79	0	1	0	1
44	80	0	1	1	0
44	81	-1	0	0	0
44	82	-3	0	-2	0
44	83	-2	0	0	0
44	84	-2	0	3	1
44	85	-1	2	0	2
44	86	0	0	0	1
44	87	2	1	2	0
44	88	0	0	0	0
44	89	-3	0	1	0
44	90	0	0	-1	0
45	1	0	0	0	1
45	2	0	3	3	3
45	3	1	2	2	4
45	4	0	2	1	3
45	5	-1	2	0	1
45	6	-2	1	-3	1
45	7	0	3	1	3
45	8	1	0	3	3
45	9	1	1	0	1
45	10	-2	0	-5	0
45	11	-1	0	-2	2
45	12	-1	1	-1	2
45	13	1	4	0	2
45	14	2	3	0	3
45	15	0	1	1	2
45	16	1	1	0	4
45	17	1	3	0	3
45	18	0	2	0	2
45	19	-1	0	-2	1
45	20	0	1	0	0
45	21	-1	1	0	0
45	22	0	1	-2	2
45	23	-3	1	-2	0
45	24	-1	0	1	2
45	25	1	2	1	1
45	26	2	1	0	2
45	27	0	1	0	2
45	28	1	1	1	2
45	29	2	3	5	4
45	30	0	3	1	2
45	31	2	2	3	4
45	32	0	1	3	3
45	33	1	2	2	3
45	34	1	2	2	3
45	35	1	3	0	4
45	36	0	1	-1	0
45	37	0	1	0	3
45	38	0	1	-1	2
45	39	0	1	-1	3
45	40	1	2	1	3
45	41	0	1	-1	1
45	42	0	2	0	3
45	43	0	2	0	3
45	44	2	1	0	1
45	45	0	1	0	3
45	46	0	2	-2	2
45	47	-2	1	-3	0
45	48	3	3	1	2
45	49	1	2	2	3
45	50	0	2	0	2
45	51	-4	0	-4	0
45	52	0	0	-1	2
45	53	0	2	-1	3
45	54	0	2	0	2
45	55	1	0	1	4
45	56	1	2	0	1
45	57	1	1	2	3
45	58	-1	1	-1	1
45	59	-1	0	-1	0
45	60	0	0	-1	2
45	61	-3	0	-5	-1
45	62	0	0	-1	1
45	63	2	1	-1	0
45	64	-1	0	-2	0
45	65	0	0	0	2
45	66	-1	1	-1	1
45	67	0	1	0	2
45	68	3	2	-1	3
45	69	2	3	2	4
45	70	0	2	4	2
45	71	3	2	1	4
45	72	-1	0	0	2
45	73	0	1	1	0
45	74	0	1	1	2
45	75	0	0	1	1
45	76	2	2	0	2
45	77	0	2	1	1
45	78	0	1	-1	4
45	79	1	2	2	3
45	80	0	1	-2	1
45	81	0	2	1	3
45	82	1	4	0	2
45	83	0	2	0	0
45	84	2	3	3	4
45	85	0	2	2	5
45	86	0	0	2	1
45	87	0	0	-3	1
45	88	0	1	0	1
45	89	3	4	3	3
45	90	3	2	3	4
46	1	7	4	6	5
46	2	6	3	7	4
46	3	2	2	3	2
46	4	6	3	7	6
46	5	5	4	7	5
46	6	1	2	3	4
46	7	4	3	6	5
46	8	3	3	4	4
46	9	2	4	4	5
46	10	8	5	7	7
46	11	2	2	2	3
46	12	4	4	6	4
46	13	4	3	5	4
46	14	2	2	3	4
46	15	3	1	4	3
46	16	4	2	1	3
46	17	3	3	1	2
46	18	4	3	3	3
46	19	3	2	1	1
46	20	3	2	2	3
46	21	3	4	5	4
46	22	4	3	3	5
46	23	1	3	6	0
46	24	3	3	1	2
46	25	2	3	2	2
46	26	4	2	2	4
46	27	4	4	7	4
46	28	5	4	5	4
46	29	2	3	5	4
46	30	5	3	5	3
46	31	3	4	2	2
46	32	1	3	4	3
46	33	1	3	1	4
46	34	1	3	2	2
46	35	5	3	4	4
46	36	3	2	4	3
46	37	2	4	2	4
46	38	2	3	1	3
46	39	1	3	3	2
46	40	3	3	4	3
46	41	2	1	1	3
46	42	0	2	2	3
46	43	2	1	1	3
46	44	3	3	2	4
46	45	4	4	6	4
46	46	3	3	6	6
46	47	4	2	4	4
46	48	5	5	6	6
46	49	2	3	4	3
46	50	4	3	6	6
46	51	3	3	3	3
46	52	3	3	3	2
46	53	3	3	5	5
46	54	6	2	5	5
46	55	5	5	6	5
46	56	5	4	6	7
46	57	1	3	4	4
46	58	5	3	6	4
46	59	5	4	11	7
46	60	8	3	9	5
46	61	7	6	7	7
46	62	7	5	7	5
46	63	5	5	9	5
46	64	1	2	2	3
46	65	3	4	3	2
46	66	3	2	3	3
46	67	4	3	7	6
46	68	7	4	6	6
46	69	2	2	5	2
46	70	6	4	7	7
46	71	4	1	3	3
46	72	1	2	4	2
46	73	1	2	2	1
46	74	4	4	3	4
46	75	3	1	4	3
46	76	1	2	3	1
46	77	2	2	1	2
46	78	1	3	4	3
46	79	3	2	5	2
46	80	5	4	7	3
46	81	6	4	6	4
46	82	1	2	1	1
46	83	0	1	0	1
46	84	0	1	-2	0
46	85	-1	1	-1	-1
46	86	0	1	0	2
46	87	3	4	4	3
46	88	0	2	0	1
46	89	3	2	6	3
46	90	1	1	0	1
47	1	4	2	0	2
47	2	6	4	6	7
47	3	5	4	3	3
47	4	0	3	3	4
47	5	3	5	1	4
47	6	5	4	3	5
47	7	2	2	-1	3
47	8	3	3	2	3
47	9	1	2	1	2
47	10	1	2	1	3
47	11	8	5	9	6
47	12	6	5	4	6
47	13	4	5	1	5
47	14	4	3	5	4
47	15	4	2	2	5
47	16	5	3	3	4
47	17	2	2	2	3
47	18	3	2	-1	5
47	19	2	2	1	3
47	20	1	3	1	2
47	21	1	3	2	3
47	22	3	4	2	5
47	23	2	2	-1	4
47	24	2	2	2	6
47	25	1	1	0	2
47	26	0	3	3	5
47	27	3	3	2	3
47	28	0	4	0	4
47	29	2	1	-1	1
47	30	1	2	1	2
47	31	0	2	0	2
47	32	3	2	0	3
47	33	1	3	0	3
47	34	2	3	0	4
47	35	1	3	1	1
47	36	3	2	2	4
47	37	2	3	2	4
47	38	1	3	0	3
47	39	2	2	0	3
47	40	3	3	-1	3
47	41	2	4	1	5
47	42	4	3	0	6
47	43	2	1	1	4
47	44	3	3	4	4
47	45	2	4	2	4
47	46	5	5	3	6
47	47	7	3	4	7
47	48	5	4	2	4
47	49	1	3	1	4
47	50	0	1	-2	0
47	51	0	3	0	3
47	52	0	2	-1	2
47	53	4	3	0	5
47	54	4	4	1	6
47	55	5	4	5	6
47	56	2	3	2	5
47	57	2	2	2	4
47	58	3	2	-1	4
47	59	2	3	-1	2
47	60	3	4	0	5
47	61	3	4	2	5
47	62	3	3	0	3
47	63	2	2	1	4
47	64	2	2	4	3
47	65	2	3	-2	4
47	66	1	1	1	3
47	67	7	3	3	6
47	68	2	4	3	5
47	69	6	5	4	4
47	70	4	5	4	5
47	71	5	4	3	6
47	72	4	2	1	4
47	73	5	5	3	5
47	74	5	5	5	7
47	75	6	3	5	7
47	76	6	4	3	7
47	77	5	6	6	5
47	78	2	3	0	3
47	79	4	4	2	3
47	80	2	3	1	3
47	81	2	2	1	4
47	82	0	2	-2	2
47	83	0	2	-2	1
47	84	1	4	1	3
47	85	5	3	5	7
47	86	2	5	4	3
47	87	1	2	0	3
47	88	0	2	-2	2
47	89	0	2	0	2
47	90	2	2	1	3
48	1	1	1	1	3
48	2	0	0	-1	2
48	3	0	2	0	2
48	4	3	3	3	5
48	5	1	3	4	7
48	6	3	2	3	5
48	7	1	4	4	5
48	8	0	1	1	4
48	9	1	2	-1	3
48	10	2	1	1	4
48	11	0	2	1	2
48	12	3	2	0	3
48	13	3	2	2	6
48	14	2	1	5	5
48	15	4	4	7	6
48	16	1	2	3	4
48	17	1	3	0	3
48	18	3	3	2	5
48	19	4	4	3	6
48	20	6	4	6	8
48	21	5	5	3	6
48	22	2	3	2	5
48	23	2	2	2	6
48	24	3	5	4	7
48	25	0	2	3	4
48	26	3	3	2	6
48	27	5	3	2	6
48	28	6	4	7	8
48	29	2	2	1	5
48	30	3	3	1	4
48	31	2	2	2	5
48	32	1	2	3	4
48	33	0	1	0	3
48	34	1	2	3	3
48	35	0	0	1	3
48	36	2	2	5	5
48	37	1	3	3	5
48	38	1	3	0	5
48	39	1	2	2	4
48	40	1	3	0	4
48	41	0	2	2	5
48	42	1	2	1	4
48	43	2	2	3	5
48	44	4	3	3	8
48	45	2	2	5	6
48	46	2	1	2	3
48	47	2	3	4	5
48	48	1	1	0	3
48	49	0	1	3	1
48	50	3	2	3	4
48	51	1	3	0	3
48	52	0	2	0	5
48	53	0	2	1	3
48	54	1	3	0	4
48	55	2	2	3	5
48	56	3	2	3	4
48	57	4	2	1	6
48	58	0	1	2	4
48	59	2	1	1	2
48	60	3	4	2	5
48	61	1	3	2	5
48	62	0	2	0	3
48	63	3	0	0	6
48	64	2	2	4	5
48	65	3	3	3	7
48	66	1	3	2	6
48	67	5	4	6	6
48	68	4	4	4	6
48	69	3	3	1	5
48	70	2	3	2	6
48	71	3	2	3	5
48	72	3	4	2	5
48	73	5	3	8	7
48	74	1	2	0	3
48	75	4	3	5	4
48	76	5	4	6	6
48	77	0	3	0	4
48	78	1	3	1	4
48	79	2	3	1	3
48	80	0	2	-1	4
48	81	1	3	2	4
48	82	3	2	2	5
48	83	2	3	3	4
48	84	3	3	2	3
48	85	0	0	-2	1
48	86	1	2	2	4
48	87	0	2	0	2
48	88	3	3	4	6
48	89	1	3	4	5
48	90	3	4	4	5
49	1	-1	0	0	2
49	2	0	0	2	4
49	3	0	0	0	0
49	4	-2	0	0	1
49	5	-3	-1	-4	0
49	6	0	0	0	1
49	7	5	3	6	4
49	8	3	1	10	5
49	9	2	3	6	3
49	10	3	1	6	3
49	11	5	2	7	5
49	12	2	1	5	5
49	13	5	2	10	4
49	14	4	0	6	5
49	15	2	0	4	4
49	16	0	1	1	2
49	17	2	1	5	4
49	18	3	1	6	4
49	19	0	0	1	3
49	20	0	1	2	3
49	21	3	2	4	3
49	22	1	1	4	2
49	23	-1	0	0	1
49	24	0	0	3	3
49	25	1	0	3	2
49	26	2	2	5	4
49	27	0	1	1	2
49	28	-3	-1	-3	1
49	29	0	0	1	5
49	30	0	0	5	3
49	31	3	0	4	4
49	32	4	1	2	3
49	33	1	1	4	4
49	34	1	1	4	2
49	35	0	0	0	2
49	36	0	1	3	5
49	37	0	0	0	2
49	38	-1	1	0	5
49	39	-1	0	1	2
49	40	0	1	0	3
49	41	1	1	2	3
49	42	-1	0	1	2
49	43	-2	1	0	1
49	44	1	0	3	4
49	45	0	1	2	4
49	46	2	2	5	5
49	47	1	1	6	5
49	48	0	0	0	1
49	49	1	0	0	4
49	50	0	0	0	1
49	51	3	0	4	3
49	52	2	2	4	2
49	53	0	1	0	3
49	54	3	1	4	5
49	55	5	2	6	5
49	56	3	2	6	6
49	57	-1	0	5	4
49	58	3	2	6	5
49	59	0	1	3	5
49	60	0	1	2	3
49	61	-2	-1	0	1
49	62	-1	0	0	1
49	63	1	0	2	4
49	64	0	1	2	2
49	65	0	1	3	4
49	66	0	1	-1	2
49	67	-1	1	4	2
49	68	0	0	5	3
49	69	0	1	3	4
49	70	0	0	0	2
49	71	0	0	5	3
49	72	1	0	0	4
49	73	2	2	6	6
49	74	4	2	8	4
49	75	1	2	7	4
49	76	1	0	2	2
49	77	0	1	0	3
49	78	0	0	1	3
49	79	0	0	0	2
49	80	-1	0	3	1
49	81	0	0	1	3
49	82	0	0	2	2
49	83	1	0	3	3
49	84	0	0	1	3
49	85	0	1	4	2
49	86	0	0	0	2
49	87	2	0	5	3
49	88	1	1	5	4
49	89	1	1	2	1
49	90	1	1	4	2
50	1	3	3	5	3
50	2	2	3	5	3
50	3	1	4	4	3
50	4	0	3	5	3
50	5	-1	0	0	1
50	6	1	1	2	2
50	7	0	2	1	3
50	8	4	3	5	3
50	9	3	3	4	5
50	10	0	2	2	2
50	11	2	4	3	2
50	12	1	3	5	3
50	13	1	3	2	2
50	14	0	2	4	4
50	15	0	2	0	2
50	16	0	2	2	0
50	17	2	2	2	2
50	18	2	1	3	3
50	19	1	3	4	3
50	20	1	3	3	3
50	21	2	4	5	4
50	22	4	3	6	5
50	23	3	3	4	3
50	24	0	3	3	4
50	25	0	1	2	1
50	26	2	2	1	2
50	27	1	2	4	3
50	28	3	3	5	3
50	29	0	3	2	2
50	30	2	4	4	3
50	31	1	4	4	5
50	32	0	2	2	3
50	33	-2	2	-1	0
50	34	0	3	3	3
50	35	5	5	6	6
50	36	2	2	3	4
50	37	0	1	3	2
50	38	3	3	4	1
50	39	2	3	3	2
50	40	1	3	5	4
50	41	0	2	0	1
50	42	0	3	1	2
50	43	0	1	2	3
50	44	0	3	5	2
50	45	3	2	2	5
50	46	2	4	6	2
50	47	0	1	1	1
50	48	0	2	3	1
50	49	1	4	3	3
50	50	1	2	3	0
50	51	0	1	2	3
50	52	0	3	0	3
50	53	-1	2	0	1
50	54	1	1	1	1
50	55	2	4	3	0
50	56	0	3	4	3
50	57	0	1	-2	3
50	58	0	3	7	3
50	59	3	2	5	4
50	60	2	3	4	3
50	61	0	3	8	5
50	62	1	4	2	2
50	63	4	3	6	3
50	64	0	4	1	3
50	65	1	2	2	1
50	66	3	4	5	4
50	67	-1	2	1	0
50	68	2	3	2	2
50	69	1	3	4	3
50	70	3	2	5	4
50	71	3	4	8	5
50	72	2	3	7	2
50	73	1	3	1	2
50	74	2	3	5	2
50	75	0	2	4	2
50	76	3	5	7	3
50	77	2	1	2	4
50	78	1	3	6	3
50	79	5	4	6	3
50	80	0	3	3	2
50	81	0	2	2	2
50	82	3	4	5	4
50	83	3	4	8	5
50	84	0	2	0	2
50	85	-1	1	0	0
50	86	0	2	-1	1
50	87	1	3	1	1
50	88	1	4	3	1
50	89	3	2	2	2
50	90	1	3	4	2
