1	1	2	3	3
1	2	7	4	9
1	3	4	4	4
1	4	1	4	3
1	5	5	3	6
1	6	2	3	3
1	7	5	5	4
1	8	3	3	4
1	9	5	3	4
1	10	4	3	7
1	11	1	0	0
1	12	0	2	0
1	13	4	4	5
1	14	3	3	4
1	15	5	4	6
1	16	0	3	1
1	17	3	3	3
1	18	0	2	0
1	19	1	4	3
1	20	3	3	3
1	21	4	2	3
1	22	4	3	5
1	23	4	4	6
1	24	0	3	3
1	25	2	3	2
1	26	0	1	3
1	27	5	4	4
1	28	2	4	3
1	29	2	2	4
1	30	5	3	2
1	31	-1	2	0
1	32	0	2	1
1	33	0	2	0
1	34	1	1	0
1	35	-3	0	-3
1	36	1	3	3
1	37	2	3	1
1	38	3	2	3
1	39	3	2	2
1	40	2	2	1
1	41	3	2	2
1	42	7	5	9
1	43	2	3	2
1	44	3	5	6
1	45	0	2	0
1	46	0	1	1
1	47	3	2	2
1	48	1	4	3
1	49	2	4	2
1	50	6	4	5
1	51	3	4	7
1	52	2	3	2
1	53	0	1	0
1	54	1	3	3
1	55	2	3	5
1	56	0	2	0
1	57	3	1	1
1	58	2	3	3
1	59	1	4	2
1	60	4	3	6
1	61	1	4	3
1	62	1	4	2
1	63	1	3	3
1	64	3	2	5
1	65	4	4	4
1	66	2	3	3
1	67	5	4	6
1	68	6	4	6
1	69	5	4	7
1	70	4	4	5
1	71	4	4	5
1	72	1	2	2
1	73	0	2	0
1	74	2	3	3
1	75	2	2	2
2	1	3	3	5
2	2	4	5	5
2	3	3	2	4
2	4	-1	2	0
2	5	0	2	0
2	6	0	0	-1
2	7	1	3	2
2	8	1	3	3
2	9	1	1	0
2	10	1	1	3
2	11	1	2	3
2	12	0	0	0
2	13	0	2	2
2	14	1	1	0
2	15	1	2	2
2	16	0	1	1
2	17	1	1	3
2	18	0	1	-1
2	19	0	2	4
2	20	2	4	3
2	21	0	1	3
2	22	-1	1	0
2	23	3	1	5
2	24	1	2	1
2	25	0	1	0
2	26	0	2	2
2	27	1	1	4
2	28	1	1	1
2	29	0	1	1
2	30	2	3	3
2	31	3	2	3
2	32	1	0	1
2	33	1	3	2
2	34	2	2	3
2	35	3	3	5
2	36	3	1	2
2	37	3	2	4
2	38	3	2	3
2	39	2	2	2
2	40	0	2	4
2	41	5	3	7
2	42	3	1	4
2	43	3	1	3
2	44	2	2	3
2	45	3	2	5
2	46	0	3	5
2	47	4	4	7
2	48	4	3	7
2	49	2	2	6
2	50	3	2	4
2	51	0	2	1
2	52	2	1	1
2	53	0	2	1
2	54	0	0	0
2	55	3	2	3
2	56	0	0	-1
2	57	2	2	5
2	58	2	2	4
2	59	2	4	6
2	60	1	1	1
2	61	0	2	0
2	62	2	1	2
2	63	2	1	3
2	64	6	3	7
2	65	4	5	6
2	66	5	2	7
2	67	5	4	7
2	68	2	2	1
2	69	4	3	2
2	70	5	3	6
2	71	5	2	4
2	72	1	4	4
2	73	5	3	5
2	74	3	2	5
2	75	4	3	6
3	1	1	0	1
3	2	0	0	0
3	3	0	1	2
3	4	-2	0	-2
3	5	-2	1	-1
3	6	-2	-1	0
3	7	0	1	2
3	8	1	0	0
3	9	2	0	5
3	10	2	1	1
3	11	1	0	3
3	12	0	0	0
3	13	1	1	0
3	14	1	1	0
3	15	1	1	3
3	16	1	2	1
3	17	0	1	4
3	18	0	0	0
3	19	0	1	1
3	20	0	0	-2
3	21	0	2	0
3	22	1	0	2
3	23	0	0	2
3	24	0	1	0
3	25	0	0	-1
3	26	1	0	0
3	27	2	0	3
3	28	-2	0	0
3	29	-1	1	-2
3	30	-1	0	-1
3	31	2	0	1
3	32	-4	-1	-2
3	33	-3	1	-1
3	34	-2	0	-1
3	35	1	1	4
3	36	0	1	2
3	37	0	0	0
3	38	0	0	0
3	39	2	0	1
3	40	3	0	3
3	41	0	1	3
3	42	0	1	0
3	43	-2	0	-2
3	44	-1	0	-1
3	45	-1	0	0
3	46	-2	0	0
3	47	-1	1	1
3	48	-3	0	-2
3	49	0	1	2
3	50	-2	0	-3
3	51	0	1	0
3	52	-1	0	-3
3	53	2	0	0
3	54	-2	0	-3
3	55	-1	1	-1
3	56	1	1	2
3	57	0	0	0
3	58	-1	0	-1
3	59	0	0	0
3	60	0	1	1
3	61	0	1	0
3	62	0	0	-1
3	63	2	1	1
3	64	0	2	1
3	65	0	0	2
3	66	0	1	0
3	67	1	2	2
3	68	-1	0	-2
3	69	-1	0	0
3	70	-3	0	0
3	71	0	0	0
3	72	3	1	0
3	73	1	1	1
3	74	1	2	1
3	75	3	0	2
4	1	1	1	0
4	2	1	2	1
4	3	1	2	2
4	4	2	1	1
4	5	2	2	0
4	6	1	2	2
4	7	1	3	4
4	8	4	3	4
4	9	4	3	3
4	10	3	2	1
4	11	-1	0	0
4	12	0	1	-1
4	13	1	0	2
4	14	3	3	6
4	15	2	1	0
4	16	4	2	5
4	17	3	3	4
4	18	2	2	1
4	19	1	3	2
4	20	1	1	0
4	21	1	1	-1
4	22	0	0	0
4	23	3	3	0
4	24	2	2	3
4	25	4	2	4
4	26	1	1	2
4	27	2	3	2
4	28	2	2	5
4	29	4	4	3
4	30	2	2	2
4	31	3	4	4
4	32	6	5	4
4	33	3	2	1
4	34	5	2	4
4	35	3	3	2
4	36	6	3	4
4	37	2	3	1
4	38	4	3	7
4	39	6	3	5
4	40	5	3	4
4	41	6	4	8
4	42	5	4	5
4	43	1	2	1
4	44	3	2	0
4	45	0	2	2
4	46	1	1	1
4	47	1	0	0
4	48	1	1	0
4	49	0	1	1
4	50	4	3	2
4	51	5	3	5
4	52	4	3	1
4	53	7	4	6
4	54	6	5	8
4	55	6	5	5
4	56	5	4	4
4	57	4	3	6
4	58	1	2	1
4	59	0	1	-1
4	60	-1	1	-1
4	61	0	0	0
4	62	5	3	5
4	63	5	3	5
4	64	3	3	4
4	65	1	2	1
4	66	0	4	2
4	67	2	2	1
4	68	3	1	4
4	69	1	3	-1
4	70	0	2	-2
4	71	1	1	3
4	72	2	3	0
4	73	-1	2	2
4	74	0	1	2
4	75	3	4	3
5	1	0	2	4
5	2	0	3	1
5	3	1	2	4
5	4	1	3	4
5	5	0	2	2
5	6	2	3	4
5	7	1	4	4
5	8	0	1	2
5	9	3	3	4
5	10	3	2	4
5	11	6	2	5
5	12	0	2	1
5	13	1	2	2
5	14	1	3	3
5	15	3	3	9
5	16	4	5	5
5	17	2	2	5
5	18	0	1	0
5	19	1	2	2
5	20	1	2	1
5	21	3	4	4
5	22	4	4	4
5	23	5	2	7
5	24	3	3	5
5	25	3	3	5
5	26	2	3	4
5	27	0	2	3
5	28	2	5	2
5	29	3	2	3
5	30	0	2	0
5	31	0	2	0
5	32	2	3	6
5	33	1	3	4
5	34	4	5	7
5	35	1	3	7
5	36	2	3	6
5	37	5	3	6
5	38	3	3	5
5	39	2	2	4
5	40	1	2	3
5	41	3	3	4
5	42	1	3	4
5	43	4	3	5
5	44	0	4	2
5	45	1	3	5
5	46	4	3	5
5	47	1	3	5
5	48	2	3	4
5	49	6	3	5
5	50	0	2	3
5	51	1	2	3
5	52	0	1	3
5	53	0	2	2
5	54	2	1	3
5	55	4	5	4
5	56	2	3	2
5	57	0	3	1
5	58	5	4	8
5	59	2	3	6
5	60	1	3	3
5	61	0	2	3
5	62	-1	1	-3
5	63	1	1	0
5	64	0	1	-1
5	65	0	1	-1
5	66	1	0	0
5	67	2	5	4
5	68	2	3	4
5	69	0	1	2
5	70	0	2	3
5	71	0	1	3
5	72	0	3	1
5	73	0	1	3
5	74	0	2	1
5	75	2	3	1
6	1	0	0	-4
6	2	0	0	1
6	3	2	0	0
6	4	0	1	0
6	5	0	0	1
6	6	-2	0	-1
6	7	-4	-2	-7
6	8	-1	0	-2
6	9	-1	0	-3
6	10	0	0	-2
6	11	-2	2	-1
6	12	0	0	0
6	13	1	0	0
6	14	-1	1	0
6	15	0	1	-1
6	16	-1	0	-2
6	17	-3	0	-2
6	18	0	0	-1
6	19	1	0	0
6	20	-1	0	-1
6	21	-1	1	0
6	22	1	1	2
6	23	0	1	0
6	24	0	1	3
6	25	3	2	4
6	26	3	1	3
6	27	3	1	1
6	28	5	2	6
6	29	2	0	0
6	30	0	0	-2
6	31	-1	-1	-2
6	32	-3	0	-4
6	33	1	2	2
6	34	2	0	1
6	35	0	0	0
6	36	-4	-1	-3
6	37	-1	0	-2
6	38	0	0	-5
6	39	0	0	1
6	40	-2	0	0
6	41	-1	0	0
6	42	-1	0	-2
6	43	0	0	-1
6	44	1	1	3
6	45	2	0	3
6	46	2	0	2
6	47	1	1	-1
6	48	0	1	-1
6	49	-2	0	-4
6	50	2	0	1
6	51	-1	1	1
6	52	1	0	-2
6	53	2	0	0
6	54	1	0	0
6	55	3	2	4
6	56	2	2	1
6	57	3	2	4
6	58	0	1	1
6	59	2	0	1
6	60	1	0	2
6	61	0	0	-3
6	62	0	-1	1
6	63	3	2	5
6	64	1	1	0
6	65	0	0	0
6	66	0	0	0
6	67	-1	0	0
6	68	0	0	-1
6	69	-1	0	-2
6	70	3	1	0
6	71	1	0	1
6	72	0	1	0
6	73	0	0	2
6	74	0	0	3
6	75	0	1	1
7	1	0	3	3
7	2	0	2	4
7	3	1	3	3
7	4	-2	0	1
7	5	0	3	3
7	6	0	1	2
7	7	1	1	5
7	8	0	1	2
7	9	0	2	1
7	10	0	0	-1
7	11	1	1	5
7	12	0	2	4
7	13	3	3	3
7	14	0	3	5
7	15	0	1	0
7	16	1	1	3
7	17	1	3	5
7	18	2	2	2
7	19	-1	1	0
7	20	-2	0	0
7	21	0	1	0
7	22	0	1	0
7	23	-1	1	-1
7	24	-1	0	-1
7	25	0	2	0
7	26	2	1	2
7	27	1	1	6
7	28	1	3	4
7	29	1	2	3
7	30	5	3	10
7	31	1	1	6
7	32	1	1	1
7	33	3	2	0
7	34	0	2	4
7	35	1	2	8
7	36	3	2	6
7	37	1	0	3
7	38	-1	1	1
7	39	0	2	0
7	40	0	2	3
7	41	-2	2	-1
7	42	0	2	2
7	43	-1	0	0
7	44	2	2	6
7	45	0	3	3
7	46	-2	1	0
7	47	1	1	1
7	48	0	3	4
7	49	3	3	6
7	50	2	3	4
7	51	1	2	3
7	52	2	2	3
7	53	1	1	4
7	54	0	1	0
7	55	-2	1	3
7	56	2	2	7
7	57	0	1	2
7	58	1	4	4
7	59	2	1	3
7	60	0	2	3
7	61	4	2	7
7	62	0	4	3
7	63	1	2	4
7	64	1	4	5
7	65	1	1	3
7	66	0	2	2
7	67	0	2	4
7	68	0	3	3
7	69	1	2	2
7	70	1	2	1
7	71	0	1	2
7	72	0	1	1
7	73	0	3	2
7	74	2	2	5
7	75	1	2	8
8	1	3	4	3
8	2	3	2	2
8	3	4	4	4
8	4	3	4	5
8	5	3	4	3
8	6	5	5	7
8	7	4	4	3
8	8	1	2	0
8	9	2	3	1
8	10	0	3	0
8	11	1	3	2
8	12	0	2	2
8	13	2	5	3
8	14	6	6	6
8	15	4	5	5
8	16	5	3	3
8	17	4	6	5
8	18	8	6	8
8	19	6	6	5
8	20	3	5	4
8	21	4	4	6
8	22	5	6	8
8	23	5	6	4
8	24	6	5	6
8	25	2	2	1
8	26	6	6	6
8	27	3	4	7
8	28	5	3	7
8	29	3	3	2
8	30	5	4	5
8	31	4	5	4
8	32	6	6	7
8	33	4	5	5
8	34	3	5	5
8	35	4	5	7
8	36	2	4	2
8	37	2	5	4
8	38	3	3	1
8	39	4	4	3
8	40	3	4	3
8	41	0	4	1
8	42	1	4	0
8	43	4	3	1
8	44	4	6	5
8	45	5	3	5
8	46	1	3	1
8	47	1	3	3
8	48	5	4	5
8	49	4	4	1
8	50	1	3	1
8	51	2	5	1
8	52	3	5	2
8	53	4	4	5
8	54	5	5	6
8	55	5	5	7
8	56	7	6	5
8	57	3	4	5
8	58	3	4	3
8	59	5	5	8
8	60	5	4	4
8	61	4	5	4
8	62	5	5	6
8	63	8	6	10
8	64	6	7	8
8	65	3	5	6
8	66	2	4	4
8	67	6	5	6
8	68	4	4	6
8	69	3	3	2
8	70	0	2	0
8	71	2	2	0
8	72	2	4	3
8	73	0	4	1
8	74	3	3	1
8	75	4	5	3
9	1	5	4	6
9	2	6	5	8
9	3	3	3	6
9	4	5	5	7
9	5	0	2	2
9	6	0	3	0
9	7	2	3	2
9	8	1	4	4
9	9	1	4	2
9	10	0	2	3
9	11	3	3	3
9	12	2	4	5
9	13	1	2	1
9	14	0	4	2
9	15	3	3	3
9	16	1	2	3
9	17	0	1	0
9	18	3	3	4
9	19	2	3	4
9	20	2	3	1
9	21	0	1	0
9	22	1	2	3
9	23	1	3	2
9	24	0	3	0
9	25	0	4	1
9	26	0	1	-2
9	27	1	4	3
9	28	3	4	6
9	29	2	3	1
9	30	4	3	5
9	31	5	4	5
9	32	5	5	8
9	33	3	4	4
9	34	3	2	4
9	35	1	3	4
9	36	2	3	3
9	37	2	3	4
9	38	5	4	4
9	39	6	4	6
9	40	2	4	4
9	41	2	3	3
9	42	2	1	2
9	43	0	3	2
9	44	2	1	3
9	45	0	2	1
9	46	3	3	1
9	47	2	2	1
9	48	2	1	0
9	49	2	3	3
9	50	3	4	6
9	51	3	4	5
9	52	3	3	2
9	53	4	3	4
9	54	3	4	2
9	55	1	2	5
9	56	1	2	0
9	57	2	4	7
9	58	3	3	4
9	59	1	2	1
9	60	3	3	2
9	61	2	2	3
9	62	1	2	3
9	63	2	2	3
9	64	5	3	4
9	65	2	3	2
9	66	0	2	3
9	67	2	3	2
9	68	1	1	1
9	69	0	1	0
9	70	3	4	5
9	71	4	3	2
9	72	1	3	1
9	73	5	4	6
9	74	2	3	4
9	75	5	4	5
10	1	2	2	1
10	2	3	4	2
10	3	1	1	0
10	4	5	3	3
10	5	6	4	7
10	6	5	3	5
10	7	4	3	3
10	8	3	2	3
10	9	2	1	3
10	10	0	2	1
10	11	4	2	3
10	12	1	3	4
10	13	0	3	3
10	14	2	1	4
10	15	5	4	4
10	16	4	3	6
10	17	5	3	6
10	18	4	3	3
10	19	2	3	5
10	20	3	2	3
10	21	0	2	0
10	22	4	3	3
10	23	2	2	2
10	24	3	4	7
10	25	2	2	4
10	26	2	3	3
10	27	4	2	6
10	28	4	3	7
10	29	3	3	3
10	30	5	3	5
10	31	2	0	2
10	32	2	3	4
10	33	4	2	6
10	34	0	1	3
10	35	0	0	-1
10	36	1	2	2
10	37	5	2	8
10	38	1	3	3
10	39	3	4	5
10	40	3	3	6
10	41	3	3	4
10	42	3	3	5
10	43	2	2	5
10	44	0	1	1
10	45	1	1	3
10	46	3	1	3
10	47	0	2	1
10	48	5	3	4
10	49	3	3	5
10	50	2	2	3
10	51	2	3	4
10	52	2	2	2
10	53	0	2	-1
10	54	1	0	2
10	55	4	2	3
10	56	0	2	0
10	57	3	3	3
10	58	4	3	4
10	59	2	3	5
10	60	2	1	3
10	61	3	3	5
10	62	3	3	2
10	63	4	3	3
10	64	3	2	6
10	65	3	2	4
10	66	3	3	4
10	67	3	4	5
10	68	6	3	7
10	69	3	2	4
10	70	1	2	3
10	71	2	3	6
10	72	4	4	3
10	73	0	0	1
10	74	1	3	2
10	75	3	3	2
11	1	1	1	2
11	2	3	1	1
11	3	2	1	2
11	4	3	2	4
11	5	0	1	2
11	6	1	2	1
11	7	2	1	2
11	8	0	1	3
11	9	-2	0	-1
11	10	-1	1	-2
11	11	0	3	4
11	12	2	0	3
11	13	2	1	3
11	14	-2	0	-3
11	15	0	0	0
11	16	3	3	4
11	17	2	1	1
11	18	4	4	6
11	19	4	2	5
11	20	3	1	2
11	21	0	1	0
11	22	0	2	1
11	23	1	3	3
11	24	2	3	3
11	25	4	4	7
11	26	3	1	1
11	27	0	1	2
11	28	0	0	0
11	29	0	1	-1
11	30	0	2	3
11	31	1	2	2
11	32	0	0	0
11	33	-1	0	0
11	34	2	1	-1
11	35	1	0	2
11	36	4	3	7
11	37	0	1	-1
11	38	-1	0	0
11	39	2	2	1
11	40	3	0	0
11	41	0	1	1
11	42	0	1	0
11	43	1	1	1
11	44	0	1	1
11	45	2	1	1
11	46	0	0	-3
11	47	-1	1	0
11	48	1	2	4
11	49	-1	0	0
11	50	-3	-1	-2
11	51	0	0	0
11	52	0	0	-1
11	53	0	1	0
11	54	0	1	0
11	55	0	1	1
11	56	0	2	3
11	57	2	1	3
11	58	3	2	4
11	59	1	1	0
11	60	2	3	3
11	61	1	2	1
11	62	1	1	3
11	63	0	1	2
11	64	0	1	0
11	65	-1	0	0
11	66	2	1	3
11	67	2	2	1
11	68	1	0	0
11	69	0	0	-2
11	70	-2	1	0
11	71	0	0	0
11	72	2	0	0
11	73	-3	0	-2
11	74	0	0	-2
11	75	0	1	0
12	1	0	1	0
12	2	0	2	3
12	3	1	1	2
12	4	0	1	5
12	5	2	1	5
12	6	1	3	3
12	7	1	2	3
12	8	4	2	2
12	9	2	1	1
12	10	0	0	-1
12	11	3	2	4
12	12	3	1	4
12	13	2	2	3
12	14	0	2	-1
12	15	0	2	2
12	16	-1	0	1
12	17	3	2	5
12	18	7	3	10
12	19	4	2	5
12	20	3	2	3
12	21	1	1	5
12	22	2	3	2
12	23	3	2	4
12	24	1	2	0
12	25	1	1	2
12	26	1	0	3
12	27	2	2	4
12	28	0	1	0
12	29	0	2	5
12	30	3	3	5
12	31	1	3	4
12	32	4	3	8
12	33	0	1	4
12	34	0	0	4
12	35	0	1	1
12	36	0	0	0
12	37	4	3	4
12	38	3	1	4
12	39	0	1	1
12	40	0	1	1
12	41	2	2	3
12	42	1	1	2
12	43	0	1	1
12	44	1	1	3
12	45	3	1	5
12	46	1	1	2
12	47	1	1	1
12	48	2	2	1
12	49	3	3	6
12	50	3	3	2
12	51	2	1	3
12	52	0	1	0
12	53	0	0	0
12	54	0	0	0
12	55	0	1	2
12	56	0	2	2
12	57	3	2	4
12	58	0	1	3
12	59	0	0	-5
12	60	-3	0	-1
12	61	1	1	0
12	62	0	1	3
12	63	1	0	4
12	64	0	1	3
12	65	0	1	1
12	66	0	2	1
12	67	4	2	6
12	68	2	1	1
12	69	1	0	2
12	70	4	3	4
12	71	0	2	0
12	72	3	2	6
12	73	2	2	3
12	74	0	2	2
12	75	0	1	0
13	1	0	1	0
13	2	2	3	3
13	3	0	2	2
13	4	0	2	0
13	5	0	3	0
13	6	0	2	1
13	7	3	2	2
13	8	2	3	3
13	9	-1	1	0
13	10	1	3	4
13	11	3	4	8
13	12	1	3	5
13	13	3	2	6
13	14	1	2	2
13	15	-1	2	-1
13	16	0	2	0
13	17	1	3	1
13	18	0	2	-1
13	19	1	3	2
13	20	3	3	7
13	21	4	3	5
13	22	3	3	4
13	23	1	2	4
13	24	3	3	2
13	25	2	3	6
13	26	0	2	0
13	27	1	3	4
13	28	2	3	4
13	29	0	3	2
13	30	3	3	4
13	31	3	3	3
13	32	-1	1	1
13	33	0	2	1
13	34	1	2	0
13	35	0	0	0
13	36	3	1	3
13	37	0	3	1
13	38	0	2	3
13	39	2	3	5
13	40	2	3	1
13	41	0	1	0
13	42	-1	1	1
13	43	-1	2	0
13	44	2	2	1
13	45	3	4	5
13	46	0	3	4
13	47	0	2	0
13	48	0	3	1
13	49	0	3	0
13	50	0	2	0
13	51	1	2	3
13	52	0	1	3
13	53	-1	1	0
13	54	1	2	1
13	55	-1	3	0
13	56	-1	1	-1
13	57	0	2	0
13	58	0	0	-1
13	59	2	0	0
13	60	-1	1	2
13	61	1	1	4
13	62	1	2	3
13	63	2	2	4
13	64	1	2	3
13	65	1	2	2
13	66	2	3	3
13	67	0	0	1
13	68	1	2	1
13	69	3	1	4
13	70	0	0	0
13	71	0	2	2
13	72	0	2	1
13	73	0	1	0
13	74	0	1	0
13	75	0	2	1
14	1	5	5	9
14	2	4	2	7
14	3	2	5	7
14	4	1	2	3
14	5	2	2	6
14	6	2	2	5
14	7	1	2	4
14	8	-1	3	4
14	9	3	2	5
14	10	2	3	2
14	11	3	2	5
14	12	0	2	3
14	13	0	2	0
14	14	0	2	1
14	15	0	2	2
14	16	-1	0	-2
14	17	0	2	1
14	18	1	1	0
14	19	3	3	6
14	20	1	2	0
14	21	1	1	3
14	22	0	2	0
14	23	0	1	3
14	24	0	1	1
14	25	0	2	1
14	26	3	3	4
14	27	2	3	4
14	28	4	4	6
14	29	4	3	6
14	30	0	2	3
14	31	-3	1	0
14	32	2	2	2
14	33	1	1	3
14	34	0	1	1
14	35	0	2	2
14	36	2	0	2
14	37	4	4	5
14	38	1	3	5
14	39	3	2	6
14	40	1	4	4
14	41	2	2	2
14	42	3	3	7
14	43	1	2	0
14	44	0	1	0
14	45	0	1	-1
14	46	3	3	6
14	47	0	3	3
14	48	0	1	4
14	49	1	2	0
14	50	0	2	3
14	51	1	2	4
14	52	2	2	1
14	53	2	2	4
14	54	1	3	2
14	55	3	2	4
14	56	2	3	4
14	57	3	4	6
14	58	4	4	7
14	59	1	4	4
14	60	2	2	4
14	61	0	2	2
14	62	0	4	6
14	63	2	3	3
14	64	2	2	5
14	65	1	4	4
14	66	1	1	0
14	67	2	3	4
14	68	1	2	4
14	69	1	1	3
14	70	-1	1	4
14	71	2	1	3
14	72	4	3	6
14	73	0	2	3
14	74	1	2	2
14	75	-1	0	0
15	1	1	2	4
15	2	0	1	3
15	3	4	4	9
15	4	3	5	5
15	5	4	3	5
15	6	1	0	3
15	7	1	3	2
15	8	2	1	2
15	9	0	2	0
15	10	3	3	4
15	11	0	2	0
15	12	1	3	5
15	13	4	1	5
15	14	3	3	5
15	15	1	2	3
15	16	3	4	6
15	17	1	3	2
15	18	1	2	4
15	19	1	2	3
15	20	2	4	5
15	21	2	2	3
15	22	0	2	4
15	23	1	2	5
15	24	3	2	2
15	25	0	0	1
15	26	1	3	2
15	27	2	4	5
15	28	2	2	2
15	29	0	1	3
15	30	0	2	4
15	31	2	1	2
15	32	0	2	3
15	33	4	4	9
15	34	5	3	5
15	35	0	2	2
15	36	3	3	5
15	37	-1	1	0
15	38	0	2	1
15	39	2	2	2
15	40	3	4	6
15	41	3	3	4
15	42	5	4	6
15	43	4	4	7
15	44	0	1	3
15	45	0	1	0
15	46	-1	0	0
15	47	0	2	1
15	48	1	1	3
15	49	3	2	6
15	50	1	2	5
15	51	1	2	0
15	52	1	2	3
15	53	0	1	0
15	54	3	4	5
15	55	3	3	3
15	56	-1	2	0
15	57	-1	2	0
15	58	0	0	1
15	59	5	3	7
15	60	4	3	5
15	61	1	3	6
15	62	3	4	8
15	63	2	3	4
15	64	2	3	4
15	65	2	1	2
15	66	2	1	4
15	67	-1	1	0
15	68	-3	0	0
15	69	0	0	1
15	70	-1	2	2
15	71	2	3	4
15	72	0	1	0
15	73	-2	0	0
15	74	4	2	4
15	75	3	4	10
16	1	1	1	0
16	2	1	1	1
16	3	3	3	3
16	4	1	0	3
16	5	0	1	1
16	6	-3	-2	-6
16	7	-1	0	0
16	8	-1	0	0
16	9	0	0	0
16	10	-4	-2	-6
16	11	-2	0	-2
16	12	1	0	3
16	13	1	1	2
16	14	1	1	3
16	15	4	1	3
16	16	3	2	5
16	17	1	1	0
16	18	0	1	1
16	19	0	0	-1
16	20	0	-1	2
16	21	0	-1	-2
16	22	0	0	-1
16	23	1	1	1
16	24	0	0	1
16	25	0	2	0
16	26	0	1	0
16	27	0	1	0
16	28	1	0	2
16	29	0	-1	-2
16	30	-3	-1	-2
16	31	-2	0	-2
16	32	-1	0	-2
16	33	-2	0	-1
16	34	-1	0	0
16	35	0	0	3
16	36	1	2	4
16	37	0	2	3
16	38	2	2	5
16	39	0	0	0
16	40	-2	0	0
16	41	-1	0	-1
16	42	0	0	0
16	43	1	0	0
16	44	0	0	0
16	45	0	1	0
16	46	-3	0	0
16	47	-1	0	-1
16	48	0	0	-2
16	49	0	0	1
16	50	2	0	2
16	51	0	0	0
16	52	1	1	1
16	53	0	0	0
16	54	-1	0	-4
16	55	-1	-1	0
16	56	-1	-1	-2
16	57	-3	0	-3
16	58	1	0	1
16	59	-2	-2	-6
16	60	-2	0	-2
16	61	-3	-1	-2
16	62	0	-1	-2
16	63	-1	0	0
16	64	0	0	0
16	65	3	1	2
16	66	0	0	0
16	67	3	3	3
16	68	1	2	4
16	69	2	3	3
16	70	0	0	-1
16	71	0	1	0
16	72	-1	1	0
16	73	-1	-1	-3
16	74	-3	0	-1
16	75	-5	0	-3
17	1	1	2	2
17	2	0	2	0
17	3	0	1	2
17	4	1	1	0
17	5	1	0	5
17	6	0	2	0
17	7	1	1	1
17	8	2	0	0
17	9	1	3	3
17	10	1	0	3
17	11	2	2	2
17	12	2	3	3
17	13	4	3	4
17	14	2	3	3
17	15	0	1	-2
17	16	3	2	3
17	17	0	0	0
17	18	0	1	1
17	19	0	1	1
17	20	0	1	0
17	21	3	2	0
17	22	-2	1	-1
17	23	0	1	0
17	24	1	1	0
17	25	4	2	2
17	26	3	0	4
17	27	1	1	3
17	28	1	0	2
17	29	3	2	2
17	30	0	2	2
17	31	2	3	6
17	32	1	1	2
17	33	2	2	2
17	34	0	2	1
17	35	0	1	-1
17	36	1	2	0
17	37	2	3	3
17	38	1	3	0
17	39	2	1	1
17	40	0	1	-1
17	41	1	1	-1
17	42	2	1	1
17	43	1	1	3
17	44	1	2	5
17	45	6	4	9
17	46	2	2	3
17	47	4	4	4
17	48	1	2	3
17	49	0	3	5
17	50	4	2	4
17	51	4	3	6
17	52	4	3	4
17	53	3	2	3
17	54	2	3	4
17	55	1	1	1
17	56	1	1	1
17	57	2	1	0
17	58	0	1	1
17	59	3	3	3
17	60	1	2	1
17	61	0	0	-1
17	62	3	2	4
17	63	4	3	6
17	64	1	3	1
17	65	0	0	0
17	66	0	-1	-3
17	67	0	0	0
17	68	1	1	3
17	69	0	1	0
17	70	1	2	3
17	71	1	1	3
17	72	0	1	-2
17	73	0	1	1
17	74	1	2	1
17	75	0	1	1
18	1	2	6	4
18	2	4	3	2
18	3	0	3	0
18	4	0	3	0
18	5	1	4	1
18	6	2	2	3
18	7	4	5	8
18	8	6	6	7
18	9	5	4	5
18	10	4	5	6
18	11	3	4	6
18	12	4	4	4
18	13	3	5	5
18	14	6	6	7
18	15	6	5	10
18	16	4	5	2
18	17	0	2	1
18	18	2	2	-2
18	19	4	4	5
18	20	3	5	4
18	21	5	4	7
18	22	3	3	3
18	23	4	5	6
18	24	2	4	3
18	25	3	5	8
18	26	4	5	5
18	27	3	5	5
18	28	5	5	8
18	29	6	4	6
18	30	6	4	8
18	31	7	6	8
18	32	2	3	4
18	33	6	4	7
18	34	6	5	9
18	35	5	5	5
18	36	4	3	4
18	37	3	3	3
18	38	3	4	3
18	39	2	4	4
18	40	4	6	4
18	41	3	5	4
18	42	4	3	4
18	43	1	4	2
18	44	3	6	5
18	45	3	3	4
18	46	3	4	5
18	47	5	5	7
18	48	3	5	6
18	49	6	5	8
18	50	0	3	3
18	51	4	5	6
18	52	4	5	4
18	53	6	6	10
18	54	4	3	6
18	55	5	5	6
18	56	6	4	5
18	57	3	5	7
18	58	7	7	10
18	59	7	7	9
18	60	5	4	7
18	61	3	3	4
18	62	5	6	8
18	63	4	6	4
18	64	2	3	2
18	65	4	4	5
18	66	4	4	5
18	67	4	5	4
18	68	5	5	7
18	69	6	6	8
18	70	7	6	8
18	71	6	8	10
18	72	5	5	10
18	73	5	5	9
18	74	2	4	1
18	75	4	4	7
19	1	1	2	2
19	2	2	1	0
19	3	0	1	0
19	4	3	2	5
19	5	2	2	3
19	6	3	2	1
19	7	2	2	2
19	8	1	1	0
19	9	-1	0	0
19	10	0	0	-2
19	11	1	0	0
19	12	2	1	2
19	13	1	2	0
19	14	0	0	-3
19	15	0	2	0
19	16	0	2	2
19	17	0	1	1
19	18	2	1	0
19	19	2	2	2
19	20	3	2	4
19	21	0	1	0
19	22	0	1	-2
19	23	2	0	-1
19	24	2	3	3
19	25	1	2	2
19	26	5	2	4
19	27	2	2	3
19	28	1	1	1
19	29	2	1	0
19	30	4	1	4
19	31	4	2	3
19	32	4	2	5
19	33	4	2	5
19	34	2	2	3
19	35	4	3	2
19	36	0	2	3
19	37	0	2	1
19	38	0	1	-1
19	39	-2	0	-3
19	40	1	0	-1
19	41	1	1	1
19	42	0	3	0
19	43	-2	0	-2
19	44	0	1	0
19	45	2	3	3
19	46	2	2	3
19	47	4	2	0
19	48	4	2	3
19	49	2	2	2
19	50	2	4	3
19	51	2	3	2
19	52	2	3	3
19	53	4	3	4
19	54	0	1	0
19	55	2	3	3
19	56	1	1	0
19	57	0	2	0
19	58	1	2	2
19	59	3	3	1
19	60	0	2	-1
19	61	2	2	1
19	62	1	3	3
19	63	0	1	0
19	64	1	2	0
19	65	3	2	4
19	66	3	2	0
19	67	3	2	4
19	68	1	2	0
19	69	3	2	2
19	70	3	2	2
19	71	0	1	1
19	72	0	0	2
19	73	1	2	1
19	74	0	1	2
19	75	1	2	2
20	1	5	3	1
20	2	0	3	0
20	3	1	3	3
20	4	3	5	3
20	5	2	3	1
20	6	3	2	2
20	7	6	4	4
20	8	2	4	2
20	9	4	3	4
20	10	5	5	6
20	11	5	4	4
20	12	5	3	6
20	13	5	4	6
20	14	2	4	2
20	15	5	3	8
20	16	7	4	7
20	17	3	3	4
20	18	7	5	2
20	19	6	5	6
20	20	4	2	1
20	21	6	3	4
20	22	1	3	0
20	23	2	3	4
20	24	4	3	2
20	25	4	3	4
20	26	4	4	5
20	27	3	2	3
20	28	1	3	0
20	29	2	3	3
20	30	2	3	2
20	31	5	4	6
20	32	4	2	4
20	33	5	3	4
20	34	2	3	5
20	35	4	4	3
20	36	6	5	4
20	37	4	4	1
20	38	5	5	4
20	39	3	3	3
20	40	3	4	3
20	41	5	3	2
20	42	5	4	6
20	43	5	3	5
20	44	2	2	0
20	45	2	2	2
20	46	3	3	0
20	47	3	3	0
20	48	1	3	3
20	49	2	3	4
20	50	1	3	3
20	51	2	2	-2
20	52	1	2	-1
20	53	3	3	4
20	54	6	4	5
20	55	3	4	3
20	56	5	4	3
20	57	3	4	3
20	58	0	3	1
20	59	3	4	2
20	60	4	3	1
20	61	1	2	0
20	62	5	3	4
20	63	2	1	1
20	64	4	2	4
20	65	3	2	1
20	66	4	5	3
20	67	2	2	0
20	68	3	3	1
20	69	6	3	6
20	70	2	4	2
20	71	2	2	0
20	72	1	2	-3
20	73	-1	2	0
20	74	1	1	1
20	75	3	3	0
21	1	1	3	6
21	2	2	2	2
21	3	5	5	6
21	4	3	4	5
21	5	6	4	9
21	6	7	5	10
21	7	7	5	10
21	8	5	4	11
21	9	7	4	9
21	10	2	2	6
21	11	2	3	4
21	12	1	2	2
21	13	0	2	-1
21	14	0	1	1
21	15	0	2	0
21	16	0	3	1
21	17	1	2	5
21	18	2	4	2
21	19	3	4	6
21	20	3	3	5
21	21	3	3	4
21	22	3	4	6
21	23	3	2	6
21	24	3	3	4
21	25	2	4	5
21	26	3	3	4
21	27	2	3	5
21	28	2	3	3
21	29	4	5	7
21	30	2	3	4
21	31	1	2	4
21	32	4	4	2
21	33	2	3	4
21	34	0	2	0
21	35	3	2	4
21	36	0	2	2
21	37	4	4	6
21	38	4	4	4
21	39	4	3	6
21	40	3	2	5
21	41	3	2	6
21	42	2	4	6
21	43	4	4	4
21	44	1	2	3
21	45	0	3	2
21	46	0	3	0
21	47	0	1	1
21	48	2	3	6
21	49	3	3	4
21	50	5	3	6
21	51	5	4	4
21	52	5	6	10
21	53	3	4	6
21	54	2	4	8
21	55	7	4	10
21	56	6	5	7
21	57	7	4	11
21	58	5	4	5
21	59	1	3	4
21	60	2	3	2
21	61	1	2	3
21	62	2	5	3
21	63	0	2	3
21	64	0	3	3
21	65	3	3	4
21	66	5	2	5
21	67	4	3	3
21	68	2	3	0
21	69	2	2	4
21	70	0	3	2
21	71	0	2	2
21	72	1	3	5
21	73	2	3	6
21	74	4	4	6
21	75	6	5	6
22	1	0	1	6
22	2	0	3	5
22	3	1	4	8
22	4	1	3	8
22	5	0	2	3
22	6	0	2	1
22	7	0	2	5
22	8	1	3	2
22	9	-1	0	1
22	10	0	3	4
22	11	1	3	1
22	12	-2	1	0
22	13	-1	2	1
22	14	2	3	3
22	15	1	3	4
22	16	2	1	3
22	17	-2	0	0
22	18	-1	3	2
22	19	0	2	3
22	20	-2	1	3
22	21	1	2	3
22	22	-1	1	1
22	23	0	2	4
22	24	-1	0	0
22	25	-1	1	2
22	26	0	2	4
22	27	0	1	1
22	28	0	2	1
22	29	0	1	2
22	30	4	5	10
22	31	4	4	8
22	32	5	3	3
22	33	2	3	5
22	34	2	4	8
22	35	5	4	8
22	36	4	5	10
22	37	1	3	4
22	38	3	5	7
22	39	1	2	4
22	40	0	2	3
22	41	-1	1	0
22	42	1	1	2
22	43	0	2	2
22	44	-2	2	0
22	45	-3	2	0
22	46	-1	2	1
22	47	-1	1	2
22	48	2	5	6
22	49	4	4	8
22	50	2	3	8
22	51	0	1	3
22	52	2	3	3
22	53	-1	2	0
22	54	-1	0	0
22	55	-1	1	0
22	56	0	1	0
22	57	-1	1	0
22	58	-1	2	2
22	59	2	4	5
22	60	3	3	6
22	61	-2	1	3
22	62	0	2	2
22	63	0	3	3
22	64	0	2	4
22	65	0	2	1
22	66	-2	2	2
22	67	-1	3	2
22	68	2	3	3
22	69	0	2	2
22	70	1	1	2
22	71	0	3	2
22	72	0	2	3
22	73	0	1	0
22	74	0	2	5
22	75	0	2	2
23	1	4	2	3
23	2	5	4	5
23	3	6	4	7
23	4	3	3	4
23	5	3	4	1
23	6	2	3	5
23	7	2	3	1
23	8	0	2	1
23	9	3	3	0
23	10	4	4	4
23	11	5	4	4
23	12	4	4	4
23	13	5	4	7
23	14	2	3	5
23	15	1	3	3
23	16	3	5	0
23	17	0	3	0
23	18	5	5	6
23	19	3	1	1
23	20	5	4	4
23	21	3	3	3
23	22	1	3	-1
23	23	2	4	3
23	24	6	4	8
23	25	6	6	8
23	26	6	4	5
23	27	3	2	6
23	28	3	3	0
23	29	3	3	1
23	30	3	4	3
23	31	5	3	3
23	32	5	4	1
23	33	6	4	6
23	34	6	4	7
23	35	3	4	7
23	36	4	4	3
23	37	1	3	0
23	38	4	5	5
23	39	5	4	3
23	40	5	5	7
23	41	3	4	3
23	42	1	2	2
23	43	4	3	6
23	44	5	3	4
23	45	2	4	6
23	46	1	3	1
23	47	3	4	7
23	48	4	5	2
23	49	1	2	2
23	50	3	3	6
23	51	1	3	3
23	52	1	3	0
23	53	3	3	2
23	54	2	2	0
23	55	2	5	3
23	56	3	4	2
23	57	7	6	6
23	58	7	5	9
23	59	3	4	4
23	60	4	3	3
23	61	2	2	4
23	62	4	3	2
23	63	5	3	3
23	64	0	2	0
23	65	0	2	1
23	66	4	3	3
23	67	3	4	2
23	68	1	3	3
23	69	3	4	2
23	70	2	4	4
23	71	3	3	2
23	72	4	4	5
23	73	5	4	4
23	74	3	3	3
23	75	6	4	7
24	1	5	4	8
24	2	4	3	6
24	3	0	3	4
24	4	4	3	4
24	5	3	4	5
24	6	6	4	6
24	7	3	4	4
24	8	1	4	5
24	9	2	4	5
24	10	4	4	4
24	11	2	3	4
24	12	0	1	2
24	13	-1	1	0
24	14	1	3	3
24	15	4	4	6
24	16	4	4	4
24	17	1	2	6
24	18	1	4	5
24	19	1	3	2
24	20	3	1	4
24	21	2	3	3
24	22	3	3	3
24	23	0	4	4
24	24	7	5	9
24	25	3	3	4
24	26	4	3	6
24	27	3	2	4
24	28	3	3	6
24	29	0	2	2
24	30	4	4	4
24	31	2	2	5
24	32	2	3	0
24	33	2	3	2
24	34	1	2	3
24	35	2	2	2
24	36	2	2	3
24	37	3	4	8
24	38	3	3	4
24	39	0	2	3
24	40	2	3	6
24	41	2	2	1
24	42	-1	1	0
24	43	0	1	1
24	44	3	3	2
24	45	4	4	6
24	46	3	3	5
24	47	2	2	3
24	48	4	4	6
24	49	4	3	5
24	50	0	2	4
24	51	0	2	3
24	52	1	3	5
24	53	6	4	5
24	54	0	2	1
24	55	-1	2	-2
24	56	1	3	4
24	57	1	0	0
24	58	2	2	4
24	59	2	2	3
24	60	0	2	1
24	61	3	4	5
24	62	4	3	6
24	63	2	3	2
24	64	1	4	3
24	65	3	3	7
24	66	3	2	6
24	67	4	4	9
24	68	6	5	9
24	69	4	4	8
24	70	6	5	7
24	71	5	5	6
24	72	1	2	1
24	73	0	2	5
24	74	2	4	2
24	75	3	3	4
25	1	2	2	2
25	2	1	2	4
25	3	2	2	2
25	4	3	2	4
25	5	1	2	6
25	6	2	2	2
25	7	1	3	3
25	8	4	3	6
25	9	1	3	6
25	10	1	0	1
25	11	2	1	3
25	12	1	2	3
25	13	3	3	5
25	14	3	2	2
25	15	5	3	4
25	16	5	2	6
25	17	3	3	8
25	18	1	2	1
25	19	3	2	6
25	20	3	2	2
25	21	1	1	2
25	22	0	2	2
25	23	1	1	4
25	24	1	3	3
25	25	0	1	0
25	26	0	2	4
25	27	-1	0	0
25	28	0	3	3
25	29	-1	1	0
25	30	0	1	4
25	31	3	3	5
25	32	4	2	4
25	33	0	1	0
25	34	1	1	4
25	35	3	3	5
25	36	2	2	6
25	37	0	1	2
25	38	2	2	3
25	39	3	1	2
25	40	2	3	7
25	41	0	0	0
25	42	1	1	2
25	43	2	3	5
25	44	4	2	8
25	45	2	3	5
25	46	5	3	7
25	47	1	1	5
25	48	-1	2	2
25	49	0	1	0
25	50	1	2	2
25	51	1	3	2
25	52	1	0	0
25	53	0	1	3
25	54	2	1	5
25	55	2	2	2
25	56	1	2	5
25	57	4	3	6
25	58	1	2	2
25	59	2	3	4
25	60	3	2	4
25	61	0	1	4
25	62	1	2	4
25	63	2	3	0
25	64	0	2	0
25	65	1	0	1
25	66	2	1	4
25	67	0	1	0
25	68	0	1	1
25	69	4	2	8
25	70	4	3	8
25	71	5	5	6
25	72	5	3	8
25	73	5	4	6
25	74	3	3	1
25	75	5	2	5
26	1	4	3	3
26	2	6	3	2
26	3	5	4	2
26	4	6	5	4
26	5	3	4	4
26	6	4	4	3
26	7	3	4	4
26	8	5	5	3
26	9	7	6	9
26	10	10	4	8
26	11	3	4	3
26	12	3	3	4
26	13	10	5	10
26	14	3	5	7
26	15	6	5	8
26	16	7	5	9
26	17	5	3	7
26	18	5	4	5
26	19	3	3	6
26	20	8	6	9
26	21	8	5	9
26	22	5	5	6
26	23	5	6	7
26	24	6	5	8
26	25	6	5	7
26	26	8	5	9
26	27	3	4	2
26	28	4	4	3
26	29	4	5	6
26	30	4	4	5
26	31	7	5	9
26	32	3	4	3
26	33	4	5	5
26	34	6	5	7
26	35	8	5	8
26	36	8	5	9
26	37	5	6	10
26	38	2	5	4
26	39	1	2	1
26	40	5	5	4
26	41	3	4	4
26	42	6	5	3
26	43	5	4	5
26	44	0	2	1
26	45	4	4	4
26	46	4	4	3
26	47	4	6	5
26	48	5	4	3
26	49	4	5	6
26	50	4	5	5
26	51	7	5	7
26	52	6	5	8
26	53	8	6	6
26	54	10	7	11
26	55	6	6	10
26	56	6	5	6
26	57	5	5	5
26	58	3	3	4
26	59	3	6	5
26	60	6	6	5
26	61	2	4	5
26	62	3	2	4
26	63	4	4	2
26	64	5	4	3
26	65	4	4	3
26	66	4	5	4
26	67	5	4	3
26	68	3	3	2
26	69	4	4	5
26	70	4	4	4
26	71	3	5	6
26	72	6	5	5
26	73	3	3	2
26	74	4	5	3
26	75	5	5	7
27	1	1	1	0
27	2	-1	0	-1
27	3	1	0	1
27	4	0	2	1
27	5	-1	0	2
27	6	4	3	2
27	7	3	3	7
27	8	6	3	5
27	9	4	3	4
27	10	2	1	4
27	11	0	1	0
27	12	2	2	3
27	13	2	1	3
27	14	1	1	1
27	15	1	2	2
27	16	1	2	1
27	17	2	1	1
27	18	1	2	4
27	19	2	1	4
27	20	2	2	2
27	21	0	1	1
27	22	0	0	0
27	23	1	0	1
27	24	2	1	4
27	25	-1	2	0
27	26	0	2	0
27	27	0	2	3
27	28	5	2	5
27	29	2	3	3
27	30	4	3	3
27	31	1	2	3
27	32	0	2	-1
27	33	0	1	2
27	34	0	0	-1
27	35	2	3	7
27	36	2	1	3
27	37	2	1	3
27	38	-1	1	2
27	39	3	1	4
27	40	0	0	2
27	41	0	1	2
27	42	2	2	4
27	43	0	1	0
27	44	2	2	5
27	45	3	3	3
27	46	3	1	2
27	47	1	1	1
27	48	3	2	5
27	49	1	2	0
27	50	3	2	4
27	51	1	0	1
27	52	0	0	-1
27	53	2	1	4
27	54	0	1	0
27	55	0	1	4
27	56	0	0	0
27	57	-1	0	0
27	58	-2	0	-1
27	59	-1	0	0
27	60	0	1	0
27	61	0	0	0
27	62	2	1	4
27	63	2	2	4
27	64	4	2	6
27	65	3	1	4
27	66	0	0	1
27	67	2	0	5
27	68	2	1	4
27	69	-1	1	0
27	70	1	1	2
27	71	1	1	2
27	72	0	0	2
27	73	1	1	1
27	74	1	2	3
27	75	0	1	2
28	1	2	3	4
28	2	0	2	3
28	3	0	2	0
28	4	1	2	6
28	5	0	2	4
28	6	1	1	4
28	7	0	1	1
28	8	1	1	2
28	9	0	3	4
28	10	2	2	0
28	11	0	0	0
28	12	-1	1	0
28	13	1	1	2
28	14	-2	1	0
28	15	4	3	2
28	16	0	1	5
28	17	1	2	3
28	18	1	2	6
28	19	2	3	4
28	20	0	2	1
28	21	0	1	3
28	22	4	2	4
28	23	3	3	5
28	24	2	2	3
28	25	0	0	3
28	26	2	3	5
28	27	2	0	3
28	28	-2	0	0
28	29	0	0	3
28	30	2	2	8
28	31	2	3	6
28	32	0	1	0
28	33	0	1	0
28	34	2	2	7
28	35	0	1	1
28	36	0	1	2
28	37	0	1	2
28	38	0	2	3
28	39	-2	0	-1
28	40	-2	1	-1
28	41	0	0	2
28	42	-2	1	2
28	43	0	1	2
28	44	0	1	0
28	45	3	3	5
28	46	0	3	3
28	47	2	2	2
28	48	1	1	1
28	49	0	2	5
28	50	2	1	3
28	51	1	3	4
28	52	1	1	0
28	53	2	3	3
28	54	1	3	4
28	55	0	2	3
28	56	1	3	4
28	57	2	3	3
28	58	-2	0	-1
28	59	0	0	3
28	60	0	1	3
28	61	0	2	3
28	62	0	2	1
28	63	1	1	2
28	64	-1	1	0
28	65	1	2	4
28	66	2	2	3
28	67	1	1	1
28	68	0	0	2
28	69	-1	1	1
28	70	-4	-1	-1
28	71	-1	-1	-1
28	72	0	2	1
28	73	-1	1	0
28	74	1	2	4
28	75	0	1	0
29	1	4	5	2
29	2	6	5	8
29	3	3	4	5
29	4	5	5	9
29	5	5	4	5
29	6	7	5	8
29	7	6	5	8
29	8	4	4	5
29	9	0	3	3
29	10	0	3	0
29	11	1	3	2
29	12	0	4	3
29	13	2	2	4
29	14	2	2	1
29	15	3	3	5
29	16	5	7	9
29	17	5	4	7
29	18	5	3	4
29	19	2	6	7
29	20	4	5	5
29	21	1	2	0
29	22	3	2	2
29	23	3	4	4
29	24	3	3	4
29	25	1	4	3
29	26	2	3	0
29	27	0	2	-1
29	28	1	4	1
29	29	4	3	4
29	30	1	5	5
29	31	1	3	5
29	32	0	2	2
29	33	0	2	0
29	34	3	4	2
29	35	2	4	5
29	36	1	4	6
29	37	3	4	1
29	38	6	4	8
29	39	4	4	4
29	40	4	4	5
29	41	4	5	5
29	42	6	4	6
29	43	5	4	6
29	44	7	5	8
29	45	4	5	7
29	46	3	3	1
29	47	3	2	3
29	48	2	3	4
29	49	4	4	3
29	50	6	6	6
29	51	5	5	5
29	52	4	3	2
29	53	2	4	3
29	54	2	3	4
29	55	2	4	3
29	56	0	2	1
29	57	3	3	5
29	58	2	3	2
29	59	3	5	7
29	60	4	4	3
29	61	6	4	4
29	62	5	2	5
29	63	0	5	1
29	64	3	5	2
29	65	5	4	6
29	66	0	1	0
29	67	0	2	2
29	68	0	3	2
29	69	2	3	3
29	70	2	3	3
29	71	5	4	6
29	72	4	3	2
29	73	3	3	1
29	74	5	3	7
29	75	5	5	3
30	1	-1	0	0
30	2	-2	0	0
30	3	0	0	0
30	4	0	0	0
30	5	0	1	-3
30	6	-4	-2	-3
30	7	-2	-1	-2
30	8	-2	0	-2
30	9	0	0	1
30	10	1	3	3
30	11	1	0	2
30	12	2	1	3
30	13	0	2	0
30	14	0	0	0
30	15	-1	1	-1
30	16	0	1	1
30	17	2	1	0
30	18	3	2	1
30	19	0	1	-1
30	20	-2	0	-1
30	21	-2	1	-1
30	22	0	0	2
30	23	-1	0	-1
30	24	-1	0	-3
30	25	0	0	-1
30	26	0	0	0
30	27	0	0	0
30	28	1	1	1
30	29	0	0	0
30	30	0	1	0
30	31	2	1	3
30	32	0	2	3
30	33	0	0	3
30	34	1	2	4
30	35	1	1	3
30	36	0	0	2
30	37	2	1	3
30	38	-1	0	-2
30	39	-1	0	-1
30	40	1	0	0
30	41	0	0	1
30	42	-1	0	0
30	43	0	1	0
30	44	0	1	2
30	45	-2	0	-2
30	46	-1	0	-1
30	47	1	2	1
30	48	1	0	2
30	49	0	0	1
30	50	0	0	2
30	51	1	1	2
30	52	-1	0	0
30	53	0	0	0
30	54	3	2	5
30	55	0	0	0
30	56	0	0	0
30	57	2	1	3
30	58	0	2	1
30	59	0	1	4
30	60	1	1	1
30	61	3	3	4
30	62	4	3	6
30	63	1	0	3
30	64	-1	1	3
30	65	0	2	0
30	66	0	1	0
30	67	4	2	6
30	68	3	1	4
30	69	5	2	6
30	70	3	0	3
30	71	0	1	2
30	72	-1	2	1
30	73	1	2	1
30	74	-1	1	0
30	75	-1	0	0
31	1	0	1	2
31	2	2	1	4
31	3	0	0	1
31	4	2	1	3
31	5	2	0	4
31	6	1	1	3
31	7	1	0	1
31	8	4	1	4
31	9	2	1	3
31	10	0	0	0
31	11	1	1	3
31	12	4	2	5
31	13	3	4	4
31	14	5	3	5
31	15	5	2	5
31	16	3	2	4
31	17	5	3	9
31	18	1	1	2
31	19	5	2	6
31	20	1	1	5
31	21	3	1	4
31	22	0	1	0
31	23	0	1	0
31	24	0	1	2
31	25	0	0	2
31	26	2	2	3
31	27	4	2	6
31	28	4	3	8
31	29	2	2	3
31	30	-1	0	-1
31	31	3	1	1
31	32	2	3	3
31	33	3	1	5
31	34	3	1	2
31	35	0	2	1
31	36	1	0	1
31	37	2	1	1
31	38	1	0	2
31	39	-1	0	0
31	40	0	0	0
31	41	1	1	1
31	42	1	0	0
31	43	0	0	0
31	44	2	1	3
31	45	1	1	3
31	46	0	0	0
31	47	4	0	3
31	48	2	1	4
31	49	3	1	5
31	50	3	1	1
31	51	1	1	3
31	52	3	2	4
31	53	1	0	4
31	54	0	0	0
31	55	-1	0	-1
31	56	1	2	3
31	57	-1	0	1
31	58	0	1	0
31	59	2	2	2
31	60	0	0	1
31	61	2	1	4
31	62	2	0	1
31	63	-2	0	-1
31	64	0	0	1
31	65	2	0	2
31	66	5	1	7
31	67	0	1	0
31	68	5	2	4
31	69	0	1	2
31	70	2	3	3
31	71	3	2	3
31	72	0	0	0
31	73	1	1	-2
31	74	1	0	1
31	75	2	1	5
32	1	4	4	5
32	2	3	4	5
32	3	4	3	5
32	4	1	2	1
32	5	2	3	2
32	6	2	3	4
32	7	3	3	4
32	8	1	2	1
32	9	0	4	1
32	10	-1	0	0
32	11	3	3	3
32	12	4	4	5
32	13	2	4	8
32	14	3	2	3
32	15	0	1	2
32	16	0	1	0
32	17	0	1	0
32	18	0	2	2
32	19	2	3	3
32	20	2	3	2
32	21	1	2	2
32	22	5	2	5
32	23	4	3	5
32	24	4	2	4
32	25	2	2	3
32	26	1	3	3
32	27	1	3	4
32	28	1	2	3
32	29	3	2	5
32	30	2	3	0
32	31	4	3	3
32	32	0	2	1
32	33	0	2	1
32	34	2	2	1
32	35	0	1	0
32	36	3	4	4
32	37	6	3	7
32	38	4	2	2
32	39	0	2	3
32	40	1	2	2
32	41	2	3	0
32	42	0	1	3
32	43	1	2	2
32	44	4	2	3
32	45	0	0	0
32	46	5	3	8
32	47	3	3	6
32	48	4	2	2
32	49	2	2	4
32	50	1	2	5
32	51	1	1	2
32	52	3	3	4
32	53	1	3	6
32	54	2	1	3
32	55	2	1	4
32	56	0	2	-1
32	57	6	4	10
32	58	3	2	3
32	59	2	4	3
32	60	4	2	2
32	61	3	3	5
32	62	5	3	7
32	63	1	2	3
32	64	-1	1	3
32	65	-1	1	0
32	66	3	3	5
32	67	4	1	2
32	68	1	2	4
32	69	1	1	0
32	70	4	3	3
32	71	1	2	3
32	72	1	2	2
32	73	0	1	0
32	74	3	3	1
32	75	0	2	0
33	1	0	1	0
33	2	1	0	1
33	3	0	1	3
33	4	1	1	-1
33	5	1	2	1
33	6	1	2	1
33	7	3	1	3
33	8	0	0	1
33	9	-3	0	0
33	10	1	1	0
33	11	0	1	0
33	12	-2	1	-3
33	13	-1	0	0
33	14	-1	0	0
33	15	2	1	0
33	16	0	2	2
33	17	0	0	0
33	18	-1	0	0
33	19	0	1	1
33	20	-1	1	3
33	21	0	0	0
33	22	0	0	2
33	23	0	0	1
33	24	0	1	2
33	25	0	1	3
33	26	1	1	1
33	27	2	3	3
33	28	0	1	2
33	29	-1	0	0
33	30	-1	0	-2
33	31	0	0	1
33	32	1	1	1
33	33	0	0	2
33	34	-2	0	-2
33	35	0	1	1
33	36	1	1	2
33	37	0	0	1
33	38	2	1	3
33	39	0	2	2
33	40	0	0	1
33	41	2	1	0
33	42	1	2	0
33	43	0	0	0
33	44	0	0	0
33	45	-4	0	-6
33	46	-2	0	0
33	47	0	1	0
33	48	-1	0	0
33	49	0	1	1
33	50	-2	0	0
33	51	-1	1	0
33	52	0	1	2
33	53	1	2	4
33	54	0	1	0
33	55	0	2	1
33	56	0	1	0
33	57	3	2	6
33	58	1	1	3
33	59	1	1	0
33	60	-1	1	0
33	61	3	2	4
33	62	0	1	0
33	63	0	0	0
33	64	-1	0	2
33	65	0	1	2
33	66	-2	0	0
33	67	-1	0	-1
33	68	0	0	1
33	69	2	2	6
33	70	-2	0	0
33	71	-1	1	-1
33	72	-2	0	1
33	73	-2	0	0
33	74	-2	1	0
33	75	0	0	0
34	1	0	1	0
34	2	0	0	0
34	3	-1	0	-1
34	4	3	1	2
34	5	1	0	0
34	6	0	0	-1
34	7	0	1	0
34	8	1	1	1
34	9	2	1	0
34	10	3	2	0
34	11	1	0	0
34	12	2	3	3
34	13	0	0	1
34	14	1	2	2
34	15	2	3	4
34	16	2	2	3
34	17	0	1	0
34	18	1	-1	-2
34	19	-2	1	-2
34	20	-3	0	-4
34	21	0	0	0
34	22	0	0	-6
34	23	-3	0	-5
34	24	-1	0	-3
34	25	-1	1	0
34	26	0	1	0
34	27	1	2	2
34	28	4	2	2
34	29	1	2	3
34	30	2	1	3
34	31	2	2	5
34	32	4	2	6
34	33	0	1	1
34	34	0	2	-2
34	35	0	0	0
34	36	-1	-1	-1
34	37	-1	0	-2
34	38	0	0	1
34	39	0	1	0
34	40	2	3	2
34	41	4	2	3
34	42	5	2	3
34	43	1	1	0
34	44	1	1	0
34	45	0	2	4
34	46	1	2	2
34	47	-1	0	-1
34	48	-2	1	-3
34	49	1	0	-2
34	50	-3	0	0
34	51	-2	0	-2
34	52	0	1	0
34	53	0	3	1
34	54	1	1	0
34	55	0	2	4
34	56	0	1	1
34	57	0	0	1
34	58	-2	0	-2
34	59	0	1	2
34	60	1	1	0
34	61	0	1	-1
34	62	-1	2	0
34	63	0	1	0
34	64	2	1	2
34	65	0	2	0
34	66	2	2	2
34	67	3	2	3
34	68	0	0	0
34	69	3	2	6
34	70	4	2	3
34	71	0	2	1
34	72	-1	1	-1
34	73	0	1	2
34	74	0	0	0
34	75	-1	2	0
35	1	-1	1	0
35	2	-1	1	0
35	3	0	1	1
35	4	0	1	2
35	5	1	1	4
35	6	1	1	0
35	7	2	1	2
35	8	3	3	4
35	9	1	2	3
35	10	0	0	1
35	11	-2	1	0
35	12	-2	1	-1
35	13	-2	1	-1
35	14	0	1	0
35	15	0	2	1
35	16	0	2	1
35	17	2	3	6
35	18	2	3	5
35	19	2	2	5
35	20	0	0	0
35	21	0	2	2
35	22	0	1	2
35	23	-2	1	-2
35	24	0	2	1
35	25	1	0	2
35	26	-3	0	-3
35	27	-1	0	-3
35	28	0	1	1
35	29	-2	2	-1
35	30	0	1	0
35	31	0	0	0
35	32	-1	1	-1
35	33	0	3	0
35	34	-2	2	1
35	35	0	1	1
35	36	3	2	1
35	37	1	4	4
35	38	0	2	0
35	39	0	1	2
35	40	-2	0	0
35	41	-2	0	0
35	42	0	1	2
35	43	2	1	1
35	44	-2	0	0
35	45	0	0	0
35	46	1	0	2
35	47	0	1	0
35	48	0	1	0
35	49	2	1	4
35	50	2	1	2
35	51	2	3	5
35	52	3	3	3
35	53	2	1	2
35	54	1	0	3
35	55	0	1	2
35	56	0	1	0
35	57	0	1	0
35	58	0	3	2
35	59	0	2	0
35	60	-1	1	2
35	61	0	1	0
35	62	0	1	-1
35	63	-1	1	-1
35	64	2	2	2
35	65	2	3	0
35	66	0	1	1
35	67	0	1	-1
35	68	1	4	3
35	69	2	2	4
35	70	0	2	0
35	71	4	3	4
35	72	1	2	4
35	73	-1	0	-1
35	74	3	2	3
35	75	2	2	1
36	1	1	1	2
36	2	0	0	0
36	3	0	1	0
36	4	-2	0	-4
36	5	2	0	3
36	6	0	0	3
36	7	0	1	1
36	8	4	2	3
36	9	1	0	3
36	10	0	0	0
36	11	0	0	1
36	12	0	1	2
36	13	0	1	0
36	14	0	1	2
36	15	1	1	2
36	16	1	0	0
36	17	0	1	0
36	18	-1	0	-1
36	19	-1	0	-1
36	20	0	0	0
36	21	2	2	3
36	22	-4	0	-1
36	23	0	0	0
36	24	-2	0	-2
36	25	-2	-1	-4
36	26	0	0	0
36	27	0	0	3
36	28	2	2	3
36	29	2	1	3
36	30	0	1	0
36	31	2	2	2
36	32	1	1	1
36	33	2	3	3
36	34	3	2	5
36	35	2	2	5
36	36	0	0	0
36	37	0	1	-1
36	38	1	2	0
36	39	-1	0	-3
36	40	0	1	1
36	41	-1	0	-2
36	42	1	2	3
36	43	1	0	0
36	44	3	0	3
36	45	-1	2	1
36	46	3	2	4
36	47	6	4	8
36	48	2	3	4
36	49	3	2	0
36	50	4	1	5
36	51	0	0	-1
36	52	2	2	4
36	53	4	3	7
36	54	3	1	2
36	55	1	1	1
36	56	0	-1	-1
36	57	2	1	-3
36	58	2	1	0
36	59	3	2	3
36	60	1	1	0
36	61	0	1	1
36	62	0	0	-1
36	63	4	2	5
36	64	0	0	2
36	65	1	1	2
36	66	1	1	2
36	67	2	1	1
36	68	2	2	1
36	69	-1	0	0
36	70	0	1	0
36	71	1	0	0
36	72	4	1	5
36	73	2	1	2
36	74	0	1	0
36	75	0	0	1
37	1	4	3	3
37	2	0	2	0
37	3	3	3	3
37	4	-1	1	0
37	5	1	2	1
37	6	2	2	1
37	7	4	1	4
37	8	3	2	6
37	9	4	2	4
37	10	1	3	2
37	11	1	2	1
37	12	1	3	2
37	13	3	3	4
37	14	0	3	-1
37	15	0	2	0
37	16	-1	1	1
37	17	0	2	2
37	18	0	1	0
37	19	0	3	0
37	20	0	1	0
37	21	0	1	0
37	22	0	0	0
37	23	0	1	2
37	24	2	1	1
37	25	3	3	3
37	26	0	1	-2
37	27	-1	3	-1
37	28	0	0	0
37	29	-3	1	-2
37	30	2	1	2
37	31	0	0	2
37	32	3	2	3
37	33	4	3	3
37	34	0	2	0
37	35	3	2	3
37	36	0	1	0
37	37	3	1	1
37	38	0	1	2
37	39	0	0	0
37	40	0	1	0
37	41	0	0	-1
37	42	1	1	0
37	43	1	2	2
37	44	0	2	3
37	45	5	3	3
37	46	1	2	2
37	47	5	3	6
37	48	3	2	4
37	49	0	0	2
37	50	1	3	1
37	51	1	0	1
37	52	3	2	6
37	53	4	3	4
37	54	6	3	8
37	55	3	2	1
37	56	1	2	3
37	57	2	2	3
37	58	0	1	-2
37	59	0	1	-1
37	60	0	0	1
37	61	-1	0	-2
37	62	0	1	-1
37	63	3	2	1
37	64	1	3	3
37	65	2	4	4
37	66	0	1	0
37	67	0	2	0
37	68	-1	0	0
37	69	0	1	-3
37	70	1	2	2
37	71	1	1	2
37	72	0	1	1
37	73	3	2	2
37	74	1	2	2
37	75	3	2	2
38	1	1	1	4
38	2	1	1	2
38	3	4	3	4
38	4	6	3	4
38	5	1	2	3
38	6	2	2	3
38	7	2	2	3
38	8	2	3	3
38	9	0	2	0
38	10	2	3	2
38	11	2	2	3
38	12	2	3	3
38	13	1	0	0
38	14	1	0	0
38	15	3	1	0
38	16	0	0	1
38	17	2	2	2
38	18	2	2	3
38	19	2	1	7
38	20	5	3	5
38	21	4	2	4
38	22	0	2	2
38	23	0	1	2
38	24	0	0	-1
38	25	0	1	0
38	26	1	1	3
38	27	2	2	4
38	28	1	3	0
38	29	0	1	1
38	30	3	2	4
38	31	0	1	0
38	32	1	0	1
38	33	3	2	4
38	34	5	3	6
38	35	1	1	1
38	36	3	3	2
38	37	7	3	7
38	38	4	4	5
38	39	5	3	3
38	40	2	2	3
38	41	3	2	3
38	42	2	2	5
38	43	3	4	4
38	44	4	1	3
38	45	2	3	2
38	46	2	2	2
38	47	0	2	1
38	48	2	2	2
38	49	-1	1	-2
38	50	0	1	3
38	51	-1	0	0
38	52	2	2	1
38	53	1	1	0
38	54	2	2	2
38	55	1	2	3
38	56	2	0	2
38	57	2	2	2
38	58	2	2	4
38	59	3	2	4
38	60	1	2	3
38	61	0	0	0
38	62	1	0	0
38	63	6	3	5
38	64	1	2	4
38	65	4	1	5
38	66	2	3	2
38	67	3	4	3
38	68	2	4	1
38	69	4	2	2
38	70	4	4	7
38	71	1	2	4
38	72	0	1	0
38	73	0	0	0
38	74	0	1	0
38	75	-1	0	-5
39	1	1	3	7
39	2	4	2	3
39	3	2	1	4
39	4	3	2	4
39	5	2	2	1
39	6	0	0	1
39	7	2	1	3
39	8	2	2	4
39	9	2	1	5
39	10	2	1	1
39	11	3	2	2
39	12	4	1	5
39	13	0	1	0
39	14	1	1	2
39	15	1	1	1
39	16	0	1	2
39	17	0	1	2
39	18	0	1	2
39	19	1	2	0
39	20	3	3	5
39	21	7	2	7
39	22	5	2	5
39	23	1	1	1
39	24	0	2	2
39	25	2	3	5
39	26	0	1	2
39	27	5	4	5
39	28	5	2	5
39	29	6	2	8
39	30	1	2	3
39	31	0	1	2
39	32	0	0	3
39	33	2	0	3
39	34	4	2	4
39	35	4	4	5
39	36	0	0	0
39	37	1	1	0
39	38	4	2	4
39	39	0	0	1
39	40	1	2	4
39	41	2	1	3
39	42	2	1	3
39	43	2	3	5
39	44	3	1	5
39	45	3	2	1
39	46	1	1	3
39	47	2	1	2
39	48	3	2	4
39	49	0	2	3
39	50	2	2	3
39	51	0	1	1
39	52	1	1	0
39	53	2	2	3
39	54	6	5	9
39	55	7	3	10
39	56	3	3	7
39	57	3	2	5
39	58	4	3	5
39	59	2	2	4
39	60	2	0	1
39	61	4	3	7
39	62	5	3	8
39	63	7	3	7
39	64	3	3	6
39	65	4	2	6
39	66	0	0	2
39	67	4	2	6
39	68	0	1	2
39	69	4	3	7
39	70	2	1	3
39	71	5	2	6
39	72	0	1	1
39	73	3	2	1
39	74	3	3	4
39	75	1	2	3
40	1	3	2	3
40	2	1	1	2
40	3	3	3	5
40	4	3	3	2
40	5	3	3	3
40	6	4	5	5
40	7	0	3	2
40	8	5	3	3
40	9	2	1	1
40	10	0	3	1
40	11	-2	2	-2
40	12	2	2	4
40	13	2	4	0
40	14	2	2	0
40	15	3	3	2
40	16	4	4	6
40	17	8	4	6
40	18	7	5	8
40	19	1	4	2
40	20	1	2	2
40	21	-1	1	0
40	22	1	4	1
40	23	4	3	0
40	24	2	3	1
40	25	0	1	2
40	26	1	2	0
40	27	2	3	5
40	28	4	3	6
40	29	4	5	4
40	30	3	4	4
40	31	5	2	6
40	32	1	3	4
40	33	3	2	4
40	34	0	1	3
40	35	1	2	0
40	36	-1	1	-5
40	37	4	4	3
40	38	2	2	1
40	39	2	3	0
40	40	0	1	-1
40	41	3	3	0
40	42	1	2	0
40	43	2	2	2
40	44	2	3	3
40	45	3	2	3
40	46	1	3	2
40	47	0	2	0
40	48	3	3	3
40	49	3	4	4
40	50	3	3	4
40	51	4	2	4
40	52	2	3	1
40	53	3	4	3
40	54	4	4	5
40	55	2	3	3
40	56	2	3	0
40	57	2	3	1
40	58	2	3	2
40	59	2	4	4
40	60	1	1	1
40	61	2	3	3
40	62	3	3	2
40	63	2	2	2
40	64	3	3	3
40	65	2	3	3
40	66	3	2	3
40	67	3	3	4
40	68	3	3	0
40	69	3	4	3
40	70	1	3	1
40	71	1	4	1
40	72	2	3	1
40	73	2	4	3
40	74	3	2	1
40	75	3	2	3
41	1	3	2	3
41	2	0	2	0
41	3	6	2	5
41	4	5	4	6
41	5	3	2	1
41	6	2	3	0
41	7	2	2	1
41	8	3	3	2
41	9	-1	0	0
41	10	0	1	0
41	11	2	2	3
41	12	2	3	2
41	13	4	3	5
41	14	2	3	1
41	15	0	2	1
41	16	2	4	5
41	17	1	5	4
41	18	2	2	2
41	19	5	4	5
41	20	4	4	2
41	21	2	3	2
41	22	2	2	0
41	23	5	3	5
41	24	3	2	1
41	25	2	3	3
41	26	4	2	3
41	27	3	2	3
41	28	5	4	6
41	29	2	1	0
41	30	0	1	-1
41	31	5	1	3
41	32	2	3	1
41	33	4	4	7
41	34	5	3	4
41	35	2	2	3
41	36	2	4	5
41	37	1	3	2
41	38	1	3	5
41	39	5	3	6
41	40	4	2	6
41	41	4	3	5
41	42	3	3	5
41	43	1	1	0
41	44	1	1	1
41	45	4	3	5
41	46	3	2	2
41	47	7	4	5
41	48	2	2	2
41	49	2	2	1
41	50	2	2	0
41	51	4	3	5
41	52	3	2	6
41	53	5	3	3
41	54	2	2	2
41	55	2	3	3
41	56	4	4	5
41	57	6	3	7
41	58	3	3	5
41	59	2	1	1
41	60	1	1	1
41	61	0	1	0
41	62	3	2	1
41	63	2	2	0
41	64	2	2	2
41	65	0	2	0
41	66	2	1	0
41	67	1	2	-1
41	68	2	3	2
41	69	1	2	1
41	70	1	2	1
41	71	3	1	2
41	72	3	3	5
41	73	-1	2	1
41	74	1	2	2
41	75	4	3	5
42	1	3	2	2
42	2	2	2	2
42	3	3	4	5
42	4	4	3	4
42	5	0	1	0
42	6	1	1	3
42	7	4	4	3
42	8	4	3	0
42	9	3	2	3
42	10	2	2	4
42	11	3	4	3
42	12	5	3	7
42	13	2	2	3
42	14	4	5	5
42	15	5	4	9
42	16	3	3	3
42	17	2	2	3
42	18	3	2	5
42	19	0	1	-1
42	20	1	2	0
42	21	4	3	6
42	22	4	4	5
42	23	6	3	7
42	24	6	5	9
42	25	2	2	3
42	26	5	3	4
42	27	2	2	2
42	28	2	2	4
42	29	2	2	3
42	30	2	1	-1
42	31	0	0	-1
42	32	0	2	0
42	33	0	2	0
42	34	-1	1	0
42	35	4	3	3
42	36	2	2	4
42	37	1	2	7
42	38	5	2	5
42	39	3	1	4
42	40	0	1	2
42	41	0	1	1
42	42	0	0	3
42	43	1	2	4
42	44	1	2	1
42	45	0	1	-1
42	46	3	3	7
42	47	3	3	3
42	48	3	3	5
42	49	1	2	0
42	50	3	3	3
42	51	6	3	7
42	52	4	3	1
42	53	1	2	4
42	54	0	2	1
42	55	2	3	1
42	56	1	3	3
42	57	-1	0	-1
42	58	1	3	3
42	59	0	1	1
42	60	1	1	1
42	61	0	1	1
42	62	0	2	0
42	63	0	1	-1
42	64	1	3	1
42	65	2	2	2
42	66	1	0	0
42	67	0	2	1
42	68	2	4	3
42	69	2	2	4
42	70	5	4	6
42	71	3	2	4
42	72	3	2	2
42	73	1	1	0
42	74	1	2	-1
42	75	0	0	-1
43	1	4	5	5
43	2	3	6	8
43	3	6	6	9
43	4	7	6	7
43	5	6	6	9
43	6	6	4	7
43	7	6	7	8
43	8	5	5	9
43	9	5	5	7
43	10	5	5	7
43	11	5	5	6
43	12	8	7	11
43	13	8	6	9
43	14	2	4	7
43	15	0	3	2
43	16	1	2	2
43	17	1	3	4
43	18	2	4	3
43	19	3	4	6
43	20	4	5	4
43	21	5	6	9
43	22	7	6	8
43	23	5	5	6
43	24	5	5	4
43	25	6	5	6
43	26	4	4	2
43	27	2	2	4
43	28	2	4	3
43	29	4	3	2
43	30	5	4	6
43	31	3	4	0
43	32	2	4	2
43	33	6	6	9
43	34	2	5	7
43	35	5	5	7
43	36	7	6	6
43	37	5	5	6
43	38	2	2	4
43	39	1	2	0
43	40	0	2	0
43	41	1	2	0
43	42	2	3	4
43	43	7	4	9
43	44	2	3	0
43	45	4	4	6
43	46	2	4	2
43	47	3	3	4
43	48	1	2	1
43	49	4	5	5
43	50	4	3	2
43	51	1	3	2
43	52	1	3	3
43	53	3	3	4
43	54	3	4	6
43	55	2	3	1
43	56	2	3	4
43	57	3	3	3
43	58	4	4	4
43	59	1	3	1
43	60	3	3	5
43	61	2	4	5
43	62	3	4	6
43	63	3	3	1
43	64	5	4	5
43	65	5	5	6
43	66	6	5	7
43	67	4	5	7
43	68	5	5	4
43	69	2	3	5
43	70	1	2	1
43	71	3	3	7
43	72	3	3	1
43	73	5	6	5
43	74	4	4	8
43	75	2	5	4
44	1	0	0	-2
44	2	-4	0	-1
44	3	-2	0	-2
44	4	-2	0	0
44	5	-2	0	-1
44	6	-1	0	-1
44	7	-3	-1	-2
44	8	-5	-1	-5
44	9	-3	0	0
44	10	0	0	0
44	11	-1	0	-1
44	12	-1	0	1
44	13	0	0	1
44	14	-1	0	0
44	15	1	1	2
44	16	0	0	0
44	17	-1	1	0
44	18	-1	0	0
44	19	0	0	3
44	20	0	1	0
44	21	0	0	0
44	22	-4	0	-1
44	23	0	1	0
44	24	-1	0	-2
44	25	0	0	1
44	26	1	0	2
44	27	3	2	5
44	28	3	3	3
44	29	-1	0	0
44	30	1	0	2
44	31	4	2	3
44	32	4	2	5
44	33	-1	0	1
44	34	2	0	3
44	35	0	0	1
44	36	-2	1	0
44	37	-2	0	-3
44	38	-2	-1	-2
44	39	-3	0	-2
44	40	-3	0	-4
44	41	0	0	1
44	42	-1	0	-1
44	43	-2	0	-1
44	44	0	0	0
44	45	0	1	1
44	46	-2	1	0
44	47	1	1	0
44	48	0	1	0
44	49	0	0	0
44	50	-1	0	-3
44	51	-4	0	-2
44	52	0	0	0
44	53	0	0	0
44	54	-2	0	-2
44	55	-2	0	0
44	56	0	1	2
44	57	0	1	0
44	58	0	0	2
44	59	-3	0	2
44	60	-3	-1	-2
44	61	0	-1	0
44	62	-5	0	-4
44	63	0	1	1
44	64	-2	0	0
44	65	0	0	0
44	66	0	0	2
44	67	3	1	2
44	68	-1	0	2
44	69	-2	0	0
44	70	0	1	0
44	71	0	0	-1
44	72	-2	0	-3
44	73	-4	0	-2
44	74	-2	1	1
44	75	0	0	1
45	1	-1	1	-3
45	2	0	1	1
45	3	2	3	4
45	4	2	3	3
45	5	0	1	-1
45	6	0	1	0
45	7	0	0	-1
45	8	2	1	0
45	9	1	3	2
45	10	2	1	0
45	11	-1	0	-6
45	12	0	2	0
45	13	0	0	-2
45	14	1	1	1
45	15	3	1	1
45	16	2	0	0
45	17	0	2	2
45	18	-1	1	0
45	19	0	0	-1
45	20	0	1	0
45	21	-1	0	-3
45	22	-2	1	-1
45	23	0	1	-1
45	24	-1	0	-2
45	25	1	1	0
45	26	0	0	0
45	27	-1	1	-2
45	28	-1	1	-1
45	29	1	1	0
45	30	3	2	0
45	31	0	1	-1
45	32	2	0	2
45	33	2	1	1
45	34	3	2	0
45	35	0	3	3
45	36	2	2	1
45	37	0	0	0
45	38	1	2	3
45	39	0	0	0
45	40	0	0	0
45	41	2	1	0
45	42	3	0	-3
45	43	0	1	-1
45	44	2	3	-1
45	45	1	2	3
45	46	2	2	0
45	47	0	0	0
45	48	-2	1	-2
45	49	2	3	3
45	50	1	1	4
45	51	0	1	1
45	52	-2	0	-5
45	53	0	0	0
45	54	0	2	2
45	55	0	0	1
45	56	2	2	-1
45	57	0	1	-2
45	58	1	1	0
45	59	0	0	-1
45	60	0	0	-4
45	61	-1	1	0
45	62	-4	-1	-6
45	63	-1	0	-2
45	64	2	0	0
45	65	-1	0	-4
45	66	0	1	1
45	67	-2	0	0
45	68	0	0	-2
45	69	1	1	1
45	70	2	2	4
45	71	1	2	2
45	72	3	2	2
45	73	0	1	0
45	74	0	1	0
45	75	2	1	3
46	1	5	7	8
46	2	5	5	8
46	3	4	5	6
46	4	2	3	5
46	5	4	3	6
46	6	5	3	4
46	7	1	2	2
46	8	1	3	6
46	9	0	4	1
46	10	1	4	3
46	11	5	6	11
46	12	1	4	2
46	13	4	3	5
46	14	2	2	5
46	15	2	3	2
46	16	1	4	2
46	17	3	3	6
46	18	2	3	4
46	19	2	2	5
46	20	3	3	2
46	21	3	3	5
46	22	3	5	4
46	23	3	3	4
46	24	2	3	3
46	25	0	3	2
46	26	1	2	1
46	27	1	2	0
46	28	4	4	7
46	29	4	3	5
46	30	2	4	5
46	31	3	4	2
46	32	2	3	3
46	33	3	2	5
46	34	2	2	3
46	35	1	1	0
46	36	3	4	5
46	37	2	3	4
46	38	2	3	3
46	39	0	3	2
46	40	3	3	2
46	41	5	4	6
46	42	2	2	0
46	43	1	4	5
46	44	2	3	4
46	45	0	2	1
46	46	4	1	5
46	47	5	3	5
46	48	0	4	5
46	49	3	4	7
46	50	2	3	5
46	51	4	3	7
46	52	1	3	5
46	53	1	3	4
46	54	3	4	7
46	55	2	4	4
46	56	3	5	4
46	57	6	4	6
46	58	0	3	4
46	59	2	4	5
46	60	7	5	9
46	61	4	4	7
46	62	4	6	6
46	63	7	5	7
46	64	4	5	6
46	65	1	4	1
46	66	3	4	3
46	67	3	2	3
46	68	4	5	4
46	69	5	5	10
46	70	1	3	1
46	71	5	4	8
46	72	1	3	3
46	73	0	2	3
46	74	3	2	2
46	75	1	4	5
47	1	5	3	5
47	2	4	2	4
47	3	7	4	3
47	4	3	2	4
47	5	3	3	1
47	6	3	4	1
47	7	3	3	3
47	8	0	4	1
47	9	1	1	2
47	10	2	3	0
47	11	3	2	0
47	12	6	5	6
47	13	4	4	4
47	14	1	3	0
47	15	3	4	2
47	16	1	3	2
47	17	5	4	4
47	18	2	2	0
47	19	4	3	0
47	20	0	3	0
47	21	1	2	1
47	22	4	3	-1
47	23	3	3	0
47	24	2	1	1
47	25	3	2	4
47	26	0	2	1
47	27	5	2	2
47	28	3	2	0
47	29	3	2	3
47	30	1	1	0
47	31	3	3	-3
47	32	1	1	-2
47	33	2	2	2
47	34	2	2	0
47	35	3	3	2
47	36	1	4	1
47	37	1	3	1
47	38	2	3	3
47	39	2	2	0
47	40	1	2	2
47	41	2	2	-1
47	42	1	3	5
47	43	4	5	3
47	44	0	4	1
47	45	6	3	2
47	46	3	2	0
47	47	4	4	3
47	48	7	3	7
47	49	3	2	2
47	50	3	3	4
47	51	0	2	-3
47	52	1	2	1
47	53	1	3	-1
47	54	2	3	3
47	55	5	3	5
47	56	6	3	5
47	57	2	3	5
47	58	3	3	1
47	59	2	3	0
47	60	3	3	5
47	61	4	4	5
47	62	5	5	4
47	63	5	3	5
47	64	5	4	0
47	65	0	2	2
47	66	1	3	2
47	67	1	2	2
47	68	4	4	5
47	69	6	5	2
47	70	4	3	4
47	71	6	5	6
47	72	4	5	6
47	73	2	3	3
47	74	6	3	3
47	75	4	3	4
48	1	3	2	0
48	2	1	0	-2
48	3	-1	1	0
48	4	0	2	-1
48	5	2	2	2
48	6	4	2	4
48	7	4	2	7
48	8	5	3	5
48	9	1	2	0
48	10	1	2	3
48	11	0	2	1
48	12	2	2	0
48	13	1	2	0
48	14	5	3	3
48	15	3	2	1
48	16	6	4	10
48	17	3	2	2
48	18	2	1	1
48	19	4	3	0
48	20	6	4	5
48	21	4	3	6
48	22	5	4	7
48	23	1	2	3
48	24	4	3	4
48	25	5	5	6
48	26	2	3	1
48	27	2	3	2
48	28	6	3	6
48	29	6	5	4
48	30	3	2	3
48	31	2	2	1
48	32	2	1	1
48	33	2	1	2
48	34	1	2	2
48	35	2	2	3
48	36	3	2	2
48	37	4	1	3
48	38	3	3	2
48	39	3	2	3
48	40	2	3	4
48	41	1	1	0
48	42	2	2	1
48	43	4	2	2
48	44	3	1	2
48	45	5	2	4
48	46	4	2	4
48	47	4	2	3
48	48	3	3	3
48	49	2	3	3
48	50	2	2	1
48	51	1	2	2
48	52	1	2	0
48	53	1	2	1
48	54	1	1	3
48	55	1	3	0
48	56	3	3	2
48	57	2	3	2
48	58	3	3	2
48	59	2	2	0
48	60	3	1	5
48	61	3	3	3
48	62	4	3	5
48	63	1	1	0
48	64	1	1	0
48	65	2	2	1
48	66	6	1	5
48	67	4	2	0
48	68	5	4	5
48	69	4	4	4
48	70	3	2	3
48	71	3	3	6
48	72	4	2	2
48	73	5	3	2
48	74	5	3	7
48	75	2	2	0
49	1	0	0	1
49	2	0	0	0
49	3	0	0	1
49	4	-1	0	-1
49	5	-2	-1	-1
49	6	-3	-1	-4
49	7	0	0	-2
49	8	3	0	7
49	9	4	2	6
49	10	3	1	4
49	11	2	2	5
49	12	5	2	7
49	13	5	3	4
49	14	5	1	7
49	15	3	2	5
49	16	2	0	4
49	17	0	1	1
49	18	3	2	4
49	19	3	1	3
49	20	1	1	3
49	21	0	0	1
49	22	3	1	6
49	23	3	1	3
49	24	0	0	-1
49	25	0	0	2
49	26	2	1	3
49	27	3	1	0
49	28	-1	0	0
49	29	-1	-1	-2
49	30	1	0	1
49	31	1	0	2
49	32	1	1	3
49	33	2	0	5
49	34	3	1	2
49	35	1	2	2
49	36	1	0	1
49	37	2	1	3
49	38	0	2	0
49	39	0	0	3
49	40	0	1	0
49	41	0	0	3
49	42	1	0	2
49	43	0	0	0
49	44	-1	0	0
49	45	1	0	3
49	46	2	0	2
49	47	4	3	4
49	48	5	1	5
49	49	0	0	1
49	50	1	0	2
49	51	0	1	0
49	52	1	2	4
49	53	2	2	4
49	54	-1	0	5
49	55	2	1	5
49	56	3	1	7
49	57	4	3	5
49	58	1	2	3
49	59	2	2	8
49	60	2	1	4
49	61	0	0	2
49	62	-2	-2	-2
49	63	-1	0	0
49	64	1	1	5
49	65	3	2	2
49	66	0	0	3
49	67	0	0	0
49	68	2	1	3
49	69	1	1	1
49	70	2	0	4
49	71	2	1	1
49	72	1	1	4
49	73	-2	0	2
49	74	4	3	5
49	75	2	1	5
50	1	0	2	0
50	2	2	1	4
50	3	2	3	5
50	4	1	4	3
50	5	2	1	4
50	6	-1	1	0
50	7	0	2	0
50	8	1	1	3
50	9	4	4	6
50	10	2	4	5
50	11	-1	2	5
50	12	0	2	2
50	13	2	2	4
50	14	2	2	4
50	15	2	3	1
50	16	0	0	1
50	17	1	2	2
50	18	0	3	3
50	19	0	2	2
50	20	0	4	5
50	21	0	2	3
50	22	2	2	5
50	23	1	4	6
50	24	3	3	5
50	25	0	2	3
50	26	1	2	1
50	27	1	2	2
50	28	0	3	2
50	29	1	3	5
50	30	0	4	3
50	31	1	2	2
50	32	0	2	5
50	33	1	1	0
50	34	0	1	0
50	35	0	2	3
50	36	4	3	9
50	37	2	2	5
50	38	1	2	4
50	39	1	1	4
50	40	0	2	3
50	41	0	3	3
50	42	0	3	1
50	43	0	2	4
50	44	0	1	3
50	45	0	1	2
50	46	2	3	3
50	47	1	2	5
50	48	0	1	0
50	49	0	1	2
50	50	0	3	6
50	51	0	2	2
50	52	0	3	2
50	53	0	1	2
50	54	1	1	0
50	55	0	1	-1
50	56	0	0	1
50	57	1	2	3
50	58	-1	1	0
50	59	3	2	3
50	60	1	4	4
50	61	3	4	1
50	62	2	4	4
50	63	1	2	2
50	64	2	3	5
50	65	0	3	4
50	66	0	3	1
50	67	2	2	7
50	68	0	0	1
50	69	0	2	2
50	70	3	3	2
50	71	4	3	4
50	72	2	4	4
50	73	3	3	6
50	74	0	2	4
50	75	2	2	2
