1	0	2	5	4	2	0	3	3	3	3	3	4	6	5	5	3	4	4	5	5	2	3	5	6	7
2	3	3	4	6	5	0	3	2	2	5	0	1	0	2	1	1	1	3	4	4	0	1	2	3	3
3	-1	0	0	1	0	-3	-1	-2	0	0	-4	0	-4	-1	-1	1	0	1	0	0	3	1	0	3	1
4	2	0	1	1	3	1	1	1	1	1	0	1	0	3	2	1	0	0	1	0	0	0	0	1	0
5	1	1	5	6	6	2	3	8	7	8	3	3	7	6	6	-2	3	0	3	2	2	2	4	4	6
6	0	0	1	0	2	0	0	1	1	1	-1	0	1	-1	1	3	1	5	3	3	2	3	6	4	3
7	1	1	3	1	2	4	2	6	1	6	3	3	5	4	6	3	3	3	5	4	3	3	3	4	7
8	5	3	5	3	10	4	3	4	3	9	5	3	3	2	8	3	2	4	3	8	5	3	5	4	9
9	1	2	0	2	3	3	3	3	3	4	1	2	1	3	2	2	2	2	1	2	3	2	4	3	5
10	3	3	6	5	7	3	3	6	5	4	3	4	5	6	6	6	4	6	5	8	1	2	1	2	3
11	3	2	4	3	7	4	2	4	4	8	3	2	1	2	6	5	2	6	3	5	3	2	3	4	3
12	5	1	2	2	3	2	2	1	2	3	1	0	0	1	4	5	3	5	3	8	3	1	2	3	4
13	2	3	4	5	3	-2	1	-1	2	0	0	2	1	2	1	-3	1	-1	0	-1	0	1	3	4	0
14	1	0	1	3	2	2	4	5	4	4	2	1	3	1	5	2	2	2	3	3	1	2	3	1	2
15	1	2	2	5	6	1	2	1	4	5	0	0	0	2	1	0	2	3	1	1	4	3	4	5	6
16	0	0	0	0	0	1	0	1	3	4	2	1	3	2	4	1	0	1	1	4	0	1	1	2	3
17	0	2	2	1	4	1	1	3	3	5	1	3	3	3	4	1	0	2	1	3	1	4	2	3	5
18	2	4	5	5	5	6	6	10	8	5	5	4	9	7	7	3	4	4	7	6	5	5	6	6	5
19	3	1	1	2	4	2	2	4	3	5	0	1	3	2	5	2	0	1	2	6	1	1	2	2	5
20	2	1	3	4	6	4	3	4	3	4	3	3	4	3	4	1	2	3	2	4	1	2	0	1	2
21	4	5	6	5	8	5	4	5	7	7	4	4	4	4	4	5	4	8	7	8	3	5	5	7	6
22	4	3	9	6	5	3	3	4	4	5	3	4	6	3	4	0	1	2	2	2	0	3	0	2	1
23	2	3	5	3	5	5	3	6	5	8	3	4	4	4	6	5	3	5	4	6	7	3	6	5	4
24	3	3	5	5	8	3	4	5	3	6	6	5	6	6	8	4	3	2	2	3	1	2	0	1	1
25	0	3	2	4	1	-1	1	0	0	0	-1	2	0	3	-1	-1	3	-2	4	1	2	4	4	3	4
26	2	4	3	4	4	2	4	2	3	8	1	2	1	3	0	5	4	4	3	5	9	7	13	7	12
27	4	3	3	2	3	-1	1	1	0	-1	1	2	1	0	2	3	2	4	3	4	3	3	7	2	4
28	1	0	0	1	2	-1	0	-4	-1	0	-2	0	-4	0	-1	0	0	-5	0	0	2	2	2	2	2
29	5	4	3	5	3	2	3	3	2	5	3	1	4	4	5	0	3	0	2	0	0	1	2	2	2
30	-2	1	0	-1	0	0	0	1	3	2	1	2	1	2	1	1	1	1	2	3	1	1	0	3	4
31	0	3	2	1	0	0	1	3	3	1	2	3	4	4	7	0	2	3	3	0	0	1	1	2	1
32	2	2	2	3	3	0	1	0	2	1	0	2	1	3	3	0	2	3	4	4	0	0	2	2	0
33	0	0	-1	2	3	-1	0	0	2	2	2	0	1	4	5	-1	0	1	2	2	0	0	0	2	2
34	-1	0	1	0	0	-4	0	-3	0	-1	-3	-3	-3	0	-2	-4	0	-4	0	-3	-1	0	0	1	0
35	1	3	1	1	2	4	3	4	3	0	5	3	8	3	6	4	2	3	2	1	2	3	2	2	3
36	0	2	3	3	2	1	3	5	3	3	1	1	4	3	3	-1	1	0	2	2	0	2	-1	2	0
37	1	3	1	5	2	1	0	0	1	-1	0	0	-1	1	0	3	1	3	3	3	3	2	4	2	4
38	0	2	4	3	3	1	2	2	2	2	1	2	6	3	0	2	2	1	2	2	6	3	5	5	5
39	4	4	4	4	4	6	3	6	7	7	1	1	2	4	3	1	1	4	3	6	6	3	5	5	5
40	6	3	6	3	6	3	3	4	3	3	2	3	4	2	5	5	3	9	4	6	4	3	5	4	5
41	0	0	1	3	1	0	3	2	5	4	2	2	5	3	2	4	5	7	5	7	4	4	7	5	4
42	4	3	4	4	5	4	3	6	5	6	3	2	7	6	7	2	2	5	4	5	3	2	5	3	3
43	1	3	0	2	1	3	3	3	6	4	4	3	4	5	1	4	4	6	5	5	5	4	7	4	8
44	-1	-1	1	-1	1	0	0	0	2	4	-1	0	0	0	2	0	1	3	2	4	1	0	4	3	4
45	-1	0	0	0	0	2	1	1	2	2	0	0	0	0	1	0	1	2	2	2	0	2	-2	0	1
46	2	2	4	3	3	1	2	2	3	0	2	4	7	6	4	0	3	2	4	3	4	4	6	4	5
47	3	2	4	4	7	2	4	4	6	6	4	3	7	6	7	4	3	5	5	8	2	2	2	6	3
48	0	4	6	5	3	2	4	5	5	5	6	3	7	6	7	0	3	3	3	1	0	3	0	1	1
49	5	0	0	3	3	3	0	3	2	0	4	3	3	1	4	3	2	1	2	3	4	5	3	3	5
50	-2	1	-1	1	2	-1	0	-3	-1	0	-3	0	-5	1	0	-1	1	-1	0	0	0	1	0	1	2
51	0	2	4	3	3	2	1	3	2	2	3	3	3	5	2	1	1	2	3	0	3	1	1	4	2
52	2	2	1	3	6	3	2	6	5	6	3	3	6	5	6	0	0	-2	1	0	3	2	1	4	4
53	4	3	5	4	3	3	1	4	3	5	1	2	2	2	3	1	4	0	1	2	1	1	0	2	2
54	-1	0	0	1	2	-2	0	-1	0	1	-1	0	0	-1	0	0	1	3	3	2	-1	0	2	2	0
55	4	3	5	4	4	4	4	5	4	5	0	2	1	1	3	2	1	3	2	2	4	3	3	2	3
56	-3	-1	-2	2	2	0	0	-3	1	4	-1	0	0	1	1	0	0	-1	1	3	-3	-1	-3	-1	0
57	6	6	8	7	9	4	6	6	7	10	4	4	7	7	6	3	4	6	4	4	1	5	6	4	4
58	1	1	0	2	0	3	2	3	5	5	0	1	0	1	1	0	0	0	1	2	0	1	-1	2	1
59	2	1	3	2	4	1	2	0	1	2	0	0	-2	2	1	2	2	0	0	3	2	0	-1	1	4
60	2	2	3	5	4	0	0	3	3	2	0	2	1	3	3	2	2	1	3	6	1	3	4	3	2
61	0	1	0	0	1	3	0	0	0	3	0	0	0	0	1	3	3	4	3	5	1	2	0	2	4
62	3	3	6	4	6	0	1	1	4	1	0	2	0	2	4	0	2	2	1	1	2	3	2	5	5
63	3	2	5	2	5	2	1	0	1	5	5	3	3	3	8	3	3	5	3	6	2	2	3	3	3
64	5	4	5	5	5	2	3	7	3	3	4	3	3	3	4	3	4	3	3	3	1	2	1	2	1
65	5	4	4	4	5	8	5	8	8	9	3	3	5	6	7	4	2	6	6	6	4	3	6	5	5
66	2	2	2	4	5	-1	0	-4	3	0	1	2	3	3	2	0	0	0	0	0	0	0	1	2	1
67	2	2	4	3	3	2	4	6	4	5	0	2	2	4	1	0	2	0	4	3	0	2	2	2	2
68	3	2	4	4	3	4	2	7	5	4	4	4	7	5	5	2	1	1	3	4	3	2	2	3	4
69	0	1	1	2	4	0	1	3	2	3	1	2	2	3	6	1	2	5	3	4	0	2	-1	2	3
70	0	0	0	0	3	-1	0	1	1	0	1	1	0	0	4	1	0	0	0	0	0	0	-1	0	1
71	3	3	4	3	4	1	2	3	1	1	2	3	2	3	0	1	3	3	5	1	2	2	6	4	4
72	5	5	8	7	11	5	4	10	8	11	3	4	6	5	7	2	2	2	3	3	4	4	5	8	9
73	0	0	0	3	0	0	0	-1	3	2	0	0	2	1	5	0	1	3	1	4	-2	0	-1	2	-2
74	3	3	3	4	3	4	4	2	6	6	5	4	4	5	5	3	3	5	5	7	2	3	5	4	7
75	1	2	1	3	1	3	3	5	5	5	8	4	5	9	9	5	4	7	6	8	6	3	5	5	8
76	1	3	4	3	2	2	3	5	4	4	2	3	5	4	6	5	4	5	5	4	1	1	3	1	1
77	2	1	4	3	2	2	2	2	1	1	1	1	1	2	2	0	2	0	0	2	3	2	4	4	6
78	6	5	6	6	9	2	5	3	6	6	2	5	4	2	3	2	3	5	4	4	0	4	4	3	3
79	2	3	3	5	7	2	2	5	3	6	3	4	3	4	5	0	1	4	3	5	2	2	3	2	6
80	2	2	1	3	4	1	3	3	5	2	4	5	4	6	7	4	3	6	6	6	3	4	9	8	7
81	5	3	2	5	6	6	4	7	4	8	2	2	2	2	3	3	2	1	2	4	3	3	3	3	5
82	1	2	2	1	2	3	4	5	2	3	2	2	0	1	4	0	1	1	2	3	1	3	4	5	4
83	3	1	4	5	7	2	2	3	4	5	5	4	6	6	9	7	4	5	6	10	0	2	0	3	4
84	1	1	2	3	2	2	2	5	3	4	5	4	6	7	6	4	3	5	5	6	1	1	1	3	3
85	3	3	3	5	5	0	2	3	3	5	0	2	2	3	5	1	2	0	3	4	2	2	2	2	5
86	0	2	2	2	2	2	2	5	5	6	1	2	0	3	2	0	1	-1	1	2	-2	1	0	2	0
87	-1	0	-3	0	0	-1	0	-2	1	1	-3	2	0	2	2	0	0	-1	2	-1	-2	0	-2	1	-1
88	0	1	0	0	1	1	2	0	2	4	4	0	2	3	6	6	3	8	6	8	4	3	6	6	10
89	0	3	3	3	3	0	1	1	0	0	4	4	6	5	5	2	2	3	4	3	1	2	4	4	3
90	0	2	3	3	4	-1	0	3	5	4	0	2	3	3	2	1	3	4	5	4	1	2	0	4	4
91	1	0	0	0	4	0	-1	-3	0	2	-1	0	-2	0	4	0	-1	0	1	6	0	0	-1	1	4
92	-1	1	0	4	-1	-1	0	-1	4	0	0	2	0	3	2	0	1	1	4	1	-2	0	-2	1	0
93	7	4	5	5	8	0	2	1	3	2	2	2	0	0	3	2	2	0	4	3	0	0	0	1	1
94	4	2	3	3	7	5	2	2	4	4	2	1	2	2	3	1	2	2	1	4	1	3	2	2	5
95	3	1	5	5	5	1	3	0	1	1	2	0	1	1	1	1	2	4	5	3	3	0	2	3	1
96	4	4	6	4	6	4	4	6	5	6	5	3	7	6	8	4	3	9	6	9	1	3	2	2	3
97	0	0	-3	0	0	-1	-1	0	0	0	-3	0	0	0	1	-3	-1	-3	0	-2	-3	-1	-7	-4	-2
98	0	-1	1	0	2	-2	0	0	0	0	0	0	3	1	1	-2	0	-1	1	3	0	0	2	0	4
99	1	1	-1	0	0	5	2	3	4	2	3	3	3	4	3	0	1	0	6	4	4	2	3	6	6
100	5	3	3	6	5	8	6	7	7	8	6	5	7	8	6	6	4	4	4	6	4	3	6	5	4
101	6	5	6	5	7	4	4	7	6	7	3	3	5	4	4	4	4	7	6	6	6	4	7	5	6
102	0	1	1	1	3	-2	0	-1	0	0	1	3	2	3	4	5	3	6	4	6	2	2	5	3	4
103	1	2	1	3	2	2	3	4	5	7	1	3	4	5	4	0	2	1	2	4	-1	0	0	3	0
104	3	2	6	6	6	0	2	2	4	2	-1	1	2	5	2	2	2	2	4	3	2	3	5	5	8
105	1	2	2	3	1	0	1	3	4	5	2	3	3	5	6	2	3	2	2	3	3	1	2	2	2
106	4	3	5	6	7	4	3	4	5	7	4	3	7	6	7	2	3	4	5	4	1	2	1	3	4
107	3	3	7	3	8	0	2	6	6	5	-1	2	6	2	5	0	3	7	5	5	3	4	5	5	4
108	0	3	2	2	4	1	3	3	5	6	0	2	0	1	3	1	2	0	4	5	1	3	5	5	5
109	1	3	5	4	4	0	2	5	4	4	3	4	8	5	5	1	2	5	6	4	2	3	5	4	5
110	0	1	1	2	1	2	2	0	1	2	0	0	0	2	0	0	0	-2	0	0	0	1	0	2	4
111	-1	1	0	2	0	0	3	6	3	2	2	1	4	3	5	0	3	3	4	4	0	1	2	3	3
112	1	1	3	1	2	-1	0	0	0	1	2	1	4	3	5	1	2	4	2	4	0	0	1	0	2
113	3	5	4	4	5	6	5	4	3	2	2	2	-1	1	2	2	5	3	2	5	3	5	1	1	3
114	0	1	2	1	2	0	3	2	4	2	0	1	1	1	1	0	1	1	2	0	0	3	4	4	3
115	2	1	1	2	6	1	2	2	2	4	0	2	1	1	3	3	2	2	1	3	2	2	0	1	3
116	1	0	0	4	7	0	0	1	4	4	0	-1	0	1	5	-1	0	-1	1	4	2	0	-1	2	6
117	5	2	5	4	7	1	1	3	2	5	3	3	4	5	4	1	2	5	2	3	3	3	3	5	3
118	-2	2	0	2	3	-1	1	0	0	0	2	3	5	3	3	3	2	5	5	3	2	3	5	3	1
119	2	3	8	3	6	2	2	5	1	5	2	2	4	3	8	0	2	2	2	6	4	3	7	4	7
120	1	3	2	5	1	0	4	3	3	1	1	3	4	5	1	1	3	2	5	0	1	4	5	3	3
121	3	3	1	6	5	0	1	3	2	4	-1	2	2	3	3	1	1	1	3	4	2	1	3	4	5
122	2	4	5	6	4	3	5	7	5	5	0	4	5	3	5	1	4	6	3	5	1	3	5	3	4
123	5	4	5	5	6	3	4	3	5	7	1	3	5	4	3	4	3	4	4	4	2	3	4	2	4
124	0	2	2	1	0	0	1	0	0	0	0	0	4	2	4	0	2	2	1	1	2	3	6	5	3
125	0	1	0	0	2	0	0	1	2	3	0	0	1	3	3	-1	-1	0	0	0	0	0	-1	1	2
126	5	3	5	2	5	7	2	6	3	8	4	3	2	1	3	2	2	2	2	4	3	2	1	0	3
127	2	2	5	3	6	1	2	5	5	2	2	3	2	2	5	0	3	5	3	2	1	1	2	2	2
128	0	1	2	3	1	1	2	3	3	3	-3	0	-3	0	-1	-3	0	0	0	1	2	4	4	5	8
129	4	4	7	7	6	2	4	6	5	7	1	3	4	4	6	3	5	4	4	7	2	2	2	3	5
130	1	2	1	2	2	1	4	2	3	2	0	2	0	2	0	4	4	6	6	6	1	3	4	3	2
131	0	1	-1	1	4	-2	0	-3	0	1	2	0	2	4	4	2	1	3	3	5	3	1	3	3	6
132	0	0	1	2	3	2	1	2	3	3	3	2	5	4	5	1	2	2	5	6	-1	1	1	2	4
133	0	1	-2	3	1	-1	1	0	1	0	-2	0	-3	-1	-1	0	2	0	1	1	4	3	4	6	6
134	0	2	3	3	4	1	3	2	4	1	0	2	4	5	5	3	2	6	8	4	1	3	5	3	4
135	5	6	5	8	7	2	3	6	5	6	1	3	5	5	6	2	4	6	6	6	3	5	3	3	6
136	2	2	2	4	7	-1	0	1	2	3	-3	0	1	1	2	0	1	3	3	3	0	2	1	2	4
137	6	4	8	7	6	4	5	5	6	5	6	5	7	5	5	4	4	7	5	8	4	5	10	8	7
138	0	2	1	0	0	0	2	1	1	4	2	2	4	1	2	0	1	4	1	1	7	4	7	6	7
139	0	0	1	1	1	0	-1	-2	0	0	0	0	-4	-2	0	1	0	-3	1	0	1	0	0	2	1
140	3	6	4	7	7	3	5	2	4	5	3	3	5	5	8	4	5	6	6	9	4	4	6	6	7
141	0	0	0	2	1	-1	0	-3	1	0	0	1	-1	3	1	0	0	-1	3	2	-3	-1	-1	0	0
142	1	3	4	4	4	4	2	1	3	3	3	4	6	3	4	2	2	3	3	3	3	2	6	4	4
143	3	4	3	3	4	3	5	4	5	7	2	5	1	3	2	2	3	4	2	4	-1	3	0	0	2
144	1	3	4	3	3	2	3	1	3	2	3	5	6	4	4	4	3	6	6	3	2	5	4	3	5
145	5	5	5	5	9	0	3	4	4	3	5	5	6	8	7	3	5	5	5	8	5	4	8	4	8
146	0	1	1	4	3	6	5	6	5	7	0	2	1	2	0	0	3	0	2	4	0	3	1	2	5
147	3	3	4	7	6	4	5	4	7	6	6	5	5	6	7	5	3	4	7	4	2	3	4	7	7
148	0	0	0	1	1	1	1	0	3	2	1	1	-1	1	5	0	0	-1	0	1	0	1	-1	0	0
149	-1	0	0	1	0	-1	0	0	1	1	-1	0	-1	1	0	-2	0	-1	0	0	0	1	0	0	0
150	4	5	5	5	4	4	4	7	5	6	3	5	6	4	4	7	6	8	4	7	4	4	3	6	7
151	0	0	1	4	4	0	0	2	3	5	0	0	2	4	6	0	1	-1	2	4	-2	-2	-3	1	3
152	0	0	1	3	0	0	0	0	0	0	0	0	1	5	3	1	1	2	2	3	1	0	1	3	2
153	4	1	6	3	3	1	1	4	2	3	1	4	4	3	4	1	1	3	1	1	1	2	0	1	3
154	3	3	7	6	7	4	2	4	4	6	2	2	4	5	9	3	3	5	3	5	1	3	6	4	7
155	3	2	3	3	4	2	2	2	4	1	3	3	0	2	2	2	3	4	1	5	4	3	1	2	6
156	2	1	3	3	6	0	4	0	4	4	2	2	2	4	3	1	0	2	3	2	0	1	0	2	0
157	3	3	0	2	4	4	2	3	5	3	0	2	1	3	4	2	2	3	5	3	4	5	4	5	3
158	4	3	6	4	4	2	2	5	3	4	3	3	2	4	3	4	4	5	2	5	3	5	4	5	5
159	1	1	2	1	4	0	1	1	2	1	0	0	1	0	0	0	1	0	1	0	-2	0	-2	2	-1
160	3	2	3	5	5	2	2	4	4	4	5	3	4	5	6	3	1	2	5	4	3	3	5	5	5
161	3	2	1	0	4	2	4	3	3	2	1	0	1	0	1	0	1	0	2	3	0	1	0	1	0
162	2	4	3	4	5	3	3	4	5	4	1	2	3	3	2	0	3	0	2	0	0	3	3	2	2
163	5	5	6	5	6	7	5	5	6	5	1	5	6	6	6	1	4	1	2	2	3	4	3	3	3
164	0	0	-1	0	-2	-1	-2	-3	0	-2	-1	-1	-4	1	0	-2	0	-1	0	0	0	0	-2	0	3
165	0	0	0	1	3	0	2	2	4	4	2	2	4	5	7	0	0	1	2	5	2	2	4	5	6
166	0	2	2	3	1	-1	1	0	4	1	0	2	4	6	2	0	2	0	4	2	0	1	1	2	2
167	1	2	3	3	3	0	1	0	0	1	0	1	1	2	2	-1	1	-2	0	0	2	1	3	1	2
168	3	5	6	4	7	3	3	2	3	4	3	3	8	3	6	3	2	1	2	5	3	4	3	3	6
169	2	2	3	3	2	0	1	3	4	3	0	1	1	3	2	1	1	0	3	1	0	0	2	0	0
170	-1	1	0	0	0	0	0	0	-1	0	0	0	0	-1	3	2	2	3	1	2	3	3	3	1	3
171	3	2	3	3	6	2	2	1	4	5	0	1	1	2	3	1	1	2	2	4	1	0	0	0	2
172	0	0	0	1	1	-1	2	-1	0	0	0	1	2	0	1	1	1	-2	0	1	2	4	3	4	4
173	1	0	0	2	4	2	2	0	4	0	0	2	2	3	4	1	2	4	3	2	2	3	0	4	5
174	-1	0	-3	0	0	1	0	1	2	1	1	1	3	2	2	1	0	1	3	3	0	1	1	3	7
175	0	3	4	4	3	0	2	0	3	1	4	3	7	4	6	1	5	5	4	5	4	3	5	6	4
176	4	3	7	5	8	2	3	4	3	6	3	2	6	3	7	4	3	6	5	7	2	3	6	3	7
177	0	2	1	2	4	0	2	1	2	4	1	1	3	2	4	2	2	1	4	6	1	3	4	5	5
178	1	2	3	3	4	1	1	3	3	6	-1	0	-1	2	4	0	2	2	3	6	0	0	1	2	3
179	0	2	4	2	3	0	2	4	6	5	1	1	4	3	5	2	2	5	6	7	0	1	1	3	1
180	3	1	5	4	6	5	4	11	8	7	2	4	7	3	6	2	2	3	4	3	0	0	3	1	3
181	2	3	4	3	5	4	4	5	4	8	4	3	5	5	6	4	3	6	6	6	5	3	6	5	4
182	0	1	-1	3	0	1	2	2	2	0	0	1	0	2	0	0	1	0	0	0	-1	2	0	2	0
183	1	2	3	2	4	5	4	7	5	7	0	1	4	4	3	3	2	2	3	5	2	2	2	5	2
184	0	2	2	2	3	1	1	4	3	3	0	1	3	3	3	2	2	5	5	5	4	3	8	5	7
185	3	2	4	4	7	4	2	3	3	4	5	3	5	6	6	3	2	3	4	7	1	0	3	4	7
186	-1	1	-1	0	0	0	2	2	1	5	1	3	2	1	5	1	2	5	1	3	2	3	3	3	6
187	0	1	-2	2	3	-3	0	-2	1	1	-3	0	-2	0	2	-2	-1	-2	2	2	-1	0	1	2	0
188	0	0	-2	3	1	-1	0	-5	0	-2	0	0	-1	0	-1	0	1	-3	2	0	0	1	0	1	4
189	-3	0	-1	0	0	2	2	3	2	3	3	1	2	4	4	0	1	3	3	5	-1	1	0	0	3
190	1	1	2	5	6	0	2	3	1	3	0	1	4	4	3	0	0	2	3	3	0	1	2	4	4
191	4	2	5	5	8	0	2	2	3	4	3	2	0	4	2	2	1	2	5	3	0	1	3	0	1
192	6	3	4	4	7	4	3	1	4	4	3	2	1	4	3	2	2	1	3	2	5	3	2	3	2
193	4	3	0	0	5	4	2	1	1	4	3	3	0	2	2	5	4	3	4	4	7	3	6	4	7
194	2	2	4	3	3	2	3	3	4	5	2	3	5	3	5	3	4	6	5	6	4	3	7	5	6
195	1	3	3	4	6	2	1	5	4	6	2	2	5	3	6	2	2	4	2	5	4	3	6	8	11
196	2	2	0	1	0	0	1	0	1	-1	4	2	4	3	3	3	2	4	2	6	0	0	-2	0	0
197	-3	0	-2	1	1	0	1	1	3	0	2	1	4	3	5	3	2	1	4	1	0	0	2	4	2
198	5	5	5	5	6	4	3	5	4	5	5	3	6	5	7	3	3	3	3	5	5	3	8	3	5
199	3	3	5	4	6	1	2	0	4	1	1	1	3	2	1	1	2	1	5	3	2	3	6	6	3
200	1	2	3	2	6	1	3	6	4	6	4	3	5	5	8	1	2	3	4	5	3	2	5	4	6
201	-2	-3	-2	-2	-1	-3	-2	-1	-2	-3	-2	-2	-3	-1	0	0	-1	-2	0	0	2	0	3	3	2
202	-1	2	0	3	2	0	0	-1	2	2	0	0	2	3	3	-3	-1	-1	1	1	1	0	6	3	4
203	1	0	0	3	2	0	0	-2	2	1	2	1	1	5	6	5	3	6	4	8	2	2	2	3	2
204	-1	1	3	1	2	1	1	6	3	5	0	1	5	2	4	-2	2	0	0	0	-1	1	1	0	0
205	0	2	2	2	3	0	1	0	0	0	-1	2	2	1	1	-1	0	0	0	2	-2	0	0	0	3
206	3	2	3	3	5	4	3	0	4	4	4	3	5	3	6	3	3	1	4	3	1	3	2	3	2
207	2	3	5	6	6	2	3	6	4	4	3	3	3	3	1	1	2	3	4	3	1	3	5	4	3
208	0	1	5	2	4	3	3	6	4	7	2	4	6	4	5	4	5	6	5	6	4	4	6	4	5
209	-2	0	0	0	0	0	1	0	2	1	-2	0	0	0	0	-1	1	0	3	1	-1	0	-2	0	-1
210	2	3	2	3	2	1	3	3	4	4	1	3	6	4	4	3	3	3	3	3	2	2	4	3	5
211	0	2	1	3	0	2	1	1	2	2	3	3	2	4	5	4	3	3	5	5	2	2	-1	2	5
212	-1	1	2	1	1	1	1	2	1	2	3	4	5	4	5	3	2	6	4	4	3	1	4	4	4
213	0	1	-2	2	1	0	0	0	2	2	0	1	0	1	1	0	1	1	1	5	1	0	0	2	3
214	1	1	4	3	5	5	3	9	7	6	4	5	9	7	8	3	4	9	5	8	3	3	5	4	4
215	3	3	4	4	4	3	4	7	5	2	2	3	2	2	2	3	4	5	4	5	1	4	0	3	5
216	1	0	2	1	1	0	1	0	1	3	0	0	1	0	-1	-2	0	-2	-1	0	-1	0	-4	-1	-2
217	3	4	6	7	6	5	5	7	8	7	3	3	4	5	4	2	1	0	4	1	2	2	4	5	4
218	0	2	5	4	5	4	3	7	7	7	2	3	3	6	7	-2	1	0	3	0	0	1	0	2	1
219	4	5	8	7	6	4	4	10	7	8	5	5	4	3	6	1	2	6	5	5	2	5	6	5	5
220	2	3	5	6	2	4	3	5	5	5	2	4	3	3	4	3	2	7	7	6	2	3	5	4	4
221	4	3	9	6	9	4	3	7	6	7	3	3	5	5	7	1	2	1	3	4	1	2	4	1	5
222	2	1	3	3	5	1	1	3	3	5	-1	0	2	2	5	0	1	4	2	2	0	0	1	3	2
223	-1	0	0	4	0	-2	1	-1	0	1	-1	2	1	5	2	1	2	2	3	1	0	0	0	2	0
224	1	0	3	3	4	0	1	2	4	4	-1	1	-1	1	3	0	1	0	2	3	-2	0	3	2	0
225	-1	2	0	2	1	1	2	2	3	3	2	3	4	6	4	1	2	3	3	4	1	2	2	2	1
226	4	2	3	3	9	1	1	0	4	3	2	1	2	3	5	2	3	0	1	3	4	3	4	2	3
227	0	2	2	5	2	6	4	5	7	7	2	2	2	3	3	0	3	2	4	5	5	4	8	9	7
228	5	3	2	3	3	3	2	3	4	1	4	2	4	3	6	4	3	1	3	2	4	3	1	2	4
229	0	1	-1	0	3	0	2	-3	0	2	0	0	0	1	2	1	1	4	3	3	1	1	3	4	4
230	2	3	2	3	3	6	4	6	5	6	3	3	6	2	3	3	4	1	3	4	6	5	4	6	5
231	2	1	3	3	3	1	1	0	1	3	0	0	0	0	-2	-2	1	-1	2	0	0	0	1	0	-3
232	3	4	5	4	4	7	5	5	5	6	4	2	2	4	4	3	4	3	4	3	5	2	1	2	4
233	2	0	5	4	6	0	2	2	2	4	0	0	0	3	2	1	2	3	4	4	3	1	4	4	6
234	1	2	4	4	1	3	4	6	5	3	0	2	3	3	1	0	2	2	5	2	1	2	1	3	1
235	4	3	4	4	5	1	3	3	4	4	4	2	4	4	6	4	3	3	4	5	3	2	6	3	6
236	3	4	8	8	5	2	3	3	4	3	5	4	6	8	4	5	2	2	3	1	2	4	3	3	2
237	3	3	4	5	6	4	4	5	4	4	4	2	4	5	7	3	3	6	6	4	2	2	5	3	5
238	3	1	4	5	4	3	2	1	3	2	-1	1	0	1	3	0	0	2	2	3	2	1	1	3	2
239	1	1	2	0	3	3	2	4	2	5	2	1	1	3	2	0	0	-1	1	0	2	0	2	2	2
240	3	2	4	5	3	3	3	4	2	2	2	4	4	3	4	0	1	-1	0	0	4	4	4	5	7
241	1	3	2	3	3	1	4	2	4	3	5	4	5	4	4	2	4	3	5	4	0	2	-1	1	0
242	3	3	3	3	4	0	1	2	5	2	3	3	1	3	2	3	4	2	3	4	4	2	6	5	4
243	1	2	0	1	1	1	1	0	0	1	0	1	-1	0	0	3	1	0	0	0	0	0	0	0	-1
244	5	5	7	6	6	1	2	4	2	3	2	2	1	1	2	1	3	3	3	2	2	3	4	2	4
245	-2	2	0	0	1	-4	1	-4	0	-2	0	2	1	2	0	1	1	2	1	3	-1	1	2	3	1
246	-2	0	-1	-1	1	0	1	4	2	5	-1	1	-1	0	2	0	0	0	0	1	0	0	2	1	3
247	5	1	2	3	3	3	4	5	4	2	4	4	5	3	4	2	2	2	5	0	4	4	5	6	3
248	0	1	3	2	4	4	4	4	5	7	4	3	4	5	6	2	3	8	5	5	5	4	5	3	7
249	6	5	8	2	5	3	2	-1	1	0	4	3	4	2	3	4	3	1	2	4	3	3	2	2	3
250	1	0	2	1	2	2	2	4	3	3	2	2	5	4	4	0	2	0	2	6	3	5	5	5	7
251	1	3	0	2	2	5	3	2	4	3	1	2	0	2	0	3	3	2	3	3	3	3	1	2	4
252	0	2	3	1	4	1	3	1	2	3	3	2	4	5	4	3	4	7	4	6	3	2	3	2	3
253	2	5	4	4	5	5	4	5	5	5	2	3	5	3	6	5	5	3	5	3	4	3	3	3	6
254	3	4	6	5	7	4	2	5	7	7	3	4	4	3	5	2	3	3	3	4	3	3	1	5	5
255	0	-1	0	0	2	0	0	0	1	2	-1	0	-1	0	1	1	0	2	2	2	0	0	1	0	4
256	2	3	3	5	4	4	4	8	4	5	3	4	5	5	7	1	4	7	4	5	0	2	2	3	1
257	0	1	0	1	1	1	2	1	4	1	0	2	4	5	0	0	2	2	3	1	0	2	2	2	2
258	4	2	3	6	5	5	4	5	2	6	1	2	2	1	1	1	2	2	2	4	1	1	2	3	4
259	1	2	3	5	6	1	2	1	2	6	4	3	6	3	8	0	2	2	2	5	1	2	2	4	5
260	1	2	3	4	3	0	3	3	3	4	2	2	-1	2	0	4	2	4	5	3	5	3	6	6	7
261	2	2	3	2	3	1	2	1	3	2	-1	2	-1	1	1	0	2	1	1	1	0	1	-2	0	0
262	3	3	1	3	2	4	3	1	4	4	5	4	4	4	5	5	5	7	8	7	7	5	8	5	8
263	0	2	0	2	1	0	2	1	3	0	0	1	0	1	2	1	2	0	1	1	2	3	0	3	1
264	0	1	1	1	5	-2	1	1	1	4	0	0	0	3	2	-4	-2	-3	-1	0	-2	0	-3	1	2
265	-2	0	-1	-2	-3	-3	-2	0	-1	0	-4	-1	-4	-2	-4	0	0	1	0	0	-2	0	0	0	1
266	2	2	1	2	0	1	0	0	2	0	0	0	-3	-1	0	0	0	-1	0	0	-1	0	-3	0	0
267	3	2	3	4	3	7	4	6	5	7	2	3	4	4	3	2	3	2	4	3	3	2	3	4	2
268	5	5	8	5	7	3	4	7	3	7	4	5	5	5	7	4	4	6	5	6	6	5	4	6	9
269	2	3	4	4	6	2	3	2	2	4	3	2	5	3	4	3	3	5	5	6	4	3	6	5	6
270	3	4	5	3	3	2	1	0	2	2	-1	1	1	1	1	-1	1	0	1	0	4	2	0	3	4
271	0	1	1	0	2	0	0	-2	0	2	0	-1	0	2	2	-1	0	0	-1	4	0	1	-1	0	1
272	-2	0	-1	-1	0	0	0	0	1	0	0	0	0	0	1	1	2	0	3	2	1	1	1	1	2
273	2	1	3	0	3	0	1	1	0	3	1	2	3	1	1	0	0	1	1	1	1	1	6	3	5
274	4	4	8	7	8	1	3	5	4	5	2	4	4	4	7	1	2	3	3	5	0	1	1	2	2
275	0	0	0	3	0	1	0	1	2	2	0	0	1	4	1	2	1	3	4	3	1	1	0	4	4
276	4	4	6	4	5	1	3	4	3	4	3	4	2	1	2	1	3	1	2	2	4	4	5	4	2
277	4	2	4	4	5	1	3	5	5	5	4	3	4	5	5	5	4	7	6	9	2	2	3	4	5
278	1	2	4	3	4	2	2	2	3	5	3	1	1	2	4	1	2	1	2	4	1	0	0	3	1
279	1	1	2	2	1	0	0	3	2	0	0	2	0	1	1	0	0	0	0	2	0	1	0	3	1
280	1	1	1	2	4	0	2	0	0	2	3	2	4	4	2	-1	1	0	1	5	3	3	4	4	6
281	3	4	1	6	4	1	4	2	4	1	3	4	4	5	1	5	4	8	7	7	5	4	4	4	4
282	0	2	2	3	4	0	1	0	0	0	0	0	-2	0	-1	0	0	-3	0	0	-1	1	-1	2	0
283	2	3	3	4	6	1	2	0	3	2	-1	1	0	0	1	1	1	3	3	2	-1	2	1	1	2
284	3	2	5	5	4	0	1	1	4	3	1	2	3	5	5	0	3	4	5	5	3	3	3	8	10
285	0	1	0	3	2	-1	1	1	0	0	-3	0	-2	0	0	-2	1	-2	1	0	-2	0	0	1	2
286	4	4	8	5	5	6	5	9	6	8	1	2	5	3	5	5	4	7	5	6	2	1	3	2	5
287	2	3	4	4	4	2	4	5	6	6	3	3	5	5	5	2	2	4	2	3	0	2	0	3	3
288	-3	0	0	-1	1	0	1	4	2	4	-1	0	0	1	0	-1	0	1	3	3	-2	0	0	0	1
289	3	1	5	5	8	3	3	5	6	8	2	2	4	5	5	1	1	5	5	5	0	2	2	4	4
290	2	2	4	4	6	1	3	2	2	4	2	2	4	4	3	5	2	8	6	7	4	2	6	3	5
291	1	1	2	2	2	-1	1	0	2	0	0	0	-2	0	0	-1	1	0	1	0	1	1	1	2	3
292	1	1	0	2	3	1	0	-1	0	2	-1	0	-3	0	0	2	2	0	3	5	1	1	4	2	6
293	0	1	1	1	1	0	0	0	2	0	3	2	6	4	1	1	1	3	1	2	1	0	0	0	0
294	4	4	0	2	7	4	3	7	4	4	4	3	3	3	3	1	1	-1	1	2	2	2	3	4	3
295	-1	1	0	0	4	0	0	0	4	3	-2	0	0	0	0	0	0	0	1	2	-3	-2	-5	-3	-1
296	1	2	1	2	2	3	2	4	3	3	0	1	1	3	2	-2	0	0	2	0	2	3	4	2	4
297	0	0	0	0	0	-1	0	0	1	-1	0	0	-1	1	0	-2	0	-2	-1	-2	-1	1	-1	0	0
298	4	3	5	6	6	0	2	1	3	3	2	3	4	4	4	3	3	5	5	6	2	4	4	4	4
299	1	2	4	3	2	2	3	3	2	3	3	2	2	3	3	0	1	4	2	1	3	2	2	4	3
300	0	0	-1	1	2	1	0	-1	2	0	1	2	1	0	0	2	0	3	3	2	0	0	0	1	2
301	3	4	4	6	6	3	3	2	4	4	3	3	5	5	5	5	4	6	7	7	3	4	4	5	5
302	1	2	0	3	4	5	3	6	5	7	2	3	4	6	7	3	4	5	7	8	4	3	8	4	7
303	1	2	2	3	1	5	4	5	5	5	3	5	6	6	4	4	5	7	6	5	1	2	1	5	2
304	6	5	10	4	7	5	5	7	4	6	1	3	4	5	4	2	2	5	3	5	3	3	6	2	6
305	2	4	3	2	4	0	3	2	1	1	3	2	2	1	3	0	4	3	3	3	2	4	3	3	2
306	3	2	1	1	3	2	2	2	3	1	1	2	1	2	3	6	2	7	5	6	1	2	2	2	5
307	3	3	5	5	6	5	6	10	6	8	5	4	7	7	6	5	4	6	5	5	2	3	3	4	4
308	4	3	4	4	4	4	3	7	2	2	5	3	3	2	5	2	4	4	4	2	7	4	4	5	5
309	0	1	3	1	1	2	2	0	2	1	0	1	0	2	2	-1	0	-1	1	0	-2	-1	-3	0	0
310	0	0	-3	0	2	0	0	0	3	2	0	2	1	2	0	0	0	0	4	1	-2	0	-2	0	-1
311	1	0	2	0	2	0	0	1	0	5	-1	0	0	0	4	-3	-1	-3	-2	1	-1	0	-3	-1	0
312	-1	0	0	3	5	0	1	0	1	1	-1	0	0	2	2	0	0	-1	0	1	3	0	4	4	5
313	4	5	6	5	7	3	4	6	5	7	4	4	5	3	6	4	3	1	3	5	5	3	3	5	4
314	3	3	5	5	6	4	4	3	6	7	1	3	3	2	5	1	2	3	4	3	3	3	5	5	5
315	2	5	7	5	6	3	4	4	4	5	5	4	5	7	6	4	3	3	5	6	2	2	2	4	5
316	0	0	1	0	1	1	1	0	1	3	0	0	1	2	2	3	2	3	2	3	3	0	2	3	3
317	1	2	5	3	5	1	2	3	3	1	0	2	3	5	2	1	2	1	2	2	1	2	5	4	3
318	3	4	2	4	3	0	3	1	3	1	0	2	1	3	0	0	2	0	3	0	3	5	6	5	5
319	0	0	-2	-1	0	0	0	1	0	2	0	0	-1	0	0	-2	-1	-4	-2	-1	0	0	1	0	4
320	1	3	3	3	5	1	3	2	3	5	-1	0	0	2	1	1	1	3	2	6	1	0	0	2	2
321	0	1	2	3	5	0	0	1	3	5	1	2	3	4	6	1	3	5	4	9	2	2	4	5	4
322	-1	0	-1	1	0	-2	1	-1	0	1	0	0	0	3	-1	-1	1	0	2	0	1	2	2	3	0
323	4	3	3	3	5	1	1	0	0	1	1	2	1	1	3	4	3	4	4	7	6	4	5	3	8
324	0	0	0	0	0	0	2	2	0	2	4	2	3	0	4	2	1	1	0	3	1	1	0	0	3
325	2	3	3	5	5	3	3	5	2	4	1	3	3	2	3	0	1	3	2	4	1	2	5	4	7
326	3	3	7	4	6	2	3	5	3	7	1	2	6	3	3	0	2	5	1	5	0	0	3	1	3
327	1	2	1	2	2	5	3	3	5	8	6	3	7	4	7	5	3	5	6	9	1	2	3	2	6
328	0	0	3	3	3	-1	1	0	2	2	-2	1	3	2	4	-1	0	1	3	2	0	1	3	4	3
329	2	0	0	3	4	1	0	5	2	4	0	0	1	1	3	-2	0	0	2	0	-3	-1	-1	0	0
330	4	3	8	7	9	2	2	6	5	6	0	2	4	4	6	-1	2	5	5	4	2	2	2	4	4
331	-2	-1	-1	0	0	0	1	0	3	0	0	1	0	3	0	1	1	3	2	1	0	1	3	4	4
332	2	3	1	3	5	0	1	2	4	3	3	2	5	5	7	0	2	-1	1	2	1	1	1	2	3
333	1	2	1	4	2	2	2	1	4	4	2	3	4	3	2	0	1	0	0	1	2	3	3	5	2
334	0	0	0	2	0	2	2	1	3	2	3	2	0	1	2	1	3	-1	3	2	0	2	-1	3	0
335	0	1	0	1	4	3	3	4	6	7	7	4	6	7	7	3	4	7	4	8	3	2	5	5	4
336	2	4	4	5	5	2	3	0	4	3	3	4	4	3	2	2	3	5	5	3	2	3	5	6	5
337	3	4	6	5	9	5	5	7	6	8	4	3	6	7	8	6	5	7	7	12	4	3	5	4	8
338	0	3	4	4	4	1	1	2	3	5	-1	1	2	1	1	0	1	0	3	3	-1	0	2	0	1
339	4	2	8	5	5	1	2	5	3	3	0	3	5	4	3	2	1	4	4	3	0	0	0	2	4
340	3	3	4	4	6	3	2	4	3	2	0	2	0	3	2	2	2	5	5	4	1	2	1	3	4
341	0	1	0	0	1	0	2	0	2	2	1	1	1	2	3	1	1	3	2	1	0	1	0	2	2
342	0	1	0	0	-1	3	3	2	2	1	1	1	0	0	0	0	2	0	0	0	3	3	1	3	2
343	1	1	1	1	3	0	0	0	2	2	0	2	0	1	2	-1	0	0	1	1	-2	0	0	1	0
344	0	2	2	2	2	1	1	3	3	3	3	3	7	4	5	0	1	6	6	4	2	1	5	4	5
345	2	4	4	4	4	1	3	3	5	3	1	2	4	4	2	1	2	3	2	0	1	4	1	4	4
346	5	4	6	6	5	3	3	8	6	5	3	4	3	6	6	0	2	0	4	5	2	3	4	6	3
347	2	1	3	5	5	2	2	4	4	5	2	2	3	5	5	0	2	3	3	2	3	4	1	4	3
348	2	4	1	2	3	3	3	1	4	5	5	5	6	6	7	4	4	5	3	4	2	3	0	3	6
349	3	3	1	4	3	2	3	6	5	5	6	6	11	8	7	4	5	8	9	5	4	5	5	4	5
350	0	3	-1	2	1	3	2	3	4	5	0	2	1	3	3	4	3	4	3	6	1	2	1	3	2
351	4	1	0	3	3	3	2	2	2	4	1	1	-1	2	1	2	1	0	3	1	1	2	-2	2	2
352	4	7	8	7	7	3	6	12	8	8	7	5	8	9	11	4	5	8	7	8	4	3	5	6	4
353	2	4	7	3	3	4	3	4	4	4	1	4	2	2	2	2	3	7	5	6	1	4	4	5	4
354	2	2	5	3	6	3	1	3	3	3	4	2	6	4	7	4	5	9	6	11	4	4	9	3	9
355	8	6	10	6	9	3	3	5	3	2	4	4	6	5	3	2	3	3	3	3	1	3	1	3	1
356	5	3	6	2	8	2	3	3	4	5	2	2	3	1	4	3	1	5	4	5	1	0	-1	0	2
357	0	2	1	3	3	0	0	0	2	0	2	3	3	3	4	1	1	2	3	3	0	1	1	0	2
358	2	2	4	5	3	1	2	3	3	3	1	1	5	5	4	1	2	3	3	3	0	0	0	3	2
359	3	5	5	5	4	2	5	6	5	4	5	7	8	7	7	3	4	3	4	2	5	5	6	7	8
360	1	0	-1	0	1	0	0	-2	1	1	0	0	0	0	0	-1	-1	-3	0	0	-1	0	-2	0	-1
361	1	2	3	3	4	4	1	1	0	3	2	3	3	2	1	3	0	0	1	2	3	3	5	3	6
362	1	1	1	3	6	1	1	0	2	1	1	0	0	1	2	-1	0	-3	1	0	1	0	0	1	1
363	1	1	3	2	4	3	2	1	2	5	1	0	2	1	4	-1	0	0	2	1	0	0	-1	1	0
364	0	1	3	3	5	0	3	4	2	2	-2	0	-1	0	0	0	0	-3	0	1	0	1	0	4	3
365	0	1	1	4	2	0	0	0	2	0	0	0	4	5	5	3	2	4	4	3	-1	0	0	3	2
366	1	4	1	3	1	2	3	5	5	4	1	4	2	2	0	0	2	0	2	1	2	3	3	2	0
367	0	0	0	2	5	0	0	-2	0	2	0	0	0	0	2	1	0	2	1	3	0	0	0	2	3
368	3	4	5	4	4	4	4	4	3	4	3	4	4	4	4	5	4	4	5	3	3	2	3	3	6
369	4	1	6	4	6	6	3	6	4	7	4	2	6	4	6	3	2	5	2	6	2	2	3	2	3
370	0	3	3	2	0	1	1	1	3	2	1	2	4	4	1	3	3	5	2	2	4	4	7	5	4
371	0	0	3	3	4	0	0	2	2	3	0	1	4	2	4	-1	-1	3	0	2	0	0	5	2	4
372	1	4	4	5	4	0	4	4	4	4	2	4	5	6	6	3	3	5	5	5	3	4	6	4	2
373	2	3	6	3	6	2	3	3	4	4	2	4	5	5	8	4	4	7	3	6	3	3	4	5	5
374	-1	0	-1	0	0	0	1	0	3	1	0	1	1	5	2	2	2	3	5	3	5	2	5	5	4
375	0	1	1	4	0	-1	1	-1	3	0	0	1	1	2	2	2	2	1	3	1	2	3	3	5	1
376	4	4	5	4	5	3	2	4	2	2	3	3	6	3	4	9	5	10	6	9	5	4	5	4	2
377	5	4	6	5	5	2	4	5	6	5	2	4	4	3	1	3	4	5	3	3	4	5	7	6	4
378	3	2	2	6	4	3	2	4	3	3	4	1	2	4	2	7	4	6	8	5	3	3	2	5	5
379	0	2	3	5	2	3	1	4	5	1	3	4	5	4	4	3	2	2	3	1	1	2	3	3	2
380	0	5	2	1	4	5	5	6	5	7	2	4	5	5	6	2	3	1	2	3	4	4	4	5	5
381	0	0	0	1	1	3	3	1	3	4	3	1	3	2	3	0	2	0	1	3	-1	1	-1	0	0
382	0	2	0	1	5	0	0	0	2	3	-1	0	0	3	4	0	1	-1	0	1	1	0	0	1	2
383	3	4	6	2	6	2	3	3	3	6	0	3	1	3	4	2	4	4	5	6	-2	2	1	1	2
384	5	3	6	5	5	3	4	6	4	5	-1	2	4	2	2	6	3	3	5	6	3	3	0	2	0
385	1	0	0	1	0	1	2	3	4	0	2	0	1	1	0	1	2	5	4	6	2	2	1	2	4
386	-2	0	1	1	0	1	1	2	5	2	0	0	0	2	1	0	1	2	2	4	0	2	3	2	1
387	0	1	1	2	3	0	3	6	2	2	1	3	4	3	7	0	1	3	4	5	1	1	5	4	6
388	3	4	3	5	6	4	3	2	6	8	1	2	1	5	1	1	2	-1	3	3	2	4	2	5	4
389	3	4	5	4	7	2	3	5	4	8	2	4	5	3	4	3	3	0	2	3	1	2	1	1	3
390	0	1	1	2	0	1	2	2	4	3	0	1	1	4	4	0	1	1	2	1	-2	0	0	0	2
391	1	1	4	3	3	0	2	2	3	2	4	3	3	5	6	3	2	3	5	6	2	3	3	5	5
392	5	4	8	3	4	3	5	6	6	4	3	3	1	4	4	1	5	4	3	5	5	5	7	7	6
393	0	0	0	0	0	3	1	3	3	6	1	1	3	0	3	1	1	3	3	4	1	1	3	2	4
394	3	3	1	2	1	4	3	3	2	3	6	3	4	3	7	5	4	7	5	5	5	4	4	4	3
395	4	3	0	2	4	0	2	0	2	3	2	3	4	4	4	7	5	7	4	6	3	4	4	5	6
396	0	0	1	3	3	0	0	0	1	1	-1	1	0	3	1	-2	-2	-6	0	-2	1	0	0	2	1
397	6	4	5	6	6	1	3	3	5	5	3	2	3	5	2	4	3	4	7	8	0	1	0	2	2
398	0	0	2	1	3	0	1	1	2	2	0	1	-1	0	0	0	0	1	2	2	1	0	1	2	2
399	7	3	7	6	9	5	5	8	5	6	7	4	5	7	7	4	5	5	6	4	4	2	6	6	7
400	0	0	2	3	2	0	2	3	3	3	0	2	3	5	4	-1	1	0	1	0	1	0	2	1	1
401	-2	1	2	1	2	0	2	2	0	1	-3	0	-2	1	0	-2	1	0	2	3	1	2	3	4	5
402	1	1	0	3	5	3	3	2	5	5	2	3	5	5	7	1	2	3	3	4	2	3	3	2	4
403	6	2	6	4	6	3	4	4	4	5	3	3	5	4	8	4	3	6	4	6	3	3	5	4	7
404	2	3	5	4	1	3	2	7	5	1	4	2	5	4	4	0	1	3	3	0	1	2	1	4	1
405	1	2	1	2	1	2	3	0	3	1	0	1	3	2	1	5	4	8	6	7	3	2	4	5	3
406	5	4	5	5	7	3	3	2	5	8	3	3	2	6	6	4	3	4	3	7	2	1	1	4	3
407	4	4	5	7	6	3	2	5	3	3	1	2	2	2	4	3	3	4	4	4	2	4	2	3	0
408	3	2	4	3	7	0	1	1	1	3	2	3	1	1	6	0	1	-1	0	2	0	1	0	0	1
409	1	3	2	3	0	0	0	1	3	3	1	3	4	6	4	3	3	2	6	1	3	3	1	4	2
410	0	0	1	2	1	0	2	3	1	2	0	3	2	3	3	4	3	8	5	6	0	1	0	4	2
411	2	5	6	3	1	3	4	6	4	5	1	2	3	2	2	1	3	4	1	1	0	2	-1	1	0
412	1	3	2	4	5	3	1	3	3	3	4	1	3	4	6	5	2	4	4	5	0	1	3	2	3
413	0	0	1	2	0	1	2	3	3	3	2	3	6	4	3	0	1	3	4	1	1	2	6	4	3
414	0	1	4	3	7	1	0	1	1	3	1	0	1	2	2	2	1	6	4	6	4	2	5	4	7
415	1	0	0	1	0	0	3	0	1	1	2	4	2	2	4	1	4	3	4	6	2	3	2	4	5
416	3	4	5	4	3	3	5	6	5	6	5	7	8	6	9	4	7	6	6	7	8	7	10	7	10
417	2	4	2	5	5	1	2	-1	0	2	1	0	0	3	0	3	3	2	1	2	3	4	3	4	5
418	0	0	0	2	4	0	2	1	3	5	-1	0	-1	1	3	-1	0	0	1	0	1	1	3	4	6
419	2	1	-1	1	1	2	2	1	3	2	1	0	0	1	0	3	1	1	2	2	0	0	0	2	1
420	4	3	6	5	4	7	3	9	4	4	7	4	5	4	5	3	5	2	2	3	6	5	5	5	7
421	0	1	1	4	2	2	2	0	5	3	0	0	0	0	1	-1	1	0	1	1	-1	1	-1	2	1
422	0	1	1	1	1	0	0	0	0	1	0	1	2	1	2	1	3	2	4	6	1	3	2	1	4
423	3	2	2	3	3	3	4	2	4	4	2	2	4	5	5	3	4	4	6	6	3	2	4	3	5
424	1	1	3	3	2	3	3	0	2	4	1	1	2	3	2	1	0	3	2	3	1	1	0	1	1
425	5	4	3	6	5	2	2	3	3	6	4	3	4	5	5	3	3	4	6	5	2	2	2	3	4
426	3	3	2	3	1	2	3	5	3	5	7	3	7	5	5	4	4	6	5	4	3	4	7	5	6
427	-4	0	-2	0	0	-3	0	-4	0	-4	0	0	-2	0	0	0	0	0	1	2	0	0	0	1	0
428	3	2	5	5	4	2	2	3	3	3	3	4	4	5	6	2	2	4	3	5	2	3	2	2	4
429	-2	0	-3	0	-2	-6	0	-7	-4	-5	-1	0	-4	0	-3	1	1	1	0	-1	1	1	-1	2	-1
430	2	1	3	3	5	2	4	4	4	5	2	2	1	4	4	3	3	6	4	4	1	3	4	5	3
431	5	3	5	3	3	4	5	4	4	7	6	5	8	6	5	3	3	5	5	6	5	3	5	4	5
432	-1	0	2	1	0	3	1	5	3	3	1	3	4	5	4	1	3	5	5	3	0	1	4	5	3
433	0	1	1	2	2	0	1	-1	-1	0	0	0	0	2	0	1	1	0	2	1	0	2	0	1	2
434	2	2	3	4	7	5	3	5	4	5	2	3	4	4	6	5	2	5	4	7	3	4	7	6	5
435	0	1	3	4	2	-1	2	1	5	2	-1	0	0	3	1	-1	1	2	2	0	-1	0	-1	2	-1
436	1	0	-1	2	4	3	1	2	3	5	3	2	4	3	6	1	1	6	4	5	4	2	6	4	7
437	0	1	1	6	4	-3	0	0	1	-1	0	1	2	4	2	0	1	2	4	4	1	1	5	6	4
438	0	0	-2	1	1	0	0	2	0	2	-1	0	1	1	0	-1	0	-1	0	0	0	1	2	3	3
439	3	4	6	7	7	4	4	1	6	6	1	2	3	5	3	5	4	4	8	8	11	6	9	10	11
440	2	2	0	4	0	3	1	-1	2	0	4	2	5	5	3	1	1	0	4	0	0	1	0	1	1
441	6	6	8	5	4	3	5	4	4	3	2	3	3	4	3	4	5	9	5	7	3	4	3	3	4
442	1	0	2	1	3	0	0	-2	1	1	4	1	3	4	5	0	0	-1	1	2	2	1	2	2	1
443	0	0	2	0	4	1	1	4	2	3	0	1	4	3	5	-2	1	0	2	2	-2	0	0	2	1
444	6	4	6	4	7	4	2	5	6	7	3	2	6	5	9	5	5	7	5	7	6	5	6	4	8
445	2	3	5	2	4	3	2	5	3	5	2	2	3	4	5	2	3	0	4	5	1	2	0	3	4
446	2	1	6	2	3	3	2	4	5	4	2	2	4	4	3	-1	1	1	2	-1	0	0	3	4	2
447	3	2	2	2	5	0	1	3	2	4	2	3	6	4	7	3	5	6	7	4	2	1	4	6	4
448	0	1	3	3	2	2	3	1	4	5	3	5	6	6	5	0	1	0	3	-2	-3	0	-3	2	-3
449	7	5	6	7	8	5	4	5	7	6	4	5	6	5	8	3	4	5	5	7	6	3	6	5	9
450	3	4	4	3	5	0	2	6	3	4	2	4	4	4	7	2	1	7	1	4	2	3	2	1	4
451	0	1	0	1	2	3	1	3	3	4	4	2	4	3	4	0	0	0	1	3	1	1	2	1	6
452	3	2	3	3	7	4	1	5	4	8	2	0	1	2	3	2	0	1	1	4	-4	0	-2	0	0
453	0	2	0	3	2	3	2	4	2	4	3	0	3	2	3	2	1	2	1	6	3	2	1	1	1
454	4	3	2	2	5	3	2	2	2	4	1	1	0	0	2	2	1	-1	2	2	0	0	-1	-1	0
455	0	1	3	2	1	0	0	7	2	3	0	1	2	4	3	0	1	2	1	2	0	2	3	3	4
456	5	5	10	8	11	4	4	6	5	10	6	4	10	5	9	5	5	8	8	9	3	5	6	5	7
457	0	0	0	0	4	3	3	1	3	2	1	0	3	0	2	0	-1	0	0	1	0	0	1	1	4
458	3	2	1	2	3	4	5	5	3	6	6	3	5	4	7	0	3	1	0	4	1	1	2	2	1
459	3	2	6	5	6	3	0	4	3	4	3	3	4	3	6	0	1	2	2	6	1	0	4	1	4
460	2	5	6	3	6	2	4	7	3	5	5	4	6	5	5	0	1	1	0	3	5	5	5	3	4
461	1	1	1	4	3	2	0	3	4	5	5	3	5	5	5	3	3	4	6	5	3	3	1	3	4
462	2	4	4	3	3	4	4	5	3	6	4	3	5	3	2	6	6	8	6	3	7	5	9	7	6
463	0	2	2	3	2	0	2	-1	2	2	0	3	1	3	3	0	2	0	1	0	2	3	3	3	3
464	6	5	7	5	7	4	5	8	6	7	7	5	10	5	8	0	5	5	4	3	5	5	6	5	8
465	0	3	3	2	2	2	1	0	2	0	3	4	3	4	3	1	2	1	4	3	0	1	-1	0	0
466	0	1	1	0	1	2	2	6	4	4	1	2	0	2	0	1	2	6	2	2	0	1	0	2	4
467	-2	0	0	1	2	-1	0	0	0	3	-2	-1	-1	0	1	-1	1	0	1	1	-2	1	0	-1	0
468	0	0	1	1	6	1	-1	1	2	3	0	0	1	1	4	1	0	1	4	4	1	0	2	4	6
469	1	1	4	3	5	2	2	2	3	3	4	4	8	5	7	4	4	6	6	6	4	2	5	6	7
470	0	1	2	2	2	-1	0	-1	2	1	-2	0	-2	0	0	0	0	1	2	1	0	1	-1	0	0
471	2	1	1	1	4	0	0	1	3	2	0	0	0	3	2	0	2	1	1	4	-1	0	0	2	0
472	2	1	1	1	5	1	1	4	3	5	0	0	0	2	4	-2	0	0	1	0	-1	0	-3	3	4
473	7	5	10	6	10	2	4	7	5	8	3	2	4	5	6	4	3	4	5	5	3	3	5	6	6
474	1	1	0	0	3	3	2	5	5	5	1	1	3	5	4	1	2	4	3	6	2	2	7	3	6
475	5	5	4	6	4	1	1	0	4	1	2	2	3	3	2	0	1	0	3	0	-1	0	-2	2	-1
476	1	2	4	4	4	1	0	2	3	2	4	4	7	7	7	0	2	4	5	3	0	2	-1	2	2
477	-1	0	-1	0	1	1	1	0	1	6	-2	0	-3	-1	1	0	0	2	0	2	2	1	4	4	4
478	2	2	4	2	4	-1	2	0	4	3	3	1	4	3	4	0	2	-1	2	0	3	3	3	5	4
479	1	3	4	6	5	3	1	2	5	2	5	3	8	5	6	3	2	5	5	6	2	0	2	3	4
480	3	2	6	5	6	5	5	8	6	7	2	2	6	4	6	5	3	7	5	5	2	3	7	5	6
481	0	0	-1	0	0	0	1	0	-1	0	0	0	-1	0	0	3	1	1	0	1	3	0	-1	2	0
482	4	4	9	6	8	0	3	2	5	3	1	3	5	3	4	2	2	5	3	5	2	2	3	3	6
483	5	2	4	4	5	0	0	0	0	1	2	3	2	3	6	1	1	1	1	5	0	1	1	2	1
484	2	2	0	3	3	4	2	2	2	4	2	2	1	3	4	0	2	1	2	4	4	3	2	5	8
485	1	1	1	2	2	0	2	0	2	0	0	1	-1	0	1	-2	1	-4	-1	-1	-2	0	0	1	0
486	0	0	1	0	2	1	1	1	3	5	2	0	2	4	5	0	0	1	0	6	-1	0	-4	0	0
487	1	0	0	3	4	0	1	2	2	0	-3	1	-4	1	0	-3	-1	-3	0	-2	-2	0	0	1	3
488	4	4	5	5	7	1	4	8	4	3	0	2	0	1	3	2	2	2	2	2	0	2	1	1	1
489	0	0	0	1	2	1	1	1	1	5	3	2	1	1	5	5	2	7	4	7	2	2	2	1	6
490	1	4	4	3	3	3	3	4	3	5	3	4	6	3	2	4	4	6	3	3	1	3	0	1	2
491	4	3	3	3	6	2	2	2	3	3	0	0	-4	2	0	0	1	-1	0	0	1	1	-1	2	2
492	-4	0	-4	0	1	-3	0	0	1	0	0	0	1	0	0	0	0	3	2	5	1	1	2	2	2
493	0	2	0	0	0	1	1	2	4	3	-4	-1	-1	0	-1	0	0	0	2	3	0	0	0	0	1
494	6	2	5	3	7	7	6	6	5	10	5	3	6	3	6	2	3	5	2	7	2	2	0	1	2
495	2	2	2	4	3	4	3	0	1	1	2	3	5	4	4	2	3	3	4	4	2	2	0	4	1
496	6	4	6	6	7	5	3	4	3	5	1	2	1	4	2	0	2	2	2	3	0	2	1	2	4
497	2	1	1	1	3	0	2	1	4	2	4	2	6	4	5	3	3	3	3	4	4	3	3	5	3
498	0	0	3	1	6	0	1	0	1	3	2	2	2	3	6	3	1	3	4	6	3	1	4	2	4
499	2	2	5	3	5	0	1	2	1	2	0	0	0	1	2	0	1	1	1	2	2	3	7	4	6
500	1	2	2	5	3	5	2	4	5	8	4	3	7	5	6	1	0	2	3	3	0	1	3	2	5
