1	3	1	1	3	4	2	2	2	4	5	4	3	6	5	7	2	5	3	5	7	3	2	5	6	6	2	2	2	4	6	-1	3	2	3	1	0	1	0	3	2	1	1	1	3	3	0	0	0	2	2	0	2	2	4	5	2	3	3	3	4	1	3	5	5	5	4	3	7	7	7	3	4	4	4	6
2	2	2	2	4	6	0	1	4	4	2	0	1	1	1	2	1	1	2	5	3	1	3	1	3	3	4	2	4	5	4	-1	1	0	3	4	2	2	2	5	6	1	3	2	4	4	2	2	5	5	3	2	3	5	6	6	5	2	8	6	7	1	3	4	4	5	1	3	2	4	4	1	1	2	3	4
3	0	0	0	0	0	-1	0	-4	0	-2	-3	0	-7	-2	-2	1	0	-2	1	0	0	2	2	4	3	0	0	0	1	1	-1	0	-3	0	-1	-2	0	-2	0	0	0	1	1	3	2	4	1	3	4	6	0	1	0	3	2	0	0	-4	2	0	0	0	0	0	0	-1	0	0	1	0	-2	0	0	1	0
4	0	2	2	3	2	0	0	2	2	2	0	1	0	2	2	0	1	0	1	0	0	0	2	2	0	1	1	6	3	4	3	2	3	5	4	3	2	5	4	4	4	3	8	4	4	4	2	6	4	6	0	1	-1	1	0	0	1	1	2	2	1	1	1	0	0	-1	0	0	0	1	0	1	0	0	1
5	1	1	5	6	6	4	3	10	6	9	3	2	6	5	5	-2	0	2	2	3	0	2	1	5	4	2	1	3	5	5	-1	1	4	4	5	0	1	4	5	4	0	2	3	2	3	2	2	4	7	7	0	2	3	3	4	0	1	5	4	3	-1	1	3	4	4	3	2	7	7	8	3	3	7	5	6
6	0	0	0	0	0	0	0	1	0	1	0	0	0	0	2	3	1	6	1	5	3	1	6	2	5	2	0	4	2	4	3	2	3	1	2	-1	0	1	0	2	2	1	4	2	5	1	1	0	1	2	0	0	0	0	1	-1	0	-1	0	0	0	1	0	0	0	-2	1	0	0	0	-1	0	3	0	2
7	2	2	1	3	5	4	2	5	3	6	3	2	5	2	7	1	4	3	4	4	1	2	4	4	7	1	3	6	4	5	2	3	8	6	8	2	3	4	3	4	5	4	5	5	7	1	3	2	4	5	0	2	2	1	3	0	1	0	1	2	0	2	1	3	3	1	4	3	4	6	2	2	3	4	4
8	5	3	5	5	10	4	3	2	5	9	2	3	4	4	7	4	3	4	3	8	4	3	4	5	8	2	4	4	3	8	2	4	2	4	6	4	4	6	4	10	3	2	5	4	8	6	4	4	4	10	4	3	5	3	7	4	3	4	3	8	4	3	4	3	9	2	1	2	2	5	3	2	2	3	7
9	0	2	3	0	2	2	4	2	3	3	0	1	3	2	0	1	2	0	0	3	3	2	6	2	4	2	2	3	3	4	2	1	4	3	2	3	2	5	2	6	5	4	8	4	6	5	3	6	5	4	5	3	7	5	6	5	3	9	4	8	4	4	6	6	7	6	4	7	5	7	4	2	4	3	6
10	4	3	6	5	5	4	4	4	4	3	3	5	7	5	6	4	5	8	5	6	0	2	0	2	2	0	3	2	2	3	3	3	4	5	8	0	2	1	4	2	3	3	6	4	7	3	3	5	4	7	1	2	3	3	3	0	2	0	1	2	0	2	3	2	2	3	3	4	2	4	3	3	4	4	6
11	4	2	4	3	6	4	2	4	4	7	2	2	1	0	2	6	2	4	4	4	3	2	1	1	4	2	1	1	0	2	2	0	0	2	1	3	1	0	1	4	3	0	4	1	5	3	1	1	0	5	1	0	0	0	2	1	0	-1	0	3	3	0	3	2	6	0	1	-1	-1	1	-1	1	0	0	1
12	4	3	3	2	4	2	2	1	1	4	1	3	1	0	3	6	3	4	4	7	3	2	1	3	6	5	3	2	3	6	4	2	1	1	5	2	1	0	2	1	3	2	2	2	4	4	1	3	2	3	0	3	0	1	2	3	0	0	3	3	2	1	-2	1	3	4	2	4	0	3	0	0	0	0	3
13	2	1	2	5	1	-1	1	-2	0	0	0	1	0	3	0	-2	0	1	1	-2	1	1	1	2	0	3	1	5	2	1	0	0	1	4	0	0	1	0	3	1	-1	0	-1	1	0	1	2	0	3	1	3	3	3	5	3	2	3	5	4	5	4	4	5	7	6	4	4	6	6	6	1	3	4	3	6
14	0	2	4	2	4	3	2	8	2	6	2	2	1	2	5	1	1	2	1	2	1	3	5	3	3	3	1	3	3	2	2	1	2	4	3	0	2	3	3	1	6	3	6	5	5	2	2	5	3	4	0	1	1	0	2	3	2	4	3	5	2	1	3	3	4	3	3	4	3	6	3	4	3	5	6
15	1	3	4	3	6	0	3	4	4	3	0	0	0	2	1	2	1	0	3	4	3	2	5	3	7	1	3	2	3	2	1	1	3	3	2	3	2	4	3	5	0	3	4	3	7	3	4	4	3	3	0	2	2	2	3	1	2	0	3	1	0	2	1	3	3	0	2	0	4	5	3	2	2	5	7
16	0	0	0	2	2	0	0	2	4	1	1	1	4	3	4	0	1	2	3	3	0	0	-1	2	2	0	1	1	0	2	1	0	2	0	5	1	1	2	2	5	0	1	1	3	2	0	0	-1	1	1	0	0	1	2	3	0	0	0	2	3	1	0	0	0	3	0	1	0	-1	0	2	1	4	2	4
17	1	2	1	2	3	2	2	2	1	3	2	2	3	3	3	1	3	2	3	4	1	2	2	4	3	-1	1	0	1	4	1	1	2	1	3	0	0	0	2	2	0	2	0	3	2	0	0	0	1	0	1	2	0	1	2	0	0	-5	0	1	0	1	1	3	2	-1	1	-2	1	0	4	2	4	5	7
18	3	4	6	5	7	6	5	8	6	6	6	5	9	7	6	2	3	5	5	4	3	5	6	5	6	2	4	5	6	4	5	5	8	7	8	3	4	7	5	5	6	4	8	7	6	6	7	8	7	10	5	5	6	7	7	3	6	7	7	6	2	4	4	5	5	2	3	4	2	5	3	3	4	5	7
19	0	2	2	3	4	2	2	1	2	4	2	0	2	2	1	0	2	3	5	3	0	1	2	3	4	2	2	6	5	9	3	2	5	5	5	1	2	2	2	3	3	2	7	5	7	0	0	1	0	4	0	1	0	2	3	1	1	0	3	4	1	1	0	2	3	0	1	0	2	2	0	1	0	0	3
20	3	3	5	3	6	4	2	3	3	4	4	3	4	3	3	3	3	0	2	5	1	1	0	1	3	1	0	1	0	2	3	2	2	2	5	3	3	3	3	4	3	1	5	1	4	3	2	3	2	6	0	0	0	-1	0	2	1	2	2	4	3	2	5	3	8	5	3	4	3	5	5	4	7	3	6
21	5	4	6	6	7	4	5	6	5	6	3	6	2	3	3	6	4	6	8	6	3	4	5	5	4	2	4	4	4	4	4	2	5	4	5	6	5	8	6	7	5	3	4	5	6	1	2	2	3	3	4	2	3	4	4	2	4	0	6	1	6	5	7	6	6	4	3	5	5	4	4	3	5	5	6
22	7	3	7	7	7	3	3	3	3	3	4	2	3	3	5	2	0	0	1	2	0	2	0	2	1	0	0	1	1	3	2	2	5	3	4	1	2	4	4	5	2	2	2	3	4	1	3	1	4	4	0	1	4	2	3	4	3	6	5	5	4	3	6	6	8	4	3	5	6	6	5	4	10	8	9
23	4	2	3	1	6	5	3	7	5	10	4	2	2	4	7	5	3	5	4	7	5	2	5	5	7	4	2	4	4	4	2	2	3	2	4	4	2	2	2	6	4	2	6	5	5	7	5	9	8	9	7	5	8	6	11	5	3	4	4	7	8	4	10	8	10	6	4	7	6	10	3	3	5	4	9
24	4	3	5	6	6	4	4	3	3	5	5	4	5	5	7	2	2	0	3	3	0	2	1	3	2	1	0	-1	2	2	0	0	2	1	2	4	2	2	2	2	7	5	8	8	9	4	3	5	6	6	5	4	5	4	5	5	3	6	6	6	6	3	6	4	8	6	5	5	6	8	2	3	6	4	5
25	1	1	2	3	0	0	1	-2	2	-2	0	2	0	2	0	-2	1	3	3	2	2	4	3	5	3	3	4	6	4	3	1	2	3	4	3	1	3	0	3	1	1	2	0	1	0	0	2	5	4	2	3	4	5	6	3	2	3	5	5	4	1	3	5	6	4	6	5	8	7	6	6	5	8	7	8
26	3	5	6	5	5	1	4	5	5	4	1	3	1	3	3	3	6	5	4	6	10	7	10	8	11	4	3	5	6	6	1	3	3	4	4	5	6	7	5	6	3	6	8	6	9	5	4	7	6	7	4	6	8	7	6	8	4	6	6	6	2	5	7	4	4	3	5	4	4	7	6	4	5	5	5
27	2	3	3	2	2	0	2	0	1	0	1	1	0	0	1	3	2	5	1	5	5	2	5	4	4	5	3	5	2	6	1	1	2	0	1	0	2	-1	0	2	4	2	4	1	1	0	2	2	0	0	2	2	2	0	1	0	2	2	1	0	3	1	3	3	3	2	3	4	2	1	1	3	2	2	1
28	1	1	0	0	3	-2	0	-3	0	0	-1	-1	-2	0	-1	-3	0	-2	0	-2	2	2	2	3	3	2	2	0	3	3	0	0	1	2	5	1	0	0	0	3	3	3	3	1	2	4	1	5	6	6	0	2	0	1	1	0	1	0	1	1	0	0	-1	0	2	0	0	-1	2	3	3	3	2	3	6
29	3	4	4	4	4	2	3	5	4	5	3	3	2	3	3	1	2	1	1	1	2	2	1	4	3	4	4	4	4	4	0	2	3	2	4	4	3	5	4	4	1	1	4	3	2	0	3	2	2	3	2	2	5	5	4	4	3	7	4	4	2	1	1	2	2	3	3	6	6	6	2	1	2	2	2
30	-1	0	-1	0	2	0	1	0	2	0	0	2	3	2	3	0	0	3	1	3	0	1	1	3	5	-3	0	-1	1	1	1	2	0	1	0	0	0	0	0	3	0	1	0	3	4	3	1	3	2	2	1	2	6	2	4	0	0	0	0	2	0	2	5	2	5	0	0	-1	4	1	0	0	0	0	2
31	0	2	2	2	2	0	1	2	2	2	2	3	5	6	6	0	3	6	4	2	0	1	1	3	2	0	3	2	2	2	2	2	3	4	3	1	2	5	3	3	0	2	1	1	2	-1	1	1	1	0	0	2	4	2	3	0	1	1	0	1	2	1	0	3	0	-1	2	1	3	0	-1	1	0	3	1
32	0	2	2	3	3	0	1	0	2	3	0	1	1	2	3	2	4	3	3	5	1	0	-1	0	1	1	3	4	1	2	0	2	3	2	1	1	2	2	3	2	0	0	0	0	0	1	2	2	3	2	0	4	4	1	2	0	3	3	3	2	2	3	2	3	6	1	2	4	2	4	0	2	2	3	3
33	-2	1	-1	1	2	-2	0	0	0	2	0	1	0	3	2	0	0	1	2	1	-1	0	0	1	4	0	1	-1	3	4	0	0	1	3	3	3	2	4	3	6	0	0	1	2	3	0	0	1	4	4	0	0	-1	2	1	-1	0	-1	2	0	-2	0	-3	0	0	-1	0	0	1	1	-1	0	0	1	2
34	1	-1	0	1	-1	-2	0	-2	1	-3	-3	0	-2	0	-1	-3	0	-4	0	0	0	0	-2	0	-1	0	0	0	2	2	-1	0	-1	1	-1	-2	0	0	1	0	0	0	-2	0	0	0	0	0	2	0	0	0	0	3	1	0	1	1	3	1	-5	-2	-5	-2	-3	-2	0	0	0	1	0	0	-1	2	0
35	1	3	2	2	3	4	3	2	3	3	7	4	6	4	4	2	2	3	2	1	2	2	1	2	3	0	1	0	1	2	2	1	3	2	3	2	3	2	2	2	5	4	4	4	7	3	3	4	4	4	3	3	2	3	5	1	3	2	1	2	3	2	1	1	0	0	1	-1	1	-1	3	1	3	0	3
36	1	2	3	3	2	2	1	5	3	3	2	2	4	3	1	-1	1	0	1	0	-1	0	2	1	1	0	1	0	1	3	0	2	1	1	1	0	2	0	4	2	0	1	1	3	0	1	1	3	3	1	2	3	4	3	3	2	2	4	3	3	0	2	-1	2	0	3	2	3	3	2	2	3	4	4	4
37	1	2	2	4	2	0	1	0	1	0	-1	0	0	0	0	2	2	4	2	2	3	1	4	5	3	4	1	1	1	2	4	4	4	2	3	3	1	0	2	4	3	2	2	4	5	2	3	3	3	6	4	2	6	4	5	0	0	2	3	2	1	2	2	1	1	0	1	0	1	0	0	1	0	2	0
38	3	2	2	1	4	2	1	0	2	2	5	2	3	2	2	0	2	0	3	3	4	3	6	3	5	3	2	4	4	5	3	3	3	1	4	1	1	0	4	2	2	1	3	3	5	4	4	6	5	7	4	3	4	3	5	3	1	3	4	6	0	2	6	5	7	3	3	4	7	6	2	3	4	4	5
39	3	2	5	5	7	4	3	5	5	7	1	2	3	4	4	2	1	0	4	3	3	2	5	5	5	3	4	5	5	5	7	3	9	6	8	4	2	5	4	5	1	2	1	2	3	6	5	8	5	8	4	5	7	5	9	4	3	7	5	9	1	2	5	3	4	2	1	0	3	4	1	2	4	3	2
40	4	3	6	2	8	3	3	6	3	5	3	3	2	2	5	7	4	7	3	7	4	3	4	2	7	5	4	6	4	8	5	4	7	4	5	3	5	3	0	6	4	4	5	3	7	3	3	4	2	6	1	2	2	1	4	0	2	2	2	3	2	3	2	2	6	0	2	3	1	2	0	1	1	0	0
41	0	1	2	2	0	0	2	4	2	2	2	2	2	4	4	4	5	7	6	7	4	1	7	5	6	6	4	7	6	7	5	2	6	4	4	3	4	5	4	7	2	4	3	6	8	4	5	9	5	8	0	2	1	2	2	3	3	6	4	6	0	1	2	4	3	3	4	6	5	5	1	3	4	4	4
42	3	3	6	2	5	4	3	8	5	3	5	4	5	6	7	3	2	5	4	4	3	3	2	3	5	3	3	5	3	7	5	3	5	4	7	3	1	2	3	3	1	1	-1	1	3	1	2	2	0	5	2	3	5	1	6	3	2	5	2	5	1	3	2	2	4	1	0	1	3	4	0	0	2	3	2
43	0	4	1	1	2	2	3	7	4	3	3	3	2	5	3	4	4	6	6	3	5	5	8	6	7	3	3	3	4	5	6	4	5	6	6	8	7	6	8	8	6	5	6	7	8	2	5	7	5	8	3	4	5	5	5	2	3	4	5	2	0	3	5	5	5	4	4	6	4	5	3	3	1	3	3
44	-1	-1	-1	0	1	-1	0	3	1	2	-2	0	1	1	0	0	0	3	2	4	1	2	2	3	5	-1	0	2	1	5	0	0	2	1	1	-1	0	0	0	2	-1	0	-1	-1	1	-1	0	1	0	0	-3	-2	-1	0	-2	-3	-1	-3	-3	-1	-1	0	1	0	1	0	0	4	0	4	-3	0	-3	0	0
45	0	1	-1	0	0	1	0	1	0	1	0	1	-1	3	0	2	1	0	1	1	-1	1	-1	0	-1	-1	1	0	1	1	1	1	2	0	1	-1	1	-2	2	2	0	1	0	1	0	-1	0	-3	0	0	0	1	-1	2	0	1	3	1	2	2	-1	0	0	0	-1	2	2	2	3	1	3	1	5	5	3
46	2	3	4	5	3	0	3	0	3	1	4	4	4	5	2	0	3	1	4	2	3	4	7	7	5	2	5	6	5	5	4	5	7	6	6	4	4	3	5	3	2	4	2	3	4	2	5	6	4	6	1	3	6	4	4	0	2	1	3	0	3	3	5	4	5	3	3	4	4	5	3	4	3	4	3
47	2	3	5	6	7	2	2	4	5	5	4	4	7	6	9	2	4	8	6	6	0	1	2	3	4	0	2	5	4	7	3	3	3	5	7	2	3	4	3	4	0	2	0	3	6	4	2	7	6	5	1	2	1	4	6	4	3	6	7	8	1	2	3	3	4	1	1	2	4	6	0	2	1	4	3
48	4	3	4	5	5	3	3	3	6	5	5	4	6	5	8	2	2	0	3	4	0	2	0	3	3	-1	1	-1	0	0	0	1	0	1	0	4	5	5	5	6	1	2	2	1	5	0	2	2	3	1	2	3	4	5	3	4	4	6	5	4	1	2	1	2	1	1	2	3	3	3	4	2	7	4	7
49	2	2	2	2	5	4	2	0	0	1	4	2	4	1	4	3	1	2	3	1	4	4	4	2	5	7	4	5	5	5	5	4	3	3	3	2	2	0	2	1	3	1	1	1	2	1	1	0	1	-1	-1	-1	-3	-1	-1	-4	0	-6	-2	-3	1	0	-2	0	-1	2	1	0	0	0	6	2	3	3	5
50	-1	0	0	0	0	-3	0	-3	0	-2	-4	0	-3	0	-1	-1	1	0	2	1	0	2	0	1	1	0	1	0	0	1	0	3	2	3	5	3	4	3	2	4	1	1	3	3	3	0	3	2	4	3	2	2	3	3	3	1	2	0	2	2	3	4	2	4	6	1	1	5	4	8	1	1	3	3	4
51	3	4	0	3	2	3	2	0	3	1	2	2	5	2	4	2	1	0	4	1	1	1	1	3	1	-1	1	-3	0	-1	1	2	2	1	3	3	3	3	2	4	2	2	0	3	2	5	3	4	3	4	2	2	1	5	2	0	2	-1	2	1	1	4	6	3	2	0	3	1	3	2	0	0	0	0	2
52	1	3	5	5	4	5	3	6	5	6	4	3	5	6	4	-2	1	-2	2	1	0	2	0	3	3	0	1	0	5	6	2	1	3	2	4	2	2	4	3	4	3	2	2	4	5	5	3	8	6	7	3	3	6	4	5	0	1	0	1	1	2	2	4	4	6	0	2	0	3	4	1	2	3	4	2
53	4	3	3	4	4	4	4	3	4	2	2	0	2	4	1	0	2	0	2	1	0	1	0	2	1	3	0	2	2	5	1	1	2	2	0	0	1	0	3	2	0	1	0	2	2	0	0	0	2	0	0	1	1	2	1	1	1	-2	1	-1	1	2	0	2	2	6	3	5	6	7	2	2	3	2	3
54	-1	1	0	0	1	-2	0	-3	0	-1	0	0	-2	0	-1	1	0	1	3	2	0	0	1	1	1	0	0	0	2	2	1	1	3	3	3	0	1	3	2	4	1	1	3	2	2	1	1	4	2	2	1	0	-2	1	1	2	1	2	2	2	2	2	5	5	3	3	2	7	4	6	0	1	1	1	1
55	4	2	4	3	2	4	3	4	4	2	1	2	2	0	3	2	1	2	3	1	3	3	4	2	2	3	3	2	3	5	4	3	5	3	5	1	0	2	1	0	4	3	3	1	3	5	4	7	4	5	3	3	5	5	5	4	2	3	4	5	4	2	2	3	3	2	2	1	2	1	2	2	2	2	1
56	-1	0	-2	0	0	-2	-1	-1	2	2	0	0	0	1	2	-1	-2	0	0	2	-2	-1	-2	-2	0	0	-1	-4	-1	0	0	0	0	2	3	0	0	-2	2	1	2	1	2	2	3	-1	0	0	0	2	0	0	-2	0	0	1	0	-1	2	3	0	0	0	0	3	0	1	0	1	1	0	-1	-2	0	2
57	5	5	10	7	8	4	5	8	7	10	4	4	6	6	7	4	5	5	5	6	4	3	4	4	5	3	5	6	5	5	1	2	2	3	2	2	2	5	3	3	1	3	2	5	5	1	2	2	3	4	6	5	7	6	7	7	4	9	8	8	3	4	5	6	5	3	6	6	6	5	5	5	9	8	7
58	0	2	-2	1	3	3	2	3	5	4	0	0	0	2	4	0	1	-1	0	1	0	0	0	2	1	3	1	5	5	4	1	0	0	4	3	0	0	0	1	2	1	0	1	5	4	2	1	2	2	4	1	3	2	4	4	1	2	4	2	3	2	0	3	5	4	1	1	1	4	2	1	2	1	4	3
59	3	3	3	3	5	0	1	0	0	1	-1	1	0	0	0	1	2	2	1	1	0	0	-3	0	1	-1	0	0	0	2	1	2	1	3	2	5	2	3	5	4	3	4	4	3	6	7	2	6	6	8	2	1	3	2	4	4	2	3	5	5	3	2	2	3	5	4	3	4	2	5	6	1	2	4	3
60	2	1	4	2	6	2	1	2	2	4	0	0	0	3	3	0	1	5	3	3	3	2	1	4	3	5	1	3	3	5	1	1	0	1	2	0	2	0	0	2	1	0	3	2	2	0	2	2	2	1	0	1	2	2	3	-1	1	0	2	2	0	2	2	3	2	3	2	3	2	5	2	2	4	5	5
61	0	1	-1	4	0	0	0	0	0	4	0	0	0	1	2	4	3	3	1	5	1	1	1	2	3	0	1	1	3	3	4	2	8	4	9	3	1	5	2	6	3	2	5	3	6	2	0	1	2	4	2	1	2	2	6	1	1	0	1	3	0	1	-1	1	0	3	1	4	3	9	5	4	3	4	7
62	4	3	6	7	4	0	2	0	3	2	0	2	0	3	3	0	2	1	1	1	1	4	4	5	4	0	3	4	4	3	3	3	0	4	2	0	4	1	2	3	0	3	1	2	2	2	2	4	4	4	1	3	3	3	3	0	3	1	2	1	2	3	2	3	0	1	4	4	4	1	2	2	1	2	1
63	4	3	3	2	6	0	3	1	3	4	2	2	4	5	7	4	1	6	4	7	2	1	2	2	6	3	3	5	3	8	2	2	2	4	7	4	3	8	3	9	3	3	5	5	6	3	3	3	2	6	2	2	5	2	5	2	3	4	3	4	4	3	5	1	3	3	2	3	5	7	1	2	3	3	6
64	4	3	5	4	5	6	3	4	4	2	2	3	3	1	3	3	5	2	2	4	1	3	4	1	2	3	5	5	3	5	0	3	0	2	3	4	5	5	3	4	4	5	5	4	4	4	4	3	4	3	3	5	5	4	4	2	2	3	3	2	4	1	2	3	3	4	4	5	2	4	2	3	2	2	2
65	2	2	4	3	7	6	4	8	7	11	3	4	6	6	8	4	2	7	6	8	4	2	5	5	8	5	4	8	8	9	8	5	10	8	10	4	3	7	5	7	4	4	6	6	8	4	3	4	7	9	5	5	9	5	9	4	4	8	7	9	2	4	3	4	5	0	0	3	2	3	0	0	1	1	3
66	2	2	3	7	5	-3	1	-1	0	0	2	2	2	4	3	0	0	0	1	0	1	1	0	5	1	0	1	2	2	0	4	2	0	5	5	2	2	3	5	5	0	2	2	4	4	0	1	1	3	3	0	1	1	3	2	0	3	1	3	2	2	3	6	5	3	-1	2	2	2	4	-2	0	0	2	0
67	2	1	2	3	4	4	2	4	7	4	0	1	2	2	3	0	2	3	3	3	0	2	3	3	2	3	3	5	4	4	1	3	3	3	2	0	2	0	2	0	0	1	0	3	2	0	2	3	1	1	1	3	2	4	2	3	2	6	6	5	2	2	6	4	5	3	3	1	3	5	2	1	5	4	3
68	3	3	5	4	7	5	4	5	5	5	6	4	8	4	9	1	1	2	3	2	2	3	2	3	4	1	3	0	2	2	2	2	1	2	3	1	3	1	1	2	1	1	2	2	2	3	4	4	2	4	0	2	3	3	3	-1	1	2	1	1	0	2	1	1	3	0	1	-1	1	0	1	1	0	0	2
69	0	0	0	2	1	2	2	1	3	3	1	0	2	2	3	3	1	4	4	7	-1	0	1	3	2	0	1	0	3	1	-1	0	0	0	1	-1	1	0	1	1	-1	1	0	1	0	0	2	1	3	0	1	2	0	0	3	-2	0	-3	1	2	0	1	0	1	1	-1	0	0	0	1	0	2	1	1	4
70	0	0	1	0	1	1	0	-1	0	2	0	1	3	0	3	0	0	0	1	1	0	0	0	0	0	-1	0	0	0	0	-1	0	-3	-1	-1	-4	-1	-4	-1	-1	0	0	0	0	1	2	0	0	2	2	1	0	-1	2	1	-1	1	-2	0	1	0	0	0	-1	2	0	0	-2	0	1	0	0	0	0	2
71	2	4	4	2	4	2	2	3	3	3	1	2	4	0	2	2	5	2	1	2	4	5	6	3	5	3	4	4	6	5	0	1	4	2	3	3	3	5	3	1	3	1	3	2	2	0	1	0	1	0	2	3	2	2	2	0	1	1	1	2	1	4	5	4	6	2	3	3	4	5	1	3	2	1	3
72	6	4	8	8	9	7	5	9	8	11	4	4	7	7	6	1	3	2	4	3	3	4	7	8	9	4	5	8	8	10	4	4	4	6	7	3	4	3	7	6	5	5	7	7	11	4	5	5	4	7	6	3	4	6	8	2	3	1	5	5	4	4	4	7	7	2	4	1	4	6	2	4	3	5	5
73	-1	0	1	2	2	-1	0	-3	2	0	1	0	0	2	4	1	0	1	2	4	-2	0	0	0	1	0	0	-1	2	4	2	3	0	2	3	0	1	1	3	3	-1	1	2	4	3	1	2	2	3	2	-1	0	0	3	3	1	0	0	1	2	0	0	-4	0	1	0	1	-1	2	1	-1	0	1	4	4
74	2	4	5	4	3	2	3	6	5	5	3	5	4	7	4	4	4	5	5	5	4	3	3	6	5	3	5	6	6	6	5	4	6	6	7	4	5	6	6	9	0	2	0	2	4	-1	1	0	0	0	0	3	0	3	3	3	3	4	5	5	2	2	3	4	3	1	2	3	4	3	3	3	1	2	1
75	1	1	2	3	5	5	2	6	4	6	4	4	9	7	8	6	4	9	7	9	4	3	5	6	8	2	4	2	5	5	3	2	3	3	5	7	3	4	4	8	3	3	3	4	6	2	2	3	3	4	1	3	2	6	5	5	3	5	4	7	4	4	6	6	5	3	2	2	6	6	1	1	0	3	2
76	2	2	3	3	3	4	3	4	3	2	3	3	4	5	4	3	3	5	4	4	2	2	0	2	1	1	2	2	2	2	0	2	1	0	1	-3	0	-1	0	0	0	1	3	1	1	0	1	1	4	0	1	2	3	5	1	2	3	3	2	3	0	3	2	2	1	1	3	1	2	3	-1	0	0	2	0
77	4	1	2	2	1	2	1	0	2	0	1	1	0	2	2	0	1	-1	1	0	3	2	3	4	1	4	1	7	3	5	4	4	6	4	7	3	3	4	2	6	0	2	3	1	4	2	1	2	5	2	0	2	3	2	1	1	2	2	3	2	1	2	3	1	3	5	3	5	4	5	4	2	3	3	3
78	4	6	8	6	8	2	4	5	6	4	2	4	4	3	4	3	3	3	3	3	3	4	1	4	3	4	5	6	4	9	3	3	3	5	6	1	5	4	4	6	4	5	2	5	5	0	2	2	3	1	2	4	2	2	2	5	4	5	4	6	5	6	8	8	9	2	3	5	5	6	2	5	5	5	5
79	1	2	6	4	6	2	1	2	1	6	1	1	3	5	7	2	2	2	3	3	1	1	4	4	7	3	2	5	4	6	1	2	3	3	5	3	1	6	5	7	0	2	2	1	2	-1	1	1	3	4	4	3	7	5	6	2	1	4	3	6	4	3	10	5	8	2	2	4	6	5	1	2	4	2	5
80	0	2	2	3	2	2	2	5	3	4	3	3	5	8	7	4	4	4	7	5	6	4	7	7	8	3	4	7	6	8	2	2	2	4	2	1	2	1	5	3	1	3	4	5	3	1	1	2	3	0	0	2	1	2	0	0	1	1	3	1	3	4	6	5	5	1	2	3	4	4	1	2	2	4	3
81	3	4	6	3	6	6	4	5	5	7	3	1	0	2	5	2	3	3	1	3	3	2	1	3	5	5	3	3	3	5	3	4	4	4	7	3	4	3	3	6	5	3	6	4	4	3	2	3	4	6	2	3	1	2	6	3	1	5	3	4	1	1	2	3	4	3	2	3	2	5	2	2	1	2	5
82	1	3	2	1	3	3	3	3	2	3	0	2	0	1	3	0	1	0	2	2	2	2	6	2	6	2	3	3	2	6	3	4	6	3	6	4	3	8	5	7	3	3	4	4	7	2	1	0	1	1	1	3	2	3	4	4	4	9	5	8	5	3	8	6	7	1	1	0	2	4	0	2	4	3	6
83	3	2	2	2	7	2	3	4	4	4	5	4	8	4	9	4	3	7	6	10	0	1	0	5	4	2	2	4	2	5	0	0	1	2	4	1	2	1	3	6	3	3	4	6	6	0	0	0	2	5	0	1	0	1	2	0	1	0	1	2	3	2	3	4	7	3	1	5	3	6	4	2	6	4	7
84	0	2	1	4	2	2	3	6	3	3	3	2	6	6	5	2	4	7	5	4	0	0	1	2	1	0	1	1	4	3	0	1	2	2	4	4	3	5	5	6	2	3	5	4	3	3	3	4	6	5	0	0	1	2	1	0	1	0	2	0	3	3	4	5	5	2	2	5	6	5	3	3	3	4	4
85	2	2	4	3	6	3	1	3	0	4	1	2	3	2	5	0	0	-2	1	4	1	2	4	3	3	4	3	2	4	5	0	0	0	0	3	-2	0	-2	0	0	3	2	4	3	4	1	2	2	3	5	3	3	5	4	8	4	2	5	5	8	2	2	3	4	4	5	3	6	7	8	3	4	5	5	5
86	0	2	2	3	3	2	2	2	3	6	0	2	2	1	1	-2	1	1	2	2	0	2	0	2	1	0	1	1	2	1	1	1	3	3	3	5	4	4	5	4	3	3	4	4	7	1	1	0	3	3	1	3	6	3	3	0	1	2	1	0	2	2	5	3	4	0	2	0	1	0	-1	1	0	1	2
87	-3	0	0	0	1	-1	2	-2	0	1	0	1	-2	0	0	-1	2	-2	2	-3	-2	0	0	2	0	-1	1	0	0	0	0	1	3	3	3	-2	0	-4	0	-2	2	2	0	3	3	-1	1	-1	1	0	-2	0	-4	1	0	0	0	-4	0	-4	5	1	2	5	5	1	2	4	4	6	-1	0	0	1	1
88	0	0	0	1	2	0	1	-1	1	3	1	3	3	4	5	6	4	8	5	8	5	4	8	5	8	3	3	3	5	6	3	1	5	3	5	3	3	4	4	5	3	3	3	3	5	1	1	2	0	2	3	1	5	2	5	4	3	5	3	6	0	0	2	1	4	0	1	0	1	2	1	1	2	0	4
89	1	2	3	2	2	0	1	2	1	0	3	4	6	4	5	1	3	3	4	1	2	3	2	3	2	0	3	0	1	0	1	3	6	5	4	4	4	6	4	7	3	4	5	4	5	2	3	3	5	5	3	3	5	5	7	0	2	2	2	3	2	3	7	3	5	0	0	0	0	1	-1	2	0	1	0
90	0	1	3	3	2	0	1	2	3	3	0	1	2	3	3	1	2	3	3	4	-1	0	3	4	4	0	1	0	1	3	0	1	2	2	2	-1	0	1	1	1	0	0	2	3	1	1	1	1	4	5	2	3	6	5	6	0	0	0	1	2	0	1	0	5	6	2	2	6	5	5	3	3	4	4	8
91	0	0	0	1	3	-2	0	-2	0	2	-1	0	-1	0	2	0	0	-1	0	2	0	0	-2	0	2	0	0	2	2	6	2	0	1	3	6	1	1	0	1	6	1	0	0	1	5	2	1	3	2	6	0	0	0	0	3	0	-1	-3	-1	3	2	0	0	1	6	1	0	0	1	4	0	0	0	1	5
92	-1	0	4	2	1	-2	0	1	4	0	-1	2	2	3	2	0	2	2	3	3	-3	0	0	0	0	0	0	0	4	0	0	0	0	0	0	0	2	2	1	2	-1	0	1	3	2	-2	0	0	1	0	0	1	4	3	3	-1	1	1	4	0	0	2	2	6	3	0	2	0	2	1	-2	1	-1	2	-2
93	5	3	4	4	6	1	1	2	3	1	0	2	3	1	4	0	2	1	3	3	0	1	-1	0	0	3	4	2	3	4	2	2	-1	1	1	-1	2	0	3	3	2	3	0	3	2	3	2	4	2	4	4	1	3	2	5	2	4	3	4	4	1	2	0	2	3	1	1	2	3	2	0	2	0	0	0
94	3	3	3	5	6	2	2	2	3	4	2	2	2	0	4	3	3	2	4	2	2	3	2	3	5	0	3	4	2	5	7	4	8	7	7	4	4	6	5	8	2	4	4	3	3	0	2	2	1	3	0	0	0	2	2	0	2	2	1	4	0	1	0	2	3	3	3	2	2	4	5	4	4	4	6
95	3	0	3	5	2	0	1	0	1	2	0	1	3	3	1	3	2	1	3	2	1	1	2	3	4	2	1	3	2	2	0	1	1	5	3	1	2	2	5	5	2	2	1	2	1	2	3	5	4	2	1	0	0	3	1	3	1	6	5	6	0	0	0	1	2	0	0	2	3	1	-4	0	-3	0	-2
96	4	4	6	5	7	4	2	4	5	8	5	5	7	6	8	6	3	4	5	9	1	2	3	4	5	2	3	3	4	8	3	4	3	4	6	3	3	4	4	7	3	3	5	5	6	1	2	3	4	4	2	2	7	6	5	3	3	6	6	5	0	2	1	4	1	0	2	0	2	1	0	2	1	3	3
97	-2	0	-4	0	0	0	0	-1	0	-1	0	0	0	0	1	-2	0	-3	-2	0	-5	-1	-4	-2	-2	0	0	-1	0	0	0	0	0	1	2	-3	0	-2	0	-2	0	0	-3	0	0	-1	0	1	1	4	0	1	1	0	1	-2	-1	-1	0	0	0	0	0	0	2	-3	-1	-2	0	0	0	0	-1	0	0
98	0	0	1	0	2	-1	0	0	0	2	0	0	1	0	4	-3	0	0	0	1	0	1	3	2	5	1	1	2	1	4	0	0	2	0	4	0	0	1	0	2	0	0	-1	0	1	-3	0	0	0	1	-3	0	-1	-2	0	-3	0	1	0	4	-3	0	2	0	4	1	1	3	1	2	-1	0	0	1	2
99	0	1	1	2	2	4	3	3	4	5	4	3	3	4	3	2	2	0	4	3	4	4	0	3	4	1	4	1	5	4	4	3	5	5	6	4	3	2	4	4	3	0	-1	0	1	3	2	-1	2	4	1	2	1	3	0	0	1	1	5	3	2	3	0	3	2	2	2	-1	1	1	3	2	0	2	1
100	2	6	8	5	6	5	5	6	7	6	5	4	7	7	7	3	5	6	5	3	4	4	6	4	5	5	3	6	4	6	6	4	8	6	8	8	5	9	5	7	7	6	10	8	7	5	5	7	4	5	2	1	0	3	0	4	5	6	4	6	4	4	4	4	4	6	3	6	3	6	1	4	3	4	2
101	5	5	6	6	7	6	3	8	6	8	5	3	6	4	6	6	4	7	5	4	6	5	6	6	6	4	3	7	5	6	2	1	3	2	3	1	2	0	2	2	3	3	1	1	2	2	3	1	3	4	5	4	5	3	7	2	3	1	3	3	1	2	3	4	1	3	2	2	3	5	1	4	0	2	3
102	0	2	0	1	4	-1	1	-2	0	2	1	3	2	3	2	4	3	6	3	6	4	3	6	3	4	2	3	6	4	4	0	1	-1	2	4	1	1	2	1	2	3	3	4	5	5	0	0	1	1	3	3	1	4	2	4	1	4	1	3	2	4	3	4	4	4	4	3	7	4	7	1	1	4	3	3
103	0	2	1	3	0	3	3	2	5	4	3	3	4	4	4	1	2	3	3	3	0	1	1	2	1	2	2	2	3	5	1	2	3	3	4	0	0	1	2	1	0	2	1	1	0	0	3	-1	1	2	3	2	4	5	3	4	2	4	4	3	2	1	5	5	5	4	2	5	5	4	0	0	0	3	2
104	4	3	4	5	7	1	1	2	4	3	1	0	3	1	3	0	2	5	5	5	2	3	5	5	6	3	2	6	5	5	3	2	4	6	7	2	1	0	2	4	0	2	2	4	6	0	2	0	2	1	0	2	2	3	1	0	2	6	5	3	0	1	4	5	3	0	3	3	5	6	2	1	2	4	5
105	2	2	1	4	3	3	3	1	1	3	3	4	2	6	5	3	2	1	5	3	3	3	-1	2	1	2	3	1	4	3	0	1	-2	2	1	0	0	-1	0	1	0	2	-1	4	2	5	4	7	6	5	4	3	5	6	5	4	3	0	3	4	2	2	0	2	3	4	4	3	5	6	3	5	3	5	2
106	3	3	6	6	6	2	4	8	5	4	5	4	6	5	5	3	3	3	3	3	1	1	4	2	4	1	2	0	1	3	0	2	0	5	4	2	2	3	2	5	3	2	3	4	3	2	3	5	4	8	1	1	3	2	0	1	2	0	3	4	0	2	0	1	3	1	2	1	2	4	2	2	1	3	4
107	3	3	5	5	4	2	3	5	4	4	2	2	5	4	4	3	4	5	3	4	2	3	7	4	4	2	5	6	4	7	2	3	6	4	4	-4	1	-1	1	-1	-1	0	0	0	0	1	3	4	3	5	2	3	2	3	4	-2	0	1	0	0	-1	1	0	2	0	-1	2	3	2	0	0	3	4	3	3
108	0	2	3	4	5	1	3	2	2	7	0	1	0	2	2	0	3	2	2	2	2	2	5	2	6	2	3	6	5	5	3	3	4	3	6	5	4	8	4	11	5	5	9	3	7	3	5	4	4	7	4	5	8	4	11	5	5	7	5	7	5	5	7	5	12	4	3	5	5	7	3	4	5	6	7
109	2	3	5	5	3	2	3	3	4	4	4	5	9	6	7	2	3	4	3	4	2	2	6	3	4	1	1	3	3	5	0	0	1	1	2	-1	2	1	3	0	2	1	5	3	2	0	1	5	3	3	1	3	7	4	4	0	2	4	3	4	1	3	7	5	6	0	2	3	4	1	2	3	5	3	7
110	0	0	4	1	1	-1	1	3	3	3	0	1	2	1	0	-3	1	-1	0	2	0	0	1	1	1	0	0	0	0	3	0	0	4	3	5	1	2	2	2	5	2	2	5	5	7	1	1	1	3	4	0	2	2	3	5	1	2	5	5	7	-2	1	0	1	3	-1	0	3	0	1	0	0	2	1	4
111	-2	2	0	1	3	3	2	4	2	5	1	1	2	3	3	1	2	2	2	5	0	1	1	3	1	3	2	2	3	3	1	3	3	2	6	3	2	5	4	4	3	3	4	1	6	2	2	3	4	3	2	4	7	6	5	3	3	8	5	8	3	4	3	4	3	4	2	5	6	6	2	3	3	3	5
112	1	1	3	2	4	-1	0	-1	0	1	2	1	2	0	4	2	2	2	1	5	0	0	0	1	3	0	0	2	1	5	0	1	1	2	3	1	1	2	1	4	0	1	0	2	3	0	0	2	3	4	0	2	2	0	4	0	0	1	1	4	0	1	0	0	2	1	1	4	1	3	0	1	3	1	1
113	4	4	4	1	1	4	5	3	2	4	0	2	1	0	0	4	4	5	2	5	2	3	3	0	3	4	3	3	2	1	6	5	7	2	5	6	5	6	4	6	3	4	3	2	1	4	4	3	3	4	6	5	6	3	5	4	6	5	3	5	4	3	1	4	3	5	4	6	4	5	7	7	6	4	7
114	1	1	2	2	2	1	2	2	3	4	0	1	0	3	2	0	0	-3	1	3	2	1	4	4	5	-1	1	0	2	0	0	0	0	2	1	-2	0	0	3	1	0	1	0	4	2	0	1	0	3	3	1	2	2	3	3	2	2	3	6	5	2	3	2	4	4	0	3	4	5	3	3	3	7	6	5
115	2	2	0	4	2	2	2	4	3	2	2	2	-1	1	4	2	2	3	4	3	1	1	2	2	2	2	0	1	2	3	0	0	0	2	-3	-1	1	-1	1	0	0	1	4	0	0	2	3	3	4	1	3	2	2	0	2	2	1	3	3	3	5	2	3	4	4	3	3	5	3	4	4	2	2	2	5
116	0	0	2	5	7	1	0	1	1	5	0	0	0	1	5	-1	0	-3	0	1	-1	0	1	1	6	0	0	0	1	5	1	0	-1	1	3	0	2	2	3	7	1	0	0	3	4	3	3	3	4	8	0	0	1	0	3	-2	0	-1	0	2	-2	0	-4	-1	-2	0	0	-3	0	2	0	-1	-3	1	3
117	3	3	6	6	7	2	1	3	3	5	3	2	4	5	6	3	0	2	2	5	1	4	5	4	4	3	4	7	5	7	1	3	2	4	3	2	2	4	2	3	0	1	3	1	3	2	2	0	4	4	0	2	0	2	1	-1	0	-2	0	0	-1	1	0	2	0	0	1	1	3	3	0	1	3	3	6
118	-1	0	0	0	1	-1	0	0	1	1	2	3	4	4	3	2	2	4	5	5	2	2	3	4	3	1	1	1	3	2	0	2	1	3	5	1	2	4	5	5	3	4	5	3	4	3	3	6	5	5	6	3	5	6	8	3	4	7	6	6	3	3	7	6	6	0	1	2	5	5	0	2	7	4	7
119	5	4	6	5	7	3	2	2	2	5	2	2	6	4	9	1	2	6	2	7	4	3	4	3	6	0	1	2	2	3	0	3	3	2	4	0	2	2	1	4	0	1	0	3	4	1	4	2	1	4	0	1	1	1	6	0	2	1	1	4	2	1	1	2	2	0	2	2	2	1	0	3	2	0	2
120	1	3	3	4	1	1	4	4	5	3	3	3	2	5	1	1	3	1	4	0	3	3	2	4	2	2	3	1	6	3	0	2	3	3	2	1	2	1	5	2	3	3	4	5	2	1	4	4	5	2	3	6	5	7	6	4	5	5	7	6	3	5	5	6	2	2	4	6	8	3	7	4	7	8	6
121	0	2	5	4	6	1	2	2	4	4	0	2	2	3	5	0	1	1	4	3	1	1	4	5	6	3	1	6	5	6	0	2	3	3	4	-2	0	-2	1	2	1	1	2	4	2	1	3	0	3	5	1	2	4	4	5	0	1	3	3	2	1	2	2	4	4	0	2	1	2	4	-1	0	-1	2	1
122	1	4	8	4	5	2	4	7	4	7	1	3	5	3	2	2	4	6	5	3	1	5	5	5	4	3	3	7	4	3	2	5	6	5	4	-1	3	2	2	1	0	2	5	2	1	0	3	6	5	3	1	3	4	3	3	2	3	9	5	4	3	3	6	4	4	4	5	6	6	6	2	2	6	4	4
123	4	3	4	3	7	3	3	5	4	5	4	2	3	4	3	3	4	5	3	5	3	2	1	4	5	3	3	4	2	5	2	1	4	1	1	1	2	0	1	1	1	2	0	0	0	1	1	4	1	0	2	3	3	2	1	5	4	6	2	5	3	4	4	3	6	3	4	4	3	4	6	5	5	3	6
124	0	2	1	1	1	0	1	0	0	0	2	2	2	2	3	0	0	0	1	1	3	3	5	5	4	2	2	5	2	6	3	4	4	6	6	2	2	2	5	3	0	2	3	2	3	3	2	3	2	4	1	3	5	4	5	3	4	6	5	5	1	1	0	1	1	0	2	6	1	3	0	2	4	4	3
125	0	0	2	3	2	0	0	0	2	4	0	1	0	2	4	-1	-1	-2	0	1	-2	0	0	2	0	-4	0	-1	0	2	0	0	1	2	1	-2	0	-3	2	0	-1	0	1	2	3	0	1	1	3	2	2	1	6	3	4	0	0	-1	1	0	-2	0	-2	0	0	-1	0	-2	0	3	0	0	1	1	0
126	5	3	4	2	4	6	4	3	3	6	3	2	1	1	4	3	2	0	1	3	2	3	1	0	4	4	1	4	1	3	6	4	6	4	8	5	4	7	4	7	4	2	1	1	3	4	4	3	1	5	5	4	5	1	3	4	2	1	0	2	2	2	3	1	4	3	2	1	2	3	4	3	1	2	2
127	3	2	3	4	5	3	2	3	4	3	1	3	4	1	3	3	2	2	1	3	1	2	3	2	2	0	0	0	0	3	2	1	2	1	2	0	1	3	0	1	1	1	1	1	1	1	2	2	2	2	2	1	2	4	3	0	1	0	1	3	3	3	3	4	4	4	3	4	4	8	1	2	5	3	3
128	0	1	4	2	3	0	2	2	1	5	-4	0	-2	0	2	-1	0	1	1	0	1	2	5	4	5	1	2	4	3	4	1	2	2	2	3	0	1	0	4	2	-1	1	0	0	2	0	0	2	1	3	-3	0	0	1	2	1	2	6	4	5	0	2	6	3	5	1	1	0	3	3	4	3	6	5	5
129	5	3	5	5	5	4	3	1	4	6	2	3	3	5	8	2	2	4	5	7	1	2	1	3	5	4	3	5	4	5	2	2	1	2	4	0	1	1	2	3	0	2	3	3	5	2	4	3	4	5	2	3	6	7	6	6	4	8	3	8	5	4	7	6	9	7	5	12	7	11	5	5	7	6	8
130	0	2	4	4	2	1	3	3	2	0	-1	2	1	3	0	3	4	6	5	6	2	3	5	5	1	1	3	5	4	3	2	3	2	2	2	0	1	2	3	2	1	1	3	3	1	-3	1	0	1	-3	1	3	2	4	-1	5	3	6	6	4	3	4	6	6	3	5	4	4	5	4	1	4	3	4	2
131	0	1	0	0	0	-1	0	-3	1	2	2	2	1	2	4	3	1	0	4	6	3	1	3	3	6	0	0	0	2	1	-1	0	0	2	-1	2	0	0	0	3	1	0	0	3	2	0	0	0	2	4	4	2	2	3	4	0	1	0	1	4	0	-1	-3	0	0	0	0	0	1	1	-1	0	-3	0	0
132	0	0	1	2	5	0	1	2	3	5	3	2	6	4	7	0	1	4	4	5	0	1	0	2	5	-3	0	0	1	1	0	1	1	2	5	1	1	1	3	6	2	1	1	3	5	0	0	0	1	1	-3	0	-1	1	-1	-3	0	-1	1	1	0	1	1	2	4	2	1	2	3	2	2	1	4	3	6
133	-1	2	0	0	2	1	1	0	0	2	-2	1	-3	0	-1	1	1	0	3	3	4	4	7	5	7	3	2	2	3	2	0	1	0	2	1	0	2	1	2	0	-1	1	-2	0	0	0	1	0	0	3	0	0	0	1	2	1	1	3	1	2	2	3	4	3	2	3	1	3	3	5	2	3	0	2	4
134	1	3	4	4	2	1	2	1	4	4	1	3	3	5	5	3	2	7	6	5	2	2	4	5	3	0	2	0	1	1	3	3	2	4	3	0	1	1	1	0	0	0	2	0	-2	-2	0	-1	0	0	1	0	3	2	0	2	2	4	5	4	1	2	2	5	2	-2	1	1	1	1	1	2	3	4	3
135	2	4	8	5	10	3	3	3	6	5	3	4	4	5	6	3	4	2	6	5	1	4	2	4	5	3	4	4	5	9	1	4	3	5	6	2	5	4	4	6	3	3	4	6	7	2	5	6	6	10	3	6	5	7	10	1	3	4	5	4	0	2	1	2	2	1	4	3	4	6	3	4	6	7	8
136	0	0	3	4	5	0	0	0	3	2	0	0	2	3	3	1	1	1	3	5	0	0	2	3	4	0	2	1	3	5	-1	-1	-1	1	1	-5	-2	-4	-2	0	-2	0	-3	2	1	-2	0	0	1	0	0	0	1	2	3	-1	0	-1	0	1	-1	0	-1	1	2	-1	0	3	2	2	2	1	6	5	6
137	4	5	9	5	7	2	4	6	5	6	4	6	7	6	9	4	4	5	6	7	7	4	5	6	7	8	4	9	7	11	7	4	11	8	9	7	6	12	8	10	4	6	9	8	8	4	4	7	6	6	1	3	6	5	6	5	5	9	6	7	3	6	8	6	9	3	3	5	4	3	1	3	5	3	4
138	1	2	0	0	2	0	1	0	0	0	3	2	4	1	2	3	3	2	1	3	5	4	7	7	5	1	2	5	2	2	2	1	1	2	3	1	1	3	1	2	0	3	0	0	0	4	2	2	4	3	0	3	2	0	4	5	1	4	3	3	0	2	3	1	0	0	2	0	0	-1	0	3	3	1	1
139	1	2	0	0	3	0	0	-2	0	0	-2	0	0	-1	0	-1	1	-3	0	1	1	0	-2	1	1	1	1	0	0	1	0	0	-1	1	0	0	1	3	2	2	4	0	5	4	3	4	1	4	2	4	0	0	0	0	1	-2	0	-6	-1	0	1	0	0	1	2	0	1	0	0	0	-1	0	1	0	1
140	2	4	5	5	5	0	4	6	5	6	3	4	7	3	5	4	5	6	8	7	4	5	6	7	6	5	5	6	6	7	3	3	5	6	8	3	3	4	5	7	4	4	3	6	7	3	4	4	4	6	7	6	9	9	6	5	5	8	5	8	4	3	4	4	5	5	4	3	6	5	2	4	2	4	5
141	0	0	-2	1	0	-2	0	-2	1	0	0	0	-1	0	0	-1	1	1	0	3	-1	0	-2	0	2	0	0	-1	2	0	2	1	3	3	4	6	2	7	5	5	2	2	3	4	2	-2	0	-2	1	1	0	0	1	1	2	0	0	1	3	4	3	1	3	4	6	1	1	4	3	3	-3	0	-3	2	0
142	3	2	4	5	4	1	3	5	3	5	4	4	5	5	6	2	2	5	5	5	5	2	4	3	5	1	3	1	3	4	3	4	6	4	6	0	3	2	2	2	1	3	4	3	6	3	4	6	4	5	2	5	4	4	5	0	2	1	3	3	1	4	2	4	5	0	2	2	3	2	0	2	0	1	1
143	1	4	1	3	6	2	3	7	6	5	0	4	2	3	3	2	4	4	2	4	-1	3	-1	1	0	2	3	4	5	6	3	5	4	2	6	5	5	7	6	6	4	5	8	5	8	2	3	6	6	7	3	5	4	4	4	4	5	6	5	3	4	6	9	6	9	3	5	3	4	3	4	4	8	5	7
144	2	3	3	3	1	0	4	1	2	1	4	4	4	3	6	4	5	6	6	5	2	5	8	5	5	2	4	6	3	4	6	5	6	5	4	4	7	6	5	6	6	6	7	6	5	2	4	4	3	4	2	4	3	2	2	4	4	6	4	3	4	4	8	6	7	0	2	3	3	2	5	6	7	4	7
145	3	5	7	5	7	3	3	4	4	3	4	4	7	6	4	3	4	8	5	7	5	5	6	5	9	6	6	6	8	9	2	3	2	3	4	6	3	6	2	6	3	4	5	4	5	0	4	3	3	4	6	4	9	4	4	3	4	6	4	7	4	4	8	5	7	6	4	7	5	7	2	4	3	4	3
146	1	3	2	4	3	5	6	5	5	6	1	3	-2	4	1	0	0	2	4	0	0	3	1	4	2	0	1	2	2	1	0	2	3	5	3	0	2	0	3	1	-1	2	0	3	1	-2	1	0	0	1	0	2	0	2	-1	2	3	3	4	3	2	3	3	4	4	5	4	5	5	6	7	4	4	4	4
147	3	3	5	6	7	3	3	6	6	6	4	3	6	8	6	3	4	4	7	5	3	3	5	6	7	5	3	4	5	6	4	4	7	5	8	6	4	6	8	10	7	4	7	8	10	4	3	3	5	5	3	3	4	5	5	5	5	6	7	9	6	6	7	8	10	0	4	3	5	5	3	3	2	5	5
148	0	1	0	0	2	0	1	0	2	3	0	0	1	1	3	0	0	0	-1	2	0	1	-1	3	1	2	0	1	0	5	3	0	2	0	3	2	0	0	3	3	0	1	-1	1	2	-1	0	-1	0	0	0	1	2	2	3	1	1	1	0	3	5	2	2	2	6	0	1	-1	0	2	0	2	3	3	3
149	-1	0	0	0	0	-1	0	0	0	0	-2	0	0	1	0	-2	0	-1	0	0	-1	2	-1	0	0	-1	0	0	0	-1	0	1	0	1	0	-1	1	0	0	0	-1	0	-3	0	0	0	1	0	1	0	-2	-1	-1	0	-1	-3	0	-3	-1	-3	-3	0	0	2	0	-1	1	0	0	0	1	0	0	3	4
150	4	5	4	6	6	6	4	5	5	7	5	4	6	6	5	6	5	6	7	5	3	4	6	5	4	4	4	3	5	5	3	4	4	4	2	1	3	1	3	3	3	5	4	6	6	3	2	3	2	3	3	4	4	6	7	5	5	5	6	4	6	6	9	6	10	8	6	10	8	10	6	5	6	4	6
151	1	0	1	5	5	1	0	1	2	4	1	1	4	4	5	0	0	1	1	3	-2	0	0	2	3	0	0	-1	2	1	0	0	0	1	2	-2	-1	-1	0	3	-1	0	-3	0	0	0	-1	0	2	3	-1	1	-1	1	2	-2	-1	-4	0	0	-1	-1	-3	0	0	2	1	2	2	6	0	0	0	0	2
152	0	1	0	1	3	0	0	-1	2	1	0	0	1	3	2	1	1	1	3	3	0	0	3	4	1	2	0	1	4	1	1	3	4	4	4	1	1	-1	2	1	-1	0	1	2	3	1	1	3	5	4	1	2	5	3	4	0	1	4	3	1	0	0	0	1	0	0	0	0	1	1	0	0	1	1	1
153	4	2	7	2	5	2	2	3	2	3	2	2	1	4	3	2	2	0	1	3	0	1	2	2	2	2	2	4	3	5	1	1	4	1	2	0	0	1	1	0	1	2	3	0	3	1	1	2	0	2	-1	0	-1	0	2	0	1	0	0	0	4	4	6	4	6	1	1	4	3	2	3	2	4	3	4
154	4	2	8	5	7	2	3	6	3	7	2	2	5	2	8	3	2	6	2	4	3	3	6	5	7	1	2	3	4	5	3	4	8	4	8	4	1	5	3	6	4	4	5	5	8	1	0	2	2	1	0	3	4	4	5	0	1	2	0	2	3	1	1	3	3	4	4	7	5	8	5	3	7	6	8
155	3	3	3	3	4	3	2	2	2	3	1	2	2	4	2	4	3	4	3	3	2	3	3	2	5	2	2	0	3	4	4	3	2	3	6	4	2	7	3	4	0	2	3	2	3	3	3	2	5	5	3	4	3	3	5	0	1	2	2	3	4	3	7	3	5	6	3	8	5	5	6	5	6	5	9
156	2	2	3	4	6	0	2	2	4	2	2	1	0	4	6	1	1	0	2	2	0	1	0	2	3	0	1	1	2	4	1	1	1	0	2	3	2	1	4	5	3	3	2	3	6	2	1	2	5	6	1	2	0	2	5	7	5	10	6	10	5	3	6	7	9	1	2	3	3	5	0	2	1	4	4
157	0	3	1	4	3	2	2	1	2	6	1	4	3	3	0	2	3	0	4	4	3	2	5	4	5	3	3	6	6	7	5	4	6	7	6	0	1	-1	2	0	2	2	0	1	3	3	3	2	3	3	4	4	3	4	5	0	2	0	1	4	2	2	0	2	3	-1	2	-3	1	0	3	4	5	5	6
158	5	4	5	4	4	4	4	5	2	4	2	3	3	5	6	4	2	3	3	6	3	3	6	6	6	6	5	9	6	8	3	5	6	4	4	3	4	8	6	5	3	4	6	7	5	2	4	2	4	4	2	4	4	2	2	1	2	2	1	2	0	3	1	3	3	4	4	2	3	5	3	6	6	5	5
159	1	2	2	2	0	0	0	0	3	0	0	1	-1	1	0	-1	0	0	1	2	-2	0	-1	0	0	-1	1	2	2	0	2	3	4	3	4	2	2	5	4	5	2	3	7	3	5	2	1	3	2	0	2	0	0	3	3	0	1	-1	1	1	-1	1	0	3	0	0	1	0	2	1	0	1	0	1	1
160	3	2	2	5	4	4	3	3	5	4	4	3	2	6	6	2	2	4	5	5	4	1	4	5	3	3	2	2	4	4	0	1	2	4	3	3	3	4	5	5	2	3	1	4	3	2	2	2	3	5	4	4	1	6	4	1	1	0	5	4	3	2	2	6	5	-1	0	-2	2	0	0	1	1	3	3
161	0	2	3	2	3	2	2	2	3	1	0	0	0	0	0	0	2	2	2	1	0	2	0	0	0	0	1	3	3	4	3	2	2	2	3	3	3	4	4	5	2	2	2	0	3	2	3	5	3	4	2	2	0	2	1	5	4	7	4	6	2	2	5	2	4	3	1	2	2	4	2	1	4	2	4
162	3	3	4	5	4	3	4	2	7	2	3	2	0	3	0	0	2	1	3	0	2	4	4	2	1	2	4	3	2	1	3	3	2	3	3	3	3	5	5	3	1	3	2	4	1	0	3	1	1	2	4	3	2	3	5	4	4	3	4	3	2	4	1	1	1	4	4	5	6	6	5	3	9	4	4
163	5	6	6	5	5	4	4	5	6	4	5	5	7	4	5	1	3	2	4	3	2	5	5	4	6	3	3	5	5	6	7	5	8	6	6	1	1	1	2	0	0	3	3	1	1	1	4	3	3	3	3	4	6	4	3	2	4	1	5	3	5	3	7	4	3	4	6	4	6	3	3	4	5	5	3
164	-1	-1	-1	0	0	-2	-1	-2	-1	-2	-3	-1	-3	0	-1	0	0	-2	0	0	-1	-1	-4	0	0	0	0	0	1	2	0	0	1	3	3	1	1	1	1	2	-1	-1	0	0	0	-2	0	-2	1	2	-1	0	0	1	2	-1	-1	0	3	0	-1	-1	-4	0	0	0	0	-1	1	1	1	0	0	2	1
165	0	0	0	2	3	0	1	0	3	3	2	1	4	5	7	0	2	1	4	6	2	1	3	3	7	0	1	3	5	6	3	2	4	5	5	2	2	2	5	7	-1	1	0	2	5	3	2	4	5	7	1	1	4	4	4	3	1	8	4	6	2	1	5	5	7	0	1	2	4	6	2	2	5	3	6
166	0	1	1	3	3	-1	1	-1	4	2	2	3	3	3	4	0	1	0	4	6	0	3	2	3	3	0	1	0	3	1	1	0	0	3	0	0	1	-1	2	-1	-1	1	1	3	1	-2	0	1	2	1	0	0	2	3	5	0	2	0	4	3	0	0	0	3	2	0	2	2	3	2	0	2	1	2	3
167	2	1	4	3	4	0	0	0	1	2	0	1	4	2	1	-2	0	-1	0	-1	1	2	2	1	3	2	1	4	3	1	1	3	3	4	3	1	0	1	3	4	0	1	2	1	3	1	2	7	3	5	2	1	3	3	6	2	1	3	2	2	2	2	1	3	1	2	3	5	4	5	1	1	1	3	2
168	4	4	4	4	6	0	3	5	4	5	6	3	4	4	6	0	3	3	2	3	2	3	7	3	6	1	2	3	2	4	3	3	5	4	7	1	3	4	2	2	4	4	6	4	8	3	3	5	3	5	7	5	7	7	9	3	5	5	2	7	2	3	4	4	4	3	2	4	3	4	3	3	4	4	3
169	2	2	2	1	2	1	2	4	4	3	0	2	0	2	1	-1	2	3	5	5	0	1	0	2	-1	2	3	5	5	6	0	0	0	2	1	0	1	0	2	1	1	3	2	4	4	-1	2	2	5	2	1	1	2	4	3	0	0	0	2	1	1	2	3	4	0	0	0	0	2	2	0	0	0	2	2
170	0	1	1	0	-1	0	2	-2	-1	0	0	1	0	0	0	2	3	2	1	2	2	1	3	1	5	2	1	2	2	3	2	3	5	1	4	2	4	3	2	5	2	3	3	3	6	3	3	4	3	6	3	3	5	1	3	2	1	0	1	2	4	2	2	0	1	1	2	0	2	2	2	2	3	4	2
171	2	3	3	3	4	0	1	1	3	3	0	1	2	1	3	1	2	2	2	6	0	0	0	1	3	2	1	4	5	4	4	3	6	6	6	2	0	5	3	2	0	1	0	1	2	1	3	4	5	3	3	2	1	3	4	2	2	3	3	6	2	3	3	1	4	0	2	0	2	4	0	1	1	0	1
172	0	3	0	0	3	-2	1	-2	0	2	1	2	0	0	2	-2	0	1	1	2	1	2	3	3	6	2	4	4	2	6	3	3	2	2	6	0	2	0	0	2	3	4	7	4	4	3	2	2	1	3	-1	2	0	-1	0	1	1	3	1	4	0	3	3	1	5	0	1	2	0	3	1	2	3	4	2
173	0	3	2	2	1	0	2	2	2	2	1	3	1	3	4	2	2	3	2	4	0	2	4	3	2	2	4	3	5	5	7	4	11	7	9	0	2	5	2	1	0	2	2	4	2	2	2	2	4	4	1	1	1	3	1	0	1	2	2	2	1	3	4	4	3	0	2	1	3	2	4	4	5	4	4
174	-2	0	-1	0	0	0	0	-1	3	2	2	0	1	1	3	0	1	3	2	3	1	1	2	2	3	2	1	1	3	4	2	1	1	3	4	1	0	0	3	4	0	0	0	2	3	-1	0	-1	-1	1	-1	0	-3	0	1	-1	0	-1	1	1	-1	0	1	1	0	-2	0	-1	-1	0	0	0	-3	0	0
175	2	2	1	3	2	0	2	1	3	1	5	4	5	5	4	3	4	6	4	6	3	4	3	5	4	3	3	2	4	5	3	3	4	1	4	2	3	2	4	5	0	3	0	2	1	3	3	5	3	5	2	3	4	2	5	0	3	2	3	3	1	2	1	2	2	2	3	6	3	4	0	3	1	3	3
176	3	4	8	4	8	2	2	4	1	4	3	2	5	3	6	3	3	6	4	7	3	2	6	3	7	3	1	5	2	9	4	4	8	4	8	3	3	8	5	8	5	3	9	5	9	2	3	5	4	8	1	2	1	3	7	3	3	6	4	6	2	3	3	5	5	0	1	2	2	5	2	3	5	2	7
177	0	0	0	2	2	0	2	2	2	3	0	1	0	2	4	0	2	4	4	4	2	2	6	4	7	1	3	4	3	4	1	3	3	3	5	2	3	6	5	7	1	3	4	3	5	1	2	2	3	1	2	1	1	4	4	3	3	3	3	7	2	2	5	3	4	2	1	3	4	3	0	3	2	3	5
178	2	1	0	3	4	2	2	3	3	4	-2	1	1	2	4	1	2	1	3	6	0	0	1	2	2	1	1	3	3	6	0	1	2	1	4	-2	0	-2	-1	3	-2	-1	-1	1	1	1	1	3	3	3	4	1	4	5	5	2	2	3	3	5	0	0	-1	0	1	3	3	2	3	5	0	0	0	0	2
179	2	1	1	4	3	1	1	5	5	6	1	3	4	5	3	2	3	5	5	7	0	0	0	3	5	-2	0	1	3	4	-3	-1	-4	0	-1	-3	0	0	1	0	0	0	1	3	2	1	0	2	5	3	2	1	6	8	5	2	2	5	5	4	1	2	5	6	4	1	0	1	4	2	0	0	4	5	4
180	2	2	7	6	5	6	5	11	8	7	4	4	6	4	7	1	2	6	4	4	1	2	3	4	4	1	3	4	2	4	2	1	3	4	4	-2	0	2	2	0	3	4	5	2	4	-1	3	5	2	2	-1	1	1	0	0	-2	1	2	1	2	2	3	5	5	4	0	2	5	4	5	-1	0	1	0	2
181	3	3	2	3	2	4	3	6	5	5	4	3	4	4	4	4	3	5	5	5	4	3	7	5	5	3	4	3	4	6	2	3	6	5	6	5	5	4	6	5	5	3	3	5	4	6	4	7	7	5	6	5	8	6	6	7	3	4	4	6	4	3	4	4	3	5	3	3	5	4	1	3	2	3	5
182	-2	1	-1	0	0	1	0	0	1	2	0	1	1	2	2	0	2	1	0	1	0	1	-1	0	1	3	1	3	3	2	2	2	3	3	0	2	2	3	2	1	0	1	0	2	2	1	0	0	3	2	1	1	3	2	4	1	2	5	2	2	0	3	3	2	1	0	3	3	2	3	2	2	4	2	6
183	2	2	4	4	2	5	4	4	5	8	3	3	2	4	5	1	2	2	3	4	1	1	4	2	4	1	3	5	5	4	2	2	5	4	5	1	2	0	3	3	2	2	4	6	6	5	3	4	4	6	3	3	5	5	8	3	3	6	5	6	0	2	4	3	5	1	2	0	4	4	1	3	5	4	7
184	0	1	3	4	3	1	2	2	3	3	1	1	1	3	6	2	3	7	4	4	5	3	8	6	7	0	2	4	3	4	2	4	5	4	6	1	3	5	3	5	0	2	3	2	6	2	2	4	4	7	3	4	7	6	7	1	1	6	3	6	1	2	3	2	4	0	1	4	2	3	1	2	2	4	3
185	3	3	4	5	6	2	3	4	4	5	4	2	4	3	6	2	3	6	5	6	2	3	3	4	3	1	3	4	4	5	3	3	5	5	7	6	3	4	7	7	3	2	3	4	6	1	2	0	3	5	2	2	1	3	3	1	1	4	4	6	2	3	4	4	4	1	0	1	1	5	0	0	-2	0	1
186	-1	0	0	0	0	1	2	4	2	4	1	1	2	1	4	4	3	3	1	4	2	4	3	3	6	1	3	2	2	7	1	1	4	3	4	0	3	3	2	3	2	3	2	4	5	2	3	4	5	4	1	3	4	2	4	2	2	0	2	3	3	3	3	3	5	3	3	5	3	6	3	3	3	3	4
187	-2	1	1	2	2	-2	0	-2	3	-2	-2	0	-1	1	1	-2	1	0	0	2	0	0	0	0	1	1	2	0	3	2	0	0	0	1	1	-3	0	-1	1	-2	-2	-1	-6	0	-1	0	0	0	1	0	2	1	3	1	2	1	1	-1	1	1	2	0	3	3	4	-2	0	-3	0	-2	-3	0	-3	0	0
188	0	1	-1	1	1	-3	0	-2	0	0	0	0	-4	0	0	-1	0	-1	0	0	1	1	-2	1	0	0	0	-1	2	1	0	0	0	4	0	3	3	1	4	3	5	2	4	6	7	1	1	2	4	4	1	1	-1	3	4	0	2	0	3	0	0	0	-1	1	1	4	2	5	6	2	5	1	0	4	6
189	0	0	-2	0	1	3	2	2	2	5	2	1	4	4	2	3	0	1	2	3	0	0	-1	1	2	-2	0	-2	0	1	0	0	-1	1	1	4	1	2	2	5	1	0	-1	1	3	-2	0	-3	0	0	1	0	0	1	3	0	1	0	1	3	0	0	0	1	1	2	0	2	1	4	2	1	1	3	2
190	0	0	2	4	5	0	1	3	7	4	1	1	0	2	2	0	2	3	4	4	0	1	4	4	3	1	3	3	5	5	-3	2	2	5	5	0	1	3	3	5	0	0	4	3	6	0	1	1	4	4	0	1	2	5	4	0	1	5	6	7	0	1	3	5	6	-1	1	0	2	3	0	1	3	4	4
191	2	3	5	5	5	0	1	2	3	4	0	2	0	2	0	1	3	6	5	5	1	1	1	3	1	2	2	5	4	5	0	0	1	0	1	3	2	6	4	5	3	2	1	5	3	0	3	4	3	4	3	2	2	2	2	0	2	0	1	2	0	1	2	3	4	-2	2	0	1	0	-1	1	1	1	2
192	5	4	7	5	7	2	3	1	4	4	2	1	1	3	4	3	1	0	1	2	3	3	2	2	2	3	3	3	4	4	7	3	4	4	5	6	3	2	3	3	4	3	0	2	3	4	3	3	4	5	3	3	2	4	2	5	4	2	2	3	3	3	2	1	2	1	2	0	2	2	1	2	1	2	2
193	2	2	2	1	3	3	2	1	2	2	2	3	4	3	4	4	3	3	4	7	7	4	4	6	5	5	4	7	3	8	5	4	6	3	7	1	2	0	1	1	4	3	1	4	3	5	2	5	4	5	7	2	5	1	6	4	4	3	4	6	3	3	5	2	5	5	4	2	4	5	4	2	1	3	4
194	2	2	3	1	5	0	2	6	3	6	3	3	7	4	3	3	4	5	4	4	4	2	7	4	8	4	3	7	7	6	2	2	3	4	6	1	3	3	4	5	2	3	4	3	5	4	3	6	5	5	2	3	6	3	5	3	4	5	3	5	3	5	7	4	7	2	2	6	3	6	2	2	6	4	5
195	1	1	5	5	7	3	2	7	5	4	3	1	4	6	3	2	1	3	5	5	4	4	7	6	10	2	4	5	4	4	2	3	3	6	7	1	4	5	4	8	2	4	7	7	8	4	3	6	7	6	4	3	7	6	10	1	1	5	3	4	0	2	2	3	1	1	3	2	5	5	3	1	2	5	4
196	0	1	1	2	0	0	0	1	2	-1	3	2	3	4	4	3	2	5	4	6	-1	0	1	0	-3	1	0	1	2	0	1	2	-1	0	0	0	0	1	1	2	-2	1	0	0	-3	-2	-1	0	0	-4	3	1	1	2	2	1	1	2	2	2	1	0	1	2	1	3	1	0	2	0	1	2	0	1	0
197	-2	0	-3	0	-1	0	2	-1	2	2	3	1	2	4	3	0	1	2	4	3	1	1	3	2	3	1	1	0	2	2	0	0	0	1	3	0	1	1	3	2	3	2	3	4	4	2	1	2	3	1	1	1	0	1	0	-2	0	0	1	0	0	0	2	2	1	0	2	3	3	5	0	1	2	1	2
198	4	3	4	5	6	4	4	2	3	4	5	4	4	5	8	3	4	3	4	4	7	3	3	4	7	6	5	8	7	6	6	4	6	5	7	7	5	6	5	9	4	5	4	1	6	5	5	6	4	8	6	5	7	6	10	4	4	5	4	6	3	3	0	2	6	3	4	2	2	3	1	3	1	3	4
199	3	4	1	4	2	0	3	1	3	4	2	1	2	2	2	0	4	4	4	6	4	3	5	4	4	4	4	5	6	6	4	3	4	5	3	3	3	4	4	3	3	3	4	2	2	2	1	3	2	3	5	2	4	5	4	1	3	2	4	5	0	2	1	4	4	1	3	2	5	2	0	4	2	3	3
200	1	3	3	3	7	4	2	4	4	4	3	3	8	5	7	2	3	3	4	6	3	3	3	3	6	1	3	5	4	8	3	1	2	4	5	2	3	6	6	6	1	2	1	4	6	1	3	5	4	2	3	2	4	5	6	4	4	5	5	7	3	3	5	6	4	2	2	4	5	7	2	3	3	4	8
201	-2	-2	-5	-1	0	-1	-2	-2	0	-3	-3	-2	-4	-3	-2	-2	0	-1	0	2	2	0	3	3	3	1	0	2	3	4	-1	-2	0	0	4	0	0	1	3	2	0	0	2	2	3	2	0	1	2	5	0	0	0	0	1	-3	-2	-1	1	-1	-1	-1	-3	-1	0	-2	-1	-2	0	0	-2	-1	0	0	2
202	-1	1	0	2	2	-2	0	0	2	3	0	0	2	3	5	-2	-1	0	0	2	4	1	2	4	3	1	0	0	3	4	0	0	2	3	2	0	0	0	4	3	-2	0	-3	0	2	-1	1	0	2	1	2	1	5	6	9	0	1	0	2	2	0	-1	4	4	2	-3	0	0	0	2	-4	0	-3	0	-3
203	1	0	-1	1	2	0	2	0	1	4	3	0	1	6	6	6	3	5	4	7	3	1	0	3	4	5	3	1	5	6	2	3	0	2	6	3	2	0	1	4	1	2	0	2	5	3	2	3	3	6	0	1	0	2	3	0	1	1	2	1	0	0	-4	0	1	2	0	-2	0	2	0	3	1	5	4
204	0	2	5	2	1	2	4	5	4	5	2	1	3	3	2	-1	0	-1	0	-1	0	0	1	0	0	-5	0	-3	0	-2	-3	0	-3	1	1	-1	0	1	0	0	0	1	-1	1	0	-1	2	2	2	1	-1	0	-1	2	2	-1	1	0	0	-2	-1	0	0	-1	0	2	1	7	4	3	2	2	8	4	4
205	0	1	2	1	4	-1	0	0	0	0	0	1	0	0	2	-1	0	0	1	1	-1	0	0	2	2	0	0	0	0	3	2	2	4	5	4	0	0	3	4	4	-1	1	1	1	1	0	0	0	1	1	1	3	6	2	5	3	3	5	4	7	3	3	7	6	7	3	3	7	4	7	2	1	3	0	6
206	3	3	2	1	5	1	3	3	3	7	5	3	4	4	6	2	2	3	1	4	3	2	-1	2	4	2	2	3	2	4	3	3	2	2	4	2	4	3	4	6	3	3	4	1	6	4	3	2	4	3	1	1	0	1	2	1	1	3	2	3	3	3	0	1	1	2	3	4	3	7	4	4	4	6	7
207	3	4	4	6	4	5	3	5	5	3	1	4	5	5	3	2	2	1	4	4	3	2	2	5	4	3	2	4	4	2	1	3	4	3	4	1	3	1	5	5	2	2	4	4	7	1	2	2	5	3	3	3	2	4	4	3	2	2	6	2	0	3	6	4	4	2	2	3	3	1	2	3	6	4	6
208	3	3	4	2	3	3	5	7	5	7	4	2	5	3	6	3	5	6	3	7	4	4	6	2	6	0	0	0	0	1	-1	1	1	-1	1	0	0	1	0	3	1	1	1	2	3	1	3	2	2	4	0	2	0	2	1	0	2	-1	2	2	1	2	4	3	4	2	5	5	3	7	2	4	8	3	8
209	0	0	-1	1	0	-1	0	2	2	0	-1	0	1	1	0	-1	1	1	2	0	-3	0	-1	1	0	-1	0	0	0	0	1	0	0	1	2	-3	0	0	0	-1	0	0	0	0	1	-1	0	1	1	0	0	0	0	0	0	1	1	0	2	3	-1	0	0	2	2	0	3	3	2	1	-2	1	0	0	0
210	0	1	2	2	-1	2	3	3	1	2	4	2	2	3	3	1	3	6	4	3	2	2	4	1	5	6	4	7	4	6	3	2	4	2	3	1	0	0	2	1	2	2	4	3	3	2	2	1	3	3	5	5	8	5	7	4	4	6	4	5	5	4	6	6	3	2	2	5	4	3	3	2	6	2	2
211	1	2	0	3	2	2	2	4	3	2	2	1	1	3	0	3	2	6	5	5	0	2	1	2	2	1	2	0	1	0	0	3	0	0	3	2	2	1	2	1	4	3	2	4	5	2	3	6	3	5	2	2	2	4	3	0	0	0	2	1	3	2	4	2	3	3	1	1	2	4	4	2	1	4	2
212	0	0	1	1	1	0	0	2	3	1	2	3	5	3	4	2	2	1	3	5	1	2	6	3	5	1	2	6	3	3	2	3	5	2	7	4	3	6	6	8	5	4	7	5	7	5	4	9	6	8	3	2	7	5	5	1	2	4	3	3	4	3	8	5	8	2	2	6	4	5	0	2	1	1	0
213	-1	0	-1	1	0	0	0	-1	1	1	0	0	-1	3	3	1	0	1	2	5	0	1	0	2	2	1	0	0	2	2	0	2	-1	1	1	0	0	2	2	0	-3	0	-2	0	1	0	0	-1	1	2	1	1	0	3	3	0	1	0	3	3	1	1	3	2	4	1	0	0	2	1	0	0	-2	2	0
214	2	2	4	5	3	6	3	9	6	8	5	4	6	7	7	5	3	8	6	9	2	3	4	4	5	1	3	4	4	3	4	3	6	6	8	2	2	4	3	4	0	2	3	4	3	1	2	5	4	1	2	1	3	3	1	0	2	3	5	1	5	3	8	6	6	5	3	7	6	8	3	3	7	6	6
215	3	3	4	3	5	6	4	6	5	5	1	2	1	4	2	4	3	4	4	4	0	4	2	3	3	3	2	2	2	3	1	2	1	3	2	1	2	2	4	3	1	1	2	1	2	1	3	2	3	2	1	2	1	1	1	0	3	1	5	2	3	5	4	4	2	4	3	4	4	5	7	4	4	4	4
216	2	0	0	1	2	0	0	0	1	0	2	0	-3	1	0	-1	0	-4	-1	-1	-2	0	-1	1	-2	0	0	-1	0	0	-2	0	-4	-2	0	-3	0	-2	-2	-1	-2	0	-3	-1	-2	-2	0	-1	0	0	-1	-1	0	0	-2	1	0	0	0	1	-2	0	-1	0	-1	1	1	0	2	3	0	1	0	1	3
217	4	4	7	6	7	5	5	9	8	8	2	2	4	6	3	0	2	2	4	4	3	1	2	6	4	2	2	4	4	3	2	3	4	6	3	4	4	5	5	6	6	4	9	8	7	4	5	5	5	5	4	3	4	6	6	4	3	6	6	5	5	3	5	8	5	2	3	6	6	5	2	2	2	5	3
218	3	3	4	6	4	5	3	3	5	7	2	5	4	7	7	0	0	0	4	1	0	1	3	3	0	-3	0	-2	1	0	2	3	2	4	4	1	3	2	5	6	-1	1	-3	3	0	0	2	2	3	4	0	1	0	4	2	2	3	3	4	1	2	2	5	4	2	-1	2	-3	4	2	-1	2	0	4	2
219	5	5	8	8	6	6	6	6	5	6	2	4	8	5	5	3	2	7	5	5	3	4	4	5	6	3	3	5	5	5	3	5	3	5	3	1	5	6	5	5	1	3	3	5	4	3	3	5	6	5	2	3	4	5	4	3	3	5	4	2	3	5	5	6	6	0	1	2	3	2	5	3	7	7	6
220	3	3	5	4	3	3	5	7	7	5	2	2	3	5	3	5	5	7	5	6	3	2	4	6	3	4	2	5	6	4	0	2	4	4	5	2	3	5	7	5	3	2	4	6	4	2	2	3	7	5	3	3	7	4	5	0	3	1	5	4	6	5	6	8	7	1	2	2	4	3	2	2	3	4	4
221	6	4	7	5	9	5	5	3	3	6	3	3	5	4	5	0	2	2	3	4	3	1	4	1	3	3	2	6	2	4	5	4	7	4	8	5	3	5	4	6	3	2	6	3	4	1	4	4	4	5	3	3	1	1	4	3	2	3	2	7	5	2	6	5	5	4	4	7	5	10	4	2	6	4	8
222	1	1	3	4	5	0	1	3	4	5	0	1	0	1	4	2	1	4	2	5	0	0	3	2	2	2	1	6	4	7	0	1	2	4	5	-1	0	0	1	0	-1	0	1	4	3	-1	0	1	0	1	0	0	0	2	2	-1	1	0	1	3	0	0	0	1	1	-3	0	0	2	3	-3	0	0	2	0
223	0	1	-2	3	0	-1	0	0	2	0	0	0	1	4	0	1	1	2	4	3	0	1	0	3	1	2	0	0	1	0	-3	1	-1	5	0	-1	0	0	2	-1	-1	2	0	1	1	0	0	0	4	0	1	2	0	4	2	2	2	0	3	2	3	2	4	6	5	1	2	5	5	4	0	1	1	3	1
224	1	1	1	3	4	0	1	1	2	6	-2	0	-1	1	1	-1	1	0	3	4	2	1	0	2	1	0	1	2	3	4	0	1	-1	2	2	0	0	0	2	3	1	2	3	4	6	-1	1	0	0	3	-2	0	-2	2	0	-2	0	-1	1	4	1	1	1	4	4	1	2	1	4	5	-2	1	1	3	4
225	0	2	0	3	2	1	3	3	3	3	2	3	3	4	4	2	3	5	4	5	1	3	0	2	2	0	1	1	3	2	0	1	4	2	2	2	2	1	1	1	0	1	0	2	3	2	2	4	4	7	1	2	1	3	3	1	2	2	3	5	1	2	4	3	5	0	2	0	4	4	1	3	6	5	3
226	4	4	1	4	5	0	3	1	4	4	3	1	0	2	4	2	1	-1	2	2	5	2	0	4	6	1	2	3	2	4	2	0	0	3	3	1	2	-3	0	1	1	3	3	3	4	2	2	1	4	4	4	2	1	3	2	0	2	-1	2	1	2	0	0	1	2	4	2	3	4	7	3	4	1	3	5
227	2	2	1	6	2	4	4	6	6	9	2	3	2	5	3	2	2	1	3	4	6	3	4	6	6	2	3	0	4	4	3	3	3	7	4	1	2	3	6	3	0	1	1	2	1	3	2	3	3	3	1	2	2	4	4	4	4	3	5	4	2	3	1	5	3	8	4	8	7	9	4	4	2	7	5
228	2	3	5	2	6	3	2	2	5	3	4	1	3	4	3	1	3	3	3	2	2	4	5	2	4	6	4	7	6	8	6	5	3	4	6	6	4	8	7	9	6	5	7	6	9	6	4	7	7	8	5	3	7	7	8	2	4	5	5	6	4	1	1	3	2	0	3	3	3	5	3	4	3	4	6
229	0	2	0	0	2	-2	0	1	2	3	0	0	-1	3	2	3	1	2	2	6	2	1	2	3	4	0	1	1	3	5	0	1	3	2	4	0	0	4	2	2	0	0	0	0	1	0	0	0	2	0	2	1	0	2	4	5	3	5	4	7	0	0	0	1	2	0	0	0	2	1	0	0	-1	2	3
230	1	3	2	2	4	5	5	5	5	4	5	3	5	5	5	1	3	0	2	3	3	5	5	7	4	5	5	8	6	4	7	6	8	5	8	2	3	4	4	8	5	4	5	7	4	6	5	7	6	6	3	4	4	4	5	3	5	4	4	4	0	3	2	2	3	4	3	4	5	6	3	4	4	3	6
231	1	2	2	5	4	0	2	2	2	0	-1	0	0	0	-1	-2	0	-2	0	-1	0	0	0	-1	0	0	2	0	3	0	0	2	3	3	2	2	2	5	3	3	1	0	1	1	0	0	1	1	1	0	0	0	0	0	0	0	0	0	0	-3	-2	1	-1	1	-1	0	1	2	1	0	-3	1	0	0	-1
232	5	3	2	3	5	5	2	6	4	6	3	3	1	1	5	4	1	3	4	3	3	3	2	4	6	1	0	0	0	1	5	3	3	4	4	5	3	3	4	4	5	4	2	3	4	6	2	5	5	7	6	4	5	6	8	8	5	11	6	8	4	3	2	4	4	5	4	6	4	7	5	3	4	4	5
233	2	2	4	4	5	0	0	3	4	3	0	0	2	2	5	1	1	4	4	6	1	1	4	4	7	2	1	2	2	5	0	1	3	4	5	1	0	2	4	4	1	1	1	3	2	3	3	3	2	8	0	0	1	1	1	2	0	4	4	4	-3	0	0	1	2	0	1	4	3	4	0	2	2	3	4
234	2	2	5	4	3	3	3	6	4	4	1	2	2	3	2	1	3	3	5	1	0	1	0	2	1	0	1	2	2	-1	3	3	4	5	4	0	2	4	3	1	1	3	1	3	1	2	3	3	4	0	0	3	1	2	1	4	4	6	6	4	4	4	6	5	5	3	3	5	6	2	3	4	3	6	3
235	3	3	5	4	5	2	2	4	5	2	3	2	4	4	4	3	2	5	6	7	5	3	2	5	4	2	3	2	4	6	1	2	3	3	3	2	1	2	4	4	2	3	3	6	5	3	3	3	5	6	2	2	4	3	4	3	3	5	4	3	3	1	1	4	5	2	2	4	4	4	3	2	2	4	4
236	6	3	7	5	6	1	3	0	7	3	4	4	7	7	6	1	2	5	3	4	2	2	4	4	1	3	2	1	4	3	2	4	4	5	5	6	4	5	8	7	6	7	13	10	10	5	6	8	9	8	4	3	9	9	5	5	4	6	8	6	2	4	6	5	5	1	4	4	6	5	5	4	9	9	7
237	3	4	6	6	7	3	4	3	3	2	2	3	5	2	6	4	3	5	4	4	3	1	1	1	3	0	3	2	3	3	4	4	5	4	6	4	3	5	4	4	4	3	2	4	4	4	3	6	4	4	2	2	3	3	2	3	3	5	3	6	1	3	0	0	0	-1	0	1	1	2	1	0	0	1	1
238	2	1	3	5	4	0	3	2	2	3	0	0	0	1	2	1	1	1	4	4	0	1	4	3	2	3	1	3	3	5	4	2	6	7	6	0	1	0	2	3	0	1	5	3	3	2	1	6	3	2	0	0	0	1	2	1	2	5	3	5	4	2	3	4	5	0	0	1	1	1	0	1	2	1	1
239	2	3	2	3	2	3	2	3	1	5	1	1	2	2	2	-1	0	1	1	2	1	1	1	2	1	0	1	3	2	2	1	1	3	3	4	4	3	5	4	5	2	2	2	3	4	4	2	5	6	6	2	3	5	2	4	2	2	1	2	5	0	0	0	2	3	-1	-1	-1	1	-1	0	0	-1	1	1
240	3	3	4	3	3	4	3	2	4	5	3	3	4	1	1	0	2	0	0	0	3	4	5	3	6	5	4	4	3	2	4	3	6	4	5	4	4	4	4	7	2	3	2	2	5	4	4	2	3	4	1	2	0	3	2	0	2	0	3	0	4	4	4	4	5	3	4	2	3	7	4	4	3	3	3
241	1	3	2	4	2	1	3	3	4	4	3	4	4	5	5	2	4	2	4	4	-1	1	0	3	2	-1	0	0	2	0	0	2	0	3	0	3	4	4	6	5	4	3	5	3	5	5	5	8	6	6	3	3	4	6	5	3	4	5	5	6	3	5	5	4	7	4	5	6	5	5	4	3	7	4	4
242	3	3	2	3	1	2	2	0	3	2	1	2	3	2	5	2	4	2	4	5	6	4	3	4	5	4	3	5	3	3	4	2	2	2	0	3	4	4	4	4	1	3	2	4	1	3	3	2	3	2	4	3	5	4	3	1	2	2	3	4	2	2	4	4	2	4	4	2	3	7	0	2	0	1	1
243	1	0	0	0	0	1	1	0	0	0	0	1	0	0	0	1	2	1	0	-1	1	1	-1	0	-1	1	2	-2	-1	0	1	2	0	0	0	2	2	1	2	1	4	3	2	3	3	1	0	0	0	0	3	2	1	1	3	3	1	3	1	0	2	2	1	1	0	2	0	1	1	2	0	2	0	0	0
244	4	4	7	6	6	1	3	6	3	2	0	2	-1	3	0	1	2	2	3	2	1	3	5	4	3	3	4	3	6	5	2	4	5	3	4	4	5	9	6	9	5	6	9	7	7	4	5	9	6	9	5	5	7	8	6	3	3	3	4	5	3	3	3	6	5	2	4	4	3	5	3	2	4	5	2
245	-1	2	-1	0	2	-4	0	-3	-2	-2	0	2	2	3	0	0	2	3	2	2	1	2	0	1	0	0	1	1	3	3	0	2	2	5	3	3	3	7	3	5	2	4	6	3	4	1	3	3	3	0	3	2	4	4	4	4	5	9	5	8	3	4	8	6	5	0	2	2	3	3	0	1	1	2	0
246	-1	0	-1	0	0	2	0	1	3	7	-2	0	-2	1	1	-1	0	-1	2	5	1	0	0	2	2	-3	0	-2	1	3	-2	0	-2	0	3	-2	0	1	1	3	0	1	3	2	4	0	0	1	1	6	-1	0	-1	1	3	0	0	0	1	4	2	1	4	4	7	-1	1	0	1	5	-1	0	0	1	4
247	3	3	1	3	2	5	2	5	4	3	6	3	2	3	4	3	2	3	3	2	5	4	3	4	4	7	5	7	7	7	3	3	3	4	4	1	2	4	2	1	4	2	1	1	0	2	3	0	1	0	0	2	0	0	-2	2	2	0	1	1	4	2	1	4	3	1	1	1	2	0	2	4	3	3	0
248	3	3	3	2	5	3	3	4	2	5	3	2	4	5	7	6	3	5	6	8	4	5	7	4	5	1	3	2	4	6	5	4	3	6	5	6	4	4	6	7	3	3	3	5	4	3	4	8	4	8	2	2	4	3	4	4	4	6	3	6	3	3	5	3	6	0	2	3	3	4	3	2	5	5	5
249	7	4	6	6	4	0	3	2	1	0	3	3	4	2	5	1	3	5	3	3	2	3	5	0	0	0	4	4	3	3	5	4	5	5	5	5	5	6	4	7	4	4	6	4	5	5	5	6	3	4	5	4	6	5	5	3	4	6	3	1	3	3	1	3	3	3	3	1	0	0	4	3	2	2	2
250	1	2	0	2	3	3	2	1	3	3	3	3	5	6	4	0	2	1	1	4	3	5	3	5	3	2	3	4	2	5	2	3	1	2	5	1	3	2	3	2	0	2	0	0	1	1	1	0	0	2	-2	0	-3	-2	0	-1	1	-1	0	0	-2	0	0	1	0	2	2	0	2	1	5	4	4	4	5
251	1	2	0	1	1	3	4	2	4	4	1	2	0	2	1	3	3	0	3	1	2	3	2	3	4	3	3	1	2	3	6	4	4	5	6	5	2	3	4	5	4	3	8	4	6	4	3	5	5	5	6	4	5	3	4	4	5	4	6	6	3	3	4	4	4	4	4	0	3	3	4	3	1	3	3
252	2	2	3	2	4	0	3	4	3	3	2	3	6	4	5	5	3	5	5	6	2	3	6	4	6	1	3	4	3	4	1	3	5	2	6	3	2	3	3	2	2	3	2	4	4	1	3	4	3	4	3	3	3	1	2	2	3	3	2	3	0	2	2	0	3	4	1	4	4	6	0	3	1	2	2
253	3	3	3	4	3	4	5	5	6	3	4	4	7	6	5	2	3	3	5	7	3	4	4	4	5	0	2	0	3	3	3	4	5	2	5	0	1	2	0	4	3	5	2	3	3	3	3	4	3	6	5	4	6	7	10	4	3	5	4	6	2	3	2	2	5	3	4	7	6	7	4	3	4	3	5
254	5	6	4	6	8	5	5	4	5	6	4	4	2	5	6	3	3	3	3	5	1	3	2	3	4	0	2	-1	2	0	2	2	1	0	2	1	2	2	3	5	-1	0	-1	1	0	4	3	0	4	2	2	2	3	4	3	0	1	-2	0	-2	2	3	2	3	6	1	1	4	5	4	4	2	4	4	4
255	0	0	1	2	1	0	0	0	0	0	-1	0	-2	0	3	2	0	3	0	3	0	0	1	0	3	-1	0	0	0	1	1	0	2	0	2	-2	-1	-1	0	1	1	0	2	0	1	0	0	2	0	1	-2	0	-4	-1	-2	0	0	0	0	1	-3	0	-3	-2	0	-1	0	-3	0	2	0	0	0	0	0
256	1	3	3	4	4	5	3	5	6	7	2	3	5	5	6	3	2	5	5	6	0	0	2	2	5	4	1	4	4	5	1	4	7	4	3	2	2	6	3	4	0	1	1	1	2	1	0	2	2	2	2	2	4	5	4	1	2	7	3	5	6	3	8	7	6	5	4	9	8	10	2	4	6	4	6
257	0	0	0	1	2	0	1	1	4	1	3	2	3	2	2	1	1	2	3	2	1	2	5	4	4	1	0	3	3	2	2	1	2	2	2	0	1	0	1	0	0	2	0	1	1	-5	0	-1	-1	-3	0	1	1	2	0	0	2	3	1	2	0	2	4	2	4	1	2	2	4	3	0	1	2	4	1
258	2	2	5	3	6	4	2	7	4	7	1	2	0	0	3	1	1	3	3	3	1	1	3	2	3	6	4	6	4	7	2	3	6	3	5	3	4	4	5	6	3	2	2	2	6	2	2	2	3	4	0	2	0	1	3	3	2	4	2	5	4	3	5	5	6	4	2	5	2	6	1	1	1	3	4
259	2	2	4	4	5	0	2	4	3	6	3	2	5	6	6	1	2	1	2	5	1	1	1	4	5	1	1	0	1	4	-1	2	0	1	6	0	3	1	3	5	0	1	3	1	3	2	2	4	4	6	0	1	1	3	5	2	3	4	5	7	2	3	4	3	6	3	3	8	6	8	4	3	7	5	10
260	2	2	1	2	2	2	2	4	3	3	-1	1	1	2	2	3	3	5	4	5	4	5	5	5	4	6	4	6	7	6	1	2	5	2	3	4	3	7	7	9	7	5	9	6	7	7	6	10	5	8	6	5	9	7	8	6	4	7	6	7	2	5	5	6	5	0	4	5	4	4	0	2	1	2	1
261	3	2	3	4	3	1	2	2	2	4	0	0	-2	2	1	2	1	0	1	1	-1	2	-2	0	0	1	1	0	4	2	3	3	1	3	4	1	1	0	3	4	2	3	2	2	4	3	2	4	3	6	4	3	2	4	3	3	3	1	3	3	6	3	7	3	7	4	3	7	4	7	3	3	3	2	4
262	2	4	3	3	2	2	3	2	2	4	4	3	4	7	6	6	4	8	10	7	7	5	9	7	8	5	3	4	6	8	5	5	5	5	6	4	4	7	5	6	3	4	2	3	3	1	4	2	3	4	1	2	3	3	4	2	4	2	2	1	2	2	2	3	4	2	3	4	2	6	2	3	-1	2	2
263	0	2	1	2	3	1	2	2	2	5	0	2	0	1	0	0	2	0	2	2	0	2	1	4	3	2	2	3	1	2	0	1	0	1	-3	0	1	0	2	0	2	3	5	4	3	4	4	4	4	5	2	2	6	4	5	0	1	0	2	3	2	1	0	2	1	2	3	2	3	5	3	4	5	4	4
264	0	0	0	0	1	0	0	0	2	4	-1	0	1	2	0	-3	-1	-3	-2	-2	-4	0	0	0	0	0	0	2	3	2	-3	0	-3	0	1	0	1	0	1	4	0	0	1	2	3	-1	0	1	2	0	3	1	2	3	4	4	2	6	6	6	0	1	1	3	4	0	0	-1	1	1	0	0	0	3	3
265	-2	0	-1	-1	-2	-1	-1	-3	-1	-1	-5	-1	-2	-2	-2	0	0	0	0	1	-1	0	-1	0	0	-2	0	1	-1	0	-2	0	0	-1	0	-2	0	-2	0	0	-1	0	1	0	0	-1	0	0	-1	-1	-1	0	0	0	2	-2	-1	0	0	-1	-4	0	-2	-2	-1	-3	-1	-2	-1	-2	0	0	1	1	1
266	2	0	1	2	2	1	0	0	1	2	-1	0	-2	1	-1	0	0	-1	1	0	-1	0	-1	-1	-1	2	0	3	1	1	2	0	-1	1	1	1	2	0	2	2	2	1	4	2	3	1	0	0	2	1	1	3	4	2	5	2	2	2	2	3	3	3	2	3	4	4	2	2	2	4	2	0	3	0	4
267	3	2	2	3	2	5	2	4	5	6	3	2	3	3	4	2	4	4	5	4	2	2	4	1	4	4	3	5	3	2	4	3	4	5	3	2	3	3	2	3	1	1	0	1	1	3	0	2	2	4	1	3	3	3	4	3	3	2	4	3	2	3	3	2	4	2	3	4	4	5	1	2	1	2	1
268	6	5	7	5	7	5	5	3	4	7	4	4	3	3	6	4	5	5	4	6	3	6	10	3	8	5	4	7	5	6	4	5	7	4	7	4	3	3	3	7	4	4	3	4	5	5	4	5	4	6	3	4	5	3	4	6	4	5	2	7	4	5	6	4	6	2	4	4	5	3	4	4	6	4	8
269	2	4	4	4	6	1	2	3	3	3	3	3	5	3	4	3	4	6	5	4	3	5	4	5	7	2	5	3	4	7	1	4	3	3	4	3	3	5	5	7	3	3	5	4	6	2	2	4	3	5	2	3	4	5	6	3	3	4	4	3	0	2	0	1	3	0	1	0	1	3	-1	2	0	2	2
270	5	4	5	4	6	0	2	2	1	1	1	2	4	0	4	0	2	0	1	0	1	4	3	2	4	1	2	0	1	0	2	2	2	2	2	-1	0	-2	-2	-1	-3	-1	-5	-1	-2	0	1	0	0	0	1	2	2	1	0	1	1	0	0	0	0	2	1	1	-1	0	0	0	1	1	0	1	-1	1	0
271	1	0	1	1	4	-1	0	-2	1	2	0	0	0	1	2	0	0	-2	0	2	-1	0	0	1	2	-1	0	0	0	2	0	1	1	4	2	1	2	-1	3	5	-2	1	0	0	4	0	2	4	2	3	2	1	5	5	7	3	2	3	5	9	-1	1	0	0	3	2	0	2	2	5	1	2	5	2	5
272	-1	0	-4	-1	-1	0	0	-1	1	0	0	1	1	0	1	0	1	3	2	4	0	0	-1	0	1	0	0	0	1	3	2	0	3	3	4	0	0	0	1	2	0	0	1	0	1	2	2	5	2	5	2	2	3	4	5	1	2	1	2	5	0	0	1	0	1	0	1	2	2	3	0	2	2	2	5
273	1	2	0	2	4	0	1	1	0	2	1	2	1	0	0	0	0	0	1	0	3	1	2	3	4	0	3	5	3	3	-1	0	4	2	0	1	2	4	2	3	2	1	3	4	4	0	0	1	-1	2	0	1	1	1	1	1	0	1	2	2	3	1	4	3	4	0	1	3	2	3	0	0	0	0	0
274	5	4	5	6	7	2	3	4	4	6	1	3	1	5	4	1	3	3	2	5	0	3	2	1	2	4	4	7	4	3	0	3	2	2	6	3	2	5	5	7	5	5	7	5	8	4	4	7	6	10	4	5	9	5	10	1	3	5	5	7	5	3	5	6	10	6	5	8	7	9	2	3	7	5	7
275	0	1	2	4	0	1	0	0	1	0	2	1	0	2	4	3	2	2	3	4	1	1	1	2	2	1	2	0	2	0	3	1	3	2	4	1	0	-1	0	0	1	1	0	3	2	1	0	-1	2	2	0	0	0	2	0	2	1	0	2	0	0	0	1	3	0	1	1	0	2	3	3	0	2	3	3
276	4	4	6	6	5	3	3	6	3	3	1	2	2	4	0	0	3	4	3	1	3	3	5	4	3	1	3	4	3	3	-1	2	0	0	0	2	3	4	3	1	2	2	5	3	1	5	4	5	3	5	3	3	2	4	5	2	2	1	2	2	5	4	6	4	4	4	3	4	3	4	2	4	10	4	2
277	2	1	5	4	5	3	2	5	5	6	2	3	4	5	5	5	4	8	5	7	2	2	1	4	5	4	5	5	4	5	0	1	0	0	2	3	2	5	4	4	1	3	3	2	5	3	1	5	4	5	1	1	2	3	2	1	2	3	3	2	1	3	4	4	4	2	2	5	4	4	2	1	3	2	2
278	3	2	5	4	5	1	1	2	1	4	1	1	0	2	3	1	2	1	4	4	0	2	2	1	0	-1	0	-1	0	2	1	0	1	0	4	3	1	5	4	5	0	2	3	2	4	5	3	4	3	6	2	3	3	2	5	4	2	3	2	4	2	2	1	2	3	0	2	1	2	4	0	2	0	2	0
279	1	0	2	2	3	2	0	2	2	1	0	1	0	1	-1	0	1	0	2	0	0	1	2	3	2	1	1	2	4	5	2	1	2	4	4	0	1	2	2	4	-2	1	0	1	0	0	0	-2	0	0	-1	0	-1	1	0	-1	0	-3	0	0	1	0	1	3	3	0	0	-1	0	1	-2	1	0	2	0
280	0	2	2	3	1	0	1	0	3	2	3	3	4	3	3	0	0	1	3	3	2	4	7	5	9	2	0	5	4	5	0	2	4	3	5	5	2	5	5	6	-1	0	1	2	2	0	1	1	3	1	0	1	0	1	3	3	3	4	4	6	0	2	2	4	6	2	1	1	3	3	2	1	4	5	5
281	0	4	6	4	3	1	3	1	2	0	3	2	3	2	4	6	5	5	8	7	3	5	6	5	5	3	3	5	4	2	6	5	7	5	3	7	5	8	7	7	5	4	5	7	5	6	7	8	7	6	4	4	8	5	8	6	6	11	10	10	5	7	8	7	10	4	5	5	5	5	2	4	3	2	4
282	2	2	3	3	3	0	1	0	2	-1	-1	0	0	-1	0	-2	0	-2	1	-1	0	0	0	1	-1	-1	0	-2	0	0	0	3	3	0	1	2	2	2	3	2	3	2	3	4	4	2	0	0	2	0	3	1	1	1	3	3	2	2	5	3	1	2	6	4	3	2	3	3	3	4	3	4	2	5	4
283	2	2	5	2	3	0	2	3	4	4	0	3	0	0	0	1	2	1	2	4	0	2	0	1	2	0	2	0	2	2	2	1	1	3	3	0	1	2	2	1	1	2	0	2	3	0	0	1	2	2	1	2	2	1	2	0	2	1	1	2	0	1	0	1	0	-3	0	0	0	-1	0	2	2	3	1
284	3	2	4	3	5	0	1	0	2	4	1	3	1	4	2	2	2	7	4	6	1	4	5	6	8	6	4	8	8	11	4	4	7	6	7	1	2	3	7	5	0	2	0	2	4	1	2	3	4	4	0	1	1	5	6	0	2	3	4	4	1	2	4	6	4	1	2	2	6	4	3	2	1	5	5
285	-1	2	3	5	4	0	0	0	1	3	-3	-2	-1	0	0	-3	0	0	1	0	-1	0	-1	1	3	0	0	1	3	2	-1	0	1	4	2	0	2	2	4	4	0	0	1	3	4	0	1	1	3	3	-1	0	-1	4	3	0	1	4	6	5	0	1	2	4	5	3	3	8	6	8	0	1	1	3	1
286	5	3	6	5	7	5	4	9	6	8	3	2	7	2	8	4	4	5	6	7	1	2	2	2	4	1	1	3	2	2	1	2	3	2	4	-1	1	0	0	1	1	2	3	3	6	2	3	4	5	7	1	3	4	3	5	3	3	6	4	7	1	2	2	4	3	2	2	5	4	6	2	3	2	0	5
287	3	3	3	3	3	3	4	8	6	6	3	1	4	4	2	2	0	2	0	2	0	0	0	0	2	1	3	3	2	3	0	1	0	0	-1	0	0	0	1	1	0	2	2	4	3	2	1	2	4	2	3	2	2	3	4	3	3	5	5	3	2	1	2	2	4	4	1	5	5	4	4	2	6	4	7
288	-2	-1	0	0	2	1	1	5	3	5	-2	0	1	2	0	-1	0	1	3	2	-2	0	2	1	2	-6	-1	-2	0	0	-5	-1	0	0	0	-1	0	1	2	3	1	0	2	1	4	-3	0	2	2	2	-1	0	0	3	5	-3	0	0	3	2	-3	0	-2	2	1	0	0	3	1	4	0	1	3	3	4
289	2	2	6	5	7	3	2	5	7	6	1	2	4	6	3	3	0	3	6	7	0	2	1	3	4	1	2	4	6	4	2	2	3	5	7	2	2	4	5	7	0	2	4	6	5	0	0	0	3	3	0	1	0	3	1	2	2	5	4	5	1	2	4	5	7	0	1	2	5	6	2	2	4	6	5
290	2	1	4	2	2	0	2	0	2	5	2	1	3	4	5	5	4	7	6	6	4	2	5	3	6	5	3	6	4	6	1	1	5	4	4	2	2	5	4	7	2	2	2	3	6	0	1	4	3	4	3	2	4	4	7	5	3	6	5	9	1	2	4	3	5	0	1	0	2	3	-2	1	0	2	1
291	1	2	1	3	3	0	0	-1	2	2	-1	0	-2	0	-1	0	0	-1	1	0	0	2	2	1	1	0	1	0	1	1	0	1	0	-1	0	2	2	2	2	3	0	1	0	1	0	2	3	4	2	2	-1	1	0	2	0	-1	1	1	1	3	1	2	0	1	3	0	1	2	0	3	2	3	0	0	2
292	0	1	0	1	6	0	0	0	1	2	-1	-1	-2	0	4	0	2	3	0	4	4	2	2	2	6	3	1	-1	1	4	4	1	3	3	5	1	1	0	1	5	2	0	2	2	2	-1	0	-1	0	1	1	1	1	2	4	1	0	1	3	2	-2	1	-1	0	0	1	1	2	1	4	1	1	1	3	3
293	0	1	0	1	0	0	1	0	0	1	4	2	4	2	4	1	1	3	1	2	0	0	0	1	1	0	0	2	0	0	2	1	2	2	2	2	1	2	1	3	1	1	4	3	0	2	1	3	4	4	2	2	5	2	4	1	3	3	3	0	-1	1	2	3	1	3	1	3	4	3	0	1	3	2	0
294	1	3	3	2	4	7	3	5	5	7	3	3	2	4	5	0	2	0	3	0	3	3	4	3	6	3	3	7	3	3	2	3	1	3	3	5	3	5	3	7	4	3	6	4	6	3	4	3	2	4	7	3	2	4	5	0	2	0	4	6	1	3	2	2	6	2	3	3	1	4	0	1	0	1	4
295	0	-1	0	1	1	0	0	1	2	2	0	0	1	0	0	-1	1	1	1	2	-5	-1	-3	-2	-2	-5	-1	-4	-1	-3	0	0	-2	-1	0	-3	-1	-4	-3	-2	-2	0	-1	0	0	-1	0	0	2	0	2	0	1	3	2	-1	0	-1	1	0	-1	0	-1	1	0	-1	-1	-2	0	1	-1	-1	0	0	-1
296	1	1	2	3	3	3	2	3	5	4	0	2	3	0	3	0	2	0	0	2	3	2	3	3	3	2	2	4	2	2	1	2	0	3	2	0	0	0	1	1	-1	0	0	-1	-3	-1	0	-1	1	1	1	1	2	3	3	0	0	1	2	0	1	1	1	2	1	-1	0	0	1	0	2	2	3	4	3
297	0	0	-1	1	0	-1	0	0	0	0	-1	0	0	0	2	-2	0	-2	-1	-2	-1	0	0	0	0	0	1	2	0	0	0	0	0	1	1	2	0	1	2	3	0	0	0	1	2	0	0	0	0	2	-1	0	-2	0	0	-1	0	-1	0	1	0	0	-1	0	0	-1	0	1	2	1	2	2	4	3	5
298	3	3	6	6	4	0	2	0	4	2	2	2	6	4	7	3	4	7	5	7	2	3	4	6	4	6	4	7	6	7	3	5	5	5	5	2	3	3	5	5	1	3	4	5	2	1	3	3	5	4	3	3	4	4	2	3	4	7	4	7	2	3	5	7	5	2	3	3	5	4	2	3	6	8	8
299	2	3	3	1	5	2	4	3	3	4	1	2	4	2	3	3	1	2	3	3	1	2	2	4	4	1	2	2	1	2	0	1	3	2	2	5	4	5	5	8	1	3	4	2	2	3	2	4	5	5	0	1	2	1	1	2	3	5	3	4	3	2	4	4	4	0	1	1	1	2	0	0	1	0	1
300	0	1	0	1	3	0	0	-1	1	1	1	1	0	1	3	3	2	1	3	1	1	1	-1	0	0	-1	0	-4	0	0	2	2	0	1	4	0	1	0	2	2	1	0	0	0	2	1	1	0	1	2	1	0	-1	1	1	-1	0	-1	0	1	1	2	0	2	4	0	1	0	0	2	1	1	-1	0	-1
301	4	2	3	5	4	2	2	3	4	5	4	4	6	4	4	4	3	4	6	7	3	3	4	5	4	4	3	4	5	3	4	3	7	7	7	3	3	5	5	6	3	3	3	5	6	3	2	3	4	4	6	3	5	5	6	4	3	3	5	5	3	2	4	5	4	3	3	3	4	4	6	5	7	7	6
302	0	2	3	2	4	4	3	8	8	8	3	3	7	6	7	3	4	6	5	5	6	3	5	4	3	3	3	5	5	5	2	4	3	5	7	1	2	0	1	1	1	1	2	1	2	1	2	4	5	5	3	2	5	3	6	2	3	2	5	5	1	1	3	4	4	3	4	2	3	6	2	2	5	4	4
303	1	1	2	2	1	4	3	3	5	4	5	4	5	6	7	5	4	6	7	8	0	3	1	4	2	3	4	6	6	4	5	4	9	6	6	3	5	5	5	6	3	4	4	4	4	5	3	4	5	3	3	4	6	6	3	4	3	5	6	5	5	5	10	6	6	6	5	8	7	4	3	4	5	5	6
304	8	4	7	6	8	5	4	6	3	4	2	2	4	4	3	3	5	5	4	3	4	4	4	4	3	1	2	4	4	3	3	4	6	4	4	4	3	4	3	2	0	2	0	2	0	0	4	2	2	1	2	4	5	3	4	4	2	7	4	3	3	5	5	3	3	1	2	2	0	0	3	4	3	3	0
305	1	4	4	4	4	0	2	0	2	0	1	4	2	0	3	1	3	1	3	3	1	2	3	3	4	0	4	3	2	4	2	3	5	3	4	5	5	10	6	7	3	2	2	4	4	3	4	2	4	5	4	5	9	4	6	5	5	8	5	9	4	4	6	2	5	4	4	7	5	8	5	6	9	5	11
306	1	1	0	4	2	2	1	1	1	1	0	2	5	3	4	5	3	5	5	6	2	2	2	3	5	4	3	9	4	5	6	4	6	5	6	0	0	3	1	4	5	3	6	6	7	0	1	3	1	2	2	2	3	3	2	3	3	6	3	6	3	1	4	3	4	1	1	2	2	2	2	2	3	1	3
307	3	3	7	7	5	7	4	10	6	8	4	5	5	7	7	4	4	7	6	4	1	2	4	6	5	2	3	6	4	2	2	4	5	5	4	5	3	9	7	8	4	4	8	5	7	3	5	8	7	7	3	2	4	7	6	7	5	9	8	9	4	4	6	8	7	4	4	7	5	6	4	2	5	5	7
308	4	1	2	5	4	6	3	5	4	3	3	2	3	4	3	4	4	3	4	4	4	3	5	6	3	5	4	5	5	3	3	4	5	4	4	4	4	5	5	3	2	2	2	3	1	5	4	7	5	4	5	3	5	4	4	3	3	4	5	4	6	3	4	3	4	3	3	6	5	7	6	3	5	5	6
309	1	1	1	1	0	0	1	2	2	3	0	0	3	2	2	-1	0	-1	1	1	-3	-1	-3	0	0	-1	1	1	1	0	2	3	3	5	2	0	1	1	3	3	0	2	3	2	2	0	0	1	2	-1	1	2	1	3	4	2	3	5	4	5	2	3	6	4	3	0	1	0	2	4	-1	0	0	2	0
310	-2	0	0	1	2	0	1	3	2	2	1	0	1	2	1	0	1	1	1	3	-1	-1	-3	1	-1	-3	-1	-2	0	0	-1	0	-1	1	1	0	0	-1	2	0	2	0	-1	2	0	-2	0	0	0	0	0	0	-2	1	0	-3	0	-1	0	0	0	1	2	4	5	-1	0	-2	1	3	-1	0	0	2	3
311	0	1	0	1	4	0	1	2	1	3	0	1	3	0	4	-4	-1	-1	-1	2	-3	-2	-1	-1	1	0	0	1	2	5	1	2	2	2	6	-1	0	0	1	2	-2	0	0	0	1	0	1	4	2	6	0	0	2	2	5	1	0	-1	0	3	2	0	2	2	5	1	2	2	1	7	0	1	5	2	5
312	0	1	2	3	3	-1	0	0	1	2	0	0	-1	0	1	-2	0	1	2	5	2	2	4	2	6	1	0	0	1	3	0	0	2	3	4	1	0	2	1	4	-1	1	2	4	5	2	1	5	4	4	2	0	2	3	6	1	2	3	6	5	3	2	4	5	6	-1	1	0	2	1	-1	0	0	1	0
313	5	4	6	6	9	4	5	6	5	5	4	5	6	5	7	1	2	2	4	3	2	5	4	3	5	2	3	6	2	4	2	2	2	3	2	1	3	3	3	5	7	6	10	6	8	8	4	11	8	11	8	6	8	8	9	6	4	7	6	9	5	6	7	6	6	5	5	5	4	7	3	4	3	4	4
314	3	3	3	4	3	2	4	3	7	5	2	4	4	5	5	2	3	3	5	4	3	4	6	6	5	4	4	6	4	7	5	4	8	5	7	0	5	4	5	3	2	3	5	3	4	3	2	2	5	5	4	4	2	4	2	4	4	4	6	5	3	3	1	4	4	0	3	2	2	2	3	5	4	4	5
315	5	3	5	4	6	3	2	2	5	5	4	4	5	6	8	2	3	5	5	4	2	2	0	5	4	0	1	0	3	0	1	4	1	4	3	4	1	3	5	3	4	2	4	4	6	4	3	4	4	8	7	3	6	7	9	6	5	5	7	9	3	4	4	5	5	4	2	4	6	4	2	3	0	1	2
316	1	0	0	1	2	0	0	1	3	3	1	2	0	2	1	3	3	2	3	2	2	1	4	2	1	2	2	4	5	2	0	2	3	3	2	1	2	-1	1	1	1	1	5	2	3	3	3	5	3	4	0	0	1	0	0	0	1	0	1	1	0	1	0	1	2	1	2	2	3	4	-1	0	-4	-1	-1
317	3	0	1	4	4	2	1	2	1	2	1	1	0	5	5	1	1	0	4	2	3	3	2	3	3	1	0	3	4	4	5	3	7	6	6	2	1	1	3	2	1	3	3	3	3	0	1	2	4	1	2	1	1	3	2	2	3	6	5	5	2	2	3	8	6	4	3	6	6	5	1	3	5	2	4
318	0	4	5	4	4	0	3	1	3	2	0	4	0	2	-1	-1	3	1	3	0	3	2	5	3	5	3	4	7	4	2	0	3	0	3	2	3	4	3	6	5	4	3	6	6	6	3	5	7	7	4	4	5	5	7	4	4	5	8	8	6	4	4	10	8	7	2	3	7	5	5	7	5	8	7	7
319	-2	0	0	0	1	0	0	0	0	2	-1	0	1	0	2	-3	-1	-3	-3	-2	1	0	0	0	3	0	1	2	2	4	0	0	-1	0	3	0	0	2	1	3	1	0	2	3	5	0	1	1	1	6	0	0	1	1	2	0	0	-1	0	1	0	0	2	2	4	0	0	1	1	2	0	0	0	1	0
320	1	1	4	2	5	1	2	3	3	5	0	0	3	2	3	1	0	3	2	4	-1	0	0	2	3	0	0	0	2	0	0	0	0	0	1	-2	1	-3	0	1	0	0	-1	0	0	3	1	4	4	4	4	2	6	4	6	3	3	6	4	9	0	2	0	2	4	2	2	1	2	4	-1	1	-1	0	3
321	1	1	2	4	6	0	1	2	2	4	2	3	1	6	3	3	4	4	6	6	3	1	4	4	5	0	2	0	2	5	1	2	0	3	4	0	1	0	2	0	-3	0	-2	1	2	2	1	1	4	4	1	2	0	3	5	0	0	0	2	3	0	2	1	3	3	2	2	0	3	4	0	0	0	2	3
322	-3	0	-1	1	-1	-2	0	0	1	0	-2	1	-1	1	0	-1	0	0	3	0	0	3	1	2	2	0	2	4	4	2	0	2	3	3	2	2	2	5	5	2	0	2	4	2	2	3	3	5	5	4	0	2	4	4	2	2	1	3	3	1	-2	1	0	0	0	-2	0	3	2	-1	0	2	2	1	3
323	3	2	2	1	6	0	2	-1	1	0	1	3	0	1	2	3	3	8	5	7	4	5	6	4	8	6	4	7	4	11	8	5	12	6	8	4	5	5	4	7	2	3	5	3	4	2	3	3	3	4	3	3	3	3	5	3	3	2	1	3	3	4	2	2	5	2	2	1	1	5	2	3	2	0	4
324	1	0	-2	-1	2	4	2	0	0	3	4	1	1	0	4	2	3	0	1	2	1	2	1	0	4	0	1	-2	0	0	-1	0	-3	-2	-1	1	1	0	1	4	0	1	2	0	2	1	0	0	1	0	1	2	0	0	0	2	1	2	1	1	4	3	1	1	2	4	1	2	0	5	4	1	3	2	4
325	2	3	6	5	8	3	1	0	2	4	2	3	1	2	3	2	1	3	2	3	4	2	3	2	3	1	2	2	3	1	1	3	4	4	6	1	2	3	4	3	2	3	0	1	5	2	2	1	3	4	1	2	3	2	3	3	3	3	4	3	3	3	5	4	5	4	1	4	4	5	4	1	4	3	2
326	4	3	9	3	8	3	2	6	3	7	4	2	4	2	2	3	2	4	3	3	2	1	0	0	3	0	0	0	1	1	-1	0	1	0	0	-1	0	-3	0	0	-4	0	-1	-1	-2	-3	0	-3	0	0	-2	1	1	0	2	2	2	3	2	4	0	2	2	2	5	1	1	3	3	3	-1	1	-3	0	0
327	1	1	0	2	3	3	2	6	4	7	6	4	6	5	7	4	2	4	4	6	4	2	4	4	6	2	2	1	2	5	5	1	5	4	4	3	3	3	4	6	4	2	2	5	5	-1	1	-3	1	0	2	1	4	4	6	5	1	3	4	6	2	3	2	3	3	4	2	4	3	4	3	1	3	4	2
328	0	1	5	4	4	-1	1	2	2	2	0	1	3	3	5	-1	0	-1	2	2	0	2	2	2	3	1	1	5	2	2	0	0	3	2	3	-4	0	-1	-2	0	1	1	2	2	1	0	0	4	1	1	-2	0	3	3	3	0	2	2	2	4	0	0	3	4	5	-1	0	1	1	3	-1	1	1	4	2
329	0	0	1	0	0	3	0	0	1	3	0	1	3	3	4	0	0	0	1	0	-1	0	-4	0	0	2	0	1	3	2	1	1	2	2	6	-2	0	1	2	3	0	0	-1	1	2	-1	0	0	0	1	0	0	0	0	2	-1	0	-1	0	1	-3	0	-1	0	1	0	0	0	4	3	0	0	3	2	3
330	4	3	7	7	9	2	3	3	5	7	1	1	1	3	5	1	2	2	3	3	0	1	4	5	6	1	2	2	4	6	0	1	2	3	5	0	1	3	3	4	0	0	2	1	1	1	2	2	3	6	1	1	3	4	5	0	4	4	4	6	3	1	4	4	4	1	1	3	3	4	0	0	5	4	4
331	-1	0	0	0	0	0	1	0	2	1	0	1	1	2	2	2	1	2	3	3	2	2	3	3	2	1	2	1	3	1	1	0	0	3	1	1	1	2	3	1	0	1	1	2	0	-1	1	-3	1	0	0	0	-3	1	-3	1	2	0	2	1	1	1	1	4	1	0	1	2	4	1	1	0	0	0	0
332	1	4	3	4	6	2	2	1	2	3	4	2	4	3	5	-1	1	1	0	0	1	2	0	2	3	1	2	2	3	4	2	3	3	2	2	3	2	2	4	5	2	1	3	3	3	2	3	2	3	4	3	3	3	5	6	1	3	2	4	2	2	2	2	3	4	3	2	6	3	3	2	2	2	3	2
333	2	2	0	3	2	1	4	1	4	6	4	2	2	5	2	1	1	0	2	1	3	3	0	6	2	2	2	0	3	2	1	1	0	3	1	2	3	1	4	4	1	3	3	5	5	4	2	1	5	3	3	4	3	3	3	2	2	1	4	6	3	3	3	4	5	2	3	1	2	2	1	2	0	1	1
334	0	0	0	1	1	2	1	3	3	4	0	1	2	2	2	0	1	0	1	1	0	0	0	0	0	0	1	-1	0	0	0	2	0	2	0	0	1	2	3	1	1	1	0	1	1	4	2	3	3	2	-2	1	0	0	-1	0	0	-1	1	-1	1	1	1	3	1	3	2	2	3	3	3	3	4	5	7
335	0	1	0	1	4	2	3	7	5	8	4	2	9	6	7	5	3	3	4	8	3	2	6	4	3	0	3	1	3	4	2	2	2	2	2	5	4	5	4	6	0	2	2	2	3	3	2	4	4	4	1	0	0	3	0	1	1	2	3	1	1	2	4	4	4	3	2	2	4	5	0	0	0	2	1
336	2	4	5	6	2	0	4	2	5	2	2	4	4	3	4	3	4	6	5	2	2	5	4	6	4	3	5	5	6	6	3	5	7	7	4	4	5	9	8	9	5	5	10	7	7	4	6	4	5	4	4	4	5	8	5	3	4	6	5	7	4	5	8	7	7	3	5	5	8	6	3	4	4	4	5
337	5	4	7	5	10	6	5	7	7	10	5	4	7	6	8	6	4	6	7	11	4	4	3	7	8	-1	1	0	1	3	1	2	1	3	4	2	4	1	3	4	3	2	2	4	7	1	1	3	2	7	1	2	2	5	7	5	4	8	8	12	2	2	3	3	7	7	2	5	6	7	4	4	4	4	8
338	1	3	3	3	4	0	2	5	3	6	0	1	-1	3	2	-2	2	1	2	0	0	1	2	2	0	-2	0	0	1	0	0	2	4	3	5	-1	2	0	1	1	3	3	3	5	4	-1	1	4	3	4	2	3	6	2	5	1	2	0	3	2	-1	1	0	2	2	0	1	3	2	3	0	0	0	2	2
339	5	3	7	6	6	3	3	6	4	6	2	2	4	2	4	2	1	3	3	2	-1	1	3	2	1	2	1	4	3	4	-1	1	0	2	1	-1	1	-1	1	0	2	1	2	1	2	0	1	-1	1	1	-2	0	0	2	1	-2	0	0	0	0	0	0	4	4	1	0	1	1	1	2	0	0	-1	0	-2
340	3	2	3	5	5	3	1	2	6	5	1	1	0	2	2	4	3	3	5	4	1	3	3	2	2	2	2	1	4	6	2	2	4	5	4	2	2	0	4	4	2	1	1	1	1	2	2	2	5	2	3	1	3	3	4	0	1	1	3	3	3	1	4	3	4	0	2	0	2	2	1	1	1	1	1
341	-1	1	-1	1	1	0	1	2	2	0	0	4	2	2	4	1	2	2	2	3	0	1	0	2	3	0	1	2	4	4	2	3	4	3	6	1	1	2	4	4	2	3	4	3	5	0	3	3	2	5	1	1	3	2	6	3	3	7	5	7	1	2	4	2	3	0	2	1	1	5	0	1	2	2	2
342	1	1	1	0	1	4	3	0	2	2	2	1	-2	0	-1	1	1	-1	1	0	3	3	2	3	2	2	2	0	0	0	3	2	1	2	1	2	2	-1	2	1	0	1	-1	0	0	1	2	0	0	0	0	2	-2	0	-2	3	3	1	1	2	3	2	2	1	3	2	3	2	2	2	4	3	1	2	4
343	0	0	0	2	1	0	1	3	3	3	0	1	0	1	3	-1	0	-2	2	0	0	0	-1	0	0	0	2	1	2	2	-1	0	1	1	2	-1	2	0	1	1	0	0	-2	2	0	-1	1	0	1	2	0	0	0	1	3	-2	0	0	1	4	1	1	2	4	2	0	0	3	2	2	0	0	1	1	1
344	0	2	4	3	1	1	1	2	5	1	4	2	6	5	5	3	1	5	3	6	3	3	5	4	2	1	2	2	4	3	0	2	4	2	3	0	1	3	4	3	0	0	0	1	0	0	1	0	4	1	1	2	4	3	4	0	1	0	1	1	0	1	3	1	2	-1	0	-1	2	0	0	-1	0	1	0
345	2	3	2	6	3	1	3	5	5	3	2	2	3	5	2	1	1	0	4	1	0	2	3	4	3	1	3	4	4	3	0	2	2	1	1	0	0	2	3	1	0	1	3	3	3	1	1	3	4	3	4	4	8	7	7	2	3	3	4	4	0	3	3	3	4	0	1	4	4	5	6	3	10	8	8
346	5	4	7	6	8	6	4	7	7	7	2	4	5	5	5	0	1	1	5	2	3	4	4	5	4	2	4	2	5	4	1	3	2	5	2	2	2	1	5	2	1	1	2	5	1	3	3	0	4	4	1	3	0	4	6	-1	3	1	4	2	1	4	1	3	2	3	2	2	5	1	1	3	3	5	2
347	1	1	3	5	2	2	1	2	3	5	1	3	6	3	7	1	3	2	3	3	0	2	3	6	6	3	3	3	7	4	2	3	2	4	5	0	1	3	4	5	0	1	1	4	4	2	2	4	6	6	0	0	1	2	1	1	3	1	5	5	-1	0	1	2	2	0	1	3	3	0	2	4	5	6	6
348	2	4	0	3	3	2	2	2	4	3	5	5	6	7	7	5	4	4	5	5	1	3	6	4	4	1	4	2	4	4	3	2	4	4	3	2	3	2	3	3	1	3	2	4	3	0	2	1	0	4	4	4	3	4	3	5	3	3	3	2	3	3	4	4	5	4	4	7	4	6	4	3	4	3	4
349	1	4	2	3	0	4	3	5	5	3	8	4	9	7	6	6	4	8	5	5	3	5	4	5	4	5	5	8	5	5	2	4	3	4	1	2	4	2	2	2	3	3	1	3	1	0	3	2	2	1	2	3	3	4	1	1	4	0	1	1	1	3	3	3	3	2	4	3	5	1	4	3	4	3	3
350	0	3	0	1	3	3	2	1	3	2	1	2	1	5	3	4	3	6	3	6	2	2	0	4	2	1	3	0	3	2	3	3	2	5	4	0	1	2	2	2	1	2	2	3	6	1	3	3	2	6	3	4	4	5	7	4	3	1	5	5	2	2	5	4	2	4	3	4	2	6	0	2	1	4	6
351	1	2	-1	4	2	3	2	2	3	6	0	3	0	1	3	1	2	0	3	1	0	0	-2	1	1	4	3	5	6	7	2	3	3	5	4	4	3	5	6	6	5	3	3	5	4	4	3	5	4	6	1	1	0	3	2	1	1	-1	1	1	1	2	-1	2	4	0	0	0	3	2	2	2	0	4	5
352	4	6	9	7	6	8	5	9	8	6	5	5	10	7	10	5	3	7	8	5	2	3	6	5	6	3	5	5	6	5	0	3	1	5	4	6	3	8	6	6	4	5	6	7	7	6	6	8	7	8	8	6	9	9	10	7	7	13	9	10	7	5	9	8	10	6	4	7	6	7	2	4	6	4	4
353	4	2	4	2	4	2	4	6	3	2	0	3	7	4	6	3	4	7	4	7	2	3	5	4	7	3	4	7	4	5	5	5	9	6	6	0	2	4	4	2	0	3	3	2	0	-2	1	-1	0	-1	1	3	6	4	1	1	2	5	3	2	0	3	4	2	3	0	2	4	3	0	0	3	3	2	5
354	3	3	5	2	6	2	2	3	3	4	5	3	3	4	7	7	3	7	6	9	7	3	8	5	11	2	3	1	4	5	4	2	4	2	8	4	4	6	3	8	0	2	0	2	3	-2	2	0	3	5	1	1	3	2	3	0	2	2	0	0	0	1	0	1	1	3	2	2	3	6	2	2	3	4	5
355	8	4	8	7	6	5	5	5	3	5	5	3	6	3	5	3	4	4	4	4	1	3	3	3	2	5	4	4	3	4	2	3	2	2	2	5	3	5	2	2	1	3	0	1	1	0	2	1	1	2	5	3	3	3	2	2	3	2	4	4	3	3	2	2	4	2	4	1	1	2	1	3	2	1	1
356	5	2	6	2	6	2	3	2	3	3	2	2	1	1	5	4	3	4	3	6	0	0	0	0	3	0	0	2	1	3	2	1	0	0	3	0	1	2	2	5	1	0	1	2	1	3	2	3	3	5	4	2	7	3	4	4	2	4	4	6	2	2	3	3	5	0	1	2	0	2	0	1	-1	0	4
357	0	1	3	0	2	-1	0	0	0	2	0	2	2	4	4	0	2	4	2	4	0	1	0	2	2	3	1	2	1	3	2	2	3	2	5	0	1	3	3	5	0	3	2	1	2	0	2	1	4	6	3	3	6	5	9	0	2	2	2	3	2	2	5	2	5	-1	0	1	2	5	0	0	2	2	4
358	2	3	5	4	3	1	2	1	4	4	2	2	3	4	4	1	2	3	4	4	-1	2	1	3	2	1	2	3	6	3	1	1	1	3	3	2	3	7	6	4	0	3	3	6	5	3	3	3	5	5	0	1	3	5	4	1	2	4	4	3	-1	0	1	3	2	0	3	2	5	3	-1	0	-1	2	2
359	3	4	5	5	5	4	5	3	6	4	5	4	9	8	6	2	3	3	3	3	4	5	6	7	8	3	4	6	5	6	2	3	4	3	4	4	3	5	6	5	5	6	8	7	7	6	5	4	6	7	3	6	6	9	7	5	6	8	7	7	8	7	12	8	10	5	5	9	8	8	6	5	7	8	7
360	0	0	-1	2	0	-1	0	-2	1	1	1	0	-1	0	1	-1	0	-1	1	-2	0	1	-2	-1	0	0	1	0	2	1	0	0	-2	0	0	-2	-1	-3	-1	-3	-1	0	-3	0	-2	-2	-1	-4	0	-3	-2	0	-5	-1	-1	0	-1	-1	-1	0	-1	0	-3	0	-3	-3	-2	-5	-3	-4	-3	-1	-5	0	-2
361	3	3	2	1	4	1	1	1	0	1	3	3	2	2	3	0	2	4	0	2	4	3	7	3	6	3	3	2	2	3	6	4	8	3	9	6	4	5	4	5	6	4	6	5	7	2	2	3	1	1	3	2	3	2	2	1	1	0	2	2	2	2	2	3	2	0	1	0	0	2	2	2	2	0	3
362	1	1	1	3	2	0	1	1	0	4	0	1	0	1	0	-2	1	0	1	0	0	1	0	0	1	1	1	3	2	3	3	1	4	2	5	2	3	5	5	5	2	1	3	2	4	2	1	3	3	6	3	1	1	2	2	1	2	2	3	3	2	1	2	2	1	0	1	2	3	2	-2	0	-1	0	0
363	3	0	1	0	5	2	0	1	2	6	2	0	0	3	4	0	0	-1	0	3	0	0	-2	-1	1	2	0	2	2	4	3	1	3	2	6	2	1	3	4	5	1	1	0	3	4	2	1	0	2	5	5	1	3	4	7	5	3	5	5	6	3	3	6	4	6	0	2	1	1	5	1	0	4	3	6
364	2	1	4	3	6	3	1	0	2	4	-1	0	-3	0	2	-2	0	-2	0	2	0	1	2	1	3	-1	0	0	0	-1	-1	0	1	1	0	-1	0	-2	0	2	0	0	0	2	3	2	1	0	1	2	0	0	0	0	4	1	1	4	4	6	0	1	2	2	4	0	0	3	1	5	0	1	2	2	3
365	0	1	2	3	3	-1	1	0	2	2	2	2	2	4	5	2	3	5	6	4	0	1	2	2	5	0	1	0	2	1	0	0	1	1	2	-1	0	-1	2	0	-1	0	0	2	2	-1	3	-1	1	0	-1	1	-2	1	0	-3	0	-2	1	0	-3	0	-4	0	-3	-4	0	-3	0	0	-3	0	-3	1	0
366	1	3	2	2	1	3	4	4	2	2	1	2	3	2	0	0	2	0	3	0	2	3	1	2	1	2	4	3	2	0	1	1	2	1	-2	3	4	2	1	2	3	4	3	3	1	3	3	5	4	4	4	4	5	4	3	3	2	3	2	2	6	6	8	6	8	5	5	5	5	3	4	4	7	4	4
367	0	1	0	4	6	-2	0	-1	1	2	0	-1	0	2	2	2	0	0	3	5	0	1	2	1	4	-1	-1	-1	0	0	0	0	0	0	4	0	0	1	3	4	1	1	3	3	3	1	0	0	0	5	-1	-2	-4	0	0	1	0	0	3	3	1	0	2	3	3	1	0	1	4	5	0	0	1	5	4
368	4	3	2	5	4	4	4	3	5	6	4	3	5	2	4	4	2	4	3	5	3	4	4	2	2	3	3	4	5	3	2	3	5	2	4	4	3	1	2	3	7	5	5	5	6	3	3	4	4	6	5	4	6	4	7	3	4	4	3	3	5	4	5	5	6	4	4	4	5	7	4	3	0	3	1
369	3	2	4	2	7	3	3	6	5	8	3	3	7	5	7	2	2	5	5	6	1	1	3	1	4	3	1	5	2	6	5	2	7	5	6	3	2	5	4	6	0	2	2	1	5	1	1	4	1	4	0	0	2	1	3	2	2	5	5	3	0	1	0	2	1	0	1	1	1	2	2	2	2	5	5
370	2	2	2	2	1	1	3	3	1	1	3	3	5	5	3	3	2	4	4	2	5	4	8	5	6	2	3	4	2	3	3	3	4	4	1	3	3	0	2	0	3	4	5	4	2	1	2	3	3	1	1	2	3	3	4	1	2	1	2	0	0	1	0	2	-1	2	2	3	3	3	0	3	3	2	3
371	0	0	2	5	6	0	0	3	2	4	1	0	4	2	4	0	0	1	1	1	2	1	4	2	3	-2	1	0	1	1	-2	0	0	0	1	-2	-1	0	0	1	-3	0	-2	0	1	-5	-1	-4	-1	-1	-5	-2	-2	-2	-1	-3	0	-1	0	1	0	0	2	2	2	-4	-1	-3	0	-2	-2	0	-2	0	2
372	1	3	4	5	5	2	4	3	4	3	2	4	6	5	4	2	3	5	4	5	3	4	1	5	4	2	4	5	4	2	1	2	5	4	3	4	4	4	5	5	5	5	9	8	6	7	6	11	8	6	5	5	10	6	8	5	5	8	6	7	7	6	11	6	7	4	5	6	5	6	4	5	8	7	7
373	5	2	3	3	5	2	2	3	2	7	4	3	5	5	6	5	3	4	4	8	3	3	4	4	7	2	3	3	3	5	4	2	3	3	7	0	1	0	1	2	0	1	0	1	3	2	2	1	3	6	3	2	4	2	5	3	4	7	5	6	5	3	4	5	8	2	4	7	4	9	2	2	6	4	8
374	0	0	-1	1	-1	0	0	1	3	0	1	2	0	3	3	2	1	5	6	4	4	2	6	5	3	1	2	5	4	4	0	0	3	3	1	1	0	0	2	0	0	0	1	2	0	3	1	4	5	3	3	2	3	4	2	2	1	3	4	3	1	1	2	3	5	0	2	2	2	2	1	1	0	4	3
375	0	1	0	1	2	-1	0	1	2	1	0	2	1	3	2	0	1	2	3	1	2	2	3	5	4	4	2	1	3	4	1	1	0	2	1	-1	0	0	2	-1	0	4	3	4	0	1	3	0	1	2	0	2	0	1	0	0	2	2	3	0	0	1	0	2	0	0	1	1	1	1	0	3	4	3	3
376	4	4	3	3	6	4	2	4	4	1	5	5	4	3	5	8	6	10	7	10	4	4	6	4	5	3	5	6	2	2	2	2	3	3	5	1	4	2	2	1	2	4	3	4	3	4	3	6	2	4	5	4	4	5	4	1	2	0	1	0	1	4	2	3	1	1	3	0	0	0	0	2	0	2	2
377	2	3	7	5	5	2	3	8	5	4	1	3	3	4	3	2	3	3	5	1	3	4	6	6	5	6	5	9	8	8	4	4	4	5	5	5	4	10	7	7	5	5	12	8	8	4	5	7	5	5	3	3	6	4	7	3	3	6	5	6	4	5	9	7	4	5	5	6	6	6	3	5	10	7	6
378	2	2	3	5	3	4	2	1	5	2	2	2	1	5	2	6	4	7	8	7	2	3	3	4	4	4	2	1	3	2	0	2	0	4	1	3	3	4	5	4	5	2	2	6	4	2	2	2	2	0	3	3	0	6	1	3	3	1	5	4	0	2	0	1	1	1	3	3	3	5	4	3	2	4	2
379	2	2	2	2	1	2	3	5	3	1	3	3	3	6	2	1	2	4	4	3	2	1	4	6	3	1	2	0	2	0	2	1	2	2	3	2	2	5	5	3	3	4	4	6	5	0	2	0	3	3	1	2	2	2	2	-3	0	0	1	0	4	3	6	4	3	1	2	3	5	4	0	3	3	5	1
380	1	2	2	1	4	5	4	5	4	6	3	3	5	3	6	0	2	3	2	3	3	5	3	4	5	0	3	2	2	2	4	4	6	5	6	5	4	6	6	5	4	5	5	5	7	8	7	10	7	9	10	7	11	9	11	8	6	11	8	10	6	6	7	6	8	4	5	6	6	5	3	4	5	5	7
381	0	2	1	3	4	0	3	2	4	4	2	3	4	3	4	0	2	1	1	0	0	0	-2	0	0	0	1	1	0	1	2	2	4	3	4	3	2	4	4	5	2	3	3	3	2	1	2	3	2	2	0	1	0	0	2	1	1	3	2	2	0	1	0	1	-1	3	1	2	0	4	3	2	5	3	7
382	0	1	1	3	5	0	0	-2	2	4	0	1	-1	1	3	0	0	-1	1	3	0	2	0	1	2	-2	0	0	1	4	2	2	0	2	1	1	2	-2	1	3	1	1	3	3	6	3	2	4	4	7	4	3	3	3	5	1	2	1	2	1	1	3	0	1	3	0	2	0	1	5	-1	1	0	2	3
383	4	3	4	1	4	2	2	5	3	5	0	3	5	4	4	2	4	5	4	7	0	2	0	0	1	1	4	4	3	4	1	3	3	3	4	-1	1	0	0	1	0	0	0	0	0	-2	0	-2	0	0	3	3	5	2	6	4	2	2	3	4	1	4	4	4	4	2	2	5	3	4	2	4	3	4	6
384	5	3	4	5	6	6	4	6	3	6	4	3	1	2	1	4	3	6	4	7	0	3	2	3	2	2	3	2	1	2	1	2	3	3	2	0	2	-3	1	0	2	3	2	5	1	4	3	4	4	6	2	3	5	3	2	5	4	5	5	4	4	3	2	5	4	3	3	2	4	1	2	3	6	5	4
385	0	0	0	3	2	2	3	2	3	2	1	2	2	1	2	3	2	4	2	2	1	1	3	2	3	1	2	3	1	6	4	1	4	2	4	1	3	3	3	2	2	1	2	2	3	0	1	0	1	1	-2	0	-3	0	-1	0	1	1	1	1	-4	0	-2	0	0	1	0	0	0	0	-1	0	0	0	0
386	0	0	0	3	0	0	1	4	5	2	0	0	0	2	0	0	1	3	3	1	1	1	3	3	1	-3	0	-1	0	0	2	0	2	5	2	0	1	0	2	1	0	0	3	4	2	0	1	1	2	1	-2	0	0	1	0	-1	0	0	1	0	-1	0	0	1	0	1	0	1	2	1	0	0	1	2	4
387	0	1	3	3	4	3	1	2	5	2	1	1	5	5	5	1	1	3	3	3	2	2	5	4	7	0	1	3	2	5	-1	0	1	2	3	-1	0	0	1	1	1	1	1	0	2	0	0	0	2	2	0	1	2	2	3	2	3	7	5	5	6	3	7	5	9	3	2	2	2	6	1	2	0	4	4
388	3	3	3	4	4	2	4	4	5	7	1	2	0	3	3	0	2	0	4	5	2	2	2	6	4	2	3	1	4	6	5	4	5	6	6	7	4	7	4	5	4	4	4	6	7	5	4	6	5	5	5	4	6	8	6	6	3	4	4	6	1	4	5	5	5	3	3	3	3	5	4	4	5	5	7
389	3	4	6	7	8	3	2	6	2	6	3	4	1	5	4	-1	3	3	2	2	0	1	1	1	4	-1	1	3	0	2	0	1	0	0	2	0	3	0	3	3	4	3	5	4	6	3	4	5	4	7	3	2	7	5	8	5	3	5	3	5	4	3	7	2	8	4	3	9	4	6	4	3	4	5	7
390	1	3	3	2	2	1	1	2	2	3	0	1	0	4	3	1	1	0	4	1	0	1	0	2	0	0	0	0	1	0	1	1	0	4	2	1	3	2	3	2	0	1	0	2	2	-3	0	-1	0	-2	-1	1	-1	2	4	2	1	5	3	3	2	1	2	2	1	1	2	1	4	2	0	0	0	4	-1
391	3	3	3	5	7	1	0	0	2	3	2	3	3	5	5	2	3	2	4	4	2	2	3	5	6	0	2	3	3	3	0	2	1	4	2	3	4	2	4	6	5	2	5	6	7	1	3	5	3	6	0	1	0	3	3	2	3	2	6	5	3	3	6	5	7	4	2	2	6	6	3	3	3	7	7
392	5	5	8	8	5	4	5	7	5	6	0	4	3	4	4	2	4	5	5	4	4	5	7	7	5	3	5	10	7	6	6	4	7	6	6	7	7	10	8	7	3	5	7	6	5	5	6	8	6	8	2	6	6	4	5	4	7	6	5	7	5	5	8	7	4	6	4	10	6	8	3	5	6	7	5
393	-1	0	0	0	2	1	1	3	2	4	1	1	0	1	4	2	1	3	1	4	1	2	5	3	6	2	2	4	2	6	4	2	7	3	6	2	2	7	3	7	3	1	4	1	5	0	1	3	1	3	0	2	4	1	4	1	1	1	2	3	2	2	2	3	5	0	1	1	0	3	0	0	1	1	2
394	2	4	3	2	4	4	4	3	3	4	4	5	3	5	3	6	5	5	5	6	4	5	6	5	5	5	5	3	4	6	3	4	4	4	4	3	6	2	6	5	4	4	7	4	3	4	4	6	5	3	3	4	4	3	3	3	5	3	4	7	3	2	2	3	1	1	2	0	2	2	2	4	4	4	4
395	0	4	6	2	4	0	3	3	1	2	2	4	4	3	3	5	4	8	5	6	3	3	7	4	6	3	4	7	5	8	1	2	0	3	3	2	2	3	2	3	3	4	6	4	7	4	3	3	3	6	2	3	3	3	3	1	2	3	1	1	2	2	3	3	5	3	3	6	5	6	5	5	5	2	7
396	0	0	1	2	2	0	0	0	0	0	0	1	0	2	1	-5	0	-4	0	0	-1	0	1	2	3	0	2	0	2	0	1	2	1	4	5	0	1	2	1	1	1	1	5	3	3	1	2	3	3	3	-1	0	0	0	0	0	1	1	0	2	1	0	2	3	5	-3	0	-1	0	2	-3	0	-1	0	1
397	4	4	4	4	6	2	3	3	2	3	2	3	2	3	4	3	5	3	5	6	0	2	0	1	3	4	2	3	3	5	4	3	2	2	3	4	2	4	2	4	5	4	4	2	5	3	3	4	4	6	3	3	4	5	4	5	3	5	5	3	0	3	2	2	4	6	3	4	5	5	4	3	4	5	4
398	2	0	1	1	3	1	1	0	3	3	-1	0	-1	-1	1	1	1	0	1	2	1	0	2	2	2	1	2	3	2	2	0	0	-1	1	1	1	1	1	1	3	3	0	2	1	4	0	0	2	2	0	2	0	0	1	1	0	0	-2	2	3	2	1	3	1	6	3	2	4	3	3	-1	1	1	1	1
399	5	4	7	6	6	6	4	6	4	6	4	5	8	7	6	4	4	5	5	6	5	3	4	5	8	6	5	7	5	7	3	4	4	3	5	6	3	8	4	8	5	3	5	5	6	6	5	6	5	6	4	2	2	2	1	3	3	6	5	6	3	4	4	4	3	5	3	5	6	7	4	2	1	2	2
400	1	1	2	0	1	1	2	1	3	2	1	3	2	3	3	-1	3	1	1	1	1	2	-1	1	1	-1	0	0	0	0	0	1	0	1	0	0	1	0	1	-2	-1	0	0	2	0	3	3	8	3	5	0	2	3	1	1	2	2	2	5	3	2	1	0	2	5	0	3	3	2	2	0	0	0	1	0
401	0	0	-2	0	3	0	2	-1	1	1	-3	1	0	0	1	-2	0	3	2	1	0	2	3	6	3	0	2	2	3	3	0	1	1	2	4	0	1	1	1	1	-2	0	-2	1	0	0	1	1	2	2	0	3	1	3	3	0	2	5	4	5	0	2	4	3	2	1	2	2	4	4	0	2	2	3	1
402	0	2	0	0	2	1	3	0	4	8	3	3	3	4	5	2	3	2	6	4	2	1	2	5	3	3	3	6	4	6	4	4	6	4	7	3	4	6	5	4	1	3	0	5	6	3	4	6	7	8	5	3	5	6	6	1	2	2	4	3	4	3	4	4	8	0	4	1	4	5	4	3	4	7	8
403	5	3	4	5	6	3	2	4	4	5	4	5	6	5	7	5	3	7	5	8	4	3	4	5	5	5	5	7	6	9	4	4	6	4	7	0	4	0	2	2	1	4	1	2	3	0	2	2	2	3	0	0	0	1	0	3	3	3	4	3	3	2	2	1	2	2	3	1	2	4	2	4	0	3	4
404	3	2	2	5	4	4	3	3	4	2	3	4	6	4	5	1	2	1	2	1	0	2	1	4	3	2	3	5	2	1	4	3	4	4	3	4	4	6	4	3	2	2	2	2	1	3	3	4	6	2	0	3	3	3	1	0	1	1	1	0	0	1	1	0	-1	-2	2	-1	0	-1	-1	1	-1	0	-1
405	1	0	2	4	2	0	3	4	3	0	2	1	0	2	4	6	3	8	5	5	3	2	4	4	3	2	2	3	3	3	2	1	1	3	3	2	2	1	1	4	0	0	-1	2	2	1	2	0	0	0	1	1	2	2	1	3	2	6	5	6	3	1	4	5	2	2	2	2	3	5	0	1	2	3	3
406	6	3	3	5	7	3	4	3	4	7	3	4	5	6	8	5	2	3	5	6	2	1	0	2	4	5	5	4	5	7	3	2	1	4	4	0	2	-2	0	2	0	0	2	2	4	6	2	3	5	7	7	4	4	6	9	6	4	4	6	8	1	4	3	3	5	4	3	3	5	6	2	2	1	4	5
407	4	5	4	3	7	3	3	2	3	3	1	4	1	3	4	3	4	1	2	4	2	2	1	3	2	4	1	5	2	3	3	3	4	3	6	2	4	4	4	5	7	5	7	6	6	4	4	4	3	4	1	4	3	5	1	0	1	-1	0	1	1	3	-1	1	1	2	3	1	2	2	0	3	3	3	4
408	4	2	2	4	4	1	1	0	2	3	2	3	3	2	2	0	0	0	2	2	1	0	0	0	4	0	1	0	2	2	-1	1	-1	0	0	0	2	1	2	2	0	1	0	2	0	1	2	1	2	3	4	2	1	3	3	0	2	0	0	1	5	4	3	3	6	2	3	4	2	4	1	1	1	1	4
409	1	2	3	5	3	0	3	1	4	2	3	3	3	4	3	1	2	5	5	3	1	2	2	3	4	1	3	2	4	2	1	2	0	6	2	1	2	3	4	1	4	3	3	7	4	6	6	7	8	9	4	3	9	7	8	3	3	0	4	2	1	2	2	3	4	2	3	6	7	7	3	3	5	6	7
410	0	0	0	1	0	1	2	2	3	1	0	3	4	4	4	5	4	8	5	6	0	3	3	3	2	3	2	6	4	7	0	3	4	2	6	0	1	1	2	0	0	2	2	1	2	1	0	2	1	1	-1	1	2	1	0	0	0	0	2	2	1	2	3	4	5	0	2	1	1	5	0	0	1	0	1
411	4	2	4	3	4	3	4	4	4	4	1	3	3	1	1	3	2	0	0	0	-1	2	2	0	0	-1	3	1	3	-1	0	2	1	0	-2	0	3	0	0	0	0	2	1	2	-1	3	3	3	1	2	2	3	7	3	4	4	4	4	3	2	0	1	1	0	0	1	4	1	2	0	1	3	4	4	2
412	2	1	1	3	6	2	2	2	1	5	2	2	4	3	5	3	2	5	3	6	3	0	2	0	4	1	1	-1	2	3	3	1	3	1	4	4	1	6	4	9	5	4	8	7	10	1	2	0	4	6	4	2	5	4	8	0	1	2	2	4	-1	1	-1	1	0	0	1	0	1	3	0	0	2	2	4
413	0	1	1	2	1	1	2	4	5	2	3	2	6	5	4	1	1	2	1	3	3	1	4	3	4	1	3	3	3	2	0	2	5	2	3	0	1	4	2	0	2	1	3	4	3	0	1	2	1	2	-1	2	0	1	1	0	2	0	2	0	0	2	3	4	4	-1	1	0	2	1	0	3	4	2	3
414	2	1	2	2	7	0	1	2	3	5	0	0	0	0	4	4	2	2	4	7	3	1	5	5	9	0	0	1	1	3	0	1	4	2	3	4	2	7	4	7	1	2	3	0	7	3	2	7	4	10	3	1	6	3	6	0	1	0	2	3	0	0	0	2	5	-1	0	0	2	1	1	0	0	3	5
415	0	2	-1	1	1	0	3	1	3	3	2	2	1	1	4	2	4	1	2	4	2	4	3	3	6	4	3	5	6	6	2	3	4	4	6	4	6	7	5	8	2	2	2	3	2	1	3	3	3	4	-3	0	-4	-1	-1	0	2	2	2	3	5	5	5	6	7	7	4	7	6	6	3	3	4	2	3
416	3	6	5	5	5	4	5	6	5	4	6	6	9	6	8	5	5	5	5	7	8	8	8	8	8	5	6	7	6	6	3	6	6	5	3	2	4	3	3	3	4	5	4	4	6	4	4	7	6	5	0	3	3	4	3	3	4	5	5	6	7	6	7	6	8	9	8	11	7	10	8	6	8	7	10
417	2	3	4	3	5	-1	2	0	1	1	0	2	0	1	0	2	3	1	2	1	3	3	5	3	5	3	2	3	3	2	0	4	2	4	3	5	4	3	6	3	3	4	5	5	5	2	3	4	5	3	6	4	6	3	6	5	3	4	3	5	0	2	-1	0	0	2	3	3	2	3	3	3	3	3	3
418	0	2	3	3	6	0	0	1	3	4	-1	0	-2	2	2	0	0	0	2	6	2	2	1	3	5	0	2	4	2	3	0	1	1	3	3	0	1	2	4	4	0	0	0	1	3	1	1	2	2	4	-3	-1	-4	0	-1	1	1	4	2	6	3	1	4	2	6	-1	0	0	2	4	1	0	3	3	4
419	0	1	1	0	0	1	2	1	1	1	0	0	2	2	1	1	2	0	1	3	0	2	0	3	1	4	4	4	5	5	5	4	3	4	3	3	3	4	3	7	3	2	4	4	4	2	2	3	1	1	1	2	0	3	3	2	3	5	5	4	0	1	0	2	2	0	1	0	3	1	0	1	0	0	2
420	5	3	4	3	5	7	5	7	4	4	4	4	8	5	5	2	3	4	4	5	4	4	5	5	6	4	4	5	2	5	6	4	9	6	7	6	6	7	6	7	4	6	9	3	6	5	5	7	3	6	2	3	4	2	2	0	2	0	3	0	1	4	3	3	2	4	5	5	5	7	6	5	6	5	7
421	1	1	0	2	4	0	1	2	3	4	1	0	-1	1	2	0	0	0	2	1	0	0	-1	2	2	-1	0	-2	1	-1	0	0	-3	0	0	0	0	0	3	3	-2	0	-4	0	1	-1	-1	-1	1	-1	-3	0	-3	1	1	0	0	0	2	0	0	0	-1	3	4	0	1	3	1	4	2	2	4	3	5
422	0	1	3	2	2	0	0	-2	0	0	1	0	1	0	3	1	2	3	3	7	1	1	6	3	6	1	2	2	2	3	2	2	2	3	5	1	2	1	1	5	0	0	-2	1	1	0	0	-1	1	2	0	1	0	0	1	-1	2	-2	0	0	0	1	0	0	0	2	4	4	1	3	3	3	5	3	6
423	2	3	0	5	3	2	3	1	3	5	3	3	3	2	7	4	3	7	6	5	4	2	2	6	6	4	2	5	5	6	4	2	5	4	5	1	1	1	0	1	0	1	0	1	0	0	0	0	0	3	1	0	1	3	3	5	4	4	6	6	2	4	2	3	4	4	5	9	5	5	2	2	3	4	6
424	2	1	1	2	3	0	3	2	3	3	1	1	1	2	1	2	2	3	2	2	0	1	2	2	2	1	1	1	0	1	1	2	2	2	4	3	1	3	1	5	1	2	0	1	4	0	0	1	2	3	0	1	2	2	2	3	0	4	3	6	1	2	2	2	3	0	0	0	1	1	0	1	0	0	0
425	2	3	5	5	5	2	3	6	5	5	3	4	4	5	3	3	3	7	6	7	1	4	4	5	4	4	4	4	6	4	0	1	3	4	4	2	2	5	3	6	3	2	1	3	2	0	1	3	4	2	2	3	5	4	2	2	2	3	3	3	2	3	4	4	2	2	2	2	3	2	2	1	3	4	5
426	2	3	6	0	3	4	4	3	3	4	6	4	6	4	5	5	4	8	4	5	5	4	7	3	7	6	4	9	4	5	3	4	3	3	3	5	5	9	3	7	4	3	5	1	4	2	2	1	0	0	0	2	2	3	1	2	4	3	0	2	0	1	0	0	0	0	2	2	1	2	3	3	4	2	2
427	-2	0	-2	0	1	-3	-2	-4	0	-1	-2	0	-1	0	0	0	0	0	0	3	-1	0	0	2	0	-4	-1	-4	-1	-3	-1	-1	0	0	0	0	0	2	2	2	0	0	0	0	2	0	0	1	2	1	2	0	2	2	1	0	1	3	1	4	1	1	5	3	6	0	-1	3	3	1	-1	0	0	2	0
428	4	3	4	4	6	2	1	3	1	4	3	3	4	4	5	3	4	7	3	4	2	2	1	1	4	5	1	3	2	5	2	1	4	2	4	4	3	5	3	4	0	2	0	2	3	2	4	2	1	4	1	2	0	0	5	0	1	-2	0	0	3	3	5	4	4	0	1	2	3	1	4	4	5	3	4
429	-2	1	-2	-1	-2	-5	-2	-4	-1	-4	-3	0	-1	-1	-2	1	1	0	0	0	-1	0	0	0	-1	1	2	0	0	-1	-2	0	-4	0	-3	0	0	0	0	-2	0	3	0	1	0	4	2	4	3	3	2	2	3	3	1	4	4	4	5	4	1	3	2	2	2	0	1	1	2	0	0	2	1	2	0
430	2	4	3	4	4	3	2	4	5	7	1	2	0	3	3	5	3	4	4	5	3	2	1	4	4	2	3	3	4	5	0	2	3	4	4	3	3	4	4	3	1	3	4	5	3	1	2	2	2	4	1	0	-2	1	1	3	3	6	5	4	2	2	0	2	1	1	3	1	1	6	1	3	3	4	3
431	4	2	3	4	6	3	4	6	4	6	7	4	6	5	6	4	4	4	4	6	4	4	5	4	5	5	5	7	7	8	2	3	4	3	3	6	5	4	6	6	4	4	4	3	5	5	4	6	5	8	2	5	5	3	6	4	4	5	3	5	3	4	4	7	8	2	2	3	2	3	2	1	3	2	6
432	0	-1	0	0	1	2	1	4	2	6	1	2	6	5	5	1	2	4	2	5	1	1	3	3	5	0	0	2	3	3	2	2	6	6	6	2	0	5	6	7	0	0	3	4	2	0	0	0	1	4	-1	0	2	3	1	-2	0	1	2	3	2	2	6	5	5	1	2	7	6	7	0	0	6	4	4
433	0	1	0	1	2	-1	0	-2	0	-3	0	2	0	2	1	0	1	1	2	1	0	2	1	1	2	3	2	3	2	3	4	3	7	4	7	3	4	4	4	4	3	2	4	2	5	1	1	5	4	5	3	3	3	3	5	5	4	8	4	8	0	1	4	3	1	0	1	0	3	3	2	2	4	3	4
434	3	3	1	4	5	4	4	5	6	4	3	4	4	5	7	5	3	6	6	7	6	3	9	5	6	3	1	3	2	5	3	4	3	6	6	2	2	2	3	4	2	3	4	5	5	2	2	2	4	3	2	3	0	3	5	2	3	2	4	4	3	4	0	2	4	0	0	0	0	4	1	3	1	3	5
435	0	3	4	4	3	-1	2	0	5	2	-1	0	-1	4	0	0	0	2	2	1	-3	1	0	1	-2	0	0	3	2	2	-1	1	0	2	0	0	1	2	3	1	-1	0	1	2	1	2	3	7	6	5	0	1	1	6	1	2	4	6	5	2	0	1	3	4	1	0	2	3	4	0	-2	1	0	1	0
436	0	1	0	0	4	2	3	3	5	5	4	2	4	6	4	5	2	3	5	5	5	2	6	6	7	3	3	3	5	7	4	3	3	6	5	3	2	6	5	7	1	1	0	3	2	2	1	2	4	4	2	2	2	2	2	3	2	1	3	5	2	1	3	4	4	-1	0	0	0	0	1	0	1	2	2
437	0	1	4	4	4	-1	0	-1	1	0	0	2	1	4	3	0	1	3	4	3	3	2	2	4	5	2	1	1	3	5	-1	1	3	3	1	0	1	2	3	2	0	1	1	2	2	1	1	0	4	3	0	1	2	3	4	0	1	1	4	5	0	1	4	4	4	1	1	2	3	5	0	0	2	2	2
438	-2	0	0	0	2	0	1	0	2	3	0	0	0	0	3	-2	0	0	0	1	0	1	0	0	3	2	2	2	1	4	0	3	3	1	2	0	0	2	0	1	1	1	1	1	4	3	0	2	1	0	0	1	0	0	4	-2	1	0	0	0	-5	0	-1	0	0	0	1	0	1	3	0	0	1	2	3
439	5	4	5	7	6	1	4	3	4	6	3	2	3	3	6	4	5	5	8	7	8	5	6	7	11	4	5	3	6	5	6	5	6	7	7	5	4	4	6	7	6	5	6	7	7	10	7	10	10	12	7	5	7	10	8	4	5	7	6	6	3	5	4	6	7	3	5	4	6	7	4	4	4	7	7
440	1	0	1	1	0	0	0	3	2	2	5	3	5	5	6	0	1	0	2	2	1	2	0	3	0	4	2	4	3	3	3	3	3	4	4	4	1	1	5	5	5	3	4	5	4	0	2	0	5	2	1	3	2	3	2	0	1	2	3	1	0	3	1	1	3	0	1	0	2	1	2	0	0	3	1
441	5	4	5	4	6	3	5	5	4	6	2	3	5	3	4	6	4	7	5	6	2	4	5	5	2	6	5	9	5	6	5	5	7	4	6	5	6	5	5	7	2	3	4	3	4	3	5	5	4	4	5	5	8	5	6	5	6	9	6	8	4	4	6	5	5	5	5	7	5	6	4	4	4	4	4
442	2	1	0	2	4	-1	0	-1	1	2	2	2	3	2	4	0	0	1	2	3	2	0	1	2	4	1	1	0	2	3	1	0	1	0	2	4	2	3	2	6	2	1	0	1	5	2	1	1	4	4	0	-1	-2	0	2	0	0	1	2	3	2	0	1	2	2	1	1	-1	1	3	0	1	0	0	4
443	0	1	2	3	3	1	2	3	3	4	1	3	2	4	4	-1	1	0	1	1	-2	0	1	1	1	-3	1	2	1	2	0	2	4	3	5	-1	0	2	1	3	-1	0	-1	1	1	1	0	3	2	3	-2	0	0	0	2	-2	0	1	2	2	0	1	0	2	2	0	2	3	4	5	2	2	5	3	4
444	4	3	8	3	5	3	3	6	5	6	4	5	6	6	9	5	4	7	6	9	4	3	7	6	9	5	5	9	6	10	6	5	8	6	10	0	2	1	2	3	2	2	5	4	5	2	4	8	5	6	4	3	6	6	10	1	1	2	1	4	0	2	2	1	2	2	3	2	4	5	5	4	7	6	11
445	3	3	3	5	4	4	3	5	3	4	1	3	3	2	5	0	1	6	4	4	0	2	2	1	1	-1	1	1	2	4	2	4	4	4	6	3	3	4	4	4	2	1	2	4	4	3	4	2	3	5	1	2	3	4	3	1	1	2	3	3	0	2	0	2	3	3	3	2	5	4	3	2	4	2	5
446	3	2	5	3	2	2	2	4	4	5	1	1	4	3	2	0	0	2	1	0	1	2	2	4	4	-1	1	2	4	1	3	2	4	6	3	4	1	6	5	5	1	1	4	3	4	2	0	2	4	2	0	1	2	2	1	1	1	1	3	1	1	1	2	2	3	1	2	5	4	3	-2	0	-2	2	0
447	0	2	2	5	4	1	1	1	3	4	4	4	3	8	7	3	3	4	5	7	2	0	6	7	4	1	4	7	7	6	1	3	3	6	6	0	2	1	3	5	1	2	1	3	3	2	3	3	4	2	2	2	4	3	5	3	1	2	4	5	3	1	3	5	5	2	2	8	8	7	0	2	0	3	5
448	2	2	0	3	0	0	4	3	5	4	4	3	7	5	5	0	2	0	2	0	-3	0	-3	0	-3	-2	1	-1	1	-4	-2	1	-2	0	-1	-2	0	-3	1	-1	0	0	0	2	-1	1	0	-1	2	-3	-1	1	-3	1	-1	0	1	0	2	-2	2	2	4	3	3	0	3	0	3	0	0	2	0	2	0
449	5	7	9	6	7	4	4	6	5	5	5	5	9	7	8	4	3	4	5	6	5	4	4	6	4	6	5	6	6	7	7	5	8	6	7	3	5	6	3	8	4	3	4	3	7	6	6	8	6	10	4	3	8	5	6	3	5	4	6	7	5	4	8	6	6	6	6	5	6	8	5	4	4	4	4
450	0	4	5	4	5	2	4	4	4	6	1	4	7	4	6	3	1	4	2	3	0	2	2	4	4	1	5	4	4	6	0	1	2	1	2	1	2	3	3	5	3	4	10	6	9	5	5	8	7	9	3	5	8	5	11	0	2	2	3	3	2	2	5	4	5	0	1	5	2	4	2	4	3	1	7
451	0	1	0	-1	3	2	1	5	1	4	3	0	3	0	5	0	0	2	1	3	2	0	2	1	4	1	0	0	0	3	4	1	3	1	4	4	2	3	4	5	1	0	1	1	2	0	0	0	0	0	1	0	3	1	3	1	0	2	2	4	1	0	2	1	2	2	0	2	0	4	2	1	-1	0	2
452	1	1	6	2	4	3	1	3	5	5	0	0	2	2	3	0	1	3	3	2	-3	0	-1	0	-1	-1	0	1	1	2	0	0	0	1	4	2	1	4	2	3	2	2	5	4	5	-1	0	2	0	2	2	1	2	1	3	1	0	1	0	2	-1	0	0	1	2	0	0	-1	0	0	0	0	0	2	4
453	0	2	0	2	4	4	1	2	2	4	3	1	4	4	4	2	2	3	4	3	1	1	1	1	2	2	1	-1	2	3	2	2	5	2	4	2	3	3	3	6	2	3	4	2	6	4	2	8	5	8	3	3	5	5	7	3	2	3	2	2	-2	0	-1	0	0	2	0	0	1	3	1	2	2	3	3
454	2	2	4	1	5	2	1	4	1	3	0	1	0	0	0	-1	0	1	0	0	0	0	0	1	0	0	1	0	2	3	1	1	3	0	1	0	1	3	3	5	6	3	6	4	6	2	2	4	3	6	3	3	3	4	5	2	3	3	1	2	1	1	0	2	3	2	0	1	1	2	-1	0	-3	0	0
455	1	1	0	3	1	4	3	5	4	5	0	2	1	2	1	0	2	0	2	3	1	1	0	3	5	1	1	2	3	3	-3	0	-1	0	-1	0	1	-2	1	0	-2	1	0	1	1	-2	0	-1	2	0	0	2	1	1	3	-3	0	0	0	-1	0	1	0	1	1	0	0	0	1	2	0	2	3	1	2
456	8	6	9	9	11	4	4	4	5	11	8	5	6	7	10	6	7	9	7	7	4	5	6	4	7	2	2	2	3	4	2	3	5	3	6	2	5	8	5	7	6	5	6	7	10	3	3	4	5	7	3	5	5	5	11	5	4	5	5	9	3	4	5	4	6	3	3	5	6	8	5	5	7	7	10
457	0	0	0	1	0	1	1	1	2	5	2	1	1	2	1	0	0	0	0	1	1	1	3	3	3	1	3	4	2	4	4	0	4	3	4	3	2	4	4	7	1	1	1	1	3	-1	1	0	0	2	1	1	-1	0	0	1	2	2	2	4	0	-1	0	0	0	-3	0	-3	0	-1	-1	0	-3	0	0
458	1	2	2	2	4	4	3	3	5	4	4	3	5	4	7	1	2	0	2	3	2	2	2	1	0	4	3	3	3	7	2	2	3	2	5	3	2	4	4	6	0	3	3	2	3	3	2	4	3	4	3	2	3	3	5	5	4	6	6	6	2	3	2	2	3	5	2	3	4	6	1	1	3	3	2
459	4	1	4	4	7	3	2	6	2	5	3	1	3	3	7	1	1	3	1	3	3	1	0	3	3	3	1	2	3	5	3	2	3	4	6	3	1	6	5	8	2	1	3	3	4	0	1	2	2	4	1	1	2	4	4	-1	0	0	1	2	3	0	3	5	7	4	1	2	4	6	0	0	-1	2	2
460	3	3	4	5	5	5	5	7	3	6	4	4	8	4	8	0	2	1	2	0	3	3	4	6	5	1	4	3	2	4	0	2	0	2	1	1	2	3	2	4	0	2	4	3	3	2	3	7	3	4	5	4	6	5	6	3	4	5	5	4	0	2	1	1	2	0	2	0	0	0	1	2	6	3	4
461	1	2	2	4	3	3	2	2	3	4	4	4	6	7	5	4	4	2	7	3	1	0	2	4	3	1	1	1	3	3	1	1	1	3	1	2	2	2	4	6	1	2	0	3	1	3	2	3	6	6	1	0	0	3	2	0	0	-2	2	0	0	1	0	1	1	0	2	-3	1	1	5	3	3	6	5
462	3	4	5	2	5	4	5	6	4	5	4	4	4	3	3	6	5	9	5	5	6	5	8	6	8	3	3	5	3	1	1	3	3	2	0	5	5	5	5	4	5	5	3	3	3	6	5	8	3	4	4	4	5	3	5	4	3	4	2	2	2	1	4	2	2	3	4	5	3	4	3	3	3	4	3
463	1	1	0	1	3	-1	2	1	1	1	1	2	2	2	4	0	0	0	2	1	2	0	1	1	5	0	1	0	2	0	0	0	1	1	3	0	1	0	0	1	0	1	0	1	0	0	1	1	1	2	-1	1	0	2	2	3	2	4	3	6	4	4	5	3	6	4	3	5	5	8	4	4	5	5	9
464	5	3	7	5	6	5	5	7	4	6	7	5	6	5	6	3	2	4	3	5	4	4	5	4	6	4	4	7	4	5	4	4	5	3	7	4	5	5	5	7	0	1	0	1	0	3	2	4	3	3	2	4	4	4	6	4	3	5	5	6	3	4	5	5	5	5	4	9	7	6	7	4	8	8	7
465	4	1	2	3	4	0	1	0	3	1	3	2	1	3	5	2	1	1	2	3	0	2	-1	2	2	-1	0	-4	1	0	4	3	3	4	5	5	4	5	7	8	6	2	5	5	6	2	3	2	4	3	4	3	7	6	6	2	3	1	4	6	6	5	7	7	9	4	4	5	4	5	4	4	4	7	8
466	0	1	0	0	1	4	1	2	5	4	-1	2	1	1	3	3	2	2	3	3	0	0	0	1	4	0	0	1	2	5	1	0	2	2	2	1	2	3	3	3	0	2	2	3	2	0	0	3	1	0	2	2	4	3	2	0	1	0	3	2	0	1	2	2	4	1	1	4	4	3	2	0	3	3	4
467	-1	0	-1	2	3	-1	0	0	0	1	-2	0	0	1	1	-1	0	0	2	3	-1	0	-1	0	1	-1	1	0	0	2	-1	0	2	1	3	-1	1	2	2	3	0	0	0	1	5	-1	0	4	2	4	-1	0	0	0	2	0	0	0	1	2	-3	0	0	0	2	0	1	2	4	2	2	2	5	2	7
468	0	0	0	3	6	1	-1	1	2	3	0	0	1	2	5	1	0	2	2	5	1	0	3	2	4	-1	-1	-1	0	1	3	0	0	2	3	-2	0	-1	1	0	1	0	0	2	4	1	0	0	0	2	0	0	0	0	1	-2	-2	-4	0	0	-2	0	0	0	2	-1	-1	-1	-1	2	0	-2	-1	0	0
469	3	2	3	5	4	2	1	1	4	3	6	3	7	6	7	5	4	6	5	8	4	3	7	6	6	3	2	1	4	5	2	1	1	3	3	0	1	-2	1	1	1	1	0	2	1	1	2	1	2	2	1	2	0	1	1	1	2	0	2	1	1	2	2	2	4	2	2	2	3	6	1	1	1	2	3
470	0	2	0	2	1	-1	0	0	3	1	-3	0	0	2	0	0	1	1	2	3	-2	0	1	0	1	-1	0	1	1	1	1	0	0	2	4	0	1	1	3	4	1	2	2	2	4	0	1	4	3	5	1	2	2	3	4	0	0	0	3	1	0	1	0	2	1	0	1	0	2	3	0	2	4	3	5
471	0	1	2	2	5	0	0	2	2	2	-1	1	0	0	2	0	0	3	3	1	0	-1	0	1	2	-1	0	2	2	1	0	0	0	0	0	0	0	0	2	0	-2	0	0	-1	0	0	0	-1	0	3	-1	0	-3	0	-1	-3	0	-2	-1	-2	-2	0	-1	0	0	2	1	1	2	3	-2	0	0	1	1
472	0	0	3	4	3	2	2	2	5	4	-1	1	-1	3	2	-1	1	0	2	1	-3	0	-2	1	1	0	3	4	6	6	1	3	7	5	6	2	4	6	5	8	0	2	1	5	5	4	4	6	5	7	3	2	3	5	6	0	1	3	3	5	2	2	1	4	7	0	3	4	6	6	1	0	0	3	3
473	7	4	10	8	9	4	4	5	5	5	2	3	3	7	7	2	4	4	4	5	3	3	6	8	5	4	4	9	6	9	1	3	5	6	5	2	2	6	5	8	3	2	7	7	6	3	3	4	6	8	5	3	8	5	8	5	4	7	7	9	1	1	3	3	4	0	2	2	4	6	0	4	4	4	6
474	-2	2	0	2	2	2	2	7	5	6	1	2	3	3	5	2	3	1	0	6	3	3	6	6	4	3	3	7	6	6	3	4	4	6	6	3	3	3	3	8	4	1	5	5	7	0	3	5	4	5	3	3	5	4	7	0	2	4	3	3	-2	0	0	0	1	2	0	2	1	5	-1	2	4	1	4
475	3	4	7	6	6	0	2	2	1	1	2	2	1	3	3	0	2	0	2	-2	-1	3	0	2	0	2	3	4	4	3	4	4	3	7	6	4	5	7	7	5	3	4	3	5	4	2	3	2	4	2	3	5	6	5	5	1	1	0	5	4	0	2	2	4	4	0	2	2	3	2	-1	2	-1	1	1
476	1	2	5	4	4	0	2	2	4	4	3	3	9	7	8	1	0	3	4	6	-3	0	0	1	3	1	4	1	2	4	1	2	5	5	5	1	1	4	5	5	1	2	4	5	5	2	3	6	5	4	1	2	4	4	3	-3	0	-1	0	1	-1	1	2	3	4	0	1	6	2	4	5	3	8	6	7
477	-1	0	0	1	2	-1	0	1	0	5	-3	0	-1	0	2	1	0	0	2	3	2	2	2	1	6	-1	0	2	0	3	0	0	0	2	2	-2	0	0	0	0	-2	0	0	0	2	2	0	0	1	3	0	0	0	1	2	3	0	1	1	4	2	2	3	2	3	0	0	2	0	1	0	0	1	1	1
478	3	1	2	4	2	0	2	1	3	1	3	2	3	3	3	-1	2	1	3	1	2	3	4	5	4	1	3	4	4	4	0	1	0	3	0	0	2	3	3	3	1	3	3	4	4	3	2	5	4	3	1	1	2	2	3	2	2	3	4	3	0	1	-1	0	0	0	2	0	3	4	1	3	2	4	4
479	2	1	6	3	4	1	1	4	5	4	5	3	6	7	6	3	3	3	4	4	0	2	2	4	4	0	1	1	4	1	2	2	5	5	4	2	3	4	5	5	5	4	9	6	7	2	2	5	7	9	3	3	4	7	7	0	2	1	4	4	1	2	0	4	1	3	2	2	4	3	-2	0	-1	1	0
480	4	4	5	4	7	5	4	10	7	10	4	2	3	4	3	4	3	5	6	8	5	2	3	3	6	2	1	3	3	2	0	1	4	2	3	0	1	1	2	2	3	2	2	5	4	1	1	2	2	2	0	0	0	0	0	0	2	4	4	3	1	2	0	2	3	1	1	1	3	4	3	2	5	3	3
481	0	2	0	0	0	0	1	0	0	-2	0	1	-1	1	0	2	2	2	1	1	0	2	0	2	0	0	2	0	2	1	2	4	1	1	4	2	2	1	1	1	3	3	3	3	3	6	3	3	4	4	2	1	0	2	1	3	2	2	1	1	4	1	3	1	0	1	1	2	1	0	0	1	-3	0	0
482	5	4	10	6	10	0	1	5	3	4	2	2	2	3	5	2	2	4	3	5	1	2	5	1	4	0	2	1	2	3	0	0	0	1	1	0	1	-1	2	1	1	1	4	1	3	1	1	3	1	2	0	1	4	2	5	0	2	5	1	3	2	3	6	3	6	1	3	4	2	7	2	2	2	2	4
483	3	2	5	5	8	0	0	0	2	3	2	2	4	3	5	1	2	2	2	3	1	0	1	2	1	2	2	4	4	4	-1	1	3	1	2	0	1	0	2	1	-1	1	0	3	1	0	0	-2	1	0	-2	0	-4	0	0	-2	0	-1	1	2	3	2	1	3	4	1	0	0	1	3	0	1	0	4	4
484	1	1	0	2	4	3	3	3	4	6	2	2	-1	2	4	2	2	2	2	3	2	3	4	4	6	6	4	4	5	7	4	3	6	5	8	5	3	0	5	8	0	0	1	1	2	0	2	0	0	1	1	1	0	2	5	0	2	1	2	5	1	2	-1	1	3	2	3	3	4	6	2	1	2	3	3
485	0	2	2	2	2	0	2	0	3	0	-2	1	0	1	0	-3	0	-3	0	-3	0	1	0	0	0	0	1	2	0	2	1	1	1	3	2	1	2	5	4	4	1	2	5	6	1	1	2	0	2	3	0	2	0	0	0	0	2	3	4	2	3	2	1	2	2	5	5	5	5	4	2	3	4	4	2
486	1	1	0	0	2	0	0	0	3	3	2	0	2	3	2	1	0	-1	3	1	-3	-1	-4	-2	-1	-2	0	-1	0	1	2	0	0	1	3	4	2	6	3	3	0	0	5	2	6	4	1	3	6	5	3	2	2	3	5	4	1	5	3	5	1	0	-1	0	3	4	1	1	2	2	4	0	5	4	5
487	0	2	0	4	2	0	0	0	4	1	-4	0	-3	1	0	-3	1	-3	0	-1	0	0	1	3	1	2	0	3	2	5	3	1	4	3	3	2	0	2	2	2	0	0	0	2	0	-3	0	-1	1	0	-1	-1	-3	0	-4	0	1	0	2	1	5	2	5	4	5	0	1	2	4	2	0	0	-1	2	1
488	3	5	5	5	3	5	4	2	4	2	0	3	2	1	2	0	2	4	1	0	0	3	2	0	1	3	2	5	2	2	1	1	0	2	2	1	3	2	2	2	3	4	7	3	6	2	3	3	4	4	5	4	6	4	5	2	3	6	4	6	4	4	4	4	3	1	2	3	1	2	2	4	3	3	4
489	0	0	1	1	4	1	1	3	1	4	1	2	0	2	4	5	1	7	4	8	2	1	7	2	6	1	0	1	0	1	0	0	2	0	5	0	0	2	1	3	3	1	2	2	3	-1	0	0	0	1	-3	0	-3	-3	0	0	1	-1	0	0	0	0	0	-1	4	0	0	1	0	3	0	0	1	1	6
490	3	5	4	2	3	3	3	3	4	4	5	4	5	2	5	5	4	3	3	2	0	2	0	1	1	0	2	-1	0	1	1	3	3	3	2	0	2	1	2	0	4	3	5	3	5	3	3	3	5	2	3	4	4	3	5	3	4	1	0	2	1	3	2	2	4	4	5	5	6	4	5	4	6	4	6
491	3	2	5	5	8	2	1	0	2	1	-2	0	-1	0	-1	0	0	0	0	0	0	0	0	0	2	0	1	0	0	1	5	3	4	3	4	6	2	2	5	5	3	3	3	5	5	4	2	2	2	6	4	2	5	4	4	7	3	7	5	5	2	2	2	3	3	4	3	4	5	6	4	2	6	3	3
492	-5	-1	-2	0	-2	-2	0	-1	1	1	0	0	0	1	0	1	0	2	3	1	0	0	2	3	3	0	0	3	3	0	0	0	0	1	2	0	1	4	4	4	-1	0	1	3	3	0	2	2	4	4	3	2	3	3	4	0	0	2	2	4	-1	0	2	3	3	0	0	0	2	1	-2	0	0	2	3
493	0	0	-1	1	-1	1	1	4	4	3	-1	0	-1	0	0	0	0	0	1	1	-1	1	0	3	2	-1	2	1	2	1	1	1	2	2	0	-1	0	0	0	1	0	0	-1	0	0	0	1	1	3	2	2	4	4	4	5	2	2	3	3	5	0	1	0	1	0	1	0	1	3	1	0	0	0	1	1
494	5	3	6	4	6	5	4	8	6	9	6	3	4	4	6	5	2	4	3	6	1	2	0	0	2	5	5	6	2	7	5	4	4	3	7	4	4	8	3	8	1	3	3	3	4	4	4	5	2	5	3	2	1	2	4	6	3	6	4	7	5	4	7	3	5	5	3	4	4	6	5	4	7	3	7
495	2	4	2	3	3	0	2	0	3	3	4	4	3	4	4	2	4	2	5	3	0	1	0	3	1	2	4	3	4	3	5	6	11	10	9	4	5	7	8	7	3	3	4	6	7	6	4	6	7	8	3	4	7	5	4	4	4	7	6	7	4	5	6	6	8	4	3	4	4	4	1	5	4	4	5
496	4	4	7	6	9	2	5	3	4	8	0	2	3	3	5	2	4	4	4	3	1	2	3	2	3	3	4	2	4	3	4	6	7	7	9	4	3	5	5	4	-1	1	0	1	2	0	2	2	2	3	1	2	-1	2	4	1	2	1	2	3	0	2	2	3	4	0	1	0	4	0	1	2	0	4	4
497	1	2	4	2	3	1	2	2	1	3	5	2	6	4	5	3	3	3	3	3	2	3	5	5	6	4	4	7	2	4	2	2	0	0	2	2	1	4	3	1	2	2	2	1	1	2	0	3	3	1	2	2	1	1	0	1	3	0	1	3	0	0	-3	0	0	2	1	2	2	4	0	1	3	2	1
498	1	2	3	1	4	0	0	2	1	2	1	1	4	5	4	2	3	3	2	4	2	2	2	2	5	0	0	4	2	6	1	1	3	2	4	1	2	2	2	3	2	1	2	3	6	2	2	4	5	7	2	0	1	3	4	0	2	2	2	2	1	1	2	3	2	-1	0	0	0	3	-1	1	0	1	2
499	4	1	6	3	7	1	0	2	1	1	0	0	1	0	2	0	1	2	1	5	5	3	4	3	5	0	1	3	0	1	1	2	3	1	4	0	1	1	0	1	0	0	0	0	3	1	0	0	0	2	1	1	3	2	3	2	1	2	2	3	2	2	3	2	6	2	1	4	2	5	4	3	3	3	4
500	1	0	3	4	2	2	2	6	5	8	5	2	5	4	5	1	1	2	3	4	2	2	2	2	3	1	0	0	2	4	2	2	2	1	3	1	2	1	4	3	1	0	2	3	4	-1	1	0	1	0	0	2	3	3	3	1	0	0	0	1	1	1	2	2	3	-2	1	0	1	1	0	0	-1	1	3
