1	1	3	2	1
1	2	.	3	3
1	3	3	2	0
1	4	2	3	2
1	5	4	3	6
1	6	2	5	.
1	7	3	3	5
1	8	2	2	2
1	9	0	3	2
1	10	0	1	0
1	11	1	2	2
1	12	0	.	0
1	13	0	3	2
1	14	2	4	3
1	15	1	3	5
2	1	0	2	4
2	2	1	2	2
2	3	2	3	3
2	4	0	.	5
2	5	0	1	1
2	6	1	.	3
2	7	1	3	2
2	8	.	3	5
2	9	-1	2	.
2	10	2	2	2
2	11	2	4	2
2	12	2	3	5
2	13	2	4	.
2	14	5	3	8
2	15	2	4	4
3	1	-1	0	-1
3	2	.	0	-2
3	3	0	0	-1
3	4	-1	.	-5
3	5	-3	-1	-7
3	6	1	0	-2
3	7	0	2	.
3	8	0	-1	0
3	9	-1	0	-3
3	10	-2	0	-2
3	11	0	0	1
3	12	3	1	3
3	13	0	1	0
3	14	-1	.	-4
3	15	0	0	0
4	1	2	2	2
4	2	3	3	5
4	3	.	3	3
4	4	1	1	2
4	5	0	1	0
4	6	0	1	0
4	7	0	0	2
4	8	.	1	6
4	9	3	2	.
4	10	3	2	4
4	11	5	3	7
4	12	4	3	.
4	13	0	1	-2
4	14	1	1	.
4	15	1	2	0
5	1	5	3	3
5	2	.	4	6
5	3	2	3	5
5	4	5	4	10
5	5	.	3	6
5	6	.	1	2
5	7	1	3	1
5	8	2	2	3
5	9	0	2	4
5	10	1	2	.
5	11	0	4	3
5	12	2	3	4
5	13	0	3	3
5	14	0	2	4
5	15	0	2	.
6	1	.	0	.
6	2	1	0	0
6	3	0	0	0
6	4	.	0	0
6	5	0	.	0
6	6	3	0	6
6	7	4	1	5
6	8	2	0	4
6	9	3	1	2
6	10	.	0	1
6	11	2	.	3
6	12	.	0	0
6	13	0	0	-1
6	14	-1	0	.
6	15	0	0	0
7	1	2	1	6
7	2	-1	1	0
7	3	1	1	0
7	4	4	.	5
7	5	3	2	6
7	6	1	4	3
7	7	1	1	4
7	8	1	2	7
7	9	2	3	9
7	10	2	2	5
7	11	5	3	6
7	12	1	.	2
7	13	0	2	2
7	14	0	0	0
7	15	0	1	2
8	1	0	.	2
8	2	.	3	3
8	3	3	2	6
8	4	3	3	3
8	5	1	2	5
8	6	3	2	6
8	7	3	3	6
8	8	1	4	5
8	9	1	4	4
8	10	4	4	.
8	11	2	2	7
8	12	5	4	6
8	13	3	.	7
8	14	3	2	6
8	15	3	.	6
9	1	5	4	6
9	2	6	.	7
9	3	1	3	.
9	4	3	.	3
9	5	0	2	3
9	6	1	2	.
9	7	3	2	5
9	8	2	2	2
9	9	.	.	3
9	10	3	2	5
9	11	.	.	7
9	12	4	3	5
9	13	5	3	7
9	14	5	4	8
9	15	4	4	6
10	1	4	4	6
10	2	3	3	3
10	3	4	.	6
10	4	4	.	4
10	5	3	5	6
10	6	4	5	7
10	7	0	2	0
10	8	0	3	2
10	9	3	3	4
10	10	1	2	1
10	11	.	3	5
10	12	.	.	5
10	13	.	2	2
10	14	0	.	.
10	15	0	2	3
11	1	0	0	1
11	2	-1	-1	.
11	3	2	1	4
11	4	3	1	4
11	5	.	1	2
11	6	5	.	5
11	7	3	1	.
11	8	1	0	2
11	9	1	-1	0
11	10	2	0	0
11	11	2	0	5
11	12	3	0	1
11	13	0	0	0
11	14	1	0	0
11	15	.	0	3
12	1	0	1	0
12	2	0	1	.
12	3	2	2	4
12	4	1	.	.
12	5	0	2	2
12	6	4	2	5
12	7	2	2	2
12	8	4	3	3
12	9	3	1	2
12	10	1	0	0
12	11	2	1	3
12	12	3	0	4
12	13	0	2	1
12	14	2	0	1
12	15	1	1	-1
13	1	3	2	4
13	2	2	1	.
13	3	4	2	2
13	4	-1	1	-2
13	5	0	1	.
13	6	-1	0	0
13	7	2	2	0
13	8	3	1	.
13	9	0	0	0
13	10	0	1	0
13	11	0	0	-2
13	12	2	2	0
13	13	3	.	2
13	14	3	3	4
13	15	5	4	4
14	1	4	3	6
14	2	4	2	6
14	3	.	2	5
14	4	3	2	8
14	5	2	2	1
14	6	1	1	2
14	7	1	2	5
14	8	3	1	2
14	9	2	1	2
14	10	0	2	3
14	11	6	3	5
14	12	2	2	5
14	13	0	0	1
14	14	4	2	4
14	15	2	1	3
15	1	2	1	2
15	2	2	3	1
15	3	1	3	4
15	4	.	3	4
15	5	0	.	0
15	6	2	2	1
15	7	3	3	6
15	8	1	3	2
15	9	.	1	4
15	10	3	2	4
15	11	0	3	4
15	12	3	4	5
15	13	0	2	3
15	14	1	2	1
15	15	0	2	2
16	1	0	1	3
16	2	2	1	3
16	3	0	0	1
16	4	.	1	3
16	5	1	1	5
16	6	0	1	2
16	7	0	0	0
16	8	0	1	1
16	9	1	.	.
16	10	1	.	.
16	11	0	1	1
16	12	0	0	-1
16	13	0	0	1
16	14	0	0	.
16	15	.	0	0
17	1	0	1	2
17	2	1	1	0
17	3	0	2	1
17	4	1	1	2
17	5	2	2	3
17	6	1	2	2
17	7	.	2	2
17	8	-1	1	0
17	9	1	1	2
17	10	0	.	0
17	11	0	1	1
17	12	0	0	0
17	13	1	1	0
17	14	0	0	-4
17	15	0	1	1
18	1	.	.	.
18	2	.	5	4
18	3	4	4	6
18	4	7	5	8
18	5	7	5	8
18	6	2	4	5
18	7	4	5	5
18	8	2	4	4
18	9	6	5	8
18	10	4	5	6
18	11	6	5	7
18	12	7	7	7
18	13	.	5	.
18	14	4	6	6
18	15	3	4	3
19	1	.	2	3
19	2	0	0	1
19	3	0	2	2
19	4	2	2	.
19	5	1	0	2
19	6	0	2	3
19	7	.	1	3
19	8	2	2	.
19	9	3	2	6
19	10	1	2	2
19	11	.	2	8
19	12	0	0	2
19	13	0	1	0
19	14	1	1	1
19	15	1	1	0
20	1	2	2	2
20	2	4	2	5
20	3	3	3	6
20	4	3	1	4
20	5	3	3	4
20	6	3	3	1
20	7	0	1	.
20	8	0	0	2
20	9	3	1	3
20	10	3	3	4
20	11	2	1	5
20	12	2	2	4
20	13	0	0	0
20	14	2	1	3
20	15	2	2	6
21	1	3	4	3
21	2	4	3	3
21	3	5	4	5
21	4	4	.	6
21	5	.	5	2
21	6	6	4	5
21	7	4	4	4
21	8	2	.	.
21	9	.	2	5
21	10	6	5	8
21	11	.	3	4
21	12	2	2	1
21	13	4	2	3
21	14	3	.	.
21	15	6	.	6
22	1	2	2	2
22	2	5	2	4
22	3	7	4	8
22	4	3	3	3
22	5	4	3	4
22	6	1	.	0
22	7	0	2	0
22	8	0	0	1
22	9	2	2	5
22	10	0	2	4
22	11	2	2	2
22	12	1	3	1
22	13	0	2	4
22	14	4	.	6
22	15	4	4	6
23	1	3	2	3
23	2	6	2	8
23	3	5	3	5
23	4	5	4	8
23	5	3	3	3
23	6	4	4	6
23	7	5	3	6
23	8	3	2	5
23	9	2	2	4
23	10	3	2	3
23	11	3	2	7
23	12	7	6	9
23	13	6	5	9
23	14	4	3	5
23	15	7	4	11
24	1	3	3	5
24	2	2	1	3
24	3	4	3	5
24	4	3	3	4
24	5	5	4	.
24	6	2	2	0
24	7	0	2	1
24	8	1	0	0
24	9	0	0	2
24	10	3	2	2
24	11	7	4	9
24	12	4	3	5
24	13	5	4	.
24	14	.	3	7
24	15	6	3	.
25	1	4	.	4
25	2	3	4	3
25	3	1	1	0
25	4	0	1	-3
25	5	0	2	0
25	6	-1	2	.
25	7	.	4	2
25	8	3	4	6
25	9	1	2	2
25	10	1	3	0
25	11	1	2	0
25	12	.	2	4
25	13	4	5	4
25	14	3	.	.
25	15	.	3	.
26	1	4	3	7
26	2	.	5	2
26	3	2	4	6
26	4	1	4	4
26	5	1	3	1
26	6	3	5	4
26	7	10	6	10
26	8	5	3	5
26	9	2	2	3
26	10	6	5	7
26	11	3	5	7
26	12	5	4	6
26	13	.	5	8
26	14	9	4	6
26	15	.	.	6
27	1	3	2	.
27	2	2	0	3
27	3	3	2	3
27	4	1	1	0
27	5	1	0	0
27	6	3	1	4
27	7	5	1	.
27	8	5	2	5
27	9	1	0	.
27	10	0	1	-2
27	11	4	1	3
27	12	.	1	1
27	13	.	1	1
27	14	0	1	1
27	15	3	0	2
28	1	0	0	0
28	2	.	1	2
28	3	0	.	0
28	4	-3	-1	-2
28	5	-2	-1	-1
28	6	-4	0	-2
28	7	2	2	.
28	8	1	1	0
28	9	0	0	1
28	10	0	0	1
28	11	2	.	.
28	12	4	1	6
28	13	0	2	1
28	14	-1	1	0
28	15	0	0	0
29	1	4	2	3
29	2	.	4	5
29	3	4	5	5
29	4	3	4	5
29	5	3	4	2
29	6	0	2	1
29	7	2	2	1
29	8	4	4	4
29	9	-1	2	3
29	10	3	3	5
29	11	1	1	4
29	12	.	3	1
29	13	.	3	4
29	14	3	3	6
29	15	1	1	1
30	1	0	1	0
30	2	-1	0	0
30	3	-1	0	-2
30	4	0	1	0
30	5	0	1	3
30	6	.	0	3
30	7	0	1	1
30	8	-3	-1	-1
30	9	1	1	0
30	10	0	0	0
30	11	0	1	0
30	12	3	1	3
30	13	1	2	6
30	14	0	0	0
30	15	0	1	5
31	1	4	2	5
31	2	0	.	0
31	3	1	2	1
31	4	1	0	0
31	5	2	3	4
31	6	1	3	5
31	7	0	.	0
31	8	0	3	1
31	9	3	2	.
31	10	2	2	.
31	11	1	1	0
31	12	0	0	0
31	13	0	.	3
31	14	0	1	0
31	15	2	1	-1
32	1	2	2	4
32	2	0	.	4
32	3	0	2	2
32	4	0	1	0
32	5	0	1	.
32	6	2	3	3
32	7	1	0	-1
32	8	2	3	4
32	9	0	2	3
32	10	1	2	2
32	11	0	0	0
32	12	1	2	2
32	13	0	3	4
32	14	0	3	3
32	15	2	3	2
33	1	0	1	3
33	2	0	1	4
33	3	-1	.	0
33	4	-1	0	0
33	5	0	2	1
33	6	0	1	1
33	7	-1	0	1
33	8	0	2	0
33	9	0	1	2
33	10	3	3	5
33	11	0	1	2
33	12	0	0	2
33	13	0	0	0
33	14	-1	.	0
33	15	.	0	-2
34	1	0	0	0
34	2	1	2	3
34	3	1	0	0
34	4	-2	0	.
34	5	-3	0	-2
34	6	-3	0	-4
34	7	0	0	-3
34	8	0	1	0
34	9	-1	0	-1
34	10	-2	0	0
34	11	0	0	-2
34	12	.	0	.
34	13	.	0	0
34	14	0	1	1
34	15	-5	-2	-5
35	1	1	0	0
35	2	1	1	-2
35	3	1	2	0
35	4	3	.	1
35	5	7	.	5
35	6	2	1	.
35	7	.	1	0
35	8	0	0	0
35	9	.	0	3
35	10	2	1	1
35	11	.	.	3
35	12	3	2	3
35	13	.	2	2
35	14	1	2	1
35	15	3	.	0
36	1	3	3	2
36	2	3	.	4
36	3	2	3	2
36	4	3	1	4
36	5	2	2	3
36	6	-1	1	0
36	7	-1	0	1
36	8	0	1	-1
36	9	0	2	0
36	10	0	2	.
36	11	0	1	0
36	12	2	1	2
36	13	2	3	3
36	14	2	2	3
36	15	.	.	-2
37	1	0	1	1
37	2	.	2	1
37	3	1	2	2
37	4	0	1	0
37	5	.	0	-1
37	6	2	2	4
37	7	3	1	4
37	8	4	1	1
37	9	4	4	4
37	10	3	.	0
37	11	3	2	2
37	12	2	2	3
37	13	.	2	6
37	14	0	0	1
37	15	1	2	2
38	1	3	2	4
38	2	4	2	6
38	3	4	3	3
38	4	2	2	0
38	5	5	.	3
38	6	0	2	0
38	7	4	3	6
38	8	3	2	4
38	9	3	.	2
38	10	1	1	-1
38	11	1	2	3
38	12	4	4	6
38	13	.	3	4
38	14	3	1	3
38	15	0	2	5
39	1	1	3	3
39	2	4	3	5
39	3	3	3	6
39	4	4	3	6
39	5	.	2	3
39	6	2	.	0
39	7	3	2	6
39	8	3	4	5
39	9	7	4	9
39	10	4	2	5
39	11	1	2	1
39	12	6	5	8
39	13	.	5	7
39	14	4	.	7
39	15	1	2	.
40	1	2	2	5
40	2	.	1	3
40	3	4	3	.
40	4	3	2	7
40	5	3	2	2
40	6	7	3	7
40	7	4	3	5
40	8	5	3	.
40	9	5	3	7
40	10	3	4	3
40	11	3	3	5
40	12	3	2	4
40	13	1	1	2
40	14	0	2	2
40	15	1	2	2
41	1	5	4	7
41	2	3	3	3
41	3	0	1	2
41	4	1	.	4
41	5	3	3	2
41	6	4	5	6
41	7	.	2	7
41	8	6	4	6
41	9	5	3	5
41	10	3	4	5
41	11	3	4	2
41	12	5	5	9
41	13	1	2	0
41	14	4	.	5
41	15	0	.	1
42	1	2	2	0
42	2	2	2	3
42	3	.	3	7
42	4	4	3	8
42	5	5	4	6
42	6	3	2	5
42	7	3	3	2
42	8	3	.	5
42	9	4	3	.
42	10	3	1	2
42	11	.	2	0
42	12	1	2	2
42	13	1	3	.
42	14	2	2	5
42	15	.	3	2
43	1	4	4	4
43	2	.	3	0
43	3	0	3	0
43	4	2	2	.
43	5	.	3	2
43	6	5	3	5
43	7	6	4	7
43	8	4	3	3
43	9	6	4	5
43	10	8	6	6
43	11	7	5	6
43	12	3	5	7
43	13	.	3	5
43	14	.	2	4
43	15	0	2	5
44	1	1	1	1
44	2	-2	0	1
44	3	0	-1	-1
44	4	0	0	3
44	5	-2	0	1
44	6	0	0	3
44	7	2	2	.
44	8	.	1	2
44	9	0	0	2
44	10	-1	0	0
44	11	-1	0	-1
44	12	-1	0	.
44	13	-3	-2	-1
44	14	-3	-1	-3
44	15	.	0	1
45	1	1	1	.
45	2	3	1	0
45	3	.	1	-1
45	4	1	0	1
45	5	0	1	-1
45	6	2	1	0
45	7	-1	0	-1
45	8	-1	0	0
45	9	1	0	1
45	10	-1	0	-2
45	11	0	0	.
45	12	-1	0	-3
45	13	0	0	-2
45	14	0	3	0
45	15	-1	0	0
46	1	5	5	5
46	2	4	.	4
46	3	3	3	3
46	4	1	2	-1
46	5	5	.	3
46	6	1	2	0
46	7	4	3	.
46	8	3	4	5
46	9	5	5	6
46	10	4	4	2
46	11	2	.	0
46	12	3	.	5
46	13	2	3	5
46	14	0	.	0
46	15	4	3	4
47	1	0	3	2
47	2	1	.	4
47	3	.	4	6
47	4	2	.	.
47	5	.	5	7
47	6	2	5	9
47	7	0	2	3
47	8	0	3	.
47	9	3	4	3
47	10	2	3	4
47	11	0	3	.
47	12	5	3	7
47	13	1	3	2
47	14	5	4	7
47	15	.	3	4
48	1	.	2	4
48	2	4	3	1
48	3	4	3	3
48	4	4	3	2
48	5	5	.	6
48	6	2	.	0
48	7	0	2	0
48	8	0	.	-1
48	9	0	1	-1
48	10	4	5	.
48	11	1	2	1
48	12	0	2	2
48	13	3	3	3
48	14	4	4	5
48	15	2	.	0
49	1	0	0	-1
49	2	.	0	-3
49	3	1	0	0
49	4	.	1	0
49	5	4	1	3
49	6	2	0	1
49	7	3	2	4
49	8	6	3	5
49	9	5	.	3
49	10	1	1	0
49	11	3	0	1
49	12	0	0	0
49	13	-1	-2	.
49	14	-5	-2	-6
49	15	1	0	-2
50	1	2	1	0
50	2	0	1	0
50	3	-1	0	0
50	4	-3	0	-3
50	5	-5	0	-3
50	6	-1	0	0
50	7	0	2	0
50	8	0	1	0
50	9	0	3	3
50	10	3	4	4
50	11	1	1	3
50	12	0	.	3
50	13	2	2	3
50	14	1	2	1
50	15	3	4	.
51	1	0	0	4
51	2	0	1	0
51	3	3	3	0
51	4	3	1	.
51	5	2	2	5
51	6	1	1	0
51	7	1	0	0
51	8	-1	0	-3
51	9	1	1	.
51	10	3	2	3
51	11	2	.	0
51	12	5	2	3
51	13	2	2	1
51	14	0	1	-1
51	15	.	3	5
52	1	0	1	3
52	2	0	2	3
52	3	0	.	5
52	4	4	3	6
52	5	4	4	5
52	6	-2	2	-1
52	7	0	3	.
52	8	0	2	1
52	9	2	1	4
52	10	2	2	5
52	11	3	3	2
52	12	.	3	9
52	13	.	.	6
52	14	0	1	1
52	15	2	2	.
53	1	4	1	0
53	2	1	2	2
53	3	.	3	3
53	4	4	4	.
53	5	2	0	2
53	6	0	2	0
53	7	0	1	0
53	8	2	0	2
53	9	1	0	.
53	10	.	1	0
53	11	0	1	0
53	12	.	0	.
53	13	0	1	.
53	14	0	1	.
53	15	1	2	0
54	1	2	1	2
54	2	2	2	5
54	3	0	2	1
54	4	-1	0	-3
54	5	0	0	-2
54	6	2	1	0
54	7	1	0	0
54	8	0	0	0
54	9	1	.	2
54	10	0	2	2
54	11	1	2	2
54	12	1	1	3
54	13	1	.	-3
54	14	2	1	1
54	15	2	3	4
55	1	3	3	3
55	2	3	.	.
55	3	5	.	3
55	4	4	2	3
55	5	1	1	1
55	6	.	0	1
55	7	3	2	3
55	8	3	2	1
55	9	4	3	4
55	10	1	0	1
55	11	4	2	2
55	12	5	4	6
55	13	3	2	4
55	14	5	1	2
55	15	4	1	1
56	1	-2	0	1
56	2	-1	0	.
56	3	-2	0	-1
56	4	-3	-1	0
56	5	-1	0	.
56	6	-2	-1	0
56	7	-3	0	-1
56	8	-1	-1	-2
56	9	0	0	1
56	10	-1	0	-1
56	11	1	1	3
56	12	-1	0	.
56	13	-1	.	0
56	14	1	0	0
56	15	-1	0	.
57	1	.	.	9
57	2	5	4	6
57	3	.	5	9
57	4	4	.	8
57	5	.	4	6
57	6	4	.	5
57	7	4	4	4
57	8	3	6	5
57	9	1	2	2
57	10	3	2	4
57	11	2	3	2
57	12	1	2	2
57	13	.	5	.
57	14	7	4	8
57	15	4	4	.
58	1	-1	1	1
58	2	1	1	3
58	3	.	2	-2
58	4	2	3	4
58	5	0	0	0
58	6	0	2	0
58	7	-1	1	1
58	8	3	1	6
58	9	1	0	0
58	10	0	0	1
58	11	0	1	2
58	12	1	1	3
58	13	.	3	3
58	14	1	2	5
58	15	1	1	3
59	1	.	1	2
59	2	1	3	0
59	3	2	3	3
59	4	0	1	0
59	5	-1	.	0
59	6	0	2	2
59	7	0	0	.
59	8	.	0	.
59	9	1	2	2
59	10	4	2	4
59	11	2	4	4
59	12	.	2	7
59	13	1	1	3
59	14	4	2	3
59	15	2	2	3
60	1	2	3	4
60	2	3	1	2
60	3	2	1	4
60	4	2	1	.
60	5	0	0	.
60	6	0	1	6
60	7	3	2	.
60	8	4	1	3
60	9	1	1	0
60	10	0	2	0
60	11	1	0	4
60	12	0	2	2
60	13	0	2	2
60	14	.	1	0
60	15	0	2	2
61	1	1	1	0
61	2	3	2	6
61	3	0	1	0
61	4	0	0	1
61	5	0	0	1
61	6	3	3	4
61	7	0	1	2
61	8	0	1	2
61	9	3	.	9
61	10	2	1	6
61	11	2	2	6
61	12	1	0	2
61	13	1	1	.
61	14	1	1	1
61	15	-1	1	0
62	1	4	4	7
62	2	1	3	1
62	3	4	2	4
62	4	0	1	0
62	5	0	2	0
62	6	1	2	0
62	7	1	.	3
62	8	1	2	3
62	9	3	3	-1
62	10	1	4	1
62	11	.	2	0
62	12	3	2	3
62	13	2	2	3
62	14	1	3	0
62	15	2	2	1
63	1	3	2	3
63	2	4	2	7
63	3	4	4	.
63	4	0	.	2
63	5	2	3	4
63	6	3	.	7
63	7	1	2	3
63	8	.	3	.
63	9	1	2	3
63	10	4	.	9
63	11	2	3	6
63	12	3	3	3
63	13	2	3	.
63	14	2	4	4
63	15	3	.	5
64	1	5	3	4
64	2	4	3	4
64	3	.	.	5
64	4	.	3	3
64	5	.	.	3
64	6	.	.	1
64	7	1	.	.
64	8	3	.	4
64	9	0	2	0
64	10	4	4	5
64	11	4	.	4
64	12	4	4	2
64	13	3	4	4
64	14	2	1	2
64	15	4	1	.
65	1	0	2	1
65	2	2	2	2
65	3	2	3	4
65	4	5	5	9
65	5	3	.	7
65	6	4	3	8
65	7	4	3	.
65	8	5	5	9
65	9	8	5	11
65	10	3	4	7
65	11	4	4	7
65	12	4	4	.
65	13	5	6	.
65	14	4	4	.
65	15	2	.	4
66	1	-1	0	1
66	2	-1	0	0
66	3	1	2	2
66	4	-4	1	.
66	5	2	2	2
66	6	0	0	0
66	7	1	1	1
66	8	0	1	3
66	9	.	2	0
66	10	2	2	3
66	11	0	2	2
66	12	0	1	1
66	13	0	1	2
66	14	0	.	2
66	15	2	3	6
67	1	2	3	.
67	2	2	2	0
67	3	2	1	2
67	4	4	3	3
67	5	1	1	2
67	6	0	2	2
67	7	1	.	2
67	8	3	3	4
67	9	1	3	2
67	10	1	2	-1
67	11	1	1	-1
67	12	0	2	2
67	13	2	3	1
67	14	4	2	6
67	15	2	3	6
68	1	0	2	4
68	2	2	3	2
68	3	.	3	5
68	4	5	4	5
68	5	6	4	8
68	6	1	1	2
68	7	2	3	1
68	8	1	3	0
68	9	2	2	1
68	10	1	3	.
68	11	1	1	1
68	12	3	3	3
68	13	0	2	2
68	14	-1	0	1
68	15	0	2	1
69	1	0	1	0
69	2	-1	0	-1
69	3	.	0	0
69	4	1	1	1
69	5	1	0	2
69	6	3	0	4
69	7	-1	0	2
69	8	0	0	0
69	9	-1	0	0
69	10	-1	.	0
69	11	0	0	1
69	12	0	1	.
69	13	1	1	0
69	14	-2	0	-3
69	15	0	0	0
70	1	0	-1	.
70	2	-1	0	-1
70	3	0	-1	1
70	4	0	0	-1
70	5	.	0	4
70	6	0	.	0
70	7	-1	-1	0
70	8	-2	0	0
70	9	-2	0	-3
70	10	-4	-1	-3
70	11	0	0	0
70	12	1	0	1
70	13	1	0	-1
70	14	-2	0	-2
70	15	0	0	0
71	1	5	2	4
71	2	3	3	6
71	3	3	4	5
71	4	.	2	2
71	5	1	2	3
71	6	.	4	1
71	7	4	4	5
71	8	3	3	.
71	9	0	1	3
71	10	4	.	4
71	11	4	1	.
71	12	1	0	-1
71	13	2	2	1
71	14	0	1	0
71	15	2	3	4
72	1	2	4	.
72	2	2	5	6
72	3	5	5	9
72	4	.	.	10
72	5	4	5	8
72	6	1	3	3
72	7	3	4	.
72	8	4	5	.
72	9	4	4	5
72	10	3	4	4
72	11	5	6	8
72	12	4	5	6
72	13	6	4	5
72	14	2	3	2
72	15	4	4	5
73	1	0	1	1
73	2	0	0	-1
73	3	-2	0	0
73	4	-2	.	-3
73	5	0	0	0
73	6	1	0	1
73	7	-2	0	0
73	8	0	1	.
73	9	2	3	.
73	10	0	.	1
73	11	-1	1	2
73	12	1	2	2
73	13	-1	0	0
73	14	.	1	0
73	15	0	0	-3
74	1	0	3	2
74	2	0	4	3
74	3	2	3	4
74	4	1	3	5
74	5	3	4	4
74	6	4	4	5
74	7	4	.	3
74	8	3	5	6
74	9	5	4	6
74	10	4	5	7
74	11	.	2	0
74	12	0	1	0
74	13	0	3	0
74	14	3	3	4
74	15	2	2	.
75	1	0	2	0
75	2	0	2	2
75	3	1	1	2
75	4	4	2	.
75	5	4	5	.
75	6	5	4	10
75	7	4	3	6
75	8	2	4	3
75	9	3	2	.
75	10	6	3	5
75	11	2	4	4
75	12	2	.	3
75	13	0	3	3
75	14	4	3	6
75	15	3	4	7
76	1	3	1	4
76	2	-2	0	-2
76	3	2	1	.
76	4	4	2	2
76	5	4	.	3
76	6	3	2	3
76	7	2	1	0
76	8	1	1	1
76	9	0	1	0
76	10	-3	0	-2
76	11	1	1	2
76	12	1	1	0
76	13	1	2	2
76	14	3	2	2
76	15	.	2	1
77	1	4	3	4
77	2	3	4	.
77	3	4	1	3
77	4	2	1	.
77	5	1	1	.
77	6	0	1	-1
77	7	3	2	3
77	8	4	1	6
77	9	3	4	5
77	10	.	3	.
77	11	0	2	.
77	12	2	0	2
77	13	0	2	2
77	14	.	2	2
77	15	1	2	2
78	1	2	4	3
78	2	1	2	2
78	3	3	.	7
78	4	2	3	4
78	5	2	.	4
78	6	4	3	3
78	7	3	4	1
78	8	4	4	.
78	9	.	3	3
78	10	.	4	4
78	11	4	4	2
78	12	0	2	2
78	13	3	3	3
78	14	5	3	.
78	15	5	.	9
79	1	0	2	3
79	2	0	2	3
79	3	0	2	6
79	4	2	1	3
79	5	1	1	4
79	6	2	3	2
79	7	1	.	5
79	8	3	.	.
79	9	1	3	4
79	10	3	1	7
79	11	0	2	3
79	12	-1	1	2
79	13	4	3	7
79	14	2	1	5
79	15	4	3	11
80	1	1	2	.
80	2	0	1	1
80	3	0	2	1
80	4	2	2	4
80	5	3	3	5
80	6	4	4	4
80	7	.	5	7
80	8	4	4	7
80	9	2	2	2
80	10	1	2	.
80	11	1	3	.
80	12	2	1	2
80	13	0	2	1
80	14	0	1	.
80	15	.	4	6
81	1	1	1	1
81	2	0	0	0
81	3	1	.	6
81	4	5	.	5
81	5	2	0	1
81	6	1	2	4
81	7	2	1	2
81	8	5	2	4
81	9	3	3	.
81	10	.	3	4
81	11	4	2	7
81	12	2	.	4
81	13	2	2	2
81	14	3	0	6
81	15	0	1	3
82	1	1	3	2
82	2	0	0	1
82	3	1	2	2
82	4	3	2	3
82	5	0	.	0
82	6	0	1	0
82	7	3	2	6
82	8	2	3	3
82	9	.	4	6
82	10	5	3	7
82	11	3	2	3
82	12	2	0	0
82	13	1	3	2
82	14	4	4	9
82	15	6	3	8
83	1	0	2	0
83	2	2	.	1
83	3	2	2	3
83	4	1	3	5
83	5	4	4	9
83	6	3	3	8
83	7	.	2	1
83	8	1	3	.
83	9	0	.	2
83	10	1	3	3
83	11	2	3	5
83	12	0	1	2
83	13	0	2	2
83	14	0	2	.
83	15	3	2	5
84	1	2	2	2
84	2	1	3	3
84	3	1	2	1
84	4	3	3	5
84	5	4	2	5
84	6	3	5	6
84	7	0	1	.
84	8	.	2	0
84	9	0	1	1
84	10	4	3	5
84	11	3	4	.
84	12	3	4	3
84	13	0	1	1
84	14	0	2	-1
84	15	3	3	4
85	1	2	2	2
85	2	0	2	4
85	3	1	2	5
85	4	2	1	4
85	5	1	2	4
85	6	0	0	-1
85	7	1	2	5
85	8	3	3	3
85	9	0	0	1
85	10	-2	0	-1
85	11	.	.	5
85	12	0	2	3
85	13	3	3	6
85	14	3	3	6
85	15	.	2	4
86	1	0	2	3
86	2	.	0	-1
86	3	0	1	1
86	4	2	2	1
86	5	0	1	2
86	6	-1	.	.
86	7	0	2	0
86	8	0	0	1
86	9	1	1	3
86	10	.	3	4
86	11	3	3	4
86	12	2	1	0
86	13	1	3	6
86	14	1	.	2
86	15	2	2	5
87	1	0	0	0
87	2	-2	0	-3
87	3	-4	0	-1
87	4	-2	1	.
87	5	-1	1	-2
87	6	-1	.	-2
87	7	-1	0	0
87	8	-1	0	0
87	9	0	0	3
87	10	-2	0	.
87	11	2	1	0
87	12	.	1	-1
87	13	-2	0	-4
87	14	0	0	.
87	15	5	1	3
88	1	0	0	2
88	2	0	2	2
88	3	0	0	1
88	4	0	0	0
88	5	1	3	3
88	6	6	4	8
88	7	4	4	9
88	8	2	3	4
88	9	3	1	.
88	10	3	3	5
88	11	2	2	4
88	12	1	.	3
88	13	2	1	6
88	14	4	3	5
88	15	0	0	2
89	1	3	3	4
89	2	1	2	3
89	3	.	2	2
89	4	0	1	1
89	5	4	3	5
89	6	2	3	1
89	7	2	3	.
89	8	0	2	0
89	9	.	2	5
89	10	5	4	4
89	11	4	3	4
89	12	2	3	2
89	13	4	2	4
89	14	0	.	1
89	15	2	2	6
90	1	.	1	2
90	2	0	1	1
90	3	1	1	3
90	4	0	2	.
90	5	1	2	2
90	6	1	2	3
90	7	-1	1	.
90	8	0	1	.
90	9	0	2	2
90	10	-1	1	1
90	11	0	0	.
90	12	2	2	1
90	13	3	4	6
90	14	0	0	0
90	15	0	2	0
91	1	-4	0	1
91	2	0	0	4
91	3	0	0	2
91	4	-3	0	.
91	5	-2	0	0
91	6	0	0	0
91	7	-2	1	0
91	8	-1	0	.
91	9	0	0	3
91	10	0	1	3
91	11	0	1	3
91	12	0	1	5
91	13	-2	0	2
91	14	-1	-1	0
91	15	1	0	2
92	1	0	2	3
92	2	0	2	3
92	3	0	1	3
92	4	-1	1	0
92	5	0	2	1
92	6	0	2	1
92	7	-2	1	-1
92	8	1	0	-1
92	9	0	0	-1
92	10	0	2	1
92	11	0	1	0
92	12	-2	1	-1
92	13	0	2	4
92	14	0	2	0
92	15	1	.	1
93	1	1	1	0
93	2	0	1	0
93	3	4	2	3
93	4	1	0	2
93	5	0	1	3
93	6	0	.	.
93	7	0	0	-1
93	8	.	3	2
93	9	2	1	-1
93	10	-1	1	0
93	11	2	2	0
93	12	3	.	4
93	13	4	1	3
93	14	2	3	3
93	15	1	2	0
94	1	1	2	2
94	2	2	2	3
94	3	.	2	.
94	4	2	2	2
94	5	.	1	3
94	6	2	3	3
94	7	1	3	3
94	8	0	3	4
94	9	6	4	8
94	10	4	4	.
94	11	1	3	4
94	12	.	2	3
94	13	0	0	0
94	14	0	1	3
94	15	0	1	1
95	1	0	1	.
95	2	-2	0	0
95	3	3	0	2
95	4	0	1	.
95	5	0	1	2
95	6	3	2	.
95	7	1	1	2
95	8	2	1	2
95	9	.	1	1
95	10	1	2	2
95	11	2	2	0
95	12	.	3	4
95	13	1	0	0
95	14	3	1	6
95	15	0	0	.
96	1	0	4	5
96	2	2	1	3
96	3	3	3	6
96	4	3	2	4
96	5	5	5	7
96	6	6	3	5
96	7	1	2	4
96	8	2	3	4
96	9	3	4	4
96	10	3	3	4
96	11	3	3	6
96	12	1	2	3
96	13	2	2	8
96	14	3	3	7
96	15	0	2	2
97	1	-2	-1	-2
97	2	-2	-1	-2
97	3	-3	-1	.
97	4	-1	-1	-1
97	5	0	0	0
97	6	.	.	-3
97	7	-6	.	-4
97	8	-1	0	0
97	9	.	.	.
97	10	-3	.	.
97	11	-1	0	-3
97	12	-2	0	1
97	13	0	.	2
97	14	-2	-2	0
97	15	0	0	0
98	1	2	.	6
98	2	0	0	4
98	3	0	0	2
98	4	-1	0	0
98	5	0	1	1
98	6	-2	0	0
98	7	0	1	3
98	8	1	.	3
98	9	0	.	2
98	10	0	0	2
98	11	0	0	0
98	12	-3	0	0
98	13	.	.	-1
98	14	-3	0	1
98	15	-3	0	2
99	1	-1	1	-1
99	2	1	.	2
99	3	0	1	1
99	4	3	3	3
99	5	.	3	3
99	6	1	2	.
99	7	4	4	0
99	8	1	3	1
99	9	3	2	5
99	10	3	3	3
99	11	.	0	0
99	12	3	2	0
99	13	1	2	1
99	14	0	1	2
99	15	1	3	0
100	1	5	6	3
100	2	3	3	5
100	3	3	.	7
100	4	6	5	5
100	5	6	4	6
100	6	4	5	5
100	7	.	4	5
100	8	6	3	5
100	9	7	4	6
100	10	8	4	7
100	11	7	5	8
100	12	6	5	6
100	13	2	1	-1
100	14	5	4	4
100	15	4	4	3
101	1	3	2	2
101	2	1	2	5
101	3	5	4	6
101	4	6	.	8
101	5	4	2	6
101	6	6	.	7
101	7	6	4	6
101	8	4	3	7
101	9	.	1	3
101	10	.	1	0
101	11	3	3	1
101	12	2	2	1
101	13	5	4	.
101	14	2	2	1
101	15	1	2	.
102	1	3	2	3
102	2	2	1	2
102	3	0	2	1
102	4	0	.	-1
102	5	1	.	2
102	6	4	3	6
102	7	.	.	5
102	8	2	2	6
102	9	0	1	-1
102	10	1	.	1
102	11	2	3	.
102	12	0	0	.
102	13	3	0	.
102	14	1	4	1
102	15	.	3	.
103	1	.	3	1
103	2	1	2	0
103	3	1	3	2
103	4	3	4	2
103	5	3	4	4
103	6	1	3	3
103	7	0	2	.
103	8	2	3	2
103	9	1	3	3
103	10	0	.	1
103	11	.	3	1
103	12	0	3	-1
103	13	3	2	4
103	14	.	2	4
103	15	2	2	5
104	1	1	1	4
104	2	.	3	2
104	3	3	4	4
104	4	1	2	2
104	5	1	1	3
104	6	.	2	5
104	7	2	3	.
104	8	3	3	7
104	9	3	3	5
104	10	2	2	0
104	11	.	3	3
104	12	0	3	.
104	13	0	3	3
104	14	0	3	.
104	15	0	2	4
105	1	2	2	1
105	2	2	3	6
105	3	2	2	.
105	4	3	3	1
105	5	3	4	.
105	6	2	2	1
105	7	2	3	0
105	8	.	3	1
105	9	0	1	-2
105	10	0	0	0
105	11	0	.	-1
105	12	4	4	.
105	13	3	3	5
105	14	4	3	1
105	15	2	.	0
106	1	1	2	.
106	2	0	2	0
106	3	.	3	6
106	4	2	3	7
106	5	5	4	6
106	6	3	3	3
106	7	1	1	4
106	8	1	2	.
106	9	0	2	0
106	10	2	2	4
106	11	3	2	3
106	12	2	3	6
106	13	1	1	3
106	14	.	.	0
106	15	0	2	0
107	1	5	.	.
107	2	4	3	6
107	3	4	3	5
107	4	3	4	4
107	5	3	2	.
107	6	4	4	5
107	7	3	3	6
107	8	3	.	5
107	9	3	4	5
107	10	-3	1	-2
107	11	0	0	0
107	12	2	3	3
107	13	.	3	1
107	14	-1	1	0
107	15	0	1	-1
108	1	4	5	7
108	2	3	4	7
108	3	1	2	3
108	4	1	3	2
108	5	0	1	0
108	6	0	.	2
108	7	3	3	5
108	8	2	3	6
108	9	4	3	4
108	10	5	4	8
108	11	5	5	9
108	12	3	5	5
108	13	4	5	9
108	14	6	5	7
108	15	6	5	8
109	1	.	4	6
109	2	4	4	6
109	3	3	4	5
109	4	3	4	3
109	5	5	5	8
109	6	3	4	3
109	7	3	3	5
109	8	2	1	2
109	9	0	1	0
109	10	0	.	0
109	11	2	2	4
109	12	1	2	4
109	13	.	3	6
109	14	1	2	3
109	15	1	4	6
110	1	0	1	3
110	2	1	2	3
110	3	0	0	5
110	4	0	1	3
110	5	0	1	2
110	6	-2	1	-1
110	7	.	0	1
110	8	0	.	0
110	9	0	.	.
110	10	1	2	2
110	11	2	.	5
110	12	1	1	1
110	13	0	2	1
110	14	1	2	5
110	15	-2	1	0
111	1	5	4	3
111	2	2	3	5
111	3	-1	3	.
111	4	4	.	4
111	5	2	2	.
111	6	1	2	2
111	7	.	2	0
111	8	3	2	1
111	9	1	.	3
111	10	3	2	4
111	11	3	3	4
111	12	2	2	3
111	13	2	4	6
111	14	3	3	8
111	15	4	4	3
112	1	3	1	3
112	2	0	1	1
112	3	1	1	3
112	4	-1	0	0
112	5	.	1	.
112	6	2	2	2
112	7	0	0	0
112	8	0	0	2
112	9	0	1	.
112	10	1	0	2
112	11	0	1	0
112	12	0	0	3
112	13	0	1	2
112	14	0	0	1
112	15	0	0	0
113	1	6	4	4
113	2	5	3	5
113	3	4	2	3
113	4	4	3	2
113	5	0	1	1
113	6	.	3	4
113	7	1	2	3
113	8	3	1	3
113	9	.	3	7
113	10	.	.	5
113	11	2	2	2
113	12	4	3	3
113	13	6	4	5
113	14	4	5	5
113	15	4	2	1
114	1	1	.	2
114	2	3	2	2
114	3	1	.	2
114	4	1	2	.
114	5	0	1	0
114	6	0	0	-3
114	7	2	2	4
114	8	-1	1	0
114	9	.	.	.
114	10	-2	0	0
114	11	0	1	.
114	12	0	1	0
114	13	1	3	2
114	14	2	2	3
114	15	2	3	2
115	1	1	1	2
115	2	3	2	3
115	3	2	2	1
115	4	.	.	4
115	5	2	2	-1
115	6	2	2	3
115	7	0	1	1
115	8	2	0	1
115	9	-1	0	0
115	10	-1	0	-1
115	11	0	1	4
115	12	1	3	3
115	13	3	2	1
115	14	2	1	3
115	15	4	2	3
116	1	-2	1	1
116	2	-2	1	-1
116	3	-2	0	2
116	4	0	0	2
116	5	.	0	1
116	6	-1	0	-1
116	7	-2	0	3
116	8	-1	0	.
116	9	0	1	1
116	10	0	.	4
116	11	.	0	2
116	12	3	3	.
116	13	0	1	3
116	14	-3	.	0
116	15	-3	0	-1
117	1	2	1	2
117	2	1	0	1
117	3	3	3	6
117	4	2	1	3
117	5	3	2	4
117	6	3	0	2
117	7	1	.	6
117	8	3	4	.
117	9	.	.	2
117	10	2	2	4
117	11	0	1	4
117	12	2	2	0
117	13	0	2	0
117	14	-1	.	-2
117	15	-1	.	0
118	1	2	2	3
118	2	4	1	.
118	3	0	1	1
118	4	-1	1	0
118	5	3	4	4
118	6	.	2	4
118	7	.	3	.
118	8	2	1	1
118	9	1	2	0
118	10	1	2	4
118	11	3	4	5
118	12	.	3	6
118	13	7	3	5
118	14	3	5	6
118	15	.	3	.
119	1	3	4	7
119	2	1	3	7
119	3	5	3	.
119	4	3	1	3
119	5	2	2	6
119	6	1	1	6
119	7	4	3	4
119	8	0	1	2
119	9	0	3	.
119	10	0	2	2
119	11	0	1	.
119	12	1	3	3
119	13	0	1	.
119	14	.	2	2
119	15	2	1	2
120	1	4	3	2
120	2	5	5	1
120	3	2	3	.
120	4	2	4	3
120	5	4	3	0
120	6	1	3	0
120	7	4	3	1
120	8	3	4	0
120	9	.	2	2
120	10	.	2	.
120	11	4	3	.
120	12	2	4	3
120	13	4	6	4
120	14	4	5	4
120	15	3	.	4
121	1	0	1	3
121	2	.	2	0
121	3	0	3	.
121	4	1	2	2
121	5	0	.	.
121	6	0	2	1
121	7	1	2	5
121	8	3	2	7
121	9	0	2	4
121	10	-2	1	-1
121	11	1	.	2
121	12	1	.	1
121	13	1	2	5
121	14	0	.	3
121	15	1	.	3
122	1	8	7	11
122	2	4	5	2
122	3	.	4	7
122	4	4	4	6
122	5	2	3	3
122	6	3	4	.
122	7	2	5	4
122	8	5	3	5
122	9	4	5	4
122	10	0	3	0
122	11	0	2	3
122	12	1	3	4
122	13	.	.	3
122	14	3	3	7
122	15	5	3	5
123	1	4	2	6
123	2	6	3	.
123	3	5	3	4
123	4	.	3	5
123	5	.	2	2
123	6	3	3	5
123	7	3	2	1
123	8	3	3	3
123	9	2	1	3
123	10	1	2	.
123	11	1	2	0
123	12	1	1	.
123	13	2	2	3
123	14	5	3	5
123	15	3	4	3
124	1	4	2	.
124	2	4	3	5
124	3	1	2	1
124	4	0	1	0
124	5	3	2	2
124	6	.	1	0
124	7	.	3	5
124	8	3	2	.
124	9	4	4	.
124	10	2	2	1
124	11	0	3	2
124	12	3	2	2
124	13	2	3	4
124	14	3	4	5
124	15	1	1	0
125	1	-1	0	1
125	2	0	1	1
125	3	0	0	3
125	4	.	0	1
125	5	0	1	1
125	6	-1	0	-2
125	7	-2	0	1
125	8	-4	0	.
125	9	0	.	1
125	10	.	0	-3
125	11	.	0	1
125	12	0	1	.
125	13	2	.	6
125	14	0	0	-1
125	15	-2	0	-2
126	1	3	2	2
126	2	5	3	7
126	3	5	.	5
126	4	5	3	4
126	5	2	1	.
126	6	2	1	0
126	7	1	2	1
126	8	3	0	4
126	9	5	3	6
126	10	4	3	7
126	11	3	.	1
126	12	3	3	3
126	13	4	3	5
126	14	3	1	1
126	15	1	.	3
127	1	4	2	.
127	2	0	1	1
127	3	3	2	2
127	4	3	2	3
127	5	1	3	3
127	6	3	2	2
127	7	1	2	3
127	8	0	0	0
127	9	2	.	2
127	10	0	0	2
127	11	1	.	1
127	12	1	2	2
127	13	2	.	2
127	14	.	.	0
127	15	3	2	3
128	1	3	3	4
128	2	3	4	4
128	3	0	1	4
128	4	1	.	2
128	5	.	0	-2
128	6	-1	0	0
128	7	1	3	5
128	8	2	3	4
128	9	.	2	.
128	10	0	1	0
128	11	-1	1	0
128	12	1	0	2
128	13	-2	1	0
128	14	.	3	6
128	15	0	2	5
129	1	4	3	4
129	2	3	3	6
129	3	5	.	6
129	4	4	.	2
129	5	2	3	4
129	6	2	3	5
129	7	1	2	.
129	8	3	3	6
129	9	1	2	.
129	10	0	.	.
129	11	0	2	4
129	12	2	4	4
129	13	2	3	7
129	14	5	4	9
129	15	4	4	8
130	1	4	4	4
130	2	3	3	6
130	3	2	2	4
130	4	2	3	2
130	5	0	2	0
130	6	4	4	4
130	7	3	3	3
130	8	2	3	3
130	9	3	3	0
130	10	0	1	0
130	11	1	1	1
130	12	.	1	-2
130	13	2	3	0
130	14	6	3	5
130	15	4	4	5
131	1	-3	0	-1
131	2	-3	0	0
131	3	-1	.	0
131	4	-2	.	-2
131	5	1	2	2
131	6	.	1	1
131	7	2	1	5
131	8	.	0	2
131	9	-2	0	0
131	10	2	0	.
131	11	0	0	1
131	12	0	0	1
131	13	3	2	3
131	14	0	.	0
131	15	-1	-1	.
132	1	0	2	1
132	2	0	2	2
132	3	0	0	1
132	4	0	2	3
132	5	2	3	7
132	6	0	1	5
132	7	0	1	1
132	8	-3	0	0
132	9	0	1	.
132	10	0	1	2
132	11	2	2	2
132	12	0	0	1
132	13	.	0	0
132	14	-3	0	0
132	15	-1	1	2
133	1	.	0	-2
133	2	0	1	1
133	3	-2	.	0
133	4	0	0	0
133	5	-2	.	-3
133	6	0	1	0
133	7	4	4	7
133	8	3	2	2
133	9	.	1	0
133	10	0	2	1
133	11	-2	1	.
133	12	0	1	0
133	13	0	0	0
133	14	0	.	4
133	15	2	3	4
134	1	2	2	5
134	2	6	4	7
134	3	3	4	5
134	4	2	.	1
134	5	2	3	.
134	6	4	3	6
134	7	3	2	3
134	8	0	2	-1
134	9	.	3	1
134	10	0	1	0
134	11	1	0	1
134	12	-1	0	-2
134	13	1	1	2
134	14	2	2	.
134	15	1	2	1
135	1	3	4	6
135	2	1	3	1
135	3	1	3	7
135	4	3	.	.
135	5	3	.	.
135	6	3	4	3
135	7	2	4	3
135	8	3	4	5
135	9	1	.	4
135	10	2	5	5
135	11	3	4	5
135	12	3	6	7
135	13	3	6	6
135	14	.	.	5
135	15	.	2	2
136	1	0	.	0
136	2	0	1	1
136	3	0	0	3
136	4	0	1	1
136	5	0	0	3
136	6	.	1	2
136	7	0	1	3
136	8	0	2	2
136	9	-1	.	0
136	10	-5	-1	.
136	11	-2	0	-2
136	12	-2	0	0
136	13	0	1	2
136	14	-2	0	0
136	15	-1	0	0
137	1	4	.	7
137	2	4	4	6
137	3	6	6	9
137	4	3	4	6
137	5	5	6	.
137	6	5	4	4
137	7	.	5	5
137	8	.	4	8
137	9	8	5	10
137	10	7	6	11
137	11	4	6	8
137	12	5	4	6
137	13	2	3	5
137	14	5	5	8
137	15	4	6	7
138	1	2	1	5
138	2	1	0	3
138	3	1	1	.
138	4	0	0	0
138	5	3	1	3
138	6	3	2	2
138	7	5	3	7
138	8	1	1	4
138	9	2	0	.
138	10	2	0	2
138	11	0	2	0
138	12	4	.	1
138	13	0	2	1
138	14	5	0	4
138	15	1	1	3
139	1	-1	0	0
139	2	0	.	1
139	3	.	1	0
139	4	-1	0	-2
139	5	-3	0	0
139	6	-2	0	-2
139	7	0	0	-2
139	8	0	0	0
139	9	0	0	.
139	10	0	1	3
139	11	3	0	5
139	12	4	1	4
139	13	-1	-1	0
139	14	-3	0	.
139	15	0	0	0
140	1	4	5	6
140	2	0	3	2
140	3	1	3	4
140	4	0	4	5
140	5	3	4	6
140	6	4	4	6
140	7	4	5	6
140	8	6	4	6
140	9	3	3	5
140	10	3	3	4
140	11	4	4	.
140	12	3	4	.
140	13	7	6	9
140	14	5	5	8
140	15	5	3	4
141	1	-1	0	0
141	2	-1	1	5
141	3	0	0	0
141	4	-3	0	-1
141	5	-1	0	0
141	6	.	1	2
141	7	-1	0	.
141	8	0	0	0
141	9	2	2	3
141	10	5	2	.
141	11	2	3	4
141	12	-2	1	-1
141	13	0	0	2
141	14	0	1	1
141	15	3	2	4
142	1	0	1	2
142	2	-1	1	0
142	3	2	1	2
142	4	0	2	.
142	5	4	4	4
142	6	.	1	5
142	7	.	2	4
142	8	.	3	1
142	9	3	3	6
142	10	0	3	2
142	11	1	3	4
142	12	3	4	7
142	13	.	4	.
142	14	0	2	1
142	15	1	3	2
143	1	.	6	10
143	2	2	4	2
143	3	1	3	0
143	4	2	2	5
143	5	0	3	.
143	6	3	3	3
143	7	-1	2	-1
143	8	2	3	4
143	9	4	5	4
143	10	5	4	6
143	11	4	5	7
143	12	2	3	.
143	13	4	.	3
143	14	5	4	5
143	15	4	6	8
144	1	4	3	5
144	2	5	4	7
144	3	.	3	2
144	4	1	3	0
144	5	5	3	3
144	6	5	.	5
144	7	3	4	.
144	8	3	4	5
144	9	6	5	6
144	10	5	6	5
144	11	6	5	6
144	12	3	4	4
144	13	2	3	2
144	14	4	4	5
144	15	5	.	.
145	1	6	5	6
145	2	3	4	8
145	3	3	5	7
145	4	.	4	4
145	5	4	4	7
145	6	3	4	8
145	7	5	5	6
145	8	6	6	6
145	9	2	3	1
145	10	6	3	6
145	11	3	4	4
145	12	0	4	3
145	13	6	4	9
145	14	3	4	6
145	15	4	4	8
146	1	3	4	2
146	2	2	4	1
146	3	0	3	1
146	4	4	6	4
146	5	1	3	-2
146	6	0	0	2
146	7	1	3	1
146	8	0	1	2
146	9	0	.	2
146	10	0	2	0
146	11	0	2	.
146	12	-1	1	-1
146	13	0	1	0
146	14	2	3	3
146	15	.	3	3
147	1	0	.	3
147	2	.	3	2
147	3	2	3	4
147	4	2	.	.
147	5	3	4	6
147	6	3	4	5
147	7	3	4	6
147	8	4	4	5
147	9	4	4	.
147	10	6	5	8
147	11	7	4	8
147	12	3	3	.
147	13	3	3	.
147	14	.	5	8
147	15	6	6	9
148	1	-1	0	0
148	2	1	0	2
148	3	0	.	0
148	4	0	1	1
148	5	0	.	2
148	6	0	0	0
148	7	-1	1	0
148	8	1	0	1
148	9	3	0	3
148	10	1	0	1
148	11	-1	0	.
148	12	-2	0	0
148	13	0	0	3
148	14	0	1	2
148	15	4	2	3
149	1	0	0	.
149	2	0	0	-3
149	3	-1	0	-1
149	4	-1	0	-1
149	5	-1	.	0
149	6	-1	0	-1
149	7	-1	1	-2
149	8	-1	0	0
149	9	.	.	0
149	10	-1	1	-1
149	11	.	0	-4
149	12	0	0	0
149	13	-2	-2	-2
149	14	.	-1	-4
149	15	-2	0	0
150	1	5	3	4
150	2	.	4	5
150	3	4	4	4
150	4	6	3	5
150	5	5	4	5
150	6	6	5	6
150	7	3	4	6
150	8	4	4	3
150	9	3	.	4
150	10	1	3	1
150	11	3	5	4
150	12	3	2	3
150	13	3	4	4
150	14	5	5	5
150	15	.	6	9
151	1	-1	0	-1
151	2	.	2	1
151	3	0	1	3
151	4	0	1	2
151	5	1	2	6
151	6	-1	1	3
151	7	-3	0	1
151	8	0	0	0
151	9	-1	.	1
151	10	-3	.	0
151	11	-2	0	-1
151	12	-1	.	1
151	13	-2	1	0
151	14	-3	0	-2
151	15	-2	0	-1
152	1	0	1	1
152	2	2	3	4
152	3	1	2	0
152	4	0	1	0
152	5	.	1	1
152	6	1	2	1
152	7	.	1	3
152	8	2	1	1
152	9	1	3	4
152	10	1	2	-1
152	11	-1	0	.
152	12	1	.	2
152	13	1	.	4
152	14	0	2	3
152	15	0	1	-1
153	1	3	2	3
153	2	4	3	4
153	3	5	2	8
153	4	.	1	2
153	5	2	2	.
153	6	2	2	0
153	7	0	.	1
153	8	2	2	.
153	9	2	1	3
153	10	0	0	0
153	11	1	1	2
153	12	2	1	1
153	13	-1	0	-1
153	14	0	1	-1
153	15	4	4	5
154	1	5	4	7
154	2	6	5	7
154	3	6	4	10
154	4	2	4	7
154	5	2	.	6
154	6	.	3	7
154	7	3	4	.
154	8	1	2	.
154	9	3	4	9
154	10	4	2	5
154	11	4	4	5
154	12	0	1	2
154	13	.	3	4
154	14	0	2	2
154	15	3	2	1
155	1	2	2	0
155	2	3	3	5
155	3	3	2	3
155	4	2	2	2
155	5	0	.	2
155	6	3	2	.
155	7	1	3	3
155	8	2	.	0
155	9	3	3	3
155	10	3	2	7
155	11	0	1	3
155	12	2	3	2
155	13	3	3	4
155	14	0	1	.
155	15	4	3	8
156	1	-1	1	2
156	2	0	0	2
156	3	1	2	3
156	4	0	3	2
156	5	1	1	0
156	6	1	1	0
156	7	0	1	0
156	8	0	.	2
156	9	1	1	2
156	10	2	.	2
156	11	3	3	3
156	12	2	2	3
156	13	1	2	1
156	14	6	5	12
156	15	4	3	8
157	1	0	0	1
157	2	0	0	-2
157	3	0	1	-1
157	4	2	1	0
157	5	1	3	2
157	6	2	2	0
157	7	3	2	5
157	8	4	2	6
157	9	6	3	6
157	10	0	0	-1
157	11	3	1	0
157	12	.	2	2
157	13	5	4	3
157	14	0	2	0
157	15	2	1	0
158	1	3	3	4
158	2	2	1	4
158	3	4	3	4
158	4	.	3	5
158	5	2	3	3
158	6	4	.	3
158	7	3	3	6
158	8	6	5	9
158	9	4	4	6
158	10	3	3	8
158	11	3	4	6
158	12	2	3	2
158	13	2	3	4
158	14	.	1	2
158	15	0	2	.
159	1	2	2	3
159	2	0	1	0
159	3	1	2	1
159	4	0	0	-1
159	5	0	1	-1
159	6	0	0	-1
159	7	-2	0	-2
159	8	.	1	.
159	9	2	2	3
159	10	2	2	4
159	11	3	3	7
159	12	3	.	2
159	13	2	0	0
159	14	0	1	-2
159	15	0	1	-1
160	1	-2	1	.
160	2	2	2	1
160	3	2	3	3
160	4	3	3	.
160	5	3	4	3
160	6	2	3	4
160	7	.	2	4
160	8	3	2	3
160	9	0	.	2
160	10	2	4	4
160	11	1	3	1
160	12	1	3	3
160	13	3	.	2
160	14	0	1	.
160	15	3	2	3
161	1	2	2	1
161	2	2	.	.
161	3	0	2	3
161	4	2	1	1
161	5	0	0	0
161	6	0	1	2
161	7	0	.	-1
161	8	0	0	2
161	9	3	.	1
161	10	3	2	4
161	11	2	1	1
161	12	.	2	5
161	13	3	1	0
161	14	5	4	7
161	15	2	1	4
162	1	5	3	3
162	2	5	4	2
162	3	3	3	4
162	4	4	3	1
162	5	3	2	0
162	6	0	1	1
162	7	3	.	3
162	8	2	3	2
162	9	3	.	.
162	10	4	3	4
162	11	1	2	1
162	12	.	3	0
162	13	4	3	1
162	14	4	.	.
162	15	2	4	1
163	1	5	4	6
163	2	3	.	1
163	3	5	4	.
163	4	4	.	4
163	5	5	4	5
163	6	1	2	1
163	7	.	4	3
163	8	3	2	4
163	9	7	4	7
163	10	1	0	0
163	11	0	.	.
163	12	.	.	2
163	13	3	3	5
163	14	3	.	0
163	15	.	3	6
164	1	-3	-2	-5
164	2	-3	0	-3
164	3	-2	-1	-2
164	4	-3	-1	-2
164	5	-4	-1	-2
164	6	-1	0	-1
164	7	-2	-1	.
164	8	.	0	1
164	9	0	.	1
164	10	1	1	.
164	11	-2	.	0
164	12	-2	0	-1
164	13	-1	.	1
164	14	-2	-1	0
164	15	-1	-1	-3
165	1	.	2	.
165	2	.	3	4
165	3	0	.	1
165	4	0	2	1
165	5	2	2	5
165	6	0	.	2
165	7	1	2	4
165	8	0	2	4
165	9	3	3	5
165	10	2	3	3
165	11	-1	2	0
165	12	3	3	5
165	13	1	2	5
165	14	3	2	9
165	15	2	2	6
166	1	0	1	3
166	2	0	2	2
166	3	0	2	1
166	4	-1	1	-2
166	5	3	3	3
166	6	0	1	0
166	7	0	3	2
166	8	0	2	0
166	9	1	1	0
166	10	0	1	-1
166	11	0	1	1
166	12	-2	1	1
166	13	0	0	.
166	14	0	3	.
166	15	.	0	0
167	1	3	2	5
167	2	1	1	.
167	3	2	1	4
167	4	0	0	0
167	5	0	0	.
167	6	-2	0	-2
167	7	.	2	2
167	8	.	1	3
167	9	1	3	3
167	10	2	0	0
167	11	0	1	2
167	12	1	.	6
167	13	2	1	3
167	14	2	1	3
167	15	2	2	1
168	1	.	.	4
168	2	3	2	.
168	3	.	4	4
168	4	.	3	5
168	5	6	2	4
168	6	0	2	2
168	7	2	.	6
168	8	2	2	.
168	9	3	3	5
168	10	1	2	4
168	11	4	4	6
168	12	3	3	5
168	13	7	5	7
168	14	4	4	5
168	15	2	3	4
169	1	1	1	0
169	2	1	2	1
169	3	2	3	2
169	4	2	2	.
169	5	0	2	-1
169	6	0	2	2
169	7	1	1	0
169	8	3	4	4
169	9	0	1	0
169	10	.	1	-1
169	11	2	.	1
169	12	-1	2	.
169	13	1	1	2
169	14	0	1	.
169	15	1	2	2
170	1	.	2	5
170	2	3	2	.
170	3	1	0	0
170	4	0	1	.
170	5	0	0	-1
170	6	2	2	1
170	7	2	1	2
170	8	2	1	1
170	9	2	2	5
170	10	3	3	.
170	11	2	2	2
170	12	3	.	3
170	13	3	2	4
170	14	.	1	0
170	15	4	1	1
171	1	.	2	3
171	2	0	2	3
171	3	2	3	3
171	4	.	.	1
171	5	0	1	2
171	6	.	2	3
171	7	0	0	0
171	8	2	1	5
171	9	4	.	6
171	10	2	0	5
171	11	0	1	1
171	12	1	3	5
171	13	3	2	2
171	14	2	.	4
171	15	2	3	4
172	1	2	2	.
172	2	0	0	0
172	3	-1	2	0
172	4	.	0	.
172	5	1	.	0
172	6	-2	0	1
172	7	2	1	4
172	8	2	3	4
172	9	3	2	2
172	10	0	2	0
172	11	4	3	7
172	12	3	2	3
172	13	-1	1	0
172	14	1	0	4
172	15	0	2	4
173	1	1	2	2
173	2	2	3	3
173	3	0	3	.
173	4	0	2	2
173	5	1	3	1
173	6	3	2	3
173	7	0	2	4
173	8	2	4	3
173	9	7	4	11
173	10	1	2	5
173	11	.	2	.
173	12	3	2	2
173	13	1	1	0
173	14	0	1	2
173	15	1	3	3
174	1	-2	-1	-1
174	2	-4	0	-1
174	3	-4	-1	-2
174	4	0	0	.
174	5	1	-1	1
174	6	0	1	4
174	7	0	1	2
174	8	2	0	2
174	9	1	1	2
174	10	0	0	0
174	11	.	0	0
174	12	-1	0	0
174	13	-2	0	-2
174	14	-2	0	0
174	15	.	0	1
175	1	.	3	3
175	2	0	1	3
175	3	2	2	0
175	4	0	2	0
175	5	.	.	4
175	6	3	4	6
175	7	3	4	3
175	8	4	.	.
175	9	3	3	4
175	10	2	3	2
175	11	0	3	-1
175	12	4	3	4
175	13	2	3	4
175	14	0	3	.
175	15	1	1	.
176	1	3	4	6
176	2	3	3	6
176	3	4	4	.
176	4	2	3	5
176	5	4	.	5
176	6	3	3	.
176	7	.	2	7
176	8	3	.	6
176	9	4	4	8
176	10	3	4	9
176	11	5	3	10
176	12	.	3	5
176	13	1	2	1
176	14	4	4	6
176	15	2	.	4
177	1	2	3	.
177	2	1	2	.
177	3	0	1	0
177	4	.	3	2
177	5	1	2	0
177	6	0	.	4
177	7	2	2	7
177	8	1	3	4
177	9	1	3	.
177	10	2	3	.
177	11	1	3	4
177	12	1	3	2
177	13	2	1	1
177	14	.	3	4
177	15	.	3	5
178	1	1	2	4
178	2	0	2	2
178	3	2	.	.
178	4	1	.	4
178	5	-2	2	2
178	6	1	2	2
178	7	0	0	1
178	8	1	1	3
178	9	.	2	3
178	10	-2	.	-1
178	11	-2	0	.
178	12	0	1	4
178	13	3	2	5
178	14	2	2	3
178	15	0	0	0
179	1	0	2	0
179	2	2	2	2
179	3	3	3	2
179	4	2	3	5
179	5	2	4	5
179	6	2	4	5
179	7	.	1	0
179	8	-2	0	1
179	9	-3	0	-3
179	10	.	1	0
179	11	0	1	1
179	12	1	1	2
179	13	2	2	6
179	14	.	3	.
179	15	2	3	5
180	1	3	3	.
180	2	1	4	5
180	3	4	.	7
180	4	.	6	11
180	5	5	4	6
180	6	1	.	6
180	7	1	2	.
180	8	1	3	3
180	9	2	.	2
180	10	-2	1	1
180	11	3	4	4
180	12	-1	3	4
180	13	-1	2	0
180	14	-1	1	1
180	15	2	4	4
181	1	4	4	5
181	2	4	4	6
181	3	4	.	3
181	4	4	4	6
181	5	4	3	4
181	6	4	3	5
181	7	4	3	7
181	8	3	4	3
181	9	2	.	5
181	10	5	5	4
181	11	5	3	3
181	12	6	4	7
181	13	6	5	7
181	14	.	3	4
181	15	4	3	4
182	1	1	2	4
182	2	2	0	0
182	3	-1	1	-2
182	4	1	.	0
182	5	0	.	.
182	6	0	1	0
182	7	0	1	-2
182	8	3	1	2
182	9	2	2	2
182	10	2	1	.
182	11	0	1	0
182	12	1	0	.
182	13	1	1	2
182	14	1	2	4
182	15	1	2	2
183	1	1	2	3
183	2	2	1	3
183	3	.	2	4
183	4	4	.	5
183	5	3	3	3
183	6	1	.	2
183	7	1	.	.
183	8	1	.	6
183	9	2	2	6
183	10	1	2	0
183	11	.	2	5
183	12	5	3	5
183	13	3	3	5
183	14	3	3	7
183	15	0	2	4
184	1	3	3	6
184	2	5	4	7
184	3	1	3	4
184	4	2	3	.
184	5	1	2	1
184	6	3	3	.
184	7	5	4	8
184	8	0	3	4
184	9	2	4	4
184	10	2	4	5
184	11	1	2	2
184	12	2	2	4
184	13	.	4	6
184	14	1	2	6
184	15	2	2	3
185	1	.	.	.
185	2	-1	3	3
185	3	2	3	5
185	4	2	3	.
185	5	4	2	4
185	6	2	4	7
185	7	2	3	4
185	8	1	3	5
185	9	3	.	6
185	10	5	3	5
185	11	2	.	4
185	12	1	2	1
185	13	1	2	2
185	14	1	1	.
185	15	2	3	5
186	1	3	2	.
186	2	.	.	0
186	3	-2	0	-1
186	4	0	1	4
186	5	1	0	2
186	6	3	2	.
186	7	2	3	.
186	8	.	2	2
186	9	1	0	.
186	10	0	2	3
186	11	.	3	2
186	12	2	2	.
186	13	1	3	4
186	14	2	2	1
186	15	3	2	4
187	1	-3	1	0
187	2	-2	0	0
187	3	-3	0	0
187	4	-3	.	.
187	5	-2	0	-1
187	6	-2	1	.
187	7	0	0	0
187	8	1	2	1
187	9	0	.	1
187	10	-3	0	-1
187	11	-2	0	-6
187	12	0	0	0
187	13	2	1	3
187	14	1	1	-1
187	15	2	0	3
188	1	0	.	-2
188	2	.	4	.
188	3	.	1	0
188	4	.	0	-1
188	5	0	.	-3
188	6	-2	1	-1
188	7	1	1	-1
188	8	0	0	0
188	9	-1	1	0
188	10	2	.	1
188	11	5	3	5
188	12	0	2	3
188	13	1	1	0
188	14	-1	2	0
188	15	0	1	0
189	1	0	1	.
189	2	0	0	.
189	3	-1	.	-2
189	4	.	1	3
189	5	1	0	5
189	6	2	0	2
189	7	0	0	.
189	8	.	0	-1
189	9	-1	0	0
189	10	3	1	3
189	11	1	0	0
189	12	-3	0	-2
189	13	0	0	1
189	14	0	0	1
189	15	-1	0	.
190	1	0	3	4
190	2	2	3	3
190	3	.	2	3
190	4	0	3	4
190	5	1	2	0
190	6	0	3	3
190	7	0	3	4
190	8	.	4	4
190	9	-2	3	3
190	10	.	2	4
190	11	.	2	4
190	12	0	2	1
190	13	0	2	3
190	14	0	3	6
190	15	0	2	4
191	1	0	1	6
191	2	.	1	3
191	3	3	4	.
191	4	1	1	1
191	5	.	2	.
191	6	1	.	6
191	7	1	1	1
191	8	2	2	4
191	9	0	0	0
191	10	.	2	5
191	11	3	2	1
191	12	0	3	3
191	13	3	2	2
191	14	0	2	.
191	15	0	.	1
192	1	0	0	0
192	2	1	0	0
192	3	3	3	7
192	4	1	1	1
192	5	1	0	2
192	6	2	.	1
192	7	3	2	3
192	8	2	2	4
192	9	6	2	5
192	10	5	2	2
192	11	3	2	1
192	12	.	2	3
192	13	3	2	3
192	14	4	3	3
192	15	.	2	3
193	1	2	.	0
193	2	0	1	0
193	3	1	1	2
193	4	2	1	1
193	5	1	.	4
193	6	3	2	.
193	7	6	2	4
193	8	4	.	8
193	9	4	3	6
193	10	0	1	.
193	11	4	2	2
193	12	4	1	6
193	13	6	1	6
193	14	4	.	4
193	15	2	2	5
194	1	5	4	6
194	2	4	4	5
194	3	3	.	3
194	4	1	2	6
194	5	3	3	7
194	6	3	4	5
194	7	4	2	7
194	8	4	3	6
194	9	2	2	2
194	10	2	3	.
194	11	2	3	4
194	12	4	3	5
194	13	.	3	6
194	14	.	4	4
194	15	3	5	7
195	1	1	3	5
195	2	.	5	3
195	3	1	2	6
195	4	3	.	8
195	5	3	2	.
195	6	2	2	4
195	7	4	5	8
195	8	2	5	6
195	9	.	4	3
195	10	1	5	5
195	11	2	4	7
195	12	4	4	7
195	13	4	4	.
195	14	1	2	5
195	15	1	3	3
196	1	1	2	0
196	2	3	1	3
196	3	1	.	1
196	4	1	0	1
196	5	3	.	2
196	6	3	2	4
196	7	-1	0	0
196	8	.	0	0
196	9	1	1	-2
196	10	0	.	0
196	11	-2	0	-1
196	12	.	.	-2
196	13	3	1	0
196	14	1	.	0
196	15	1	.	0
197	1	1	0	.
197	2	0	1	2
197	3	-2	.	-3
197	4	0	2	-1
197	5	3	2	2
197	6	0	2	2
197	7	1	1	3
197	8	1	1	.
197	9	0	0	0
197	10	0	1	1
197	11	3	2	3
197	12	2	.	2
197	13	.	1	0
197	14	-2	0	0
197	15	0	0	2
198	1	3	3	5
198	2	0	2	3
198	3	.	2	3
198	4	4	.	2
198	5	5	3	5
198	6	2	4	3
198	7	6	3	4
198	8	6	4	9
198	9	5	4	7
198	10	7	4	.
198	11	4	4	4
198	12	5	5	6
198	13	6	4	8
198	14	3	4	6
198	15	3	3	1
199	1	2	3	4
199	2	3	2	6
199	3	.	4	1
199	4	0	3	1
199	5	2	1	2
199	6	.	4	4
199	7	4	3	4
199	8	5	4	4
199	9	4	3	3
199	10	3	4	4
199	11	3	3	.
199	12	2	1	2
199	13	5	.	4
199	14	.	3	2
199	15	0	2	1
200	1	2	3	.
200	2	3	4	7
200	3	2	3	4
200	4	4	3	5
200	5	3	4	9
200	6	2	3	.
200	7	3	4	4
200	8	1	4	6
200	9	2	1	2
200	10	2	4	7
200	11	1	.	2
200	12	1	3	.
200	13	3	2	5
200	14	3	5	6
200	15	3	4	6
201	1	-1	0	.
201	2	2	0	.
201	3	-1	0	-2
201	4	-1	-1	-1
201	5	-3	-1	-3
201	6	-2	0	.
201	7	1	0	3
201	8	0	0	3
201	9	-2	-1	0
201	10	0	0	1
201	11	0	1	3
201	12	1	.	.
201	13	-1	0	0
201	14	-4	-1	0
201	15	.	-1	-2
202	1	-3	0	1
202	2	-3	0	1
202	3	-1	1	0
202	4	-2	0	0
202	5	0	0	3
202	6	-2	0	0
202	7	3	.	3
202	8	1	0	1
202	9	0	0	3
202	10	0	0	1
202	11	-2	1	-2
202	12	-1	1	.
202	13	2	1	6
202	14	0	.	1
202	15	.	0	4
203	1	.	1	-2
203	2	0	0	3
203	3	0	0	-1
203	4	-2	.	0
203	5	1	0	2
203	6	.	3	7
203	7	2	1	1
203	8	4	3	3
203	9	1	3	2
203	10	.	2	1
203	11	0	2	1
203	12	2	2	.
203	13	0	1	1
203	14	0	2	2
203	15	0	.	.
204	1	6	3	3
204	2	4	2	4
204	3	2	3	5
204	4	4	4	5
204	5	3	2	2
204	6	0	0	-2
204	7	0	0	0
204	8	.	0	-4
204	9	-3	0	-4
204	10	-1	0	0
204	11	0	1	-2
204	12	0	2	1
204	13	0	0	-2
204	14	-1	1	-1
204	15	-1	0	-1
205	1	4	.	.
205	2	4	5	7
205	3	1	2	4
205	4	0	1	.
205	5	0	2	0
205	6	0	.	0
205	7	.	0	0
205	8	0	1	-1
205	9	2	2	4
205	10	0	1	2
205	11	-1	2	1
205	12	0	1	0
205	13	1	.	5
205	14	3	3	4
205	15	3	4	7
206	1	2	1	1
206	2	2	1	2
206	3	2	2	1
206	4	0	2	2
206	5	4	2	4
206	6	1	2	3
206	7	2	1	0
206	8	1	1	3
206	9	3	.	3
206	10	1	3	4
206	11	.	2	4
206	12	3	3	2
206	13	.	.	0
206	14	1	1	3
206	15	2	3	.
207	1	2	3	3
207	2	4	3	4
207	3	4	4	4
207	4	.	3	4
207	5	.	5	5
207	6	2	3	1
207	7	4	3	2
207	8	3	.	3
207	9	1	3	4
207	10	1	3	.
207	11	.	3	4
207	12	1	2	1
207	13	4	3	1
207	14	3	3	1
207	15	0	3	5
208	1	5	2	8
208	2	3	1	4
208	3	3	2	4
208	4	4	4	7
208	5	4	2	5
208	6	.	.	6
208	7	4	4	6
208	8	0	0	.
208	9	-1	1	1
208	10	0	0	1
208	11	1	1	1
208	12	1	3	2
208	13	0	.	0
208	14	0	2	-1
208	15	1	2	4
209	1	1	1	5
209	2	-1	0	0
209	3	0	0	-2
209	4	.	0	1
209	5	0	0	0
209	6	-1	1	0
209	7	-2	0	-2
209	8	-1	0	0
209	9	1	0	0
209	10	-3	-1	0
209	11	0	0	0
209	12	-1	0	0
209	13	.	0	0
209	14	2	0	0
209	15	0	0	0
210	1	4	3	3
210	2	3	4	5
210	3	.	2	2
210	4	3	3	3
210	5	4	2	1
210	6	2	3	5
210	7	3	2	3
210	8	6	3	6
210	9	4	2	3
210	10	1	0	0
210	11	2	2	3
210	12	2	2	0
210	13	5	5	7
210	14	4	4	5
210	15	5	4	5
211	1	0	2	0
211	2	2	3	1
211	3	1	.	0
211	4	.	2	3
211	5	2	1	1
211	6	3	2	6
211	7	0	1	1
211	8	1	1	0
211	9	0	3	0
211	10	2	2	2
211	11	3	3	2
211	12	2	3	.
211	13	1	2	2
211	14	0	0	0
211	15	3	2	4
212	1	4	4	6
212	2	2	3	7
212	3	.	0	.
212	4	0	0	2
212	5	3	3	4
212	6	3	2	0
212	7	1	2	5
212	8	2	2	.
212	9	3	3	4
212	10	4	3	5
212	11	5	4	6
212	12	6	4	8
212	13	4	2	5
212	14	2	2	3
212	15	4	4	.
213	1	-2	0	0
213	2	-2	0	-1
213	3	-3	0	-1
213	4	0	.	-1
213	5	0	0	0
213	6	0	0	2
213	7	0	1	0
213	8	.	0	1
213	9	0	1	0
213	10	0	0	2
213	11	-3	.	-2
213	12	0	.	0
213	13	.	1	0
213	14	0	1	0
213	15	0	1	3
214	1	4	5	5
214	2	6	4	7
214	3	3	4	5
214	4	7	4	9
214	5	6	5	6
214	6	6	4	8
214	7	3	4	4
214	8	2	3	3
214	9	4	4	5
214	10	2	3	4
214	11	0	2	2
214	12	2	3	5
214	13	2	2	3
214	14	0	3	2
214	15	5	3	8
215	1	4	.	2
215	2	6	5	5
215	3	4	3	4
215	4	.	4	5
215	5	2	.	.
215	6	4	3	3
215	7	0	3	1
215	8	3	2	1
215	9	1	2	0
215	10	2	2	1
215	11	1	1	.
215	12	1	2	1
215	13	2	2	0
215	14	0	.	0
215	15	3	.	3
216	1	0	0	0
216	2	0	-1	-1
216	3	1	0	0
216	4	0	0	0
216	5	1	0	-3
216	6	-2	0	-5
216	7	-3	0	.
216	8	-1	0	-1
216	9	-2	-1	-4
216	10	-3	-1	-2
216	11	-2	-1	-3
216	12	-2	-1	-1
216	13	-1	-2	0
216	14	1	0	0
216	15	.	0	-2
217	1	1	3	3
217	2	2	4	3
217	3	5	.	.
217	4	5	5	8
217	5	3	3	3
217	6	0	3	2
217	7	3	2	2
217	8	2	.	3
217	9	3	3	.
217	10	5	4	5
217	11	6	5	8
217	12	5	6	5
217	13	.	4	4
217	14	4	4	5
217	15	6	4	4
218	1	0	1	2
218	2	0	1	0
218	3	2	3	3
218	4	4	3	2
218	5	2	5	4
218	6	0	1	.
218	7	.	1	3
218	8	-2	0	-2
218	9	3	3	3
218	10	1	3	2
218	11	-1	2	-2
218	12	.	.	3
218	13	.	1	1
218	14	2	3	4
218	15	2	2	5
219	1	3	5	6
219	2	6	5	3
219	3	6	5	8
219	4	7	6	6
219	5	2	4	7
219	6	4	2	6
219	7	4	4	3
219	8	4	4	4
219	9	3	5	2
219	10	1	5	5
219	11	2	3	2
219	12	4	3	.
219	13	3	3	3
219	14	4	3	4
219	15	.	5	3
220	1	1	.	5
220	2	5	5	6
220	3	4	4	5
220	4	4	6	7
220	5	2	3	2
220	6	5	6	7
220	7	.	3	3
220	8	4	3	4
220	9	1	3	4
220	10	2	4	4
220	11	3	3	4
220	12	2	3	3
220	13	3	4	6
220	14	1	4	0
220	15	6	6	5
221	1	3	3	5
221	2	2	3	2
221	3	6	4	7
221	4	5	5	4
221	5	3	3	6
221	6	0	2	2
221	7	3	1	4
221	8	3	2	6
221	9	5	4	8
221	10	5	3	6
221	11	.	2	6
221	12	1	4	5
221	13	3	.	.
221	14	3	2	3
221	15	5	.	7
222	1	0	0	1
222	2	.	1	6
222	3	1	2	.
222	4	1	3	3
222	5	0	2	1
222	6	.	2	4
222	7	0	1	3
222	8	.	2	6
222	9	0	2	3
222	10	-1	0	0
222	11	-1	1	1
222	12	-1	0	1
222	13	0	1	0
222	14	-1	1	0
222	15	0	0	0
223	1	0	1	0
223	2	-1	.	0
223	3	0	1	-3
223	4	-1	0	0
223	5	0	1	1
223	6	1	1	1
223	7	0	1	0
223	8	.	1	0
223	9	-3	1	-1
223	10	-1	.	0
223	11	0	2	0
223	12	0	0	0
223	13	1	.	.
223	14	3	2	0
223	15	4	2	4
224	1	0	0	0
224	2	.	-1	-3
224	3	0	0	0
224	4	.	1	1
224	5	-2	0	-1
224	6	-1	1	1
224	7	2	1	.
224	8	0	1	3
224	9	0	1	0
224	10	0	0	1
224	11	.	2	4
224	12	-1	1	0
224	13	-2	.	-1
224	14	-2	0	0
224	15	1	1	2
225	1	2	3	4
225	2	.	1	3
225	3	-1	.	0
225	4	1	2	2
225	5	2	3	3
225	6	.	3	5
225	7	1	3	0
225	8	.	1	1
225	9	0	1	4
225	10	2	2	1
225	11	0	1	.
225	12	2	2	4
225	13	.	2	1
225	14	2	2	1
225	15	1	2	4
226	1	0	.	-1
226	2	1	0	3
226	3	2	.	1
226	4	.	2	1
226	5	2	1	1
226	6	1	1	0
226	7	.	2	0
226	8	.	2	3
226	9	1	0	0
226	10	0	2	-2
226	11	0	.	4
226	12	1	2	2
226	13	4	2	2
226	14	0	1	0
226	15	1	0	1
227	1	3	4	0
227	2	4	4	6
227	3	2	3	2
227	4	4	5	7
227	5	2	3	2
227	6	2	.	1
227	7	6	4	4
227	8	2	4	1
227	9	3	4	3
227	10	1	2	3
227	11	0	1	1
227	12	3	2	3
227	13	1	3	2
227	14	3	.	.
227	15	2	3	.
228	1	1	0	2
228	2	2	2	3
228	3	1	2	5
228	4	2	1	2
228	5	3	1	3
228	6	1	2	.
228	7	1	3	5
228	8	5	3	8
228	9	6	5	4
228	10	6	4	9
228	11	5	4	7
228	12	.	4	7
228	13	4	2	7
228	14	1	4	6
228	15	3	1	.
229	1	-1	0	0
229	2	0	0	1
229	3	.	2	0
229	4	-3	0	2
229	5	0	0	0
229	6	2	1	3
229	7	2	1	3
229	8	0	.	1
229	9	0	1	4
229	10	0	.	4
229	11	0	0	0
229	12	0	0	.
229	13	1	1	0
229	14	4	3	6
229	15	0	1	0
230	1	4	.	2
230	2	2	2	1
230	3	1	2	.
230	4	5	4	5
230	5	5	2	5
230	6	1	3	0
230	7	4	4	5
230	8	5	4	7
230	9	7	5	8
230	10	2	3	3
230	11	5	.	5
230	12	6	4	6
230	13	3	4	4
230	14	3	4	4
230	15	1	3	.
231	1	3	1	1
231	2	-1	0	1
231	3	1	1	.
231	4	0	1	1
231	5	.	0	-1
231	6	-1	0	-3
231	7	0	0	-1
231	8	0	1	-1
231	9	0	.	1
231	10	3	2	3
231	11	2	0	0
231	12	0	0	0
231	13	0	0	-1
231	14	0	0	-1
231	15	-1	.	-2
232	1	1	0	0
232	2	0	1	0
232	3	4	2	1
232	4	4	.	6
232	5	2	2	2
232	6	.	0	4
232	7	2	2	3
232	8	1	0	0
232	9	4	3	4
232	10	5	2	4
232	11	5	3	3
232	12	5	1	6
232	13	5	3	6
232	14	7	4	11
232	15	3	2	3
233	1	2	1	4
233	2	2	3	8
233	3	3	4	6
233	4	0	1	4
233	5	0	1	3
233	6	1	2	4
233	7	1	2	5
233	8	2	2	3
233	9	0	2	4
233	10	1	1	3
233	11	1	2	.
233	12	3	3	4
233	13	0	0	2
233	14	2	1	5
233	15	-3	1	0
234	1	4	4	3
234	2	5	5	7
234	3	4	3	4
234	4	5	4	5
234	5	2	2	0
234	6	1	4	1
234	7	.	1	-1
234	8	0	2	0
234	9	4	4	3
234	10	1	3	2
234	11	2	3	0
234	12	3	4	1
234	13	0	3	0
234	14	5	5	5
234	15	5	5	4
235	1	1	2	2
235	2	2	3	3
235	3	3	.	5
235	4	2	3	5
235	5	3	2	.
235	6	3	3	5
235	7	4	3	2
235	8	2	3	3
235	9	1	3	3
235	10	2	2	2
235	11	2	3	4
235	12	2	3	.
235	13	2	3	4
235	14	2	3	5
235	15	3	1	.
236	1	3	3	4
236	2	7	5	5
236	3	7	5	7
236	4	2	4	0
236	5	4	.	6
236	6	1	3	4
236	7	2	3	4
236	8	3	3	1
236	9	.	.	3
236	10	6	5	.
236	11	7	8	.
236	12	5	7	8
236	13	4	4	8
236	14	5	5	5
236	15	3	5	6
237	1	.	2	2
237	2	1	4	0
237	3	3	.	5
237	4	4	3	3
237	5	2	.	4
237	6	4	3	4
237	7	4	1	1
237	8	0	3	1
237	9	4	4	4
237	10	4	3	4
237	11	4	3	2
237	12	4	3	5
237	13	2	2	2
237	14	3	3	4
237	15	1	.	0
238	1	0	2	1
238	2	1	1	4
238	3	3	.	.
238	4	0	3	3
238	5	0	1	0
238	6	1	1	1
238	7	0	1	4
238	8	3	1	3
238	9	4	2	7
238	10	.	1	.
238	11	0	1	5
238	12	2	1	6
238	13	0	0	.
238	14	1	.	.
238	15	4	3	.
239	1	0	1	0
239	2	0	.	.
239	3	2	3	3
239	4	3	2	4
239	5	0	1	2
239	6	.	0	1
239	7	1	1	2
239	8	.	1	3
239	9	0	1	.
239	10	4	3	5
239	11	.	2	2
239	12	4	2	5
239	13	2	3	5
239	14	1	1	2
239	15	0	0	0
240	1	3	3	5
240	2	2	3	2
240	3	2	2	2
240	4	3	2	1
240	5	3	3	4
240	6	.	1	0
240	7	3	3	.
240	8	5	3	4
240	9	4	3	6
240	10	4	4	4
240	11	2	2	2
240	12	4	3	2
240	13	1	1	0
240	14	0	.	0
240	15	4	3	4
241	1	3	4	5
241	2	2	3	0
241	3	.	3	1
241	4	.	3	2
241	5	4	4	4
241	6	2	.	2
241	7	-1	0	0
241	8	0	0	0
241	9	0	2	-1
241	10	3	4	4
241	11	4	3	4
241	12	5	.	7
241	13	4	3	4
241	14	4	4	5
241	15	3	5	5
242	1	3	2	2
242	2	0	2	4
242	3	3	2	2
242	4	2	1	0
242	5	1	1	3
242	6	2	3	2
242	7	5	3	3
242	8	3	2	5
242	9	4	1	2
242	10	2	3	4
242	11	1	3	2
242	12	.	3	2
242	13	.	3	5
242	14	1	2	2
242	15	2	.	4
243	1	1	0	-4
243	2	1	0	1
243	3	0	0	-1
243	4	1	0	0
243	5	0	0	-1
243	6	.	1	0
243	7	0	0	-2
243	8	1	1	-2
243	9	0	1	0
243	10	2	1	0
243	11	3	2	2
243	12	1	0	0
243	13	3	1	0
243	14	2	0	2
243	15	2	1	1
244	1	6	5	8
244	2	4	5	3
244	3	5	5	7
244	4	3	3	5
244	5	0	2	.
244	6	2	2	1
244	7	2	3	4
244	8	4	.	.
244	9	2	4	.
244	10	5	5	8
244	11	5	6	7
244	12	5	5	7
244	13	6	5	.
244	14	4	3	1
244	15	4	3	2
245	1	1	.	4
245	2	0	2	0
245	3	-1	1	-2
245	4	.	0	.
245	5	0	2	.
245	6	1	1	2
245	7	1	2	0
245	8	0	.	0
245	9	1	2	.
245	10	3	3	6
245	11	2	4	6
245	12	2	2	2
245	13	4	2	4
245	14	5	4	8
245	15	4	4	.
246	1	-3	-1	1
246	2	-5	.	-4
246	3	-4	-1	.
246	4	.	0	2
246	5	-2	0	-1
246	6	.	0	0
246	7	0	0	0
246	8	-3	0	0
246	9	-2	0	0
246	10	-2	0	3
246	11	0	0	4
246	12	.	0	3
246	13	-1	0	0
246	14	0	0	2
246	15	1	1	6
247	1	0	1	-1
247	2	3	1	4
247	3	3	3	1
247	4	5	1	4
247	5	5	2	1
247	6	3	2	3
247	7	5	3	3
247	8	7	5	7
247	9	3	3	3
247	10	1	1	3
247	11	3	1	.
247	12	2	2	-1
247	13	0	1	-1
247	14	1	1	0
247	15	3	2	0
248	1	1	3	3
248	2	3	3	2
248	3	2	3	3
248	4	3	3	4
248	5	3	2	5
248	6	6	3	5
248	7	4	5	8
248	8	1	3	2
248	9	4	4	.
248	10	5	4	5
248	11	3	3	4
248	12	3	4	9
248	13	2	2	4
248	14	4	4	.
248	15	3	.	5
249	1	4	4	6
249	2	5	4	5
249	3	8	.	.
249	4	0	2	1
249	5	4	2	.
249	6	2	.	4
249	7	2	2	3
249	8	1	3	3
249	9	5	.	4
249	10	5	4	5
249	11	4	3	4
249	12	6	4	4
249	13	5	3	5
249	14	.	3	4
249	15	3	2	0
250	1	1	3	3
250	2	1	1	.
250	3	1	1	-1
250	4	3	1	0
250	5	3	.	5
250	6	0	2	1
250	7	3	4	3
250	8	2	.	4
250	9	2	.	1
250	10	1	2	.
250	11	0	1	0
250	12	1	1	0
250	13	-2	0	.
250	14	-1	0	-1
250	15	.	0	0
251	1	2	2	2
251	2	0	2	0
251	3	0	0	-2
251	4	2	2	1
251	5	1	1	0
251	6	2	.	0
251	7	2	2	2
251	8	2	2	1
251	9	6	3	4
251	10	4	1	3
251	11	4	2	8
251	12	4	2	5
251	13	6	3	.
251	14	3	4	4
251	15	3	2	4
252	1	5	4	1
252	2	1	2	.
252	3	2	2	.
252	4	.	3	4
252	5	3	2	6
252	6	.	2	5
252	7	2	3	6
252	8	.	2	4
252	9	1	3	5
252	10	3	.	3
252	11	.	2	2
252	12	1	2	4
252	13	3	3	3
252	14	2	3	2
252	15	0	2	2
253	1	4	1	2
253	2	0	2	0
253	3	2	2	2
253	4	4	4	4
253	5	4	.	6
253	6	2	2	3
253	7	3	4	4
253	8	1	2	0
253	9	3	3	5
253	10	0	0	2
253	11	3	4	2
253	12	3	.	4
253	13	5	4	6
253	14	4	3	5
253	15	2	2	3
254	1	0	0	-1
254	2	0	1	-3
254	3	3	4	.
254	4	4	4	4
254	5	.	3	2
254	6	3	3	3
254	7	1	2	.
254	8	0	.	.
254	9	1	.	2
254	10	1	2	3
254	11	-1	0	0
254	12	.	3	0
254	13	2	1	4
254	14	-1	1	-1
254	15	2	3	3
255	1	0	0	3
255	2	0	2	.
255	3	0	0	2
255	4	0	0	0
255	5	-1	0	-2
255	6	1	0	3
255	7	.	0	1
255	8	-1	0	0
255	9	1	0	2
255	10	-2	-1	-1
255	11	1	.	2
255	12	-1	0	2
255	13	-2	0	-4
255	14	0	-1	0
255	15	.	-1	-3
256	1	5	3	6
256	2	4	3	7
256	3	2	4	4
256	4	.	4	4
256	5	.	4	4
256	6	4	2	5
256	7	0	1	1
256	8	4	2	4
256	9	1	4	6
256	10	2	3	5
256	11	0	1	0
256	12	1	.	1
256	13	3	3	3
256	14	2	3	6
256	15	6	3	8
257	1	2	1	1
257	2	0	0	0
257	3	0	0	-2
257	4	0	1	0
257	5	3	2	2
257	6	1	1	1
257	7	1	2	4
257	8	1	0	2
257	9	2	1	1
257	10	0	0	.
257	11	0	1	0
257	12	-4	0	-2
257	13	1	1	0
257	14	1	2	3
257	15	0	2	4
258	1	1	2	.
258	2	.	1	.
258	3	2	2	5
258	4	3	2	.
258	5	1	2	0
258	6	1	.	4
258	7	.	1	.
258	8	6	3	6
258	9	2	3	.
258	10	.	4	4
258	11	2	2	2
258	12	2	2	2
258	13	0	2	1
258	14	3	2	4
258	15	4	3	5
259	1	.	.	2
259	2	0	1	0
259	3	0	2	4
259	4	0	2	5
259	5	3	2	6
259	6	0	2	.
259	7	1	1	2
259	8	1	1	.
259	9	-1	2	0
259	10	0	3	2
259	11	0	1	4
259	12	2	3	5
259	13	0	2	3
259	14	.	.	5
259	15	2	3	6
260	1	3	3	.
260	2	2	5	6
260	3	.	3	1
260	4	2	.	4
260	5	-1	2	1
260	6	3	3	5
260	7	4	.	4
260	8	7	4	.
260	9	1	3	4
260	10	4	4	7
260	11	7	5	8
260	12	7	6	9
260	13	6	5	.
260	14	6	4	7
260	15	2	5	5
261	1	1	2	1
261	2	2	2	2
261	3	.	2	3
261	4	1	1	2
261	5	0	0	-2
261	6	1	1	0
261	7	-1	2	-1
261	8	1	.	0
261	9	3	3	.
261	10	1	1	1
261	11	2	3	.
261	12	2	2	5
261	13	3	.	.
261	14	2	2	2
261	15	6	3	8
262	1	0	.	1
262	2	0	1	1
262	3	1	3	2
262	4	1	2	2
262	5	4	2	4
262	6	6	3	9
262	7	.	4	9
262	8	4	3	5
262	9	5	5	5
262	10	4	4	8
262	11	2	3	3
262	12	1	3	3
262	13	1	2	4
262	14	2	4	3
262	15	2	2	2
263	1	.	2	2
263	2	2	1	1
263	3	0	1	0
263	4	1	.	2
263	5	0	1	0
263	6	0	2	0
263	7	.	.	1
263	8	2	2	3
263	9	.	.	-1
263	10	0	1	0
263	11	3	2	5
263	12	4	3	4
263	13	3	2	6
263	14	0	1	.
263	15	2	1	0
264	1	.	1	2
264	2	-2	0	-1
264	3	0	0	0
264	4	0	0	1
264	5	-1	0	1
264	6	-3	-1	-2
264	7	.	0	0
264	8	0	0	.
264	9	.	0	-2
264	10	0	2	0
264	11	0	0	2
264	12	-1	.	1
264	13	3	2	3
264	14	4	3	.
264	15	0	2	2
265	1	1	0	3
265	2	.	1	1
265	3	-1	0	-1
265	4	0	.	-3
265	5	-4	-1	-3
265	6	0	-1	-1
265	7	-1	0	-2
265	8	-2	-1	0
265	9	.	0	-1
265	10	-2	0	-3
265	11	-1	0	0
265	12	-1	0	-1
265	13	.	0	-1
265	14	-2	-1	-1
265	15	-4	0	-3
266	1	0	.	-1
266	2	0	.	-1
266	3	1	0	1
266	4	1	-1	0
266	5	-2	0	-2
266	6	0	0	-1
266	7	-1	0	-1
266	8	.	0	3
266	9	2	0	-1
266	10	.	1	0
266	11	2	0	4
266	12	0	0	0
266	13	0	3	4
266	14	1	1	2
266	15	2	2	2
267	1	3	2	.
267	2	2	2	3
267	3	3	2	2
267	4	5	1	4
267	5	3	2	3
267	6	2	4	3
267	7	2	1	3
267	8	4	3	5
267	9	4	3	3
267	10	2	2	2
267	11	1	0	-1
267	12	.	0	1
267	13	1	2	2
267	14	3	3	1
267	15	2	3	2
268	1	4	4	7
268	2	4	4	5
268	3	.	4	6
268	4	5	5	3
268	5	.	4	3
268	6	4	5	5
268	7	3	6	.
268	8	5	3	7
268	9	4	4	7
268	10	4	2	3
268	11	4	4	3
268	12	5	4	5
268	13	3	3	5
268	14	6	3	5
268	15	.	.	6
269	1	3	3	3
269	2	0	.	1
269	3	2	3	3
269	4	1	1	2
269	5	3	3	5
269	6	3	4	6
269	7	3	5	4
269	8	.	.	3
269	9	2	4	3
269	10	3	.	5
269	11	4	.	5
269	12	3	2	4
269	13	3	2	4
269	14	3	2	.
269	15	0	2	0
270	1	1	2	0
270	2	2	2	3
270	3	5	.	5
270	4	0	2	2
270	5	1	2	4
270	6	0	1	-1
270	7	1	3	3
270	8	0	1	0
270	9	2	2	2
270	10	-1	0	.
270	11	-3	-1	.
270	12	0	0	0
270	13	0	1	1
270	14	1	0	0
270	15	0	1	0
271	1	.	2	0
271	2	0	0	3
271	3	0	0	2
271	4	-2	0	-1
271	5	0	0	0
271	6	-1	0	-1
271	7	-1	0	0
271	8	-2	1	0
271	9	0	1	2
271	10	1	2	0
271	11	.	1	.
271	12	0	2	.
271	13	2	1	6
271	14	3	2	4
271	15	-2	1	0
272	1	1	0	2
272	2	0	0	3
272	3	-1	0	-3
272	4	0	0	0
272	5	-1	1	1
272	6	0	1	3
272	7	0	0	0
272	8	-1	.	1
272	9	.	0	4
272	10	0	0	0
272	11	0	0	1
272	12	1	2	5
272	13	2	2	3
272	14	1	2	2
272	15	0	0	1
273	1	2	3	4
273	2	2	4	5
273	3	.	3	0
273	4	1	1	1
273	5	.	2	0
273	6	0	0	-1
273	7	3	1	1
273	8	1	3	4
273	9	0	0	3
273	10	.	.	3
273	11	3	1	2
273	12	0	0	0
273	13	0	1	0
273	14	1	0	0
273	15	3	1	3
274	1	4	5	7
274	2	1	.	3
274	3	5	4	.
274	4	2	3	4
274	5	1	4	1
274	6	1	3	3
274	7	0	3	3
274	8	4	4	7
274	9	0	4	3
274	10	.	2	5
274	11	5	6	7
274	12	4	5	8
274	13	5	5	9
274	14	2	4	.
274	15	6	.	6
275	1	-1	0	-1
275	2	1	2	0
275	3	0	1	2
275	4	1	.	0
275	5	1	1	.
275	6	2	.	3
275	7	0	1	2
275	8	1	2	0
275	9	2	2	3
275	10	0	0	.
275	11	0	1	0
275	12	.	0	0
275	13	-1	0	0
275	14	1	2	1
275	15	-1	.	2
276	1	.	4	4
276	2	4	2	3
276	3	5	4	4
276	4	4	2	5
276	5	1	1	1
276	6	.	2	2
276	7	4	3	.
276	8	2	2	.
276	9	0	1	-2
276	10	3	3	.
276	11	2	1	3
276	12	6	3	4
276	13	3	3	1
276	14	3	2	0
276	15	5	3	4
277	1	2	3	3
277	2	0	2	0
277	3	.	1	5
277	4	3	2	5
277	5	3	3	.
277	6	5	4	.
277	7	.	.	0
277	8	4	.	4
277	9	0	1	0
277	10	3	1	5
277	11	1	2	3
277	12	3	1	5
277	13	1	1	2
277	14	1	1	3
277	15	1	2	4
278	1	1	1	3
278	2	0	1	5
278	3	.	1	5
278	4	.	1	2
278	5	1	1	0
278	6	1	2	2
278	7	0	1	2
278	8	-1	0	0
278	9	1	0	2
278	10	3	1	5
278	11	0	2	3
278	12	5	2	5
278	13	1	3	4
278	14	3	2	3
278	15	2	2	1
279	1	0	2	0
279	2	1	0	.
279	3	1	1	2
279	4	2	0	2
279	5	.	1	0
279	6	0	1	0
279	7	0	1	2
279	8	1	1	2
279	9	2	.	2
279	10	0	1	2
279	11	-2	1	0
279	12	0	0	-2
279	13	-1	0	-1
279	14	-1	0	-3
279	15	1	0	0
280	1	.	3	2
280	2	2	.	0
280	3	0	2	2
280	4	0	1	0
280	5	3	3	.
280	6	0	0	1
280	7	2	.	8
280	8	2	1	5
280	9	0	2	4
280	10	5	3	5
280	11	-1	0	1
280	12	0	1	2
280	13	0	1	0
280	14	3	3	4
280	15	0	2	3
281	1	3	5	6
281	2	2	3	3
281	3	0	4	4
281	4	1	2	0
281	5	4	2	3
281	6	6	5	5
281	7	3	5	5
281	8	4	2	4
281	9	6	5	7
281	10	7	5	8
281	11	5	4	4
281	12	6	.	8
281	13	5	.	7
281	14	7	6	10
281	15	.	6	8
282	1	.	1	1
282	2	1	1	3
282	3	1	2	3
282	4	0	0	0
282	5	-1	0	0
282	6	-2	0	-2
282	7	0	0	0
282	8	-1	0	-2
282	9	0	2	.
282	10	2	2	2
282	11	3	1	3
282	12	2	0	0
282	13	3	1	1
282	14	3	2	.
282	15	1	2	5
283	1	0	1	.
283	2	-1	0	-2
283	3	0	1	3
283	4	0	1	2
283	5	0	3	0
283	6	1	1	1
283	7	.	1	.
283	8	0	1	.
283	9	3	1	1
283	10	0	1	2
283	11	2	2	0
283	12	0	0	1
283	13	1	2	2
283	14	0	2	1
283	15	.	1	0
284	1	0	2	2
284	2	0	4	2
284	3	3	.	4
284	4	0	2	0
284	5	1	4	.
284	6	2	2	7
284	7	1	5	6
284	8	7	5	9
284	9	4	4	7
284	10	2	3	.
284	11	0	3	0
284	12	1	3	.
284	13	0	2	2
284	14	0	3	4
284	15	1	3	4
285	1	3	2	4
285	2	0	3	4
285	3	0	3	4
285	4	0	1	0
285	5	-3	-1	-1
285	6	-3	1	0
285	7	-1	1	-1
285	8	0	1	1
285	9	-1	1	1
285	10	0	3	2
285	11	0	1	1
285	12	0	2	2
285	13	0	1	.
285	14	0	2	4
285	15	1	2	2
286	1	4	2	4
286	2	1	3	5
286	3	.	3	6
286	4	6	4	9
286	5	3	2	7
286	6	4	4	5
286	7	1	2	2
286	8	1	1	3
286	9	1	2	3
286	10	-1	1	0
286	11	1	2	3
286	12	2	3	4
286	13	1	3	.
286	14	3	3	6
286	15	.	2	1
287	1	.	3	0
287	2	4	3	3
287	3	.	3	3
287	4	.	.	8
287	5	4	1	3
287	6	3	0	2
287	7	0	0	0
287	8	2	3	2
287	9	0	1	-1
287	10	0	0	.
287	11	0	2	2
287	12	2	.	1
287	13	3	2	1
287	14	4	3	4
287	15	2	1	1
288	1	0	2	4
288	2	1	.	.
288	3	-1	0	0
288	4	.	2	5
288	5	-2	0	2
288	6	-1	0	.
288	7	-2	0	3
288	8	-5	-1	-2
288	9	-5	0	.
288	10	-1	0	.
288	11	1	1	.
288	12	-3	0	2
288	13	-1	1	0
288	14	-2	1	0
288	15	-2	0	-1
289	1	-1	1	2
289	2	2	3	3
289	3	2	.	7
289	4	3	4	6
289	5	1	3	5
289	6	3	2	4
289	7	0	3	1
289	8	1	4	5
289	9	2	3	4
289	10	2	3	5
289	11	0	3	5
289	12	0	2	0
289	13	0	.	1
289	14	.	4	5
289	15	1	3	5
290	1	0	1	4
290	2	1	1	5
290	3	.	2	4
290	4	0	2	1
290	5	2	1	3
290	6	5	4	7
290	7	4	3	5
290	8	5	3	6
290	9	1	2	5
290	10	2	2	5
290	11	2	3	2
290	12	0	2	4
290	13	3	3	4
290	14	4	3	6
290	15	.	3	.
291	1	2	0	0
291	2	-1	0	.
291	3	0	0	0
291	4	0	0	-1
291	5	-2	0	-3
291	6	0	0	-1
291	7	0	1	2
291	8	0	0	0
291	9	0	0	0
291	10	3	1	2
291	11	0	0	0
291	12	2	2	.
291	13	-1	0	.
291	14	-1	0	1
291	15	2	.	0
292	1	0	0	0
292	2	0	.	.
292	3	0	1	1
292	4	-1	0	1
292	5	.	-1	-1
292	6	0	1	4
292	7	3	2	4
292	8	2	1	0
292	9	3	1	4
292	10	0	0	0
292	11	1	0	3
292	12	.	0	0
292	13	.	1	2
292	14	1	.	3
292	15	-3	1	0
293	1	3	3	2
293	2	3	2	5
293	3	1	.	0
293	4	0	1	.
293	5	4	2	4
293	6	2	1	2
293	7	0	0	0
293	8	0	0	1
293	9	.	1	0
293	10	.	1	1
293	11	1	1	3
293	12	3	1	1
293	13	2	2	4
293	14	1	.	1
293	15	0	1	.
294	1	1	2	.
294	2	0	1	1
294	3	0	2	3
294	4	6	2	5
294	5	3	.	2
294	6	0	1	0
294	7	3	2	5
294	8	2	3	.
294	9	2	.	1
294	10	.	2	.
294	11	3	2	7
294	12	2	3	4
294	13	7	.	3
294	14	0	.	1
294	15	0	2	2
295	1	0	0	-1
295	2	0	1	0
295	3	0	0	1
295	4	0	0	1
295	5	0	0	1
295	6	-1	1	1
295	7	-5	-1	-3
295	8	-5	-1	-4
295	9	0	0	-2
295	10	-4	0	-4
295	11	-2	0	-1
295	12	-2	0	0
295	13	2	0	1
295	14	-1	0	-1
295	15	.	0	-1
296	1	1	.	0
296	2	3	3	2
296	3	1	1	2
296	4	.	2	3
296	5	0	2	3
296	6	0	1	0
296	7	3	2	.
296	8	2	2	3
296	9	1	1	0
296	10	.	0	.
296	11	-1	0	.
296	12	-1	0	-1
296	13	1	1	2
296	14	0	0	1
296	15	1	1	1
297	1	0	0	0
297	2	2	0	2
297	3	0	0	0
297	4	-1	0	0
297	5	.	0	0
297	6	-2	0	-2
297	7	-1	0	0
297	8	-1	1	2
297	9	0	0	0
297	10	2	0	1
297	11	0	0	0
297	12	0	0	-1
297	13	-2	0	-2
297	14	-1	0	-1
297	15	.	0	-1
298	1	2	4	4
298	2	.	3	3
298	3	3	3	6
298	4	0	2	0
298	5	2	3	.
298	6	4	5	7
298	7	3	3	5
298	8	6	5	7
298	9	3	5	5
298	10	2	.	3
298	11	2	3	5
298	12	2	3	3
298	13	3	3	4
298	14	3	5	7
298	15	.	3	5
299	1	1	.	2
299	2	0	1	0
299	3	2	.	.
299	4	2	4	2
299	5	1	2	3
299	6	3	1	1
299	7	1	1	2
299	8	1	1	2
299	9	0	.	3
299	10	5	3	5
299	11	1	3	3
299	12	3	2	4
299	13	0	1	.
299	14	2	2	5
299	15	3	2	3
300	1	-1	0	0
300	2	.	1	1
300	3	-1	1	0
300	4	0	0	-1
300	5	1	0	0
300	6	2	2	1
300	7	0	1	-1
300	8	-1	.	-4
300	9	2	.	0
300	10	0	.	0
300	11	1	.	0
300	12	0	1	.
300	13	1	0	-1
300	14	.	0	0
300	15	0	2	0
301	1	1	2	1
301	2	4	3	3
301	3	3	2	3
301	4	2	2	3
301	5	4	5	6
301	6	4	4	4
301	7	3	4	4
301	8	4	3	4
301	9	4	3	7
301	10	3	.	5
301	11	3	3	3
301	12	3	3	3
301	13	6	3	5
301	14	4	3	3
301	15	2	3	4
302	1	1	3	.
302	2	1	3	2
302	3	0	2	4
302	4	4	3	9
302	5	3	3	7
302	6	.	5	6
302	7	.	3	5
302	8	.	3	5
302	9	.	4	4
302	10	0	2	0
302	11	1	1	2
302	12	1	2	4
302	13	3	2	6
302	14	2	3	2
302	15	1	2	3
303	1	.	3	4
303	2	2	4	.
303	3	1	1	1
303	4	4	3	3
303	5	5	.	5
303	6	6	4	5
303	7	1	3	1
303	8	3	4	5
303	9	6	5	.
303	10	4	5	5
303	11	3	4	4
303	12	5	3	3
303	13	3	4	5
303	14	4	3	5
303	15	6	5	9
304	1	3	5	5
304	2	5	5	8
304	3	9	4	7
304	4	6	4	.
304	5	3	2	3
304	6	.	5	4
304	7	5	4	3
304	8	2	2	3
304	9	4	4	5
304	10	4	3	3
304	11	0	2	0
304	12	0	3	1
304	13	2	4	4
304	14	4	2	6
304	15	3	4	4
305	1	6	3	6
305	2	5	1	4
305	3	2	3	3
305	4	.	2	0
305	5	1	4	1
305	6	2	3	1
305	7	1	.	3
305	8	0	3	2
305	9	3	3	4
305	10	6	4	9
305	11	4	2	.
305	12	4	3	2
305	13	4	4	8
305	14	5	.	8
305	15	4	3	5
306	1	1	2	3
306	2	3	3	5
306	3	2	2	1
306	4	2	1	1
306	5	0	3	5
306	6	.	3	5
306	7	1	2	2
306	8	4	3	.
306	9	6	.	6
306	10	0	0	3
306	11	4	3	6
306	12	0	1	3
306	13	2	2	2
306	14	2	3	5
306	15	3	1	4
307	1	5	4	5
307	2	7	7	7
307	3	5	5	.
307	4	8	.	11
307	5	5	6	.
307	6	4	5	7
307	7	2	3	4
307	8	2	4	5
307	9	2	5	5
307	10	5	4	8
307	11	4	.	7
307	12	4	6	8
307	13	4	3	4
307	14	7	6	9
307	15	4	5	.
308	1	3	1	1
308	2	5	3	3
308	3	.	1	2
308	4	7	.	4
308	5	3	2	2
308	6	4	3	3
308	7	4	3	4
308	8	5	3	4
308	9	3	3	4
308	10	4	4	4
308	11	2	1	1
308	12	5	3	6
308	13	5	.	4
308	14	3	3	3
308	15	6	2	3
309	1	0	1	1
309	2	.	1	0
309	3	1	1	1
309	4	0	1	1
309	5	0	0	2
309	6	-1	0	-2
309	7	-2	-1	.
309	8	-1	1	0
309	9	3	3	.
309	10	.	1	1
309	11	0	2	3
309	12	0	0	1
309	13	.	2	.
309	14	3	3	.
309	15	2	3	5
310	1	-3	-1	-2
310	2	-4	-2	-4
310	3	-4	0	0
310	4	-1	.	2
310	5	0	0	1
310	6	.	1	2
310	7	-2	-2	-2
310	8	-4	-1	-1
310	9	-1	0	0
310	10	0	0	-1
310	11	1	0	-1
310	12	-2	0	0
310	13	-1	0	-1
310	14	-3	.	-1
310	15	0	1	3
311	1	0	.	5
311	2	0	.	2
311	3	0	1	2
311	4	0	1	3
311	5	-1	1	4
311	6	-4	-1	0
311	7	-4	-2	0
311	8	0	1	3
311	9	0	2	.
311	10	.	0	1
311	11	-2	0	1
311	12	0	1	5
311	13	0	0	3
311	14	1	0	.
311	15	1	0	3
312	1	-1	0	2
312	2	0	1	2
312	3	0	2	3
312	4	-1	1	1
312	5	0	.	0
312	6	-2	1	2
312	7	.	.	5
312	8	0	1	0
312	9	0	1	2
312	10	1	0	3
312	11	-1	2	3
312	12	2	2	6
312	13	.	1	3
312	14	0	3	4
312	15	3	3	5
313	1	4	5	8
313	2	.	4	8
313	3	5	4	7
313	4	5	.	6
313	5	4	5	6
313	6	1	2	2
313	7	2	.	4
313	8	1	.	6
313	9	.	2	2
313	10	.	3	3
313	11	6	.	9
313	12	8	4	11
313	13	7	6	8
313	14	6	4	7
313	15	5	6	7
314	1	1	2	4
314	2	1	3	3
314	3	3	.	1
314	4	.	3	2
314	5	2	.	3
314	6	2	3	.
314	7	4	4	6
314	8	4	4	.
314	9	6	4	8
314	10	0	5	.
314	11	2	3	5
314	12	3	2	2
314	13	4	4	2
314	14	4	4	4
314	15	.	3	1
315	1	1	3	0
315	2	0	2	1
315	3	.	3	4
315	4	3	2	1
315	5	3	4	5
315	6	2	.	5
315	7	.	2	0
315	8	0	1	0
315	9	1	4	1
315	10	4	1	.
315	11	4	.	4
315	12	4	3	4
315	13	7	3	6
315	14	6	5	6
315	15	3	4	5
316	1	1	0	.
316	2	0	1	2
316	3	1	0	0
316	4	0	0	1
316	5	.	1	0
316	6	2	2	2
316	7	2	1	4
316	8	2	2	4
316	9	.	1	3
316	10	1	1	-1
316	11	1	1	5
316	12	3	3	5
316	13	0	.	0
316	14	.	1	0
316	15	0	0	.
317	1	2	2	2
317	2	2	2	5
317	3	3	1	2
317	4	.	1	2
317	5	2	2	1
317	6	1	1	0
317	7	3	3	2
317	8	1	1	3
317	9	5	4	7
317	10	2	2	1
317	11	1	4	4
317	12	.	1	2
317	13	2	.	1
317	14	2	.	6
317	15	2	3	3
318	1	.	4	5
318	2	.	.	7
318	3	2	5	5
318	4	1	4	0
318	5	0	.	-1
318	6	0	3	0
318	7	4	2	3
318	8	4	4	5
318	9	1	3	0
318	10	4	4	2
318	11	4	4	5
318	12	4	5	6
318	13	5	.	3
318	14	5	5	6
318	15	5	4	9
319	1	0	0	1
319	2	0	1	1
319	3	.	0	0
319	4	0	0	1
319	5	-2	0	2
319	6	-4	0	.
319	7	.	0	0
319	8	0	1	2
319	9	0	.	-1
319	10	0	0	3
319	11	0	0	3
319	12	0	1	1
319	13	0	0	1
319	14	0	0	-1
319	15	0	0	2
320	1	0	2	5
320	2	-2	0	2
320	3	0	1	3
320	4	0	2	3
320	5	-1	0	3
320	6	1	0	3
320	7	-1	0	0
320	8	0	0	0
320	9	0	0	0
320	10	-2	.	-2
320	11	0	0	0
320	12	3	1	4
320	13	4	2	7
320	14	3	3	6
320	15	-1	1	0
321	1	0	2	2
321	2	.	0	-1
321	3	0	1	2
321	4	0	1	3
321	5	2	3	2
321	6	.	4	.
321	7	3	.	5
321	8	0	3	.
321	9	1	2	.
321	10	0	1	.
321	11	-3	0	-1
321	12	2	2	3
321	13	1	2	0
321	14	0	0	1
321	15	0	3	2
322	1	2	1	1
322	2	0	0	-1
322	3	-3	.	-4
322	4	-2	.	-1
322	5	-1	0	-2
322	6	0	0	0
322	7	1	2	0
322	8	1	1	3
322	9	0	2	2
322	10	3	1	3
322	11	1	2	2
322	12	4	3	4
322	13	0	2	3
322	14	3	1	2
322	15	.	1	0
323	1	3	3	3
323	2	3	4	6
323	3	3	2	3
323	4	0	1	-1
323	5	1	.	1
323	6	3	2	8
323	7	4	4	6
323	8	6	4	7
323	9	7	5	12
323	10	3	4	5
323	11	2	2	5
323	12	1	3	3
323	13	3	3	.
323	14	2	2	2
323	15	2	.	2
324	1	0	.	-1
324	2	3	1	1
324	3	0	0	-1
324	4	3	1	1
324	5	3	.	1
324	6	1	2	0
324	7	0	1	1
324	8	0	0	-2
324	9	-2	-1	-3
324	10	0	0	0
324	11	0	0	3
324	12	0	.	0
324	13	0	0	0
324	14	1	0	3
324	15	3	2	2
325	1	2	4	2
325	2	.	5	2
325	3	2	3	6
325	4	3	1	1
325	5	.	3	2
325	6	2	1	3
325	7	4	2	3
325	8	1	2	2
325	9	1	3	4
325	10	1	.	3
325	11	.	3	0
325	12	2	2	1
325	13	1	2	3
325	14	3	3	3
325	15	3	4	5
326	1	2	2	2
326	2	-1	1	.
326	3	4	2	8
326	4	3	2	.
326	5	4	1	4
326	6	3	1	4
326	7	2	1	0
326	8	0	.	0
326	9	-1	0	2
326	10	-1	-1	-2
326	11	-4	-1	.
326	12	-3	-1	-3
326	13	-2	0	.
326	14	2	1	3
326	15	.	1	2
327	1	0	2	2
327	2	3	3	3
327	3	.	2	.
327	4	2	2	8
327	5	5	4	7
327	6	4	3	5
327	7	3	2	5
327	8	.	2	1
327	9	4	2	6
327	10	2	3	4
327	11	3	2	3
327	12	-2	1	-2
327	13	2	1	5
327	14	4	1	4
327	15	1	3	3
328	1	1	3	5
328	2	1	.	3
328	3	1	2	5
328	4	-1	1	2
328	5	0	1	3
328	6	0	0	-1
328	7	1	3	2
328	8	1	2	5
328	9	0	0	3
328	10	-3	.	-1
328	11	1	2	2
328	12	0	0	.
328	13	-1	0	3
328	14	0	3	.
328	15	0	0	.
329	1	0	0	0
329	2	1	2	4
329	3	0	1	3
329	4	3	1	1
329	5	0	2	4
329	6	0	0	.
329	7	-2	0	-3
329	8	2	1	2
329	9	1	2	3
329	10	-2	1	2
329	11	0	0	-1
329	12	-1	.	1
329	13	.	0	0
329	14	-2	1	0
329	15	-3	0	-1
330	1	2	3	4
330	2	2	3	3
330	3	5	4	7
330	4	.	4	4
330	5	.	.	1
330	6	2	3	2
330	7	.	2	4
330	8	1	3	2
330	9	1	2	2
330	10	.	2	3
330	11	0	1	.
330	12	2	.	2
330	13	2	2	2
330	14	1	5	3
330	15	.	2	4
331	1	0	.	0
331	2	1	3	1
331	3	0	0	0
331	4	0	2	.
331	5	0	.	0
331	6	2	1	.
331	7	.	3	3
331	8	1	2	0
331	9	1	1	-1
331	10	1	2	2
331	11	0	2	1
331	12	-1	1	-4
331	13	0	1	-3
331	14	1	2	0
331	15	1	1	0
332	1	3	3	3
332	2	2	3	4
332	3	0	4	4
332	4	1	2	2
332	5	4	2	4
332	6	-1	.	2
332	7	0	2	1
332	8	1	2	3
332	9	.	3	3
332	10	3	2	2
332	11	1	1	4
332	12	2	3	3
332	13	3	3	4
332	14	1	.	2
332	15	2	2	.
333	1	0	2	1
333	2	1	1	0
333	3	1	2	0
333	4	.	4	1
333	5	4	2	2
333	6	1	1	0
333	7	3	.	0
333	8	2	2	0
333	9	1	1	1
333	10	1	3	1
333	11	1	3	3
333	12	3	.	2
333	13	3	4	4
333	14	2	2	1
333	15	.	3	4
334	1	1	0	-3
334	2	0	0	-2
334	3	0	0	-1
334	4	1	1	2
334	5	0	0	1
334	6	0	1	.
334	7	0	.	0
334	8	.	1	-1
334	9	0	1	-1
334	10	0	.	1
334	11	1	1	.
334	12	3	1	3
334	13	-2	0	0
334	14	0	0	-1
334	15	1	1	1
335	1	1	3	1
335	2	0	1	0
335	3	0	1	-1
335	4	2	3	7
335	5	4	2	9
335	6	5	3	3
335	7	3	2	6
335	8	0	3	1
335	9	2	2	2
335	10	5	4	5
335	11	0	2	2
335	12	4	2	4
335	13	1	0	.
335	14	1	1	2
335	15	1	2	4
336	1	5	5	8
336	2	4	6	6
336	3	3	4	5
336	4	0	5	1
336	5	.	4	3
336	6	4	5	5
336	7	3	6	3
336	8	4	6	5
336	9	4	5	6
336	10	5	6	8
336	11	6	6	9
336	12	.	.	3
336	13	.	5	4
336	14	4	4	.
336	15	5	5	7
337	1	.	3	0
337	2	2	3	6
337	3	4	5	8
337	4	5	5	8
337	5	4	4	8
337	6	5	5	7
337	7	3	4	5
337	8	-2	2	.
337	9	1	2	.
337	10	1	.	3
337	11	2	3	4
337	12	0	2	5
337	13	0	2	4
337	14	4	5	.
337	15	2	3	5
338	1	3	4	4
338	2	1	3	3
338	3	2	4	3
338	4	0	3	5
338	5	0	2	-1
338	6	-1	2	1
338	7	0	.	.
338	8	-1	1	0
338	9	1	3	4
338	10	0	3	0
338	11	3	3	3
338	12	0	2	4
338	13	2	4	6
338	14	2	2	0
338	15	-1	2	0
339	1	2	2	3
339	2	0	2	.
339	3	6	3	7
339	4	3	3	6
339	5	3	.	3
339	6	2	1	.
339	7	0	1	2
339	8	2	1	4
339	9	-1	1	0
339	10	0	1	-1
339	11	3	.	1
339	12	0	1	-2
339	13	-1	0	0
339	14	.	-1	0
339	15	.	0	3
340	1	0	1	1
340	2	1	2	2
340	3	3	2	3
340	4	3	1	2
340	5	0	1	0
340	6	4	3	4
340	7	1	3	3
340	8	1	2	2
340	9	1	3	5
340	10	2	2	1
340	11	2	2	1
340	12	1	2	3
340	13	3	2	3
340	14	.	1	1
340	15	2	2	4
341	1	.	0	3
341	2	0	1	2
341	3	.	1	-1
341	4	0	1	2
341	5	0	4	2
341	6	2	2	3
341	7	0	1	0
341	8	0	1	2
341	9	.	3	4
341	10	1	2	2
341	11	2	4	4
341	12	0	3	4
341	13	1	.	3
341	14	3	3	7
341	15	1	2	4
342	1	1	.	.
342	2	1	0	0
342	3	0	0	0
342	4	3	2	-1
342	5	1	0	-3
342	6	1	0	-1
342	7	.	1	.
342	8	1	1	0
342	9	3	1	1
342	10	1	1	-1
342	11	0	0	-2
342	12	0	1	0
342	13	.	1	-2
342	14	2	2	0
342	15	3	1	2
343	1	0	0	0
343	2	-3	0	-2
343	3	0	0	-1
343	4	0	0	3
343	5	0	0	0
343	6	-1	0	-1
343	7	0	0	.
343	8	0	1	1
343	9	.	0	1
343	10	-1	1	0
343	11	0	0	-2
343	12	-1	0	0
343	13	0	.	0
343	14	-2	.	0
343	15	1	1	2
344	1	1	2	3
344	2	2	4	1
344	3	2	3	4
344	4	2	1	1
344	5	4	2	.
344	6	4	2	5
344	7	3	.	5
344	8	1	3	1
344	9	0	2	4
344	10	0	.	3
344	11	1	0	-1
344	12	0	1	0
344	13	1	3	3
344	14	.	2	0
344	15	1	2	.
345	1	3	2	1
345	2	5	4	1
345	3	3	4	2
345	4	2	4	4
345	5	3	2	2
345	6	.	1	0
345	7	0	2	2
345	8	2	3	3
345	9	1	3	.
345	10	1	0	1
345	11	1	.	2
345	12	2	2	2
345	13	.	4	7
345	14	3	3	2
345	15	1	3	2
346	1	2	5	2
346	2	2	.	4
346	3	5	5	7
346	4	6	4	7
346	5	2	5	5
346	6	0	1	1
346	7	3	4	4
346	8	2	4	3
346	9	1	3	2
346	10	2	3	2
346	11	1	2	2
346	12	3	3	1
346	13	.	3	1
346	14	-1	3	1
346	15	1	4	1
347	1	0	1	.
347	2	2	1	2
347	3	1	2	.
347	4	2	1	2
347	5	1	4	6
347	6	1	3	2
347	7	0	3	4
347	8	3	3	3
347	9	2	4	3
347	10	0	1	3
347	11	0	2	1
347	12	.	2	5
347	13	0	0	1
347	14	1	.	2
347	15	-1	1	1
348	1	3	1	.
348	2	1	3	3
348	3	1	3	0
348	4	.	2	1
348	5	5	4	6
348	6	4	4	4
348	7	0	3	6
348	8	0	4	2
348	9	3	2	4
348	10	2	3	2
348	11	1	2	2
348	12	0	.	1
348	13	3	4	4
348	14	4	3	.
348	15	3	2	4
349	1	4	3	.
349	2	3	3	0
349	3	1	3	0
349	4	5	2	3
349	5	9	4	8
349	6	6	4	7
349	7	4	4	.
349	8	6	5	7
349	9	.	3	2
349	10	3	4	.
349	11	3	3	0
349	12	0	3	1
349	13	3	2	2
349	14	1	3	-1
349	15	2	2	2
350	1	0	2	0
350	2	0	0	.
350	3	-1	2	0
350	4	2	1	1
350	5	0	1	1
350	6	3	2	7
350	7	1	1	0
350	8	1	3	1
350	9	3	.	.
350	10	0	1	3
350	11	1	2	3
350	12	1	2	4
350	13	3	4	5
350	14	3	3	.
350	15	2	2	5
351	1	-3	0	-4
351	2	-2	0	-4
351	3	0	0	-3
351	4	1	1	2
351	5	0	.	0
351	6	0	2	1
351	7	-1	0	-1
351	8	4	2	6
351	9	2	3	4
351	10	3	3	6
351	11	.	3	.
351	12	.	2	7
351	13	0	1	2
351	14	1	1	0
351	15	1	2	.
352	1	.	7	7
352	2	6	5	8
352	3	6	7	10
352	4	.	6	9
352	5	6	6	10
352	6	6	4	6
352	7	3	4	5
352	8	3	6	4
352	9	1	4	.
352	10	6	.	7
352	11	.	5	5
352	12	6	6	7
352	13	8	7	8
352	14	.	7	12
352	15	.	6	8
353	1	4	5	7
353	2	4	3	6
353	3	5	2	4
353	4	3	4	5
353	5	1	3	6
353	6	4	4	6
353	7	.	3	4
353	8	4	3	.
353	9	6	5	7
353	10	0	2	2
353	11	0	3	1
353	12	-1	1	-3
353	13	2	3	4
353	14	2	2	3
353	15	1	3	3
354	1	1	.	.
354	2	0	1	0
354	3	2	2	5
354	4	1	2	3
354	5	4	3	3
354	6	7	3	7
354	7	6	.	9
354	8	2	.	1
354	9	4	2	5
354	10	4	3	7
354	11	0	2	1
354	12	-2	2	1
354	13	0	1	4
354	14	-1	2	3
354	15	.	1	1
355	1	4	3	5
355	2	6	3	.
355	3	9	.	8
355	4	5	4	5
355	5	5	3	.
355	6	3	.	3
355	7	1	2	.
355	8	5	3	.
355	9	2	2	1
355	10	5	2	4
355	11	.	3	0
355	12	0	1	0
355	13	5	2	2
355	14	2	2	.
355	15	3	2	0
356	1	0	0	3
356	2	1	2	4
356	3	5	2	7
356	4	2	3	.
356	5	.	2	2
356	6	4	3	.
356	7	-1	0	0
356	8	0	0	2
356	9	1	0	1
356	10	0	1	2
356	11	1	0	2
356	12	.	2	.
356	13	3	1	8
356	14	4	2	5
356	15	2	1	4
357	1	1	1	.
357	2	.	2	4
357	3	.	2	4
357	4	0	1	.
357	5	1	2	3
357	6	0	3	4
357	7	0	1	0
357	8	.	1	2
357	9	2	2	3
357	10	0	1	3
357	11	0	.	2
357	12	0	2	1
357	13	3	4	6
357	14	0	2	2
357	15	2	2	.
358	1	3	2	5
358	2	0	3	0
358	3	2	3	4
358	4	2	3	1
358	5	3	2	3
358	6	1	3	3
358	7	0	3	1
358	8	2	3	2
358	9	.	1	1
358	10	3	3	6
358	11	1	3	3
358	12	3	.	3
358	13	0	2	2
358	14	1	.	4
358	15	-1	1	0
359	1	5	4	6
359	2	.	6	5
359	3	3	4	5
359	4	4	5	.
359	5	6	4	8
359	6	2	3	.
359	7	5	.	6
359	8	3	4	6
359	9	2	3	4
359	10	5	4	4
359	11	.	6	8
359	12	6	5	4
359	13	3	6	6
359	14	5	6	8
359	15	9	8	.
360	1	.	-1	.
360	2	-2	-1	-3
360	3	-1	0	-2
360	4	-1	0	-2
360	5	0	0	-1
360	6	-2	0	.
360	7	-1	0	-2
360	8	0	0	0
360	9	0	0	-2
360	10	.	-1	-2
360	11	-2	.	-3
360	12	-3	-1	.
360	13	-3	0	-5
360	14	0	-1	0
360	15	-2	0	-3
361	1	2	2	4
361	2	4	3	4
361	3	3	2	2
361	4	1	1	1
361	5	3	2	2
361	6	0	1	4
361	7	4	.	6
361	8	3	2	1
361	9	6	3	7
361	10	6	3	.
361	11	6	3	6
361	12	2	.	2
361	13	3	1	2
361	14	1	0	0
361	15	1	2	1
362	1	0	1	1
362	2	.	.	3
362	3	1	1	2
362	4	0	2	2
362	5	0	2	0
362	6	-2	1	0
362	7	0	1	.
362	8	1	2	3
362	9	2	1	4
362	10	2	3	5
362	11	2	1	3
362	12	1	2	.
362	13	3	1	1
362	14	1	2	2
362	15	1	1	2
363	1	-1	0	2
363	2	2	1	3
363	3	2	1	.
363	4	1	1	3
363	5	1	1	1
363	6	.	1	0
363	7	-1	0	-1
363	8	1	1	3
363	9	2	1	4
363	10	1	2	4
363	11	0	1	2
363	12	1	1	0
363	13	4	2	4
363	14	4	4	6
363	15	2	3	7
364	1	0	0	0
364	2	0	0	0
364	3	1	1	4
364	4	2	1	0
364	5	-1	.	-2
364	6	-3	0	-1
364	7	-1	1	3
364	8	-1	0	1
364	9	-2	0	2
364	10	-1	0	-1
364	11	0	0	0
364	12	1	0	.
364	13	0	.	.
364	14	1	1	5
364	15	0	1	3
365	1	0	0	0
365	2	-1	0	.
365	3	0	1	1
365	4	-1	1	0
365	5	3	2	2
365	6	2	3	5
365	7	.	1	2
365	8	1	1	0
365	9	0	0	1
365	10	-1	1	-1
365	11	0	0	0
365	12	-1	3	-1
365	13	-1	1	-2
365	14	-3	0	-2
365	15	.	0	-4
366	1	.	4	6
366	2	5	2	2
366	3	2	3	1
366	4	4	3	3
366	5	2	1	1
366	6	0	1	-1
366	7	3	2	0
366	8	2	3	1
366	9	2	0	1
366	10	3	3	0
366	11	3	3	1
366	12	3	2	3
366	13	5	3	4
366	14	3	1	1
366	15	7	5	7
367	1	.	0	.
367	2	4	2	.
367	3	1	2	4
367	4	-2	0	0
367	5	.	.	.
367	6	1	1	2
367	7	0	2	3
367	8	-2	0	0
367	9	-1	1	2
367	10	0	1	2
367	11	0	2	4
367	12	0	0	.
367	13	.	-1	-2
367	14	0	1	2
367	15	0	.	.
368	1	3	2	2
368	2	1	4	2
368	3	4	2	2
368	4	3	4	3
368	5	4	2	5
368	6	4	1	4
368	7	3	3	4
368	8	3	3	4
368	9	2	.	5
368	10	3	3	1
368	11	7	4	5
368	12	3	2	4
368	13	5	3	6
368	14	3	4	4
368	15	5	3	5
369	1	2	2	5
369	2	4	2	5
369	3	.	.	6
369	4	4	3	.
369	5	4	3	.
369	6	3	.	5
369	7	1	1	2
369	8	3	.	5
369	9	5	2	6
369	10	3	2	4
369	11	.	2	2
369	12	.	1	4
369	13	0	0	2
369	14	2	2	5
369	15	0	1	0
370	1	5	3	3
370	2	3	1	4
370	3	3	1	.
370	4	1	2	2
370	5	3	2	4
370	6	4	.	2
370	7	5	3	7
370	8	2	2	3
370	9	.	2	2
370	10	3	2	0
370	11	3	3	4
370	12	2	1	.
370	13	1	1	2
370	14	1	1	0
370	15	0	0	-1
371	1	-1	0	1
371	2	-1	0	1
371	3	0	0	2
371	4	0	.	.
371	5	.	1	4
371	6	1	0	1
371	7	2	1	4
371	8	-2	1	0
371	9	-1	0	0
371	10	-2	0	0
371	11	.	0	-2
371	12	-4	-1	-4
371	13	.	-1	-2
371	14	-2	0	-1
371	15	0	0	2
372	1	5	6	9
372	2	5	4	5
372	3	2	3	.
372	4	3	4	2
372	5	3	4	5
372	6	3	3	4
372	7	4	4	0
372	8	3	4	4
372	9	2	2	4
372	10	.	4	3
372	11	6	5	8
372	12	8	6	10
372	13	6	5	9
372	14	6	5	7
372	15	8	6	.
373	1	2	1	5
373	2	2	1	2
373	3	4	2	4
373	4	2	2	4
373	5	3	3	5
373	6	5	3	4
373	7	.	3	5
373	8	2	3	3
373	9	4	2	3
373	10	0	1	1
373	11	0	1	.
373	12	1	2	2
373	13	3	2	5
373	14	2	4	8
373	15	4	3	5
374	1	0	.	2
374	2	3	2	4
374	3	0	1	0
374	4	0	1	1
374	5	1	2	0
374	6	2	2	5
374	7	4	2	5
374	8	1	3	4
374	9	1	1	3
374	10	.	0	.
374	11	0	0	0
374	12	3	2	3
374	13	.	2	2
374	14	2	2	3
374	15	1	2	1
375	1	3	2	1
375	2	3	1	3
375	3	1	.	0
375	4	0	0	.
375	5	1	2	0
375	6	1	1	1
375	7	2	2	2
375	8	5	.	0
375	9	2	.	0
375	10	-1	0	-1
375	11	1	3	2
375	12	1	3	0
375	13	0	2	.
375	14	0	.	1
375	15	.	1	-1
376	1	4	4	6
376	2	4	2	4
376	3	5	4	3
376	4	4	2	3
376	5	.	5	3
376	6	8	5	9
376	7	.	4	4
376	8	.	.	4
376	9	2	.	2
376	10	1	3	0
376	11	2	3	2
376	12	4	2	4
376	13	5	.	.
376	14	1	2	0
376	15	1	3	1
377	1	7	5	9
377	2	7	4	9
377	3	.	3	7
377	4	4	4	7
377	5	2	3	1
377	6	3	3	1
377	7	4	4	5
377	8	7	6	8
377	9	4	4	3
377	10	6	4	.
377	11	6	5	10
377	12	5	5	6
377	13	4	3	4
377	14	4	3	4
377	15	5	5	7
378	1	.	0	0
378	2	4	4	5
378	3	3	3	4
378	4	4	2	2
378	5	2	3	1
378	6	6	4	7
378	7	2	.	3
378	8	4	2	1
378	9	0	2	0
378	10	3	4	4
378	11	.	3	.
378	12	2	2	2
378	13	3	3	0
378	14	3	4	1
378	15	0	2	0
379	1	3	2	2
379	2	3	2	5
379	3	3	2	.
379	4	3	3	4
379	5	4	3	3
379	6	1	.	3
379	7	2	2	3
379	8	.	2	-1
379	9	2	1	1
379	10	.	3	.
379	11	4	4	3
379	12	1	.	0
379	13	1	3	1
379	14	-2	0	.
379	15	4	3	5
380	1	5	4	6
380	2	2	3	.
380	3	0	1	1
380	4	.	3	5
380	5	3	3	5
380	6	1	2	3
380	7	3	4	.
380	8	0	3	2
380	9	4	4	6
380	10	5	4	6
380	11	4	5	5
380	12	8	.	10
380	13	10	.	11
380	14	8	5	11
380	15	6	6	7
381	1	3	3	0
381	2	1	1	0
381	3	.	1	0
381	4	0	3	1
381	5	2	3	4
381	6	0	1	0
381	7	0	0	-2
381	8	0	1	1
381	9	2	2	4
381	10	3	2	4
381	11	2	3	3
381	12	1	2	3
381	13	0	1	0
381	14	1	1	3
381	15	0	0	0
382	1	-1	.	1
382	2	-2	0	-1
382	3	-1	0	0
382	4	.	.	-1
382	5	-1	1	0
382	6	-1	0	0
382	7	.	2	1
382	8	-2	0	0
382	9	1	2	1
382	10	0	2	0
382	11	0	1	4
382	12	2	2	5
382	13	3	3	5
382	14	.	1	2
382	15	0	2	0
383	1	.	2	3
383	2	-1	0	-1
383	3	.	2	1
383	4	1	1	.
383	5	0	2	4
383	6	2	3	.
383	7	.	1	0
383	8	1	3	4
383	9	2	2	3
383	10	0	0	0
383	11	0	0	1
383	12	-1	0	-2
383	13	3	3	5
383	14	4	1	2
383	15	1	3	4
384	1	1	3	4
384	2	.	2	5
384	3	6	3	.
384	4	6	4	7
384	5	4	.	.
384	6	3	3	.
384	7	0	3	2
384	8	.	3	2
384	9	1	2	3
384	10	-1	2	-3
384	11	2	3	2
384	12	4	3	4
384	13	2	3	5
384	14	5	4	5
384	15	4	3	2
385	1	1	4	1
385	2	0	1	0
385	3	0	0	0
385	4	2	2	1
385	5	1	2	2
385	6	3	2	.
385	7	1	1	2
385	8	.	.	3
385	9	4	0	4
385	10	.	.	3
385	11	2	0	2
385	12	0	0	0
385	13	-2	0	-4
385	14	0	1	1
385	15	.	0	.
386	1	1	3	1
386	2	2	1	0
386	3	0	1	0
386	4	1	2	3
386	5	0	0	-1
386	6	1	1	2
386	7	1	.	2
386	8	-3	0	-2
386	9	2	1	1
386	10	0	.	0
386	11	1	1	2
386	12	0	2	0
386	13	-1	.	-1
386	14	-1	0	-2
386	15	0	1	.
387	1	2	3	6
387	2	3	3	7
387	3	1	2	4
387	4	3	2	3
387	5	1	1	5
387	6	1	2	3
387	7	3	2	5
387	8	0	1	3
387	9	-1	0	0
387	10	-1	0	0
387	11	1	2	1
387	12	.	0	0
387	13	.	1	2
387	14	.	3	7
387	15	.	3	.
388	1	0	2	2
388	2	2	2	2
388	3	1	3	3
388	4	1	4	4
388	5	1	2	1
388	6	0	2	1
388	7	1	2	3
388	8	2	3	2
388	9	5	4	6
388	10	.	5	8
388	11	4	.	5
388	12	4	4	7
388	13	5	4	7
388	14	5	.	5
388	15	1	4	6
389	1	4	2	5
389	2	3	2	4
389	3	3	4	7
389	4	3	2	6
389	5	3	.	1
389	6	-1	3	4
389	7	0	.	1
389	8	-1	1	3
389	9	0	1	0
389	10	0	3	0
389	11	4	3	5
389	12	.	.	5
389	13	3	2	7
389	14	.	2	5
389	15	4	3	.
390	1	0	1	1
390	2	0	3	1
390	3	1	3	2
390	4	1	2	2
390	5	0	2	0
390	6	1	2	0
390	7	0	1	0
390	8	0	1	.
390	9	1	1	0
390	10	1	3	2
390	11	0	1	0
390	12	-3	1	-1
390	13	-1	1	.
390	14	2	1	.
390	15	2	2	2
391	1	0	3	0
391	2	2	2	3
391	3	2	4	4
391	4	1	1	.
391	5	2	3	4
391	6	2	3	3
391	7	1	2	4
391	8	0	3	4
391	9	0	2	2
391	10	3	5	.
391	11	5	3	6
391	12	1	3	6
391	13	0	1	1
391	14	1	3	3
391	15	3	3	7
392	1	7	7	5
392	2	4	4	6
392	3	5	5	6
392	4	4	.	6
392	5	0	4	2
392	6	3	4	4
392	7	5	5	6
392	8	3	5	9
392	9	7	4	6
392	10	8	7	9
392	11	4	5	6
392	12	.	6	7
392	13	2	6	5
392	14	5	7	5
392	15	6	5	7
393	1	1	1	5
393	2	1	1	3
393	3	0	0	0
393	4	2	1	.
393	5	1	.	1
393	6	1	1	3
393	7	1	2	5
393	8	1	2	4
393	9	4	2	7
393	10	2	2	8
393	11	3	1	4
393	12	0	1	4
393	13	0	2	4
393	14	1	1	1
393	15	2	2	2
394	1	3	2	.
394	2	5	2	5
394	3	2	4	3
394	4	4	3	3
394	5	.	4	3
394	6	6	.	4
394	7	4	4	6
394	8	.	4	3
394	9	3	.	4
394	10	.	5	2
394	11	.	3	7
394	12	3	3	6
394	13	3	3	3
394	14	2	4	3
394	15	3	1	.
395	1	5	3	4
395	2	4	3	4
395	3	0	3	6
395	4	0	3	3
395	5	.	.	3
395	6	5	4	8
395	7	3	3	7
395	8	.	.	7
395	9	1	2	0
395	10	2	1	2
395	11	.	3	6
395	12	4	.	3
395	13	2	2	3
395	14	1	2	3
395	15	.	1	2
396	1	-3	0	0
396	2	-3	.	-1
396	3	0	0	0
396	4	-1	.	-1
396	5	0	1	0
396	6	-5	0	-4
396	7	0	1	1
396	8	0	2	0
396	9	.	2	2
396	10	0	1	2
396	11	1	2	6
396	12	1	3	4
396	13	-1	0	0
396	14	0	2	.
396	15	1	1	3
397	1	.	5	4
397	2	4	4	4
397	3	4	4	5
397	4	.	.	3
397	5	2	3	3
397	6	.	5	.
397	7	0	2	.
397	8	4	2	3
397	9	3	3	2
397	10	4	.	4
397	11	5	4	.
397	12	3	3	4
397	13	3	3	4
397	14	5	3	.
397	15	0	3	2
398	1	0	1	2
398	2	1	1	5
398	3	.	1	2
398	4	.	1	.
398	5	-1	0	-1
398	6	1	1	0
398	7	.	0	.
398	8	1	2	3
398	9	0	0	-1
398	10	0	1	1
398	11	.	0	.
398	12	0	0	2
398	13	1	0	1
398	14	0	0	-1
398	15	1	2	4
399	1	.	3	1
399	2	.	6	6
399	3	6	5	8
399	4	6	5	6
399	5	4	5	8
399	6	4	.	5
399	7	4	3	4
399	8	5	5	7
399	9	2	.	4
399	10	6	.	8
399	11	5	3	5
399	12	6	5	6
399	13	3	.	2
399	14	3	4	6
399	15	2	4	4
400	1	3	2	6
400	2	2	4	4
400	3	2	2	2
400	4	2	3	1
400	5	2	3	.
400	6	0	3	1
400	7	.	2	-2
400	8	0	1	0
400	9	0	2	0
400	10	0	1	-1
400	11	-1	.	0
400	12	3	4	.
400	13	1	2	2
400	14	2	3	2
400	15	2	2	.
401	1	3	.	6
401	2	1	3	.
401	3	0	0	-2
401	4	0	2	-1
401	5	-3	1	0
401	6	-2	1	2
401	7	.	3	3
401	8	.	.	2
401	9	0	1	0
401	10	0	2	1
401	11	-2	0	-2
401	12	0	2	0
401	13	1	3	1
401	14	1	2	5
401	15	.	2	3
402	1	1	3	7
402	2	3	4	3
402	3	0	2	.
402	4	1	3	1
402	5	3	4	3
402	6	2	3	2
402	7	2	2	3
402	8	3	3	.
402	9	4	4	.
402	10	3	4	6
402	11	2	3	1
402	12	3	.	7
402	13	5	3	6
402	14	1	.	2
402	15	4	4	4
403	1	2	3	5
403	2	1	3	5
403	3	4	3	4
403	4	3	2	4
403	5	4	5	6
403	6	5	3	7
403	7	3	3	4
403	8	5	5	7
403	9	4	3	6
403	10	0	3	0
403	11	1	3	1
403	12	0	.	3
403	13	0	0	0
403	14	3	2	3
403	15	3	2	2
404	1	3	2	6
404	2	2	2	2
404	3	4	2	1
404	4	5	2	1
404	5	3	3	4
404	6	2	2	0
404	7	0	1	0
404	8	.	2	3
404	9	.	3	2
404	10	5	4	5
404	11	3	1	1
404	12	.	3	3
404	13	1	2	1
404	14	0	1	.
404	15	0	0	0
405	1	1	.	0
405	2	2	1	2
405	3	2	.	2
405	4	0	2	3
405	5	2	1	.
405	6	6	2	8
405	7	3	2	3
405	8	.	2	2
405	9	2	.	1
405	10	2	2	1
405	11	0	0	-1
405	12	1	2	0
405	13	.	1	2
405	14	3	2	6
405	15	3	.	3
406	1	0	2	0
406	2	1	2	3
406	3	4	3	4
406	4	2	4	5
406	5	2	4	6
406	6	4	2	4
406	7	1	1	1
406	8	4	5	6
406	9	2	2	.
406	10	0	2	0
406	11	0	1	4
406	12	5	.	5
406	13	.	4	5
406	14	5	.	6
406	15	0	4	5
407	1	.	4	4
407	2	1	0	0
407	3	3	4	2
407	4	3	2	1
407	5	1	3	.
407	6	3	.	0
407	7	2	2	1
407	8	4	0	5
407	9	4	2	3
407	10	.	3	4
407	11	7	4	7
407	12	4	.	4
407	13	1	3	3
407	14	0	0	-1
407	15	1	2	-1
408	1	0	0	1
408	2	-1	-1	-3
408	3	2	.	1
408	4	0	0	0
408	5	.	2	3
408	6	0	0	0
408	7	0	0	0
408	8	0	0	0
408	9	-1	0	0
408	10	0	1	2
408	11	0	0	1
408	12	1	1	2
408	13	3	1	2
408	14	0	1	0
408	15	5	3	4
409	1	2	1	1
409	2	2	2	0
409	3	.	.	2
409	4	0	3	0
409	5	3	3	3
409	6	1	2	5
409	7	1	.	2
409	8	1	3	2
409	9	1	3	0
409	10	2	3	3
409	11	.	3	3
409	12	6	6	7
409	13	4	4	9
409	14	3	4	0
409	15	1	.	2
410	1	3	.	5
410	2	2	2	2
410	3	0	.	0
410	4	2	3	1
410	5	1	3	4
410	6	5	4	7
410	7	.	3	2
410	8	.	2	5
410	9	1	3	3
410	10	0	1	1
410	11	.	2	1
410	12	.	0	1
410	13	-1	1	2
410	14	0	0	-1
410	15	1	1	2
411	1	6	3	6
411	2	0	1	-1
411	3	4	1	1
411	4	4	2	1
411	5	2	1	0
411	6	3	1	-1
411	7	0	1	.
411	8	0	2	0
411	9	0	0	0
411	10	1	1	-1
411	11	1	1	0
411	12	4	1	.
411	13	3	2	5
411	14	5	2	2
411	15	.	0	0
412	1	0	0	0
412	2	0	0	-1
412	3	0	1	1
412	4	2	2	3
412	5	1	.	5
412	6	2	2	6
412	7	2	0	3
412	8	0	.	0
412	9	2	1	4
412	10	4	1	7
412	11	5	4	9
412	12	1	2	1
412	13	3	2	.
412	14	0	1	3
412	15	-1	.	0
413	1	1	2	3
413	2	2	1	5
413	3	0	1	1
413	4	2	.	3
413	5	3	2	5
413	6	1	1	1
413	7	3	1	3
413	8	2	3	2
413	9	1	2	.
413	10	0	1	3
413	11	.	1	2
413	12	0	1	2
413	13	-1	.	-1
413	14	0	2	-1
413	15	0	2	2
414	1	.	.	3
414	2	3	3	3
414	3	3	3	.
414	4	0	.	4
414	5	0	.	2
414	6	3	2	3
414	7	3	.	6
414	8	0	1	2
414	9	0	.	5
414	10	3	3	7
414	11	1	3	4
414	12	3	3	8
414	13	2	2	7
414	14	-1	.	1
414	15	0	1	1
415	1	4	4	3
415	2	0	2	0
415	3	0	0	-3
415	4	-1	2	0
415	5	1	1	1
415	6	.	3	1
415	7	2	4	2
415	8	5	3	5
415	9	2	2	4
415	10	4	5	.
415	11	2	.	2
415	12	2	3	3
415	13	-3	0	.
415	14	0	2	2
415	15	5	4	5
416	1	9	7	9
416	2	5	6	3
416	3	3	5	3
416	4	5	4	5
416	5	6	5	8
416	6	5	5	.
416	7	8	7	7
416	8	5	6	6
416	9	4	5	5
416	10	3	3	2
416	11	.	4	4
416	12	5	.	6
416	13	1	2	2
416	14	4	4	4
416	15	8	5	6
417	1	4	2	2
417	2	1	2	1
417	3	1	2	3
417	4	-1	1	0
417	5	.	.	.
417	6	2	2	0
417	7	3	2	4
417	8	4	1	.
417	9	1	3	1
417	10	6	4	3
417	11	3	4	5
417	12	3	2	4
417	13	6	3	5
417	14	5	2	3
417	15	0	1	-2
418	1	.	0	0
418	2	0	2	2
418	3	0	.	4
418	4	0	1	2
418	5	-2	1	-1
418	6	0	0	0
418	7	1	2	3
418	8	0	3	.
418	9	.	2	2
418	10	0	2	3
418	11	.	0	0
418	12	0	2	3
418	13	-4	.	-2
418	14	1	2	5
418	15	3	2	6
419	1	0	0	1
419	2	1	1	2
419	3	0	1	1
419	4	1	2	1
419	5	.	0	2
419	6	1	1	1
419	7	0	1	0
419	8	4	3	4
419	9	4	4	4
419	10	3	3	4
419	11	3	.	4
419	12	2	2	3
419	13	1	1	0
419	14	2	2	5
419	15	0	1	0
420	1	6	3	4
420	2	.	3	3
420	3	.	.	3
420	4	7	5	6
420	5	4	3	.
420	6	.	3	3
420	7	5	3	4
420	8	4	4	4
420	9	7	4	8
420	10	.	5	6
420	11	4	5	8
420	12	5	4	6
420	13	2	2	3
420	14	0	.	0
420	15	2	3	2
421	1	-3	-1	.
421	2	-2	-1	-3
421	3	.	0	-1
421	4	-1	0	2
421	5	0	0	0
421	6	0	0	0
421	7	-1	0	0
421	8	-2	0	0
421	9	0	0	-2
421	10	0	0	1
421	11	-2	.	-2
421	12	-1	.	0
421	13	-3	0	-1
421	14	-1	0	2
421	15	0	0	0
422	1	3	3	8
422	2	3	1	2
422	3	0	.	3
422	4	0	.	-2
422	5	1	0	1
422	6	1	1	3
422	7	1	.	6
422	8	1	2	2
422	9	2	.	2
422	10	1	2	.
422	11	0	0	-2
422	12	0	0	-1
422	13	0	0	0
422	14	-1	1	.
422	15	0	1	0
423	1	1	0	2
423	2	0	0	0
423	3	1	2	0
423	4	1	2	1
423	5	3	3	4
423	6	3	3	7
423	7	3	.	3
423	8	.	2	6
423	9	3	.	.
423	10	0	1	.
423	11	0	1	0
423	12	-1	0	0
423	13	0	0	2
423	14	5	3	5
423	15	1	4	2
424	1	0	1	1
424	2	0	0	1
424	3	2	0	0
424	4	0	2	2
424	5	1	0	1
424	6	2	1	3
424	7	.	0	2
424	8	1	0	1
424	9	1	2	2
424	10	3	1	3
424	11	1	1	0
424	12	0	0	.
424	13	0	1	2
424	14	.	0	3
424	15	1	2	2
425	1	2	3	3
425	2	4	4	.
425	3	3	4	6
425	4	2	4	6
425	5	3	4	4
425	6	3	4	7
425	7	1	4	4
425	8	4	4	4
425	9	0	1	2
425	10	2	3	4
425	11	3	2	1
425	12	0	1	2
425	13	2	3	4
425	14	.	2	2
425	15	2	3	4
426	1	4	2	5
426	2	3	3	2
426	3	2	2	5
426	4	4	3	3
426	5	6	3	5
426	6	5	3	7
426	7	5	3	7
426	8	7	2	8
426	9	.	.	2
426	10	.	.	8
426	11	4	2	4
426	12	2	1	.
426	13	0	1	1
426	14	2	3	.
426	15	0	.	0
427	1	-1	0	-2
427	2	-1	.	0
427	3	-2	0	-2
427	4	-3	.	.
427	5	-2	0	-1
427	6	0	0	0
427	7	-1	0	0
427	8	-4	-1	-4
427	9	-1	-1	0
427	10	0	0	2
427	11	0	.	0
427	12	.	0	.
427	13	2	0	2
427	14	0	1	3
427	15	1	1	5
428	1	1	2	2
428	2	2	2	3
428	3	3	.	4
428	4	.	0	3
428	5	3	2	4
428	6	3	3	7
428	7	2	2	2
428	8	5	1	3
428	9	2	1	5
428	10	3	2	6
428	11	0	2	0
428	12	.	3	3
428	13	1	1	0
428	14	0	.	-1
428	15	3	3	5
429	1	2	.	0
429	2	0	0	0
429	3	-2	0	-5
429	4	-5	-3	-6
429	5	-3	0	-2
429	6	1	0	-1
429	7	0	0	-1
429	8	1	1	-1
429	9	-2	0	-5
429	10	.	0	-2
429	11	.	.	-1
429	12	4	1	3
429	13	2	1	1
429	14	5	3	3
429	15	1	.	1
430	1	2	3	4
430	2	3	3	.
430	3	3	4	3
430	4	.	.	4
430	5	1	2	0
430	6	5	3	4
430	7	3	3	1
430	8	2	3	3
430	9	0	2	3
430	10	3	3	4
430	11	.	3	.
430	12	1	2	2
430	13	1	1	-2
430	14	3	3	6
430	15	2	2	0
431	1	1	2	.
431	2	0	1	.
431	3	3	1	2
431	4	3	3	6
431	5	6	3	6
431	6	4	3	.
431	7	4	4	5
431	8	5	4	.
431	9	.	2	4
431	10	5	.	4
431	11	4	4	4
431	12	5	4	6
431	13	.	4	.
431	14	4	3	5
431	15	3	3	.
432	1	4	1	4
432	2	5	4	7
432	3	2	1	.
432	4	3	3	5
432	5	2	3	6
432	6	2	4	4
432	7	1	2	2
432	8	0	2	2
432	9	2	4	6
432	10	3	1	4
432	11	0	.	2
432	12	0	1	0
432	13	-1	1	1
432	14	-1	1	0
432	15	2	4	6
433	1	.	1	.
433	2	.	2	2
433	3	1	1	0
433	4	.	0	-2
433	5	0	2	0
433	6	0	1	1
433	7	.	1	1
433	8	3	2	2
433	9	4	3	7
433	10	3	.	4
433	11	3	2	4
433	12	1	1	4
433	13	3	3	3
433	14	5	3	7
433	15	0	1	3
434	1	0	2	0
434	2	2	2	3
434	3	2	3	1
434	4	.	4	6
434	5	3	4	5
434	6	4	3	7
434	7	5	3	9
434	8	2	2	3
434	9	3	4	3
434	10	1	2	3
434	11	2	3	.
434	12	2	2	2
434	13	2	3	.
434	14	1	3	2
434	15	3	4	1
435	1	2	3	.
435	2	0	2	.
435	3	1	4	4
435	4	0	2	0
435	5	-1	1	-2
435	6	0	1	2
435	7	-2	2	-1
435	8	0	0	2
435	9	0	1	-1
435	10	0	2	1
435	11	0	.	0
435	12	3	4	6
435	13	1	2	0
435	14	3	5	6
435	15	.	2	2
436	1	-1	.	0
436	2	4	.	5
436	3	0	.	2
436	4	2	4	4
436	5	.	.	.
436	6	5	3	4
436	7	4	3	7
436	8	2	4	.
436	9	3	4	4
436	10	2	3	6
436	11	0	2	0
436	12	1	2	3
436	13	.	2	3
436	14	2	2	1
436	15	2	2	3
437	1	0	2	1
437	2	0	2	2
437	3	0	2	5
437	4	-1	0	-1
437	5	0	.	2
437	6	0	2	4
437	7	3	3	3
437	8	2	2	.
437	9	0	2	3
437	10	0	2	2
437	11	0	2	1
437	12	1	2	0
437	13	1	3	3
437	14	0	2	2
437	15	0	2	4
438	1	.	1	4
438	2	1	1	1
438	3	-2	0	0
438	4	0	0	.
438	5	0	0	0
438	6	-2	0	0
438	7	0	1	0
438	8	2	2	2
438	9	0	2	3
438	10	0	0	2
438	11	1	1	1
438	12	3	0	2
438	13	0	1	0
438	14	-2	1	.
438	15	-5	.	-1
439	1	1	4	4
439	2	1	.	1
439	3	3	4	4
439	4	0	4	.
439	5	3	.	3
439	6	3	5	6
439	7	8	5	7
439	8	.	5	4
439	9	6	5	7
439	10	4	4	5
439	11	6	6	7
439	12	10	7	11
439	13	6	5	8
439	14	4	5	8
439	15	2	5	5
440	1	-1	-1	-3
440	2	-1	0	-4
440	3	0	0	.
440	4	0	0	2
440	5	4	2	5
440	6	0	0	0
440	7	1	1	0
440	8	4	1	4
440	9	3	2	3
440	10	4	1	2
440	11	5	2	.
440	12	0	2	0
440	13	1	2	2
440	14	0	1	2
440	15	0	2	1
441	1	6	5	8
441	2	3	4	3
441	3	6	4	4
441	4	3	5	4
441	5	2	3	4
441	6	7	4	6
441	7	2	.	4
441	8	7	.	.
441	9	5	5	6
441	10	5	5	4
441	11	3	3	3
441	12	4	4	4
441	13	.	4	7
441	14	5	6	8
441	15	4	4	5
442	1	0	0	1
442	2	2	0	4
442	3	2	.	2
442	4	.	0	0
442	5	2	2	4
442	6	-1	0	2
442	7	.	0	.
442	8	0	1	1
442	9	0	0	2
442	10	4	2	3
442	11	1	1	0
442	12	.	1	2
442	13	-1	-1	.
442	14	.	0	2
442	15	1	0	2
443	1	3	2	5
443	2	1	2	3
443	3	0	2	3
443	4	1	3	4
443	5	2	4	.
443	6	-1	2	0
443	7	-2	0	1
443	8	-2	2	.
443	9	.	2	4
443	10	-1	1	2
443	11	-1	0	0
443	12	1	0	3
443	13	-1	.	0
443	14	-2	0	1
443	15	0	1	0
444	1	3	.	3
444	2	3	1	.
444	3	4	2	8
444	4	3	3	7
444	5	4	4	.
444	6	5	4	7
444	7	4	3	8
444	8	5	5	10
444	9	6	5	8
444	10	0	1	1
444	11	2	2	5
444	12	2	3	8
444	13	4	3	7
444	14	1	1	.
444	15	0	.	2
445	1	4	.	6
445	2	4	4	5
445	3	4	4	3
445	4	4	3	5
445	5	.	3	3
445	6	0	2	6
445	7	0	3	2
445	8	.	2	.
445	9	2	4	4
445	10	3	3	4
445	11	2	2	2
445	12	3	4	2
445	13	1	2	3
445	14	1	1	2
445	15	0	2	0
446	1	3	2	4
446	2	0	3	5
446	3	5	3	6
446	4	3	3	4
446	5	2	2	.
446	6	0	1	1
446	7	2	2	1
446	8	0	.	1
446	9	3	.	3
446	10	4	2	5
446	11	1	.	3
446	12	2	1	2
446	13	0	1	2
446	14	1	2	1
446	15	1	1	1
447	1	2	.	-1
447	2	-1	.	0
447	3	0	3	1
447	4	1	1	1
447	5	4	4	4
447	6	3	3	5
447	7	2	1	6
447	8	2	4	8
447	9	.	4	3
447	10	0	3	2
447	11	2	3	1
447	12	2	4	3
447	13	2	3	5
447	14	3	2	2
447	15	3	2	.
448	1	0	0	1
448	2	0	1	.
448	3	2	2	-1
448	4	0	4	1
448	5	5	3	6
448	6	0	2	.
448	7	-2	-1	-4
448	8	-2	1	-2
448	9	-2	1	.
448	10	-2	0	-4
448	11	.	0	-1
448	12	1	0	-2
448	13	0	1	-4
448	14	1	1	-1
448	15	3	2	3
449	1	4	5	8
449	2	.	6	7
449	3	5	7	9
449	4	4	.	6
449	5	5	.	9
449	6	4	3	5
449	7	5	4	4
449	8	6	5	6
449	9	6	5	.
449	10	3	.	6
449	11	4	3	5
449	12	6	.	8
449	13	4	3	8
449	14	3	5	5
449	15	5	4	8
450	1	6	6	9
450	2	5	5	9
450	3	2	4	5
450	4	4	4	3
450	5	1	5	6
450	6	4	2	4
450	7	0	3	1
450	8	2	5	3
450	9	0	.	1
450	10	2	3	3
450	11	3	4	9
450	12	6	5	8
450	13	4	5	8
450	14	1	3	2
450	15	3	3	5
451	1	0	1	1
451	2	0	1	3
451	3	0	1	1
451	4	2	0	6
451	5	3	0	3
451	6	0	0	2
451	7	.	0	2
451	8	0	0	1
451	9	3	0	3
451	10	4	1	4
451	11	1	-1	1
451	12	-1	0	0
451	13	0	0	4
451	14	1	0	2
451	15	1	0	2
452	1	0	1	2
452	2	3	.	6
452	3	2	2	8
452	4	3	1	4
452	5	0	0	2
452	6	0	1	3
452	7	-3	0	-1
452	8	-1	0	.
452	9	0	.	0
452	10	.	2	5
452	11	2	2	5
452	12	-1	0	2
452	13	.	2	3
452	14	1	1	1
452	15	-2	0	0
453	1	0	3	0
453	2	2	0	1
453	3	0	1	0
453	4	3	.	2
453	5	3	1	.
453	6	2	1	3
453	7	1	1	1
453	8	2	1	-1
453	9	1	2	6
453	10	2	3	3
453	11	2	2	4
453	12	.	2	9
453	13	3	3	.
453	14	.	1	3
453	15	-2	-1	-1
454	1	1	1	0
454	2	-1	.	.
454	3	1	1	4
454	4	2	0	4
454	5	0	1	0
454	6	.	0	1
454	7	0	0	.
454	8	.	0	0
454	9	1	1	3
454	10	0	1	3
454	11	5	3	6
454	12	.	2	5
454	13	3	2	4
454	14	1	2	3
454	15	1	.	0
455	1	2	2	3
455	2	3	2	5
455	3	2	1	0
455	4	5	3	.
455	5	0	2	.
455	6	0	2	0
455	7	1	.	0
455	8	2	1	1
455	9	-3	.	-2
455	10	0	1	-3
455	11	-1	1	-1
455	12	-2	.	-1
455	13	1	2	0
455	14	-2	0	-1
455	15	0	1	-1
456	1	4	5	5
456	2	5	5	.
456	3	7	6	10
456	4	4	5	4
456	5	7	5	7
456	6	5	8	10
456	7	4	5	.
456	8	1	3	3
456	9	2	3	6
456	10	2	.	9
456	11	6	5	.
456	12	.	3	5
456	13	.	5	6
456	14	5	5	6
456	15	2	.	6
457	1	-1	1	3
457	2	0	2	2
457	3	0	0	.
457	4	1	1	.
457	5	.	1	2
457	6	0	0	0
457	7	0	1	3
457	8	0	2	4
457	9	3	0	4
457	10	.	.	4
457	11	1	.	.
457	12	-1	.	0
457	13	.	0	-1
457	14	1	1	2
457	15	-1	-1	0
458	1	.	.	2
458	2	1	.	1
458	3	1	2	2
458	4	4	3	3
458	5	4	.	5
458	6	1	2	0
458	7	2	1	.
458	8	4	2	3
458	9	1	2	3
458	10	3	2	4
458	11	0	3	3
458	12	2	2	4
458	13	3	2	3
458	14	5	3	6
458	15	2	3	2
459	1	.	2	1
459	2	0	.	3
459	3	4	2	5
459	4	2	2	7
459	5	3	1	4
459	6	1	1	4
459	7	2	1	0
459	8	2	2	3
459	9	.	2	4
459	10	.	2	7
459	11	2	1	4
459	12	0	1	3
459	13	1	1	3
459	14	-1	0	.
459	15	2	1	4
460	1	3	5	6
460	2	3	1	0
460	3	4	2	2
460	4	5	4	5
460	5	.	3	6
460	6	1	1	.
460	7	4	3	3
460	8	.	3	2
460	9	0	1	-1
460	10	2	1	2
460	11	0	1	3
460	12	.	.	6
460	13	5	3	5
460	14	.	.	4
460	15	1	1	0
461	1	0	0	0
461	2	2	2	0
461	3	0	.	1
461	4	3	2	2
461	5	4	4	6
461	6	4	4	2
461	7	1	1	2
461	8	.	1	.
461	9	1	.	.
461	10	2	2	2
461	11	1	2	0
461	12	3	3	3
461	13	1	0	0
461	14	0	0	-1
461	15	0	1	0
462	1	7	2	5
462	2	4	3	1
462	3	4	3	4
462	4	.	.	5
462	5	4	3	3
462	6	7	3	7
462	7	7	4	7
462	8	3	2	3
462	9	2	2	.
462	10	6	4	.
462	11	6	4	1
462	12	7	4	6
462	13	5	3	3
462	14	4	2	2
462	15	2	0	2
463	1	2	0	.
463	2	0	0	0
463	3	0	0	0
463	4	.	1	0
463	5	1	1	2
463	6	0	.	0
463	7	2	0	1
463	8	0	1	0
463	9	0	0	1
463	10	0	0	0
463	11	0	1	.
463	12	0	1	1
463	13	-1	1	0
463	14	3	2	4
463	15	.	3	6
464	1	.	3	5
464	2	.	.	3
464	3	5	3	7
464	4	5	4	6
464	5	7	4	6
464	6	3	2	.
464	7	4	4	4
464	8	4	4	.
464	9	4	.	5
464	10	4	4	5
464	11	0	1	0
464	12	3	2	3
464	13	3	4	4
464	14	4	2	4
464	15	4	3	5
465	1	.	.	2
465	2	2	3	4
465	3	3	.	2
465	4	0	1	1
465	5	3	2	2
465	6	1	1	2
465	7	0	2	0
465	8	-1	0	-3
465	9	3	3	4
465	10	5	4	6
465	11	5	2	6
465	12	1	3	3
465	13	.	3	8
465	14	2	3	.
465	15	6	5	8
466	1	2	1	1
466	2	1	2	0
466	3	0	1	0
466	4	4	1	2
466	5	0	2	.
466	6	4	2	2
466	7	0	0	0
466	8	0	.	1
466	9	1	0	1
466	10	.	2	.
466	11	0	1	1
466	12	0	.	2
466	13	.	2	4
466	14	0	1	0
466	15	0	1	1
467	1	2	1	4
467	2	3	1	5
467	3	0	0	0
467	4	0	0	.
467	5	-2	0	1
467	6	-1	0	1
467	7	-1	0	0
467	8	-1	2	0
467	9	-1	.	3
467	10	-1	2	2
467	11	0	1	1
467	12	-1	1	4
467	13	-1	1	0
467	14	.	0	0
467	15	-3	0	0
468	1	-3	0	-2
468	2	-1	1	0
468	3	.	.	2
468	4	0	0	2
468	5	0	0	3
468	6	0	1	3
468	7	.	0	5
468	8	-2	0	0
468	9	2	1	1
468	10	-2	0	0
468	11	0	0	1
468	12	0	0	2
468	13	0	0	0
468	14	-2	-1	-3
468	15	-3	0	0
469	1	1	1	1
469	2	1	2	4
469	3	3	2	3
469	4	.	.	2
469	5	6	3	7
469	6	5	4	6
469	7	.	3	7
469	8	3	2	2
469	9	2	1	2
469	10	0	1	-2
469	11	1	1	0
469	12	0	2	1
469	13	1	2	.
469	14	0	.	0
469	15	1	2	3
470	1	0	1	1
470	2	1	0	.
470	3	0	2	0
470	4	-1	0	0
470	5	-3	0	.
470	6	0	2	1
470	7	-1	0	.
470	8	0	0	1
470	9	1	.	0
470	10	0	1	1
470	11	1	2	2
470	12	0	1	4
470	13	1	2	2
470	14	0	0	0
470	15	.	1	0
471	1	2	2	2
471	2	-2	-1	0
471	3	0	.	1
471	4	0	0	.
471	5	.	1	0
471	6	0	0	2
471	7	0	-1	0
471	8	-1	.	2
471	9	.	0	-1
471	10	0	0	-1
471	11	-2	0	0
471	12	0	0	-1
471	13	-1	0	-3
471	14	-3	-1	-3
471	15	-2	0	-2
472	1	0	1	4
472	2	-1	.	2
472	3	.	1	3
472	4	2	3	.
472	5	-1	2	0
472	6	-1	2	.
472	7	-3	1	-1
472	8	0	4	5
472	9	1	4	8
472	10	2	5	7
472	11	0	3	2
472	12	4	5	7
472	13	3	3	4
472	14	0	2	4
472	15	2	.	2
473	1	2	3	5
473	2	4	4	9
473	3	8	6	12
473	4	.	5	6
473	5	2	.	4
473	6	2	5	5
473	7	3	4	6
473	8	.	6	9
473	9	1	4	5
473	10	2	3	6
473	11	3	3	7
473	12	3	4	5
473	13	5	4	.
473	14	5	5	7
473	15	1	.	4
474	1	4	5	3
474	2	1	2	6
474	3	-1	3	1
474	4	3	3	7
474	5	1	2	3
474	6	2	3	1
474	7	4	3	6
474	8	.	3	.
474	9	.	4	4
474	10	3	3	.
474	11	4	2	4
474	12	0	3	5
474	13	3	3	4
474	14	0	2	.
474	15	-2	.	0
475	1	0	2	0
475	2	-1	1	0
475	3	2	.	4
475	4	0	1	1
475	5	.	2	1
475	6	0	2	0
475	7	-1	3	0
475	8	2	3	3
475	9	5	3	2
475	10	4	5	7
475	11	.	4	3
475	12	3	3	2
475	13	3	4	6
475	14	2	1	0
475	15	1	2	2
476	1	3	2	3
476	2	4	4	.
476	3	2	3	5
476	4	.	3	2
476	5	4	4	9
476	6	1	1	3
476	7	-3	1	0
476	8	1	.	1
476	9	1	2	5
476	10	1	.	4
476	11	2	3	3
476	12	3	4	6
476	13	1	3	4
476	14	-3	0	-1
476	15	0	2	1
477	1	.	0	2
477	2	.	0	1
477	3	-1	0	0
477	4	-1	0	2
477	5	-3	0	.
477	6	1	0	1
477	7	2	2	2
477	8	-1	0	2
477	9	0	0	0
477	10	-3	0	0
477	11	-2	0	0
477	12	1	0	1
477	13	0	0	1
477	14	3	0	1
477	15	2	.	.
478	1	1	0	2
478	2	1	1	2
478	3	2	.	2
478	4	0	1	1
478	5	3	2	.
478	6	-1	2	1
478	7	2	.	5
478	8	1	3	4
478	9	.	.	0
478	10	0	2	4
478	11	1	3	3
478	12	.	3	.
478	13	1	1	2
478	14	2	2	3
478	15	0	.	0
479	1	0	3	2
479	2	-1	2	0
479	3	2	1	5
479	4	1	2	4
479	5	5	3	6
479	6	3	4	.
479	7	1	.	2
479	8	0	2	1
479	9	2	2	5
479	10	2	4	4
479	11	5	4	9
479	12	2	3	5
479	13	4	3	4
479	14	0	2	.
479	15	1	3	0
480	1	3	2	2
480	2	4	4	6
480	3	5	.	6
480	4	6	4	10
480	5	5	3	3
480	6	5	3	.
480	7	5	2	.
480	8	2	2	3
480	9	0	2	3
480	10	0	1	1
480	11	3	.	1
480	12	.	2	1
480	13	0	.	0
480	14	0	3	3
480	15	1	3	-1
481	1	2	2	2
481	2	3	.	5
481	3	0	2	0
481	4	0	0	-1
481	5	0	0	-2
481	6	2	1	2
481	7	0	1	-1
481	8	0	2	0
481	9	2	4	0
481	10	2	1	0
481	11	2	2	2
481	12	6	3	2
481	13	2	0	0
481	14	3	1	1
481	15	3	.	2
482	1	3	.	7
482	2	1	2	3
482	3	6	.	10
482	4	0	.	6
482	5	3	2	.
482	6	3	2	4
482	7	1	1	5
482	8	0	2	1
482	9	0	-1	0
482	10	0	1	-1
482	11	1	1	4
482	12	1	1	4
482	13	0	1	4
482	14	0	2	5
482	15	2	2	6
483	1	-1	0	0
483	2	0	0	0
483	3	3	2	6
483	4	0	0	0
483	5	1	2	4
483	6	0	2	3
483	7	0	0	1
483	8	1	1	5
483	9	-1	1	3
483	10	0	1	0
483	11	-1	1	0
483	12	0	0	.
483	13	-3	0	-4
483	14	-2	0	0
483	15	3	2	.
484	1	0	0	1
484	2	-1	0	.
484	3	.	0	0
484	4	1	2	4
484	5	.	1	0
484	6	1	.	3
484	7	2	2	5
484	8	5	3	6
484	9	3	3	7
484	10	4	2	1
484	11	0	0	2
484	12	0	1	0
484	13	0	1	0
484	14	0	1	2
484	15	1	1	0
485	1	5	3	5
485	2	.	2	.
485	3	1	2	1
485	4	0	2	-1
485	5	-1	1	-2
485	6	-3	.	-4
485	7	0	0	-2
485	8	0	1	1
485	9	2	1	.
485	10	2	1	3
485	11	1	2	4
485	12	2	2	0
485	13	0	2	.
485	14	1	2	2
485	15	3	1	0
486	1	0	2	2
486	2	4	3	1
486	3	2	2	2
486	4	.	0	2
486	5	1	0	.
486	6	0	0	0
486	7	-4	-1	-3
486	8	-2	0	0
486	9	1	0	0
486	10	3	2	6
486	11	0	0	5
486	12	3	.	4
486	13	2	2	2
486	14	.	2	6
486	15	0	0	0
487	1	0	0	2
487	2	.	3	.
487	3	0	3	1
487	4	1	0	0
487	5	-3	0	-3
487	6	-3	1	-3
487	7	0	0	1
487	8	2	0	3
487	9	3	1	4
487	10	1	1	.
487	11	0	1	0
487	12	-3	0	-2
487	13	-1	-1	-4
487	14	0	1	.
487	15	5	2	5
488	1	4	4	6
488	2	4	3	6
488	3	3	5	5
488	4	6	.	1
488	5	.	3	.
488	6	1	2	3
488	7	0	2	0
488	8	.	2	4
488	9	1	1	-1
488	10	1	2	1
488	11	4	4	6
488	12	2	2	2
488	13	.	3	.
488	14	3	.	5
488	15	5	3	.
489	1	0	0	1
489	2	-1	0	.
489	3	0	.	1
489	4	.	0	.
489	5	0	1	.
489	6	4	1	8
489	7	1	1	8
489	8	0	0	2
489	9	.	.	3
489	10	0	0	3
489	11	2	1	3
489	12	-2	0	1
489	13	-4	0	-2
489	14	-1	0	0
489	15	0	0	0
490	1	6	3	6
490	2	3	2	.
490	3	3	3	2
490	4	3	1	2
490	5	5	3	4
490	6	.	2	2
490	7	0	0	.
490	8	0	1	.
490	9	2	2	2
490	10	1	1	0
490	11	4	2	4
490	12	3	2	2
490	13	3	3	3
490	14	3	3	0
490	15	2	2	1
491	1	2	1	.
491	2	4	4	.
491	3	3	3	6
491	4	2	2	1
491	5	-2	0	.
491	6	0	0	0
491	7	0	0	.
491	8	-1	2	0
491	9	4	3	4
491	10	5	3	2
491	11	3	.	.
491	12	4	2	2
491	13	3	3	6
491	14	7	3	7
491	15	.	2	2
492	1	0	2	2
492	2	0	0	2
492	3	-4	0	-2
492	4	-1	1	-1
492	5	0	0	0
492	6	1	1	.
492	7	0	0	.
492	8	0	1	3
492	9	0	0	0
492	10	0	1	4
492	11	-1	1	0
492	12	0	2	.
492	13	3	2	3
492	14	1	1	2
492	15	-1	1	2
493	1	0	2	0
493	2	-1	1	-2
493	3	0	0	-1
493	4	1	1	3
493	5	-1	0	-1
493	6	0	.	0
493	7	.	1	0
493	8	-1	2	1
493	9	1	1	1
493	10	-1	0	0
493	11	0	0	-1
493	12	0	1	0
493	13	2	4	4
493	14	2	2	3
493	15	.	0	0
494	1	2	3	2
494	2	5	3	6
494	3	5	3	7
494	4	5	4	.
494	5	5	3	5
494	6	4	2	4
494	7	.	2	1
494	8	4	4	6
494	9	4	4	5
494	10	4	4	8
494	11	.	2	4
494	12	3	3	6
494	13	2	1	1
494	14	5	3	7
494	15	4	3	.
495	1	1	3	0
495	2	0	2	.
495	3	1	3	1
495	4	0	2	-1
495	5	4	4	3
495	6	2	4	.
495	7	0	.	1
495	8	2	4	.
495	9	6	6	12
495	10	4	5	8
495	11	3	4	4
495	12	6	.	6
495	13	4	5	7
495	14	5	.	7
495	15	5	5	6
496	1	2	3	.
496	2	3	5	7
496	3	5	.	8
496	4	3	5	4
496	5	0	2	3
496	6	2	4	4
496	7	1	2	3
496	8	3	4	2
496	9	4	6	7
496	10	4	3	5
496	11	-1	.	0
496	12	0	2	2
496	13	1	2	-1
496	14	1	2	1
496	15	0	.	2
497	1	3	2	1
497	2	4	1	4
497	3	2	2	.
497	4	1	2	2
497	5	5	2	5
497	6	3	3	3
497	7	2	3	5
497	8	4	3	6
497	9	.	1	0
497	10	2	1	3
497	11	2	2	2
497	12	2	0	3
497	13	1	1	0
497	14	.	3	0
497	15	0	0	-3
498	1	0	1	3
498	2	0	1	.
498	3	1	2	4
498	4	-1	0	3
498	5	0	1	4
498	6	.	3	4
498	7	2	2	2
498	8	0	0	4
498	9	0	1	4
498	10	0	2	3
498	11	2	1	3
498	12	2	2	5
498	13	2	0	2
498	14	0	2	2
498	15	1	1	3
499	1	2	1	3
499	2	4	3	6
499	3	5	2	.
499	4	1	1	2
499	5	0	1	1
499	6	0	1	2
499	7	5	3	4
499	8	0	1	3
499	9	1	2	3
499	10	0	2	1
499	11	0	0	0
499	12	.	0	0
499	13	1	1	3
499	14	2	1	2
499	15	2	3	3
500	1	.	0	2
500	2	1	2	2
500	3	1	1	4
500	4	.	3	.
500	5	5	2	.
500	6	1	1	2
500	7	2	.	.
500	8	1	0	0
500	9	1	2	2
500	10	1	2	.
500	11	1	1	2
500	12	-2	1	0
500	13	0	2	3
500	14	1	1	1
500	15	0	2	2
