1	1	2	2	1	1	5
1	2	4	2	6	2	7
1	3	4	3	1	2	4
1	4	3	4	3	4	5
1	5	1	1	1	2	3
1	6	0	3	0	3	3
1	7	2	2	3	3	5
1	8	3	4	5	4	6
1	9	3	3	3	1	4
1	10	1	2	1	0	4
1	11	0	2	0	0	2
1	12	1	2	2	2	3
1	13	3	3	2	1	4
1	14	1	1	2	1	3
1	15	3	3	5	3	7
1	16	3	3	2	2	6
1	17	2	2	2	1	7
1	18	7	4	4	5	8
1	19	5	4	6	4	8
1	20	1	2	2	3	6
1	21	0	2	0	4	3
1	22	5	4	4	2	7
1	23	2	0	1	0	2
1	24	2	2	2	1	4
1	25	1	0	0	0	0
1	26	2	2	0	0	3
1	27	5	3	4	3	8
1	28	1	2	1	1	5
1	29	3	2	2	2	4
1	30	2	1	3	2	1
1	31	5	3	6	2	8
1	32	2	2	3	5	7
1	33	1	1	0	2	3
1	34	3	4	3	3	7
1	35	1	1	0	0	4
1	36	2	1	1	0	3
1	37	4	3	5	3	7
1	38	4	2	5	3	6
1	39	5	4	4	4	6
1	40	3	2	3	4	8
1	41	7	3	6	4	7
1	42	5	4	3	5	7
1	43	6	4	7	6	10
1	44	4	2	3	2	6
1	45	5	4	6	5	7
2	1	2	2	1	1	1
2	2	2	2	2	3	8
2	3	0	0	0	0	2
2	4	0	1	1	0	2
2	5	1	2	-1	1	1
2	6	0	1	0	0	2
2	7	1	2	1	3	4
2	8	2	2	1	1	0
2	9	2	2	0	3	1
2	10	1	1	0	2	2
2	11	2	2	0	3	4
2	12	3	3	4	3	4
2	13	2	1	1	2	4
2	14	0	2	1	1	4
2	15	1	1	4	0	5
2	16	2	2	3	2	2
2	17	4	2	3	3	3
2	18	0	3	1	1	5
2	19	1	2	2	2	3
2	20	1	3	1	1	2
2	21	3	3	1	3	3
2	22	0	2	2	2	3
2	23	2	2	1	1	3
2	24	1	1	0	2	4
2	25	0	1	0	0	-1
2	26	1	2	0	0	3
2	27	0	1	-1	0	0
2	28	4	4	0	0	2
2	29	5	5	6	5	8
2	30	4	5	5	5	4
2	31	4	3	1	4	4
2	32	3	3	3	5	5
2	33	2	4	3	5	6
2	34	3	3	4	3	6
2	35	2	3	3	2	3
2	36	3	2	3	4	5
2	37	7	4	7	3	7
2	38	3	2	4	4	5
2	39	3	3	4	3	5
2	40	3	3	2	2	3
2	41	1	2	0	2	3
2	42	4	3	4	1	5
2	43	3	5	3	3	7
2	44	4	3	3	3	5
2	45	0	3	1	2	4
3	1	0	0	0	3	3
3	2	1	0	0	3	2
3	3	0	0	-1	-1	2
3	4	1	0	1	2	1
3	5	2	0	0	4	3
3	6	-1	1	0	0	2
3	7	-1	0	-1	1	0
3	8	0	1	1	2	1
3	9	0	0	0	0	0
3	10	0	1	0	1	2
3	11	-1	0	-2	2	1
3	12	-2	0	-1	1	0
3	13	-5	-2	-7	-2	-4
3	14	-3	0	-3	0	0
3	15	-2	0	-1	0	2
3	16	0	0	-1	0	0
3	17	0	1	2	2	0
3	18	0	0	-1	2	4
3	19	0	1	0	2	2
3	20	-1	0	0	2	3
3	21	0	1	0	0	1
3	22	-3	0	-3	0	0
3	23	-3	0	-3	1	-2
3	24	-3	0	-5	-1	-1
3	25	-1	1	2	2	0
3	26	-2	-1	-3	1	-1
3	27	2	0	2	1	1
3	28	-2	1	0	2	1
3	29	0	0	1	4	2
3	30	-1	0	0	4	2
3	31	-4	0	-4	-1	-2
3	32	0	0	-2	2	0
3	33	0	1	0	3	2
3	34	1	1	2	3	3
3	35	3	1	4	5	5
3	36	1	2	3	2	2
3	37	0	0	1	4	3
3	38	0	1	0	3	5
3	39	3	1	0	2	4
3	40	0	1	0	3	5
3	41	1	1	2	4	5
3	42	0	0	0	0	2
3	43	-2	0	0	0	0
3	44	-2	0	-4	0	-2
3	45	-1	0	-3	0	0
4	1	4	2	4	3	5
4	2	1	1	0	0	2
4	3	0	2	1	2	4
4	4	3	2	2	3	3
4	5	5	3	7	6	6
4	6	4	2	4	4	6
4	7	1	2	0	1	1
4	8	0	1	0	2	0
4	9	2	3	0	4	6
4	10	2	2	3	3	2
4	11	2	2	4	2	3
4	12	0	2	1	2	5
4	13	4	3	5	3	4
4	14	3	4	6	6	6
4	15	7	5	5	5	9
4	16	7	3	6	4	8
4	17	4	3	3	4	5
4	18	3	4	5	5	5
4	19	2	2	5	2	8
4	20	1	2	1	3	4
4	21	2	2	2	2	4
4	22	2	2	2	2	5
4	23	2	2	4	3	6
4	24	4	3	6	5	6
4	25	4	3	5	4	4
4	26	0	2	1	2	5
4	27	0	1	-1	1	2
4	28	2	3	4	3	5
4	29	2	3	3	3	4
4	30	2	1	0	4	3
4	31	2	1	1	3	2
4	32	1	1	2	2	4
4	33	0	0	0	3	3
4	34	1	0	2	1	2
4	35	1	2	1	2	5
4	36	0	1	1	1	2
4	37	2	2	2	3	5
4	38	-2	0	0	2	0
4	39	1	1	0	3	2
4	40	-1	2	-1	2	1
4	41	-1	1	-2	2	4
4	42	3	3	2	5	4
4	43	4	1	4	1	5
4	44	0	3	1	4	3
4	45	1	2	2	3	3
5	1	0	1	0	1	1
5	2	1	1	0	4	5
5	3	-1	0	-1	2	2
5	4	0	3	3	6	3
5	5	2	2	4	4	5
5	6	-2	0	-1	0	1
5	7	-2	1	1	1	3
5	8	3	1	2	3	4
5	9	2	1	4	4	5
5	10	2	2	4	2	3
5	11	4	2	5	5	5
5	12	-1	1	0	4	3
5	13	1	3	4	4	7
5	14	7	3	6	4	8
5	15	2	1	3	3	4
5	16	1	2	3	3	6
5	17	2	1	6	5	8
5	18	3	3	5	5	6
5	19	0	2	2	5	4
5	20	1	3	2	5	5
5	21	4	2	3	4	6
5	22	1	1	1	2	3
5	23	-1	0	-1	2	1
5	24	1	1	3	3	3
5	25	0	2	2	1	4
5	26	3	3	7	6	9
5	27	3	3	4	4	5
5	28	0	0	0	0	1
5	29	-1	0	-2	0	0
5	30	0	0	0	2	4
5	31	1	2	4	5	3
5	32	0	2	3	4	4
5	33	2	2	4	4	2
5	34	2	0	0	2	3
5	35	2	1	0	2	1
5	36	-1	0	-2	0	1
5	37	-2	0	-2	1	0
5	38	0	0	-1	0	0
5	39	0	1	1	3	1
5	40	5	3	6	8	9
5	41	7	3	5	7	5
5	42	2	2	3	2	2
5	43	0	1	0	2	1
5	44	1	0	2	3	3
5	45	1	2	3	3	3
6	1	0	1	0	0	0
6	2	-1	0	1	2	1
6	3	0	1	1	1	0
6	4	1	1	2	3	2
6	5	0	0	-2	1	1
6	6	1	2	3	1	3
6	7	0	0	0	2	3
6	8	1	1	3	2	4
6	9	1	1	1	3	1
6	10	0	3	5	2	6
6	11	3	3	7	4	8
6	12	1	0	3	2	3
6	13	-1	-1	0	0	1
6	14	-1	1	0	1	2
6	15	-6	-1	-2	-2	-2
6	16	-1	0	-3	-1	-1
6	17	-3	0	-2	0	-2
6	18	-3	0	-3	0	0
6	19	1	0	0	1	2
6	20	0	0	2	3	1
6	21	-1	1	0	2	0
6	22	2	2	3	3	4
6	23	0	0	2	3	2
6	24	-1	1	0	2	0
6	25	0	1	-1	0	1
6	26	-2	1	-1	0	2
6	27	0	1	1	2	4
6	28	-1	2	0	3	2
6	29	0	0	0	0	1
6	30	0	1	1	2	1
6	31	-1	1	-2	1	1
6	32	0	2	2	2	3
6	33	0	0	1	2	3
6	34	2	1	2	3	5
6	35	1	2	2	1	3
6	36	3	4	5	5	8
6	37	0	1	1	3	3
6	38	0	1	0	2	2
6	39	2	3	3	3	3
6	40	-2	1	0	0	1
6	41	0	0	2	3	4
6	42	0	1	1	1	3
6	43	-1	0	-1	0	-2
6	44	-2	0	-1	1	0
6	45	-3	0	-2	-1	-2
7	1	0	1	2	2	1
7	2	1	1	0	1	1
7	3	0	2	0	5	2
7	4	0	1	0	5	3
7	5	2	2	5	5	4
7	6	4	3	2	6	5
7	7	-1	1	0	4	1
7	8	-1	0	-1	2	1
7	9	-1	0	-3	2	0
7	10	1	1	0	4	4
7	11	1	3	0	2	6
7	12	2	3	8	6	8
7	13	3	4	4	4	5
7	14	3	3	3	3	4
7	15	2	3	2	4	6
7	16	0	1	0	2	2
7	17	-1	1	0	3	2
7	18	1	1	2	4	4
7	19	5	3	6	6	5
7	20	2	0	0	1	2
7	21	0	0	0	2	3
7	22	2	2	2	5	3
7	23	1	2	0	5	4
7	24	1	1	0	4	5
7	25	3	3	5	5	4
7	26	3	1	2	5	8
7	27	1	1	2	4	4
7	28	1	2	1	3	4
7	29	1	1	2	3	7
7	30	0	1	2	3	2
7	31	1	1	4	5	6
7	32	0	0	1	3	4
7	33	1	2	0	3	5
7	34	3	1	2	3	2
7	35	0	2	-3	4	2
7	36	1	0	2	4	3
7	37	0	3	0	4	4
7	38	0	1	1	2	2
7	39	0	0	0	4	3
7	40	0	1	2	3	2
7	41	4	2	2	5	4
7	42	1	0	3	5	6
7	43	1	1	2	4	3
7	44	0	1	0	1	2
7	45	0	0	0	4	2
8	1	0	1	0	2	2
8	2	0	1	2	2	3
8	3	-2	2	2	1	4
8	4	5	4	7	5	9
8	5	3	3	5	6	8
8	6	6	4	11	7	11
8	7	4	4	8	7	9
8	8	4	5	7	8	9
8	9	4	4	7	7	7
8	10	4	5	7	6	10
8	11	4	3	6	5	4
8	12	5	3	6	5	7
8	13	4	3	8	8	10
8	14	5	5	7	5	8
8	15	2	2	7	3	6
8	16	0	2	4	5	4
8	17	1	3	5	3	6
8	18	0	3	3	2	5
8	19	2	3	5	6	7
8	20	0	2	2	3	2
8	21	4	3	6	7	6
8	22	0	1	3	2	4
8	23	1	1	1	4	5
8	24	5	3	7	5	5
8	25	5	3	9	7	8
8	26	2	3	6	5	4
8	27	3	3	6	5	5
8	28	4	4	6	6	10
8	29	4	3	6	7	9
8	30	3	4	5	6	6
8	31	2	1	6	3	6
8	32	0	0	0	3	2
8	33	0	1	0	2	4
8	34	2	2	5	4	5
8	35	1	3	4	5	8
8	36	2	2	4	5	7
8	37	3	4	4	6	6
8	38	5	3	8	7	7
8	39	5	3	4	7	8
8	40	4	2	2	4	6
8	41	1	2	4	5	5
8	42	2	3	5	6	7
8	43	4	3	7	6	6
8	44	5	3	7	6	8
8	45	3	2	3	5	7
9	1	2	3	4	2	5
9	2	2	3	6	4	4
9	3	2	2	7	2	4
9	4	4	2	4	2	6
9	5	3	4	6	3	7
9	6	4	2	6	5	7
9	7	0	3	2	2	4
9	8	2	3	2	2	2
9	9	3	3	1	0	3
9	10	0	2	0	0	0
9	11	2	2	4	2	5
9	12	4	4	6	3	7
9	13	4	4	7	4	11
9	14	4	3	6	2	7
9	15	1	3	1	1	4
9	16	7	3	7	4	7
9	17	4	4	6	2	8
9	18	1	3	4	2	6
9	19	1	2	2	2	4
9	20	3	3	5	3	3
9	21	1	3	1	0	4
9	22	2	3	2	1	5
9	23	1	2	0	0	3
9	24	1	2	2	2	5
9	25	3	1	1	1	4
9	26	3	3	4	2	3
9	27	4	3	4	3	4
9	28	3	2	4	1	7
9	29	4	3	4	2	6
9	30	2	2	0	2	4
9	31	1	2	2	1	3
9	32	3	4	6	3	7
9	33	4	3	3	2	7
9	34	5	2	5	4	7
9	35	2	3	5	3	6
9	36	2	2	3	1	2
9	37	2	2	3	0	3
9	38	2	4	3	1	5
9	39	2	2	2	0	2
9	40	1	2	3	2	6
9	41	4	4	7	2	7
9	42	3	3	7	3	6
9	43	3	1	2	1	4
9	44	0	1	0	1	1
9	45	2	2	4	0	3
10	1	1	3	3	4	4
10	2	0	2	2	3	1
10	3	4	3	4	3	5
10	4	1	3	7	2	3
10	5	3	2	5	5	2
10	6	2	2	3	4	3
10	7	3	3	4	4	3
10	8	2	3	5	4	4
10	9	2	1	3	5	3
10	10	1	3	5	3	2
10	11	2	4	6	4	6
10	12	4	2	5	4	5
10	13	4	4	8	4	5
10	14	1	1	4	1	3
10	15	2	4	6	6	6
10	16	4	2	3	4	4
10	17	4	3	4	3	3
10	18	4	4	6	4	5
10	19	0	3	0	0	1
10	20	1	2	2	1	1
10	21	5	3	5	5	5
10	22	3	3	2	3	7
10	23	1	2	5	3	2
10	24	1	3	1	4	5
10	25	0	2	1	2	1
10	26	0	2	4	2	1
10	27	2	2	4	5	4
10	28	5	3	4	2	4
10	29	4	4	5	4	7
10	30	2	2	6	4	4
10	31	4	4	9	5	6
10	32	4	3	5	3	5
10	33	3	4	6	3	2
10	34	1	2	3	3	4
10	35	3	4	5	4	5
10	36	4	4	5	4	6
10	37	1	2	1	2	1
10	38	3	4	4	3	5
10	39	5	3	5	4	5
10	40	6	4	7	4	7
10	41	1	2	4	2	0
10	42	2	4	5	5	3
10	43	3	4	5	5	4
10	44	0	2	2	2	1
10	45	0	2	2	2	1
11	1	0	0	2	1	1
11	2	0	0	2	0	0
11	3	0	1	4	1	2
11	4	-1	0	-3	0	0
11	5	1	1	3	2	4
11	6	5	3	10	5	6
11	7	1	1	4	2	6
11	8	1	1	1	1	3
11	9	3	2	3	3	4
11	10	0	2	4	2	2
11	11	1	0	2	1	3
11	12	2	3	3	2	2
11	13	0	0	0	0	0
11	14	0	1	0	0	5
11	15	3	2	4	4	7
11	16	1	0	4	2	4
11	17	0	1	0	1	3
11	18	0	0	1	2	2
11	19	0	0	3	1	2
11	20	-2	-1	0	0	-1
11	21	1	2	5	0	4
11	22	-3	0	0	0	0
11	23	-1	0	0	1	-1
11	24	0	0	0	1	1
11	25	1	2	3	2	2
11	26	1	2	3	2	4
11	27	2	1	4	1	5
11	28	1	0	4	3	5
11	29	0	0	3	1	4
11	30	3	0	4	4	3
11	31	0	1	0	0	2
11	32	1	1	1	1	1
11	33	-1	1	4	2	1
11	34	0	0	0	1	4
11	35	0	0	1	0	1
11	36	3	2	4	3	4
11	37	0	1	5	1	3
11	38	2	0	3	2	6
11	39	0	0	1	0	0
11	40	-3	0	-2	0	-1
11	41	-1	1	0	0	0
11	42	0	0	0	1	0
11	43	-1	0	0	0	0
11	44	-1	0	2	0	0
11	45	-1	0	-2	-1	1
12	1	3	1	3	5	1
12	2	0	1	0	0	0
12	3	0	0	2	2	1
12	4	-2	0	-4	1	0
12	5	-1	0	-1	0	0
12	6	3	3	7	5	6
12	7	4	4	6	6	6
12	8	3	3	5	3	3
12	9	1	1	2	2	3
12	10	3	2	2	2	5
12	11	0	1	-1	1	1
12	12	2	2	1	2	2
12	13	6	3	8	5	6
12	14	2	2	6	4	5
12	15	2	2	1	0	1
12	16	3	1	3	4	2
12	17	0	2	1	0	1
12	18	3	2	3	2	4
12	19	4	3	2	4	3
12	20	3	1	0	2	0
12	21	2	3	4	3	4
12	22	1	3	3	3	4
12	23	1	1	0	1	1
12	24	0	0	1	1	2
12	25	0	2	2	1	2
12	26	0	1	3	2	2
12	27	0	1	-1	0	0
12	28	1	1	1	1	1
12	29	0	2	0	0	2
12	30	3	3	1	0	2
12	31	1	2	1	2	2
12	32	2	3	5	4	3
12	33	4	3	6	5	5
12	34	3	3	2	2	2
12	35	2	3	3	3	4
12	36	3	4	7	4	6
12	37	2	3	4	1	3
12	38	4	2	2	3	1
12	39	3	2	5	2	4
12	40	0	3	3	3	5
12	41	2	2	4	5	2
12	42	1	1	0	1	0
12	43	0	2	-1	1	4
12	44	2	4	4	3	5
12	45	1	2	2	2	3
13	1	3	1	2	3	6
13	2	3	3	5	4	10
13	3	2	1	0	2	7
13	4	1	1	2	4	5
13	5	2	1	4	1	7
13	6	-1	1	1	0	3
13	7	5	2	4	5	6
13	8	3	1	3	2	6
13	9	2	2	4	2	8
13	10	1	0	1	1	4
13	11	2	0	3	3	6
13	12	3	1	3	2	5
13	13	0	0	0	2	4
13	14	1	1	1	4	6
13	15	2	2	2	2	6
13	16	2	1	3	2	6
13	17	0	0	-1	1	5
13	18	0	0	0	0	3
13	19	4	1	3	3	6
13	20	2	1	2	4	7
13	21	2	1	2	2	4
13	22	1	0	1	1	4
13	23	0	0	-1	3	3
13	24	3	0	1	1	4
13	25	0	1	-1	1	4
13	26	0	1	-2	0	0
13	27	0	0	0	0	2
13	28	2	0	2	2	3
13	29	2	0	2	2	5
13	30	2	2	1	2	6
13	31	2	2	0	1	4
13	32	0	0	-1	0	2
13	33	0	1	-1	1	1
13	34	0	0	0	3	4
13	35	3	1	2	3	7
13	36	1	0	-1	1	5
13	37	0	1	0	2	5
13	38	3	1	3	3	6
13	39	0	0	0	0	2
13	40	0	0	-1	1	2
13	41	2	0	1	2	5
13	42	0	0	0	1	4
13	43	0	0	0	2	2
13	44	1	0	3	3	4
13	45	2	1	3	5	6
14	1	1	3	5	3	3
14	2	0	3	2	3	3
14	3	1	2	0	3	4
14	4	3	2	3	4	4
14	5	-2	1	0	1	2
14	6	1	1	0	3	2
14	7	0	2	0	0	3
14	8	0	1	-1	1	0
14	9	0	1	0	1	1
14	10	2	2	2	3	3
14	11	3	3	4	6	6
14	12	1	2	2	3	4
14	13	2	3	5	5	5
14	14	1	1	4	4	5
14	15	2	1	3	2	3
14	16	4	2	4	3	6
14	17	2	3	2	4	4
14	18	3	4	5	6	7
14	19	0	2	3	3	6
14	20	3	3	4	5	3
14	21	2	2	4	3	5
14	22	0	2	0	2	3
14	23	1	2	2	3	3
14	24	2	2	3	3	2
14	25	3	3	1	4	2
14	26	1	3	5	5	9
14	27	3	3	2	3	4
14	28	4	4	8	6	9
14	29	4	4	5	8	5
14	30	2	2	2	4	4
14	31	3	3	2	3	2
14	32	1	0	0	2	2
14	33	2	2	3	5	3
14	34	2	2	3	3	4
14	35	0	1	1	3	2
14	36	-1	1	0	1	2
14	37	0	1	-1	1	-1
14	38	3	2	1	3	4
14	39	0	2	1	2	3
14	40	3	2	5	5	3
14	41	3	1	3	3	7
14	42	3	1	4	5	7
14	43	2	2	2	3	3
14	44	1	0	3	5	6
14	45	1	3	4	4	5
15	1	0	3	1	3	3
15	2	3	4	3	6	5
15	3	4	5	6	5	7
15	4	2	3	6	6	7
15	5	5	3	7	5	6
15	6	2	2	4	4	4
15	7	2	3	4	6	6
15	8	2	3	4	4	7
15	9	2	4	3	4	4
15	10	2	3	4	5	5
15	11	2	2	3	3	2
15	12	0	2	6	3	4
15	13	2	4	4	5	2
15	14	2	3	2	3	1
15	15	3	1	3	5	3
15	16	1	3	3	5	2
15	17	4	4	6	4	5
15	18	3	4	2	5	6
15	19	2	2	3	3	4
15	20	-2	2	-2	1	0
15	21	2	3	1	2	2
15	22	3	3	4	3	2
15	23	1	3	3	3	3
15	24	4	3	5	7	6
15	25	0	2	2	2	1
15	26	0	2	0	3	3
15	27	1	2	4	5	4
15	28	2	2	6	4	6
15	29	5	3	5	2	2
15	30	-1	2	6	6	4
15	31	-1	2	0	2	1
15	32	0	1	1	2	0
15	33	0	1	1	0	0
15	34	3	3	5	3	3
15	35	3	3	4	4	3
15	36	2	3	4	6	3
15	37	4	2	5	6	5
15	38	4	4	4	6	5
15	39	2	3	3	4	5
15	40	5	3	5	6	3
15	41	5	5	7	7	7
15	42	3	2	3	6	5
15	43	1	2	1	3	2
15	44	1	4	1	2	0
15	45	3	2	4	4	3
16	1	0	1	-2	0	0
16	2	-4	-1	-4	-3	-4
16	3	0	1	0	-1	0
16	4	1	0	0	1	3
16	5	1	2	3	1	3
16	6	1	2	2	1	3
16	7	1	0	2	1	5
16	8	0	3	1	2	5
16	9	1	3	2	2	3
16	10	0	1	1	0	2
16	11	2	1	1	0	5
16	12	0	0	-1	-1	0
16	13	-2	0	-2	0	0
16	14	-1	0	0	-1	1
16	15	0	1	0	2	3
16	16	1	2	4	3	4
16	17	0	1	-1	-1	0
16	18	-1	2	1	0	0
16	19	1	1	0	0	2
16	20	-2	0	-1	0	-1
16	21	-1	0	-1	0	0
16	22	2	1	2	0	1
16	23	0	1	0	0	2
16	24	0	0	-1	0	0
16	25	-1	0	0	0	0
16	26	2	1	2	1	3
16	27	-1	0	1	1	1
16	28	0	0	1	0	2
16	29	0	1	1	2	2
16	30	-1	1	2	0	2
16	31	1	1	2	2	4
16	32	-2	0	0	-1	0
16	33	-1	0	-3	-1	-2
16	34	-1	0	-2	-2	0
16	35	0	1	2	0	2
16	36	2	2	1	0	2
16	37	-3	1	-3	0	0
16	38	-3	0	-3	-2	-2
16	39	0	0	0	1	1
16	40	0	0	0	-2	0
16	41	-1	0	-1	-1	-1
16	42	0	1	-1	0	2
16	43	0	0	-2	-2	1
16	44	0	1	-2	0	3
16	45	4	2	2	0	3
17	1	0	3	0	3	2
17	2	1	1	0	2	1
17	3	1	2	3	3	3
17	4	1	1	1	2	4
17	5	2	3	3	4	5
17	6	2	2	4	5	4
17	7	1	1	4	0	4
17	8	-1	1	0	1	0
17	9	0	2	0	0	0
17	10	1	0	1	3	3
17	11	0	1	2	2	3
17	12	0	2	2	4	2
17	13	1	1	2	0	3
17	14	-1	2	2	3	2
17	15	1	0	3	2	2
17	16	0	1	1	1	0
17	17	0	1	1	2	0
17	18	3	2	2	2	2
17	19	2	2	2	1	6
17	20	1	1	2	1	2
17	21	0	2	1	2	2
17	22	3	4	3	6	6
17	23	4	2	7	5	7
17	24	1	2	2	4	3
17	25	1	2	3	5	5
17	26	2	1	3	2	3
17	27	0	0	0	3	2
17	28	3	3	4	5	6
17	29	0	2	1	2	4
17	30	0	0	-1	2	0
17	31	0	0	3	3	3
17	32	0	1	1	4	4
17	33	1	1	1	2	2
17	34	2	1	0	4	1
17	35	0	2	0	2	1
17	36	0	1	1	0	1
17	37	0	0	0	2	1
17	38	0	0	0	3	1
17	39	0	1	-2	1	-1
17	40	-1	0	0	2	1
17	41	0	2	2	4	2
17	42	3	3	2	6	6
17	43	2	3	5	4	4
17	44	4	4	4	3	3
17	45	5	4	6	5	6
18	1	3	5	8	6	8
18	2	2	4	5	6	7
18	3	1	3	4	7	6
18	4	6	6	7	10	9
18	5	2	3	2	5	4
18	6	2	3	2	3	4
18	7	2	3	2	3	3
18	8	2	3	0	2	2
18	9	-1	0	0	4	1
18	10	1	2	4	3	3
18	11	3	5	6	7	6
18	12	5	4	10	7	6
18	13	3	5	4	4	6
18	14	6	4	6	5	7
18	15	3	3	4	6	5
18	16	4	4	2	6	4
18	17	4	4	5	5	5
18	18	0	2	5	4	5
18	19	5	4	5	6	7
18	20	4	4	6	8	7
18	21	5	3	3	6	7
18	22	0	2	0	2	3
18	23	3	3	4	5	5
18	24	3	2	3	6	6
18	25	3	4	5	7	7
18	26	5	5	8	7	9
18	27	4	4	1	5	6
18	28	3	4	4	6	5
18	29	3	4	2	5	3
18	30	0	4	2	6	5
18	31	6	4	6	6	8
18	32	6	6	4	9	9
18	33	5	4	5	8	8
18	34	2	2	4	3	3
18	35	2	2	2	2	2
18	36	0	3	1	6	3
18	37	4	3	3	5	5
18	38	0	3	1	3	3
18	39	2	2	2	5	3
18	40	3	3	4	5	4
18	41	2	3	3	6	6
18	42	1	3	3	4	4
18	43	1	3	2	3	7
18	44	4	4	6	7	7
18	45	4	5	6	6	7
19	1	0	0	1	0	1
19	2	-4	0	0	0	1
19	3	0	2	1	1	1
19	4	0	0	0	2	2
19	5	1	0	2	1	4
19	6	0	0	1	4	3
19	7	1	3	5	3	5
19	8	-1	1	3	0	4
19	9	1	1	3	4	2
19	10	2	2	6	4	5
19	11	0	2	3	2	5
19	12	1	2	4	3	6
19	13	4	4	6	5	5
19	14	2	3	4	4	4
19	15	0	1	3	4	3
19	16	0	1	1	1	3
19	17	-2	0	0	1	4
19	18	-2	0	3	2	0
19	19	1	1	4	4	3
19	20	1	1	2	4	4
19	21	0	1	6	3	3
19	22	1	1	7	5	5
19	23	3	2	7	7	6
19	24	0	1	1	2	3
19	25	-2	0	-1	3	2
19	26	-1	0	4	3	1
19	27	-2	1	1	2	0
19	28	0	1	3	3	2
19	29	0	2	2	2	3
19	30	0	2	2	4	3
19	31	0	0	2	2	3
19	32	0	1	3	3	4
19	33	0	2	5	4	4
19	34	-1	0	4	1	5
19	35	0	0	0	1	3
19	36	0	1	3	1	4
19	37	-1	0	2	3	4
19	38	0	1	1	1	3
19	39	-2	0	0	1	0
19	40	-1	1	2	3	0
19	41	0	1	3	3	3
19	42	0	2	3	3	3
19	43	-1	0	5	2	3
19	44	1	2	6	5	4
19	45	-1	1	3	2	3
20	1	0	3	4	5	2
20	2	3	4	8	5	7
20	3	3	3	7	4	7
20	4	0	1	3	2	5
20	5	2	4	5	5	6
20	6	5	4	8	8	7
20	7	-1	2	1	3	5
20	8	-1	2	0	3	2
20	9	0	2	4	2	4
20	10	4	3	4	5	7
20	11	0	3	4	4	4
20	12	0	2	3	4	3
20	13	2	2	2	3	5
20	14	0	2	5	4	7
20	15	4	5	4	4	6
20	16	2	4	5	4	7
20	17	2	4	3	5	4
20	18	3	4	5	5	6
20	19	1	2	3	3	6
20	20	0	1	2	5	4
20	21	2	4	4	4	6
20	22	0	2	1	3	4
20	23	0	2	3	2	4
20	24	3	3	3	3	6
20	25	3	2	6	5	5
20	26	0	3	5	5	5
20	27	2	4	1	3	5
20	28	3	4	6	5	7
20	29	5	2	9	7	6
20	30	2	3	5	6	8
20	31	3	4	5	4	6
20	32	2	3	6	3	3
20	33	-1	2	2	2	2
20	34	0	2	1	1	4
20	35	0	3	6	6	6
20	36	1	2	3	3	2
20	37	0	1	2	3	2
20	38	4	1	5	4	7
20	39	1	3	5	4	7
20	40	0	2	2	4	5
20	41	0	2	0	2	2
20	42	0	2	2	5	2
20	43	-3	0	2	1	2
20	44	-1	1	1	2	1
20	45	4	2	7	4	4
21	1	3	4	7	9	8
21	2	2	1	3	4	3
21	3	1	2	3	3	1
21	4	0	1	0	3	0
21	5	0	3	1	4	2
21	6	2	2	4	3	4
21	7	1	0	2	3	3
21	8	4	5	2	5	3
21	9	2	3	5	5	6
21	10	3	3	5	4	2
21	11	5	2	6	4	4
21	12	0	3	2	3	5
21	13	4	4	6	4	5
21	14	0	2	3	2	4
21	15	0	0	-2	0	0
21	16	0	3	3	4	1
21	17	3	3	3	3	1
21	18	2	3	4	3	2
21	19	0	2	4	4	1
21	20	-1	2	-1	2	2
21	21	1	3	5	3	4
21	22	5	3	6	6	7
21	23	6	4	10	8	9
21	24	5	4	6	6	7
21	25	4	4	7	6	6
21	26	5	3	8	7	6
21	27	4	3	4	5	5
21	28	3	4	5	4	3
21	29	2	4	6	5	6
21	30	4	3	5	5	6
21	31	1	2	3	3	3
21	32	1	3	3	3	4
21	33	3	3	5	3	5
21	34	3	4	6	5	4
21	35	3	3	2	4	4
21	36	7	5	7	6	6
21	37	5	3	6	7	5
21	38	3	4	4	5	3
21	39	4	4	5	6	6
21	40	4	4	6	5	6
21	41	4	4	7	4	4
21	42	4	4	7	5	7
21	43	4	4	8	6	6
21	44	3	2	4	5	6
21	45	3	2	3	4	4
22	1	1	3	3	2	4
22	2	2	2	3	3	3
22	3	0	0	0	2	3
22	4	2	3	3	2	3
22	5	1	3	5	1	6
22	6	2	3	2	1	4
22	7	0	1	0	1	1
22	8	-1	1	0	1	1
22	9	-2	0	0	-1	0
22	10	1	2	2	1	5
22	11	1	2	0	3	4
22	12	4	4	8	8	11
22	13	2	3	7	4	6
22	14	6	3	8	7	6
22	15	4	4	7	4	11
22	16	5	5	8	4	8
22	17	2	2	4	2	2
22	18	3	3	5	4	8
22	19	0	0	3	0	2
22	20	-1	2	1	2	2
22	21	3	4	5	3	7
22	22	3	3	6	5	8
22	23	2	4	8	4	6
22	24	2	1	0	2	2
22	25	0	0	1	0	5
22	26	0	1	1	1	2
22	27	2	2	5	3	5
22	28	2	2	2	3	5
22	29	0	2	2	2	5
22	30	0	0	1	1	0
22	31	2	2	1	1	3
22	32	1	3	3	1	3
22	33	0	1	0	1	1
22	34	1	2	1	2	2
22	35	0	2	2	1	4
22	36	0	0	0	2	1
22	37	0	1	1	1	3
22	38	0	1	3	2	5
22	39	0	1	3	2	4
22	40	3	3	6	3	6
22	41	2	1	5	3	4
22	42	2	1	3	3	5
22	43	1	2	4	3	5
22	44	2	3	3	4	5
22	45	2	2	3	3	7
23	1	2	3	2	3	4
23	2	4	4	4	4	7
23	3	5	3	4	4	8
23	4	5	3	4	5	6
23	5	5	3	4	5	6
23	6	5	5	6	6	8
23	7	5	4	8	7	11
23	8	1	3	1	2	3
23	9	7	4	4	4	9
23	10	5	4	3	5	9
23	11	3	2	3	3	5
23	12	3	2	5	5	8
23	13	2	2	5	4	5
23	14	3	4	4	4	4
23	15	0	1	1	2	5
23	16	6	4	6	5	8
23	17	5	5	7	6	9
23	18	5	3	6	4	7
23	19	3	3	5	5	7
23	20	2	3	3	3	4
23	21	5	3	3	3	5
23	22	4	3	5	5	5
23	23	3	3	3	4	3
23	24	2	1	2	3	3
23	25	2	2	2	2	4
23	26	6	5	6	5	8
23	27	5	4	4	6	6
23	28	4	3	3	4	6
23	29	0	0	-1	2	1
23	30	2	3	2	3	3
23	31	1	3	-1	1	2
23	32	3	2	2	3	3
23	33	4	5	2	5	6
23	34	3	3	4	4	4
23	35	8	4	5	5	7
23	36	7	3	6	6	8
23	37	6	5	5	5	8
23	38	7	2	6	3	7
23	39	6	4	5	6	10
23	40	6	5	9	5	11
23	41	6	4	6	7	8
23	42	3	4	3	4	4
23	43	3	3	2	4	4
23	44	3	3	5	4	5
23	45	6	3	5	3	5
24	1	1	2	4	3	3
24	2	3	3	2	4	6
24	3	1	1	1	1	3
24	4	2	3	3	3	5
24	5	3	3	5	3	3
24	6	4	3	5	5	5
24	7	4	3	6	2	5
24	8	1	3	3	3	4
24	9	5	5	10	9	12
24	10	7	5	7	7	9
24	11	4	3	8	4	8
24	12	5	4	6	6	8
24	13	2	2	4	3	4
24	14	2	3	1	3	2
24	15	2	1	2	2	4
24	16	5	2	4	2	3
24	17	3	4	5	4	5
24	18	1	1	0	1	1
24	19	2	3	3	4	3
24	20	2	2	4	3	5
24	21	4	4	6	2	6
24	22	1	1	4	3	3
24	23	1	2	6	4	4
24	24	0	2	3	1	1
24	25	3	3	4	4	4
24	26	2	2	5	2	4
24	27	1	2	0	1	2
24	28	0	4	3	1	3
24	29	2	2	5	3	4
24	30	3	2	6	4	5
24	31	6	4	5	5	6
24	32	5	3	5	5	7
24	33	0	1	0	2	3
24	34	3	2	4	3	4
24	35	4	3	3	4	4
24	36	1	0	0	0	0
24	37	0	2	2	2	1
24	38	3	3	2	3	5
24	39	2	2	2	2	2
24	40	3	2	3	2	6
24	41	2	2	3	3	3
24	42	4	2	5	4	6
24	43	3	2	3	4	5
24	44	2	2	4	4	5
24	45	1	3	6	3	5
25	1	4	5	7	6	4
25	2	2	4	1	4	3
25	3	1	4	2	4	2
25	4	1	3	3	5	3
25	5	4	3	6	5	4
25	6	1	3	-1	2	0
25	7	2	2	1	3	1
25	8	1	2	1	3	2
25	9	4	2	4	3	3
25	10	1	2	0	3	3
25	11	1	4	2	5	4
25	12	1	3	2	3	4
25	13	3	3	2	5	4
25	14	3	5	3	4	2
25	15	3	3	2	6	3
25	16	1	3	2	4	3
25	17	4	3	6	6	4
25	18	1	3	3	3	4
25	19	3	4	4	4	2
25	20	5	4	8	7	5
25	21	3	1	0	2	3
25	22	4	4	3	3	5
25	23	2	3	1	2	0
25	24	3	5	3	5	4
25	25	4	4	5	4	5
25	26	2	3	1	3	0
25	27	4	2	3	5	2
25	28	3	4	3	4	3
25	29	2	4	3	3	0
25	30	2	2	2	3	4
25	31	1	3	2	3	1
25	32	2	2	4	3	2
25	33	4	4	4	5	4
25	34	3	4	6	5	2
25	35	2	4	4	4	3
25	36	3	2	2	3	5
25	37	0	2	-1	3	0
25	38	1	3	1	1	3
25	39	2	1	0	3	2
25	40	3	2	3	2	4
25	41	5	4	4	5	4
25	42	4	4	4	5	5
25	43	1	4	2	3	0
25	44	3	3	1	4	3
25	45	2	3	3	4	3
26	1	3	4	3	6	6
26	2	5	5	9	5	8
26	3	4	5	6	5	9
26	4	2	2	4	4	6
26	5	6	5	9	5	11
26	6	3	4	6	7	8
26	7	10	7	11	8	12
26	8	5	6	8	7	10
26	9	6	6	9	7	9
26	10	6	6	12	8	9
26	11	6	4	7	7	10
26	12	5	5	7	7	6
26	13	0	1	6	3	3
26	14	2	4	4	5	5
26	15	6	5	6	6	8
26	16	4	4	9	3	5
26	17	4	4	10	4	9
26	18	5	5	7	5	9
26	19	0	5	5	2	6
26	20	1	3	4	2	4
26	21	2	2	2	2	7
26	22	3	4	4	5	6
26	23	5	5	9	5	5
26	24	6	7	8	8	13
26	25	3	5	6	7	11
26	26	3	5	4	6	7
26	27	4	4	7	5	6
26	28	1	5	5	5	5
26	29	4	5	6	3	7
26	30	4	5	5	6	7
26	31	1	3	4	3	4
26	32	0	3	4	3	2
26	33	1	2	2	6	4
26	34	4	4	5	4	6
26	35	5	6	9	7	8
26	36	6	5	11	6	9
26	37	4	4	6	7	5
26	38	2	5	8	4	4
26	39	4	4	4	4	7
26	40	2	4	6	5	8
26	41	7	7	12	9	10
26	42	4	4	7	7	7
26	43	6	5	9	7	6
26	44	3	4	5	5	5
26	45	4	5	7	5	8
27	1	4	2	5	4	5
27	2	1	1	5	5	2
27	3	0	1	3	4	5
27	4	1	1	3	4	1
27	5	0	0	1	2	3
27	6	2	1	4	4	3
27	7	1	2	3	4	3
27	8	0	0	2	2	1
27	9	3	1	1	3	6
27	10	1	1	3	4	2
27	11	3	2	5	3	6
27	12	2	3	6	4	4
27	13	0	0	0	1	0
27	14	0	-1	-2	1	1
27	15	1	0	2	2	0
27	16	1	0	0	1	2
27	17	0	0	0	0	0
27	18	0	1	4	5	5
27	19	3	2	7	5	4
27	20	2	0	1	4	4
27	21	1	2	5	4	4
27	22	3	4	6	4	3
27	23	1	1	1	3	1
27	24	-1	0	0	1	1
27	25	0	0	-1	0	0
27	26	-1	0	-1	1	-1
27	27	-1	0	0	0	0
27	28	2	2	6	3	4
27	29	5	2	7	5	7
27	30	1	0	1	2	1
27	31	1	1	1	3	1
27	32	0	0	1	3	3
27	33	0	0	0	1	0
27	34	2	1	4	4	4
27	35	4	1	3	4	4
27	36	4	2	6	6	6
27	37	2	2	1	3	3
27	38	0	0	1	2	1
27	39	1	1	3	3	1
27	40	4	2	4	4	2
27	41	3	1	7	5	5
27	42	4	1	4	3	5
27	43	7	1	7	6	4
27	44	2	0	3	3	4
27	45	0	0	0	3	3
28	1	1	3	2	1	4
28	2	0	2	0	1	2
28	3	2	2	2	1	3
28	4	-1	1	2	0	2
28	5	0	2	1	2	2
28	6	2	3	5	4	3
28	7	1	1	4	3	3
28	8	3	2	4	4	4
28	9	0	3	4	3	1
28	10	2	3	4	5	5
28	11	0	0	0	3	1
28	12	2	3	2	4	3
28	13	2	2	0	4	3
28	14	0	2	5	6	5
28	15	2	2	4	4	4
28	16	2	2	2	4	5
28	17	0	0	2	3	3
28	18	1	2	-1	2	3
28	19	1	1	1	2	2
28	20	-1	1	0	0	3
28	21	0	0	0	0	0
28	22	0	1	0	2	3
28	23	2	0	4	4	4
28	24	0	2	1	1	5
28	25	2	2	4	2	4
28	26	-3	1	-1	0	0
28	27	0	0	1	1	1
28	28	0	1	-1	2	1
28	29	0	1	1	2	2
28	30	0	2	2	3	3
28	31	-1	0	0	2	1
28	32	-2	0	0	0	-3
28	33	-1	1	0	1	1
28	34	1	3	1	4	2
28	35	0	4	5	4	4
28	36	0	0	0	0	2
28	37	0	1	-1	0	2
28	38	0	2	2	1	3
28	39	-1	1	0	0	0
28	40	1	2	3	4	5
28	41	1	2	2	5	6
28	42	5	4	8	6	7
28	43	2	2	3	2	7
28	44	2	3	6	4	4
28	45	0	3	0	4	3
29	1	4	2	5	5	6
29	2	1	2	2	2	4
29	3	1	2	3	2	4
29	4	2	1	4	3	4
29	5	4	4	6	5	9
29	6	3	3	6	5	6
29	7	3	4	7	4	7
29	8	5	3	8	4	7
29	9	4	2	5	3	7
29	10	2	2	6	3	7
29	11	3	2	2	3	5
29	12	1	3	3	3	5
29	13	0	0	4	1	4
29	14	1	4	4	4	3
29	15	3	3	6	3	5
29	16	5	5	9	7	7
29	17	4	3	8	6	9
29	18	3	3	7	4	7
29	19	5	3	9	6	9
29	20	4	1	5	5	7
29	21	2	3	7	4	5
29	22	5	3	7	5	6
29	23	2	3	4	3	5
29	24	3	4	4	4	6
29	25	2	2	0	2	3
29	26	3	3	2	2	4
29	27	3	2	4	2	2
29	28	2	3	2	2	6
29	29	3	4	5	5	4
29	30	0	0	-1	0	3
29	31	0	1	0	0	1
29	32	2	3	3	2	3
29	33	4	1	2	2	3
29	34	2	4	6	3	6
29	35	6	4	5	6	7
29	36	0	0	4	3	4
29	37	3	3	4	5	5
29	38	2	2	10	5	7
29	39	0	2	3	3	4
29	40	3	2	6	3	5
29	41	3	3	4	2	4
29	42	4	2	3	2	3
29	43	2	2	4	4	5
29	44	1	0	1	1	2
29	45	1	1	1	2	4
30	1	-2	0	0	2	0
30	2	2	2	3	5	3
30	3	2	2	5	3	7
30	4	0	1	1	2	4
30	5	0	1	0	1	1
30	6	1	1	4	2	3
30	7	-2	0	-3	0	1
30	8	1	0	1	2	2
30	9	-3	0	-2	1	-1
30	10	-3	0	0	0	0
30	11	0	1	0	2	0
30	12	0	2	3	3	4
30	13	0	2	1	3	1
30	14	1	2	4	3	3
30	15	0	1	2	1	2
30	16	-1	0	-1	0	0
30	17	0	0	2	2	4
30	18	-1	2	0	1	0
30	19	-1	2	1	2	0
30	20	0	1	2	2	3
30	21	0	0	-2	3	0
30	22	-3	0	0	2	2
30	23	0	0	-2	2	0
30	24	4	3	7	3	4
30	25	-1	2	2	2	2
30	26	1	0	2	2	2
30	27	0	0	2	1	2
30	28	0	1	4	3	4
30	29	0	0	2	2	1
30	30	-1	2	1	2	3
30	31	0	0	3	4	4
30	32	1	0	0	0	1
30	33	-1	1	0	1	2
30	34	-1	0	-1	1	-1
30	35	-1	0	-3	0	-1
30	36	0	1	0	1	2
30	37	3	2	3	4	4
30	38	0	1	1	2	0
30	39	0	1	0	2	2
30	40	0	1	4	2	2
30	41	0	1	2	4	2
30	42	0	0	2	3	2
30	43	2	1	4	5	4
30	44	1	2	3	3	4
30	45	0	1	-1	0	0
31	1	3	2	4	2	3
31	2	1	1	2	2	4
31	3	5	2	7	2	4
31	4	4	3	4	3	6
31	5	6	3	6	3	4
31	6	2	2	1	2	1
31	7	1	2	2	2	1
31	8	2	1	0	0	2
31	9	0	2	0	0	0
31	10	2	3	3	2	2
31	11	5	5	3	2	6
31	12	1	1	3	0	2
31	13	5	2	5	2	3
31	14	3	2	5	3	3
31	15	3	1	0	3	2
31	16	0	1	0	1	0
31	17	1	2	1	0	2
31	18	0	1	1	0	3
31	19	2	2	3	3	2
31	20	1	3	0	1	0
31	21	0	2	4	0	1
31	22	1	2	2	1	1
31	23	5	3	3	3	3
31	24	-1	2	-1	0	1
31	25	3	3	0	0	1
31	26	2	1	0	0	2
31	27	1	1	1	0	0
31	28	0	3	1	1	2
31	29	1	2	1	2	3
31	30	5	4	5	5	5
31	31	5	3	6	4	6
31	32	5	4	7	2	7
31	33	1	2	0	0	3
31	34	3	2	4	2	2
31	35	4	3	4	4	4
31	36	1	3	1	0	5
31	37	1	2	5	1	1
31	38	2	1	3	1	1
31	39	3	3	3	4	4
31	40	4	2	2	2	3
31	41	2	2	1	0	1
31	42	4	4	7	5	5
31	43	3	2	4	0	4
31	44	3	3	6	4	4
31	45	2	4	4	3	4
32	1	2	1	3	2	4
32	2	-1	1	1	2	0
32	3	1	2	4	4	3
32	4	1	1	1	2	3
32	5	0	1	0	2	0
32	6	1	1	3	5	3
32	7	3	2	3	3	3
32	8	6	4	6	4	7
32	9	3	2	4	5	5
32	10	3	3	2	4	3
32	11	2	2	1	2	4
32	12	2	2	0	4	3
32	13	0	1	-2	2	1
32	14	1	2	0	3	0
32	15	3	3	1	4	4
32	16	0	2	1	5	4
32	17	2	2	0	3	3
32	18	1	2	1	1	2
32	19	2	3	1	4	3
32	20	5	4	6	6	6
32	21	4	3	5	6	5
32	22	2	2	2	4	4
32	23	6	4	5	6	4
32	24	3	1	5	5	4
32	25	0	1	0	2	1
32	26	0	2	-1	1	0
32	27	0	2	2	2	3
32	28	5	3	3	5	6
32	29	2	2	1	2	2
32	30	4	3	2	3	5
32	31	3	3	2	4	4
32	32	4	3	6	5	8
32	33	4	3	4	5	3
32	34	2	3	3	2	5
32	35	3	2	2	2	6
32	36	4	3	4	5	5
32	37	3	3	2	3	5
32	38	1	3	3	2	5
32	39	-1	2	1	1	2
32	40	4	1	0	3	2
32	41	0	1	-1	3	0
32	42	0	1	0	2	0
32	43	2	2	-2	1	2
32	44	1	2	1	2	1
32	45	3	2	1	2	2
33	1	0	0	0	0	1
33	2	0	0	0	3	1
33	3	-1	0	-1	0	-2
33	4	0	1	-1	1	2
33	5	1	1	1	3	3
33	6	0	0	0	1	1
33	7	0	0	1	2	3
33	8	0	1	1	2	3
33	9	0	1	1	2	1
33	10	3	2	1	2	2
33	11	2	0	2	1	4
33	12	0	1	-2	2	-1
33	13	1	1	1	1	2
33	14	-1	-1	-2	1	1
33	15	0	2	1	2	1
33	16	0	1	2	3	4
33	17	-1	0	0	2	3
33	18	2	1	3	2	6
33	19	2	3	2	2	2
33	20	2	1	3	2	2
33	21	1	1	1	2	0
33	22	-1	0	-1	1	0
33	23	2	1	0	3	2
33	24	0	1	-1	0	0
33	25	-1	0	-4	0	0
33	26	-2	0	-1	1	0
33	27	-2	0	-3	1	0
33	28	-3	0	-3	0	1
33	29	0	1	0	2	1
33	30	-2	-1	-5	1	-1
33	31	0	1	0	2	0
33	32	-2	0	-3	0	0
33	33	1	0	0	1	0
33	34	-1	0	-3	1	1
33	35	2	2	0	2	1
33	36	-2	0	1	0	1
33	37	1	1	2	2	2
33	38	0	1	4	4	3
33	39	0	0	-1	0	1
33	40	0	0	0	1	1
33	41	0	1	0	1	2
33	42	4	1	4	3	7
33	43	4	2	3	3	5
33	44	2	1	6	4	3
33	45	1	2	2	3	3
34	1	0	1	4	2	4
34	2	-1	2	5	2	2
34	3	1	2	6	4	6
34	4	2	4	7	4	5
34	5	0	2	2	4	5
34	6	-1	3	2	3	0
34	7	0	0	0	0	1
34	8	-2	0	-1	0	0
34	9	-2	0	2	0	0
34	10	0	1	2	1	4
34	11	-1	1	2	2	1
34	12	-1	2	5	2	4
34	13	0	3	2	2	3
34	14	0	1	0	0	1
34	15	-3	1	1	0	0
34	16	0	1	2	2	3
34	17	0	2	4	5	5
34	18	1	3	5	3	6
34	19	0	0	1	3	2
34	20	0	1	1	0	3
34	21	-3	0	-2	0	0
34	22	-3	0	0	2	1
34	23	0	1	2	1	2
34	24	0	0	1	3	2
34	25	-1	1	1	2	0
34	26	-2	1	-2	0	0
34	27	-2	0	-2	1	0
34	28	-2	0	1	1	2
34	29	0	2	4	3	5
34	30	0	3	4	3	5
34	31	-1	1	1	1	1
34	32	1	2	3	1	1
34	33	0	0	0	2	0
34	34	0	2	0	2	2
34	35	0	1	0	1	2
34	36	-5	0	-2	0	0
34	37	0	3	5	2	3
34	38	0	2	0	3	2
34	39	1	1	2	3	1
34	40	1	2	4	3	5
34	41	0	1	4	2	2
34	42	-2	2	1	0	1
34	43	-1	0	0	1	0
34	44	0	0	0	1	1
34	45	-2	1	2	3	5
35	1	1	2	5	5	8
35	2	0	1	2	2	2
35	3	0	0	0	1	4
35	4	-1	0	0	0	3
35	5	0	0	0	1	5
35	6	1	1	3	3	5
35	7	-1	0	-1	2	2
35	8	-2	0	0	1	2
35	9	0	0	3	2	4
35	10	-5	0	-3	-1	0
35	11	0	0	0	2	1
35	12	-1	0	-1	2	3
35	13	-1	0	0	1	2
35	14	0	0	2	1	2
35	15	0	0	2	3	5
35	16	0	2	-1	1	1
35	17	-4	0	-3	0	0
35	18	-1	0	0	2	2
35	19	-2	0	1	3	1
35	20	-1	0	0	0	4
35	21	0	0	3	1	3
35	22	2	2	4	4	6
35	23	2	1	5	5	6
35	24	1	1	2	3	2
35	25	1	1	2	2	5
35	26	1	1	1	3	4
35	27	0	0	0	3	1
35	28	-1	1	0	0	4
35	29	0	2	6	5	8
35	30	0	0	2	3	3
35	31	2	1	7	4	8
35	32	-1	1	2	2	4
35	33	0	0	4	3	5
35	34	2	1	5	6	9
35	35	0	0	0	0	1
35	36	-1	0	2	2	3
35	37	-3	0	-1	2	1
35	38	0	1	2	2	4
35	39	1	2	3	4	3
35	40	-1	1	3	3	5
35	41	-1	0	1	3	3
35	42	-1	0	0	2	1
35	43	0	0	0	2	1
35	44	0	2	2	1	5
35	45	-3	0	-1	0	1
36	1	1	3	3	5	2
36	2	0	2	-2	1	0
36	3	0	3	-1	3	1
36	4	1	1	1	4	1
36	5	0	1	0	3	1
36	6	0	1	0	2	1
36	7	-1	0	-1	2	0
36	8	-1	1	-5	0	-1
36	9	-2	0	-4	1	-2
36	10	0	0	-1	1	0
36	11	2	3	1	4	2
36	12	-1	2	2	3	0
36	13	2	1	0	3	2
36	14	4	0	3	6	4
36	15	0	1	0	2	-1
36	16	0	2	0	3	3
36	17	1	2	0	4	1
36	18	6	2	2	4	2
36	19	2	3	1	5	3
36	20	2	4	6	7	3
36	21	4	2	4	6	4
36	22	4	4	4	5	5
36	23	4	2	2	6	5
36	24	0	3	0	4	2
36	25	0	2	-1	2	0
36	26	1	1	2	4	3
36	27	0	1	-2	2	0
36	28	0	1	-3	1	-2
36	29	-1	0	-3	1	-1
36	30	-1	2	-1	2	1
36	31	1	2	0	3	2
36	32	0	1	0	3	3
36	33	3	4	2	6	4
36	34	0	1	0	3	2
36	35	0	1	1	4	3
36	36	-1	1	0	2	0
36	37	1	2	-1	3	2
36	38	0	0	-2	3	1
36	39	0	1	-1	4	2
36	40	0	1	0	2	0
36	41	1	1	-2	4	2
36	42	1	1	1	3	2
36	43	0	2	0	1	2
36	44	0	0	1	3	0
36	45	-1	1	2	4	4
37	1	2	1	4	3	3
37	2	3	1	0	5	5
37	3	1	1	4	4	6
37	4	-4	0	0	1	2
37	5	-1	0	-1	2	1
37	6	2	0	-1	3	4
37	7	1	0	1	1	4
37	8	1	0	0	2	5
37	9	1	0	0	3	4
37	10	-2	-1	0	1	0
37	11	0	0	0	0	2
37	12	3	1	1	3	5
37	13	3	2	4	3	4
37	14	-2	0	-2	1	0
37	15	0	0	0	2	3
37	16	1	0	-1	2	3
37	17	0	0	0	1	3
37	18	0	0	0	3	0
37	19	1	1	0	3	5
37	20	2	1	0	4	5
37	21	2	1	1	5	5
37	22	2	2	2	3	7
37	23	5	3	8	6	7
37	24	5	3	6	6	8
37	25	3	2	4	6	9
37	26	1	1	0	1	4
37	27	0	1	1	2	3
37	28	0	2	0	2	2
37	29	0	0	4	7	4
37	30	-2	0	-1	0	1
37	31	-2	1	-1	0	1
37	32	2	2	0	4	4
37	33	3	1	5	3	5
37	34	4	0	3	3	6
37	35	4	3	4	5	6
37	36	3	2	5	5	9
37	37	3	2	5	4	4
37	38	0	2	5	4	6
37	39	2	2	5	3	6
37	40	3	1	3	4	7
37	41	1	2	4	3	7
37	42	2	1	4	4	4
37	43	0	1	2	2	3
37	44	2	2	3	2	2
37	45	2	2	2	5	5
38	1	2	3	2	4	2
38	2	3	3	5	5	3
38	3	3	2	3	3	5
38	4	0	1	3	3	3
38	5	1	2	2	1	3
38	6	2	3	2	3	2
38	7	4	3	7	6	6
38	8	5	2	3	3	4
38	9	2	1	-2	2	1
38	10	2	1	5	3	3
38	11	2	3	4	3	4
38	12	4	3	2	4	6
38	13	2	2	3	2	3
38	14	4	3	5	5	4
38	15	5	4	6	5	7
38	16	6	5	6	5	8
38	17	1	3	6	3	6
38	18	3	3	3	3	5
38	19	4	3	6	3	2
38	20	3	2	2	4	2
38	21	3	1	-1	3	3
38	22	2	3	1	1	1
38	23	4	3	5	2	3
38	24	3	1	3	3	3
38	25	2	1	-1	4	1
38	26	1	1	0	1	1
38	27	1	1	0	0	1
38	28	0	1	1	1	2
38	29	1	3	2	2	4
38	30	1	2	2	2	2
38	31	3	3	2	2	4
38	32	4	2	4	6	6
38	33	3	3	1	3	1
38	34	0	1	1	2	0
38	35	0	2	0	2	0
38	36	1	2	2	3	0
38	37	1	2	2	2	3
38	38	3	2	2	1	3
38	39	0	1	2	1	2
38	40	0	1	1	0	1
38	41	5	3	5	5	5
38	42	7	5	10	8	9
38	43	4	3	10	4	9
38	44	2	1	3	4	4
38	45	4	3	4	5	2
39	1	2	3	1	2	2
39	2	2	4	5	5	5
39	3	3	3	3	2	3
39	4	3	3	6	3	0
39	5	1	3	4	1	3
39	6	4	3	4	2	2
39	7	5	5	8	6	5
39	8	5	5	7	3	4
39	9	2	5	5	3	1
39	10	3	4	5	3	4
39	11	2	4	1	2	3
39	12	2	2	1	2	3
39	13	3	3	2	3	0
39	14	3	5	4	4	4
39	15	0	1	0	0	2
39	16	2	3	3	4	3
39	17	4	3	4	5	5
39	18	2	4	5	3	3
39	19	3	4	1	2	1
39	20	1	4	1	3	0
39	21	6	4	3	3	3
39	22	4	3	5	4	3
39	23	4	3	3	2	3
39	24	5	6	7	6	7
39	25	7	4	5	4	5
39	26	6	4	8	4	5
39	27	1	4	3	4	2
39	28	4	5	3	4	4
39	29	3	3	5	5	5
39	30	2	4	4	2	2
39	31	1	3	1	2	1
39	32	-1	4	0	0	2
39	33	0	1	1	2	1
39	34	1	4	4	2	2
39	35	0	3	0	2	1
39	36	0	4	0	3	-1
39	37	3	3	5	3	0
39	38	0	2	3	1	2
39	39	2	2	2	3	1
39	40	2	5	4	4	4
39	41	4	5	6	5	5
39	42	4	3	6	3	2
39	43	2	4	4	5	4
39	44	2	4	4	3	4
39	45	5	6	7	5	4
40	1	3	1	3	4	5
40	2	0	1	3	3	4
40	3	2	2	3	5	5
40	4	2	2	5	4	5
40	5	5	3	8	6	7
40	6	5	4	8	7	10
40	7	3	2	6	6	5
40	8	4	3	7	6	7
40	9	2	2	4	5	4
40	10	2	2	1	3	6
40	11	2	2	4	4	6
40	12	2	1	6	5	6
40	13	2	3	4	5	7
40	14	0	2	3	4	4
40	15	0	0	-2	3	1
40	16	0	1	0	2	2
40	17	-1	0	-2	1	1
40	18	-1	1	-1	2	2
40	19	0	1	0	3	3
40	20	0	2	0	2	1
40	21	2	4	3	4	6
40	22	1	2	6	2	6
40	23	1	1	4	3	5
40	24	2	3	5	5	5
40	25	1	2	2	4	7
40	26	0	1	2	6	7
40	27	3	1	5	3	5
40	28	0	1	3	5	3
40	29	1	1	1	3	4
40	30	3	3	2	2	8
40	31	1	1	2	5	3
40	32	3	3	4	4	7
40	33	0	3	4	3	6
40	34	0	1	2	2	3
40	35	3	4	6	6	8
40	36	4	4	7	6	9
40	37	2	3	5	6	7
40	38	0	0	0	3	3
40	39	3	1	4	4	5
40	40	0	1	0	4	3
40	41	1	2	4	4	4
40	42	3	2	5	6	5
40	43	4	4	7	7	9
40	44	1	2	2	4	6
40	45	1	2	1	4	5
41	1	3	3	2	3	4
41	2	1	1	3	2	2
41	3	2	4	5	4	3
41	4	2	3	3	7	4
41	5	5	4	5	4	6
41	6	1	3	2	4	1
41	7	2	3	2	4	1
41	8	0	2	1	3	4
41	9	2	2	2	4	3
41	10	2	4	3	3	3
41	11	4	4	6	3	6
41	12	3	2	2	3	3
41	13	3	3	3	3	4
41	14	3	4	4	4	4
41	15	4	4	5	7	7
41	16	4	5	6	4	4
41	17	4	4	6	4	8
41	18	2	4	2	2	2
41	19	2	2	3	2	3
41	20	0	2	0	2	2
41	21	0	1	-2	0	1
41	22	-3	1	0	2	-1
41	23	1	2	0	3	0
41	24	0	3	0	3	0
41	25	2	4	3	4	2
41	26	0	4	4	4	5
41	27	0	2	1	2	1
41	28	0	3	3	3	2
41	29	2	2	0	3	4
41	30	3	2	4	5	3
41	31	3	4	2	4	3
41	32	2	4	1	5	3
41	33	4	3	5	4	4
41	34	5	3	4	7	5
41	35	3	3	4	3	5
41	36	4	6	6	7	6
41	37	5	5	5	6	6
41	38	2	3	4	5	3
41	39	2	4	4	6	4
41	40	3	4	5	6	6
41	41	4	3	5	5	6
41	42	0	4	2	2	1
41	43	-1	1	-1	0	0
41	44	0	2	0	1	0
41	45	0	3	2	1	2
42	1	1	1	3	4	3
42	2	1	1	2	4	4
42	3	3	1	5	4	6
42	4	5	5	9	7	10
42	5	3	3	6	5	4
42	6	4	3	5	4	8
42	7	3	3	4	2	5
42	8	1	3	6	5	5
42	9	5	3	7	5	6
42	10	4	4	8	5	5
42	11	3	4	5	6	3
42	12	1	1	4	2	4
42	13	1	2	4	3	3
42	14	0	2	0	2	2
42	15	1	0	1	1	2
42	16	0	3	3	4	2
42	17	0	1	0	3	1
42	18	0	1	1	2	4
42	19	0	2	1	3	3
42	20	2	3	4	5	5
42	21	4	4	7	5	7
42	22	4	3	3	5	6
42	23	1	1	3	3	4
42	24	0	2	2	3	4
42	25	1	1	4	3	2
42	26	2	3	3	3	7
42	27	1	4	2	4	6
42	28	1	3	2	3	2
42	29	1	2	2	3	3
42	30	-1	2	1	3	1
42	31	3	3	3	5	4
42	32	3	3	6	5	6
42	33	1	2	4	6	6
42	34	1	1	2	2	1
42	35	2	2	2	5	5
42	36	1	3	4	4	4
42	37	2	2	1	4	5
42	38	2	4	5	5	3
42	39	2	3	3	5	3
42	40	0	2	2	3	3
42	41	1	3	4	4	2
42	42	0	1	3	5	5
42	43	3	2	4	4	3
42	44	4	2	8	6	6
42	45	2	4	3	3	4
43	1	4	3	7	4	6
43	2	4	4	5	5	8
43	3	6	5	10	7	9
43	4	5	3	7	4	7
43	5	1	3	3	4	3
43	6	2	2	1	2	4
43	7	2	2	3	3	7
43	8	5	4	8	6	10
43	9	3	3	6	2	7
43	10	3	2	7	3	6
43	11	4	2	3	3	6
43	12	6	3	8	5	10
43	13	4	3	7	4	4
43	14	3	2	6	3	6
43	15	4	4	8	5	9
43	16	2	3	3	1	4
43	17	0	0	1	0	2
43	18	3	2	4	3	6
43	19	0	1	0	2	3
43	20	0	3	2	3	5
43	21	0	2	-1	0	3
43	22	0	2	0	2	1
43	23	0	2	3	3	4
43	24	1	3	4	2	5
43	25	2	2	5	3	6
43	26	3	4	7	5	10
43	27	4	3	8	4	9
43	28	5	4	6	5	7
43	29	5	5	7	6	10
43	30	3	4	6	4	8
43	31	2	2	6	3	5
43	32	0	2	3	1	3
43	33	1	2	1	2	4
43	34	1	2	3	1	5
43	35	3	1	6	2	6
43	36	3	4	8	4	8
43	37	4	3	5	1	6
43	38	3	3	4	3	7
43	39	3	2	3	3	4
43	40	1	1	4	1	3
43	41	4	5	4	3	8
43	42	-1	2	0	1	2
43	43	0	2	2	1	3
43	44	1	1	2	1	3
43	45	1	1	3	0	5
44	1	-2	-2	-2	0	0
44	2	-2	0	1	1	1
44	3	0	0	0	1	1
44	4	-1	-1	3	0	3
44	5	0	0	-1	1	0
44	6	-3	0	0	0	0
44	7	0	0	-1	1	0
44	8	-2	-1	-3	0	0
44	9	-4	-1	-2	-1	0
44	10	-1	0	-1	1	3
44	11	0	0	2	4	3
44	12	1	0	3	4	3
44	13	4	1	5	4	6
44	14	1	1	4	5	4
44	15	-2	0	1	1	3
44	16	-1	0	1	1	3
44	17	-2	0	-1	1	3
44	18	-2	0	-1	0	0
44	19	-3	0	0	2	0
44	20	-1	-1	-1	1	1
44	21	-2	0	-1	0	0
44	22	-4	-1	-3	0	0
44	23	0	0	1	1	2
44	24	-2	0	0	1	3
44	25	1	0	3	4	6
44	26	0	1	4	4	6
44	27	-3	-1	-3	3	0
44	28	-3	-1	-3	0	1
44	29	-2	0	-2	0	0
44	30	0	0	0	1	3
44	31	-3	-1	-1	0	1
44	32	0	0	1	3	2
44	33	-4	-1	-1	1	-2
44	34	-1	0	3	0	3
44	35	0	0	3	3	4
44	36	2	1	1	4	6
44	37	1	1	2	3	4
44	38	-1	-1	0	1	2
44	39	-1	0	1	1	3
44	40	-2	1	0	3	3
44	41	2	0	2	1	3
44	42	-2	0	2	2	5
44	43	-2	-1	0	1	3
44	44	-3	0	-2	2	3
44	45	1	0	1	1	4
45	1	0	2	3	3	8
45	2	0	0	1	1	3
45	3	0	0	0	3	4
45	4	1	3	1	2	4
45	5	-1	0	2	2	1
45	6	0	1	0	3	2
45	7	-1	0	0	2	4
45	8	-1	0	1	1	3
45	9	-4	0	-1	0	1
45	10	0	0	0	0	4
45	11	-1	0	1	2	4
45	12	1	2	5	3	3
45	13	2	1	5	4	5
45	14	1	1	4	3	3
45	15	1	2	1	4	6
45	16	1	0	3	4	4
45	17	0	0	1	4	6
45	18	0	0	0	1	1
45	19	0	1	0	2	1
45	20	0	0	1	2	3
45	21	-2	1	-1	1	1
45	22	0	0	1	2	3
45	23	-4	0	-3	0	0
45	24	-1	0	-1	2	1
45	25	0	-1	1	3	1
45	26	0	0	3	3	4
45	27	0	0	0	0	2
45	28	-4	0	-4	-1	-1
45	29	0	-1	-2	-1	2
45	30	-1	0	0	2	3
45	31	0	0	1	2	0
45	32	1	1	3	3	5
45	33	3	1	2	4	6
45	34	0	0	3	1	3
45	35	0	0	2	1	3
45	36	-1	0	2	1	2
45	37	0	0	2	2	4
45	38	0	0	2	2	4
45	39	-1	0	0	0	1
45	40	-2	0	1	4	4
45	41	0	0	-3	1	0
45	42	1	3	3	3	3
45	43	-2	0	0	0	1
45	44	0	1	1	1	3
45	45	-1	0	-1	0	1
46	1	5	4	6	5	5
46	2	4	4	4	6	8
46	3	2	2	0	2	2
46	4	3	2	2	3	6
46	5	4	0	3	3	6
46	6	3	2	0	2	2
46	7	3	2	-1	0	4
46	8	3	3	2	4	6
46	9	1	3	4	0	6
46	10	3	3	1	2	2
46	11	4	3	5	4	6
46	12	2	3	4	4	6
46	13	3	3	1	2	6
46	14	1	3	0	3	2
46	15	5	3	3	4	6
46	16	2	4	1	4	5
46	17	1	3	2	2	4
46	18	2	1	-1	2	1
46	19	1	1	0	2	4
46	20	4	4	5	4	6
46	21	4	2	3	4	5
46	22	2	2	1	2	5
46	23	2	2	1	2	4
46	24	3	2	3	4	7
46	25	5	4	5	4	8
46	26	1	2	2	3	2
46	27	5	4	9	6	7
46	28	7	6	7	7	10
46	29	6	5	8	5	9
46	30	5	5	4	4	8
46	31	5	3	7	7	8
46	32	2	2	3	2	1
46	33	2	0	0	1	2
46	34	0	2	0	1	4
46	35	3	1	2	3	6
46	36	3	2	1	3	2
46	37	3	1	3	2	5
46	38	5	3	3	2	4
46	39	0	1	0	2	2
46	40	0	1	-1	0	3
46	41	3	4	2	3	6
46	42	4	2	5	4	5
46	43	4	2	3	4	5
46	44	3	3	3	3	7
46	45	5	4	4	4	6
47	1	0	1	0	3	4
47	2	0	1	2	1	3
47	3	6	3	10	5	7
47	4	2	4	3	4	7
47	5	3	1	4	4	3
47	6	0	0	3	2	2
47	7	0	1	1	1	4
47	8	0	1	3	2	4
47	9	0	1	0	3	2
47	10	-1	0	0	1	0
47	11	0	1	2	1	2
47	12	0	0	0	0	2
47	13	-2	1	0	1	0
47	14	-1	1	1	2	2
47	15	0	2	1	0	0
47	16	0	1	3	3	4
47	17	1	1	1	2	3
47	18	0	3	3	4	7
47	19	0	0	2	3	5
47	20	0	2	3	3	3
47	21	4	1	4	6	6
47	22	0	2	4	4	6
47	23	1	2	4	4	5
47	24	4	3	3	5	6
47	25	3	2	6	5	5
47	26	1	1	4	4	5
47	27	1	2	0	2	7
47	28	1	3	4	4	7
47	29	0	1	3	3	5
47	30	2	2	0	4	4
47	31	6	2	5	6	8
47	32	5	4	6	4	8
47	33	4	3	4	5	6
47	34	5	4	5	5	9
47	35	6	2	8	7	8
47	36	4	5	8	5	10
47	37	5	3	6	4	6
47	38	2	1	4	4	6
47	39	0	1	0	1	3
47	40	3	1	6	6	5
47	41	0	1	2	3	3
47	42	0	1	2	3	5
47	43	2	2	3	6	6
47	44	3	3	3	4	7
47	45	4	1	3	4	8
48	1	1	4	4	5	4
48	2	2	3	1	4	4
48	3	0	2	3	3	4
48	4	3	2	3	6	5
48	5	5	4	8	6	8
48	6	3	4	3	4	5
48	7	4	4	4	6	6
48	8	5	4	3	6	5
48	9	3	2	4	7	4
48	10	0	2	3	4	1
48	11	4	3	2	5	3
48	12	1	1	0	4	1
48	13	2	2	2	5	1
48	14	0	1	0	3	2
48	15	0	0	1	2	3
48	16	0	2	3	4	1
48	17	1	2	3	3	4
48	18	1	2	4	5	2
48	19	2	2	4	6	4
48	20	1	2	4	5	3
48	21	2	3	4	5	3
48	22	0	2	4	2	2
48	23	1	3	0	3	2
48	24	0	2	1	3	0
48	25	1	2	4	5	1
48	26	4	2	3	7	2
48	27	3	2	3	3	4
48	28	2	3	3	6	4
48	29	4	1	3	7	3
48	30	3	3	4	7	4
48	31	6	5	8	6	7
48	32	4	3	2	6	6
48	33	3	2	4	5	4
48	34	5	3	9	7	7
48	35	6	4	9	6	9
48	36	1	3	2	4	1
48	37	2	3	3	3	2
48	38	2	3	3	4	3
48	39	2	3	4	4	3
48	40	0	0	-1	1	0
48	41	0	1	-1	1	0
48	42	0	1	2	3	0
48	43	1	3	2	4	5
48	44	3	3	2	6	5
48	45	0	1	1	3	0
49	1	6	5	6	5	5
49	2	3	5	5	3	4
49	3	6	4	6	5	7
49	4	7	5	10	5	8
49	5	4	2	4	5	5
49	6	5	3	5	5	4
49	7	2	2	1	3	3
49	8	5	4	4	3	3
49	9	0	1	0	2	0
49	10	2	2	2	2	1
49	11	0	3	0	2	0
49	12	1	2	1	6	3
49	13	4	1	3	4	4
49	14	2	3	3	4	3
49	15	1	2	0	2	4
49	16	0	2	-1	2	0
49	17	-1	0	0	2	-2
49	18	1	2	0	3	1
49	19	-1	3	0	1	-1
49	20	0	2	0	3	2
49	21	0	2	3	4	2
49	22	3	2	0	4	1
49	23	4	2	4	4	3
49	24	1	3	0	3	0
49	25	5	4	4	4	4
49	26	0	2	3	4	2
49	27	0	2	1	5	1
49	28	0	0	-1	1	-1
49	29	1	1	0	3	0
49	30	0	2	1	3	0
49	31	0	3	4	3	4
49	32	0	3	2	5	2
49	33	2	1	4	3	3
49	34	4	4	6	7	6
49	35	3	4	7	4	6
49	36	3	3	1	4	3
49	37	1	2	0	2	0
49	38	1	2	0	3	2
49	39	2	2	2	3	2
49	40	1	3	3	3	0
49	41	3	2	3	2	3
49	42	2	2	1	1	1
49	43	0	1	0	2	2
49	44	1	2	-2	1	0
49	45	2	1	1	1	0
50	1	0	1	1	3	5
50	2	2	2	1	4	7
50	3	3	4	3	4	6
50	4	1	2	1	3	6
50	5	0	2	-1	3	2
50	6	1	2	1	2	6
50	7	1	2	3	3	6
50	8	2	3	4	4	5
50	9	2	2	3	3	4
50	10	0	1	2	2	4
50	11	1	2	3	4	2
50	12	0	3	0	2	4
50	13	1	3	3	5	6
50	14	-1	1	0	1	2
50	15	4	4	5	5	6
50	16	1	1	3	3	4
50	17	2	3	3	3	6
50	18	-1	1	0	1	3
50	19	0	0	0	2	1
50	20	2	0	0	4	4
50	21	-1	0	0	1	2
50	22	0	2	0	2	2
50	23	0	0	1	3	2
50	24	-1	1	0	1	2
50	25	2	3	2	1	2
50	26	-1	0	-4	2	0
50	27	1	0	1	3	3
50	28	0	2	6	4	4
50	29	4	3	5	4	5
50	30	1	1	2	2	3
50	31	-2	1	-1	0	1
50	32	0	1	2	3	4
50	33	1	2	5	4	6
50	34	1	2	0	3	4
50	35	0	2	3	2	5
50	36	1	0	0	3	5
50	37	5	3	6	3	6
50	38	0	2	2	3	4
50	39	3	3	6	5	8
50	40	0	1	1	1	4
50	41	1	3	1	2	4
50	42	3	1	1	3	5
50	43	3	3	5	4	6
50	44	1	2	2	4	3
50	45	-1	1	1	1	2
51	1	0	1	5	4	4
51	2	-1	0	0	1	0
51	3	2	2	4	4	6
51	4	5	3	6	6	4
51	5	1	2	4	2	2
51	6	3	3	6	2	5
51	7	1	2	3	4	2
51	8	5	2	4	4	3
51	9	3	2	4	5	4
51	10	5	2	6	5	5
51	11	3	4	5	2	6
51	12	-2	1	0	1	0
51	13	0	0	1	1	1
51	14	-1	0	-3	-2	-3
51	15	0	1	0	0	0
51	16	0	1	2	2	0
51	17	1	2	4	3	2
51	18	0	1	0	2	0
51	19	0	0	0	0	-1
51	20	0	2	1	1	2
51	21	2	2	1	2	0
51	22	1	1	4	4	3
51	23	1	1	0	1	0
51	24	2	2	2	3	0
51	25	1	1	3	3	2
51	26	0	1	0	3	0
51	27	0	1	3	2	2
51	28	3	2	4	2	3
51	29	2	2	4	4	5
51	30	4	3	7	5	7
51	31	2	3	6	5	7
51	32	1	4	7	4	7
51	33	0	2	3	1	1
51	34	0	0	1	1	0
51	35	2	2	5	1	2
51	36	2	1	5	2	0
51	37	0	1	0	0	2
51	38	1	2	1	1	0
51	39	1	1	3	3	3
51	40	1	2	3	2	2
51	41	0	3	2	2	1
51	42	1	1	0	2	1
51	43	0	2	2	2	1
51	44	0	1	1	2	0
51	45	2	3	3	3	3
52	1	1	1	1	4	2
52	2	2	1	0	3	3
52	3	1	1	2	3	3
52	4	2	1	2	3	4
52	5	1	2	0	2	2
52	6	1	0	1	4	1
52	7	1	2	0	3	2
52	8	2	2	0	3	4
52	9	-1	1	0	1	2
52	10	3	0	1	5	2
52	11	1	2	1	4	3
52	12	0	2	0	3	2
52	13	3	1	4	5	0
52	14	7	5	5	5	5
52	15	5	3	6	6	5
52	16	4	3	2	4	5
52	17	5	2	5	5	6
52	18	3	2	3	5	6
52	19	4	3	5	7	5
52	20	7	3	8	6	7
52	21	7	2	5	5	7
52	22	3	1	2	5	2
52	23	1	2	0	4	2
52	24	4	3	6	5	5
52	25	3	3	5	7	8
52	26	5	3	5	6	8
52	27	4	2	3	6	3
52	28	3	1	3	4	4
52	29	7	3	5	3	5
52	30	5	3	6	6	4
52	31	3	2	5	5	6
52	32	4	4	6	5	4
52	33	5	3	3	6	7
52	34	5	3	4	6	7
52	35	2	1	1	5	3
52	36	0	0	0	1	-1
52	37	0	0	1	3	1
52	38	1	1	2	3	3
52	39	2	2	3	4	2
52	40	1	2	1	4	4
52	41	3	3	3	5	3
52	42	2	3	3	5	5
52	43	4	3	3	4	4
52	44	2	2	0	3	2
52	45	-1	0	-4	2	0
53	1	3	2	3	3	5
53	2	5	3	5	4	6
53	3	2	2	5	5	4
53	4	4	3	5	5	4
53	5	3	3	3	3	4
53	6	2	3	3	5	5
53	7	3	3	4	6	7
53	8	4	3	4	4	5
53	9	3	3	2	3	3
53	10	3	2	2	4	2
53	11	0	2	0	2	1
53	12	1	3	3	4	4
53	13	1	2	3	5	4
53	14	4	3	7	5	7
53	15	4	4	3	4	4
53	16	3	3	6	3	5
53	17	4	3	5	4	5
53	18	1	1	0	3	2
53	19	0	0	2	3	4
53	20	2	2	3	3	2
53	21	2	2	4	3	4
53	22	4	4	6	4	8
53	23	5	2	6	6	5
53	24	0	2	2	4	4
53	25	3	2	1	4	3
53	26	2	1	3	3	3
53	27	0	1	1	2	2
53	28	5	2	1	3	4
53	29	4	1	4	4	5
53	30	4	3	7	6	5
53	31	0	2	2	3	4
53	32	2	2	5	4	1
53	33	3	3	6	7	6
53	34	3	3	3	5	6
53	35	3	4	2	5	5
53	36	2	2	2	2	2
53	37	3	1	0	2	1
53	38	1	2	2	3	1
53	39	4	3	3	6	5
53	40	0	2	4	2	5
53	41	4	2	4	2	2
53	42	0	2	1	3	3
53	43	4	1	4	3	3
53	44	1	1	4	4	3
53	45	2	1	1	3	3
54	1	0	0	1	2	4
54	2	-2	0	-1	0	0
54	3	-2	0	-1	2	3
54	4	-2	0	-1	0	2
54	5	0	-1	2	1	3
54	6	0	0	0	0	2
54	7	0	0	0	1	2
54	8	0	1	3	2	4
54	9	2	1	0	1	5
54	10	2	0	2	2	5
54	11	3	1	6	2	5
54	12	2	0	2	3	6
54	13	0	0	0	1	0
54	14	0	0	0	0	2
54	15	0	0	0	1	0
54	16	1	2	6	2	6
54	17	4	1	5	4	5
54	18	-2	0	0	2	0
54	19	-3	0	-3	0	0
54	20	0	0	0	0	0
54	21	-2	0	-1	1	1
54	22	0	1	5	3	4
54	23	4	1	5	5	5
54	24	2	2	4	3	7
54	25	3	0	5	3	7
54	26	-1	1	0	1	1
54	27	-1	0	0	0	2
54	28	1	0	1	2	3
54	29	0	1	2	2	3
54	30	0	0	2	1	4
54	31	0	0	0	2	1
54	32	-1	0	1	1	3
54	33	-3	0	1	0	1
54	34	0	1	3	3	2
54	35	0	0	0	1	1
54	36	2	1	4	3	3
54	37	0	0	0	0	5
54	38	2	2	5	3	3
54	39	3	2	7	6	6
54	40	0	1	2	2	5
54	41	0	-1	0	0	2
54	42	2	1	2	3	4
54	43	0	0	2	1	3
54	44	2	1	3	3	5
54	45	0	-1	-2	2	2
55	1	5	3	6	4	5
55	2	4	3	3	4	6
55	3	3	2	4	3	4
55	4	7	4	7	5	8
55	5	4	4	4	5	5
55	6	6	4	6	4	6
55	7	6	4	5	6	8
55	8	7	4	7	5	8
55	9	4	4	7	5	7
55	10	1	4	3	4	6
55	11	3	3	4	5	6
55	12	3	2	2	3	3
55	13	2	2	4	2	7
55	14	4	3	6	3	7
55	15	4	5	6	4	7
55	16	5	2	5	4	4
55	17	3	2	1	3	8
55	18	5	2	6	4	8
55	19	4	4	5	4	6
55	20	5	2	4	4	8
55	21	7	4	7	5	6
55	22	6	3	4	5	6
55	23	3	3	2	3	6
55	24	4	3	7	5	7
55	25	2	2	4	3	3
55	26	3	3	5	1	4
55	27	3	1	3	2	4
55	28	0	2	1	1	3
55	29	2	0	0	1	4
55	30	5	2	4	5	6
55	31	2	1	1	1	4
55	32	1	1	2	2	3
55	33	2	0	4	3	1
55	34	2	2	0	4	5
55	35	0	3	2	3	3
55	36	1	2	0	2	4
55	37	4	3	3	3	5
55	38	2	3	4	4	7
55	39	3	2	1	3	4
55	40	2	1	2	2	2
55	41	2	2	1	2	5
55	42	5	2	4	4	5
55	43	3	2	3	4	5
55	44	1	3	4	2	3
55	45	4	4	5	5	3
56	1	-3	0	0	0	0
56	2	-3	0	-1	0	0
56	3	0	0	-1	0	0
56	4	-1	0	0	1	0
56	5	-5	0	-1	-1	0
56	6	0	1	-1	-1	2
56	7	-1	1	0	1	1
56	8	-1	0	0	0	0
56	9	0	2	2	4	4
56	10	0	2	2	5	4
56	11	-2	0	0	1	3
56	12	-2	0	-1	0	0
56	13	0	2	2	0	3
56	14	0	1	2	1	3
56	15	0	1	0	1	0
56	16	1	1	3	1	0
56	17	0	1	0	1	2
56	18	0	1	1	1	4
56	19	0	2	2	1	4
56	20	0	3	3	1	2
56	21	-2	0	-2	0	0
56	22	0	1	0	0	1
56	23	0	1	2	2	1
56	24	4	3	3	3	5
56	25	2	3	4	4	6
56	26	0	2	4	3	3
56	27	-2	1	0	2	2
56	28	2	2	4	3	2
56	29	0	1	0	2	2
56	30	-1	1	0	1	-1
56	31	0	2	0	1	2
56	32	2	0	-2	1	0
56	33	0	2	0	1	1
56	34	1	0	1	1	1
56	35	0	1	2	2	2
56	36	0	1	1	0	2
56	37	-1	1	-1	0	0
56	38	1	0	1	0	1
56	39	0	3	1	2	3
56	40	0	1	1	0	4
56	41	-2	0	-3	1	0
56	42	-4	1	0	1	0
56	43	-1	0	-2	0	0
56	44	-6	-1	-3	-1	-2
56	45	-3	-1	-4	0	0
57	1	5	5	4	3	3
57	2	7	7	9	7	8
57	3	6	5	8	6	8
57	4	4	3	4	4	5
57	5	5	3	5	5	6
57	6	1	3	3	4	3
57	7	5	3	5	3	4
57	8	2	3	0	2	3
57	9	3	3	2	4	3
57	10	6	4	5	4	4
57	11	5	3	8	5	9
57	12	2	3	6	3	6
57	13	3	3	6	4	5
57	14	6	5	8	6	6
57	15	6	4	9	5	8
57	16	5	4	8	6	6
57	17	1	2	1	1	3
57	18	1	3	0	0	2
57	19	4	3	2	3	4
57	20	4	5	5	6	6
57	21	6	6	8	5	10
57	22	7	5	9	5	6
57	23	1	4	1	3	4
57	24	3	2	3	4	5
57	25	2	3	4	1	4
57	26	6	5	5	3	6
57	27	7	5	6	4	6
57	28	7	4	7	6	7
57	29	6	3	2	4	3
57	30	5	4	7	6	6
57	31	6	4	5	4	6
57	32	3	3	4	4	6
57	33	6	4	5	6	7
57	34	6	6	7	9	6
57	35	6	3	6	4	7
57	36	3	3	3	2	5
57	37	4	5	7	5	4
57	38	5	4	4	4	5
57	39	6	5	7	6	6
57	40	1	4	3	4	4
57	41	3	4	4	4	4
57	42	4	4	4	6	8
57	43	7	6	7	6	9
57	44	3	3	4	5	3
57	45	3	4	7	6	8
58	1	1	1	0	0	3
58	2	3	2	0	2	3
58	3	2	1	1	3	3
58	4	1	0	0	1	3
58	5	2	1	0	1	3
58	6	0	2	2	4	2
58	7	1	3	2	1	4
58	8	3	1	4	2	4
58	9	0	1	0	1	1
58	10	2	2	3	3	6
58	11	0	0	0	1	3
58	12	0	2	1	1	4
58	13	2	1	1	1	3
58	14	2	2	1	4	5
58	15	2	2	3	3	3
58	16	2	2	3	2	5
58	17	1	0	0	1	5
58	18	0	2	0	3	1
58	19	0	2	1	2	0
58	20	0	0	0	1	1
58	21	0	1	0	0	0
58	22	0	2	0	3	4
58	23	2	2	3	3	6
58	24	3	2	4	1	6
58	25	1	1	1	1	3
58	26	5	2	6	3	5
58	27	3	2	4	4	7
58	28	3	2	6	6	8
58	29	1	1	2	3	3
58	30	4	3	7	3	4
58	31	0	1	0	1	2
58	32	0	1	0	2	3
58	33	0	2	-1	0	0
58	34	0	1	1	1	2
58	35	3	2	1	4	3
58	36	1	1	3	1	2
58	37	1	1	3	3	2
58	38	3	0	2	3	5
58	39	0	1	2	2	4
58	40	-2	0	-1	0	0
58	41	-1	0	0	2	2
58	42	2	2	5	4	4
58	43	2	2	3	4	5
58	44	1	2	1	1	3
58	45	1	0	0	0	3
59	1	1	2	0	4	2
59	2	4	2	2	5	4
59	3	0	2	-1	0	1
59	4	1	1	0	2	2
59	5	0	0	-1	0	0
59	6	3	2	2	4	3
59	7	2	1	1	1	1
59	8	1	1	0	4	2
59	9	0	1	0	2	2
59	10	3	3	0	4	1
59	11	2	1	0	1	3
59	12	4	2	4	4	4
59	13	3	1	0	2	2
59	14	2	3	0	3	2
59	15	3	2	0	3	2
59	16	3	2	1	3	1
59	17	3	3	1	3	2
59	18	0	1	0	2	0
59	19	2	2	0	2	1
59	20	2	2	0	4	3
59	21	6	3	3	5	4
59	22	3	2	2	5	4
59	23	5	3	3	6	5
59	24	2	2	1	2	3
59	25	3	3	3	5	5
59	26	0	1	0	2	1
59	27	0	0	0	2	0
59	28	1	2	0	3	3
59	29	1	1	-2	1	0
59	30	2	3	3	2	5
59	31	1	0	1	3	2
59	32	0	0	-1	2	0
59	33	4	3	2	3	4
59	34	4	2	5	5	6
59	35	2	4	2	4	4
59	36	3	2	4	2	5
59	37	2	2	3	3	2
59	38	1	0	0	2	1
59	39	1	0	-4	0	0
59	40	1	1	-3	1	1
59	41	0	1	-2	0	-2
59	42	0	0	-5	0	0
59	43	2	0	0	2	0
59	44	3	3	3	5	3
59	45	4	2	2	3	2
60	1	0	3	3	1	3
60	2	0	2	2	3	0
60	3	0	0	3	2	1
60	4	3	3	6	4	4
60	5	1	4	4	4	6
60	6	0	3	6	4	6
60	7	-1	2	3	3	2
60	8	-1	3	4	3	4
60	9	0	1	5	5	4
60	10	0	2	3	2	3
60	11	0	3	5	4	4
60	12	0	1	2	0	0
60	13	1	2	4	4	4
60	14	-3	0	0	3	0
60	15	2	3	6	4	4
60	16	1	2	4	3	3
60	17	1	3	4	4	3
60	18	3	1	5	3	4
60	19	0	3	6	5	3
60	20	-2	0	1	3	0
60	21	0	0	2	3	3
60	22	0	1	4	3	2
60	23	-1	0	-3	0	0
60	24	-1	1	2	3	1
60	25	2	2	4	4	2
60	26	0	2	5	4	3
60	27	1	3	3	4	3
60	28	0	2	1	2	4
60	29	0	1	4	2	2
60	30	2	2	6	3	5
60	31	0	4	2	2	2
60	32	1	2	5	4	3
60	33	0	2	2	1	1
60	34	0	1	3	3	2
60	35	2	3	5	4	5
60	36	2	4	4	6	7
60	37	1	1	5	4	4
60	38	1	2	6	5	5
60	39	0	2	2	3	3
60	40	-3	0	0	0	-1
60	41	0	2	2	3	0
60	42	-2	2	4	5	3
60	43	0	2	4	4	2
60	44	0	2	4	5	4
60	45	0	3	8	5	4
61	1	0	2	1	1	1
61	2	3	3	4	3	4
61	3	3	2	3	2	4
61	4	2	3	5	6	4
61	5	3	4	5	5	3
61	6	7	3	7	7	7
61	7	4	2	6	5	4
61	8	3	4	4	5	4
61	9	8	4	7	6	6
61	10	2	1	2	5	4
61	11	1	1	0	3	0
61	12	4	3	5	5	2
61	13	0	1	1	3	1
61	14	3	2	5	4	3
61	15	1	2	0	1	2
61	16	3	2	3	4	5
61	17	1	2	1	2	1
61	18	2	2	2	2	2
61	19	3	3	4	4	2
61	20	1	2	5	4	3
61	21	0	2	0	1	0
61	22	2	1	2	3	3
61	23	1	2	3	3	3
61	24	0	0	0	2	1
61	25	4	2	2	3	3
61	26	2	1	2	2	2
61	27	2	2	4	4	2
61	28	1	0	0	2	2
61	29	0	0	0	2	0
61	30	0	1	2	3	2
61	31	0	0	1	3	1
61	32	3	0	0	2	0
61	33	-2	0	-3	0	-2
61	34	-1	1	1	1	0
61	35	1	3	6	6	5
61	36	3	2	7	4	5
61	37	3	3	5	6	5
61	38	3	3	2	2	2
61	39	2	1	1	2	4
61	40	2	2	3	3	1
61	41	2	1	0	1	1
61	42	0	1	0	2	0
61	43	0	1	0	1	-1
61	44	0	3	2	3	5
61	45	1	1	2	1	2
62	1	2	3	4	4	7
62	2	3	4	6	5	8
62	3	4	3	7	4	10
62	4	3	2	6	6	7
62	5	4	4	10	7	8
62	6	2	3	6	5	7
62	7	1	2	2	3	6
62	8	3	3	3	3	5
62	9	3	2	4	5	6
62	10	2	3	7	4	3
62	11	3	4	7	6	9
62	12	3	3	6	6	5
62	13	0	0	0	3	3
62	14	1	1	5	3	3
62	15	5	3	6	5	6
62	16	1	1	3	3	4
62	17	1	4	5	5	3
62	18	0	2	2	2	4
62	19	2	3	4	5	6
62	20	1	3	5	3	3
62	21	3	4	8	5	6
62	22	0	2	5	3	5
62	23	1	2	3	5	5
62	24	2	1	5	3	5
62	25	3	3	4	4	6
62	26	-1	0	1	3	1
62	27	0	2	0	2	1
62	28	1	3	2	4	4
62	29	0	1	2	4	4
62	30	3	3	3	5	6
62	31	1	2	5	4	4
62	32	0	1	1	2	2
62	33	1	2	4	5	5
62	34	1	2	2	2	4
62	35	0	2	2	4	4
62	36	-1	2	-1	1	3
62	37	-1	1	0	3	2
62	38	3	3	8	7	8
62	39	1	2	2	3	4
62	40	3	3	7	7	8
62	41	4	4	7	6	8
62	42	3	3	5	4	7
62	43	3	3	5	4	8
62	44	2	2	7	5	5
62	45	6	5	9	6	8
63	1	1	1	0	2	6
63	2	3	3	4	5	7
63	3	4	4	5	5	6
63	4	1	2	4	2	5
63	5	0	3	3	3	4
63	6	3	4	6	3	8
63	7	4	2	3	3	3
63	8	0	1	3	4	4
63	9	4	4	7	5	9
63	10	2	3	5	3	7
63	11	4	1	4	3	5
63	12	0	2	5	5	8
63	13	2	2	4	4	6
63	14	0	1	2	2	5
63	15	0	0	0	0	2
63	16	3	2	6	5	7
63	17	0	2	2	1	3
63	18	1	2	-1	2	3
63	19	1	3	6	4	5
63	20	0	1	2	3	4
63	21	1	2	5	2	4
63	22	2	1	6	3	6
63	23	1	1	3	2	4
63	24	0	1	2	1	4
63	25	1	2	3	2	2
63	26	1	1	2	3	3
63	27	2	1	3	2	4
63	28	2	1	4	4	6
63	29	4	3	3	4	5
63	30	0	2	0	3	4
63	31	2	2	3	5	5
63	32	2	2	3	4	6
63	33	0	1	0	1	3
63	34	1	2	0	3	2
63	35	3	2	2	3	5
63	36	2	1	6	5	7
63	37	0	1	1	3	3
63	38	0	1	1	2	3
63	39	0	0	0	1	1
63	40	0	1	-1	1	3
63	41	0	1	3	2	2
63	42	1	2	2	3	5
63	43	2	1	4	3	5
63	44	-1	0	0	0	2
63	45	4	3	4	4	4
64	1	7	5	7	5	3
64	2	6	5	5	4	3
64	3	3	3	2	2	1
64	4	1	3	1	1	0
64	5	4	5	4	3	0
64	6	4	4	6	6	1
64	7	6	5	3	5	3
64	8	2	5	5	3	4
64	9	4	5	9	4	3
64	10	5	5	7	4	5
64	11	7	7	6	4	4
64	12	3	4	0	1	1
64	13	4	4	6	1	2
64	14	2	5	4	3	1
64	15	7	6	6	5	4
64	16	6	5	6	6	4
64	17	4	3	4	3	3
64	18	3	4	4	2	0
64	19	4	4	1	2	1
64	20	0	5	3	2	1
64	21	4	5	6	4	3
64	22	5	5	5	4	4
64	23	3	5	3	3	2
64	24	5	4	6	4	5
64	25	9	6	10	7	6
64	26	5	4	6	5	4
64	27	5	3	4	4	3
64	28	6	3	6	5	2
64	29	4	4	4	3	1
64	30	6	5	5	5	4
64	31	3	5	4	5	3
64	32	4	4	8	3	3
64	33	6	5	5	3	3
64	34	4	3	1	0	-1
64	35	6	5	7	4	2
64	36	5	4	2	4	2
64	37	4	4	5	4	3
64	38	0	2	-2	1	0
64	39	2	3	0	2	0
64	40	2	4	0	1	0
64	41	2	3	1	2	1
64	42	5	5	5	3	0
64	43	4	6	5	4	4
64	44	5	5	6	4	5
64	45	9	5	8	6	4
65	1	4	2	2	1	4
65	2	0	2	-2	0	0
65	3	2	3	2	2	3
65	4	2	2	2	2	5
65	5	1	3	6	2	5
65	6	5	3	4	1	7
65	7	3	3	4	2	4
65	8	3	3	4	1	6
65	9	1	3	2	2	4
65	10	5	5	3	1	6
65	11	1	3	2	1	2
65	12	2	3	3	0	4
65	13	5	6	6	6	8
65	14	3	3	6	3	6
65	15	2	2	1	2	4
65	16	3	2	3	2	2
65	17	2	4	4	2	6
65	18	4	3	6	2	6
65	19	3	4	1	2	5
65	20	3	4	2	2	6
65	21	4	4	4	2	5
65	22	2	2	2	1	3
65	23	0	2	0	1	2
65	24	0	3	3	1	4
65	25	0	2	0	1	3
65	26	7	5	6	4	8
65	27	3	4	5	3	5
65	28	4	3	2	2	3
65	29	2	3	1	3	4
65	30	2	2	0	1	4
65	31	3	2	1	2	4
65	32	5	3	6	3	6
65	33	0	2	4	1	5
65	34	3	5	5	2	6
65	35	4	4	5	2	6
65	36	3	4	4	3	8
65	37	2	4	3	1	4
65	38	4	4	8	5	6
65	39	3	4	7	8	9
65	40	5	3	2	3	6
65	41	2	4	5	4	6
65	42	3	4	5	2	7
65	43	2	3	3	3	4
65	44	1	3	3	2	5
65	45	0	2	-1	-1	2
66	1	2	1	0	3	6
66	2	2	1	2	3	4
66	3	4	2	4	3	6
66	4	6	5	8	5	6
66	5	5	3	4	5	6
66	6	3	1	0	0	4
66	7	0	0	-3	-1	-2
66	8	2	2	3	1	6
66	9	0	1	1	2	4
66	10	2	2	2	3	2
66	11	1	0	1	0	2
66	12	0	0	0	2	3
66	13	0	1	-3	0	1
66	14	3	1	2	2	5
66	15	4	3	5	2	4
66	16	2	3	1	2	3
66	17	1	2	1	2	4
66	18	3	1	2	2	3
66	19	3	2	3	4	3
66	20	3	1	3	0	2
66	21	3	2	4	3	4
66	22	2	0	2	1	3
66	23	2	3	4	2	4
66	24	2	1	2	0	3
66	25	0	2	-1	0	2
66	26	-3	0	-6	-2	-1
66	27	0	0	-3	0	-2
66	28	2	0	0	1	0
66	29	3	2	4	3	3
66	30	6	2	5	5	5
66	31	4	2	4	4	7
66	32	4	2	5	4	7
66	33	1	1	0	1	2
66	34	-1	0	-2	0	1
66	35	0	0	1	0	0
66	36	1	2	0	0	1
66	37	0	2	0	0	0
66	38	1	2	0	0	2
66	39	3	1	0	0	0
66	40	3	2	4	2	3
66	41	1	1	3	2	3
66	42	1	2	0	0	3
66	43	2	0	-1	3	2
66	44	1	1	1	0	2
66	45	2	1	0	3	1
67	1	3	2	4	3	3
67	2	2	2	2	2	2
67	3	4	2	5	4	6
67	4	-1	1	0	0	1
67	5	-2	1	-1	0	-1
67	6	-2	1	-2	0	-1
67	7	1	1	0	2	2
67	8	2	2	4	4	4
67	9	3	2	5	5	3
67	10	2	2	1	1	3
67	11	2	3	5	5	6
67	12	3	2	5	5	6
67	13	1	2	3	3	4
67	14	0	0	1	3	1
67	15	2	2	3	4	3
67	16	1	2	3	3	1
67	17	1	1	2	2	1
67	18	1	2	4	4	3
67	19	6	4	8	6	7
67	20	4	3	8	7	6
67	21	3	1	3	5	4
67	22	4	2	4	5	5
67	23	3	1	3	3	3
67	24	1	2	2	3	2
67	25	0	1	0	0	0
67	26	3	2	5	4	3
67	27	0	1	0	0	1
67	28	3	3	4	5	3
67	29	-1	1	0	1	0
67	30	0	1	0	2	0
67	31	0	1	0	0	1
67	32	1	2	0	2	3
67	33	0	1	0	0	1
67	34	0	1	0	3	1
67	35	0	1	-1	1	1
67	36	1	1	0	2	2
67	37	0	0	-2	0	-1
67	38	1	1	0	0	1
67	39	1	0	3	2	2
67	40	0	1	0	3	2
67	41	1	3	2	4	3
67	42	4	2	3	3	4
67	43	2	2	-1	3	3
67	44	1	1	1	1	3
67	45	0	0	-1	1	0
68	1	1	2	4	5	4
68	2	1	2	2	4	5
68	3	1	1	3	4	2
68	4	2	1	7	4	6
68	5	-1	0	2	3	0
68	6	1	1	2	3	4
68	7	3	2	3	6	5
68	8	3	3	7	7	7
68	9	3	3	5	4	6
68	10	5	2	7	7	6
68	11	2	3	3	7	6
68	12	2	1	6	6	5
68	13	2	4	5	7	6
68	14	1	1	2	5	3
68	15	-1	1	2	2	1
68	16	1	2	1	6	2
68	17	2	3	0	3	2
68	18	0	0	2	1	2
68	19	1	1	0	3	2
68	20	2	1	4	4	3
68	21	4	2	4	5	6
68	22	4	2	6	6	5
68	23	4	2	5	6	6
68	24	2	2	4	5	4
68	25	3	2	3	6	5
68	26	3	2	6	8	5
68	27	4	1	5	5	5
68	28	0	0	0	2	1
68	29	2	1	2	5	2
68	30	0	1	2	4	4
68	31	1	2	5	5	7
68	32	3	2	5	6	5
68	33	3	2	5	6	3
68	34	1	1	5	5	5
68	35	2	2	7	6	5
68	36	1	1	2	5	3
68	37	-1	1	1	3	2
68	38	1	1	2	4	2
68	39	1	0	1	2	3
68	40	2	3	4	5	4
68	41	0	1	5	5	3
68	42	3	2	5	7	7
68	43	3	3	8	6	8
68	44	3	2	4	5	5
68	45	2	1	3	6	6
69	1	0	1	1	0	1
69	2	3	1	2	4	2
69	3	0	0	2	2	0
69	4	1	2	-1	2	1
69	5	0	0	2	1	2
69	6	0	2	0	0	1
69	7	-2	1	-4	1	0
69	8	0	1	0	2	1
69	9	3	2	1	2	2
69	10	0	2	3	3	2
69	11	0	2	3	0	1
69	12	0	2	2	2	1
69	13	3	2	5	5	2
69	14	3	3	6	4	5
69	15	0	1	4	2	2
69	16	-2	0	-2	0	0
69	17	0	1	1	2	0
69	18	-1	0	-1	2	0
69	19	0	1	2	2	2
69	20	1	2	3	3	4
69	21	0	2	3	1	2
69	22	0	0	3	1	2
69	23	1	1	2	3	3
69	24	4	2	4	3	4
69	25	0	2	2	2	4
69	26	1	0	3	3	3
69	27	1	3	2	3	5
69	28	0	1	2	1	2
69	29	2	2	5	3	4
69	30	1	1	2	3	2
69	31	1	2	4	4	4
69	32	-1	1	1	2	0
69	33	1	1	1	2	3
69	34	3	3	3	5	5
69	35	5	4	8	5	7
69	36	4	2	4	5	6
69	37	3	3	5	4	5
69	38	1	2	5	3	5
69	39	2	3	5	3	4
69	40	3	2	5	6	4
69	41	0	1	3	3	2
69	42	0	1	0	0	0
69	43	0	1	2	2	1
69	44	0	1	2	0	1
69	45	3	1	3	5	4
70	1	0	0	0	1	2
70	2	0	1	0	3	2
70	3	1	0	3	4	3
70	4	2	1	4	4	5
70	5	0	1	1	1	1
70	6	1	1	4	2	4
70	7	4	2	4	5	6
70	8	3	1	3	4	6
70	9	1	2	2	1	2
70	10	0	0	-2	2	2
70	11	0	0	1	0	0
70	12	2	1	3	2	4
70	13	-1	0	0	3	1
70	14	1	0	1	2	2
70	15	1	0	1	2	2
70	16	1	-1	-1	2	0
70	17	0	0	0	0	0
70	18	-2	0	1	1	1
70	19	0	0	0	1	1
70	20	0	0	0	0	0
70	21	1	0	1	2	2
70	22	-1	0	0	0	0
70	23	1	0	0	2	1
70	24	-2	0	-3	0	0
70	25	0	0	0	0	0
70	26	0	0	-1	1	-1
70	27	-1	0	-2	1	-2
70	28	-2	-3	-3	0	-1
70	29	-1	-1	-3	0	0
70	30	-2	-1	-4	-1	0
70	31	0	0	0	1	2
70	32	-2	0	-1	0	0
70	33	-3	-1	-2	-1	2
70	34	-2	0	-3	0	1
70	35	-2	-1	-3	0	0
70	36	-2	0	-4	0	-1
70	37	0	0	0	1	0
70	38	-2	0	-1	0	-1
70	39	-1	0	-1	0	0
70	40	0	0	1	1	1
70	41	0	-1	-1	0	1
70	42	0	0	1	1	1
70	43	1	1	3	2	2
70	44	4	3	4	2	6
70	45	1	0	1	2	3
71	1	4	2	9	4	4
71	2	3	1	3	2	4
71	3	0	2	-1	0	1
71	4	-1	1	0	0	1
71	5	2	1	2	2	3
71	6	1	2	6	5	5
71	7	3	3	3	3	6
71	8	4	4	4	4	7
71	9	2	2	4	3	5
71	10	1	1	6	1	5
71	11	4	3	7	6	5
71	12	2	1	6	2	5
71	13	1	1	2	2	1
71	14	3	2	5	4	5
71	15	4	3	8	2	7
71	16	3	3	5	5	7
71	17	2	3	6	2	5
71	18	2	2	5	3	6
71	19	1	3	4	5	4
71	20	0	0	2	0	2
71	21	0	2	1	1	3
71	22	3	2	5	3	4
71	23	2	3	3	2	4
71	24	4	5	8	5	6
71	25	5	4	10	6	8
71	26	3	3	4	4	5
71	27	2	2	5	0	3
71	28	2	1	5	3	1
71	29	0	3	4	2	5
71	30	1	2	7	1	4
71	31	0	1	3	1	4
71	32	0	1	2	0	3
71	33	2	1	2	3	2
71	34	3	2	6	3	6
71	35	1	1	4	2	4
71	36	4	1	6	2	3
71	37	2	3	6	3	5
71	38	-1	1	2	2	2
71	39	2	2	2	1	3
71	40	2	4	5	3	6
71	41	4	4	5	4	6
71	42	0	2	2	2	2
71	43	2	3	4	0	3
71	44	2	3	6	4	7
71	45	3	4	4	3	4
72	1	4	3	2	4	4
72	2	4	5	3	5	3
72	3	4	4	4	5	6
72	4	4	6	5	5	6
72	5	4	2	0	4	3
72	6	2	4	4	4	4
72	7	6	4	8	5	9
72	8	7	6	6	7	8
72	9	3	4	4	4	7
72	10	4	3	4	5	5
72	11	3	4	5	3	5
72	12	5	4	5	5	7
72	13	5	6	5	5	7
72	14	8	6	8	8	10
72	15	6	6	6	6	8
72	16	6	5	6	5	7
72	17	4	4	1	4	3
72	18	3	3	2	4	7
72	19	5	4	3	4	5
72	20	3	4	3	6	5
72	21	5	5	6	6	8
72	22	3	3	2	5	5
72	23	3	2	0	1	1
72	24	4	4	4	2	3
72	25	4	4	4	4	6
72	26	6	4	5	6	8
72	27	1	3	2	4	4
72	28	4	4	1	4	5
72	29	4	5	5	4	4
72	30	5	3	2	6	6
72	31	1	3	2	4	7
72	32	5	4	3	5	5
72	33	5	4	4	5	7
72	34	5	5	3	4	7
72	35	2	1	5	4	3
72	36	1	3	0	3	3
72	37	1	4	4	3	4
72	38	4	5	6	5	7
72	39	5	4	3	4	7
72	40	3	3	1	5	5
72	41	6	5	7	5	9
72	42	7	6	10	8	10
72	43	6	4	5	6	5
72	44	3	5	4	4	4
72	45	3	3	3	3	3
73	1	0	1	-2	0	0
73	2	2	2	0	3	1
73	3	2	0	2	3	2
73	4	0	1	-2	0	2
73	5	0	0	-3	0	0
73	6	0	0	-1	-1	0
73	7	0	0	-2	0	1
73	8	-1	1	0	0	0
73	9	2	4	4	2	3
73	10	-1	2	0	2	0
73	11	0	0	-2	1	2
73	12	-1	0	2	0	1
73	13	4	2	4	2	4
73	14	0	2	3	2	5
73	15	1	2	2	2	3
73	16	0	1	1	1	1
73	17	0	0	-2	1	2
73	18	2	2	3	3	3
73	19	0	1	0	2	1
73	20	3	1	3	3	6
73	21	0	2	3	4	4
73	22	0	2	0	0	2
73	23	-1	1	0	0	0
73	24	0	1	1	1	2
73	25	3	2	4	4	7
73	26	0	1	1	1	1
73	27	-1	0	0	1	3
73	28	0	2	0	1	1
73	29	1	0	-1	1	2
73	30	1	0	-1	0	1
73	31	1	2	-1	2	2
73	32	2	1	4	3	2
73	33	1	0	3	2	2
73	34	4	2	2	3	4
73	35	3	1	1	1	2
73	36	0	3	2	4	3
73	37	0	2	4	1	4
73	38	1	0	1	0	0
73	39	2	3	1	2	1
73	40	0	0	1	2	2
73	41	-1	0	-2	-1	2
73	42	0	0	0	1	3
73	43	1	2	2	3	2
73	44	2	2	1	2	3
73	45	2	2	3	2	4
74	1	4	3	3	6	4
74	2	3	3	4	2	3
74	3	1	2	2	3	0
74	4	3	4	4	5	1
74	5	3	2	3	3	1
74	6	1	2	1	3	0
74	7	3	3	3	4	2
74	8	1	4	3	5	0
74	9	0	3	1	2	0
74	10	1	2	1	4	0
74	11	2	1	0	3	0
74	12	1	3	1	3	1
74	13	3	4	5	6	4
74	14	1	3	4	3	3
74	15	4	4	7	6	2
74	16	0	3	4	6	4
74	17	0	4	0	2	1
74	18	1	2	0	4	0
74	19	3	4	5	6	5
74	20	4	3	3	4	4
74	21	1	3	4	6	5
74	22	0	3	1	4	2
74	23	3	5	6	6	2
74	24	2	2	0	2	0
74	25	0	3	0	3	-1
74	26	2	3	4	4	3
74	27	4	4	5	3	2
74	28	3	4	6	3	2
74	29	4	4	5	4	3
74	30	6	6	11	8	7
74	31	6	5	10	7	5
74	32	5	5	10	6	5
74	33	3	5	4	6	1
74	34	4	3	5	4	2
74	35	2	3	3	2	2
74	36	4	5	7	6	3
74	37	5	5	7	7	7
74	38	3	3	3	4	3
74	39	3	4	6	5	5
74	40	0	4	6	5	1
74	41	1	3	3	5	1
74	42	3	5	4	5	4
74	43	2	3	1	4	3
74	44	3	6	4	5	5
74	45	5	6	6	6	6
75	1	1	1	3	3	3
75	2	1	1	3	3	6
75	3	2	3	5	3	6
75	4	5	4	6	5	8
75	5	6	3	8	5	6
75	6	4	3	5	5	8
75	7	2	4	6	4	5
75	8	3	2	5	4	4
75	9	0	2	3	2	4
75	10	0	1	0	1	1
75	11	0	2	-3	0	0
75	12	2	2	2	3	3
75	13	-1	2	-1	1	2
75	14	0	1	1	2	3
75	15	2	2	0	4	3
75	16	1	1	3	4	4
75	17	-1	2	0	0	3
75	18	3	4	5	5	3
75	19	3	2	4	4	7
75	20	0	2	1	2	3
75	21	1	2	1	1	3
75	22	1	1	2	2	2
75	23	0	2	0	2	5
75	24	0	1	2	1	2
75	25	3	3	5	4	8
75	26	4	2	5	4	9
75	27	1	2	1	2	4
75	28	0	1	1	2	4
75	29	0	1	0	1	4
75	30	0	1	-1	1	2
75	31	5	3	6	6	8
75	32	4	5	6	7	8
75	33	5	4	7	5	6
75	34	4	5	3	7	6
75	35	2	3	4	4	6
75	36	4	4	4	3	9
75	37	3	5	5	5	7
75	38	3	4	7	5	7
75	39	2	4	3	6	6
75	40	0	3	2	2	4
75	41	3	5	4	4	5
75	42	4	3	5	3	4
75	43	3	4	2	3	6
75	44	5	3	5	5	6
75	45	0	1	1	3	5
76	1	1	0	3	4	6
76	2	-1	0	0	0	1
76	3	1	1	3	2	4
76	4	3	2	4	7	7
76	5	1	2	3	2	1
76	6	0	1	-1	2	4
76	7	2	1	1	3	5
76	8	-1	1	3	2	3
76	9	1	1	2	3	6
76	10	0	0	0	0	1
76	11	-1	1	0	2	5
76	12	2	2	3	3	4
76	13	4	2	5	4	5
76	14	2	2	5	5	7
76	15	2	1	4	5	5
76	16	0	0	0	2	1
76	17	0	1	0	0	2
76	18	-1	0	0	1	2
76	19	0	1	0	4	3
76	20	0	0	0	6	4
76	21	2	1	4	4	5
76	22	2	1	4	4	6
76	23	4	1	6	5	6
76	24	3	2	4	3	4
76	25	3	1	2	3	6
76	26	3	3	3	4	5
76	27	0	0	0	2	3
76	28	0	0	0	1	4
76	29	0	0	0	3	2
76	30	0	0	0	1	1
76	31	2	2	3	3	4
76	32	2	1	3	3	5
76	33	-1	0	-1	0	2
76	34	0	1	0	4	3
76	35	2	3	8	6	8
76	36	2	2	5	4	6
76	37	2	2	4	5	6
76	38	2	0	3	3	5
76	39	4	2	8	5	9
76	40	1	0	3	4	4
76	41	0	0	0	1	1
76	42	-1	0	0	1	3
76	43	0	0	0	2	4
76	44	-1	0	-1	2	2
76	45	-2	0	-1	0	0
77	1	4	2	3	4	4
77	2	1	1	1	3	4
77	3	4	1	2	3	3
77	4	6	3	3	5	4
77	5	1	2	1	3	2
77	6	4	4	4	4	4
77	7	2	1	3	3	3
77	8	0	1	3	3	5
77	9	0	1	0	2	3
77	10	3	1	6	4	6
77	11	3	3	3	4	5
77	12	5	2	6	4	5
77	13	5	2	5	4	5
77	14	8	3	9	7	9
77	15	4	1	6	8	8
77	16	4	3	5	4	6
77	17	3	3	5	5	6
77	18	2	1	2	5	2
77	19	5	3	4	4	6
77	20	3	1	7	4	5
77	21	2	2	2	4	4
77	22	0	0	1	3	1
77	23	4	2	4	4	6
77	24	4	3	3	5	6
77	25	3	3	3	4	4
77	26	0	2	3	4	2
77	27	2	1	3	3	3
77	28	3	3	5	4	5
77	29	4	2	5	4	6
77	30	5	4	5	6	6
77	31	3	3	6	5	3
77	32	3	2	2	4	2
77	33	3	2	5	5	4
77	34	1	1	0	2	2
77	35	0	0	0	1	1
77	36	0	0	-2	0	0
77	37	2	2	1	4	3
77	38	5	4	4	5	7
77	39	6	3	3	5	4
77	40	6	3	5	4	6
77	41	6	3	6	6	7
77	42	5	3	8	4	8
77	43	2	3	1	2	1
77	44	5	3	3	4	5
77	45	5	2	4	6	6
78	1	4	4	5	5	4
78	2	2	2	2	3	3
78	3	0	2	2	3	3
78	4	5	5	8	6	9
78	5	4	5	5	5	5
78	6	2	3	3	4	5
78	7	3	5	4	5	4
78	8	5	5	9	6	7
78	9	2	3	5	4	6
78	10	0	4	3	4	4
78	11	3	3	5	5	3
78	12	0	4	5	3	6
78	13	4	3	3	5	5
78	14	1	3	2	3	3
78	15	1	2	1	2	2
78	16	0	2	0	1	1
78	17	0	1	3	2	2
78	18	1	3	5	3	6
78	19	6	4	8	6	9
78	20	4	5	5	5	6
78	21	4	6	7	6	9
78	22	5	4	7	5	4
78	23	5	3	7	3	8
78	24	3	4	5	6	7
78	25	4	3	5	4	5
78	26	2	4	3	5	5
78	27	5	5	7	4	6
78	28	3	4	4	2	4
78	29	4	3	2	6	4
78	30	1	3	1	4	4
78	31	3	3	1	3	4
78	32	1	3	3	1	3
78	33	2	3	2	4	1
78	34	3	5	5	4	3
78	35	3	2	4	5	6
78	36	5	5	6	4	5
78	37	2	4	5	5	4
78	38	4	5	4	5	5
78	39	6	5	10	9	10
78	40	1	4	3	4	6
78	41	2	2	4	4	3
78	42	3	3	2	2	4
78	43	0	2	0	3	3
78	44	1	2	1	4	2
78	45	4	3	5	4	6
79	1	0	1	0	0	0
79	2	0	1	0	2	0
79	3	1	1	0	2	1
79	4	2	2	4	4	4
79	5	0	1	4	3	3
79	6	2	1	0	3	2
79	7	-3	2	0	2	1
79	8	0	1	1	1	0
79	9	0	1	-1	1	1
79	10	0	0	-4	1	0
79	11	1	2	1	0	1
79	12	0	1	0	1	0
79	13	0	3	0	1	0
79	14	2	2	2	1	2
79	15	2	1	1	3	3
79	16	0	1	1	2	3
79	17	3	2	3	1	3
79	18	2	2	3	3	5
79	19	4	3	2	4	6
79	20	4	3	2	4	3
79	21	3	4	3	4	7
79	22	3	2	4	3	4
79	23	1	2	3	3	3
79	24	1	1	3	1	3
79	25	4	4	5	4	6
79	26	5	2	4	1	3
79	27	6	3	7	5	6
79	28	1	1	2	2	4
79	29	2	2	2	3	5
79	30	3	1	5	3	4
79	31	2	3	4	4	3
79	32	3	0	3	2	5
79	33	0	2	0	3	2
79	34	0	3	1	3	3
79	35	4	3	6	5	7
79	36	5	2	4	3	3
79	37	4	3	6	3	6
79	38	3	3	1	2	3
79	39	4	2	2	2	4
79	40	1	2	0	1	2
79	41	2	2	1	3	4
79	42	0	0	0	0	0
79	43	0	2	2	1	3
79	44	2	2	3	3	4
79	45	2	1	2	3	3
80	1	3	2	2	3	3
80	2	1	0	2	3	3
80	3	1	2	0	5	4
80	4	0	1	1	2	2
80	5	1	2	2	3	5
80	6	0	1	3	3	4
80	7	0	1	-2	3	3
80	8	1	1	0	1	3
80	9	3	2	4	3	6
80	10	1	2	2	4	6
80	11	1	1	1	4	3
80	12	2	3	4	5	6
80	13	4	2	4	5	5
80	14	3	3	5	5	5
80	15	3	2	4	4	4
80	16	2	1	0	4	4
80	17	3	3	0	4	4
80	18	0	3	3	1	2
80	19	1	1	0	2	1
80	20	4	3	2	4	5
80	21	1	2	3	3	4
80	22	2	2	3	4	7
80	23	2	1	0	3	5
80	24	1	0	0	1	1
80	25	2	3	5	4	4
80	26	2	3	2	5	7
80	27	4	4	7	6	10
80	28	2	2	5	3	4
80	29	6	3	4	5	6
80	30	4	5	6	6	10
80	31	7	4	8	8	9
80	32	4	3	5	7	6
80	33	6	3	5	3	8
80	34	3	1	1	4	5
80	35	2	2	2	3	1
80	36	4	3	3	4	3
80	37	2	2	0	4	5
80	38	0	0	1	2	3
80	39	-1	0	-2	3	2
80	40	1	2	3	4	4
80	41	4	3	4	6	7
80	42	1	0	3	5	4
80	43	4	4	5	6	9
80	44	3	4	2	4	5
80	45	3	3	2	3	4
81	1	1	1	3	2	1
81	2	1	1	5	4	4
81	3	1	2	5	3	6
81	4	2	3	4	6	5
81	5	3	2	7	7	8
81	6	6	3	9	9	8
81	7	3	3	7	5	7
81	8	2	0	3	4	5
81	9	2	2	3	5	4
81	10	3	2	7	6	5
81	11	1	2	2	3	4
81	12	2	2	4	4	4
81	13	2	2	3	5	5
81	14	2	1	3	4	2
81	15	1	2	3	5	4
81	16	0	1	1	3	3
81	17	1	3	7	5	5
81	18	0	2	1	1	3
81	19	-1	1	1	2	0
81	20	2	2	5	6	5
81	21	2	3	4	7	8
81	22	1	2	4	4	3
81	23	2	2	0	4	4
81	24	0	0	0	2	2
81	25	-1	0	0	4	1
81	26	1	1	4	5	4
81	27	3	3	6	7	6
81	28	-1	0	0	2	1
81	29	0	2	5	3	3
81	30	-3	0	0	2	2
81	31	-1	1	0	1	0
81	32	0	1	0	2	2
81	33	1	1	0	2	3
81	34	0	1	2	4	5
81	35	0	0	0	2	2
81	36	0	1	2	2	4
81	37	0	1	3	4	4
81	38	4	4	6	7	5
81	39	-1	1	2	3	4
81	40	0	1	4	4	5
81	41	2	2	5	5	4
81	42	2	3	4	6	7
81	43	-1	2	2	3	4
81	44	-1	0	0	2	0
81	45	-2	0	0	1	0
82	1	2	2	2	3	3
82	2	4	4	3	3	4
82	3	2	4	5	4	4
82	4	1	1	0	2	2
82	5	0	1	0	1	0
82	6	3	2	4	2	2
82	7	1	1	2	2	3
82	8	2	2	3	2	1
82	9	2	1	2	2	5
82	10	1	2	4	2	4
82	11	5	4	4	3	3
82	12	4	3	4	4	7
82	13	3	3	4	2	4
82	14	0	1	0	2	1
82	15	2	1	2	2	5
82	16	1	1	0	2	1
82	17	1	1	0	1	0
82	18	1	1	0	1	4
82	19	0	0	0	0	0
82	20	0	2	-2	2	0
82	21	0	1	2	2	1
82	22	0	1	0	1	0
82	23	1	1	1	3	3
82	24	2	2	3	2	2
82	25	6	5	7	4	9
82	26	6	4	7	4	6
82	27	5	3	5	4	4
82	28	1	2	1	1	1
82	29	0	0	-1	2	-1
82	30	0	0	0	1	1
82	31	2	0	-1	1	-1
82	32	1	2	0	0	1
82	33	0	1	0	0	1
82	34	-1	0	-1	0	0
82	35	1	2	2	1	0
82	36	2	1	3	1	0
82	37	1	2	2	0	2
82	38	0	0	0	0	0
82	39	-1	1	-1	0	0
82	40	3	3	1	1	2
82	41	2	3	5	4	6
82	42	2	3	0	2	1
82	43	1	1	1	1	3
82	44	1	3	-1	2	1
82	45	2	2	0	2	4
83	1	0	2	0	3	2
83	2	1	2	0	3	2
83	3	1	2	3	5	4
83	4	2	2	3	3	2
83	5	3	2	0	3	4
83	6	2	2	3	2	4
83	7	2	2	6	3	5
83	8	3	2	3	3	4
83	9	3	4	4	4	6
83	10	3	2	6	5	6
83	11	1	1	2	2	1
83	12	0	2	2	2	3
83	13	1	1	5	3	3
83	14	1	3	6	4	4
83	15	2	2	2	2	4
83	16	3	2	2	5	3
83	17	3	3	3	3	4
83	18	0	0	-1	1	0
83	19	-4	-1	-1	0	-1
83	20	0	0	-1	1	1
83	21	0	0	3	1	2
83	22	2	1	0	1	5
83	23	2	3	4	2	7
83	24	2	2	4	4	6
83	25	5	4	10	7	9
83	26	3	2	7	6	7
83	27	7	4	8	7	7
83	28	3	3	3	4	7
83	29	5	3	4	3	6
83	30	0	2	3	3	2
83	31	4	3	6	5	8
83	32	2	1	1	2	3
83	33	0	1	1	2	3
83	34	2	1	3	2	5
83	35	3	3	4	5	7
83	36	6	3	7	5	7
83	37	3	3	6	5	5
83	38	3	4	4	3	6
83	39	5	3	8	5	7
83	40	6	1	5	5	7
83	41	0	1	1	3	1
83	42	1	1	2	1	4
83	43	-1	0	0	2	2
83	44	-1	0	-2	1	0
83	45	0	1	-1	1	1
84	1	1	1	1	2	5
84	2	-1	0	0	1	0
84	3	1	0	-1	3	3
84	4	1	2	2	5	4
84	5	1	0	0	2	4
84	6	-1	0	-1	2	1
84	7	0	0	-1	1	0
84	8	-3	1	-2	-1	0
84	9	-1	0	0	1	1
84	10	3	1	2	4	5
84	11	4	2	2	2	4
84	12	2	3	4	4	6
84	13	0	1	1	4	3
84	14	-3	2	-1	2	3
84	15	-1	0	-3	0	2
84	16	0	0	0	1	3
84	17	0	2	1	3	4
84	18	0	1	1	2	4
84	19	3	4	4	4	5
84	20	-1	0	0	3	0
84	21	1	0	2	2	2
84	22	0	0	0	3	2
84	23	0	0	0	2	4
84	24	2	0	2	3	2
84	25	0	1	1	2	3
84	26	0	1	3	4	6
84	27	2	2	0	4	2
84	28	0	0	0	1	2
84	29	-1	0	1	3	4
84	30	1	0	1	2	5
84	31	2	2	6	6	6
84	32	0	0	1	3	3
84	33	1	2	5	4	3
84	34	0	0	-3	2	2
84	35	-1	1	0	0	0
84	36	3	0	2	4	5
84	37	2	2	3	4	7
84	38	3	3	4	5	8
84	39	4	2	4	4	8
84	40	2	1	3	4	6
84	41	0	1	1	1	2
84	42	0	1	3	4	5
84	43	3	2	4	4	5
84	44	-1	0	0	2	2
84	45	3	2	5	3	5
85	1	1	1	3	2	2
85	2	0	0	0	0	0
85	3	0	0	0	0	0
85	4	1	1	5	3	3
85	5	4	3	4	5	6
85	6	1	3	4	4	6
85	7	5	3	6	5	7
85	8	1	1	1	3	2
85	9	2	2	3	4	5
85	10	1	1	3	2	2
85	11	-1	2	1	2	2
85	12	1	1	1	2	0
85	13	1	2	1	3	4
85	14	2	3	1	2	3
85	15	4	3	6	5	7
85	16	3	2	4	4	6
85	17	2	2	3	4	4
85	18	2	2	3	3	5
85	19	0	1	0	2	3
85	20	1	1	0	2	4
85	21	2	2	3	3	5
85	22	2	2	4	5	5
85	23	1	1	2	2	5
85	24	1	3	0	1	2
85	25	1	1	5	2	4
85	26	2	1	3	2	4
85	27	1	2	2	1	4
85	28	0	1	0	3	1
85	29	0	0	5	4	3
85	30	0	2	2	1	2
85	31	2	3	3	2	3
85	32	4	3	8	4	4
85	33	0	1	1	0	2
85	34	1	1	2	1	3
85	35	1	1	1	1	1
85	36	-1	1	0	1	-1
85	37	1	1	3	3	4
85	38	0	0	4	2	3
85	39	0	3	0	2	5
85	40	0	1	0	1	0
85	41	3	2	1	3	5
85	42	0	2	3	3	3
85	43	2	1	1	1	1
85	44	1	1	4	3	3
85	45	3	1	4	4	3
86	1	0	1	2	3	2
86	2	0	1	1	0	3
86	3	0	0	1	0	2
86	4	0	2	2	1	2
86	5	0	2	0	0	2
86	6	0	1	1	0	1
86	7	1	1	4	4	3
86	8	1	2	2	4	3
86	9	0	0	-1	1	1
86	10	1	2	3	2	2
86	11	3	2	2	4	4
86	12	1	2	3	4	4
86	13	2	2	3	4	5
86	14	3	2	5	4	5
86	15	2	1	4	2	4
86	16	0	0	0	0	0
86	17	-1	0	0	0	0
86	18	0	1	0	0	2
86	19	1	1	2	2	0
86	20	4	3	7	5	2
86	21	0	1	4	2	5
86	22	-1	2	0	-1	0
86	23	4	3	5	3	4
86	24	1	2	4	2	3
86	25	2	2	4	2	2
86	26	3	3	5	3	3
86	27	2	2	4	4	7
86	28	5	3	6	5	7
86	29	3	4	9	4	7
86	30	3	2	9	5	4
86	31	-1	1	0	0	4
86	32	0	1	3	3	3
86	33	1	1	3	1	4
86	34	0	0	0	0	0
86	35	1	0	4	0	3
86	36	1	2	3	0	3
86	37	0	0	0	1	3
86	38	2	2	4	4	3
86	39	2	4	4	4	6
86	40	0	2	5	1	1
86	41	-1	2	1	1	1
86	42	2	1	3	4	3
86	43	1	0	1	1	1
86	44	1	2	3	2	4
86	45	-2	1	-4	0	-1
87	1	1	0	4	3	3
87	2	2	0	2	1	1
87	3	2	2	1	1	2
87	4	0	0	2	0	1
87	5	1	0	0	2	2
87	6	0	0	0	3	-1
87	7	-1	-1	1	1	-1
87	8	-2	1	0	0	-1
87	9	0	0	0	1	0
87	10	0	0	-1	3	0
87	11	-2	0	-1	0	0
87	12	-2	0	0	0	0
87	13	0	0	2	0	0
87	14	2	3	4	3	4
87	15	1	2	5	2	3
87	16	0	1	1	0	-1
87	17	-2	0	1	1	1
87	18	1	1	1	3	0
87	19	2	1	1	2	4
87	20	3	1	4	3	4
87	21	0	1	4	1	2
87	22	0	0	2	0	2
87	23	1	2	2	3	1
87	24	0	1	3	0	2
87	25	-1	1	2	1	0
87	26	-1	0	-1	1	0
87	27	0	1	0	-1	-1
87	28	2	1	3	1	4
87	29	2	2	4	0	2
87	30	-1	0	0	1	0
87	31	0	0	-1	2	0
87	32	0	1	0	0	0
87	33	1	1	2	2	0
87	34	4	1	3	4	3
87	35	0	0	0	0	-1
87	36	1	0	-1	0	-1
87	37	0	0	0	0	0
87	38	-1	0	0	0	0
87	39	0	0	0	0	0
87	40	1	0	0	0	-1
87	41	0	0	1	0	0
87	42	-3	0	-1	0	0
87	43	0	0	0	0	-1
87	44	0	0	1	2	2
87	45	0	2	1	1	3
88	1	1	1	0	2	3
88	2	1	2	3	1	5
88	3	-1	2	0	0	1
88	4	0	2	0	0	0
88	5	3	2	1	3	3
88	6	4	3	4	4	5
88	7	2	1	0	2	3
88	8	0	1	-2	0	2
88	9	2	1	2	1	3
88	10	0	1	0	2	4
88	11	2	1	0	2	3
88	12	0	-1	-3	0	0
88	13	2	1	0	1	4
88	14	0	0	-1	-1	1
88	15	3	4	5	4	4
88	16	3	1	2	3	4
88	17	5	3	1	3	3
88	18	4	2	1	2	6
88	19	2	2	3	2	3
88	20	3	1	0	1	5
88	21	-1	1	-1	0	2
88	22	-1	0	-3	0	0
88	23	0	0	-3	0	0
88	24	0	0	-2	1	1
88	25	2	2	4	1	4
88	26	4	2	1	4	2
88	27	0	1	0	1	1
88	28	4	3	6	3	6
88	29	5	2	3	4	5
88	30	3	2	2	2	2
88	31	5	2	5	4	5
88	32	0	1	3	0	1
88	33	0	0	-1	0	2
88	34	-1	0	-4	0	0
88	35	-1	0	-3	0	0
88	36	2	3	4	4	6
88	37	1	0	1	1	4
88	38	2	0	0	1	4
88	39	0	2	0	1	2
88	40	1	2	2	0	4
88	41	3	2	2	2	6
88	42	3	2	0	1	2
88	43	1	1	1	2	5
88	44	2	3	3	2	3
88	45	0	0	0	1	2
89	1	2	2	5	4	4
89	2	0	2	5	3	3
89	3	0	1	0	1	1
89	4	0	1	0	3	0
89	5	0	1	1	2	3
89	6	2	1	1	2	0
89	7	3	3	3	3	5
89	8	1	1	0	0	1
89	9	2	2	2	5	2
89	10	6	4	5	5	7
89	11	8	5	8	7	6
89	12	4	3	3	2	3
89	13	1	2	4	3	2
89	14	3	3	4	3	3
89	15	3	2	2	3	4
89	16	1	1	0	4	3
89	17	0	2	0	2	2
89	18	2	2	5	4	3
89	19	4	2	5	3	3
89	20	2	1	3	3	2
89	21	1	1	1	2	2
89	22	-2	2	-1	1	0
89	23	1	3	2	3	4
89	24	5	1	5	5	5
89	25	3	4	4	3	5
89	26	2	1	0	3	3
89	27	5	3	7	5	5
89	28	3	3	4	5	6
89	29	4	2	3	5	5
89	30	2	2	4	4	6
89	31	5	4	8	7	8
89	32	5	3	7	4	8
89	33	5	2	4	5	5
89	34	3	2	4	4	1
89	35	4	4	5	5	3
89	36	4	2	3	4	2
89	37	1	2	3	4	4
89	38	4	2	4	4	3
89	39	3	2	3	4	3
89	40	6	3	6	6	8
89	41	2	4	4	4	3
89	42	2	3	3	3	2
89	43	1	2	2	3	1
89	44	2	1	0	1	1
89	45	3	2	4	6	7
90	1	-1	1	0	1	-1
90	2	-3	0	-5	-1	-2
90	3	-1	0	-1	-1	0
90	4	-1	0	0	0	0
90	5	0	2	4	3	6
90	6	-2	0	0	1	0
90	7	-4	-1	-3	0	-2
90	8	-1	0	-4	0	0
90	9	-2	0	-4	0	0
90	10	0	1	0	1	1
90	11	0	2	3	1	3
90	12	0	1	3	2	3
90	13	0	0	4	1	4
90	14	0	0	-2	1	2
90	15	1	2	3	2	5
90	16	0	1	1	1	3
90	17	0	2	0	3	1
90	18	1	2	3	3	4
90	19	0	1	3	2	3
90	20	0	1	1	1	0
90	21	1	1	1	3	3
90	22	0	1	0	2	1
90	23	0	1	0	1	4
90	24	-2	1	2	0	3
90	25	0	2	0	1	2
90	26	2	0	1	2	2
90	27	-1	1	0	1	2
90	28	0	0	0	1	0
90	29	0	1	1	4	3
90	30	0	0	1	1	2
90	31	-1	1	1	1	3
90	32	0	0	0	0	0
90	33	2	2	0	3	2
90	34	0	0	2	1	1
90	35	0	2	3	1	3
90	36	3	3	3	3	4
90	37	0	-1	0	1	3
90	38	3	2	4	4	6
90	39	0	1	5	2	3
90	40	1	1	3	0	2
90	41	2	1	2	3	4
90	42	-1	1	0	1	3
90	43	0	1	2	3	3
90	44	0	0	0	1	1
90	45	-1	0	-3	0	-2
91	1	-1	0	-3	-1	-3
91	2	0	0	0	0	1
91	3	0	1	0	2	1
91	4	-1	1	0	0	1
91	5	0	1	0	1	2
91	6	5	2	4	4	5
91	7	0	1	0	2	3
91	8	1	1	4	0	5
91	9	0	1	0	2	2
91	10	3	0	3	2	4
91	11	-1	0	-2	1	2
91	12	3	0	3	1	5
91	13	3	2	1	3	2
91	14	1	1	-2	0	0
91	15	0	1	-1	-1	0
91	16	2	1	1	2	4
91	17	1	0	1	2	3
91	18	-2	0	-3	0	2
91	19	1	0	-1	1	1
91	20	4	1	6	5	5
91	21	2	2	4	0	4
91	22	4	1	2	1	5
91	23	4	2	6	4	4
91	24	1	2	2	3	4
91	25	4	2	4	5	5
91	26	0	0	2	2	1
91	27	0	1	-2	0	0
91	28	-1	0	-3	0	0
91	29	-2	0	-1	1	0
91	30	-2	-1	-4	-1	-1
91	31	-1	-1	-2	0	0
91	32	0	0	-2	0	-1
91	33	-1	0	-2	0	0
91	34	2	0	0	0	2
91	35	0	-1	-2	0	0
91	36	0	0	-1	1	0
91	37	2	1	2	2	4
91	38	2	3	1	4	2
91	39	1	1	3	2	2
91	40	0	2	-1	0	2
91	41	0	1	0	1	0
91	42	-2	0	-2	0	0
91	43	1	2	-1	1	3
91	44	2	1	0	1	2
91	45	2	3	2	2	2
92	1	2	0	1	3	4
92	2	4	2	4	2	7
92	3	2	0	2	0	2
92	4	3	1	1	3	6
92	5	0	0	0	0	2
92	6	-2	0	-5	0	0
92	7	3	1	2	2	5
92	8	6	2	4	5	9
92	9	2	1	1	2	4
92	10	0	0	-1	1	1
92	11	2	0	-1	2	4
92	12	0	0	-1	0	1
92	13	-1	0	-2	2	0
92	14	4	1	0	2	2
92	15	5	2	5	3	4
92	16	2	0	1	1	6
92	17	1	0	1	2	3
92	18	2	0	1	3	5
92	19	0	0	-1	1	3
92	20	1	1	1	2	3
92	21	0	0	-1	0	5
92	22	4	2	2	3	7
92	23	1	0	0	2	4
92	24	3	1	3	0	5
92	25	0	0	-4	0	0
92	26	1	0	-1	1	2
92	27	0	0	-2	1	0
92	28	0	0	-2	1	2
92	29	0	0	0	1	2
92	30	1	0	1	1	1
92	31	1	1	0	1	3
92	32	2	0	-1	3	3
92	33	0	1	0	1	1
92	34	0	-2	-3	0	0
92	35	1	1	0	2	1
92	36	2	2	0	2	3
92	37	1	2	0	1	2
92	38	3	2	5	4	7
92	39	2	2	1	3	5
92	40	3	2	2	5	5
92	41	0	0	-1	1	2
92	42	1	2	1	3	3
92	43	3	1	2	3	4
92	44	5	2	4	6	5
92	45	2	0	5	5	5
93	1	5	1	6	2	7
93	2	5	2	7	4	8
93	3	4	2	5	4	8
93	4	2	1	4	2	3
93	5	2	1	5	3	5
93	6	1	2	4	2	5
93	7	6	3	8	4	7
93	8	4	2	4	4	5
93	9	5	3	5	4	6
93	10	2	2	1	1	4
93	11	1	2	4	1	1
93	12	-1	0	2	0	1
93	13	4	2	4	3	4
93	14	5	3	4	4	7
93	15	2	3	2	4	3
93	16	0	0	2	2	3
93	17	1	0	2	2	1
93	18	4	4	5	3	6
93	19	4	3	7	4	5
93	20	2	2	4	3	1
93	21	6	2	7	5	6
93	22	4	1	1	3	6
93	23	3	2	1	2	2
93	24	0	1	1	0	1
93	25	1	1	1	1	0
93	26	-1	1	-1	0	1
93	27	1	2	0	1	1
93	28	1	1	2	0	1
93	29	3	2	4	4	5
93	30	6	2	7	3	7
93	31	3	2	4	4	6
93	32	3	1	6	4	6
93	33	5	3	6	4	7
93	34	2	2	3	3	3
93	35	-1	0	0	0	1
93	36	0	2	1	1	1
93	37	3	1	4	1	3
93	38	1	2	2	1	3
93	39	3	3	3	3	4
93	40	1	3	3	2	5
93	41	0	-1	-1	-1	0
93	42	3	1	2	1	3
93	43	2	2	3	2	2
93	44	2	1	3	4	5
93	45	2	2	2	3	3
94	1	1	3	1	4	5
94	2	1	2	2	3	4
94	3	2	2	2	4	5
94	4	5	4	6	7	10
94	5	4	4	3	5	6
94	6	6	3	4	7	7
94	7	2	4	6	6	9
94	8	4	2	7	6	8
94	9	5	4	6	7	8
94	10	7	6	9	7	11
94	11	3	3	5	6	6
94	12	4	3	6	5	6
94	13	3	4	6	5	7
94	14	2	2	1	5	4
94	15	1	1	3	3	3
94	16	0	3	1	4	4
94	17	2	3	3	4	3
94	18	1	2	0	4	4
94	19	2	2	2	5	6
94	20	2	5	7	7	7
94	21	2	4	5	6	6
94	22	2	2	3	4	4
94	23	1	2	1	4	5
94	24	1	3	4	4	4
94	25	2	3	2	4	6
94	26	0	2	2	4	3
94	27	2	3	3	5	6
94	28	5	4	6	5	7
94	29	4	3	4	8	6
94	30	4	4	9	8	10
94	31	2	2	5	6	7
94	32	2	3	3	4	7
94	33	0	1	1	3	3
94	34	2	3	2	5	4
94	35	3	2	2	5	4
94	36	1	3	2	5	5
94	37	3	3	3	4	5
94	38	0	1	0	5	2
94	39	0	2	6	5	4
94	40	2	2	3	5	4
94	41	2	2	2	2	5
94	42	2	3	2	4	6
94	43	2	3	3	4	8
94	44	2	2	5	6	7
94	45	0	1	0	2	2
95	1	1	0	3	1	2
95	2	-2	0	-4	-2	0
95	3	-2	0	-1	0	2
95	4	2	1	-1	1	3
95	5	1	0	0	2	2
95	6	0	1	0	0	1
95	7	0	0	0	-1	2
95	8	0	0	-2	1	4
95	9	0	-1	3	1	3
95	10	3	0	0	1	3
95	11	1	0	1	0	2
95	12	0	1	0	0	3
95	13	0	0	2	1	1
95	14	0	0	1	1	4
95	15	0	0	-1	-1	1
95	16	-1	0	-2	0	1
95	17	1	1	0	1	1
95	18	1	1	1	2	3
95	19	2	0	0	0	4
95	20	-1	1	-2	0	5
95	21	4	2	1	1	4
95	22	0	1	1	0	5
95	23	1	0	1	2	4
95	24	0	1	1	1	6
95	25	1	0	0	0	3
95	26	-1	0	-1	0	1
95	27	0	0	0	1	5
95	28	2	0	1	1	4
95	29	0	0	-1	0	3
95	30	-1	0	-1	0	0
95	31	2	1	-1	1	4
95	32	-1	0	2	0	3
95	33	-2	0	0	0	3
95	34	0	0	1	1	3
95	35	2	0	0	0	4
95	36	0	0	0	3	3
95	37	0	0	-1	0	3
95	38	1	3	0	1	5
95	39	3	2	4	3	7
95	40	2	0	3	1	4
95	41	1	0	1	0	5
95	42	3	0	3	2	7
95	43	-2	-1	-4	-2	1
95	44	0	0	0	0	4
95	45	-2	-1	-2	0	0
96	1	1	3	3	4	0
96	2	6	6	6	6	5
96	3	5	6	8	6	3
96	4	3	4	4	4	5
96	5	3	3	1	3	2
96	6	4	4	4	4	4
96	7	3	3	3	4	2
96	8	3	4	3	5	2
96	9	3	4	1	2	0
96	10	4	3	2	4	2
96	11	3	4	3	3	4
96	12	4	4	5	3	4
96	13	1	4	4	4	2
96	14	1	4	3	2	2
96	15	1	3	3	3	1
96	16	1	3	1	3	2
96	17	2	4	4	3	6
96	18	1	4	4	4	3
96	19	3	4	2	4	2
96	20	1	3	4	5	4
96	21	4	6	6	6	5
96	22	4	4	6	6	5
96	23	3	4	4	3	4
96	24	4	3	5	4	4
96	25	3	4	5	6	5
96	26	5	5	8	5	3
96	27	6	3	8	3	4
96	28	5	5	5	4	4
96	29	0	3	2	3	2
96	30	1	3	2	2	0
96	31	5	4	5	5	4
96	32	7	6	9	8	6
96	33	3	4	6	4	5
96	34	4	5	3	4	3
96	35	0	3	3	1	1
96	36	1	4	4	3	1
96	37	4	5	7	3	5
96	38	1	3	1	1	2
96	39	0	2	-1	1	-1
96	40	0	2	0	2	1
96	41	-1	2	-1	0	0
96	42	0	1	-1	0	0
96	43	1	4	3	2	2
96	44	3	5	8	4	5
96	45	1	4	6	3	4
97	1	1	0	0	0	0
97	2	0	0	0	0	0
97	3	1	1	-1	0	1
97	4	2	0	3	0	0
97	5	2	0	1	0	5
97	6	2	0	-1	1	3
97	7	0	0	0	0	0
97	8	0	1	0	0	1
97	9	0	0	0	2	3
97	10	0	0	2	2	2
97	11	-1	1	-1	1	0
97	12	0	0	1	0	0
97	13	1	0	-1	0	1
97	14	0	0	-1	0	1
97	15	0	0	0	0	0
97	16	0	0	-2	0	0
97	17	0	0	-4	0	1
97	18	1	0	-2	1	2
97	19	1	0	2	0	1
97	20	3	2	2	2	3
97	21	2	0	0	0	0
97	22	-3	-2	-4	-3	-3
97	23	-3	0	-4	-2	-1
97	24	0	0	-2	1	0
97	25	0	0	-1	0	2
97	26	0	-1	-3	0	0
97	27	0	1	-2	0	0
97	28	0	0	-2	0	1
97	29	0	0	1	-1	0
97	30	-1	-2	-1	0	0
97	31	-1	0	-1	0	1
97	32	1	1	0	0	1
97	33	0	0	-1	0	1
97	34	1	1	1	1	0
97	35	2	0	-1	1	4
97	36	0	0	-3	-1	0
97	37	0	0	-2	-1	0
97	38	-1	0	-4	-1	-1
97	39	0	1	0	0	0
97	40	-1	1	0	-1	0
97	41	-3	-1	-4	-1	0
97	42	0	-1	-2	-1	0
97	43	0	0	0	0	0
97	44	-3	0	-5	-3	-3
97	45	1	0	0	1	0
98	1	-3	-1	0	0	0
98	2	-1	-1	-1	1	1
98	3	0	0	-1	0	2
98	4	-2	-1	2	1	0
98	5	-3	-1	-1	0	1
98	6	-1	0	0	2	3
98	7	1	1	3	5	5
98	8	-1	0	0	2	1
98	9	0	2	2	4	4
98	10	1	2	3	4	4
98	11	3	2	6	5	7
98	12	1	1	2	2	4
98	13	0	0	3	2	3
98	14	0	0	2	1	3
98	15	0	0	4	3	2
98	16	-1	1	0	2	3
98	17	-2	0	-1	1	1
98	18	-2	0	0	1	0
98	19	0	0	2	5	5
98	20	0	0	1	0	4
98	21	-2	0	-1	0	2
98	22	0	0	2	2	2
98	23	-1	0	0	3	4
98	24	-1	1	-1	2	1
98	25	-1	0	0	1	2
98	26	-4	-1	0	1	0
98	27	0	1	0	1	0
98	28	-3	-1	-2	0	-1
98	29	-1	0	1	2	0
98	30	-3	0	0	2	2
98	31	0	0	1	1	2
98	32	-1	1	0	3	2
98	33	0	1	0	2	4
98	34	-3	0	-3	0	0
98	35	0	0	1	1	3
98	36	-1	1	0	2	2
98	37	-3	0	-2	2	0
98	38	0	0	0	2	4
98	39	0	0	0	0	2
98	40	0	0	3	2	2
98	41	1	1	5	4	4
98	42	0	1	4	3	3
98	43	-1	0	1	2	3
98	44	0	1	3	3	3
98	45	-2	0	0	1	1
99	1	3	2	8	5	5
99	2	4	3	6	4	6
99	3	2	2	3	4	5
99	4	4	1	5	5	6
99	5	1	3	2	3	3
99	6	3	2	5	4	6
99	7	1	2	3	5	3
99	8	1	2	3	2	3
99	9	1	2	4	4	5
99	10	4	3	6	4	8
99	11	0	1	-1	3	2
99	12	1	0	4	3	4
99	13	4	2	1	3	3
99	14	3	2	4	3	2
99	15	1	3	3	6	4
99	16	1	3	2	6	6
99	17	2	3	2	5	7
99	18	0	2	1	3	2
99	19	4	1	4	6	6
99	20	4	3	6	6	8
99	21	1	1	1	2	5
99	22	0	1	0	2	2
99	23	3	3	3	2	5
99	24	5	2	4	6	6
99	25	4	3	6	7	8
99	26	5	4	7	6	8
99	27	3	3	4	4	5
99	28	2	2	2	4	5
99	29	1	3	2	3	5
99	30	1	3	0	4	4
99	31	1	1	4	3	4
99	32	1	2	0	3	3
99	33	2	1	0	4	5
99	34	3	2	5	3	6
99	35	2	1	2	2	4
99	36	1	1	1	4	2
99	37	0	2	4	2	5
99	38	2	1	3	2	4
99	39	1	1	1	4	4
99	40	2	2	1	3	5
99	41	2	2	4	4	3
99	42	3	2	4	3	6
99	43	2	3	6	4	5
99	44	4	3	3	4	5
99	45	5	3	4	5	6
100	1	6	3	6	5	10
100	2	2	2	3	3	7
100	3	2	2	5	4	6
100	4	2	2	4	5	7
100	5	2	2	4	2	5
100	6	4	1	4	5	6
100	7	3	3	3	4	7
100	8	5	3	6	6	8
100	9	2	3	4	5	5
100	10	4	2	2	3	6
100	11	5	3	6	4	6
100	12	4	4	5	5	7
100	13	2	1	3	4	5
100	14	2	3	5	5	8
100	15	3	1	2	4	6
100	16	5	3	5	2	7
100	17	3	3	6	5	8
100	18	3	3	3	4	8
100	19	3	3	7	4	7
100	20	5	4	7	4	8
100	21	4	3	7	4	10
100	22	3	3	5	2	6
100	23	2	3	2	4	6
100	24	4	1	3	3	4
100	25	2	3	4	4	6
100	26	4	4	10	5	7
100	27	4	3	5	5	8
100	28	3	3	3	3	5
100	29	1	4	2	4	5
100	30	5	4	6	6	9
100	31	6	4	6	5	8
100	32	6	3	7	6	11
100	33	4	3	8	3	7
100	34	4	3	6	4	7
100	35	5	5	8	4	8
100	36	3	3	8	5	8
100	37	1	3	3	3	4
100	38	5	4	6	5	6
100	39	0	2	0	2	4
100	40	1	2	0	3	4
100	41	3	4	4	1	6
100	42	3	3	4	3	5
100	43	0	1	0	1	4
100	44	0	3	2	2	1
100	45	0	2	2	4	5
