1	1	7	5	6	6
1	2	3	3	5	5
1	3	2	3	1	3
1	4	5	3	4	4
1	5	2	3	5	4
1	6	6	4	5	5
1	7	3	3	3	5
1	8	4	4	5	4
1	9	4	4	4	7
1	10	0	3	1	2
1	11	2	1	1	1
1	12	4	4	5	4
1	13	4	4	6	5
1	14	5	3	8	5
1	15	0	2	3	3
1	16	1	3	1	4
1	17	0	1	3	1
1	18	3	2	1	2
1	19	4	3	5	4
1	20	3	3	4	4
1	21	5	2	5	3
1	22	6	4	6	4
1	23	2	3	2	3
1	24	3	2	5	2
1	25	1	1	0	0
1	26	4	5	5	4
1	27	3	2	1	3
1	28	2	4	0	2
1	29	3	3	3	4
1	30	0	1	0	1
1	31	0	2	0	2
1	32	1	3	1	2
1	33	1	1	0	1
1	34	-2	0	-5	0
1	35	2	3	3	1
1	36	3	4	2	5
1	37	2	2	1	3
1	38	1	3	3	4
1	39	1	4	1	4
1	40	1	3	4	6
1	41	6	4	7	6
1	42	3	3	4	3
1	43	3	3	3	5
1	44	0	2	0	1
1	45	1	2	0	3
1	46	3	3	1	3
1	47	2	2	4	1
1	48	3	4	2	2
1	49	4	4	4	6
1	50	3	4	7	6
1	51	0	2	-1	1
1	52	0	1	0	0
1	53	2	3	1	1
1	54	3	3	4	4
1	55	0	2	-1	3
1	56	2	2	2	4
1	57	4	2	1	2
1	58	0	2	2	1
1	59	4	4	3	4
1	60	5	3	3	5
1	61	1	2	0	3
1	62	2	3	1	4
1	63	2	4	2	3
1	64	3	3	5	3
1	65	3	3	4	3
1	66	4	3	5	4
1	67	5	4	4	5
1	68	4	5	8	5
1	69	2	3	7	6
1	70	2	4	5	5
1	71	2	1	3	3
1	72	0	1	0	2
1	73	5	3	2	4
1	74	2	2	1	3
1	75	-1	0	-1	0
1	76	1	2	0	3
1	77	5	2	0	4
1	78	3	2	2	3
1	79	4	3	4	5
1	80	2	3	0	4
1	81	4	3	3	3
1	82	2	2	2	3
1	83	5	4	5	7
1	84	4	3	5	4
1	85	4	3	4	2
1	86	1	2	2	3
1	87	4	3	5	4
1	88	5	2	4	5
1	89	4	4	6	4
1	90	2	2	3	4
1	91	6	3	6	5
1	92	3	4	4	4
1	93	1	3	0	3
1	94	2	2	2	4
1	95	4	4	6	4
1	96	5	4	5	4
1	97	3	3	4	2
1	98	0	1	0	0
1	99	1	2	2	3
1	100	1	3	1	1
1	101	3	2	3	4
1	102	2	3	5	6
1	103	3	3	2	2
1	104	6	5	8	6
1	105	2	4	4	3
1	106	4	4	2	4
1	107	0	1	0	1
1	108	3	5	6	4
1	109	2	2	0	1
1	110	0	1	0	2
1	111	0	2	0	1
1	112	4	3	4	4
1	113	4	3	5	5
1	114	5	4	7	7
1	115	2	3	6	3
1	116	4	5	5	5
1	117	3	3	2	3
1	118	2	3	6	3
1	119	2	1	1	3
1	120	0	1	0	1
2	1	4	5	3	5
2	2	2	1	4	0
2	3	0	3	0	4
2	4	1	0	-1	0
2	5	0	2	-1	3
2	6	3	2	1	3
2	7	0	2	1	1
2	8	1	0	1	3
2	9	2	1	3	1
2	10	1	3	2	3
2	11	-1	2	0	3
2	12	1	1	0	4
2	13	0	1	0	1
2	14	1	1	1	2
2	15	0	2	1	2
2	16	1	0	0	2
2	17	0	0	-1	0
2	18	2	2	3	3
2	19	1	2	4	3
2	20	1	1	2	2
2	21	1	1	0	2
2	22	2	2	2	4
2	23	2	1	3	4
2	24	1	1	-1	2
2	25	1	1	1	0
2	26	0	2	4	4
2	27	2	2	4	4
2	28	0	1	2	3
2	29	3	3	3	2
2	30	3	3	3	2
2	31	4	2	1	2
2	32	3	3	4	5
2	33	2	2	1	4
2	34	6	4	4	5
2	35	1	3	2	1
2	36	3	2	5	3
2	37	5	3	4	4
2	38	1	2	2	3
2	39	2	2	4	3
2	40	4	2	5	4
2	41	2	2	2	5
2	42	2	2	4	4
2	43	1	3	2	4
2	44	4	3	7	5
2	45	1	1	2	3
2	46	4	3	5	5
2	47	4	3	6	5
2	48	4	3	4	4
2	49	3	1	3	3
2	50	0	2	3	1
2	51	1	1	0	3
2	52	0	0	1	2
2	53	0	0	1	1
2	54	2	2	4	3
2	55	0	0	0	0
2	56	2	3	5	5
2	57	2	2	2	3
2	58	3	3	5	3
2	59	2	2	0	3
2	60	0	1	3	4
2	61	0	1	1	3
2	62	3	3	2	4
2	63	5	4	7	5
2	64	5	3	4	6
2	65	4	5	8	6
2	66	4	5	8	6
2	67	1	2	4	3
2	68	3	2	3	2
2	69	4	3	7	6
2	70	4	3	5	5
2	71	2	2	6	4
2	72	2	3	6	6
2	73	3	3	4	5
2	74	3	3	5	4
2	75	4	2	3	5
2	76	2	3	3	3
2	77	2	1	4	3
2	78	-2	0	-1	1
2	79	2	3	1	1
2	80	4	3	5	4
2	81	1	1	3	3
2	82	3	1	2	5
2	83	2	3	3	3
2	84	2	4	4	3
2	85	0	2	1	3
2	86	0	2	3	2
2	87	0	1	2	1
2	88	4	2	5	5
2	89	3	3	2	4
2	90	3	2	4	2
2	91	3	3	4	5
2	92	2	3	5	4
2	93	2	3	3	3
2	94	4	3	2	3
2	95	0	1	0	3
2	96	-2	0	0	1
2	97	1	2	0	2
2	98	3	2	2	1
2	99	2	2	8	3
2	100	1	3	3	4
2	101	3	2	3	2
2	102	0	0	2	2
2	103	0	2	3	4
2	104	1	1	3	2
2	105	4	3	3	1
2	106	2	2	5	4
2	107	1	1	2	3
2	108	1	3	2	4
2	109	1	2	1	2
2	110	2	3	5	4
2	111	2	3	0	4
2	112	4	2	5	4
2	113	2	3	3	4
2	114	0	2	0	1
2	115	2	2	2	3
2	116	2	1	2	5
2	117	4	2	7	5
2	118	2	2	5	6
2	119	2	3	3	4
2	120	0	1	0	2
3	1	-1	1	2	0
3	2	-2	0	1	0
3	3	-2	0	-2	0
3	4	-2	-1	0	0
3	5	-3	0	-3	1
3	6	0	0	-1	0
3	7	3	1	2	2
3	8	1	2	1	2
3	9	0	1	3	0
3	10	1	1	1	2
3	11	0	1	-3	3
3	12	1	1	1	1
3	13	1	1	2	3
3	14	0	1	2	4
3	15	1	1	5	4
3	16	1	2	0	1
3	17	2	1	0	2
3	18	0	0	2	1
3	19	-2	0	0	1
3	20	0	0	2	3
3	21	1	1	2	2
3	22	1	1	1	1
3	23	0	0	0	0
3	24	-4	0	-1	0
3	25	0	1	0	0
3	26	3	1	2	2
3	27	-1	0	1	0
3	28	-1	0	-2	0
3	29	0	0	0	-1
3	30	0	1	2	2
3	31	-5	0	-5	0
3	32	0	-1	0	0
3	33	0	0	0	0
3	34	4	0	3	4
3	35	0	0	2	2
3	36	0	0	0	1
3	37	-2	0	-2	0
3	38	0	0	-1	2
3	39	1	0	2	2
3	40	0	1	1	0
3	41	0	0	1	1
3	42	-1	0	0	1
3	43	0	0	0	0
3	44	0	0	0	2
3	45	0	0	1	1
3	46	0	0	0	1
3	47	-1	0	-1	0
3	48	0	0	0	1
3	49	-1	0	0	1
3	50	3	1	0	1
3	51	-3	0	1	0
3	52	0	0	2	0
3	53	0	1	-2	0
3	54	0	0	0	0
3	55	0	0	2	3
3	56	-2	0	1	2
3	57	-2	0	0	0
3	58	1	0	0	0
3	59	1	1	1	2
3	60	0	0	0	1
3	61	-1	0	0	0
3	62	2	0	0	2
3	63	2	1	5	2
3	64	0	1	2	1
3	65	0	0	4	1
3	66	0	0	3	2
3	67	-2	0	-3	1
3	68	-3	0	-2	0
3	69	-2	1	1	0
3	70	1	1	1	1
3	71	1	0	3	1
3	72	1	1	5	1
3	73	1	2	4	4
3	74	1	1	4	4
3	75	1	1	5	2
3	76	2	2	3	0
3	77	2	2	1	2
3	78	0	1	0	2
3	79	0	0	2	1
3	80	-1	0	-2	0
3	81	1	1	1	2
3	82	1	1	2	3
3	83	1	0	1	3
3	84	4	0	4	3
3	85	1	2	2	3
3	86	0	0	0	3
3	87	2	1	3	3
3	88	1	1	0	1
3	89	-1	1	-2	1
3	90	0	0	-1	1
3	91	-3	0	-2	-1
3	92	-1	-1	-1	1
3	93	-1	0	-3	0
3	94	-1	0	0	0
3	95	0	0	-1	0
3	96	1	2	0	0
3	97	-1	0	-2	0
3	98	0	0	0	0
3	99	0	0	0	2
3	100	1	2	4	4
3	101	2	0	5	2
3	102	0	1	-1	0
3	103	1	1	0	2
3	104	-2	0	0	2
3	105	2	2	4	3
3	106	1	0	0	2
3	107	0	0	-1	0
3	108	-3	0	-1	0
3	109	-2	0	-3	0
3	110	0	0	1	0
3	111	0	-1	-2	0
3	112	-1	0	1	1
3	113	4	0	3	3
3	114	3	1	5	4
3	115	2	1	2	3
3	116	2	2	0	4
3	117	-1	0	0	0
3	118	-2	1	-2	0
3	119	-2	0	-3	-1
3	120	-4	-1	-5	-2
4	1	2	3	5	2
4	2	3	2	4	2
4	3	0	2	0	2
4	4	2	3	2	4
4	5	2	1	1	4
4	6	3	3	0	3
4	7	5	2	3	5
4	8	2	3	3	6
4	9	0	2	-2	2
4	10	0	1	-1	0
4	11	0	1	0	2
4	12	0	2	3	2
4	13	2	2	2	6
4	14	0	2	0	3
4	15	3	4	4	5
4	16	5	2	4	4
4	17	3	2	2	4
4	18	0	2	0	3
4	19	-1	1	-1	1
4	20	0	1	0	3
4	21	0	0	0	4
4	22	2	3	1	3
4	23	2	2	4	3
4	24	2	3	2	6
4	25	2	4	2	2
4	26	4	3	2	6
4	27	1	4	3	6
4	28	3	2	3	5
4	29	2	4	1	4
4	30	2	3	3	5
4	31	4	4	3	6
4	32	1	2	2	3
4	33	3	5	4	5
4	34	2	3	1	4
4	35	4	4	3	5
4	36	3	2	3	5
4	37	4	4	2	4
4	38	5	4	4	5
4	39	3	3	3	6
4	40	4	4	5	7
4	41	3	4	6	6
4	42	-2	1	1	2
4	43	2	2	0	4
4	44	0	1	0	1
4	45	0	2	0	3
4	46	0	3	0	2
4	47	0	2	0	3
4	48	1	2	0	1
4	49	2	2	0	5
4	50	3	3	6	7
4	51	1	2	2	4
4	52	6	5	7	6
4	53	5	3	7	6
4	54	4	2	5	5
4	55	2	5	4	5
4	56	4	3	5	7
4	57	1	3	1	6
4	58	1	3	0	3
4	59	0	1	-1	1
4	60	2	1	-2	3
4	61	5	3	2	5
4	62	4	3	4	5
4	63	0	3	3	3
4	64	2	3	2	4
4	65	0	1	2	3
4	66	2	3	1	4
4	67	1	2	1	5
4	68	0	3	1	2
4	69	0	1	0	3
4	70	2	2	1	3
4	71	2	2	1	2
4	72	2	2	0	2
4	73	0	2	0	2
4	74	3	2	3	2
4	75	2	2	2	6
4	76	0	2	1	2
4	77	0	2	-1	1
4	78	2	3	3	4
4	79	4	2	4	4
4	80	2	4	0	6
4	81	0	2	0	0
4	82	2	2	2	5
4	83	4	3	4	4
4	84	6	4	9	6
4	85	3	3	3	3
4	86	0	2	1	4
4	87	0	1	0	3
4	88	0	1	-1	2
4	89	3	2	4	2
4	90	1	3	5	4
4	91	2	2	0	4
4	92	1	1	0	4
4	93	2	3	3	5
4	94	3	4	4	5
4	95	5	1	2	4
4	96	0	2	2	3
4	97	2	3	3	6
4	98	4	3	3	5
4	99	4	4	3	4
4	100	0	2	1	1
4	101	0	0	-1	0
4	102	0	1	-2	0
4	103	0	2	-3	1
4	104	1	1	1	2
4	105	1	1	0	2
4	106	1	2	4	5
4	107	3	4	4	5
4	108	4	4	5	7
4	109	2	3	2	4
4	110	5	3	5	5
4	111	2	3	0	5
4	112	1	4	2	1
4	113	2	2	4	4
4	114	5	4	5	5
4	115	5	2	3	6
4	116	1	3	2	5
4	117	2	2	1	3
4	118	5	3	4	3
4	119	0	1	2	3
4	120	1	3	2	4
5	1	0	2	2	3
5	2	2	3	5	6
5	3	5	2	4	3
5	4	0	0	3	2
5	5	2	2	4	2
5	6	2	2	6	3
5	7	0	2	0	2
5	8	4	3	4	3
5	9	3	3	6	7
5	10	2	3	4	5
5	11	0	2	2	1
5	12	1	1	1	3
5	13	0	1	6	3
5	14	3	4	6	5
5	15	4	4	7	5
5	16	4	4	6	6
5	17	0	1	-1	1
5	18	3	3	1	2
5	19	3	3	2	3
5	20	5	5	6	4
5	21	2	3	4	4
5	22	4	4	5	5
5	23	4	4	6	3
5	24	2	3	6	4
5	25	2	3	2	4
5	26	0	1	3	1
5	27	2	3	5	5
5	28	3	3	6	4
5	29	0	2	3	1
5	30	0	1	1	1
5	31	4	3	3	4
5	32	1	2	3	3
5	33	6	3	4	4
5	34	5	5	5	5
5	35	3	3	2	4
5	36	5	5	4	5
5	37	2	3	3	3
5	38	2	3	3	4
5	39	1	2	5	2
5	40	2	2	3	4
5	41	5	3	6	3
5	42	4	4	5	2
5	43	3	3	5	2
5	44	2	3	4	5
5	45	5	3	5	3
5	46	1	2	4	3
5	47	3	3	4	5
5	48	3	3	6	5
5	49	0	2	1	1
5	50	3	1	4	3
5	51	1	1	0	0
5	52	0	2	2	4
5	53	1	3	3	1
5	54	4	4	6	5
5	55	2	4	2	4
5	56	1	2	2	1
5	57	8	4	7	3
5	58	2	3	2	5
5	59	3	2	3	2
5	60	3	2	1	3
5	61	-1	0	-3	0
5	62	0	2	-1	1
5	63	0	0	-2	0
5	64	-2	2	-2	0
5	65	1	1	1	1
5	66	3	3	6	1
5	67	3	3	7	2
5	68	0	2	0	1
5	69	1	4	3	2
5	70	1	0	2	0
5	71	0	2	2	1
5	72	0	3	2	2
5	73	3	2	1	3
5	74	1	2	4	2
5	75	0	1	1	2
5	76	1	1	2	2
5	77	-1	0	-1	1
5	78	0	2	0	2
5	79	0	1	0	0
5	80	1	2	1	2
5	81	0	0	0	0
5	82	1	1	3	3
5	83	0	3	3	3
5	84	2	2	2	2
5	85	6	5	11	5
5	86	5	4	5	5
5	87	3	3	7	4
5	88	3	4	3	4
5	89	1	2	0	2
5	90	1	3	4	4
5	91	0	2	1	1
5	92	0	1	3	1
5	93	2	2	3	3
5	94	1	1	1	3
5	95	0	2	2	2
5	96	5	3	6	2
5	97	4	4	4	5
5	98	2	3	2	3
5	99	1	3	4	1
5	100	0	3	2	4
5	101	1	3	1	1
5	102	0	3	0	3
5	103	0	0	1	0
5	104	3	1	3	2
5	105	3	1	1	1
5	106	0	2	0	1
5	107	-1	1	0	0
5	108	2	1	0	2
5	109	-1	0	-1	1
5	110	0	1	0	0
5	111	2	3	3	2
5	112	4	3	4	5
5	113	2	3	5	2
5	114	0	1	0	2
5	115	2	1	1	3
5	116	-1	1	0	0
5	117	1	1	0	3
5	118	0	0	0	2
5	119	0	1	0	0
5	120	0	3	1	2
6	1	0	1	-1	1
6	2	0	0	0	1
6	3	-1	0	0	2
6	4	0	0	2	3
6	5	-4	0	-1	0
6	6	-4	-1	-7	-2
6	7	-1	0	-4	0
6	8	-2	0	-4	-2
6	9	-1	0	-1	0
6	10	-1	0	-4	0
6	11	0	0	-1	2
6	12	-2	1	0	2
6	13	1	0	0	2
6	14	-1	0	0	1
6	15	-1	0	-1	0
6	16	-2	0	-5	0
6	17	0	1	-1	1
6	18	0	1	-2	2
6	19	0	0	1	2
6	20	0	1	0	2
6	21	1	1	0	2
6	22	0	-1	-2	1
6	23	0	2	0	1
6	24	4	3	5	4
6	25	4	2	2	5
6	26	1	1	6	3
6	27	2	1	3	6
6	28	-1	1	0	2
6	29	0	1	-1	3
6	30	-3	0	-3	0
6	31	-4	-1	-4	0
6	32	1	0	-1	0
6	33	1	0	0	2
6	34	0	0	0	1
6	35	-2	0	-6	0
6	36	-2	-1	-2	-1
6	37	-2	0	-5	0
6	38	0	1	-1	2
6	39	-2	0	-1	0
6	40	2	0	-2	0
6	41	-1	0	-3	1
6	42	1	0	-1	1
6	43	3	2	1	5
6	44	3	2	0	2
6	45	1	0	3	3
6	46	0	1	-1	1
6	47	0	1	0	3
6	48	-2	-1	-4	1
6	49	0	1	1	3
6	50	1	1	0	2
6	51	0	1	1	2
6	52	2	1	1	2
6	53	0	0	0	1
6	54	2	1	3	4
6	55	0	2	0	2
6	56	1	1	2	5
6	57	0	2	0	3
6	58	0	1	0	3
6	59	1	1	1	4
6	60	-2	1	0	1
6	61	0	1	1	0
6	62	4	2	2	4
6	63	0	1	-1	2
6	64	-1	1	0	2
6	65	0	1	0	1
6	66	-1	0	-1	1
6	67	0	0	-1	1
6	68	-1	2	0	1
6	69	1	1	0	2
6	70	0	0	0	3
6	71	1	0	0	3
6	72	0	0	0	2
6	73	1	0	2	4
6	74	0	1	0	3
6	75	0	2	-1	4
6	76	2	2	2	3
6	77	5	2	5	5
6	78	1	0	0	3
6	79	-1	0	0	0
6	80	-1	0	-4	1
6	81	-1	0	0	0
6	82	0	1	-2	2
6	83	2	1	1	4
6	84	3	1	2	4
6	85	2	0	-2	2
6	86	1	0	-1	4
6	87	2	0	2	4
6	88	-3	0	0	0
6	89	-2	0	-3	1
6	90	-2	0	-1	0
6	91	-5	-1	-4	0
6	92	-1	0	-3	0
6	93	0	0	-1	1
6	94	-4	-2	-5	0
6	95	-5	-1	-7	-1
6	96	-3	-1	-3	0
6	97	0	-1	-2	1
6	98	-2	0	-3	1
6	99	0	0	-2	0
6	100	-1	-1	-1	0
6	101	0	0	-3	2
6	102	0	0	0	3
6	103	1	2	4	5
6	104	2	1	1	4
6	105	0	1	2	4
6	106	0	0	-2	0
6	107	0	0	0	0
6	108	1	2	2	3
6	109	1	0	1	4
6	110	0	0	-2	0
6	111	-1	0	0	1
6	112	1	2	0	2
6	113	2	1	0	4
6	114	0	0	-1	0
6	115	-1	0	0	0
6	116	-1	0	-2	0
6	117	0	0	0	0
6	118	-2	-1	0	0
6	119	-1	0	-2	2
6	120	0	1	0	2
7	1	0	2	1	0
7	2	0	1	3	2
7	3	0	0	0	0
7	4	0	1	2	0
7	5	0	1	1	1
7	6	3	2	5	4
7	7	1	0	1	1
7	8	0	1	1	1
7	9	-1	0	0	0
7	10	2	2	6	3
7	11	2	3	6	2
7	12	3	3	6	3
7	13	2	2	6	0
7	14	0	2	1	0
7	15	3	3	4	2
7	16	1	1	5	2
7	17	1	0	7	2
7	18	0	1	3	2
7	19	0	2	2	0
7	20	0	2	1	0
7	21	-1	0	0	0
7	22	-3	1	0	0
7	23	-1	0	0	0
7	24	0	2	2	1
7	25	1	2	4	0
7	26	1	3	3	2
7	27	1	2	2	3
7	28	3	3	4	3
7	29	4	2	8	4
7	30	3	2	3	1
7	31	1	1	2	3
7	32	3	3	3	2
7	33	1	3	2	4
7	34	5	2	6	2
7	35	2	2	4	3
7	36	1	2	4	1
7	37	-1	2	0	0
7	38	1	1	3	0
7	39	-1	2	3	1
7	40	-3	1	-2	0
7	41	0	1	2	2
7	42	0	1	-1	0
7	43	5	2	6	2
7	44	3	3	5	2
7	45	-1	2	-1	0
7	46	3	2	5	2
7	47	1	1	2	1
7	48	3	3	4	4
7	49	2	3	7	3
7	50	1	3	4	1
7	51	2	2	5	2
7	52	1	0	1	1
7	53	0	0	2	1
7	54	1	0	2	0
7	55	2	3	4	2
7	56	-1	1	0	1
7	57	3	1	4	1
7	58	2	3	3	3
7	59	0	3	3	3
7	60	1	4	3	4
7	61	1	2	3	0
7	62	3	3	5	4
7	63	3	3	4	3
7	64	0	1	2	0
7	65	0	1	2	0
7	66	0	4	4	4
7	67	3	3	6	4
7	68	4	3	3	2
7	69	2	2	3	0
7	70	4	1	3	2
7	71	2	2	2	2
7	72	1	2	5	3
7	73	1	3	3	3
7	74	3	2	9	3
7	75	2	2	5	4
7	76	0	1	1	1
7	77	2	1	4	2
7	78	0	1	0	1
7	79	1	2	3	3
7	80	1	3	4	3
7	81	0	0	1	2
7	82	0	0	2	1
7	83	0	1	3	1
7	84	1	1	5	2
7	85	0	2	2	1
7	86	0	1	2	1
7	87	4	1	5	2
7	88	0	1	4	3
7	89	2	2	5	1
7	90	2	2	7	1
7	91	4	2	4	0
7	92	2	2	6	4
7	93	2	1	0	2
7	94	0	0	2	0
7	95	1	2	4	2
7	96	1	2	6	2
7	97	3	3	3	2
7	98	2	2	3	1
7	99	4	2	5	4
7	100	3	3	8	3
7	101	1	1	3	2
7	102	3	1	3	2
7	103	1	2	2	1
7	104	0	1	5	1
7	105	1	0	2	2
7	106	4	3	5	2
7	107	4	4	9	4
7	108	2	1	1	1
7	109	0	0	0	0
7	110	2	3	4	2
7	111	1	2	2	1
7	112	1	1	3	3
7	113	0	1	3	2
7	114	0	2	2	0
7	115	3	3	6	2
7	116	3	2	3	3
7	117	0	2	7	2
7	118	2	2	6	1
7	119	-2	0	-1	-1
7	120	-3	-1	-1	-1
8	1	1	4	4	5
8	2	5	4	4	4
8	3	5	4	5	5
8	4	4	4	5	6
8	5	5	5	4	6
8	6	4	5	3	3
8	7	0	1	0	2
8	8	1	4	-1	3
8	9	1	2	0	3
8	10	4	4	3	7
8	11	1	3	0	3
8	12	3	6	4	3
8	13	4	6	6	6
8	14	4	5	4	2
8	15	3	4	5	3
8	16	3	5	4	3
8	17	8	5	7	7
8	18	6	6	8	4
8	19	4	6	6	6
8	20	3	4	3	6
8	21	6	5	8	6
8	22	5	4	6	6
8	23	7	4	7	4
8	24	2	3	2	4
8	25	5	4	3	5
8	26	6	5	8	7
8	27	3	3	4	2
8	28	3	3	2	2
8	29	5	5	3	4
8	30	4	4	3	6
8	31	4	6	7	6
8	32	4	5	4	7
8	33	4	3	4	6
8	34	4	5	7	4
8	35	3	3	2	3
8	36	4	4	4	2
8	37	2	3	5	4
8	38	4	4	3	5
8	39	4	5	2	4
8	40	1	2	2	3
8	41	1	4	0	3
8	42	4	3	4	3
8	43	5	5	6	5
8	44	4	3	5	5
8	45	0	3	0	4
8	46	4	2	1	2
8	47	4	5	7	5
8	48	3	4	2	3
8	49	1	3	0	2
8	50	2	4	4	3
8	51	3	3	3	2
8	52	6	5	6	7
8	53	6	5	7	5
8	54	3	6	3	6
8	55	8	5	8	7
8	56	2	4	3	4
8	57	2	5	3	4
8	58	6	5	6	7
8	59	4	5	5	6
8	60	5	4	5	5
8	61	8	6	6	7
8	62	7	6	10	7
8	63	7	6	8	6
8	64	5	4	5	5
8	65	3	6	5	4
8	66	7	5	5	7
8	67	4	5	3	5
8	68	2	3	0	4
8	69	0	3	0	1
8	70	2	3	1	4
8	71	3	3	1	3
8	72	0	3	0	3
8	73	3	3	2	3
8	74	1	4	4	3
8	75	4	4	4	4
8	76	4	5	8	5
8	77	4	5	5	4
8	78	3	4	2	3
8	79	3	5	5	3
8	80	6	3	5	5
8	81	7	5	7	7
8	82	4	5	7	6
8	83	6	7	6	6
8	84	5	5	5	3
8	85	3	5	2	4
8	86	0	2	0	1
8	87	1	3	2	2
8	88	1	4	4	3
8	89	3	5	5	4
8	90	6	6	7	8
8	91	4	4	6	6
8	92	5	6	8	5
8	93	9	5	7	6
8	94	4	4	3	6
8	95	3	4	3	5
8	96	2	5	1	3
8	97	2	5	3	5
8	98	5	5	7	6
8	99	5	5	6	7
8	100	6	5	7	7
8	101	2	2	2	3
8	102	6	5	5	4
8	103	5	6	7	7
8	104	7	5	6	5
8	105	4	4	6	6
8	106	5	5	6	7
8	107	4	4	5	4
8	108	3	5	1	4
8	109	1	3	4	3
8	110	4	5	3	3
8	111	0	3	1	2
8	112	4	5	4	5
8	113	4	3	5	7
8	114	5	5	4	4
8	115	2	3	4	3
8	116	2	4	4	4
8	117	6	5	4	6
8	118	3	4	5	4
8	119	6	5	6	7
8	120	4	6	6	5
9	1	4	3	5	8
9	2	5	4	5	4
9	3	5	4	6	6
9	4	1	1	1	1
9	5	0	2	3	2
9	6	3	4	3	3
9	7	4	3	3	3
9	8	4	1	4	2
9	9	2	3	5	4
9	10	5	2	5	4
9	11	3	4	3	5
9	12	0	2	-1	1
9	13	2	1	1	3
9	14	3	2	1	3
9	15	4	2	3	3
9	16	1	3	0	2
9	17	3	3	5	5
9	18	6	3	6	4
9	19	1	2	3	3
9	20	0	2	0	2
9	21	1	3	2	2
9	22	3	1	3	3
9	23	1	2	0	3
9	24	1	1	0	2
9	25	2	1	-2	2
9	26	2	3	3	3
9	27	5	4	4	3
9	28	1	3	0	3
9	29	6	3	5	4
9	30	5	3	6	4
9	31	6	3	6	8
9	32	3	2	3	5
9	33	4	3	2	4
9	34	3	4	4	3
9	35	3	3	1	3
9	36	2	2	2	5
9	37	6	4	6	6
9	38	6	3	4	6
9	39	3	5	2	5
9	40	2	2	3	3
9	41	2	4	2	4
9	42	1	1	0	2
9	43	3	2	2	3
9	44	2	2	1	4
9	45	0	3	3	3
9	46	1	3	4	4
9	47	2	2	0	1
9	48	3	3	4	5
9	49	4	3	3	4
9	50	3	4	5	4
9	51	2	2	0	4
9	52	4	3	5	4
9	53	3	3	5	3
9	54	4	3	1	3
9	55	1	2	1	4
9	56	5	2	4	6
9	57	5	4	4	6
9	58	2	2	0	1
9	59	1	2	3	3
9	60	1	3	1	3
9	61	2	2	0	2
9	62	3	2	3	2
9	63	2	3	3	2
9	64	2	1	0	3
9	65	2	1	1	3
9	66	3	2	0	1
9	67	0	2	1	2
9	68	0	1	1	2
9	69	4	3	4	4
9	70	2	3	3	4
9	71	1	3	2	5
9	72	6	4	4	4
9	73	2	3	6	5
9	74	4	3	6	6
9	75	5	5	5	5
9	76	3	3	4	5
9	77	0	2	2	3
9	78	2	3	0	4
9	79	2	1	1	3
9	80	2	2	1	3
9	81	3	2	2	3
9	82	0	2	1	0
9	83	2	1	0	1
9	84	0	1	-2	1
9	85	1	1	2	0
9	86	2	2	0	1
9	87	2	3	2	5
9	88	1	2	0	1
9	89	3	2	3	3
9	90	1	2	0	2
9	91	0	2	0	2
9	92	1	2	1	1
9	93	0	2	1	1
9	94	4	2	5	4
9	95	2	1	0	4
9	96	3	4	2	5
9	97	1	3	2	4
9	98	1	4	1	2
9	99	2	2	1	5
9	100	4	3	4	5
9	101	2	1	1	3
9	102	2	2	2	4
9	103	3	3	5	5
9	104	2	3	2	3
9	105	3	2	5	3
9	106	4	2	3	4
9	107	3	3	4	3
9	108	4	4	5	3
9	109	2	2	1	3
9	110	3	4	4	5
9	111	4	4	4	6
9	112	4	3	5	4
9	113	5	5	8	7
9	114	3	2	4	2
9	115	2	3	2	2
9	116	5	3	2	4
9	117	3	4	4	4
9	118	4	4	7	5
9	119	3	3	3	5
9	120	4	2	6	4
10	1	1	2	3	3
10	2	2	1	0	4
10	3	4	3	5	5
10	4	6	4	9	7
10	5	3	2	8	7
10	6	3	2	6	5
10	7	4	2	5	4
10	8	2	4	0	3
10	9	2	1	2	2
10	10	1	2	3	3
10	11	3	4	4	5
10	12	4	4	2	4
10	13	2	1	2	4
10	14	4	3	5	6
10	15	3	4	7	4
10	16	3	3	5	4
10	17	3	3	5	4
10	18	2	4	3	5
10	19	3	2	6	6
10	20	1	1	2	3
10	21	2	3	5	4
10	22	3	2	3	4
10	23	1	3	5	5
10	24	1	3	6	4
10	25	1	1	3	4
10	26	4	2	2	3
10	27	2	3	5	5
10	28	3	3	5	5
10	29	4	4	4	6
10	30	0	1	0	2
10	31	5	3	3	4
10	32	4	2	6	6
10	33	0	2	0	4
10	34	-1	0	1	1
10	35	1	2	6	4
10	36	6	4	6	7
10	37	2	2	5	4
10	38	2	3	2	3
10	39	4	3	4	5
10	40	3	2	4	4
10	41	4	3	5	4
10	42	4	3	4	5
10	43	0	3	0	3
10	44	1	2	3	2
10	45	1	2	1	4
10	46	0	0	3	2
10	47	3	2	5	5
10	48	4	3	5	6
10	49	2	3	2	4
10	50	3	2	4	5
10	51	3	2	2	5
10	52	-1	1	-1	2
10	53	3	1	2	4
10	54	2	3	4	5
10	55	1	2	2	3
10	56	1	2	3	3
10	57	2	3	3	3
10	58	2	2	4	2
10	59	2	1	6	4
10	60	0	4	5	5
10	61	3	3	2	5
10	62	1	3	2	3
10	63	3	3	4	5
10	64	1	3	3	4
10	65	2	3	4	5
10	66	1	3	4	4
10	67	6	3	7	6
10	68	5	2	4	5
10	69	2	1	3	4
10	70	3	2	5	4
10	71	2	3	4	5
10	72	0	1	0	2
10	73	1	1	1	4
10	74	2	4	4	5
10	75	2	2	5	5
10	76	5	3	6	6
10	77	4	3	6	6
10	78	4	3	8	5
10	79	1	0	2	4
10	80	2	3	4	5
10	81	2	3	4	4
10	82	5	1	6	7
10	83	0	1	5	5
10	84	0	2	2	3
10	85	5	3	5	6
10	86	1	1	0	1
10	87	0	1	-1	1
10	88	2	2	2	2
10	89	0	2	5	4
10	90	3	2	6	5
10	91	3	2	6	4
10	92	4	2	6	5
10	93	0	1	2	3
10	94	0	2	5	4
10	95	0	1	2	3
10	96	4	4	4	5
10	97	0	3	4	4
10	98	2	1	5	5
10	99	0	2	1	3
10	100	2	2	0	2
10	101	5	4	7	6
10	102	1	4	4	5
10	103	3	1	3	3
10	104	4	2	4	5
10	105	3	3	4	6
10	106	1	2	4	5
10	107	2	2	4	4
10	108	0	0	3	4
10	109	2	1	4	3
10	110	0	2	1	3
10	111	0	1	2	1
10	112	-1	1	0	2
10	113	1	2	0	4
10	114	0	1	2	3
10	115	1	1	1	3
10	116	0	1	0	4
10	117	0	2	1	2
10	118	1	1	1	3
10	119	0	2	1	2
10	120	4	3	4	4
11	1	0	0	1	1
11	2	-1	0	0	1
11	3	1	1	5	5
11	4	1	1	0	1
11	5	1	0	1	3
11	6	3	1	4	4
11	7	2	1	2	3
11	8	0	0	-1	2
11	9	0	1	-1	1
11	10	0	0	1	1
11	11	3	2	1	3
11	12	2	1	0	3
11	13	-2	0	-1	0
11	14	1	1	2	1
11	15	4	2	4	4
11	16	3	3	5	4
11	17	6	4	7	6
11	18	5	2	8	4
11	19	1	1	2	3
11	20	2	2	3	3
11	21	2	0	1	1
11	22	2	2	2	4
11	23	4	2	3	4
11	24	3	2	6	4
11	25	3	2	2	2
11	26	2	1	2	1
11	27	0	1	0	1
11	28	0	0	0	0
11	29	2	1	1	3
11	30	2	1	5	2
11	31	0	1	0	2
11	32	0	0	0	1
11	33	0	0	-2	2
11	34	1	2	2	3
11	35	5	3	6	3
11	36	0	0	0	1
11	37	0	0	0	0
11	38	1	1	2	3
11	39	2	1	0	1
11	40	3	1	-1	1
11	41	0	1	1	0
11	42	0	1	0	1
11	43	0	0	1	3
11	44	0	1	2	2
11	45	-2	0	0	0
11	46	-2	0	0	1
11	47	3	3	0	3
11	48	-1	1	0	1
11	49	-3	0	-3	-1
11	50	0	1	0	2
11	51	0	0	1	2
11	52	0	0	0	0
11	53	0	0	0	1
11	54	1	0	0	3
11	55	0	2	2	1
11	56	2	1	2	1
11	57	2	2	3	2
11	58	3	1	0	2
11	59	3	1	0	2
11	60	1	2	2	1
11	61	1	0	3	2
11	62	0	0	0	0
11	63	0	0	0	1
11	64	-3	0	0	1
11	65	2	0	3	3
11	66	2	1	3	3
11	67	0	2	-1	2
11	68	0	0	0	0
11	69	-1	0	0	0
11	70	0	0	0	0
11	71	0	0	1	1
11	72	-2	0	-2	-1
11	73	0	1	-2	0
11	74	0	1	0	1
11	75	0	1	-1	1
11	76	5	3	5	4
11	77	4	4	5	4
11	78	4	2	3	6
11	79	1	3	1	3
11	80	0	1	3	2
11	81	2	2	3	1
11	82	2	2	-1	1
11	83	0	0	-2	-1
11	84	-1	0	-2	0
11	85	0	1	-2	1
11	86	0	0	1	1
11	87	1	0	0	0
11	88	0	0	-1	2
11	89	1	0	0	0
11	90	0	1	-1	0
11	91	-1	1	-2	0
11	92	-1	0	-3	0
11	93	0	0	-2	0
11	94	1	1	1	2
11	95	0	0	-1	0
11	96	0	0	-2	0
11	97	-1	0	-1	1
11	98	0	1	0	2
11	99	1	1	0	1
11	100	2	1	4	3
11	101	0	2	-1	0
11	102	1	0	0	1
11	103	2	1	4	3
11	104	0	1	0	1
11	105	-1	0	-1	0
11	106	-1	1	-2	0
11	107	1	0	-2	1
11	108	5	3	7	4
11	109	2	3	4	2
11	110	0	2	1	4
11	111	0	1	1	4
11	112	2	1	0	2
11	113	1	3	1	3
11	114	4	3	7	6
11	115	3	0	0	2
11	116	2	1	3	1
11	117	2	1	3	2
11	118	0	0	0	1
11	119	2	2	0	5
11	120	3	3	4	3
12	1	2	1	0	3
12	2	1	2	1	3
12	3	1	2	3	4
12	4	3	1	5	4
12	5	3	3	4	3
12	6	2	1	4	2
12	7	2	2	6	2
12	8	1	1	3	3
12	9	0	1	0	1
12	10	1	2	4	2
12	11	3	2	4	4
12	12	0	2	2	4
12	13	0	2	1	1
12	14	0	1	3	2
12	15	1	1	0	0
12	16	3	3	5	3
12	17	6	5	10	8
12	18	2	4	6	4
12	19	3	3	7	5
12	20	0	2	2	3
12	21	2	1	2	3
12	22	2	2	2	4
12	23	1	1	3	3
12	24	1	2	4	2
12	25	0	2	2	3
12	26	3	2	4	4
12	27	-1	1	1	2
12	28	1	2	5	3
12	29	2	3	4	4
12	30	2	2	6	2
12	31	5	4	8	6
12	32	0	1	2	2
12	33	0	2	2	2
12	34	0	0	1	2
12	35	0	1	-1	1
12	36	3	3	4	4
12	37	3	2	6	4
12	38	0	1	1	1
12	39	-1	1	-1	0
12	40	1	1	4	2
12	41	1	2	2	3
12	42	0	2	0	2
12	43	3	0	4	3
12	44	3	3	5	4
12	45	0	1	3	3
12	46	0	2	0	2
12	47	0	2	3	3
12	48	2	3	5	5
12	49	1	2	4	3
12	50	0	1	2	3
12	51	0	1	0	0
12	52	0	0	3	2
12	53	0	1	0	2
12	54	0	1	1	3
12	55	0	1	2	4
12	56	1	3	3	4
12	57	1	0	2	2
12	58	-2	0	1	0
12	59	-1	-1	-3	0
12	60	0	1	0	2
12	61	0	1	1	4
12	62	1	1	3	4
12	63	0	2	0	2
12	64	0	3	2	0
12	65	0	1	0	3
12	66	4	2	5	4
12	67	0	2	3	2
12	68	0	1	2	3
12	69	3	2	6	4
12	70	0	1	1	2
12	71	0	2	4	5
12	72	2	2	7	3
12	73	0	0	1	2
12	74	-1	1	0	3
12	75	1	1	3	1
12	76	0	2	3	3
12	77	2	3	4	4
12	78	0	2	0	0
12	79	1	1	0	2
12	80	0	1	2	1
12	81	1	1	2	1
12	82	3	3	8	5
12	83	2	3	4	5
12	84	0	2	1	3
12	85	1	2	3	3
12	86	3	3	8	5
12	87	2	3	7	3
12	88	3	3	6	4
12	89	0	1	2	2
12	90	0	0	1	2
12	91	0	2	0	2
12	92	0	1	3	5
12	93	3	2	5	6
12	94	2	2	6	5
12	95	1	1	1	3
12	96	2	1	6	4
12	97	3	3	4	5
12	98	1	3	6	3
12	99	2	2	3	2
12	100	2	1	3	3
12	101	1	1	2	2
12	102	1	2	7	4
12	103	1	1	1	1
12	104	0	1	3	3
12	105	0	1	1	3
12	106	0	0	-1	0
12	107	0	1	0	2
12	108	0	0	1	2
12	109	0	1	1	2
12	110	0	0	3	2
12	111	2	1	4	4
12	112	2	3	4	4
12	113	0	3	4	4
12	114	0	2	5	4
12	115	3	2	7	3
12	116	2	2	0	4
12	117	0	2	2	2
12	118	-1	1	3	3
12	119	1	1	2	2
12	120	2	2	3	2
13	1	2	3	4	4
13	2	1	2	3	3
13	3	-1	1	2	2
13	4	0	2	0	3
13	5	1	3	2	3
13	6	1	3	4	2
13	7	1	4	4	4
13	8	0	1	1	2
13	9	1	4	3	5
13	10	3	4	7	4
13	11	1	4	3	3
13	12	4	4	5	4
13	13	4	2	5	3
13	14	-1	2	0	0
13	15	0	2	0	3
13	16	0	2	2	2
13	17	0	2	-1	0
13	18	1	2	1	3
13	19	5	5	7	5
13	20	2	4	3	3
13	21	2	3	1	3
13	22	2	3	3	3
13	23	3	3	1	3
13	24	3	3	6	5
13	25	0	2	0	2
13	26	1	3	0	1
13	27	3	3	4	1
13	28	1	2	2	1
13	29	2	3	2	2
13	30	2	3	4	3
13	31	0	2	1	0
13	32	0	2	2	2
13	33	2	1	5	3
13	34	0	1	0	0
13	35	0	2	0	3
13	36	0	3	0	2
13	37	2	2	1	2
13	38	3	3	5	3
13	39	1	2	1	2
13	40	0	0	-2	1
13	41	0	0	-2	0
13	42	-1	1	0	1
13	43	0	3	3	3
13	44	4	5	4	3
13	45	2	4	5	3
13	46	1	2	1	1
13	47	3	3	0	4
13	48	1	3	1	3
13	49	0	2	0	2
13	50	3	2	2	3
13	51	1	2	3	2
13	52	-1	2	0	1
13	53	1	3	0	2
13	54	0	3	0	0
13	55	0	2	0	1
13	56	2	2	0	3
13	57	0	1	0	0
13	58	0	2	0	0
13	59	0	2	0	2
13	60	1	3	0	2
13	61	1	3	3	1
13	62	2	3	3	3
13	63	0	3	2	2
13	64	0	3	3	2
13	65	1	2	3	3
13	66	2	1	1	1
13	67	0	2	0	3
13	68	2	3	4	3
13	69	0	0	0	2
13	70	0	2	2	2
13	71	0	2	1	2
13	72	0	0	-1	1
13	73	0	3	2	3
13	74	0	2	2	2
13	75	3	3	3	2
13	76	3	3	4	3
13	77	0	1	0	1
13	78	2	3	3	0
13	79	1	3	2	3
13	80	0	2	1	1
13	81	0	2	3	1
13	82	0	3	2	1
13	83	-1	1	-3	0
13	84	0	1	0	0
13	85	-1	0	0	1
13	86	-1	1	-1	1
13	87	0	2	1	1
13	88	-1	2	1	2
13	89	-1	2	0	0
13	90	0	2	1	2
13	91	1	3	2	4
13	92	1	2	2	2
13	93	1	3	3	2
13	94	0	1	-1	1
13	95	2	2	5	4
13	96	0	2	4	4
13	97	2	2	5	2
13	98	1	2	8	4
13	99	-1	2	4	2
13	100	1	2	2	4
13	101	0	2	2	1
13	102	1	2	1	3
13	103	0	1	0	2
13	104	2	2	4	3
13	105	2	2	6	3
13	106	0	1	0	1
13	107	-1	0	0	0
13	108	0	3	3	0
13	109	2	3	2	3
13	110	3	5	4	6
13	111	2	3	3	3
13	112	-1	2	-1	0
13	113	-1	1	1	2
13	114	1	3	6	1
13	115	2	2	3	4
13	116	1	1	2	2
13	117	2	2	2	1
13	118	2	4	4	5
13	119	1	4	3	4
13	120	-3	0	0	1
14	1	1	1	2	2
14	2	4	0	5	3
14	3	1	2	3	3
14	4	2	1	5	2
14	5	4	2	4	2
14	6	3	1	4	1
14	7	4	3	3	3
14	8	4	3	6	3
14	9	3	1	4	2
14	10	2	1	3	2
14	11	1	1	3	2
14	12	0	0	0	0
14	13	1	1	3	3
14	14	1	1	0	0
14	15	-1	0	-1	-2
14	16	-2	0	1	0
14	17	2	2	2	3
14	18	3	2	7	2
14	19	1	1	0	2
14	20	2	1	4	2
14	21	1	1	0	0
14	22	0	0	1	0
14	23	1	1	0	0
14	24	1	1	3	3
14	25	4	1	4	2
14	26	5	3	4	3
14	27	3	1	8	7
14	28	4	2	6	3
14	29	2	0	2	2
14	30	1	1	0	1
14	31	1	1	4	3
14	32	4	2	1	2
14	33	2	0	4	0
14	34	1	2	2	0
14	35	1	2	1	2
14	36	4	2	6	3
14	37	6	4	4	2
14	38	3	2	7	3
14	39	4	2	4	3
14	40	2	1	3	2
14	41	4	2	7	2
14	42	3	1	2	2
14	43	1	1	1	1
14	44	2	0	1	0
14	45	2	2	5	3
14	46	3	2	3	1
14	47	0	0	1	2
14	48	3	2	5	1
14	49	1	1	1	0
14	50	1	0	3	2
14	51	3	1	2	3
14	52	1	1	2	2
14	53	1	1	3	2
14	54	4	4	4	2
14	55	3	2	5	1
14	56	6	4	9	5
14	57	6	3	7	7
14	58	3	1	6	4
14	59	3	2	2	4
14	60	2	0	4	0
14	61	5	3	6	3
14	62	2	3	7	4
14	63	3	3	8	5
14	64	3	2	4	4
14	65	0	2	3	2
14	66	6	2	6	2
14	67	4	2	4	3
14	68	1	1	5	3
14	69	2	0	0	1
14	70	2	1	2	2
14	71	4	2	6	3
14	72	2	2	3	3
14	73	2	2	3	2
14	74	0	0	-1	1
14	75	0	0	1	0
14	76	4	2	5	2
14	77	0	2	1	1
14	78	0	1	3	1
14	79	1	0	0	0
14	80	2	1	2	1
14	81	3	2	3	2
14	82	0	0	0	-1
14	83	1	1	0	1
14	84	0	0	2	3
14	85	3	1	5	4
14	86	1	1	2	2
14	87	2	2	2	1
14	88	3	1	3	1
14	89	2	0	4	1
14	90	4	2	4	4
14	91	4	3	2	2
14	92	3	3	4	2
14	93	2	1	5	3
14	94	5	2	4	3
14	95	2	2	5	5
14	96	5	2	8	3
14	97	3	1	4	2
14	98	2	2	2	3
14	99	1	0	0	0
14	100	1	3	3	4
14	101	3	1	4	3
14	102	3	2	5	3
14	103	4	3	6	6
14	104	1	1	0	0
14	105	-1	0	0	0
14	106	3	2	1	2
14	107	3	2	2	2
14	108	0	0	-3	0
14	109	0	0	1	0
14	110	4	2	3	1
14	111	5	2	4	4
14	112	1	0	2	2
14	113	3	2	4	2
14	114	0	0	1	2
14	115	3	2	3	4
14	116	2	0	4	2
14	117	3	2	5	3
14	118	4	3	6	4
14	119	3	1	4	2
14	120	2	3	4	3
15	1	0	0	1	1
15	2	4	4	6	5
15	3	3	3	4	3
15	4	2	3	6	4
15	5	3	2	5	3
15	6	1	2	1	3
15	7	0	2	1	1
15	8	0	0	1	0
15	9	3	3	5	3
15	10	-1	0	0	1
15	11	2	3	3	4
15	12	2	2	5	4
15	13	3	3	5	5
15	14	3	3	5	4
15	15	1	3	5	4
15	16	2	2	4	4
15	17	3	3	3	3
15	18	2	3	2	3
15	19	4	2	6	3
15	20	3	3	4	3
15	21	1	2	2	3
15	22	1	2	2	3
15	23	2	2	3	3
15	24	-1	1	2	2
15	25	1	2	5	2
15	26	1	3	3	4
15	27	0	3	3	4
15	28	3	2	2	3
15	29	0	1	2	3
15	30	0	2	1	1
15	31	0	2	5	3
15	32	6	3	10	5
15	33	5	4	4	3
15	34	1	3	3	3
15	35	-1	2	6	4
15	36	0	2	2	2
15	37	0	1	4	2
15	38	2	2	3	3
15	39	4	2	4	3
15	40	4	2	5	4
15	41	3	3	5	4
15	42	1	3	5	5
15	43	2	2	2	2
15	44	0	1	1	1
15	45	0	1	-1	0
15	46	0	3	2	2
15	47	1	3	2	3
15	48	1	3	3	5
15	49	4	2	3	4
15	50	0	2	1	1
15	51	0	2	1	2
15	52	0	2	2	0
15	53	3	3	7	5
15	54	0	3	3	5
15	55	1	1	0	0
15	56	0	0	0	1
15	57	0	2	1	2
15	58	3	3	7	5
15	59	4	5	8	5
15	60	2	3	5	4
15	61	4	4	4	4
15	62	1	1	3	2
15	63	2	3	1	1
15	64	1	2	4	3
15	65	3	2	5	2
15	66	0	1	1	1
15	67	-1	0	0	0
15	68	0	1	2	2
15	69	0	2	1	1
15	70	3	3	5	3
15	71	1	0	0	1
15	72	0	2	0	2
15	73	1	3	3	3
15	74	3	3	5	4
15	75	2	2	5	3
15	76	3	2	3	3
15	77	1	2	6	5
15	78	2	3	5	4
15	79	2	4	7	5
15	80	1	3	2	2
15	81	3	3	5	3
15	82	4	2	8	5
15	83	4	2	4	3
15	84	4	4	11	5
15	85	4	4	7	5
15	86	4	2	4	3
15	87	2	2	7	5
15	88	3	2	8	6
15	89	1	2	6	3
15	90	3	3	3	3
15	91	2	2	2	2
15	92	2	1	3	1
15	93	1	3	0	3
15	94	0	0	3	2
15	95	0	4	3	4
15	96	0	1	-1	1
15	97	0	1	1	2
15	98	2	2	5	5
15	99	3	3	5	6
15	100	3	3	3	2
15	101	2	4	4	4
15	102	1	3	3	4
15	103	0	2	2	1
15	104	1	1	3	1
15	105	3	4	5	5
15	106	1	1	1	2
15	107	1	2	2	2
15	108	4	3	9	4
15	109	0	2	3	3
15	110	1	3	3	3
15	111	1	1	5	3
15	112	2	3	4	3
15	113	1	2	6	4
15	114	1	3	4	3
15	115	1	2	5	4
15	116	4	3	8	5
15	117	4	4	5	6
15	118	2	2	0	4
15	119	0	1	3	3
15	120	2	2	3	4
16	1	1	0	1	3
16	2	3	1	2	4
16	3	1	1	0	4
16	4	1	1	2	3
16	5	-4	0	-4	0
16	6	0	0	0	0
16	7	-1	0	0	1
16	8	0	0	0	1
16	9	-4	-1	-5	-3
16	10	-2	-1	0	0
16	11	0	0	0	1
16	12	2	1	2	1
16	13	2	0	3	3
16	14	4	2	6	4
16	15	3	1	4	3
16	16	1	0	4	1
16	17	0	1	2	2
16	18	-1	1	-3	0
16	19	2	1	1	1
16	20	-3	0	-4	0
16	21	0	0	1	1
16	22	0	1	1	3
16	23	1	0	3	2
16	24	0	1	0	1
16	25	0	0	0	1
16	26	0	0	1	2
16	27	1	0	0	2
16	28	-2	0	-1	1
16	29	-5	-1	-4	-1
16	30	-1	0	0	-1
16	31	-2	-1	0	0
16	32	0	-1	-2	0
16	33	-3	0	-2	0
16	34	1	1	1	1
16	35	0	1	5	3
16	36	2	1	2	2
16	37	2	1	5	5
16	38	0	-1	0	2
16	39	-2	0	-3	0
16	40	-1	0	0	1
16	41	0	0	0	-1
16	42	0	0	0	1
16	43	0	0	0	1
16	44	-1	0	2	2
16	45	-2	0	-1	0
16	46	-1	0	-2	0
16	47	0	0	0	0
16	48	1	0	1	2
16	49	-1	1	2	1
16	50	0	0	0	0
16	51	0	0	1	0
16	52	1	1	0	2
16	53	-2	0	0	0
16	54	1	0	-2	0
16	55	0	0	-1	0
16	56	-1	0	-4	0
16	57	0	0	2	0
16	58	-5	0	-5	-1
16	59	-3	0	-1	0
16	60	-2	-1	-1	0
16	61	0	0	0	1
16	62	0	-1	0	1
16	63	1	1	2	3
16	64	1	1	4	2
16	65	1	0	0	1
16	66	3	2	5	2
16	67	4	2	5	3
16	68	0	1	2	4
16	69	-2	0	-1	1
16	70	0	0	1	1
16	71	0	0	0	0
16	72	-2	-1	-3	1
16	73	-4	0	-3	0
16	74	-2	0	-2	0
16	75	0	0	0	1
16	76	-1	0	0	0
16	77	0	1	0	2
16	78	-2	0	-1	-1
16	79	-5	0	-1	0
16	80	-1	0	-1	0
16	81	-1	-2	-4	0
16	82	-2	0	-2	-1
16	83	1	0	2	2
16	84	-2	0	-2	2
16	85	-2	0	-4	0
16	86	0	0	0	1
16	87	-1	0	-1	0
16	88	-2	-1	0	1
16	89	0	1	1	2
16	90	-1	0	-3	0
16	91	-2	0	-3	1
16	92	-1	0	1	0
16	93	-1	0	0	0
16	94	0	1	-1	0
16	95	1	2	0	2
16	96	2	0	3	2
16	97	1	1	0	2
16	98	1	0	3	1
16	99	-1	0	-2	0
16	100	0	0	0	1
16	101	0	-1	-1	1
16	102	0	0	2	3
16	103	1	0	3	4
16	104	0	0	-1	1
16	105	-1	0	-1	0
16	106	-1	1	1	1
16	107	0	0	1	1
16	108	1	1	3	2
16	109	0	0	1	0
16	110	-2	0	-3	2
16	111	-3	-1	-2	0
16	112	0	0	1	0
16	113	-1	0	0	2
16	114	-3	0	-1	0
16	115	-2	0	-3	0
16	116	1	0	-1	2
16	117	0	0	3	1
16	118	1	1	2	3
16	119	0	0	2	4
16	120	-1	0	0	0
17	1	1	2	1	3
17	2	0	1	-2	3
17	3	0	2	1	2
17	4	1	1	1	2
17	5	2	0	1	2
17	6	2	2	2	3
17	7	2	0	2	2
17	8	2	2	2	2
17	9	0	0	1	2
17	10	1	2	1	1
17	11	4	2	2	3
17	12	2	3	4	4
17	13	2	1	2	5
17	14	0	0	-3	0
17	15	3	3	2	4
17	16	0	0	-1	1
17	17	0	1	2	2
17	18	0	0	0	1
17	19	0	0	-3	2
17	20	2	0	2	3
17	21	-1	0	-1	1
17	22	1	0	2	1
17	23	0	1	0	1
17	24	1	1	4	3
17	25	2	0	4	4
17	26	2	1	0	2
17	27	1	1	1	2
17	28	3	3	4	3
17	29	0	2	4	3
17	30	3	2	4	4
17	31	2	2	0	4
17	32	1	2	1	1
17	33	1	2	3	4
17	34	-1	0	0	1
17	35	2	2	0	2
17	36	1	1	4	3
17	37	-1	0	0	2
17	38	1	2	0	2
17	39	-1	0	1	1
17	40	1	0	0	4
17	41	3	2	2	4
17	42	2	2	4	3
17	43	4	2	0	3
17	44	6	3	7	7
17	45	2	1	1	3
17	46	2	2	6	4
17	47	3	2	3	4
17	48	3	1	4	3
17	49	4	3	7	4
17	50	3	2	5	3
17	51	5	3	5	6
17	52	3	3	4	4
17	53	3	2	2	2
17	54	2	2	2	2
17	55	0	2	4	3
17	56	-1	0	0	1
17	57	0	2	0	1
17	58	3	2	5	4
17	59	2	2	2	3
17	60	0	0	-2	1
17	61	2	3	4	3
17	62	5	3	7	6
17	63	2	2	1	2
17	64	0	0	-1	1
17	65	0	1	0	0
17	66	0	0	0	1
17	67	3	2	1	2
17	68	0	1	-1	1
17	69	2	2	2	4
17	70	2	1	3	4
17	71	0	0	0	2
17	72	0	1	-1	3
17	73	0	0	3	2
17	74	0	1	2	2
17	75	0	1	0	2
17	76	1	1	0	0
17	77	0	0	-2	1
17	78	1	0	1	2
17	79	0	0	0	1
17	80	0	0	-2	0
17	81	0	0	0	0
17	82	0	1	-2	1
17	83	2	0	0	2
17	84	0	1	1	2
17	85	0	1	1	1
17	86	2	1	2	4
17	87	3	2	3	3
17	88	3	2	4	2
17	89	3	2	6	5
17	90	3	2	3	3
17	91	3	2	4	4
17	92	1	1	3	3
17	93	4	2	1	3
17	94	0	1	0	3
17	95	1	2	5	4
17	96	1	0	1	2
17	97	0	1	0	0
17	98	3	2	2	2
17	99	4	1	4	6
17	100	2	2	3	4
17	101	2	2	2	4
17	102	2	2	5	2
17	103	3	1	3	4
17	104	0	0	0	1
17	105	-1	0	-1	0
17	106	-1	0	-1	0
17	107	1	2	1	2
17	108	0	0	0	3
17	109	2	1	0	0
17	110	1	1	3	5
17	111	1	2	2	3
17	112	1	2	6	4
17	113	5	2	5	6
17	114	4	3	3	4
17	115	3	2	5	5
17	116	2	1	3	5
17	117	0	1	2	1
17	118	0	0	0	0
17	119	-1	0	0	1
17	120	0	0	2	2
18	1	3	4	3	5
18	2	0	1	4	3
18	3	2	4	1	2
18	4	1	3	2	2
18	5	3	5	3	4
18	6	5	6	6	6
18	7	6	5	6	5
18	8	6	5	8	6
18	9	4	6	6	4
18	10	6	4	4	5
18	11	1	3	7	5
18	12	4	5	4	5
18	13	6	5	11	7
18	14	8	6	7	7
18	15	2	4	4	4
18	16	1	2	1	1
18	17	2	3	0	4
18	18	4	4	2	5
18	19	3	3	2	5
18	20	4	5	6	4
18	21	3	4	1	4
18	22	5	5	8	6
18	23	3	3	4	4
18	24	4	4	3	5
18	25	4	5	4	6
18	26	5	6	7	5
18	27	5	5	9	7
18	28	5	5	8	6
18	29	7	5	8	7
18	30	9	6	8	8
18	31	3	4	3	4
18	32	5	6	8	5
18	33	7	6	5	6
18	34	5	5	6	4
18	35	0	4	5	4
18	36	1	2	1	4
18	37	4	5	4	5
18	38	2	5	8	7
18	39	5	5	4	6
18	40	3	4	4	4
18	41	2	4	1	3
18	42	2	4	0	1
18	43	5	5	5	4
18	44	3	6	5	6
18	45	6	4	7	4
18	46	4	6	6	6
18	47	2	5	5	5
18	48	6	5	7	6
18	49	2	3	1	3
18	50	3	4	5	5
18	51	4	4	6	6
18	52	6	6	7	6
18	53	5	4	7	5
18	54	5	4	5	6
18	55	5	5	7	5
18	56	6	7	7	6
18	57	6	7	9	8
18	58	5	5	11	7
18	59	2	6	4	5
18	60	3	5	4	6
18	61	3	5	6	8
18	62	2	4	2	6
18	63	1	3	3	3
18	64	4	4	5	6
18	65	3	4	6	5
18	66	3	5	4	6
18	67	5	3	6	6
18	68	6	5	7	5
18	69	8	6	11	7
18	70	7	5	9	7
18	71	5	6	8	6
18	72	6	7	8	7
18	73	4	3	1	4
18	74	1	3	4	5
18	75	1	3	0	4
18	76	4	5	5	6
18	77	3	4	7	5
18	78	2	3	5	2
18	79	4	4	4	3
18	80	3	4	3	4
18	81	1	3	0	2
18	82	4	4	3	5
18	83	0	4	4	2
18	84	4	4	2	6
18	85	2	5	5	5
18	86	4	4	6	4
18	87	5	5	6	6
18	88	6	5	6	6
18	89	3	3	3	5
18	90	3	6	8	7
18	91	6	3	3	5
18	92	8	5	7	6
18	93	5	5	9	5
18	94	4	4	5	5
18	95	5	4	6	8
18	96	7	5	9	6
18	97	5	5	6	6
18	98	4	5	4	5
18	99	3	1	5	4
18	100	5	4	5	3
18	101	0	2	0	1
18	102	1	4	2	2
18	103	5	6	6	6
18	104	5	6	6	5
18	105	4	6	5	4
18	106	1	5	1	4
18	107	4	5	7	5
18	108	4	5	7	6
18	109	5	5	5	7
18	110	4	6	8	6
18	111	7	6	7	8
18	112	5	5	7	6
18	113	0	4	1	5
18	114	4	3	4	4
18	115	3	5	2	5
18	116	5	6	7	7
18	117	5	4	5	5
18	118	3	5	5	5
18	119	5	4	2	3
18	120	2	4	3	4
19	1	0	1	0	0
19	2	0	0	-1	0
19	3	3	3	4	3
19	4	3	2	4	4
19	5	3	3	4	4
19	6	1	1	1	3
19	7	2	0	-1	2
19	8	0	1	-2	2
19	9	-1	0	-2	3
19	10	2	1	2	1
19	11	0	2	1	1
19	12	1	1	1	2
19	13	1	0	0	0
19	14	0	1	0	1
19	15	2	1	0	3
19	16	0	2	0	2
19	17	1	2	3	2
19	18	1	1	-1	2
19	19	3	1	2	5
19	20	0	2	0	2
19	21	0	1	-4	1
19	22	0	0	0	2
19	23	3	2	3	4
19	24	3	2	2	3
19	25	2	3	3	5
19	26	1	2	4	4
19	27	1	2	0	1
19	28	1	1	-1	2
19	29	1	2	2	2
19	30	2	3	2	5
19	31	4	1	5	4
19	32	4	3	7	5
19	33	2	2	2	4
19	34	3	3	5	4
19	35	2	2	3	3
19	36	0	0	0	1
19	37	0	1	-1	1
19	38	-3	0	-4	0
19	39	-1	0	-3	1
19	40	0	1	1	1
19	41	0	1	0	2
19	42	0	1	0	1
19	43	0	1	1	4
19	44	4	1	2	4
19	45	3	2	4	4
19	46	3	3	3	4
19	47	2	2	2	5
19	48	2	1	1	3
19	49	1	2	4	5
19	50	2	0	1	4
19	51	4	3	6	5
19	52	1	2	4	4
19	53	2	1	0	2
19	54	2	2	2	4
19	55	0	2	2	1
19	56	1	2	0	1
19	57	0	1	2	2
19	58	1	3	2	3
19	59	0	1	1	1
19	60	1	2	1	2
19	61	0	2	3	3
19	62	0	2	0	1
19	63	1	1	0	2
19	64	3	3	3	4
19	65	2	2	5	4
19	66	3	3	3	4
19	67	1	2	0	2
19	68	3	2	3	3
19	69	1	2	2	3
19	70	0	1	1	2
19	71	3	3	2	2
19	72	0	2	1	2
19	73	0	2	-1	2
19	74	4	3	5	3
19	75	1	1	0	2
19	76	3	3	5	4
19	77	2	4	2	5
19	78	4	3	4	4
19	79	3	3	3	2
19	80	2	2	2	2
19	81	1	2	0	2
19	82	3	2	1	2
19	83	-1	0	0	-1
19	84	2	1	0	1
19	85	1	1	4	2
19	86	4	2	5	3
19	87	4	4	3	4
19	88	2	1	2	3
19	89	3	3	1	4
19	90	1	0	-1	0
19	91	2	1	-1	1
19	92	2	2	2	3
19	93	5	3	5	5
19	94	2	2	0	2
19	95	0	0	0	2
19	96	2	1	4	1
19	97	6	3	5	7
19	98	2	2	2	4
19	99	0	1	0	0
19	100	3	2	3	3
19	101	0	3	1	3
19	102	2	1	0	3
19	103	1	3	4	3
19	104	3	3	4	4
19	105	5	3	8	6
19	106	4	2	4	3
19	107	2	3	4	3
19	108	2	1	0	3
19	109	0	2	0	2
19	110	-2	1	0	0
19	111	0	1	0	1
19	112	0	2	1	1
19	113	1	2	-1	1
19	114	4	3	6	5
19	115	3	3	5	6
19	116	2	2	2	4
19	117	0	1	2	1
19	118	-1	1	0	1
19	119	0	0	0	1
19	120	1	1	-2	1
20	1	2	3	1	3
20	2	0	1	1	3
20	3	2	3	3	7
20	4	2	3	1	3
20	5	4	2	3	4
20	6	4	3	3	5
20	7	2	4	4	5
20	8	5	2	2	4
20	9	5	5	4	5
20	10	6	5	6	5
20	11	4	5	3	5
20	12	3	4	7	7
20	13	3	4	0	5
20	14	6	4	5	6
20	15	6	5	5	7
20	16	5	3	2	5
20	17	6	5	8	7
20	18	7	6	5	8
20	19	2	2	0	4
20	20	5	3	5	7
20	21	2	1	2	4
20	22	4	4	3	5
20	23	6	4	2	5
20	24	3	4	2	6
20	25	5	4	4	4
20	26	3	4	3	4
20	27	0	3	1	4
20	28	3	2	1	2
20	29	3	3	1	4
20	30	5	4	3	5
20	31	5	2	2	6
20	32	4	3	4	5
20	33	6	4	3	4
20	34	5	5	4	7
20	35	4	4	3	7
20	36	5	3	3	6
20	37	5	4	2	6
20	38	2	3	3	5
20	39	4	4	2	3
20	40	2	2	1	4
20	41	4	4	2	5
20	42	3	4	4	8
20	43	3	3	0	5
20	44	1	2	2	5
20	45	1	2	3	4
20	46	1	3	0	4
20	47	4	3	1	4
20	48	4	4	5	5
20	49	2	2	0	3
20	50	0	1	-2	1
20	51	2	1	-2	3
20	52	3	3	3	4
20	53	4	5	3	6
20	54	1	2	0	4
20	55	4	4	2	6
20	56	3	2	2	5
20	57	3	3	2	3
20	58	4	4	2	5
20	59	3	3	1	4
20	60	2	3	2	3
20	61	1	3	2	5
20	62	1	1	0	2
20	63	3	3	5	4
20	64	3	2	1	4
20	65	6	3	4	4
20	66	2	2	0	4
20	67	4	3	0	5
20	68	4	3	4	7
20	69	4	2	1	3
20	70	2	3	0	3
20	71	0	1	-2	2
20	72	0	2	-2	1
20	73	0	2	-2	2
20	74	1	3	0	4
20	75	5	3	5	6
20	76	3	3	1	5
20	77	0	2	0	2
20	78	0	2	0	3
20	79	1	1	0	4
20	80	4	5	2	5
20	81	6	5	3	6
20	82	2	3	1	4
20	83	3	2	2	4
20	84	5	2	1	5
20	85	3	2	2	4
20	86	4	3	1	2
20	87	2	2	0	3
20	88	2	2	0	3
20	89	1	1	2	3
20	90	2	3	2	3
20	91	0	2	-1	2
20	92	3	4	3	5
20	93	1	4	0	3
20	94	5	4	3	5
20	95	9	4	5	5
20	96	4	3	4	4
20	97	2	2	-1	5
20	98	0	2	2	2
20	99	3	4	1	4
20	100	2	3	0	3
20	101	3	3	2	4
20	102	1	2	0	3
20	103	0	2	1	2
20	104	0	0	-1	2
20	105	0	3	-1	5
20	106	1	2	0	2
20	107	5	4	2	5
20	108	1	1	0	2
20	109	0	2	0	2
20	110	3	3	3	3
20	111	3	3	2	3
20	112	3	3	4	5
20	113	4	2	2	4
20	114	3	2	0	4
20	115	5	4	8	8
20	116	6	5	6	7
20	117	4	3	2	5
20	118	2	2	0	2
20	119	4	3	0	3
20	120	3	4	3	5
21	1	3	4	6	4
21	2	3	3	6	3
21	3	3	4	5	6
21	4	6	6	9	7
21	5	8	5	9	8
21	6	8	6	11	8
21	7	6	5	14	6
21	8	5	4	9	7
21	9	3	4	5	2
21	10	1	3	3	3
21	11	1	3	3	1
21	12	0	1	0	3
21	13	-2	1	1	0
21	14	0	1	0	2
21	15	0	3	2	3
21	16	1	1	4	4
21	17	0	4	3	3
21	18	2	2	8	4
21	19	3	2	3	4
21	20	4	4	5	4
21	21	4	5	5	5
21	22	6	4	7	6
21	23	4	4	7	5
21	24	1	3	4	2
21	25	1	4	4	3
21	26	1	4	2	3
21	27	3	3	3	4
21	28	5	5	9	5
21	29	4	3	3	4
21	30	2	3	2	3
21	31	2	4	3	3
21	32	4	4	4	2
21	33	0	2	0	4
21	34	2	3	6	5
21	35	0	1	-1	2
21	36	2	4	1	5
21	37	2	4	6	4
21	38	3	5	6	6
21	39	2	4	3	5
21	40	3	2	2	5
21	41	3	4	3	5
21	42	3	1	5	3
21	43	0	2	3	1
21	44	1	2	6	3
21	45	1	1	1	2
21	46	-1	1	0	1
21	47	5	4	3	3
21	48	5	4	4	3
21	49	5	4	7	5
21	50	4	2	7	5
21	51	6	3	9	6
21	52	1	2	5	4
21	53	3	4	6	4
21	54	8	4	9	7
21	55	6	6	8	7
21	56	7	6	10	9
21	57	5	6	9	5
21	58	4	3	6	5
21	59	1	2	4	4
21	60	1	4	0	3
21	61	3	4	3	5
21	62	1	1	5	3
21	63	1	3	3	4
21	64	1	3	3	5
21	65	5	3	5	5
21	66	5	4	4	4
21	67	2	3	1	3
21	68	0	1	1	2
21	69	0	2	2	5
21	70	0	2	0	3
21	71	2	3	1	5
21	72	3	3	5	4
21	73	4	5	6	5
21	74	5	4	7	6
21	75	4	2	4	5
21	76	2	3	3	4
21	77	5	5	7	7
21	78	4	3	5	7
21	79	1	3	7	5
21	80	4	4	6	5
21	81	4	4	5	5
21	82	1	2	3	2
21	83	4	3	5	3
21	84	2	3	4	5
21	85	4	3	4	3
21	86	2	4	5	4
21	87	3	4	4	5
21	88	4	3	7	6
21	89	5	4	6	4
21	90	1	3	3	5
21	91	4	3	4	3
21	92	2	5	2	2
21	93	3	4	5	3
21	94	4	4	7	5
21	95	1	3	5	4
21	96	2	5	4	3
21	97	2	2	4	2
21	98	2	3	3	4
21	99	4	3	5	4
21	100	5	4	7	4
21	101	5	4	5	6
21	102	3	2	4	4
21	103	2	2	2	3
21	104	2	2	2	2
21	105	1	1	0	0
21	106	2	2	4	5
21	107	4	3	6	5
21	108	1	3	3	2
21	109	1	3	3	1
21	110	4	4	6	5
21	111	3	4	5	5
21	112	6	4	9	7
21	113	4	3	8	5
21	114	5	3	5	4
21	115	4	4	3	6
21	116	2	3	5	3
21	117	3	5	7	6
21	118	5	4	5	5
21	119	0	2	3	2
21	120	1	1	3	2
22	1	1	3	6	2
22	2	3	4	6	4
22	3	5	4	6	2
22	4	1	3	3	2
22	5	1	2	3	4
22	6	2	1	5	3
22	7	1	3	3	1
22	8	0	1	2	0
22	9	0	4	3	0
22	10	3	2	4	1
22	11	-1	1	2	1
22	12	0	1	3	1
22	13	2	3	4	2
22	14	3	3	5	2
22	15	0	3	2	2
22	16	-1	0	1	0
22	17	0	2	0	1
22	18	0	2	3	2
22	19	0	1	1	1
22	20	1	4	3	2
22	21	0	1	3	1
22	22	3	3	5	1
22	23	0	1	0	0
22	24	0	1	0	0
22	25	1	2	3	4
22	26	1	1	4	1
22	27	0	1	4	0
22	28	0	1	1	1
22	29	5	4	12	5
22	30	3	4	7	4
22	31	3	3	6	3
22	32	3	3	4	3
22	33	3	5	9	4
22	34	6	6	9	4
22	35	4	4	7	3
22	36	2	2	6	2
22	37	5	3	5	3
22	38	0	2	5	5
22	39	1	1	2	1
22	40	0	1	2	0
22	41	1	2	4	1
22	42	2	3	4	3
22	43	0	1	0	-1
22	44	0	2	1	1
22	45	-1	3	2	1
22	46	0	1	4	0
22	47	5	3	6	4
22	48	4	4	7	5
22	49	3	3	8	4
22	50	0	3	3	2
22	51	0	3	5	3
22	52	-2	1	-1	0
22	53	-2	1	0	0
22	54	0	1	0	1
22	55	-1	1	0	0
22	56	0	2	2	1
22	57	0	0	2	0
22	58	2	4	5	3
22	59	3	3	6	3
22	60	0	1	2	0
22	61	1	3	4	3
22	62	2	2	3	0
22	63	0	2	2	1
22	64	0	2	2	0
22	65	0	1	1	2
22	66	0	2	4	0
22	67	3	3	3	2
22	68	-1	2	2	1
22	69	0	1	0	1
22	70	1	2	3	1
22	71	-1	1	2	2
22	72	1	1	3	1
22	73	2	4	3	2
22	74	2	2	2	2
22	75	2	2	2	1
22	76	-2	1	1	0
22	77	0	0	1	0
22	78	-2	0	0	-1
22	79	-1	2	1	0
22	80	-1	1	1	0
22	81	1	4	2	1
22	82	3	3	6	4
22	83	1	1	5	2
22	84	0	4	3	3
22	85	3	4	6	3
22	86	0	3	5	2
22	87	1	2	3	2
22	88	5	3	5	2
22	89	2	4	5	2
22	90	3	4	9	3
22	91	2	2	6	3
22	92	2	1	4	1
22	93	1	2	6	3
22	94	1	3	1	0
22	95	1	3	3	0
22	96	0	0	1	0
22	97	1	1	1	0
22	98	2	3	3	2
22	99	1	3	2	3
22	100	2	2	2	3
22	101	4	3	8	4
22	102	1	2	6	3
22	103	2	3	5	3
22	104	2	2	4	3
22	105	3	2	6	1
22	106	4	6	9	3
22	107	6	3	7	4
22	108	2	2	4	2
22	109	3	3	4	4
22	110	0	5	6	2
22	111	2	2	3	2
22	112	1	4	5	4
22	113	2	3	6	2
22	114	1	1	5	2
22	115	0	3	6	1
22	116	3	2	7	4
22	117	2	3	5	3
22	118	0	3	5	1
22	119	-1	1	3	0
22	120	-1	2	1	0
23	1	3	4	5	5
23	2	6	5	5	5
23	3	1	2	3	2
23	4	0	2	1	4
23	5	1	4	3	6
23	6	1	2	1	3
23	7	2	3	1	3
23	8	1	4	0	2
23	9	3	4	3	6
23	10	4	3	6	6
23	11	5	6	4	6
23	12	5	2	6	5
23	13	2	4	5	5
23	14	2	3	0	2
23	15	1	3	3	3
23	16	2	1	0	4
23	17	6	3	5	5
23	18	2	4	0	5
23	19	4	5	6	4
23	20	3	4	2	5
23	21	0	0	-1	1
23	22	1	2	0	1
23	23	5	4	4	5
23	24	6	6	6	7
23	25	5	4	6	5
23	26	2	2	5	5
23	27	3	3	1	4
23	28	1	2	2	2
23	29	4	5	4	4
23	30	1	3	2	6
23	31	3	4	3	4
23	32	5	4	5	6
23	33	4	4	6	5
23	34	5	4	4	5
23	35	1	3	0	2
23	36	3	2	2	3
23	37	5	4	6	5
23	38	4	2	4	3
23	39	5	4	6	5
23	40	3	3	3	3
23	41	3	2	2	4
23	42	4	5	6	5
23	43	4	4	5	4
23	44	4	2	4	4
23	45	5	3	1	4
23	46	6	4	5	4
23	47	5	4	3	5
23	48	0	4	5	4
23	49	5	4	5	6
23	50	3	3	2	5
23	51	3	2	2	3
23	52	4	3	1	3
23	53	2	2	1	5
23	54	4	4	2	2
23	55	2	2	2	5
23	56	4	5	7	6
23	57	8	5	7	8
23	58	4	3	3	7
23	59	4	4	6	4
23	60	3	5	3	5
23	61	3	4	3	4
23	62	1	3	3	2
23	63	-1	1	0	0
23	64	1	2	1	2
23	65	5	3	3	3
23	66	2	4	1	4
23	67	2	3	0	4
23	68	4	4	3	3
23	69	4	4	3	5
23	70	5	3	4	4
23	71	3	5	6	4
23	72	2	4	3	5
23	73	3	4	4	4
23	74	6	4	6	6
23	75	5	5	6	7
23	76	4	5	3	6
23	77	6	5	7	6
23	78	4	6	6	4
23	79	4	4	5	8
23	80	3	4	3	7
23	81	5	5	1	5
23	82	3	3	2	6
23	83	4	4	6	8
23	84	8	5	6	5
23	85	7	4	5	8
23	86	6	4	5	6
23	87	4	4	6	5
23	88	1	3	0	2
23	89	0	2	1	3
23	90	1	3	2	6
23	91	1	2	3	5
23	92	4	4	6	6
23	93	6	4	6	6
23	94	4	3	4	6
23	95	3	4	3	6
23	96	5	3	5	7
23	97	3	2	3	5
23	98	4	2	3	5
23	99	4	4	4	4
23	100	4	5	4	6
23	101	4	3	5	5
23	102	6	5	5	6
23	103	5	5	6	8
23	104	3	3	6	4
23	105	5	4	6	6
23	106	6	5	8	8
23	107	5	4	5	6
23	108	7	4	7	7
23	109	1	3	4	7
23	110	8	7	8	6
23	111	3	4	2	4
23	112	1	4	-1	3
23	113	3	3	6	5
23	114	5	4	4	6
23	115	4	5	7	5
23	116	1	3	0	3
23	117	4	3	2	4
23	118	4	3	5	4
23	119	2	2	2	3
23	120	-1	2	0	3
24	1	4	5	5	4
24	2	2	2	1	3
24	3	4	2	5	2
24	4	3	3	4	6
24	5	6	3	9	5
24	6	3	3	4	2
24	7	6	3	4	2
24	8	1	3	6	5
24	9	3	3	5	3
24	10	2	3	0	4
24	11	2	1	0	1
24	12	1	2	0	0
24	13	2	2	2	2
24	14	4	2	6	5
24	15	4	4	5	4
24	16	3	1	2	3
24	17	4	2	5	3
24	18	1	3	3	4
24	19	2	2	1	3
24	20	2	3	5	4
24	21	0	3	3	2
24	22	3	2	5	2
24	23	6	4	13	5
24	24	5	3	4	4
24	25	4	3	6	3
24	26	3	3	6	3
24	27	2	3	4	2
24	28	2	1	2	3
24	29	5	3	7	4
24	30	3	3	4	2
24	31	0	1	2	1
24	32	3	3	6	3
24	33	1	2	4	2
24	34	2	3	1	2
24	35	2	3	2	2
24	36	5	5	7	6
24	37	6	3	4	3
24	38	3	1	6	2
24	39	5	2	4	4
24	40	1	2	1	2
24	41	-1	0	0	0
24	42	0	2	1	0
24	43	3	2	5	2
24	44	6	4	7	4
24	45	5	3	5	3
24	46	2	3	3	3
24	47	6	3	3	3
24	48	4	2	6	3
24	49	0	3	3	0
24	50	1	2	2	2
24	51	3	2	4	3
24	52	5	3	6	5
24	53	2	2	2	1
24	54	0	1	0	2
24	55	2	2	4	4
24	56	-1	1	2	0
24	57	3	3	1	3
24	58	2	2	5	3
24	59	1	1	1	2
24	60	3	3	2	3
24	61	4	3	2	4
24	62	3	3	1	4
24	63	3	2	4	4
24	64	4	4	4	5
24	65	3	3	6	5
24	66	7	5	9	6
24	67	6	4	8	5
24	68	5	4	7	6
24	69	5	3	7	5
24	70	5	3	6	4
24	71	1	2	3	3
24	72	1	1	4	4
24	73	3	2	4	2
24	74	4	2	4	5
24	75	3	3	5	4
24	76	2	2	1	2
24	77	0	1	0	1
24	78	3	2	4	4
24	79	3	4	3	2
24	80	4	2	7	4
24	81	5	4	6	3
24	82	3	2	2	1
24	83	1	3	2	2
24	84	5	3	4	6
24	85	5	3	3	4
24	86	1	2	5	2
24	87	2	2	4	1
24	88	0	3	4	2
24	89	4	2	5	2
24	90	6	3	6	3
24	91	4	3	5	3
24	92	1	3	2	2
24	93	3	2	3	2
24	94	3	3	6	4
24	95	2	3	5	4
24	96	5	5	7	4
24	97	2	1	2	2
24	98	3	4	5	3
24	99	5	2	7	3
24	100	6	5	7	4
24	101	4	2	6	4
24	102	5	3	6	4
24	103	3	3	3	5
24	104	2	2	2	4
24	105	2	2	1	2
24	106	4	3	7	4
24	107	5	2	4	3
24	108	3	4	4	4
24	109	4	4	6	5
24	110	5	4	7	5
24	111	2	2	4	3
24	112	3	2	1	3
24	113	0	0	2	1
24	114	0	1	0	1
24	115	4	2	6	3
24	116	4	4	2	4
24	117	3	3	7	4
24	118	5	3	6	4
24	119	5	3	5	4
24	120	3	2	5	2
25	1	1	2	4	4
25	2	1	2	3	5
25	3	1	3	1	3
25	4	1	2	4	4
25	5	2	1	4	4
25	6	3	1	3	4
25	7	2	3	6	6
25	8	1	2	4	4
25	9	1	0	3	3
25	10	0	3	3	5
25	11	1	2	4	5
25	12	2	3	4	3
25	13	1	2	5	3
25	14	4	5	7	7
25	15	3	3	8	5
25	16	4	3	7	6
25	17	2	1	2	4
25	18	2	3	5	4
25	19	2	2	3	4
25	20	2	3	4	3
25	21	2	2	3	2
25	22	1	2	4	5
25	23	1	1	3	4
25	24	0	2	2	2
25	25	0	0	2	3
25	26	-1	1	1	3
25	27	1	2	4	2
25	28	0	2	0	4
25	29	1	1	1	2
25	30	2	2	5	4
25	31	2	4	6	5
25	32	0	2	1	2
25	33	1	1	3	2
25	34	2	2	4	5
25	35	2	2	6	5
25	36	1	0	5	4
25	37	0	2	3	3
25	38	3	2	6	5
25	39	1	2	7	4
25	40	0	1	1	3
25	41	0	1	1	2
25	42	3	3	7	4
25	43	3	3	5	4
25	44	3	2	5	4
25	45	3	4	9	6
25	46	0	2	3	3
25	47	0	0	0	4
25	48	0	0	1	4
25	49	1	2	2	3
25	50	0	2	3	4
25	51	0	1	0	4
25	52	0	2	2	3
25	53	3	3	6	6
25	54	0	2	2	4
25	55	3	1	3	6
25	56	3	3	7	6
25	57	2	1	2	3
25	58	1	0	4	3
25	59	2	2	6	4
25	60	2	1	1	1
25	61	1	1	3	2
25	62	1	0	2	3
25	63	0	1	1	2
25	64	0	0	0	2
25	65	0	1	1	4
25	66	-1	0	0	3
25	67	0	0	0	4
25	68	3	3	8	5
25	69	5	4	6	5
25	70	4	3	10	6
25	71	5	4	7	8
25	72	4	4	7	5
25	73	2	2	5	5
25	74	3	2	9	3
25	75	3	4	5	5
25	76	1	2	5	5
25	77	3	1	2	3
25	78	2	3	4	5
25	79	0	1	3	3
25	80	3	2	4	5
25	81	0	2	2	6
25	82	2	2	5	6
25	83	0	1	3	3
25	84	1	2	6	3
25	85	1	2	2	5
25	86	0	1	2	1
25	87	3	2	5	3
25	88	5	3	7	5
25	89	4	3	7	4
25	90	2	2	5	4
25	91	1	1	2	3
25	92	3	2	3	3
25	93	4	4	5	4
25	94	3	3	7	6
25	95	1	2	5	5
25	96	0	1	2	3
25	97	1	2	1	3
25	98	-1	1	0	3
25	99	0	1	2	3
25	100	1	0	3	1
25	101	0	0	0	1
25	102	0	1	2	1
25	103	0	2	0	0
25	104	0	0	3	4
25	105	1	2	4	3
25	106	5	3	5	5
25	107	1	2	4	6
25	108	2	1	6	4
25	109	4	2	5	5
25	110	1	2	2	5
25	111	2	2	4	4
25	112	4	3	4	4
25	113	5	2	7	5
25	114	1	1	4	3
25	115	0	1	3	3
25	116	2	2	5	4
25	117	1	1	3	3
25	118	2	2	5	4
25	119	0	1	5	5
25	120	2	2	3	4
26	1	4	6	6	5
26	2	5	4	2	4
26	3	3	6	4	5
26	4	2	4	2	6
26	5	4	4	3	5
26	6	3	3	5	4
26	7	6	5	6	5
26	8	7	6	7	7
26	9	5	6	6	8
26	10	3	4	1	4
26	11	4	3	2	7
26	12	5	5	6	8
26	13	2	5	4	7
26	14	7	6	10	8
26	15	6	7	7	8
26	16	4	5	3	6
26	17	5	4	7	7
26	18	4	4	3	5
26	19	9	7	9	9
26	20	6	6	8	9
26	21	7	7	7	6
26	22	7	5	6	6
26	23	5	5	6	9
26	24	6	5	6	6
26	25	6	6	9	10
26	26	4	3	1	6
26	27	4	5	4	6
26	28	5	4	6	6
26	29	4	4	7	5
26	30	5	5	5	8
26	31	1	3	2	4
26	32	5	4	5	7
26	33	6	6	7	8
26	34	7	5	8	7
26	35	7	6	8	7
26	36	7	6	8	7
26	37	5	3	2	6
26	38	2	3	2	3
26	39	3	5	2	5
26	40	4	4	1	5
26	41	3	4	4	5
26	42	3	4	2	5
26	43	3	3	0	4
26	44	2	3	6	4
26	45	2	5	1	4
26	46	2	5	8	6
26	47	3	3	2	4
26	48	4	4	6	6
26	49	5	5	6	4
26	50	5	5	7	7
26	51	5	4	7	6
26	52	8	7	9	9
26	53	9	7	11	10
26	54	7	6	7	8
26	55	3	6	7	8
26	56	5	5	4	6
26	57	3	4	5	5
26	58	6	5	6	6
26	59	5	6	6	7
26	60	2	4	3	5
26	61	4	6	4	2
26	62	3	4	2	5
26	63	4	3	2	4
26	64	2	4	6	5
26	65	4	4	6	7
26	66	5	4	3	6
26	67	1	5	1	3
26	68	3	5	5	7
26	69	4	6	4	6
26	70	4	5	3	6
26	71	5	5	7	6
26	72	3	4	1	5
26	73	2	5	3	5
26	74	4	5	6	7
26	75	7	6	8	9
26	76	12	6	12	9
26	77	8	6	9	9
26	78	9	7	8	9
26	79	5	4	8	6
26	80	5	5	6	8
26	81	4	5	4	6
26	82	3	5	4	5
26	83	4	3	4	7
26	84	8	6	9	9
26	85	7	5	7	7
26	86	4	4	6	5
26	87	6	6	11	9
26	88	5	4	5	6
26	89	4	4	5	6
26	90	4	4	3	6
26	91	3	5	7	4
26	92	5	5	6	6
26	93	4	4	4	4
26	94	3	4	3	4
26	95	5	3	4	8
26	96	1	3	1	4
26	97	2	4	0	3
26	98	2	3	3	5
26	99	2	5	3	4
26	100	5	5	5	7
26	101	5	4	6	7
26	102	3	3	2	7
26	103	4	4	2	5
26	104	3	2	2	4
26	105	5	6	8	8
26	106	5	6	4	7
26	107	2	5	4	4
26	108	2	4	5	3
26	109	6	5	7	7
26	110	6	5	8	7
26	111	3	6	2	4
26	112	-1	3	0	2
26	113	2	2	0	3
26	114	2	4	4	5
26	115	2	3	0	4
26	116	5	5	5	7
26	117	8	6	9	8
26	118	3	4	4	4
26	119	3	5	3	6
26	120	5	5	3	4
27	1	0	1	1	1
27	2	1	1	0	1
27	3	1	1	0	3
27	4	0	0	-1	1
27	5	4	2	4	2
27	6	3	3	4	5
27	7	5	3	6	6
27	8	2	3	4	3
27	9	1	1	6	3
27	10	0	0	0	2
27	11	0	1	2	3
27	12	0	1	2	1
27	13	0	0	2	1
27	14	3	1	3	4
27	15	1	1	1	2
27	16	0	0	0	1
27	17	1	2	3	3
27	18	2	1	4	3
27	19	1	3	3	1
27	20	0	1	1	1
27	21	-1	0	0	0
27	22	0	1	0	2
27	23	0	2	3	3
27	24	0	1	0	2
27	25	0	1	2	1
27	26	2	1	3	3
27	27	4	1	4	4
27	28	1	2	4	2
27	29	1	1	3	3
27	30	3	2	3	4
27	31	0	0	0	1
27	32	0	2	1	2
27	33	0	0	0	2
27	34	3	2	4	5
27	35	3	2	4	3
27	36	2	0	6	2
27	37	1	2	1	2
27	38	2	1	1	2
27	39	0	2	0	2
27	40	1	1	2	0
27	41	3	2	5	3
27	42	1	1	4	1
27	43	3	3	4	4
27	44	3	2	4	3
27	45	3	1	4	2
27	46	2	1	3	3
27	47	3	1	3	4
27	48	0	1	3	1
27	49	3	2	3	3
27	50	0	1	2	1
27	51	0	2	1	1
27	52	1	2	3	3
27	53	0	0	0	1
27	54	2	1	3	1
27	55	1	1	-1	0
27	56	0	2	1	1
27	57	-2	0	0	0
27	58	0	0	0	0
27	59	0	1	-1	2
27	60	0	1	1	2
27	61	5	1	3	2
27	62	3	3	4	2
27	63	4	2	6	5
27	64	4	2	3	3
27	65	0	1	0	2
27	66	1	2	4	2
27	67	2	0	3	2
27	68	0	0	2	3
27	69	0	0	2	1
27	70	1	1	2	2
27	71	0	1	-1	0
27	72	0	1	2	1
27	73	2	3	4	2
27	74	0	1	0	0
27	75	1	0	2	2
27	76	0	2	0	2
27	77	1	2	4	3
27	78	1	0	-2	1
27	79	0	1	0	2
27	80	0	2	4	2
27	81	0	0	0	0
27	82	3	2	3	4
27	83	3	2	5	5
27	84	1	1	4	1
27	85	2	1	4	4
27	86	1	2	2	3
27	87	4	3	6	2
27	88	4	4	7	5
27	89	4	2	3	4
27	90	2	3	2	4
27	91	3	4	7	5
27	92	0	2	1	4
27	93	0	2	0	1
27	94	1	2	3	5
27	95	0	1	2	3
27	96	0	2	4	4
27	97	3	2	6	5
27	98	2	3	4	5
27	99	0	0	0	2
27	100	0	0	2	2
27	101	-1	0	0	1
27	102	1	2	2	4
27	103	2	2	1	2
27	104	4	2	5	7
27	105	-1	0	1	1
27	106	-1	1	0	2
27	107	-1	1	-2	1
27	108	1	0	2	2
27	109	3	0	1	2
27	110	-1	0	2	2
27	111	2	2	4	4
27	112	-2	-1	0	0
27	113	0	1	4	0
27	114	0	0	1	0
27	115	0	1	0	2
27	116	1	0	3	2
27	117	1	2	3	1
27	118	0	0	1	4
27	119	0	1	1	2
27	120	1	3	3	1
28	1	2	1	0	2
28	2	2	2	2	2
28	3	0	2	4	2
28	4	3	1	3	4
28	5	2	2	0	2
28	6	1	1	2	3
28	7	2	1	0	3
28	8	1	2	4	3
28	9	-1	2	0	1
28	10	-2	1	1	0
28	11	1	1	0	2
28	12	0	1	1	3
28	13	0	1	-1	0
28	14	3	4	5	5
28	15	1	4	4	4
28	16	2	0	3	3
28	17	4	2	6	3
28	18	0	3	4	3
28	19	1	2	2	3
28	20	2	1	3	1
28	21	4	3	5	5
28	22	4	3	6	5
28	23	1	2	3	4
28	24	0	1	2	2
28	25	3	2	6	4
28	26	1	2	3	2
28	27	-2	1	1	0
28	28	0	0	4	2
28	29	2	2	5	4
28	30	3	2	3	3
28	31	0	1	3	1
28	32	0	1	3	1
28	33	2	3	8	4
28	34	0	0	2	0
28	35	0	2	2	2
28	36	-1	0	1	1
28	37	0	1	2	2
28	38	0	0	0	1
28	39	0	0	1	0
28	40	0	1	1	2
28	41	0	1	1	2
28	42	0	1	2	0
28	43	1	3	2	1
28	44	4	4	6	4
28	45	0	2	1	2
28	46	1	1	3	3
28	47	0	1	0	1
28	48	5	2	5	4
28	49	2	3	4	4
28	50	0	2	3	1
28	51	0	1	4	2
28	52	1	3	1	2
28	53	1	3	2	1
28	54	0	3	5	3
28	55	3	2	2	5
28	56	0	2	3	3
28	57	-2	0	-1	1
28	58	-2	1	1	0
28	59	0	0	0	1
28	60	3	2	3	3
28	61	1	0	2	4
28	62	0	1	0	3
28	63	0	1	2	0
28	64	2	3	5	2
28	65	0	2	4	2
28	66	1	1	2	2
28	67	0	0	1	-1
28	68	0	1	0	0
28	69	-1	0	-2	0
28	70	-3	1	-2	0
28	71	0	0	1	1
28	72	0	2	2	1
28	73	2	1	4	4
28	74	1	2	3	2
28	75	4	2	5	3
28	76	3	2	5	3
28	77	0	0	0	1
28	78	0	1	1	2
28	79	-1	0	0	0
28	80	3	2	3	3
28	81	0	3	2	1
28	82	2	2	4	3
28	83	0	1	0	1
28	84	4	3	8	5
28	85	5	3	8	5
28	86	2	2	2	2
28	87	0	2	6	3
28	88	0	2	4	2
28	89	5	4	7	3
28	90	2	3	2	2
28	91	1	0	0	3
28	92	-1	0	1	1
28	93	1	2	3	3
28	94	1	0	4	3
28	95	0	1	2	3
28	96	2	1	4	4
28	97	1	2	5	3
28	98	4	2	4	2
28	99	0	3	3	1
28	100	0	3	4	3
28	101	6	3	8	5
28	102	1	1	3	3
28	103	1	1	5	2
28	104	0	2	4	1
28	105	2	3	4	1
28	106	3	1	3	3
28	107	0	1	1	3
28	108	1	2	1	2
28	109	1	1	3	3
28	110	1	2	2	3
28	111	0	2	2	2
28	112	1	1	4	3
28	113	2	2	1	4
28	114	0	1	3	2
28	115	1	2	3	1
28	116	-3	0	-1	0
28	117	0	0	0	0
28	118	1	1	0	2
28	119	-1	1	0	0
28	120	-1	0	0	0
29	1	4	5	5	5
29	2	4	3	5	4
29	3	5	6	7	5
29	4	5	4	6	5
29	5	6	4	6	6
29	6	7	4	6	7
29	7	4	4	7	4
29	8	1	4	0	4
29	9	0	3	1	3
29	10	1	1	2	1
29	11	0	1	0	2
29	12	2	3	3	4
29	13	1	3	3	3
29	14	5	5	5	6
29	15	8	7	9	9
29	16	7	5	6	4
29	17	4	2	6	4
29	18	4	3	6	6
29	19	5	4	3	4
29	20	2	3	3	2
29	21	2	2	3	4
29	22	2	4	3	3
29	23	2	3	3	4
29	24	1	3	2	2
29	25	4	2	2	3
29	26	1	2	2	2
29	27	2	3	1	3
29	28	4	3	2	2
29	29	3	3	2	1
29	30	4	2	2	4
29	31	2	2	0	4
29	32	2	3	1	5
29	33	2	2	5	2
29	34	3	3	2	5
29	35	4	4	4	6
29	36	3	2	4	4
29	37	6	5	8	5
29	38	3	4	5	4
29	39	5	4	5	4
29	40	6	5	4	6
29	41	7	4	5	4
29	42	3	3	5	4
29	43	6	6	7	7
29	44	4	5	8	6
29	45	5	2	5	4
29	46	3	4	5	5
29	47	2	3	4	4
29	48	7	3	6	4
29	49	6	5	7	6
29	50	5	5	6	5
29	51	1	4	2	3
29	52	4	4	3	3
29	53	3	4	5	5
29	54	5	3	2	4
29	55	0	3	0	1
29	56	3	3	4	4
29	57	5	3	4	4
29	58	4	5	2	5
29	59	5	3	3	3
29	60	4	4	7	5
29	61	3	5	4	4
29	62	0	2	1	3
29	63	5	4	5	3
29	64	5	4	5	6
29	65	0	2	-2	1
29	66	1	3	1	2
29	67	0	3	0	2
29	68	3	4	5	5
29	69	4	4	4	5
29	70	4	4	3	4
29	71	3	4	4	4
29	72	2	3	4	3
29	73	4	4	4	4
29	74	3	2	6	3
29	75	4	4	8	5
29	76	4	4	8	8
29	77	1	4	5	5
29	78	2	3	3	3
29	79	5	4	6	4
29	80	7	5	5	5
29	81	5	5	7	7
29	82	4	4	3	5
29	83	0	2	2	2
29	84	3	4	2	3
29	85	3	3	4	3
29	86	2	4	2	5
29	87	1	2	1	4
29	88	5	4	4	5
29	89	4	3	2	4
29	90	0	3	0	3
29	91	0	3	4	6
29	92	6	4	3	6
29	93	3	2	0	3
29	94	2	2	3	4
29	95	2	3	2	3
29	96	3	5	4	3
29	97	5	4	5	7
29	98	4	4	4	5
29	99	4	4	5	6
29	100	4	3	4	5
29	101	2	3	3	4
29	102	2	2	2	4
29	103	5	6	10	5
29	104	4	3	3	3
29	105	0	3	4	2
29	106	2	2	0	4
29	107	0	3	-1	2
29	108	4	4	2	3
29	109	1	2	2	2
29	110	-1	1	-2	0
29	111	3	5	2	3
29	112	2	2	1	3
29	113	5	4	6	6
29	114	4	4	6	3
29	115	3	4	4	4
29	116	6	3	7	5
29	117	5	4	5	5
29	118	5	4	7	7
29	119	2	3	3	4
29	120	3	3	2	4
30	1	-1	0	0	0
30	2	1	0	0	1
30	3	0	0	1	0
30	4	-2	0	-3	0
30	5	-2	0	-5	0
30	6	-2	1	-2	-1
30	7	-1	0	0	0
30	8	0	0	-1	1
30	9	2	1	5	5
30	10	1	0	2	1
30	11	2	1	2	2
30	12	-1	1	4	0
30	13	-3	0	0	-1
30	14	0	0	-1	0
30	15	0	0	0	1
30	16	1	1	1	2
30	17	1	2	0	1
30	18	-1	1	1	1
30	19	-4	0	-2	1
30	20	-3	0	-1	1
30	21	0	1	0	1
30	22	0	0	-1	2
30	23	-1	0	-1	-1
30	24	1	0	0	1
30	25	-1	0	-1	1
30	26	-1	0	0	0
30	27	1	1	1	1
30	28	0	1	1	2
30	29	1	0	2	3
30	30	0	0	4	4
30	31	0	0	3	2
30	32	0	2	3	1
30	33	1	2	2	2
30	34	4	3	4	3
30	35	-2	1	0	1
30	36	0	1	1	3
30	37	-1	0	-2	1
30	38	-1	0	0	0
30	39	2	0	1	1
30	40	0	2	2	1
30	41	-1	0	0	2
30	42	1	0	-3	2
30	43	0	2	2	0
30	44	0	0	-1	1
30	45	1	0	0	0
30	46	2	2	3	1
30	47	1	2	2	2
30	48	1	2	0	0
30	49	0	0	0	0
30	50	2	0	1	4
30	51	-1	1	1	0
30	52	-1	0	0	0
30	53	3	2	3	4
30	54	-1	1	0	1
30	55	-3	0	-2	0
30	56	0	2	3	2
30	57	1	1	1	2
30	58	1	1	3	3
30	59	0	1	0	2
30	60	3	3	4	5
30	61	4	2	5	4
30	62	0	2	0	4
30	63	0	1	0	2
30	64	1	2	3	2
30	65	1	2	2	1
30	66	3	2	4	3
30	67	2	2	5	3
30	68	3	1	7	5
30	69	0	2	0	2
30	70	-1	0	3	2
30	71	0	1	0	3
30	72	1	1	0	3
30	73	0	1	0	0
30	74	-1	0	0	1
30	75	-2	0	-1	0
30	76	-1	0	-1	0
30	77	0	0	0	0
30	78	0	1	1	1
30	79	3	2	5	3
30	80	0	1	3	2
30	81	-1	0	0	1
30	82	-1	0	0	2
30	83	0	2	0	0
30	84	-2	0	0	0
30	85	0	1	0	3
30	86	0	2	2	4
30	87	1	1	3	2
30	88	2	2	6	3
30	89	1	2	4	2
30	90	0	0	2	2
30	91	2	2	5	2
30	92	2	4	5	4
30	93	2	2	3	3
30	94	1	1	2	4
30	95	0	0	-1	1
30	96	0	0	0	2
30	97	-2	0	-3	0
30	98	-1	0	0	3
30	99	0	0	0	2
30	100	1	1	2	2
30	101	3	1	5	2
30	102	2	1	3	3
30	103	2	1	6	3
30	104	-1	0	-2	0
30	105	-1	0	0	1
30	106	0	1	0	0
30	107	-1	0	0	1
30	108	-1	0	0	2
30	109	-2	0	0	1
30	110	-1	0	0	3
30	111	0	2	4	3
30	112	0	2	1	2
30	113	1	0	0	0
30	114	1	1	5	3
30	115	0	1	-1	1
30	116	-1	0	0	0
30	117	-2	0	-1	3
30	118	0	0	-1	1
30	119	-2	1	0	1
30	120	-2	0	-1	1
31	1	5	4	7	5
31	2	1	0	1	3
31	3	2	2	5	3
31	4	2	2	4	2
31	5	2	2	3	2
31	6	0	0	2	3
31	7	1	0	3	3
31	8	2	2	0	3
31	9	0	1	3	3
31	10	1	1	2	3
31	11	2	3	4	7
31	12	3	3	3	5
31	13	3	2	5	4
31	14	2	2	6	3
31	15	2	2	4	3
31	16	5	2	7	7
31	17	0	2	4	3
31	18	3	2	7	7
31	19	3	1	6	5
31	20	3	1	3	3
31	21	1	0	1	2
31	22	1	2	0	3
31	23	-2	1	0	3
31	24	0	1	2	3
31	25	3	1	5	3
31	26	4	2	6	5
31	27	6	3	6	7
31	28	1	1	2	3
31	29	0	1	-1	0
31	30	1	1	0	3
31	31	1	2	5	5
31	32	2	3	5	4
31	33	0	2	4	4
31	34	0	1	2	3
31	35	1	2	4	3
31	36	0	1	3	4
31	37	-1	1	2	2
31	38	-1	0	0	0
31	39	-1	0	0	2
31	40	1	2	4	4
31	41	0	2	2	3
31	42	1	0	-2	2
31	43	2	1	4	4
31	44	0	1	0	3
31	45	0	1	0	2
31	46	1	1	4	3
31	47	0	1	2	6
31	48	2	2	6	5
31	49	0	1	4	2
31	50	0	1	1	3
31	51	2	1	6	4
31	52	2	1	3	3
31	53	-1	0	-1	1
31	54	-3	0	-1	1
31	55	1	1	1	3
31	56	-2	0	2	2
31	57	-1	-1	0	0
31	58	1	1	5	2
31	59	0	2	1	3
31	60	1	2	6	5
31	61	2	2	3	4
31	62	-3	0	-1	2
31	63	0	1	2	3
31	64	2	1	1	3
31	65	2	1	8	6
31	66	-1	0	0	1
31	67	2	2	4	4
31	68	0	1	1	2
31	69	0	2	1	5
31	70	0	3	2	2
31	71	-2	1	0	0
31	72	-1	0	0	2
31	73	0	1	3	2
31	74	1	1	3	4
31	75	1	1	6	3
31	76	-1	1	1	3
31	77	0	2	0	1
31	78	-1	0	0	2
31	79	1	2	2	4
31	80	2	2	3	4
31	81	0	1	1	4
31	82	0	1	7	6
31	83	4	2	7	3
31	84	0	0	1	3
31	85	1	0	3	3
31	86	0	2	2	2
31	87	2	0	0	4
31	88	3	2	4	4
31	89	3	3	8	5
31	90	2	3	6	3
31	91	0	1	1	4
31	92	0	1	0	3
31	93	1	1	5	5
31	94	-2	1	0	1
31	95	-1	1	3	1
31	96	0	0	0	1
31	97	0	0	0	2
31	98	2	1	0	5
31	99	1	1	4	2
31	100	1	0	1	1
31	101	1	0	2	4
31	102	2	0	2	2
31	103	0	2	3	3
31	104	0	1	1	3
31	105	5	2	6	5
31	106	0	1	2	3
31	107	2	2	4	5
31	108	2	2	3	5
31	109	1	2	0	2
31	110	1	1	2	3
31	111	1	2	5	3
31	112	3	2	5	4
31	113	1	1	1	2
31	114	1	2	3	4
31	115	1	0	2	3
31	116	1	3	1	3
31	117	0	1	3	4
31	118	0	1	3	2
31	119	2	3	5	4
31	120	3	2	4	5
32	1	2	2	0	3
32	2	4	3	4	5
32	3	1	1	2	1
32	4	1	1	0	4
32	5	3	2	3	3
32	6	3	2	2	5
32	7	0	2	1	4
32	8	2	1	4	3
32	9	0	0	0	1
32	10	3	3	3	3
32	11	4	3	5	4
32	12	5	3	6	7
32	13	2	2	2	3
32	14	2	0	1	2
32	15	0	0	0	0
32	16	0	1	0	1
32	17	1	1	4	2
32	18	1	2	2	4
32	19	1	2	2	3
32	20	1	2	3	2
32	21	7	4	3	4
32	22	2	1	4	5
32	23	4	4	4	5
32	24	5	3	4	5
32	25	0	1	2	2
32	26	2	3	2	5
32	27	3	3	1	3
32	28	5	3	4	5
32	29	1	2	4	4
32	30	4	4	5	4
32	31	3	2	1	3
32	32	1	1	1	3
32	33	1	2	2	2
32	34	0	2	1	0
32	35	3	3	3	4
32	36	5	3	5	6
32	37	3	3	5	3
32	38	3	2	2	1
32	39	0	3	1	4
32	40	2	1	1	3
32	41	2	2	-1	2
32	42	2	1	1	3
32	43	1	2	3	4
32	44	0	0	-1	1
32	45	5	4	5	6
32	46	4	3	6	3
32	47	3	3	4	4
32	48	3	4	4	2
32	49	3	2	2	5
32	50	1	2	1	3
32	51	2	2	5	5
32	52	4	4	6	4
32	53	1	1	4	4
32	54	1	1	3	3
32	55	2	1	0	0
32	56	7	4	5	6
32	57	2	1	3	2
32	58	2	2	3	6
32	59	4	2	3	4
32	60	4	3	5	4
32	61	6	2	6	6
32	62	1	2	1	4
32	63	1	1	-1	1
32	64	0	1	1	1
32	65	5	1	1	3
32	66	1	1	2	4
32	67	1	1	1	4
32	68	1	1	1	1
32	69	4	1	4	5
32	70	3	1	2	4
32	71	1	2	3	2
32	72	1	1	0	2
32	73	1	1	0	4
32	74	0	2	0	2
32	75	2	1	0	2
32	76	3	1	2	3
32	77	2	2	4	5
32	78	3	3	2	4
32	79	2	1	1	3
32	80	1	2	0	3
32	81	3	2	0	3
32	82	1	0	0	3
32	83	-3	1	-2	2
32	84	-1	1	-1	0
32	85	3	1	2	3
32	86	3	2	2	4
32	87	0	0	2	1
32	88	5	3	5	4
32	89	0	2	1	1
32	90	2	2	1	3
32	91	1	1	0	3
32	92	2	1	0	1
32	93	2	1	0	2
32	94	1	1	2	2
32	95	3	0	1	3
32	96	1	2	2	2
32	97	3	2	5	4
32	98	3	2	5	4
32	99	1	2	0	2
32	100	3	2	4	3
32	101	1	2	0	2
32	102	0	1	0	1
32	103	2	1	0	2
32	104	0	1	1	2
32	105	2	1	1	3
32	106	2	2	0	4
32	107	0	1	0	3
32	108	2	3	4	4
32	109	3	2	5	6
32	110	5	4	8	4
32	111	6	3	7	5
32	112	4	4	7	6
32	113	1	3	2	3
32	114	2	1	6	3
32	115	4	2	7	5
32	116	2	1	1	3
32	117	4	1	2	4
32	118	4	4	4	4
32	119	5	3	4	5
32	120	4	1	7	4
33	1	1	1	1	2
33	2	0	2	2	1
33	3	0	1	3	2
33	4	-1	1	0	1
33	5	0	0	2	1
33	6	2	2	3	3
33	7	-1	1	0	2
33	8	0	0	0	0
33	9	-1	2	3	2
33	10	0	0	2	1
33	11	-2	0	-2	1
33	12	0	0	3	0
33	13	1	1	1	1
33	14	0	1	2	2
33	15	1	2	3	1
33	16	0	1	1	1
33	17	0	0	0	0
33	18	-1	0	0	1
33	19	0	1	2	2
33	20	1	1	2	3
33	21	1	1	1	2
33	22	0	2	0	3
33	23	0	1	1	1
33	24	0	1	2	2
33	25	1	1	3	2
33	26	0	0	4	3
33	27	0	2	0	2
33	28	-2	0	0	1
33	29	-2	0	0	0
33	30	0	0	-1	0
33	31	-1	1	0	2
33	32	0	1	2	3
33	33	-1	0	0	0
33	34	2	1	2	3
33	35	2	2	3	3
33	36	0	1	0	1
33	37	0	2	3	1
33	38	1	1	4	3
33	39	0	0	1	1
33	40	0	0	1	1
33	41	4	2	2	3
33	42	-2	0	-1	0
33	43	-1	0	-1	1
33	44	-3	0	-2	0
33	45	0	0	0	0
33	46	0	0	0	2
33	47	-2	0	0	1
33	48	1	1	0	2
33	49	0	1	0	0
33	50	-1	2	-1	0
33	51	-1	2	3	2
33	52	1	2	1	3
33	53	0	1	0	2
33	54	1	1	2	2
33	55	-2	0	0	0
33	56	5	3	5	4
33	57	0	2	3	3
33	58	1	2	3	2
33	59	0	0	1	2
33	60	2	2	5	5
33	61	1	1	1	2
33	62	-2	2	0	1
33	63	0	1	2	0
33	64	1	2	1	1
33	65	-2	0	0	0
33	66	-3	0	-1	0
33	67	0	1	1	0
33	68	3	2	5	5
33	69	-1	0	0	0
33	70	-1	0	-2	1
33	71	-1	0	0	0
33	72	-1	0	-1	0
33	73	-1	0	0	-1
33	74	0	2	0	2
33	75	1	2	2	1
33	76	3	1	5	4
33	77	-1	1	0	2
33	78	2	2	3	4
33	79	0	2	4	3
33	80	2	1	3	4
33	81	2	1	5	4
33	82	2	2	2	2
33	83	0	0	0	1
33	84	3	1	2	3
33	85	2	0	2	3
33	86	0	2	3	4
33	87	0	1	1	2
33	88	-2	0	0	0
33	89	3	1	2	4
33	90	1	1	1	1
33	91	1	1	1	2
33	92	-1	0	1	2
33	93	0	1	3	2
33	94	-1	0	0	1
33	95	0	0	0	0
33	96	-1	1	0	0
33	97	0	0	1	1
33	98	0	1	1	1
33	99	-1	0	-1	0
33	100	1	0	1	1
33	101	0	1	0	1
33	102	0	1	2	1
33	103	1	0	0	1
33	104	0	2	1	4
33	105	1	2	4	3
33	106	3	2	6	4
33	107	3	3	3	2
33	108	-1	1	1	3
33	109	-1	1	0	1
33	110	0	1	1	1
33	111	0	1	1	0
33	112	2	1	3	3
33	113	0	0	0	1
33	114	0	1	3	1
33	115	2	3	4	6
33	116	0	1	3	2
33	117	2	2	6	3
33	118	0	2	2	4
33	119	0	1	0	2
33	120	0	1	0	1
34	1	-1	0	0	0
34	2	0	0	0	2
34	3	3	2	2	3
34	4	-2	0	1	3
34	5	-2	1	0	0
34	6	0	0	1	3
34	7	0	1	1	2
34	8	2	1	0	4
34	9	0	2	2	3
34	10	-1	0	0	1
34	11	1	2	2	4
34	12	-1	1	2	2
34	13	1	3	3	4
34	14	4	2	6	4
34	15	2	2	3	3
34	16	-1	2	0	1
34	17	0	1	1	2
34	18	-1	0	0	0
34	19	-3	1	-4	1
34	20	0	1	-2	1
34	21	-2	0	-2	0
34	22	-4	0	-6	0
34	23	-1	0	-2	0
34	24	1	1	0	1
34	25	0	1	0	1
34	26	1	1	4	3
34	27	1	1	2	3
34	28	0	2	0	4
34	29	2	3	2	3
34	30	4	3	4	4
34	31	2	2	2	5
34	32	0	1	2	2
34	33	-2	0	-2	2
34	34	-1	0	0	3
34	35	-3	0	-3	1
34	36	-2	0	-4	0
34	37	0	2	0	2
34	38	0	1	0	1
34	39	3	4	5	2
34	40	2	3	4	4
34	41	4	3	3	4
34	42	0	1	1	1
34	43	0	1	1	2
34	44	2	2	3	4
34	45	1	1	0	3
34	46	-1	0	0	0
34	47	-6	0	-3	-1
34	48	1	1	-1	2
34	49	-1	0	1	1
34	50	-1	0	0	1
34	51	0	1	0	1
34	52	0	2	0	4
34	53	0	3	2	0
34	54	1	1	1	4
34	55	0	2	2	3
34	56	0	1	0	2
34	57	-1	1	-2	0
34	58	1	1	1	2
34	59	-1	2	0	1
34	60	-1	1	1	3
34	61	0	0	0	0
34	62	0	0	-2	0
34	63	3	1	2	4
34	64	0	1	3	3
34	65	0	3	1	5
34	66	2	2	2	3
34	67	-1	1	0	2
34	68	2	3	5	3
34	69	3	2	1	3
34	70	0	1	1	3
34	71	-1	0	0	1
34	72	0	1	1	1
34	73	2	1	2	2
34	74	0	0	0	0
34	75	0	0	-1	1
34	76	0	0	-1	2
34	77	0	0	-3	0
34	78	0	2	2	2
34	79	2	3	2	3
34	80	3	3	3	5
34	81	1	2	3	3
34	82	4	2	4	4
34	83	1	2	3	3
34	84	4	3	3	6
34	85	3	3	4	3
34	86	1	2	3	3
34	87	0	1	0	3
34	88	0	1	-2	1
34	89	-1	0	-2	2
34	90	1	1	2	4
34	91	0	1	0	2
34	92	2	2	2	3
34	93	0	1	1	2
34	94	0	0	-1	0
34	95	0	1	2	2
34	96	3	3	3	1
34	97	1	2	4	2
34	98	0	3	2	2
34	99	-2	0	-3	2
34	100	-1	0	-4	0
34	101	-1	0	-1	0
34	102	3	4	6	3
34	103	0	1	0	3
34	104	3	0	1	2
34	105	0	0	0	1
34	106	1	2	2	3
34	107	-2	0	-4	2
34	108	0	1	1	1
34	109	0	3	2	2
34	110	1	1	1	3
34	111	2	1	4	3
34	112	1	2	2	4
34	113	-1	1	0	4
34	114	-1	0	0	1
34	115	1	2	4	3
34	116	3	2	5	4
34	117	2	2	0	3
34	118	2	3	4	5
34	119	0	1	-1	2
34	120	0	1	0	1
35	1	0	3	0	1
35	2	0	2	1	2
35	3	3	3	3	1
35	4	2	1	4	1
35	5	1	2	2	2
35	6	2	3	4	4
35	7	5	3	6	3
35	8	2	3	1	3
35	9	-1	1	0	0
35	10	-1	0	-2	0
35	11	0	0	-1	0
35	12	-2	1	-4	0
35	13	-1	0	-3	0
35	14	0	2	2	1
35	15	0	2	0	2
35	16	3	3	5	4
35	17	3	3	4	3
35	18	3	3	3	4
35	19	1	1	1	2
35	20	0	2	3	2
35	21	1	2	0	2
35	22	-1	0	0	1
35	23	0	2	0	0
35	24	0	4	2	1
35	25	-1	1	-4	0
35	26	-2	1	-2	0
35	27	0	1	1	0
35	28	0	1	0	1
35	29	0	1	0	0
35	30	0	2	0	1
35	31	-1	0	0	0
35	32	0	1	1	0
35	33	0	3	0	2
35	34	0	1	0	2
35	35	1	3	4	1
35	36	1	3	4	3
35	37	0	2	0	2
35	38	0	3	1	1
35	39	-4	1	-3	-1
35	40	0	1	0	-1
35	41	1	1	1	2
35	42	2	2	2	2
35	43	0	1	3	2
35	44	0	3	0	0
35	45	1	1	-2	0
35	46	0	0	0	0
35	47	0	2	0	2
35	48	0	1	1	0
35	49	0	1	4	1
35	50	3	3	5	4
35	51	2	2	5	3
35	52	0	2	0	1
35	53	1	3	1	0
35	54	-2	1	-1	2
35	55	-1	2	0	2
35	56	0	2	0	1
35	57	0	2	2	2
35	58	2	2	1	3
35	59	0	0	1	0
35	60	0	2	-1	1
35	61	0	1	-1	0
35	62	1	0	1	0
35	63	2	4	5	3
35	64	0	1	4	2
35	65	0	2	1	1
35	66	1	2	0	1
35	67	3	1	4	3
35	68	1	3	2	2
35	69	1	2	0	1
35	70	0	2	3	4
35	71	1	2	3	1
35	72	-3	0	-2	0
35	73	1	4	4	2
35	74	1	1	1	3
35	75	-1	1	-3	1
35	76	-1	0	-1	1
35	77	-1	2	0	1
35	78	-2	0	-2	0
35	79	-3	1	0	0
35	80	0	1	2	1
35	81	1	3	2	3
35	82	0	1	1	1
35	83	0	2	3	2
35	84	1	1	2	3
35	85	1	2	1	1
35	86	-2	1	-1	-1
35	87	0	0	0	0
35	88	2	3	2	2
35	89	0	1	1	1
35	90	0	1	0	0
35	91	0	1	0	0
35	92	0	1	0	0
35	93	0	3	0	1
35	94	2	4	2	2
35	95	-2	0	-2	0
35	96	0	2	1	1
35	97	0	2	0	-1
35	98	0	2	0	3
35	99	1	2	0	1
35	100	0	3	0	1
35	101	1	3	2	1
35	102	0	2	0	1
35	103	-1	1	0	0
35	104	0	2	0	2
35	105	0	1	4	1
35	106	0	2	2	3
35	107	2	4	3	3
35	108	-1	1	-1	0
35	109	0	0	-1	0
35	110	0	3	3	2
35	111	-1	1	-1	0
35	112	-1	3	0	1
35	113	1	2	1	2
35	114	2	0	2	1
35	115	0	2	-1	1
35	116	0	2	0	0
35	117	2	2	1	1
35	118	-1	0	-1	0
35	119	-1	0	0	-1
35	120	2	3	0	2
36	1	0	0	0	2
36	2	-1	0	0	2
36	3	0	0	0	1
36	4	1	2	2	2
36	5	0	1	1	0
36	6	2	1	0	4
36	7	1	2	3	5
36	8	2	1	3	3
36	9	-1	0	-2	0
36	10	0	0	-2	1
36	11	4	2	1	2
36	12	1	0	0	3
36	13	1	1	2	3
36	14	2	0	1	1
36	15	-1	0	1	1
36	16	0	0	-2	-1
36	17	0	0	-1	1
36	18	-2	0	-1	2
36	19	-1	0	0	0
36	20	1	1	3	3
36	21	0	0	-1	1
36	22	0	0	2	1
36	23	-3	0	-1	0
36	24	-3	0	-3	-1
36	25	0	0	-1	1
36	26	2	2	1	3
36	27	3	1	3	5
36	28	2	3	5	3
36	29	1	0	1	2
36	30	1	1	4	5
36	31	1	2	1	1
36	32	3	1	4	5
36	33	2	1	6	4
36	34	2	2	4	6
36	35	0	0	0	2
36	36	0	2	0	1
36	37	1	1	1	3
36	38	-3	0	-3	2
36	39	-2	0	1	2
36	40	-2	0	-1	0
36	41	1	0	1	3
36	42	1	0	0	4
36	43	0	1	2	3
36	44	1	1	3	2
36	45	3	2	6	6
36	46	6	2	8	7
36	47	2	3	7	5
36	48	2	2	1	4
36	49	3	2	3	5
36	50	0	0	-3	2
36	51	1	0	2	4
36	52	4	2	5	4
36	53	2	1	2	5
36	54	0	0	1	4
36	55	-1	0	-1	0
36	56	-2	0	0	0
36	57	1	1	2	4
36	58	1	1	3	3
36	59	0	1	0	3
36	60	1	0	3	2
36	61	0	0	0	3
36	62	4	0	5	4
36	63	0	1	0	1
36	64	2	1	3	4
36	65	-1	2	1	4
36	66	2	1	4	3
36	67	2	1	2	2
36	68	-1	1	-1	2
36	69	1	0	0	1
36	70	0	2	2	2
36	71	4	2	6	3
36	72	0	0	2	3
36	73	-1	0	0	1
36	74	0	0	-2	1
36	75	0	1	1	2
36	76	2	1	0	3
36	77	0	0	0	2
36	78	0	1	-1	2
36	79	0	0	1	2
36	80	0	1	0	3
36	81	0	-1	0	0
36	82	2	1	4	3
36	83	0	0	4	2
36	84	1	1	3	3
36	85	0	1	1	2
36	86	1	2	0	1
36	87	0	1	2	1
36	88	0	0	0	0
36	89	0	0	0	2
36	90	2	1	4	4
36	91	0	0	0	1
36	92	0	0	0	1
36	93	-2	0	0	1
36	94	0	2	1	2
36	95	1	1	2	4
36	96	-3	1	-2	1
36	97	-1	0	-3	0
36	98	0	0	-1	0
36	99	1	1	1	1
36	100	0	1	1	1
36	101	0	0	0	2
36	102	0	1	0	1
36	103	1	1	0	3
36	104	-1	0	-2	1
36	105	0	1	0	1
36	106	1	1	0	4
36	107	-1	1	2	3
36	108	0	1	2	2
36	109	0	-1	0	2
36	110	3	0	0	3
36	111	0	1	2	2
36	112	1	1	2	3
36	113	3	1	3	2
36	114	3	2	5	4
36	115	4	1	3	4
36	116	2	3	3	3
36	117	0	0	2	4
36	118	5	2	6	7
36	119	-1	0	-3	1
36	120	-1	0	-1	2
37	1	2	3	2	1
37	2	1	2	3	1
37	3	-1	1	0	0
37	4	0	2	0	3
37	5	2	3	1	3
37	6	2	2	2	4
37	7	5	5	3	4
37	8	4	2	4	2
37	9	2	3	5	3
37	10	0	2	1	3
37	11	2	2	2	1
37	12	4	3	0	3
37	13	0	0	-1	2
37	14	0	0	-3	1
37	15	0	2	0	0
37	16	0	2	1	1
37	17	2	2	1	2
37	18	0	1	2	2
37	19	0	1	-2	2
37	20	0	1	0	2
37	21	1	1	-1	1
37	22	0	2	-2	1
37	23	2	2	1	3
37	24	1	1	1	3
37	25	-1	0	-2	1
37	26	-2	1	1	0
37	27	1	2	-2	2
37	28	0	1	-1	0
37	29	2	2	1	4
37	30	2	1	0	1
37	31	2	3	0	2
37	32	3	3	1	5
37	33	0	2	-1	1
37	34	2	2	2	3
37	35	1	2	0	2
37	36	0	3	0	2
37	37	0	2	0	2
37	38	-1	2	-1	0
37	39	2	0	-2	1
37	40	0	1	0	1
37	41	1	2	0	1
37	42	3	1	3	2
37	43	4	2	2	3
37	44	6	4	2	4
37	45	4	3	4	3
37	46	5	3	3	4
37	47	3	2	5	5
37	48	3	2	0	1
37	49	3	3	0	1
37	50	1	3	0	3
37	51	1	3	5	4
37	52	3	3	4	4
37	53	4	2	6	4
37	54	5	3	1	4
37	55	4	3	4	5
37	56	5	2	1	2
37	57	-1	1	-3	2
37	58	0	0	-1	1
37	59	-1	0	0	0
37	60	-3	1	-3	1
37	61	0	1	-1	0
37	62	4	3	1	3
37	63	4	2	8	2
37	64	2	3	0	4
37	65	0	1	-2	0
37	66	-1	2	-2	2
37	67	0	0	-2	0
37	68	0	2	0	1
37	69	2	2	3	1
37	70	0	3	0	1
37	71	1	2	1	3
37	72	3	2	2	3
37	73	2	1	2	3
37	74	3	2	5	4
37	75	4	2	5	4
37	76	0	1	0	2
37	77	2	2	2	3
37	78	-1	3	1	3
37	79	2	1	1	3
37	80	0	3	0	3
37	81	1	4	1	3
37	82	1	2	0	2
37	83	2	2	0	4
37	84	1	3	0	2
37	85	0	1	1	4
37	86	0	1	-1	1
37	87	1	2	0	0
37	88	1	1	0	1
37	89	2	3	1	4
37	90	0	2	0	3
37	91	1	0	-2	1
37	92	0	1	-1	1
37	93	1	3	0	2
37	94	4	3	2	2
37	95	4	3	4	4
37	96	4	2	2	4
37	97	1	2	-1	2
37	98	2	1	1	2
37	99	4	3	4	5
37	100	3	3	4	2
37	101	1	3	2	1
37	102	2	3	1	2
37	103	-2	0	-3	-1
37	104	-1	1	-1	0
37	105	0	1	-1	1
37	106	1	3	3	2
37	107	5	3	5	4
37	108	4	3	2	4
37	109	4	4	7	5
37	110	0	2	0	4
37	111	4	4	6	5
37	112	1	1	-2	1
37	113	1	1	0	2
37	114	0	1	-1	0
37	115	0	1	-1	0
37	116	2	3	0	3
37	117	2	2	1	3
37	118	-2	2	-2	-1
37	119	4	2	1	3
37	120	2	1	-1	2
38	1	1	2	6	4
38	2	5	3	6	7
38	3	2	4	4	3
38	4	1	1	3	3
38	5	2	2	4	5
38	6	1	2	3	3
38	7	3	3	4	5
38	8	1	1	3	3
38	9	2	1	4	6
38	10	4	3	3	3
38	11	2	3	2	4
38	12	0	0	0	2
38	13	0	0	0	0
38	14	0	1	0	1
38	15	0	2	-1	1
38	16	3	2	4	5
38	17	4	3	4	4
38	18	2	3	6	6
38	19	6	3	8	5
38	20	2	1	4	4
38	21	2	2	1	3
38	22	0	0	0	2
38	23	0	0	0	0
38	24	0	2	1	2
38	25	2	1	3	3
38	26	1	2	3	4
38	27	2	2	2	3
38	28	3	1	3	1
38	29	3	2	4	4
38	30	-1	0	0	1
38	31	0	0	0	3
38	32	2	2	2	4
38	33	5	2	5	7
38	34	2	3	0	3
38	35	2	3	4	4
38	36	5	3	8	4
38	37	6	3	6	6
38	38	4	3	5	4
38	39	2	2	2	4
38	40	2	3	3	3
38	41	4	2	3	4
38	42	3	4	3	6
38	43	1	3	3	2
38	44	1	2	3	3
38	45	0	2	3	2
38	46	1	1	1	3
38	47	1	1	2	1
38	48	-2	1	-2	1
38	49	0	2	-1	2
38	50	-1	0	-1	2
38	51	2	2	0	3
38	52	0	0	1	3
38	53	0	0	2	3
38	54	1	3	3	3
38	55	0	3	3	3
38	56	2	2	1	5
38	57	2	2	1	3
38	58	1	2	4	4
38	59	0	0	0	3
38	60	0	0	0	0
38	61	-1	1	-1	3
38	62	4	3	5	8
38	63	2	2	4	5
38	64	2	2	4	3
38	65	3	2	2	2
38	66	1	3	3	4
38	67	3	2	2	5
38	68	4	3	6	4
38	69	4	5	7	6
38	70	0	0	0	3
38	71	0	0	0	2
38	72	1	0	0	0
38	73	-2	2	0	2
38	74	0	1	-1	0
38	75	0	0	0	1
38	76	-1	0	0	1
38	77	1	-1	1	1
38	78	6	4	7	7
38	79	3	2	3	3
38	80	0	1	1	4
38	81	2	3	0	4
38	82	2	1	2	4
38	83	1	1	0	3
38	84	0	0	1	2
38	85	-1	0	-2	3
38	86	0	2	0	1
38	87	5	2	6	3
38	88	4	3	4	5
38	89	8	4	11	9
38	90	2	4	5	5
38	91	3	3	3	4
38	92	2	3	3	4
38	93	0	1	1	1
38	94	0	2	1	5
38	95	3	2	5	5
38	96	3	1	1	2
38	97	3	0	-1	2
38	98	0	2	2	2
38	99	1	1	-1	2
38	100	1	2	1	2
38	101	1	1	2	6
38	102	0	1	1	2
38	103	0	1	0	0
38	104	1	0	0	2
38	105	2	2	4	2
38	106	2	2	4	5
38	107	1	3	2	4
38	108	3	2	3	6
38	109	4	3	4	3
38	110	1	2	1	3
38	111	5	3	6	8
38	112	2	1	2	4
38	113	1	3	5	5
38	114	2	3	6	7
38	115	2	3	4	4
38	116	0	2	1	1
38	117	0	1	1	2
38	118	2	2	4	5
38	119	2	2	5	3
38	120	4	2	5	3
39	1	4	2	4	2
39	2	2	1	3	4
39	3	2	1	5	4
39	4	2	1	2	3
39	5	-1	0	0	2
39	6	3	1	5	5
39	7	1	1	3	3
39	8	3	2	4	5
39	9	4	3	7	6
39	10	1	1	2	4
39	11	1	0	2	3
39	12	0	0	0	1
39	13	2	1	2	1
39	14	2	0	3	2
39	15	1	1	0	2
39	16	1	1	2	2
39	17	4	2	1	3
39	18	0	0	2	3
39	19	4	2	8	5
39	20	3	2	5	6
39	21	6	2	5	6
39	22	0	0	0	3
39	23	0	0	2	4
39	24	3	2	5	4
39	25	4	2	3	4
39	26	4	3	6	7
39	27	5	3	4	5
39	28	6	4	8	8
39	29	1	0	4	3
39	30	1	2	0	2
39	31	1	1	3	3
39	32	0	0	1	2
39	33	2	2	4	5
39	34	5	2	4	6
39	35	0	1	-1	1
39	36	0	0	1	3
39	37	3	1	6	4
39	38	0	1	4	3
39	39	0	2	6	5
39	40	1	2	2	5
39	41	1	1	3	4
39	42	4	2	5	5
39	43	1	3	2	4
39	44	2	1	3	1
39	45	0	1	2	4
39	46	0	2	2	0
39	47	2	2	3	2
39	48	2	2	2	2
39	49	3	3	4	2
39	50	-1	0	0	2
39	51	0	1	1	3
39	52	3	2	3	3
39	53	7	4	9	7
39	54	7	3	9	8
39	55	3	3	5	5
39	56	4	1	3	6
39	57	3	1	4	5
39	58	0	1	3	1
39	59	0	0	2	1
39	60	4	2	6	4
39	61	3	2	7	6
39	62	3	4	5	4
39	63	3	2	7	6
39	64	4	2	6	3
39	65	1	1	2	1
39	66	3	1	4	7
39	67	2	1	3	3
39	68	3	2	7	5
39	69	2	2	1	5
39	70	2	1	2	5
39	71	0	2	3	4
39	72	2	2	4	3
39	73	1	1	4	4
39	74	3	3	3	6
39	75	0	0	1	1
39	76	3	2	4	5
39	77	2	1	5	5
39	78	1	1	3	4
39	79	2	2	3	2
39	80	3	1	4	3
39	81	1	0	1	3
39	82	2	1	3	2
39	83	3	1	4	3
39	84	0	0	3	2
39	85	4	2	5	5
39	86	5	3	8	8
39	87	5	4	9	7
39	88	4	2	4	5
39	89	3	2	4	6
39	90	2	2	2	4
39	91	2	1	5	3
39	92	1	0	3	3
39	93	1	1	2	3
39	94	1	0	0	1
39	95	2	3	6	6
39	96	4	2	9	6
39	97	4	2	7	5
39	98	1	1	1	3
39	99	0	0	3	5
39	100	0	0	0	0
39	101	0	1	2	2
39	102	2	2	5	5
39	103	4	3	3	5
39	104	1	1	1	1
39	105	1	0	1	2
39	106	-1	0	3	2
39	107	4	1	4	5
39	108	3	2	6	5
39	109	2	4	5	6
39	110	4	2	4	4
39	111	1	3	3	5
39	112	4	2	5	4
39	113	2	1	0	1
39	114	-1	1	0	2
39	115	1	1	5	4
39	116	3	1	4	4
39	117	1	1	3	2
39	118	3	2	3	4
39	119	5	3	9	7
39	120	5	3	6	6
40	1	1	2	0	4
40	2	2	3	2	4
40	3	2	3	0	4
40	4	2	3	2	5
40	5	5	5	3	5
40	6	2	3	1	4
40	7	3	2	2	3
40	8	0	2	1	3
40	9	1	4	0	2
40	10	0	1	-3	0
40	11	1	4	2	4
40	12	1	4	0	3
40	13	1	3	1	3
40	14	2	3	2	3
40	15	5	5	5	4
40	16	7	5	7	6
40	17	6	6	8	8
40	18	3	4	3	4
40	19	2	3	2	4
40	20	-1	0	0	0
40	21	2	3	2	4
40	22	2	2	2	4
40	23	1	2	2	2
40	24	-1	2	0	3
40	25	0	2	0	3
40	26	3	3	2	4
40	27	3	4	3	6
40	28	6	4	3	5
40	29	6	4	4	6
40	30	2	4	4	5
40	31	2	4	3	4
40	32	3	3	2	3
40	33	1	3	2	2
40	34	1	3	0	2
40	35	0	2	0	3
40	36	3	3	1	4
40	37	2	3	1	2
40	38	0	3	0	3
40	39	0	2	-1	2
40	40	2	2	2	1
40	41	0	1	0	3
40	42	4	3	2	3
40	43	2	4	3	4
40	44	3	3	3	3
40	45	1	4	0	4
40	46	0	2	0	2
40	47	3	3	3	4
40	48	5	5	5	4
40	49	2	4	0	4
40	50	3	3	4	4
40	51	3	4	1	4
40	52	2	2	1	3
40	53	4	4	4	4
40	54	1	2	1	3
40	55	1	2	1	3
40	56	3	3	2	3
40	57	1	3	5	2
40	58	4	4	3	5
40	59	3	4	1	3
40	60	0	3	1	4
40	61	1	2	2	3
40	62	0	4	1	3
40	63	0	4	1	4
40	64	3	2	5	4
40	65	3	2	1	4
40	66	4	3	2	2
40	67	2	2	3	2
40	68	4	4	1	2
40	69	2	3	2	4
40	70	2	2	0	3
40	71	1	2	0	3
40	72	2	4	4	4
40	73	1	2	0	2
40	74	0	3	0	4
40	75	5	3	5	7
40	76	5	5	3	4
40	77	6	4	5	7
40	78	6	4	6	7
40	79	4	6	6	5
40	80	1	3	2	4
40	81	0	2	0	2
40	82	5	3	4	6
40	83	5	5	5	7
40	84	3	5	3	2
40	85	1	1	1	2
40	86	2	2	0	4
40	87	3	3	3	3
40	88	3	3	5	4
40	89	1	5	5	4
40	90	2	3	2	4
40	91	6	5	6	6
40	92	4	4	6	6
40	93	3	2	1	3
40	94	1	2	1	4
40	95	0	1	1	1
40	96	0	2	0	1
40	97	4	3	4	4
40	98	4	4	1	5
40	99	3	3	3	3
40	100	4	4	2	5
40	101	3	4	1	3
40	102	4	2	3	4
40	103	3	4	3	4
40	104	1	3	0	3
40	105	5	4	3	5
40	106	1	3	1	2
40	107	4	3	3	3
40	108	1	2	0	1
40	109	2	2	0	3
40	110	2	1	0	2
40	111	2	3	2	3
40	112	3	3	3	5
40	113	4	3	2	5
40	114	4	6	4	5
40	115	5	3	8	6
40	116	6	5	4	4
40	117	2	4	3	4
40	118	0	3	1	4
40	119	1	3	2	4
40	120	2	2	1	3
41	1	3	2	2	5
41	2	5	3	3	4
41	3	4	3	5	6
41	4	4	2	1	4
41	5	1	1	2	4
41	6	2	1	2	3
41	7	2	3	1	3
41	8	0	0	-2	2
41	9	0	1	-2	3
41	10	1	2	1	3
41	11	3	2	3	3
41	12	2	3	5	7
41	13	3	1	7	4
41	14	2	1	1	3
41	15	2	3	3	5
41	16	5	2	3	5
41	17	3	4	3	5
41	18	5	3	6	6
41	19	1	4	5	4
41	20	3	2	3	4
41	21	3	2	2	3
41	22	4	4	1	4
41	23	2	3	4	4
41	24	1	2	3	4
41	25	3	2	2	3
41	26	4	4	4	5
41	27	2	3	2	7
41	28	0	2	2	3
41	29	0	3	0	2
41	30	2	3	3	3
41	31	2	2	2	4
41	32	2	4	6	4
41	33	4	3	4	7
41	34	0	2	0	3
41	35	6	4	6	6
41	36	2	4	0	3
41	37	3	1	2	4
41	38	4	3	5	6
41	39	5	4	4	6
41	40	3	4	5	3
41	41	3	3	0	4
41	42	0	1	0	2
41	43	2	2	0	3
41	44	3	3	2	4
41	45	2	2	0	4
41	46	7	3	8	7
41	47	0	1	-1	2
41	48	2	2	0	3
41	49	2	1	1	3
41	50	4	2	1	6
41	51	3	2	4	4
41	52	4	4	5	4
41	53	1	2	3	4
41	54	3	2	3	4
41	55	3	3	5	5
41	56	4	4	8	7
41	57	5	4	5	6
41	58	0	1	3	2
41	59	0	1	-1	1
41	60	0	3	0	2
41	61	2	2	1	5
41	62	1	1	0	3
41	63	1	2	1	2
41	64	1	0	3	2
41	65	2	1	3	4
41	66	1	1	0	1
41	67	1	2	1	3
41	68	1	2	1	4
41	69	0	2	3	2
41	70	2	2	1	4
41	71	4	2	3	5
41	72	1	0	0	3
41	73	2	3	5	4
41	74	5	2	2	6
41	75	2	1	2	5
41	76	0	2	0	2
41	77	4	2	5	6
41	78	3	4	5	3
41	79	3	3	5	5
41	80	3	2	6	6
41	81	2	2	4	4
41	82	3	4	7	6
41	83	3	2	6	5
41	84	3	2	3	5
41	85	5	3	6	6
41	86	1	2	3	5
41	87	3	3	3	3
41	88	1	4	4	4
41	89	0	2	0	4
41	90	0	0	0	3
41	91	-2	0	-4	0
41	92	1	0	0	3
41	93	1	0	0	2
41	94	4	3	2	3
41	95	1	3	0	3
41	96	3	2	2	3
41	97	5	2	6	3
41	98	4	3	3	5
41	99	4	2	4	6
41	100	3	3	7	4
41	101	3	3	2	4
41	102	3	3	1	4
41	103	2	2	5	4
41	104	1	1	2	3
41	105	5	4	8	7
41	106	1	3	2	3
41	107	2	2	1	5
41	108	5	3	5	7
41	109	3	3	4	5
41	110	0	2	0	3
41	111	0	1	2	3
41	112	0	1	0	4
41	113	4	3	3	5
41	114	1	3	0	5
41	115	3	2	2	3
41	116	3	2	5	5
41	117	6	4	7	6
41	118	2	3	6	6
41	119	6	4	8	9
41	120	8	4	11	8
42	1	2	3	1	3
42	2	2	4	4	4
42	3	4	3	7	6
42	4	1	1	0	0
42	5	3	3	0	3
42	6	5	3	7	4
42	7	1	3	4	2
42	8	2	4	4	5
42	9	3	3	5	4
42	10	3	3	2	5
42	11	3	3	4	6
42	12	2	3	0	5
42	13	4	4	8	7
42	14	4	2	6	6
42	15	2	3	4	5
42	16	0	2	0	3
42	17	3	3	2	4
42	18	-1	2	-1	4
42	19	1	1	-1	2
42	20	5	5	3	7
42	21	4	5	6	5
42	22	4	5	8	6
42	23	5	5	6	8
42	24	3	3	2	5
42	25	4	4	4	4
42	26	2	3	1	3
42	27	2	4	5	6
42	28	3	2	2	4
42	29	1	1	0	5
42	30	-1	3	0	1
42	31	0	1	0	1
42	32	0	1	1	3
42	33	-1	0	0	0
42	34	2	3	2	5
42	35	0	3	0	2
42	36	4	1	2	4
42	37	3	3	5	4
42	38	2	3	1	4
42	39	0	1	2	2
42	40	1	2	0	2
42	41	0	2	1	4
42	42	2	3	2	3
42	43	2	2	2	2
42	44	1	1	0	2
42	45	3	3	5	5
42	46	3	2	4	3
42	47	3	3	5	5
42	48	2	1	0	3
42	49	2	2	3	4
42	50	4	3	5	5
42	51	3	3	3	3
42	52	1	2	2	5
42	53	2	2	1	2
42	54	1	3	0	4
42	55	2	3	2	4
42	56	0	0	-1	1
42	57	1	2	0	1
42	58	0	1	2	3
42	59	1	2	3	4
42	60	0	2	1	2
42	61	1	2	1	1
42	62	0	1	0	2
42	63	2	1	2	4
42	64	2	1	2	2
42	65	0	1	1	1
42	66	0	3	0	2
42	67	2	3	4	5
42	68	1	2	3	3
42	69	3	3	6	5
42	70	2	3	4	4
42	71	0	2	5	5
42	72	0	2	1	0
42	73	0	1	0	2
42	74	-1	0	-1	2
42	75	1	2	3	3
42	76	3	3	4	6
42	77	2	3	3	4
42	78	2	2	2	3
42	79	3	1	4	4
42	80	0	2	0	3
42	81	3	2	4	5
42	82	4	2	5	5
42	83	3	3	7	5
42	84	3	3	3	3
42	85	1	2	1	3
42	86	1	2	5	5
42	87	3	2	4	3
42	88	-1	1	0	2
42	89	0	1	4	3
42	90	1	2	3	3
42	91	4	3	4	6
42	92	3	3	5	3
42	93	5	3	7	3
42	94	5	5	8	6
42	95	2	3	3	4
42	96	4	4	6	5
42	97	4	2	4	3
42	98	1	3	3	5
42	99	2	2	1	4
42	100	1	2	5	3
42	101	1	2	3	4
42	102	1	3	2	5
42	103	2	2	3	3
42	104	1	2	6	4
42	105	2	1	1	2
42	106	2	1	1	3
42	107	3	3	6	3
42	108	0	2	2	2
42	109	4	2	6	6
42	110	4	3	5	4
42	111	0	2	0	2
42	112	1	4	7	4
42	113	3	3	3	6
42	114	3	3	5	4
42	115	0	2	0	3
42	116	1	1	0	2
42	117	1	2	-2	3
42	118	0	2	4	4
42	119	3	2	0	3
42	120	1	2	2	3
43	1	6	6	7	3
43	2	7	5	8	6
43	3	7	7	8	6
43	4	8	5	8	8
43	5	5	6	10	6
43	6	5	5	8	5
43	7	7	5	7	5
43	8	5	5	6	7
43	9	6	5	7	5
43	10	6	4	8	5
43	11	10	7	12	9
43	12	7	6	8	7
43	13	5	4	5	5
43	14	2	3	3	3
43	15	0	1	3	2
43	16	2	3	4	2
43	17	3	5	3	4
43	18	5	6	4	4
43	19	3	5	4	2
43	20	8	5	8	8
43	21	6	6	11	6
43	22	7	6	7	4
43	23	2	4	3	4
43	24	5	6	6	5
43	25	3	3	5	4
43	26	3	4	2	2
43	27	3	5	3	6
43	28	3	1	2	5
43	29	5	5	7	6
43	30	3	3	3	3
43	31	4	4	3	3
43	32	6	6	6	5
43	33	5	4	4	6
43	34	5	4	7	6
43	35	5	5	8	7
43	36	8	5	7	7
43	37	1	4	0	2
43	38	2	4	3	4
43	39	0	1	-2	0
43	40	1	4	1	3
43	41	3	4	5	4
43	42	5	5	6	6
43	43	1	3	4	3
43	44	4	5	6	4
43	45	3	4	5	3
43	46	2	5	5	4
43	47	0	1	0	3
43	48	4	5	6	5
43	49	5	3	5	4
43	50	3	4	3	3
43	51	3	4	5	4
43	52	3	4	3	5
43	53	5	4	3	3
43	54	3	3	1	3
43	55	2	5	3	2
43	56	1	3	3	4
43	57	4	3	6	5
43	58	1	4	1	2
43	59	2	4	3	3
43	60	5	6	4	3
43	61	4	5	5	4
43	62	4	4	3	4
43	63	5	5	7	4
43	64	6	5	8	7
43	65	7	5	6	8
43	66	5	4	7	6
43	67	3	4	4	3
43	68	2	4	6	3
43	69	2	4	1	2
43	70	3	4	5	5
43	71	2	4	4	2
43	72	5	5	6	7
43	73	4	4	3	4
43	74	3	5	4	4
43	75	5	4	3	5
43	76	0	3	0	2
43	77	2	2	3	3
43	78	3	4	4	3
43	79	2	3	0	3
43	80	4	3	4	5
43	81	4	5	4	5
43	82	2	2	2	4
43	83	2	3	3	3
43	84	3	4	5	6
43	85	2	4	1	4
43	86	3	4	4	5
43	87	4	5	5	4
43	88	2	3	0	1
43	89	-1	3	0	1
43	90	3	4	2	3
43	91	2	3	2	4
43	92	1	4	3	2
43	93	1	3	1	3
43	94	4	4	6	6
43	95	2	3	0	3
43	96	3	5	4	4
43	97	4	4	1	3
43	98	4	5	9	6
43	99	5	6	8	6
43	100	4	6	10	6
43	101	4	4	4	5
43	102	5	3	6	5
43	103	5	5	6	3
43	104	7	5	7	6
43	105	6	5	5	5
43	106	5	5	6	4
43	107	6	6	4	6
43	108	0	3	2	4
43	109	4	4	4	3
43	110	4	5	4	6
43	111	4	4	6	5
43	112	5	4	5	3
43	113	4	4	4	5
43	114	6	5	7	6
43	115	4	6	8	7
43	116	5	4	6	5
43	117	7	4	8	7
43	118	6	4	5	6
43	119	5	4	9	5
43	120	4	3	3	4
44	1	0	0	-2	0
44	2	-1	0	-3	0
44	3	-2	1	-2	0
44	4	-2	0	-1	-1
44	5	-4	0	-1	0
44	6	-2	0	-3	-2
44	7	-3	-1	-3	-1
44	8	-3	-1	-2	0
44	9	0	0	0	2
44	10	-2	0	-1	-1
44	11	0	1	0	0
44	12	0	0	0	0
44	13	-2	0	0	-1
44	14	1	2	4	3
44	15	0	0	1	0
44	16	-3	0	0	0
44	17	-1	0	-1	-1
44	18	-1	2	3	0
44	19	-1	1	1	0
44	20	0	1	2	0
44	21	0	0	-1	0
44	22	0	1	2	2
44	23	-1	0	-2	1
44	24	0	0	3	2
44	25	1	2	2	3
44	26	3	2	3	4
44	27	1	2	7	4
44	28	-2	0	1	0
44	29	0	2	3	1
44	30	2	2	2	3
44	31	4	1	5	6
44	32	1	1	1	0
44	33	0	1	3	0
44	34	0	0	1	0
44	35	0	0	-1	1
44	36	-4	0	0	0
44	37	-3	0	-1	0
44	38	-2	0	0	0
44	39	-2	0	-1	-1
44	40	0	0	0	1
44	41	-2	0	-1	-2
44	42	-3	0	0	0
44	43	-1	2	2	1
44	44	0	1	2	0
44	45	-2	0	0	0
44	46	1	0	3	0
44	47	0	1	-1	0
44	48	0	0	2	1
44	49	-1	0	0	0
44	50	-2	0	-2	-1
44	51	0	0	0	0
44	52	0	1	0	0
44	53	-1	0	0	0
44	54	-4	0	-1	-1
44	55	-1	0	4	1
44	56	0	1	1	0
44	57	2	1	4	1
44	58	0	1	1	0
44	59	-4	0	1	1
44	60	0	0	1	1
44	61	-3	0	-3	0
44	62	-1	2	0	2
44	63	-1	1	0	2
44	64	0	0	4	2
44	65	2	1	1	1
44	66	2	3	5	2
44	67	-1	1	0	0
44	68	-1	0	0	0
44	69	1	1	2	2
44	70	0	0	0	0
44	71	-3	0	0	-3
44	72	-4	-1	-3	0
44	73	-1	1	0	0
44	74	0	0	1	0
44	75	4	2	3	3
44	76	0	1	2	1
44	77	2	1	3	3
44	78	0	0	2	1
44	79	0	0	1	0
44	80	0	1	1	0
44	81	-1	1	0	0
44	82	-5	-1	0	-2
44	83	-2	0	-1	1
44	84	-1	2	1	0
44	85	0	2	2	2
44	86	0	0	1	0
44	87	0	2	0	1
44	88	0	1	0	1
44	89	-1	0	0	0
44	90	-2	0	0	0
44	91	0	0	0	0
44	92	1	1	0	1
44	93	0	0	1	1
44	94	-1	0	1	-1
44	95	0	1	1	1
44	96	-4	0	-2	0
44	97	-2	0	0	0
44	98	0	1	0	0
44	99	0	0	-1	0
44	100	0	0	2	1
44	101	0	2	0	2
44	102	0	0	2	3
44	103	0	2	1	0
44	104	0	0	4	3
44	105	1	2	3	4
44	106	4	2	4	4
44	107	0	0	0	2
44	108	3	2	4	4
44	109	2	2	3	2
44	110	0	0	3	1
44	111	0	1	0	0
44	112	-3	0	0	1
44	113	0	0	-1	-1
44	114	0	1	-1	1
44	115	0	0	3	2
44	116	0	1	2	2
44	117	0	0	0	1
44	118	0	0	1	1
44	119	-2	1	-1	0
44	120	0	0	-2	0
45	1	1	2	-1	2
45	2	1	2	2	3
45	3	1	1	2	1
45	4	0	1	1	1
45	5	0	0	-1	2
45	6	-1	1	-1	0
45	7	0	1	1	1
45	8	0	2	1	2
45	9	0	2	0	3
45	10	0	0	-4	0
45	11	0	1	0	0
45	12	0	1	0	1
45	13	1	2	0	1
45	14	3	1	2	3
45	15	0	0	0	1
45	16	0	2	2	5
45	17	0	2	2	2
45	18	1	0	0	0
45	19	0	2	0	2
45	20	0	0	-3	2
45	21	-2	1	-2	0
45	22	0	3	0	1
45	23	-1	1	-4	0
45	24	0	1	0	3
45	25	1	1	-1	1
45	26	0	0	0	1
45	27	0	0	0	1
45	28	0	1	0	2
45	29	2	4	2	3
45	30	1	0	0	5
45	31	2	2	3	3
45	32	2	2	1	3
45	33	4	3	2	4
45	34	2	3	2	4
45	35	2	3	3	4
45	36	0	0	-2	0
45	37	1	2	1	0
45	38	2	3	0	2
45	39	0	2	1	2
45	40	0	0	2	2
45	41	1	0	-1	2
45	42	0	1	1	3
45	43	0	1	1	2
45	44	-1	0	0	1
45	45	0	3	1	2
45	46	1	1	0	2
45	47	-2	0	-2	0
45	48	1	2	0	2
45	49	2	1	2	5
45	50	0	3	0	2
45	51	-2	1	-3	0
45	52	0	0	0	2
45	53	0	2	1	1
45	54	0	3	0	3
45	55	0	2	2	4
45	56	0	2	-1	1
45	57	1	2	1	1
45	58	0	2	-1	1
45	59	-1	2	-4	-1
45	60	-1	1	0	1
45	61	-6	0	-5	-2
45	62	-1	2	-1	2
45	63	0	2	-2	2
45	64	0	1	-2	2
45	65	0	0	0	1
45	66	-1	1	-1	1
45	67	1	1	0	2
45	68	-1	1	1	2
45	69	1	2	3	2
45	70	0	2	1	4
45	71	0	2	2	3
45	72	-1	1	0	2
45	73	2	1	-2	2
45	74	1	2	0	2
45	75	0	1	0	2
45	76	0	1	0	3
45	77	1	1	0	2
45	78	2	1	3	1
45	79	0	2	1	2
45	80	0	2	0	0
45	81	0	1	1	2
45	82	1	2	1	3
45	83	0	1	-1	2
45	84	0	3	3	2
45	85	2	2	4	2
45	86	0	2	0	3
45	87	0	2	0	0
45	88	0	1	-1	0
45	89	3	3	2	4
45	90	5	3	3	4
45	91	0	2	-1	4
45	92	-5	0	-6	-1
45	93	-2	0	-3	1
45	94	-1	1	-1	2
45	95	0	1	-3	1
45	96	-3	0	-2	0
45	97	-3	0	0	0
45	98	0	0	-2	1
45	99	1	2	2	3
45	100	0	3	-2	1
45	101	0	1	0	1
45	102	-1	1	-3	0
45	103	0	2	0	1
45	104	1	3	2	3
45	105	0	2	-2	1
45	106	3	1	0	2
45	107	3	3	0	1
45	108	3	1	0	4
45	109	-2	1	-2	0
45	110	0	0	0	2
45	111	0	2	0	2
45	112	-1	0	1	1
45	113	-1	1	-2	0
45	114	-2	0	-5	0
45	115	-3	2	1	0
45	116	6	5	8	5
45	117	0	1	3	2
45	118	3	3	2	3
45	119	2	3	1	6
45	120	1	2	3	4
46	1	7	6	7	7
46	2	3	5	5	3
46	3	1	3	2	1
46	4	4	3	7	5
46	5	5	4	6	4
46	6	1	2	4	1
46	7	3	3	6	4
46	8	2	2	5	3
46	9	3	4	7	4
46	10	6	5	10	8
46	11	4	1	3	2
46	12	2	3	6	4
46	13	3	3	5	4
46	14	4	3	4	3
46	15	2	1	4	3
46	16	1	3	3	4
46	17	3	3	1	2
46	18	3	3	4	4
46	19	1	1	0	3
46	20	3	3	4	4
46	21	4	3	5	4
46	22	4	3	7	5
46	23	2	3	0	4
46	24	3	2	2	2
46	25	1	2	1	2
46	26	1	2	4	3
46	27	4	5	6	3
46	28	5	4	6	3
46	29	1	3	5	2
46	30	6	3	4	5
46	31	2	2	2	2
46	32	4	3	4	3
46	33	2	3	4	3
46	34	0	3	2	3
46	35	3	4	5	3
46	36	3	4	4	3
46	37	2	3	4	2
46	38	4	3	3	2
46	39	3	2	1	0
46	40	5	3	4	3
46	41	2	1	2	1
46	42	2	3	3	4
46	43	1	3	4	3
46	44	2	2	4	2
46	45	5	4	5	5
46	46	4	2	8	5
46	47	4	2	5	2
46	48	3	3	8	3
46	49	4	2	3	4
46	50	4	2	8	5
46	51	5	2	3	2
46	52	2	2	2	3
46	53	3	5	6	4
46	54	6	3	6	4
46	55	5	4	6	6
46	56	5	4	9	6
46	57	3	3	4	4
46	58	2	3	6	4
46	59	8	5	9	6
46	60	5	4	6	6
46	61	7	5	10	6
46	62	5	5	7	6
46	63	5	3	6	6
46	64	1	3	4	3
46	65	5	3	3	4
46	66	2	3	4	4
46	67	5	3	8	5
46	68	7	4	8	5
46	69	2	2	2	4
46	70	6	3	9	5
46	71	3	3	4	2
46	72	3	2	3	4
46	73	2	2	1	2
46	74	3	3	4	3
46	75	0	3	4	3
46	76	0	2	1	0
46	77	1	2	2	2
46	78	3	3	4	2
46	79	2	2	2	3
46	80	4	4	4	4
46	81	5	4	5	4
46	82	2	2	0	0
46	83	0	1	0	1
46	84	0	0	0	0
46	85	0	1	-3	0
46	86	0	1	1	1
46	87	3	3	4	3
46	88	2	3	1	1
46	89	2	4	4	2
46	90	0	3	0	1
46	91	4	2	4	5
46	92	5	3	5	5
46	93	5	4	5	4
46	94	7	4	7	6
46	95	5	3	7	6
46	96	2	2	3	4
46	97	5	4	2	3
46	98	5	3	5	5
46	99	2	4	2	2
46	100	3	3	4	5
46	101	3	3	3	4
46	102	3	4	2	5
46	103	1	2	5	4
46	104	4	2	5	5
46	105	4	3	4	4
46	106	3	4	5	3
46	107	4	4	4	5
46	108	7	4	7	5
46	109	5	5	7	5
46	110	3	4	4	4
46	111	2	3	3	3
46	112	4	3	3	2
46	113	0	2	3	1
46	114	3	3	4	4
46	115	7	4	6	5
46	116	6	4	9	7
46	117	4	3	4	6
46	118	4	3	6	6
46	119	1	4	3	4
46	120	2	3	5	2
47	1	2	3	0	3
47	2	6	4	6	6
47	3	4	2	1	5
47	4	2	3	1	4
47	5	3	4	1	2
47	6	4	1	3	3
47	7	1	1	0	3
47	8	2	3	0	3
47	9	2	3	-1	2
47	10	3	4	0	4
47	11	5	5	5	9
47	12	5	3	5	6
47	13	3	4	2	5
47	14	3	4	2	4
47	15	2	1	2	3
47	16	4	3	2	4
47	17	3	3	0	3
47	18	4	3	2	2
47	19	0	3	0	4
47	20	1	3	0	2
47	21	1	2	0	3
47	22	2	4	2	4
47	23	3	2	1	3
47	24	3	4	4	3
47	25	1	1	-1	1
47	26	2	5	2	6
47	27	2	3	0	4
47	28	3	3	2	4
47	29	0	1	-2	3
47	30	0	1	-1	0
47	31	-1	1	-1	3
47	32	1	3	0	3
47	33	0	2	0	2
47	34	2	4	1	4
47	35	2	2	-2	3
47	36	2	4	1	4
47	37	4	2	1	4
47	38	0	3	0	3
47	39	3	3	0	3
47	40	1	3	0	2
47	41	3	5	3	3
47	42	4	3	4	5
47	43	3	2	1	4
47	44	4	5	1	3
47	45	3	3	2	3
47	46	5	4	5	6
47	47	5	6	7	7
47	48	4	2	2	5
47	49	4	4	1	3
47	50	0	2	-3	1
47	51	1	3	0	4
47	52	1	2	-1	2
47	53	1	2	3	4
47	54	3	4	4	4
47	55	5	5	4	4
47	56	2	4	3	4
47	57	1	3	1	3
47	58	1	2	1	4
47	59	1	3	0	4
47	60	5	5	3	7
47	61	4	5	3	5
47	62	3	3	1	5
47	63	4	4	1	4
47	64	2	2	0	3
47	65	4	3	1	5
47	66	3	3	0	3
47	67	5	5	5	7
47	68	4	4	3	5
47	69	4	4	2	5
47	70	4	3	4	5
47	71	5	4	4	5
47	72	5	2	2	5
47	73	7	4	4	5
47	74	4	5	5	4
47	75	5	6	6	7
47	76	6	5	6	8
47	77	5	4	4	6
47	78	1	3	0	3
47	79	3	3	0	6
47	80	3	3	0	4
47	81	2	3	1	4
47	82	2	1	-1	2
47	83	0	1	-2	1
47	84	1	1	0	3
47	85	4	5	6	4
47	86	3	4	0	4
47	87	2	3	0	3
47	88	1	1	-1	3
47	89	1	0	0	1
47	90	1	0	0	2
47	91	5	3	4	7
47	92	3	2	2	4
47	93	5	3	2	6
47	94	0	4	-1	3
47	95	2	0	0	1
47	96	3	4	4	7
47	97	4	3	3	3
47	98	6	4	2	4
47	99	3	4	3	4
47	100	3	3	0	3
47	101	7	4	5	7
47	102	5	4	4	5
47	103	3	3	6	5
47	104	5	5	4	7
47	105	9	5	6	7
47	106	7	3	9	7
47	107	3	4	4	7
47	108	5	3	5	6
47	109	4	4	5	5
47	110	2	3	1	5
47	111	2	3	0	3
47	112	2	2	0	3
47	113	4	3	1	4
47	114	2	3	1	3
47	115	2	4	0	4
47	116	0	2	-3	2
47	117	1	2	0	2
47	118	-1	1	-4	1
47	119	4	4	5	6
47	120	5	5	3	5
48	1	1	2	0	2
48	2	0	1	-1	2
48	3	0	0	-1	3
48	4	2	2	2	5
48	5	2	3	6	7
48	6	3	4	2	5
48	7	2	4	3	4
48	8	0	2	1	3
48	9	0	2	0	4
48	10	1	3	1	4
48	11	0	1	0	3
48	12	1	3	0	3
48	13	3	1	4	6
48	14	2	3	2	6
48	15	5	4	4	7
48	16	2	2	1	5
48	17	1	2	0	3
48	18	2	4	4	6
48	19	3	5	5	7
48	20	6	4	8	7
48	21	6	4	5	7
48	22	2	2	3	6
48	23	1	3	4	3
48	24	4	4	6	6
48	25	0	1	1	1
48	26	4	2	4	6
48	27	5	3	4	4
48	28	4	4	7	7
48	29	2	2	3	4
48	30	3	3	1	3
48	31	0	3	3	4
48	32	1	2	1	3
48	33	2	2	0	2
48	34	1	2	0	2
48	35	0	2	0	3
48	36	1	2	3	6
48	37	3	2	2	4
48	38	2	3	2	4
48	39	3	2	1	6
48	40	1	2	1	4
48	41	1	2	2	4
48	42	2	1	1	6
48	43	1	1	3	4
48	44	3	5	7	5
48	45	2	3	4	5
48	46	2	3	0	4
48	47	1	2	3	3
48	48	2	2	0	5
48	49	2	1	-1	3
48	50	0	2	1	4
48	51	0	0	0	3
48	52	1	2	2	5
48	53	1	1	0	4
48	54	3	2	2	4
48	55	4	4	3	5
48	56	2	2	1	3
48	57	3	2	5	4
48	58	2	2	1	4
48	59	1	2	0	3
48	60	2	2	2	3
48	61	2	3	3	7
48	62	0	2	0	4
48	63	3	2	3	6
48	64	3	4	3	5
48	65	4	4	5	6
48	66	0	4	3	4
48	67	6	4	4	7
48	68	3	2	4	6
48	69	3	2	3	5
48	70	1	2	4	7
48	71	3	3	2	4
48	72	3	3	2	4
48	73	4	5	6	7
48	74	0	2	0	5
48	75	5	5	3	7
48	76	4	4	5	8
48	77	2	2	1	3
48	78	1	1	2	4
48	79	1	3	0	4
48	80	0	2	1	3
48	81	2	2	2	2
48	82	3	2	2	4
48	83	1	2	1	6
48	84	3	1	0	3
48	85	0	1	-3	2
48	86	2	2	1	4
48	87	0	1	-1	3
48	88	3	4	4	5
48	89	1	2	3	4
48	90	3	3	3	4
48	91	3	2	3	4
48	92	2	3	2	4
48	93	1	2	4	5
48	94	3	4	3	6
48	95	-2	0	1	2
48	96	0	2	0	3
48	97	-1	1	-2	1
48	98	2	2	1	2
48	99	1	1	2	3
48	100	5	3	5	5
48	101	1	2	3	3
48	102	4	3	6	6
48	103	2	4	3	4
48	104	1	1	0	5
48	105	0	2	1	4
48	106	0	2	3	3
48	107	2	1	1	4
48	108	0	2	2	4
48	109	2	3	2	5
48	110	3	2	4	5
48	111	7	4	4	7
48	112	3	2	2	5
48	113	2	3	1	5
48	114	2	2	0	4
48	115	0	1	0	3
48	116	0	3	0	4
48	117	3	3	4	5
48	118	3	4	6	6
48	119	2	4	4	7
48	120	7	4	6	6
49	1	0	0	1	3
49	2	2	0	4	1
49	3	-1	0	-2	2
49	4	0	0	0	0
49	5	-4	0	-3	1
49	6	-2	1	0	1
49	7	3	2	5	4
49	8	1	1	6	5
49	9	2	2	3	3
49	10	1	2	3	6
49	11	5	0	6	6
49	12	1	2	5	3
49	13	2	2	4	4
49	14	2	2	6	4
49	15	0	1	4	4
49	16	0	0	1	3
49	17	1	2	4	5
49	18	2	1	4	5
49	19	1	1	2	2
49	20	-1	0	3	1
49	21	2	1	2	3
49	22	2	0	2	3
49	23	0	0	0	1
49	24	1	0	2	2
49	25	3	2	1	4
49	26	1	1	4	5
49	27	-3	0	1	1
49	28	-3	0	0	0
49	29	-1	0	5	2
49	30	1	0	2	2
49	31	3	1	4	4
49	32	0	2	3	3
49	33	1	1	4	3
49	34	0	1	2	2
49	35	0	0	0	2
49	36	1	1	5	4
49	37	-2	0	1	3
49	38	0	3	5	3
49	39	-2	0	1	2
49	40	0	1	2	3
49	41	0	0	3	3
49	42	1	0	1	4
49	43	-2	1	0	1
49	44	2	2	4	4
49	45	0	1	4	5
49	46	4	1	5	5
49	47	3	1	6	5
49	48	0	1	0	1
49	49	0	0	3	2
49	50	-1	1	0	3
49	51	2	1	3	5
49	52	2	1	2	3
49	53	0	0	2	3
49	54	2	2	5	4
49	55	3	2	5	5
49	56	3	3	7	5
49	57	1	2	4	4
49	58	2	1	5	3
49	59	1	1	5	3
49	60	0	2	2	3
49	61	-3	-1	0	2
49	62	-2	0	0	1
49	63	1	1	4	2
49	64	3	2	1	3
49	65	0	0	3	2
49	66	0	0	1	1
49	67	3	0	1	2
49	68	0	0	2	2
49	69	2	1	4	4
49	70	0	0	1	1
49	71	0	0	2	3
49	72	-1	0	3	3
49	73	4	2	8	6
49	74	1	1	5	5
49	75	0	1	3	3
49	76	1	0	1	4
49	77	0	1	2	3
49	78	-1	0	2	3
49	79	-1	0	0	2
49	80	1	0	0	1
49	81	1	0	3	2
49	82	1	1	0	4
49	83	0	0	2	3
49	84	0	0	3	2
49	85	-1	0	1	3
49	86	0	0	1	3
49	87	4	2	2	3
49	88	2	2	4	4
49	89	1	1	0	3
49	90	0	1	2	3
49	91	-2	1	1	2
49	92	0	0	2	2
49	93	1	0	1	2
49	94	1	0	1	4
49	95	0	1	0	4
49	96	3	1	4	5
49	97	4	3	7	6
49	98	2	2	2	4
49	99	0	1	2	1
49	100	3	0	4	4
49	101	1	2	4	3
49	102	0	0	1	3
49	103	3	1	6	4
49	104	1	3	5	4
49	105	3	3	7	5
49	106	0	1	0	2
49	107	0	0	0	3
49	108	0	1	5	2
49	109	1	1	3	3
49	110	0	2	3	4
49	111	0	1	4	4
49	112	3	1	2	3
49	113	0	0	-1	1
49	114	-1	0	1	1
49	115	0	2	0	2
49	116	0	0	3	2
49	117	0	0	1	4
49	118	0	1	1	2
49	119	0	0	2	2
49	120	1	0	3	3
50	1	1	3	4	4
50	2	4	4	5	5
50	3	1	3	4	3
50	4	0	4	4	4
50	5	0	1	1	0
50	6	1	3	2	3
50	7	0	3	3	1
50	8	5	4	4	5
50	9	5	4	7	5
50	10	0	1	2	2
50	11	1	2	3	3
50	12	2	3	4	4
50	13	2	3	3	2
50	14	0	3	5	2
50	15	2	1	3	2
50	16	0	3	0	2
50	17	1	1	2	3
50	18	0	3	4	3
50	19	0	3	3	2
50	20	2	4	4	3
50	21	1	3	5	2
50	22	3	5	7	4
50	23	2	4	4	4
50	24	3	3	6	2
50	25	3	2	1	1
50	26	0	3	2	2
50	27	1	4	4	2
50	28	0	5	4	1
50	29	2	2	3	2
50	30	1	2	4	3
50	31	0	3	6	1
50	32	0	1	3	0
50	33	0	1	0	0
50	34	0	4	4	2
50	35	5	5	8	4
50	36	3	3	6	4
50	37	0	2	2	1
50	38	2	2	1	2
50	39	1	1	3	3
50	40	3	3	5	5
50	41	0	2	0	2
50	42	0	3	2	1
50	43	0	1	3	0
50	44	2	3	3	2
50	45	0	2	6	3
50	46	2	3	3	3
50	47	0	1	1	1
50	48	1	3	1	3
50	49	4	4	5	2
50	50	0	2	0	1
50	51	0	3	3	1
50	52	2	3	4	1
50	53	0	1	1	2
50	54	-1	2	1	1
50	55	0	2	0	2
50	56	2	2	4	3
50	57	0	2	3	0
50	58	2	4	3	4
50	59	4	2	6	4
50	60	1	3	4	2
50	61	2	3	6	2
50	62	0	3	3	2
50	63	3	3	5	2
50	64	1	3	4	1
50	65	0	1	1	1
50	66	2	3	6	4
50	67	0	2	0	1
50	68	0	3	3	3
50	69	0	3	4	1
50	70	2	4	6	4
50	71	6	3	7	4
50	72	2	3	3	2
50	73	1	3	3	2
50	74	0	4	3	3
50	75	2	2	3	2
50	76	2	4	4	3
50	77	1	4	5	3
50	78	-1	3	4	2
50	79	3	3	4	4
50	80	0	3	2	1
50	81	1	2	2	0
50	82	1	2	5	3
50	83	2	3	7	4
50	84	0	3	2	1
50	85	-3	2	0	0
50	86	-1	2	1	0
50	87	0	1	1	2
50	88	1	4	1	3
50	89	2	3	3	2
50	90	3	3	2	4
50	91	5	6	5	5
50	92	0	2	1	1
50	93	0	3	3	3
50	94	0	1	1	1
50	95	0	2	0	0
50	96	-1	1	4	1
50	97	-2	1	1	1
50	98	0	2	4	2
50	99	1	3	3	1
50	100	0	3	4	1
50	101	2	4	4	1
50	102	0	3	0	1
50	103	0	1	2	1
50	104	-1	2	1	1
50	105	0	3	2	3
50	106	1	3	0	1
50	107	1	2	6	3
50	108	3	6	6	5
50	109	2	4	5	3
50	110	1	3	3	3
50	111	0	3	2	2
50	112	3	4	5	3
50	113	3	5	3	5
50	114	0	2	1	4
50	115	1	1	-1	-1
50	116	0	1	4	2
50	117	0	2	0	2
50	118	2	3	3	1
50	119	-1	2	2	1
50	120	1	3	3	2
