1	1	4	2	1	2	4
1	2	4	2	3	3	6
1	3	2	3	3	1	3
1	4	4	3	6	4	6
1	5	0	1	0	1	3
1	6	1	0	3	0	2
1	7	4	3	3	3	5
1	8	5	4	5	2	7
1	9	4	2	3	2	5
1	10	1	2	2	0	3
1	11	2	2	1	0	2
1	12	2	2	1	1	4
1	13	4	1	4	2	4
1	14	0	2	0	0	3
1	15	5	3	5	4	8
1	16	2	3	3	2	6
1	17	3	2	3	4	4
1	18	7	4	6	4	7
1	19	5	3	6	4	7
1	20	3	3	1	2	6
1	21	1	2	1	2	3
1	22	3	3	6	4	8
1	23	0	1	-1	2	3
1	24	3	2	1	3	3
1	25	1	0	-2	1	1
1	26	1	3	1	0	4
1	27	3	3	5	4	4
1	28	3	2	2	2	4
1	29	2	2	2	3	3
1	30	1	2	1	2	5
2	1	0	2	0	3	4
2	2	3	3	1	2	3
2	3	0	0	-2	2	1
2	4	1	1	0	1	2
2	5	0	1	1	1	1
2	6	1	2	0	0	0
2	7	4	2	2	3	5
2	8	0	2	0	1	3
2	9	2	3	0	1	3
2	10	0	3	0	2	4
2	11	1	3	0	2	3
2	12	3	3	2	4	5
2	13	4	4	0	3	3
2	14	1	2	0	2	3
2	15	0	1	0	2	2
2	16	3	4	1	3	3
2	17	3	2	2	3	4
2	18	2	2	3	2	3
2	19	2	2	1	3	4
2	20	2	2	2	1	4
2	21	1	3	3	3	4
2	22	0	3	1	1	4
2	23	2	2	0	2	4
2	24	1	1	-1	0	2
2	25	0	1	-1	-1	0
2	26	1	1	0	0	0
2	27	0	2	-1	1	2
2	28	1	0	4	1	1
2	29	3	4	8	5	5
2	30	5	3	8	7	7
3	1	0	2	1	3	4
3	2	0	0	0	2	4
3	3	0	0	0	2	0
3	4	1	1	0	2	3
3	5	1	0	0	2	3
3	6	1	2	1	2	3
3	7	-2	0	0	1	0
3	8	1	1	2	2	4
3	9	0	0	-1	0	0
3	10	0	0	1	2	4
3	11	0	0	0	0	0
3	12	-2	1	-1	1	2
3	13	-6	-2	-7	0	-1
3	14	-4	0	-1	0	0
3	15	0	-1	0	0	0
3	16	-2	-1	-1	0	0
3	17	1	0	0	1	1
3	18	0	0	0	1	0
3	19	0	0	1	2	2
3	20	0	1	-1	1	2
3	21	-2	0	0	1	1
3	22	-3	0	-3	0	1
3	23	-4	-2	-2	0	-3
3	24	-2	0	-2	0	-4
3	25	0	0	0	1	1
3	26	-2	0	-4	0	0
3	27	0	1	0	2	3
3	28	-1	0	1	0	3
3	29	0	1	0	2	2
3	30	-1	0	0	1	0
4	1	3	3	3	3	5
4	2	0	1	0	2	1
4	3	1	1	2	1	3
4	4	2	2	3	2	6
4	5	5	3	5	6	6
4	6	2	3	3	4	6
4	7	1	0	2	2	1
4	8	-1	1	0	0	3
4	9	2	1	3	2	4
4	10	0	1	2	4	4
4	11	1	0	2	4	3
4	12	2	1	2	4	2
4	13	4	2	5	4	7
4	14	5	3	7	7	8
4	15	6	4	10	6	6
4	16	7	4	5	6	7
4	17	4	3	5	4	7
4	18	1	2	7	5	5
4	19	3	3	4	3	7
4	20	2	1	2	4	4
4	21	2	1	1	3	4
4	22	3	2	2	3	5
4	23	1	1	3	3	5
4	24	5	3	5	3	6
4	25	4	2	5	6	4
4	26	2	1	2	4	2
4	27	-1	1	0	1	1
4	28	3	4	4	4	7
4	29	1	0	4	3	4
4	30	3	1	0	2	4
5	1	0	0	0	2	1
5	2	2	1	2	3	6
5	3	0	0	0	2	2
5	4	0	0	4	2	3
5	5	2	1	3	4	4
5	6	-3	1	0	1	0
5	7	0	2	2	3	3
5	8	0	1	2	4	3
5	9	2	2	2	4	6
5	10	5	1	3	4	5
5	11	4	2	5	5	6
5	12	-1	1	2	3	2
5	13	1	3	5	5	7
5	14	4	4	7	5	7
5	15	2	2	2	5	5
5	16	3	2	4	4	6
5	17	2	1	3	3	5
5	18	2	3	7	4	8
5	19	0	3	3	4	2
5	20	2	3	6	4	4
5	21	1	2	3	5	5
5	22	-2	0	1	2	2
5	23	0	1	0	1	2
5	24	1	1	2	4	4
5	25	1	1	2	4	2
5	26	5	5	7	7	7
5	27	1	3	7	3	7
5	28	-2	0	0	1	1
5	29	0	0	-3	0	0
5	30	0	1	0	2	4
6	1	0	1	1	2	1
6	2	0	1	0	2	1
6	3	0	1	2	1	1
6	4	0	2	1	1	0
6	5	0	0	-1	1	2
6	6	2	1	3	3	3
6	7	-1	1	0	1	2
6	8	0	1	2	3	4
6	9	2	0	2	4	3
6	10	1	2	6	4	3
6	11	4	2	6	4	5
6	12	0	1	1	4	3
6	13	-2	0	-3	0	0
6	14	0	1	1	0	2
6	15	-6	0	-4	0	-1
6	16	-2	0	-2	0	-3
6	17	-3	0	-2	0	0
6	18	-2	0	-1	0	-1
6	19	1	2	-1	2	2
6	20	0	1	-2	0	1
6	21	0	1	0	2	1
6	22	1	1	4	3	3
6	23	0	1	0	3	3
6	24	0	1	2	0	1
6	25	-2	0	1	2	0
6	26	-1	0	1	2	1
6	27	0	1	1	2	3
6	28	0	1	3	2	2
6	29	-1	0	0	1	1
6	30	-3	0	0	2	2
7	1	1	1	0	1	3
7	2	0	0	0	1	2
7	3	1	1	1	4	3
7	4	1	2	0	3	4
7	5	1	3	3	6	4
7	6	2	1	4	2	4
7	7	0	1	0	4	3
7	8	-1	0	0	2	0
7	9	-1	0	-2	0	0
7	10	0	1	0	3	4
7	11	2	1	4	3	2
7	12	5	2	6	5	7
7	13	3	2	6	3	5
7	14	1	1	5	5	4
7	15	2	1	4	4	7
7	16	0	0	0	4	2
7	17	1	0	0	4	1
7	18	1	1	0	4	3
7	19	4	4	5	5	7
7	20	0	0	0	4	0
7	21	3	1	0	3	3
7	22	0	1	3	4	3
7	23	1	2	3	4	5
7	24	1	1	1	2	2
7	25	4	2	5	5	8
7	26	3	3	2	4	6
7	27	0	1	2	6	5
7	28	1	1	2	4	3
7	29	3	2	2	5	5
7	30	0	1	0	3	2
8	1	0	1	0	1	4
8	2	-3	1	0	1	4
8	3	0	1	1	2	3
8	4	4	2	8	6	7
8	5	3	3	6	5	7
8	6	6	5	9	7	11
8	7	4	3	7	7	10
8	8	6	4	10	6	8
8	9	4	5	7	4	10
8	10	4	5	9	6	11
8	11	2	2	5	4	6
8	12	4	4	6	6	9
8	13	5	3	7	7	7
8	14	4	3	9	4	6
8	15	1	2	4	3	5
8	16	1	2	2	3	6
8	17	1	2	4	5	5
8	18	-1	1	4	4	3
8	19	4	4	6	6	9
8	20	0	1	2	3	3
8	21	3	3	5	6	5
8	22	0	2	0	4	3
8	23	0	2	1	3	4
8	24	3	3	4	5	4
8	25	3	5	6	6	7
8	26	4	2	6	6	7
8	27	4	3	5	5	6
8	28	4	5	8	7	11
8	29	6	4	6	7	8
8	30	3	3	6	7	5
9	1	2	4	3	3	5
9	2	4	3	4	2	4
9	3	2	2	3	3	6
9	4	3	3	3	2	5
9	5	4	4	6	2	8
9	6	3	4	4	3	6
9	7	1	2	3	2	2
9	8	1	2	3	3	2
9	9	0	2	4	1	3
9	10	0	3	0	0	1
9	11	3	4	3	3	5
9	12	5	5	8	4	7
9	13	4	5	7	3	8
9	14	2	4	5	3	7
9	15	1	3	3	2	2
9	16	5	5	6	5	9
9	17	4	3	7	5	7
9	18	1	3	3	4	3
9	19	2	4	2	1	4
9	20	2	1	4	3	4
9	21	0	2	2	1	3
9	22	0	3	4	2	5
9	23	2	2	1	1	3
9	24	3	3	1	1	4
9	25	0	2	0	1	3
9	26	2	4	4	3	7
9	27	2	2	4	2	6
9	28	1	3	2	2	4
9	29	2	2	4	3	5
9	30	0	3	2	0	6
10	1	3	4	5	2	2
10	2	0	3	3	2	1
10	3	3	4	4	5	4
10	4	2	3	4	2	2
10	5	3	3	3	4	3
10	6	3	3	3	3	2
10	7	1	3	4	2	0
10	8	3	3	4	4	5
10	9	2	3	2	4	0
10	10	4	2	4	2	3
10	11	1	2	7	4	5
10	12	5	4	4	5	5
10	13	5	6	8	6	6
10	14	0	2	1	3	1
10	15	2	3	7	4	5
10	16	2	2	2	3	4
10	17	2	4	4	3	4
10	18	5	4	7	4	5
10	19	0	1	3	4	0
10	20	2	2	2	3	2
10	21	5	4	6	4	4
10	22	4	3	4	4	2
10	23	1	4	2	3	2
10	24	2	5	5	2	4
10	25	0	3	3	3	0
10	26	0	3	2	3	3
10	27	2	2	2	2	3
10	28	2	3	5	4	4
10	29	4	3	7	5	5
10	30	2	3	4	4	6
11	1	0	1	1	1	3
11	2	0	0	0	2	0
11	3	1	1	3	3	3
11	4	-2	0	-1	-1	0
11	5	1	2	4	2	6
11	6	6	3	7	6	9
11	7	1	1	3	2	6
11	8	1	1	3	1	5
11	9	0	3	6	3	5
11	10	0	1	5	3	5
11	11	0	0	1	2	1
11	12	0	2	7	2	5
11	13	-1	0	0	1	3
11	14	0	0	2	1	3
11	15	2	3	5	4	6
11	16	0	0	1	2	1
11	17	0	1	3	2	3
11	18	-1	0	0	2	5
11	19	1	1	1	0	1
11	20	-4	0	-2	-1	0
11	21	1	2	5	4	4
11	22	-3	-1	-1	0	1
11	23	-2	0	-2	-1	0
11	24	0	0	-1	0	3
11	25	0	0	4	2	1
11	26	3	1	4	4	4
11	27	2	2	3	2	5
11	28	1	1	0	1	4
11	29	0	1	1	1	5
11	30	2	2	2	2	4
12	1	1	3	1	3	3
12	2	1	1	0	1	0
12	3	1	2	0	1	2
12	4	-2	1	-2	1	-1
12	5	0	2	-1	0	-1
12	6	5	3	5	5	6
12	7	4	3	7	4	6
12	8	2	3	4	3	3
12	9	1	2	1	1	3
12	10	2	1	3	3	3
12	11	0	0	0	1	2
12	12	0	2	3	3	3
12	13	5	4	6	6	7
12	14	4	2	3	4	2
12	15	0	3	2	2	1
12	16	3	2	2	3	3
12	17	1	1	2	2	1
12	18	2	2	3	3	2
12	19	1	3	6	0	4
12	20	0	1	1	2	2
12	21	1	1	4	3	4
12	22	1	1	4	2	3
12	23	0	2	1	2	0
12	24	0	2	-2	1	2
12	25	2	0	2	2	2
12	26	0	2	1	0	3
12	27	0	1	0	-1	0
12	28	2	1	0	2	-1
12	29	0	0	2	3	1
12	30	2	2	4	2	2
13	1	2	1	3	5	6
13	2	2	1	7	6	6
13	3	2	1	2	4	6
13	4	2	3	1	2	6
13	5	3	1	2	2	5
13	6	-1	0	0	1	3
13	7	5	2	5	5	8
13	8	4	2	1	3	5
13	9	2	3	4	4	6
13	10	0	0	0	1	2
13	11	3	2	1	3	5
13	12	1	2	2	3	6
13	13	0	1	0	1	5
13	14	1	2	1	1	5
13	15	4	1	3	3	5
13	16	3	2	3	3	4
13	17	0	1	-2	1	4
13	18	0	0	0	0	3
13	19	1	1	1	3	5
13	20	2	1	2	4	4
13	21	1	3	2	4	5
13	22	2	0	0	2	3
13	23	0	1	0	1	3
13	24	1	1	0	3	4
13	25	1	1	1	2	3
13	26	-1	0	0	1	1
13	27	0	0	-2	2	4
13	28	1	0	0	2	4
13	29	1	0	0	2	6
13	30	2	0	4	2	5
14	1	2	3	4	5	4
14	2	0	2	4	2	3
14	3	3	1	3	3	3
14	4	1	2	3	4	5
14	5	-1	0	0	1	0
14	6	0	2	0	3	4
14	7	0	0	1	2	1
14	8	0	1	0	2	1
14	9	0	1	0	2	2
14	10	3	3	2	2	2
14	11	3	2	5	3	6
14	12	2	2	2	2	2
14	13	2	2	5	4	6
14	14	2	2	1	1	3
14	15	2	2	1	4	2
14	16	2	4	3	6	4
14	17	1	3	4	4	4
14	18	4	3	7	4	6
14	19	2	2	2	3	4
14	20	1	2	5	5	6
14	21	2	1	3	3	4
14	22	0	1	2	2	1
14	23	1	3	3	2	2
14	24	2	1	2	3	3
14	25	2	2	4	4	4
14	26	3	3	4	4	5
14	27	2	2	5	4	5
14	28	4	4	7	7	7
14	29	3	3	7	7	7
14	30	3	1	3	4	4
15	1	0	2	3	4	3
15	2	2	4	5	5	5
15	3	3	4	8	7	4
15	4	5	4	4	6	6
15	5	4	2	4	6	4
15	6	3	4	2	5	4
15	7	4	4	5	5	7
15	8	3	2	4	5	4
15	9	1	3	5	3	3
15	10	3	3	4	4	5
15	11	3	2	1	5	2
15	12	1	1	1	3	3
15	13	1	2	5	3	4
15	14	1	4	2	5	4
15	15	2	0	1	4	5
15	16	0	2	3	3	3
15	17	4	4	6	5	6
15	18	4	4	5	5	8
15	19	0	3	2	4	4
15	20	0	2	0	3	1
15	21	1	2	4	4	3
15	22	0	4	3	3	4
15	23	1	3	3	4	3
15	24	4	4	4	6	5
15	25	0	3	0	3	2
15	26	1	2	1	3	3
15	27	1	3	2	7	3
15	28	3	4	3	6	4
15	29	3	3	3	5	3
15	30	3	4	2	4	5
16	1	0	0	0	-1	1
16	2	-5	0	-6	-3	-3
16	3	-1	0	0	0	2
16	4	0	2	-1	0	3
16	5	3	1	3	1	4
16	6	1	1	2	2	3
16	7	0	3	0	3	5
16	8	0	2	4	2	2
16	9	2	2	4	0	3
16	10	0	2	0	0	4
16	11	1	2	0	1	4
16	12	-1	0	-1	-1	1
16	13	-1	0	-3	-1	0
16	14	0	0	-2	0	0
16	15	2	0	1	1	4
16	16	2	2	3	1	4
16	17	0	0	0	0	2
16	18	0	1	1	0	0
16	19	0	1	0	0	1
16	20	-2	0	-2	0	1
16	21	-1	0	-3	0	0
16	22	0	0	1	0	0
16	23	-1	0	1	0	2
16	24	-1	0	-1	0	0
16	25	-2	1	-1	-1	0
16	26	2	1	1	0	2
16	27	0	1	-1	0	0
16	28	0	2	-1	0	0
16	29	0	2	1	1	0
16	30	0	2	1	0	1
17	1	1	2	5	1	4
17	2	1	1	1	1	3
17	3	0	3	2	4	3
17	4	1	2	2	2	2
17	5	2	3	5	6	6
17	6	2	2	3	4	3
17	7	1	2	2	3	2
17	8	-2	0	0	0	1
17	9	-1	0	1	1	0
17	10	1	1	0	0	2
17	11	1	1	1	2	2
17	12	2	0	2	3	1
17	13	1	1	0	3	2
17	14	1	1	3	4	2
17	15	2	2	0	4	2
17	16	-1	0	0	0	2
17	17	1	0	0	1	0
17	18	1	2	3	3	4
17	19	2	3	4	3	3
17	20	0	1	0	1	2
17	21	1	2	2	3	3
17	22	2	3	8	6	6
17	23	4	4	4	6	6
17	24	4	3	4	4	2
17	25	3	1	4	4	4
17	26	1	1	2	4	3
17	27	0	2	0	3	0
17	28	4	2	6	5	6
17	29	0	2	3	3	2
17	30	0	1	-2	2	0
18	1	5	4	6	6	4
18	2	4	4	6	7	6
18	3	3	2	3	4	7
18	4	3	5	9	6	7
18	5	0	2	2	4	5
18	6	0	3	2	4	3
18	7	2	3	3	4	3
18	8	-1	3	2	4	4
18	9	0	2	-2	2	2
18	10	1	3	1	4	5
18	11	4	3	7	6	7
18	12	4	5	6	7	6
18	13	3	3	6	5	4
18	14	6	5	5	7	7
18	15	4	1	4	6	4
18	16	3	5	5	8	6
18	17	3	4	6	7	3
18	18	0	3	2	5	3
18	19	5	4	6	6	9
18	20	4	6	5	6	8
18	21	4	2	2	6	5
18	22	0	3	0	3	1
18	23	3	3	3	4	5
18	24	1	4	2	5	6
18	25	2	4	5	6	7
18	26	5	4	8	8	8
18	27	3	2	5	7	5
18	28	4	3	5	6	6
18	29	3	3	4	5	5
18	30	3	3	5	5	5
19	1	-1	1	0	0	1
19	2	-2	0	-1	0	0
19	3	0	0	4	2	4
19	4	-2	1	0	0	2
19	5	0	1	2	2	2
19	6	0	0	1	3	5
19	7	1	2	8	3	7
19	8	0	1	2	3	2
19	9	0	2	4	4	3
19	10	2	1	4	5	3
19	11	1	1	5	3	6
19	12	2	1	6	4	5
19	13	2	2	8	2	6
19	14	3	2	6	4	4
19	15	0	1	3	3	2
19	16	1	1	3	2	2
19	17	-2	0	0	1	2
19	18	0	0	-1	2	3
19	19	1	1	2	2	5
19	20	3	2	3	3	3
19	21	2	1	4	3	5
19	22	1	1	4	4	5
19	23	2	3	6	6	6
19	24	0	2	2	2	4
19	25	-1	0	0	2	1
19	26	-1	0	1	2	2
19	27	-2	0	2	1	0
19	28	1	0	3	2	5
19	29	0	1	4	2	4
19	30	1	1	4	3	5
20	1	1	2	5	5	4
20	2	3	4	8	6	5
20	3	1	3	5	6	5
20	4	0	2	1	4	3
20	5	4	3	7	6	5
20	6	3	4	7	7	7
20	7	0	2	2	2	2
20	8	0	1	1	0	3
20	9	1	3	2	4	2
20	10	1	3	5	4	5
20	11	0	0	4	5	5
20	12	0	3	3	4	2
20	13	0	3	3	3	5
20	14	1	4	3	5	7
20	15	4	2	8	4	5
20	16	1	4	7	6	6
20	17	2	4	7	6	7
20	18	4	3	7	7	8
20	19	0	3	2	4	4
20	20	0	1	1	3	5
20	21	3	3	6	5	6
20	22	0	2	2	3	4
20	23	0	3	3	2	3
20	24	1	2	6	6	4
20	25	5	3	5	5	6
20	26	1	3	4	5	4
20	27	0	3	6	4	5
20	28	3	2	7	4	8
20	29	1	3	5	6	7
20	30	5	5	5	5	8
21	1	3	3	7	5	7
21	2	1	3	1	4	3
21	3	1	2	3	4	3
21	4	1	0	1	2	3
21	5	0	1	4	4	1
21	6	4	1	3	4	4
21	7	1	2	0	2	2
21	8	2	3	7	6	6
21	9	3	3	4	4	4
21	10	3	2	4	5	3
21	11	3	3	2	5	5
21	12	3	3	4	4	3
21	13	2	2	7	5	4
21	14	1	2	3	3	5
21	15	-1	1	-3	0	0
21	16	0	1	3	4	2
21	17	2	2	4	4	4
21	18	2	3	4	5	4
21	19	0	1	2	2	1
21	20	-1	2	2	1	0
21	21	3	4	5	5	4
21	22	4	4	6	6	6
21	23	6	5	7	5	8
21	24	4	3	7	7	5
21	25	5	4	8	7	7
21	26	7	4	5	8	8
21	27	1	2	5	4	5
21	28	4	4	7	6	8
21	29	2	3	6	5	4
21	30	5	4	6	4	6
22	1	2	2	6	3	4
22	2	1	2	4	5	5
22	3	-1	1	0	1	2
22	4	1	2	5	3	7
22	5	1	0	5	2	5
22	6	0	1	5	2	3
22	7	0	1	0	1	3
22	8	0	0	0	0	4
22	9	-2	1	-2	0	-1
22	10	2	1	3	2	4
22	11	0	2	3	1	4
22	12	6	4	9	5	11
22	13	4	3	5	5	5
22	14	5	3	7	6	7
22	15	4	3	9	5	9
22	16	4	5	9	5	7
22	17	2	3	3	2	6
22	18	4	2	6	3	5
22	19	0	2	0	1	1
22	20	0	0	2	3	2
22	21	4	4	8	4	6
22	22	3	3	6	3	6
22	23	2	2	7	4	6
22	24	0	1	2	2	3
22	25	0	1	0	0	2
22	26	0	2	1	0	3
22	27	0	3	3	2	4
22	28	1	2	4	4	6
22	29	2	2	4	3	3
22	30	0	1	0	0	1
23	1	2	3	3	4	5
23	2	4	3	6	5	8
23	3	5	4	4	7	9
23	4	4	2	3	4	6
23	5	5	2	3	4	5
23	6	6	6	8	5	9
23	7	7	4	6	8	8
23	8	2	2	3	1	5
23	9	7	4	5	5	8
23	10	6	3	6	5	6
23	11	4	4	2	4	6
23	12	3	4	2	6	6
23	13	3	3	3	5	5
23	14	4	3	4	4	6
23	15	1	2	0	2	3
23	16	5	3	6	5	5
23	17	5	5	7	6	8
23	18	4	4	4	4	6
23	19	5	3	4	5	7
23	20	4	5	3	4	5
23	21	2	4	3	3	5
23	22	4	4	4	5	7
23	23	1	4	3	3	5
23	24	4	2	0	1	3
23	25	3	2	2	2	6
23	26	5	4	7	5	8
23	27	3	4	7	5	7
23	28	2	4	4	5	6
23	29	0	0	-2	1	2
23	30	1	4	3	3	5
24	1	4	4	3	4	4
24	2	3	2	4	3	4
24	3	0	2	1	1	2
24	4	3	2	5	3	4
24	5	3	3	5	5	6
24	6	2	3	6	4	7
24	7	3	3	5	4	7
24	8	2	1	5	4	6
24	9	7	4	10	6	11
24	10	6	4	9	5	8
24	11	3	3	6	5	6
24	12	6	4	8	5	6
24	13	2	1	4	2	4
24	14	1	2	4	2	4
24	15	2	2	1	4	4
24	16	1	4	4	4	3
24	17	4	4	7	2	5
24	18	0	1	0	1	0
24	19	1	3	5	2	5
24	20	2	3	4	3	3
24	21	4	4	7	3	5
24	22	2	0	1	3	4
24	23	2	3	3	3	3
24	24	0	2	2	2	2
24	25	4	3	5	3	4
24	26	3	3	4	5	6
24	27	0	2	2	1	3
24	28	2	3	6	3	3
24	29	3	3	3	3	6
24	30	4	2	4	4	8
25	1	4	3	6	6	4
25	2	3	4	3	1	3
25	3	4	3	3	4	3
25	4	2	3	2	4	3
25	5	4	3	3	5	6
25	6	0	3	2	1	0
25	7	0	3	1	3	1
25	8	1	3	0	3	1
25	9	2	3	0	2	2
25	10	2	3	0	2	2
25	11	3	4	4	4	3
25	12	3	4	2	3	2
25	13	2	3	3	6	3
25	14	4	4	6	4	5
25	15	2	4	2	4	3
25	16	2	3	3	5	3
25	17	3	3	4	4	5
25	18	1	3	2	3	1
25	19	2	4	4	5	6
25	20	6	4	5	7	6
25	21	2	3	0	2	1
25	22	4	3	5	4	2
25	23	1	3	1	3	1
25	24	5	4	6	5	3
25	25	3	4	5	4	5
25	26	0	4	1	2	1
25	27	1	3	0	4	2
25	28	2	3	3	3	3
25	29	1	2	3	2	0
25	30	2	3	0	3	3
26	1	2	5	7	5	10
26	2	4	4	7	6	10
26	3	4	5	8	4	7
26	4	3	2	3	5	7
26	5	7	4	8	7	9
26	6	6	5	6	5	6
26	7	8	7	13	9	11
26	8	6	6	10	9	12
26	9	6	5	10	7	7
26	10	7	5	10	8	9
26	11	8	5	6	7	8
26	12	3	4	8	5	8
26	13	1	2	0	3	4
26	14	3	4	6	5	6
26	15	6	5	8	6	6
26	16	2	4	6	2	8
26	17	5	4	6	7	9
26	18	4	4	8	5	6
26	19	1	4	6	3	5
26	20	3	3	4	5	6
26	21	1	3	2	3	6
26	22	4	4	5	4	6
26	23	3	4	7	4	10
26	24	7	6	12	8	10
26	25	4	3	7	7	7
26	26	4	4	8	4	7
26	27	4	4	6	6	8
26	28	2	5	7	7	7
26	29	2	4	7	4	6
26	30	5	4	7	4	7
27	1	2	2	4	4	2
27	2	2	0	2	3	2
27	3	1	0	3	4	4
27	4	2	0	2	2	4
27	5	1	1	1	2	0
27	6	4	1	4	4	5
27	7	1	1	4	5	4
27	8	0	0	0	1	0
27	9	2	0	3	4	3
27	10	2	1	2	4	2
27	11	5	2	6	3	5
27	12	2	1	6	3	4
27	13	2	0	0	0	3
27	14	-1	0	-2	0	1
27	15	0	1	0	2	1
27	16	1	0	1	3	0
27	17	0	0	0	3	0
27	18	0	2	3	4	3
27	19	3	2	6	6	6
27	20	0	2	2	4	3
27	21	1	2	5	4	6
27	22	3	3	8	4	4
27	23	2	1	3	5	3
27	24	1	0	0	0	2
27	25	0	1	-1	2	1
27	26	-2	0	0	0	0
27	27	0	1	0	2	0
27	28	2	3	5	3	5
27	29	4	2	6	4	5
27	30	1	0	1	3	0
28	1	0	3	5	3	2
28	2	-2	0	2	3	1
28	3	0	2	3	3	0
28	4	0	1	0	2	0
28	5	0	1	3	4	1
28	6	1	3	4	3	4
28	7	0	2	2	3	1
28	8	3	4	4	5	7
28	9	0	2	4	3	3
28	10	2	3	6	4	5
28	11	1	0	0	2	1
28	12	5	2	5	4	5
28	13	0	2	3	2	0
28	14	4	2	4	5	6
28	15	2	2	4	5	4
28	16	2	2	3	3	3
28	17	0	2	0	2	5
28	18	2	1	3	2	2
28	19	0	2	1	4	1
28	20	0	0	1	2	2
28	21	0	1	-1	2	1
28	22	0	1	1	3	0
28	23	1	0	0	2	3
28	24	0	2	3	4	3
28	25	1	3	3	3	5
28	26	-2	0	0	0	-1
28	27	0	1	0	0	2
28	28	1	1	0	1	0
28	29	-2	0	1	2	2
28	30	1	1	2	3	0
29	1	2	2	4	4	7
29	2	1	2	3	3	5
29	3	1	1	2	1	4
29	4	1	1	1	2	3
29	5	5	5	7	7	8
29	6	3	3	5	2	9
29	7	4	4	8	5	7
29	8	5	3	6	3	7
29	9	1	2	4	3	5
29	10	3	4	4	2	4
29	11	2	3	3	4	4
29	12	1	3	6	3	5
29	13	1	2	0	1	2
29	14	0	2	6	0	4
29	15	3	3	5	3	5
29	16	7	4	10	5	9
29	17	5	5	7	5	8
29	18	4	5	6	5	6
29	19	8	4	7	7	10
29	20	2	4	2	2	5
29	21	2	1	5	3	7
29	22	4	4	6	5	7
29	23	4	1	6	4	8
29	24	4	2	6	3	6
29	25	0	1	3	2	4
29	26	2	3	4	1	4
29	27	0	4	3	1	4
29	28	1	2	4	4	4
29	29	3	4	7	5	6
29	30	0	1	-1	0	0
30	1	0	1	0	0	0
30	2	1	2	3	3	6
30	3	2	3	4	4	5
30	4	-1	0	0	1	1
30	5	-1	1	0	1	2
30	6	1	2	2	4	1
30	7	0	0	-1	1	0
30	8	-1	2	0	2	0
30	9	-2	1	-2	0	1
30	10	-1	0	0	0	1
30	11	0	1	1	2	2
30	12	0	2	2	2	5
30	13	2	1	2	1	4
30	14	2	2	3	4	4
30	15	-1	0	0	2	1
30	16	-3	0	-2	1	1
30	17	0	2	0	2	1
30	18	-1	0	1	1	0
30	19	0	1	2	4	2
30	20	0	2	1	1	2
30	21	0	1	0	3	1
30	22	-1	1	-1	0	0
30	23	0	0	-2	1	0
30	24	2	3	6	5	5
30	25	-1	0	2	3	4
30	26	0	1	0	2	3
30	27	0	1	0	3	3
30	28	1	2	1	3	4
30	29	0	1	0	3	3
30	30	1	1	2	4	0
31	1	5	2	2	0	3
31	2	3	2	0	1	2
31	3	3	3	3	3	6
31	4	5	3	4	3	5
31	5	4	3	4	2	4
31	6	0	1	1	1	4
31	7	3	2	2	0	4
31	8	1	2	0	0	0
31	9	1	0	1	1	0
31	10	3	3	4	0	1
31	11	5	4	8	3	4
31	12	2	2	0	1	2
31	13	3	2	2	2	4
31	14	4	2	3	2	2
31	15	2	3	0	2	2
31	16	1	1	0	1	0
31	17	0	1	2	0	1
31	18	0	1	0	1	-1
31	19	3	3	2	1	4
31	20	3	2	3	1	1
31	21	2	1	1	0	1
31	22	0	1	2	0	2
31	23	5	3	4	2	5
31	24	0	1	0	0	0
31	25	1	3	3	2	1
31	26	1	2	0	-1	0
31	27	1	1	0	2	2
31	28	3	2	3	1	3
31	29	2	2	2	2	4
31	30	5	3	6	2	5
32	1	1	1	0	4	2
32	2	1	1	0	0	0
32	3	2	2	2	4	4
32	4	2	1	0	3	2
32	5	1	0	0	1	0
32	6	2	2	0	3	3
32	7	2	1	1	3	2
32	8	5	5	7	7	6
32	9	2	3	3	7	8
32	10	2	1	3	2	2
32	11	0	2	2	4	3
32	12	1	1	1	3	4
32	13	0	2	0	3	0
32	14	0	2	1	3	2
32	15	3	3	5	5	2
32	16	3	2	2	5	3
32	17	0	2	2	5	4
32	18	0	3	1	4	3
32	19	2	2	4	3	3
32	20	6	4	7	7	7
32	21	3	4	5	6	6
32	22	4	3	3	5	4
32	23	6	2	6	5	6
32	24	1	2	1	3	6
32	25	2	3	0	3	0
32	26	0	0	1	0	0
32	27	2	2	2	2	3
32	28	4	4	4	3	3
32	29	2	2	1	3	3
32	30	4	4	5	4	6
33	1	0	0	-1	0	1
33	2	-1	0	0	3	2
33	3	-1	0	-2	0	0
33	4	0	1	0	2	2
33	5	1	1	1	3	4
33	6	-1	1	-2	1	2
33	7	1	1	-1	2	2
33	8	1	2	1	2	0
33	9	-1	0	1	2	1
33	10	1	1	2	2	1
33	11	1	0	0	3	3
33	12	1	0	0	0	0
33	13	1	0	0	2	1
33	14	0	0	-3	0	0
33	15	0	1	2	2	1
33	16	1	1	1	3	3
33	17	0	1	0	1	2
33	18	3	3	1	4	5
33	19	1	1	4	1	2
33	20	2	2	1	3	3
33	21	0	0	1	2	3
33	22	-2	0	0	1	1
33	23	0	0	0	3	4
33	24	-1	1	0	2	0
33	25	0	0	-3	0	0
33	26	0	0	-2	1	0
33	27	-1	0	-3	0	0
33	28	0	0	-2	1	0
33	29	0	0	1	1	4
33	30	-3	0	-5	0	-1
34	1	-1	1	1	2	2
34	2	1	1	3	2	2
34	3	0	2	5	3	5
34	4	3	2	8	6	6
34	5	1	2	4	3	3
34	6	-1	1	6	2	1
34	7	0	0	0	2	1
34	8	-3	0	-2	0	0
34	9	-1	1	0	0	0
34	10	0	0	1	1	2
34	11	-1	1	1	1	0
34	12	0	2	3	4	2
34	13	0	1	6	3	5
34	14	-1	0	1	0	2
34	15	-1	0	0	0	0
34	16	0	1	2	3	3
34	17	0	3	3	6	5
34	18	1	3	6	5	6
34	19	0	1	0	2	2
34	20	-1	1	2	1	1
34	21	-4	-2	-2	0	-1
34	22	-1	0	-1	0	2
34	23	0	1	0	2	0
34	24	-1	1	-1	4	1
34	25	0	1	1	2	2
34	26	-3	0	0	1	1
34	27	-4	0	0	2	0
34	28	-2	1	0	0	1
34	29	2	3	3	2	3
34	30	0	0	5	5	5
35	1	4	3	6	3	5
35	2	-1	0	2	2	3
35	3	0	0	0	1	3
35	4	1	0	0	1	5
35	5	-1	0	0	2	3
35	6	0	1	2	3	7
35	7	-1	1	-1	1	3
35	8	0	0	1	2	4
35	9	0	1	0	3	3
35	10	-4	0	-2	0	0
35	11	-1	0	1	0	1
35	12	-1	0	1	1	2
35	13	-2	0	-1	0	1
35	14	-1	0	0	3	4
35	15	-1	0	0	3	4
35	16	-2	0	3	2	4
35	17	-4	-2	-2	0	0
35	18	0	0	0	1	3
35	19	-2	0	0	0	1
35	20	0	1	0	1	2
35	21	0	0	2	2	5
35	22	0	0	5	2	3
35	23	0	1	3	3	5
35	24	0	1	4	4	4
35	25	-1	0	2	2	5
35	26	1	0	3	3	5
35	27	-1	0	0	0	1
35	28	0	0	3	1	3
35	29	3	2	5	5	7
35	30	0	0	2	3	4
36	1	2	2	4	5	3
36	2	0	1	0	1	0
36	3	2	4	2	5	1
36	4	0	2	0	3	2
36	5	0	0	0	2	2
36	6	-1	1	0	2	0
36	7	0	0	-3	2	0
36	8	-3	0	-1	0	-3
36	9	-3	0	-5	0	-3
36	10	0	1	-3	2	1
36	11	1	3	2	3	4
36	12	1	2	0	3	0
36	13	0	2	0	4	0
36	14	2	2	0	3	2
36	15	0	0	-1	1	0
36	16	0	2	1	4	1
36	17	1	1	0	3	2
36	18	2	3	1	3	3
36	19	2	2	2	4	3
36	20	4	3	5	6	6
36	21	3	2	2	6	5
36	22	3	4	6	6	3
36	23	4	3	3	4	4
36	24	2	2	2	4	2
36	25	0	0	0	1	-1
36	26	1	2	-1	3	0
36	27	-2	1	-1	4	1
36	28	0	0	-1	1	0
36	29	0	0	-2	2	0
36	30	0	0	0	3	2
37	1	1	2	2	6	4
37	2	2	1	2	5	4
37	3	3	1	2	3	5
37	4	0	0	0	0	0
37	5	0	0	-1	3	0
37	6	1	1	0	3	3
37	7	0	0	0	2	1
37	8	0	1	-1	2	5
37	9	2	1	1	3	4
37	10	-1	0	-3	0	0
37	11	0	1	0	2	2
37	12	3	1	1	3	6
37	13	1	1	4	5	5
37	14	0	0	0	3	4
37	15	0	0	0	2	3
37	16	0	0	0	2	3
37	17	2	2	0	1	3
37	18	0	1	0	3	5
37	19	-2	2	1	3	4
37	20	1	2	2	3	5
37	21	3	1	3	2	5
37	22	4	2	4	5	7
37	23	5	1	6	6	8
37	24	5	2	7	4	9
37	25	3	2	5	6	7
37	26	0	0	1	2	4
37	27	1	0	2	1	2
37	28	0	0	3	2	4
37	29	0	2	1	2	6
37	30	-1	0	0	1	0
38	1	3	3	4	5	4
38	2	5	2	5	3	8
38	3	2	2	3	5	3
38	4	0	2	0	2	4
38	5	0	2	2	3	1
38	6	2	3	4	3	0
38	7	4	4	5	5	5
38	8	3	3	3	3	5
38	9	0	1	0	1	0
38	10	1	2	1	2	0
38	11	4	2	4	3	3
38	12	7	3	5	4	4
38	13	3	1	3	3	4
38	14	3	4	5	4	6
38	15	6	3	7	6	6
38	16	5	4	10	5	5
38	17	1	3	5	3	3
38	18	4	3	4	3	3
38	19	2	1	4	4	4
38	20	3	1	3	4	3
38	21	2	2	0	2	3
38	22	1	1	3	3	3
38	23	5	3	5	4	3
38	24	4	2	1	1	5
38	25	1	0	1	4	2
38	26	0	2	0	2	2
38	27	1	1	0	0	1
38	28	0	0	0	2	4
38	29	0	1	3	2	2
38	30	2	2	3	3	3
39	1	1	3	2	2	2
39	2	2	5	3	4	3
39	3	2	3	2	1	4
39	4	3	4	2	3	1
39	5	0	4	3	3	2
39	6	2	6	3	5	2
39	7	5	5	7	4	6
39	8	3	5	7	4	5
39	9	3	3	6	3	3
39	10	3	5	4	3	2
39	11	4	5	4	4	4
39	12	2	2	0	0	1
39	13	1	3	3	3	1
39	14	4	4	5	5	4
39	15	2	2	-2	2	1
39	16	3	4	3	3	2
39	17	3	2	2	5	3
39	18	3	3	3	3	3
39	19	3	3	4	5	4
39	20	0	2	3	3	1
39	21	5	3	5	4	2
39	22	3	5	2	5	6
39	23	3	3	2	4	5
39	24	4	6	9	6	7
39	25	4	4	4	5	4
39	26	4	4	5	3	5
39	27	4	3	3	2	4
39	28	5	3	6	4	4
39	29	2	4	3	3	5
39	30	2	3	3	3	2
40	1	1	2	2	3	3
40	2	1	1	1	5	3
40	3	2	2	4	7	5
40	4	1	2	4	4	4
40	5	6	4	7	7	6
40	6	6	3	9	8	9
40	7	4	2	5	5	9
40	8	1	3	6	5	8
40	9	3	2	4	3	6
40	10	0	1	3	3	2
40	11	3	1	4	4	5
40	12	3	4	2	5	8
40	13	4	1	6	5	6
40	14	0	1	3	3	2
40	15	-1	1	-2	2	0
40	16	1	0	1	2	1
40	17	-2	1	-1	2	1
40	18	-1	0	0	0	2
40	19	0	0	1	4	4
40	20	0	0	2	3	3
40	21	2	2	7	4	5
40	22	2	1	4	5	4
40	23	2	2	2	5	4
40	24	3	3	6	5	5
40	25	3	2	3	3	3
40	26	1	1	2	4	5
40	27	1	2	2	5	5
40	28	0	1	1	3	3
40	29	0	0	2	5	3
40	30	2	2	5	3	3
41	1	2	4	4	5	4
41	2	0	2	0	4	2
41	3	3	4	5	3	3
41	4	2	4	2	2	3
41	5	3	3	5	5	3
41	6	3	4	3	5	2
41	7	1	1	3	4	3
41	8	0	4	1	3	1
41	9	1	3	2	4	2
41	10	3	3	4	4	3
41	11	3	2	5	4	6
41	12	0	3	1	5	3
41	13	0	3	2	3	4
41	14	2	4	4	4	2
41	15	3	6	5	6	7
41	16	4	5	7	4	4
41	17	4	5	6	6	4
41	18	1	4	4	4	4
41	19	2	4	2	4	2
41	20	3	3	1	3	3
41	21	-1	1	-1	0	0
41	22	0	3	-2	0	0
41	23	-1	2	0	2	1
41	24	0	2	1	1	1
41	25	2	3	5	3	2
41	26	3	4	5	5	4
41	27	2	2	1	2	1
41	28	3	3	2	3	3
41	29	1	3	1	3	3
41	30	1	3	2	3	4
42	1	2	1	2	3	3
42	2	3	2	2	3	3
42	3	3	2	2	4	5
42	4	5	3	10	7	8
42	5	4	2	5	4	5
42	6	3	3	5	5	6
42	7	1	3	5	3	2
42	8	3	3	6	7	5
42	9	4	3	7	6	6
42	10	4	4	9	6	8
42	11	3	3	7	6	6
42	12	2	2	2	2	3
42	13	1	2	3	3	3
42	14	1	1	2	1	0
42	15	0	0	-1	3	1
42	16	2	2	5	4	2
42	17	-1	0	1	1	1
42	18	0	1	1	2	2
42	19	0	2	3	2	2
42	20	2	3	5	5	3
42	21	4	2	7	4	7
42	22	4	3	5	4	4
42	23	0	2	2	4	4
42	24	1	2	2	3	2
42	25	0	2	1	3	4
42	26	1	2	5	3	5
42	27	1	2	7	3	4
42	28	1	2	4	3	2
42	29	2	3	3	3	6
42	30	2	1	3	2	1
43	1	3	4	5	3	7
43	2	2	4	7	3	8
43	3	6	6	10	7	11
43	4	4	4	6	4	7
43	5	2	1	4	0	4
43	6	2	2	3	4	3
43	7	2	2	4	3	4
43	8	5	3	7	4	9
43	9	2	2	6	2	6
43	10	1	3	4	2	6
43	11	3	3	3	4	6
43	12	2	4	6	5	10
43	13	3	4	6	4	7
43	14	2	4	4	3	7
43	15	3	3	9	4	8
43	16	1	2	5	3	6
43	17	0	1	0	0	3
43	18	1	2	2	2	4
43	19	1	1	1	1	3
43	20	2	2	4	2	5
43	21	0	1	2	0	4
43	22	0	3	2	0	3
43	23	1	2	3	2	3
43	24	2	4	4	3	5
43	25	3	3	3	5	7
43	26	5	3	7	3	5
43	27	5	2	6	4	6
43	28	4	3	7	5	7
43	29	4	4	8	5	8
43	30	3	5	7	4	10
44	1	-3	-1	-4	-1	1
44	2	0	0	1	1	2
44	3	-2	0	0	2	3
44	4	0	-1	-1	1	2
44	5	-1	0	1	0	0
44	6	-1	0	0	1	1
44	7	-1	-1	0	2	1
44	8	-3	0	-2	0	1
44	9	-3	-1	-2	0	0
44	10	-1	0	0	2	3
44	11	1	0	1	3	4
44	12	0	0	2	4	3
44	13	2	2	5	3	6
44	14	1	1	4	3	5
44	15	0	1	1	2	3
44	16	0	-1	0	2	1
44	17	-3	0	0	2	1
44	18	-1	-1	-1	0	2
44	19	-1	0	1	4	4
44	20	0	-1	-2	0	0
44	21	-3	0	0	1	-1
44	22	-2	0	-2	0	0
44	23	0	0	1	1	2
44	24	-2	0	0	1	2
44	25	1	0	2	2	3
44	26	0	1	4	3	4
44	27	-2	-1	-1	1	3
44	28	-2	-1	-2	0	0
44	29	-2	-1	0	0	0
44	30	-3	1	0	1	1
45	1	1	1	4	2	4
45	2	1	0	0	2	2
45	3	0	1	0	1	3
45	4	0	1	5	2	4
45	5	0	0	0	0	3
45	6	0	0	3	2	3
45	7	0	0	0	3	4
45	8	0	0	0	1	2
45	9	-3	0	-1	0	0
45	10	-1	0	0	1	3
45	11	-1	0	0	0	4
45	12	2	2	4	5	6
45	13	0	2	3	3	6
45	14	2	3	2	4	4
45	15	0	1	4	4	6
45	16	0	1	1	4	5
45	17	1	1	1	3	4
45	18	-1	1	0	0	2
45	19	0	0	1	1	4
45	20	0	0	1	3	5
45	21	0	0	1	0	3
45	22	-2	1	0	0	5
45	23	-3	0	-2	0	1
45	24	-2	0	0	1	3
45	25	0	0	-2	2	4
45	26	0	1	0	3	2
45	27	-1	0	-1	3	2
45	28	-3	-2	-3	0	-2
45	29	-2	0	-2	0	2
45	30	-1	0	-1	0	2
46	1	6	3	5	4	6
46	2	3	3	7	5	8
46	3	1	3	0	0	3
46	4	3	2	1	2	3
46	5	3	2	0	1	6
46	6	1	3	1	3	4
46	7	2	1	0	1	3
46	8	4	3	3	3	6
46	9	1	2	2	2	5
46	10	0	2	2	2	4
46	11	6	3	5	6	7
46	12	3	2	2	3	8
46	13	3	2	3	1	3
46	14	2	2	2	3	5
46	15	5	2	3	5	4
46	16	4	2	4	4	6
46	17	1	3	3	2	7
46	18	0	2	-1	0	1
46	19	2	1	-1	2	3
46	20	5	4	5	5	7
46	21	4	3	2	2	6
46	22	3	3	1	1	6
46	23	1	4	1	2	5
46	24	3	3	2	6	6
46	25	6	4	6	5	7
46	26	2	2	1	3	4
46	27	5	5	5	6	11
46	28	8	5	10	6	9
46	29	6	4	7	4	8
46	30	7	5	7	5	8
47	1	2	1	1	1	4
47	2	0	1	0	3	2
47	3	5	3	7	6	8
47	4	3	2	7	5	6
47	5	2	2	1	1	6
47	6	0	2	0	3	2
47	7	0	0	0	2	2
47	8	0	1	2	2	5
47	9	-1	2	1	2	2
47	10	0	0	-1	0	3
47	11	-1	0	2	2	4
47	12	-1	0	-1	0	-1
47	13	0	0	0	0	0
47	14	0	0	1	1	1
47	15	0	1	2	1	0
47	16	0	3	2	2	2
47	17	0	2	1	3	4
47	18	4	2	5	6	4
47	19	1	2	0	2	2
47	20	2	1	3	3	3
47	21	3	2	2	6	7
47	22	2	3	3	5	6
47	23	0	2	4	4	6
47	24	3	1	5	3	5
47	25	3	3	4	5	7
47	26	2	1	2	4	5
47	27	4	1	3	4	5
47	28	2	2	5	5	4
47	29	2	2	2	5	4
47	30	1	3	4	4	4
48	1	5	2	6	6	5
48	2	2	2	4	5	3
48	3	1	1	3	3	4
48	4	5	3	3	4	6
48	5	8	4	7	7	9
48	6	2	3	5	6	5
48	7	4	3	7	8	8
48	8	4	4	7	7	6
48	9	3	2	4	6	5
48	10	-1	1	1	2	1
48	11	1	3	3	5	2
48	12	0	2	0	3	1
48	13	1	1	1	4	1
48	14	0	2	0	3	0
48	15	-1	1	-1	3	0
48	16	0	2	2	4	3
48	17	3	3	2	3	1
48	18	0	2	2	4	3
48	19	1	2	1	3	4
48	20	0	2	2	4	2
48	21	2	2	4	4	3
48	22	1	3	1	2	3
48	23	1	1	3	1	1
48	24	0	2	2	3	3
48	25	1	4	3	7	3
48	26	4	3	3	4	4
48	27	3	2	2	4	5
48	28	4	2	5	6	4
48	29	2	4	1	5	3
48	30	3	3	6	6	7
49	1	5	4	8	6	4
49	2	4	3	6	5	5
49	3	7	5	6	4	6
49	4	8	3	7	6	7
49	5	3	3	1	5	2
49	6	4	3	4	6	6
49	7	1	3	1	4	1
49	8	4	4	5	5	4
49	9	1	2	0	3	0
49	10	1	4	0	5	3
49	11	1	0	1	0	0
49	12	1	1	1	3	2
49	13	2	4	0	4	4
49	14	3	3	3	4	2
49	15	2	2	0	2	3
49	16	2	0	0	3	1
49	17	0	0	-2	2	0
49	18	1	2	0	2	3
49	19	1	0	1	4	0
49	20	2	2	0	3	3
49	21	2	3	1	3	1
49	22	2	3	1	3	1
49	23	5	3	1	5	3
49	24	0	3	2	2	2
49	25	3	4	4	4	6
49	26	2	2	1	4	2
49	27	1	2	1	3	1
49	28	0	0	-3	0	-1
49	29	0	2	0	3	-1
49	30	0	2	0	2	0
50	1	-1	2	0	3	4
50	2	2	3	2	4	6
50	3	3	2	7	3	5
50	4	1	3	2	3	6
50	5	0	3	1	1	2
50	6	0	2	1	0	5
50	7	3	1	2	3	4
50	8	1	2	4	3	5
50	9	3	2	2	4	5
50	10	0	4	0	2	6
50	11	1	2	2	4	3
50	12	1	3	3	2	4
50	13	3	1	4	3	8
50	14	-1	2	0	1	3
50	15	3	4	7	5	8
50	16	0	1	0	3	5
50	17	1	2	4	1	6
50	18	0	1	0	1	4
50	19	-1	1	-1	0	0
50	20	0	0	0	0	4
50	21	-1	1	-2	0	0
50	22	0	3	2	3	4
50	23	0	1	0	3	4
50	24	0	1	0	1	4
50	25	-1	1	4	1	3
50	26	-2	1	-2	0	0
50	27	0	3	-1	1	3
50	28	1	2	3	3	5
50	29	1	3	4	3	5
50	30	1	1	1	1	5
51	1	3	2	3	4	4
51	2	0	0	-2	2	1
51	3	1	3	4	4	3
51	4	2	3	6	3	4
51	5	2	1	3	3	3
51	6	1	3	5	3	2
51	7	1	2	3	3	4
51	8	3	3	4	5	3
51	9	2	3	3	2	3
51	10	4	3	5	6	5
51	11	3	2	7	5	2
51	12	-2	0	1	1	0
51	13	0	1	0	2	1
51	14	-3	0	-2	0	-2
51	15	0	1	0	2	1
51	16	-2	0	1	2	1
51	17	1	0	3	3	4
51	18	0	1	1	2	2
51	19	1	0	-1	1	0
51	20	0	1	2	2	3
51	21	2	2	3	4	5
51	22	1	1	2	3	2
51	23	2	1	1	1	0
51	24	2	2	3	3	2
51	25	3	2	2	3	4
51	26	1	0	1	2	1
51	27	0	3	1	2	2
51	28	2	2	3	4	4
51	29	4	2	3	4	4
51	30	5	3	6	4	4
52	1	2	2	0	2	2
52	2	3	1	1	5	2
52	3	3	2	0	3	2
52	4	3	2	1	4	3
52	5	0	2	1	2	3
52	6	-1	3	-1	3	2
52	7	1	1	0	1	1
52	8	2	2	3	3	2
52	9	0	2	0	3	4
52	10	2	0	0	4	2
52	11	2	1	2	3	1
52	12	1	2	2	5	2
52	13	3	2	1	6	5
52	14	4	5	8	7	7
52	15	2	3	4	5	6
52	16	3	1	3	5	4
52	17	5	3	4	5	6
52	18	3	3	2	5	3
52	19	4	3	4	6	4
52	20	6	3	6	6	6
52	21	5	4	4	6	8
52	22	3	1	1	4	4
52	23	1	0	2	2	2
52	24	1	2	4	5	5
52	25	6	3	5	6	5
52	26	5	3	4	7	6
52	27	1	2	2	4	5
52	28	2	3	0	5	4
52	29	6	3	4	5	5
52	30	6	3	4	7	4
53	1	3	2	3	5	6
53	2	4	3	5	4	6
53	3	4	3	4	5	5
53	4	4	2	5	5	6
53	5	4	3	5	6	5
53	6	2	2	5	4	5
53	7	2	3	5	4	5
53	8	4	3	4	5	5
53	9	2	0	4	3	1
53	10	2	4	3	4	3
53	11	1	2	2	2	2
53	12	3	1	5	5	5
53	13	2	4	3	3	2
53	14	6	5	6	4	7
53	15	3	3	6	3	7
53	16	4	2	5	3	5
53	17	5	2	4	5	6
53	18	0	2	1	3	4
53	19	1	2	0	3	2
53	20	1	2	3	2	1
53	21	2	3	2	4	4
53	22	4	5	7	5	5
53	23	5	2	4	5	5
53	24	5	3	3	4	3
53	25	2	0	3	2	4
53	26	1	4	1	2	5
53	27	0	1	0	2	2
53	28	1	4	3	4	6
53	29	2	2	2	4	6
53	30	4	3	5	4	3
54	1	0	0	0	2	5
54	2	-2	0	0	0	0
54	3	-1	-1	1	1	2
54	4	0	-1	0	0	0
54	5	-1	1	-2	0	2
54	6	0	0	0	0	1
54	7	0	-1	0	0	4
54	8	0	1	2	3	3
54	9	3	0	4	3	4
54	10	1	2	2	3	5
54	11	1	1	4	1	5
54	12	2	1	2	4	5
54	13	0	0	0	0	1
54	14	0	0	0	1	3
54	15	-1	0	0	0	2
54	16	1	1	4	3	4
54	17	2	1	4	4	7
54	18	-2	-1	0	0	2
54	19	-2	-1	0	0	0
54	20	0	0	-2	2	0
54	21	-1	0	0	1	2
54	22	2	0	3	2	2
54	23	2	3	5	5	9
54	24	3	1	6	1	6
54	25	3	1	3	2	6
54	26	0	1	2	3	2
54	27	0	1	0	0	2
54	28	1	1	1	3	5
54	29	1	1	3	2	4
54	30	0	0	1	2	1
55	1	4	4	5	5	8
55	2	4	2	5	4	4
55	3	3	3	2	2	6
55	4	6	3	7	5	7
55	5	5	3	6	5	6
55	6	5	5	6	6	9
55	7	6	5	7	7	8
55	8	7	3	7	6	7
55	9	6	2	8	5	8
55	10	3	1	6	2	6
55	11	5	2	5	4	7
55	12	3	2	2	2	5
55	13	3	1	2	2	4
55	14	4	3	5	5	5
55	15	6	4	9	6	7
55	16	4	3	4	4	6
55	17	4	2	2	2	7
55	18	4	3	3	5	8
55	19	6	3	7	4	5
55	20	4	1	4	3	6
55	21	5	3	7	5	5
55	22	4	4	6	3	6
55	23	4	1	5	3	6
55	24	5	4	6	6	7
55	25	1	2	4	3	5
55	26	2	2	4	3	4
55	27	4	3	1	2	5
55	28	1	2	2	3	4
55	29	1	1	-1	3	4
55	30	3	3	3	4	7
56	1	-2	1	-2	1	2
56	2	-2	0	-2	0	0
56	3	-1	0	-1	1	0
56	4	-1	0	-2	0	0
56	5	-2	0	-2	-1	0
56	6	-1	0	0	1	0
56	7	-1	1	0	2	1
56	8	-1	0	-1	-1	2
56	9	2	3	4	5	3
56	10	1	1	3	2	3
56	11	-3	0	-2	1	2
56	12	-3	0	-3	0	-1
56	13	0	2	2	2	3
56	14	-2	1	0	1	1
56	15	-1	0	0	0	1
56	16	-1	1	1	3	3
56	17	0	4	1	2	0
56	18	2	2	1	2	2
56	19	1	3	2	3	4
56	20	-1	1	4	3	2
56	21	0	0	-1	0	1
56	22	-2	1	1	1	1
56	23	0	2	1	1	3
56	24	1	2	4	2	4
56	25	2	2	5	4	6
56	26	0	1	2	3	2
56	27	0	0	0	2	3
56	28	2	3	3	4	5
56	29	0	0	0	2	4
56	30	0	0	0	0	0
57	1	4	4	7	3	7
57	2	5	4	11	5	6
57	3	7	5	7	6	7
57	4	5	3	4	5	2
57	5	3	3	4	3	4
57	6	2	2	3	3	3
57	7	4	4	3	4	6
57	8	2	1	3	3	0
57	9	4	3	3	5	3
57	10	4	3	6	6	6
57	11	5	5	4	6	6
57	12	4	4	4	3	4
57	13	6	5	4	6	5
57	14	6	6	7	5	5
57	15	6	4	6	4	7
57	16	5	5	6	4	5
57	17	3	2	0	3	1
57	18	1	3	3	2	1
57	19	4	3	3	4	4
57	20	6	5	8	5	7
57	21	5	5	10	6	8
57	22	7	4	7	6	8
57	23	4	4	4	2	4
57	24	3	4	1	2	5
57	25	4	1	3	2	3
57	26	4	4	7	5	6
57	27	4	4	8	7	5
57	28	5	5	7	7	7
57	29	4	3	4	4	5
57	30	7	3	7	7	7
58	1	-1	1	1	2	2
58	2	1	3	3	2	3
58	3	0	2	1	4	3
58	4	0	1	0	2	3
58	5	2	1	1	3	3
58	6	0	2	2	3	3
58	7	1	1	5	2	2
58	8	2	2	2	1	4
58	9	0	1	0	0	1
58	10	0	2	3	2	4
58	11	0	1	0	1	3
58	12	2	1	2	2	3
58	13	1	1	2	2	4
58	14	1	1	3	3	3
58	15	1	2	3	2	6
58	16	4	2	3	3	4
58	17	2	0	0	0	1
58	18	1	2	2	1	2
58	19	1	1	2	0	3
58	20	1	2	0	0	1
58	21	0	1	0	1	4
58	22	0	1	2	2	4
58	23	4	3	4	4	5
58	24	3	1	4	4	5
58	25	0	0	1	2	3
58	26	3	2	4	3	6
58	27	2	3	2	3	7
58	28	4	3	4	4	5
58	29	2	2	1	1	5
58	30	4	4	6	4	6
59	1	0	3	1	2	3
59	2	2	3	2	3	4
59	3	1	0	0	3	1
59	4	2	2	0	2	1
59	5	0	0	-3	3	0
59	6	2	4	1	3	3
59	7	0	1	0	3	0
59	8	0	2	0	1	2
59	9	0	1	0	2	2
59	10	2	2	3	4	4
59	11	0	0	0	4	2
59	12	2	2	2	3	4
59	13	2	1	0	1	2
59	14	3	2	2	5	1
59	15	2	2	1	3	4
59	16	1	3	1	2	6
59	17	2	1	2	3	2
59	18	0	2	0	2	1
59	19	0	1	0	2	3
59	20	2	1	2	4	2
59	21	4	2	3	5	5
59	22	5	2	2	6	5
59	23	4	3	4	5	5
59	24	1	3	1	4	2
59	25	5	4	4	3	3
59	26	2	2	0	2	2
59	27	2	1	-1	4	-1
59	28	2	2	0	2	1
59	29	1	1	0	1	2
59	30	3	2	3	3	2
60	1	0	2	4	5	1
60	2	0	2	3	3	1
60	3	-1	3	1	4	2
60	4	2	3	5	4	7
60	5	4	3	8	5	6
60	6	2	2	6	6	4
60	7	0	2	4	1	4
60	8	0	3	6	3	0
60	9	0	1	3	4	3
60	10	0	3	5	3	3
60	11	1	2	7	4	5
60	12	-1	1	1	1	0
60	13	0	2	4	2	0
60	14	-2	0	-1	0	0
60	15	3	3	7	4	6
60	16	1	2	4	4	2
60	17	1	2	6	3	4
60	18	2	3	2	4	5
60	19	1	2	5	3	3
60	20	-2	1	0	0	0
60	21	-1	2	1	3	0
60	22	0	2	2	3	3
60	23	-5	0	0	1	0
60	24	-1	1	2	3	2
60	25	0	2	4	3	3
60	26	0	2	4	3	3
60	27	2	0	6	5	4
60	28	2	1	3	4	2
60	29	0	0	2	3	3
60	30	1	1	4	4	5
61	1	0	1	2	1	1
61	2	1	1	4	2	2
61	3	0	2	3	4	3
61	4	3	3	4	5	6
61	5	6	2	7	5	7
61	6	6	3	5	4	5
61	7	4	3	3	6	5
61	8	3	3	7	6	6
61	9	5	2	7	6	5
61	10	3	3	2	4	2
61	11	0	2	0	2	1
61	12	2	2	4	3	5
61	13	0	1	1	3	1
61	14	4	2	3	5	3
61	15	0	0	1	1	1
61	16	2	2	3	4	4
61	17	3	4	2	4	2
61	18	1	1	3	3	2
61	19	1	1	4	4	4
61	20	1	0	2	4	4
61	21	3	0	2	2	2
61	22	2	1	1	4	4
61	23	0	2	3	2	2
61	24	4	2	0	3	2
61	25	2	2	3	3	3
61	26	1	3	2	2	0
61	27	4	2	2	5	3
61	28	0	1	0	2	1
61	29	0	0	0	2	0
61	30	2	2	1	3	3
62	1	2	3	4	3	5
62	2	2	3	7	6	8
62	3	4	2	6	5	7
62	4	2	3	3	5	6
62	5	5	5	8	7	10
62	6	1	3	5	6	8
62	7	1	2	3	4	5
62	8	5	3	4	4	5
62	9	1	3	3	4	6
62	10	5	4	5	4	6
62	11	5	3	7	5	8
62	12	2	3	6	5	5
62	13	1	1	0	1	2
62	14	0	1	1	2	3
62	15	5	4	5	6	5
62	16	1	2	2	3	6
62	17	1	3	6	4	5
62	18	1	2	2	4	3
62	19	2	3	5	5	4
62	20	0	2	4	4	4
62	21	2	3	7	6	5
62	22	1	2	3	3	4
62	23	2	2	3	2	6
62	24	3	2	2	3	4
62	25	1	2	5	6	5
62	26	-1	1	-1	2	2
62	27	0	3	3	4	3
62	28	2	2	4	2	4
62	29	1	2	0	5	5
62	30	4	4	5	5	8
63	1	1	1	1	1	4
63	2	4	2	6	4	6
63	3	2	4	7	5	4
63	4	0	0	3	3	4
63	5	2	1	4	3	5
63	6	3	3	7	3	8
63	7	1	2	4	4	6
63	8	1	2	3	3	6
63	9	2	3	8	4	7
63	10	2	3	5	5	6
63	11	2	2	2	3	5
63	12	3	3	3	5	6
63	13	2	2	3	3	5
63	14	-1	2	1	1	2
63	15	1	1	0	3	2
63	16	4	2	3	3	4
63	17	1	1	2	1	3
63	18	0	1	2	2	2
63	19	4	3	6	6	5
63	20	0	3	2	2	3
63	21	1	2	3	3	6
63	22	5	3	3	4	7
63	23	0	1	1	3	4
63	24	1	1	1	3	3
63	25	0	3	3	3	3
63	26	3	2	2	3	6
63	27	0	2	3	4	4
63	28	2	3	3	4	6
63	29	2	2	5	5	4
63	30	0	3	3	1	5
64	1	6	5	6	5	5
64	2	6	5	6	3	3
64	3	2	4	2	2	2
64	4	0	4	1	2	0
64	5	5	2	5	2	2
64	6	5	5	4	3	4
64	7	5	5	6	3	4
64	8	1	4	5	2	2
64	9	5	4	5	4	3
64	10	5	6	6	5	5
64	11	5	5	9	4	4
64	12	4	5	3	3	1
64	13	4	5	4	4	3
64	14	4	4	5	3	2
64	15	7	6	7	4	3
64	16	6	4	5	4	4
64	17	6	4	3	3	5
64	18	4	5	2	2	2
64	19	1	5	3	2	1
64	20	4	4	5	3	3
64	21	3	5	5	4	1
64	22	6	4	6	2	3
64	23	2	4	5	4	1
64	24	5	5	4	7	4
64	25	8	6	9	7	5
64	26	7	5	5	4	4
64	27	4	5	2	0	3
64	28	4	4	1	5	3
64	29	3	5	3	4	3
64	30	7	7	6	4	5
65	1	2	3	1	0	3
65	2	0	1	0	0	1
65	3	0	3	4	0	5
65	4	4	3	2	3	3
65	5	3	3	4	2	4
65	6	3	4	3	3	5
65	7	1	4	3	3	5
65	8	4	3	4	2	3
65	9	2	2	2	1	4
65	10	2	3	6	2	5
65	11	3	4	3	2	4
65	12	2	2	3	2	4
65	13	5	6	9	4	8
65	14	4	4	5	4	5
65	15	0	3	1	1	3
65	16	4	3	1	2	3
65	17	3	4	5	1	6
65	18	4	2	3	3	8
65	19	2	2	4	1	4
65	20	1	3	5	4	5
65	21	6	3	5	3	5
65	22	1	2	0	2	3
65	23	1	2	1	1	4
65	24	1	1	2	2	4
65	25	2	4	1	0	1
65	26	4	3	7	3	8
65	27	4	3	6	3	7
65	28	2	3	3	1	4
65	29	1	3	2	2	5
65	30	1	2	1	0	1
66	1	3	1	0	1	3
66	2	3	1	1	1	3
66	3	2	3	4	4	4
66	4	5	4	9	6	9
66	5	4	3	5	3	6
66	6	1	1	1	3	3
66	7	0	0	-1	1	0
66	8	1	1	2	3	4
66	9	1	2	0	3	3
66	10	2	1	3	2	1
66	11	0	0	-2	0	0
66	12	0	1	0	2	0
66	13	0	2	0	0	2
66	14	2	2	2	2	5
66	15	3	3	6	3	4
66	16	2	1	5	0	2
66	17	1	1	3	1	2
66	18	4	2	2	3	4
66	19	2	1	3	3	2
66	20	3	1	1	1	5
66	21	4	3	4	2	5
66	22	2	2	1	1	3
66	23	3	2	5	3	4
66	24	0	3	0	1	4
66	25	1	1	3	1	3
66	26	-1	-1	-2	0	0
66	27	-3	0	-2	-1	-1
66	28	0	1	0	-1	0
66	29	3	1	4	2	4
66	30	6	4	5	5	6
67	1	1	2	4	3	4
67	2	2	1	3	4	3
67	3	3	2	4	5	5
67	4	0	1	0	1	1
67	5	-2	0	0	0	0
67	6	-1	0	0	0	-1
67	7	-1	2	1	0	1
67	8	2	2	2	2	2
67	9	3	2	3	3	4
67	10	2	2	4	2	3
67	11	3	3	6	5	5
67	12	5	3	4	4	4
67	13	2	2	3	4	3
67	14	0	0	0	1	0
67	15	0	1	4	2	2
67	16	3	2	3	3	3
67	17	2	2	2	2	2
67	18	2	2	3	3	3
67	19	4	4	9	6	6
67	20	4	3	5	5	5
67	21	2	3	3	3	3
67	22	4	3	3	3	2
67	23	4	2	1	5	3
67	24	2	2	4	3	4
67	25	0	0	0	0	0
67	26	1	2	4	4	3
67	27	0	2	1	2	0
67	28	2	3	5	4	1
67	29	0	1	0	2	0
67	30	0	2	1	1	0
68	1	3	2	3	5	3
68	2	2	3	4	4	3
68	3	1	1	2	4	5
68	4	2	3	2	5	4
68	5	1	1	0	2	2
68	6	0	2	2	5	2
68	7	1	2	4	5	5
68	8	4	3	7	6	6
68	9	3	2	6	5	7
68	10	4	2	5	7	5
68	11	3	2	6	5	6
68	12	4	4	3	6	7
68	13	4	2	8	7	5
68	14	1	2	2	5	3
68	15	0	0	2	2	1
68	16	0	0	3	4	4
68	17	0	1	4	3	2
68	18	0	1	0	3	2
68	19	0	0	1	5	4
68	20	0	1	2	6	6
68	21	3	2	4	6	6
68	22	4	2	4	6	7
68	23	3	3	5	7	7
68	24	2	2	5	5	4
68	25	5	2	5	8	6
68	26	3	1	5	5	7
68	27	1	2	2	6	4
68	28	0	0	-2	3	5
68	29	1	2	2	4	4
68	30	0	1	2	5	2
69	1	1	1	2	2	0
69	2	0	2	2	2	3
69	3	0	1	0	2	2
69	4	1	0	2	2	1
69	5	2	1	0	2	1
69	6	0	1	2	1	3
69	7	-1	0	0	1	0
69	8	0	1	1	0	0
69	9	1	2	2	2	1
69	10	1	1	4	2	1
69	11	0	1	2	1	1
69	12	0	1	3	3	1
69	13	3	2	3	3	4
69	14	3	2	5	5	5
69	15	2	1	2	1	1
69	16	-2	0	-2	0	-1
69	17	1	0	1	1	0
69	18	-2	0	0	0	-1
69	19	2	2	1	0	1
69	20	1	2	4	4	3
69	21	0	1	3	2	0
69	22	0	1	0	0	3
69	23	1	0	2	2	3
69	24	5	2	4	4	5
69	25	1	2	3	3	3
69	26	1	1	1	5	4
69	27	1	2	5	3	3
69	28	1	1	0	3	1
69	29	3	2	4	4	5
69	30	0	2	2	4	3
70	1	1	1	0	0	0
70	2	0	1	2	3	3
70	3	2	0	2	2	4
70	4	3	2	4	4	5
70	5	0	1	2	2	3
70	6	1	1	3	4	5
70	7	4	2	5	3	8
70	8	2	1	3	4	4
70	9	2	0	4	3	2
70	10	0	0	0	2	1
70	11	0	0	1	0	0
70	12	2	1	2	2	3
70	13	2	1	0	2	2
70	14	4	1	2	4	3
70	15	0	1	1	1	2
70	16	0	0	-2	1	0
70	17	0	0	0	0	1
70	18	0	0	0	1	1
70	19	-1	-1	0	0	-1
70	20	0	0	-1	1	0
70	21	-1	0	0	2	0
70	22	-1	-1	-2	0	-1
70	23	1	0	0	1	2
70	24	-1	-1	0	0	0
70	25	0	0	0	-1	2
70	26	-1	0	0	2	0
70	27	-1	0	-1	0	0
70	28	-5	-1	-7	-2	-1
70	29	-2	0	-2	-1	0
70	30	-2	-1	-4	0	-1
71	1	3	2	4	3	4
71	2	1	2	3	3	5
71	3	0	1	3	0	2
71	4	0	0	1	0	1
71	5	1	1	2	0	3
71	6	2	1	4	1	2
71	7	3	3	6	4	5
71	8	2	4	8	4	5
71	9	2	1	4	3	4
71	10	2	2	2	4	4
71	11	4	3	6	5	4
71	12	1	2	3	3	4
71	13	1	3	2	3	6
71	14	5	2	5	3	5
71	15	4	3	7	6	9
71	16	4	3	6	6	6
71	17	4	3	6	2	5
71	18	2	3	5	0	3
71	19	0	2	5	1	4
71	20	1	0	0	0	0
71	21	0	3	3	3	4
71	22	3	2	4	1	5
71	23	2	0	5	0	3
71	24	5	5	11	4	7
71	25	5	4	10	7	8
71	26	3	3	7	3	5
71	27	2	2	5	4	3
71	28	0	2	1	0	3
71	29	2	1	6	2	3
71	30	1	3	4	3	3
72	1	2	4	1	3	6
72	2	4	5	4	4	5
72	3	4	3	4	4	5
72	4	4	5	7	6	7
72	5	0	3	0	0	3
72	6	1	3	3	4	5
72	7	5	5	5	8	7
72	8	8	7	8	7	8
72	9	3	5	3	5	8
72	10	2	4	1	2	6
72	11	5	4	4	3	4
72	12	7	3	5	6	7
72	13	5	5	7	5	5
72	14	7	6	9	9	11
72	15	4	5	7	5	5
72	16	5	3	6	5	7
72	17	2	4	3	3	3
72	18	3	4	2	5	5
72	19	3	4	3	5	4
72	20	6	3	3	3	8
72	21	5	5	7	7	7
72	22	4	4	1	6	8
72	23	2	2	0	2	4
72	24	1	4	2	3	3
72	25	4	4	2	5	3
72	26	5	5	4	8	8
72	27	2	3	1	3	5
72	28	3	4	4	4	5
72	29	4	3	5	4	5
72	30	6	4	3	6	7
73	1	0	1	0	2	2
73	2	1	1	2	1	1
73	3	1	2	0	0	4
73	4	1	0	0	0	0
73	5	-1	0	-2	-1	0
73	6	-1	0	-3	1	2
73	7	-2	0	-2	1	0
73	8	0	0	0	0	1
73	9	3	1	5	4	4
73	10	0	1	2	0	1
73	11	-2	0	-1	0	1
73	12	0	0	-1	0	1
73	13	4	2	3	3	5
73	14	2	3	2	3	2
73	15	2	2	2	1	2
73	16	0	1	1	0	0
73	17	0	1	-1	0	2
73	18	2	1	2	3	5
73	19	0	2	0	0	1
73	20	4	3	2	2	3
73	21	2	0	2	2	2
73	22	1	0	1	0	4
73	23	-1	2	0	2	3
73	24	1	2	1	2	2
73	25	2	1	3	4	6
73	26	1	1	1	1	2
73	27	-1	1	-2	3	2
73	28	0	0	1	1	1
73	29	-1	1	0	1	1
73	30	0	1	-1	1	2
74	1	4	2	4	5	3
74	2	3	3	3	5	1
74	3	0	3	0	4	0
74	4	3	3	4	3	2
74	5	1	4	1	2	0
74	6	2	2	1	4	0
74	7	3	3	3	4	1
74	8	0	4	5	3	3
74	9	1	4	2	3	0
74	10	0	3	0	4	0
74	11	1	3	0	2	2
74	12	2	3	3	3	0
74	13	1	4	4	5	4
74	14	3	3	2	6	1
74	15	6	5	6	7	7
74	16	3	4	3	3	5
74	17	1	3	3	3	3
74	18	1	2	1	4	0
74	19	4	5	5	5	4
74	20	5	3	4	6	2
74	21	3	4	4	4	4
74	22	2	3	2	4	1
74	23	2	5	6	5	3
74	24	0	2	0	3	0
74	25	0	0	1	1	1
74	26	3	2	3	2	1
74	27	4	4	5	5	3
74	28	3	4	4	5	2
74	29	3	4	6	6	2
74	30	6	6	9	8	5
75	1	4	2	1	2	4
75	2	4	1	2	4	4
75	3	3	3	5	4	6
75	4	5	4	7	7	7
75	5	5	4	6	5	8
75	6	5	4	5	5	7
75	7	4	4	7	5	7
75	8	3	2	3	4	4
75	9	1	2	2	3	4
75	10	-1	1	0	1	2
75	11	0	1	1	2	1
75	12	2	2	2	2	3
75	13	0	1	2	2	1
75	14	3	2	1	2	4
75	15	0	3	1	1	2
75	16	1	3	0	3	4
75	17	0	1	2	1	1
75	18	2	3	5	4	6
75	19	3	3	4	3	3
75	20	2	1	3	2	2
75	21	0	2	1	1	2
75	22	0	1	0	3	2
75	23	2	1	2	3	4
75	24	0	1	0	2	2
75	25	4	3	4	4	6
75	26	4	3	4	2	6
75	27	2	3	2	2	4
75	28	0	2	1	0	2
75	29	0	2	0	1	2
75	30	0	0	-1	0	1
76	1	3	2	1	4	6
76	2	-1	0	0	1	2
76	3	0	1	3	3	6
76	4	4	3	5	5	7
76	5	3	0	4	3	2
76	6	0	1	1	2	3
76	7	1	0	2	3	4
76	8	0	2	1	2	4
76	9	4	1	2	2	4
76	10	-2	0	0	0	0
76	11	0	1	3	1	3
76	12	2	1	4	4	5
76	13	3	2	4	4	6
76	14	2	2	6	4	7
76	15	1	2	3	5	5
76	16	0	0	0	2	1
76	17	0	0	1	2	2
76	18	-1	0	0	1	0
76	19	0	0	2	1	0
76	20	1	0	0	4	5
76	21	1	0	2	2	4
76	22	3	1	3	4	5
76	23	1	3	3	6	6
76	24	2	1	4	4	6
76	25	3	2	3	4	5
76	26	0	2	6	4	6
76	27	0	0	1	2	2
76	28	1	0	0	2	1
76	29	-2	0	0	2	1
76	30	0	1	-1	2	3
77	1	3	1	3	5	4
77	2	1	1	2	2	4
77	3	2	2	1	3	3
77	4	2	3	5	4	5
77	5	0	1	2	2	6
77	6	1	2	6	3	4
77	7	3	1	1	3	4
77	8	4	2	2	4	4
77	9	0	1	0	3	0
77	10	4	3	2	4	5
77	11	4	1	4	4	6
77	12	5	3	4	4	7
77	13	3	2	4	6	7
77	14	8	4	7	7	9
77	15	6	3	3	4	7
77	16	6	3	6	5	9
77	17	3	3	4	4	5
77	18	4	2	2	3	5
77	19	6	3	4	4	4
77	20	3	3	2	4	5
77	21	3	1	2	4	2
77	22	1	1	-1	3	1
77	23	1	2	3	5	3
77	24	3	4	5	4	3
77	25	2	3	4	5	3
77	26	1	2	2	2	3
77	27	3	1	1	4	5
77	28	5	3	5	5	4
77	29	5	3	4	5	4
77	30	4	3	7	5	5
78	1	2	4	5	4	6
78	2	1	2	0	3	4
78	3	1	2	2	3	5
78	4	5	5	7	8	7
78	5	5	4	6	3	6
78	6	3	2	3	6	4
78	7	4	4	7	4	6
78	8	5	5	7	6	7
78	9	6	3	3	3	4
78	10	1	3	5	4	4
78	11	3	3	3	3	5
78	12	1	4	4	4	6
78	13	1	3	3	4	4
78	14	0	2	1	2	0
78	15	1	1	0	1	0
78	16	0	2	0	1	0
78	17	2	2	0	3	4
78	18	0	3	3	3	3
78	19	5	5	7	7	9
78	20	4	4	7	4	5
78	21	5	6	10	5	9
78	22	4	3	6	5	6
78	23	4	4	5	7	5
78	24	3	3	5	6	6
78	25	1	2	3	5	3
78	26	3	2	5	5	4
78	27	1	5	6	6	6
78	28	4	3	4	3	4
78	29	5	4	3	6	5
78	30	3	3	3	4	3
79	1	0	0	0	2	1
79	2	0	1	0	-1	1
79	3	1	1	1	2	2
79	4	3	3	3	5	2
79	5	4	3	0	3	2
79	6	2	2	1	2	2
79	7	0	1	1	1	1
79	8	0	0	0	2	1
79	9	0	0	0	1	2
79	10	-2	1	-2	0	0
79	11	0	2	1	1	1
79	12	0	2	0	0	2
79	13	1	1	5	2	3
79	14	2	2	2	2	1
79	15	1	2	0	0	4
79	16	1	1	0	1	2
79	17	3	3	3	4	3
79	18	3	1	2	2	2
79	19	2	1	6	4	4
79	20	1	2	5	4	4
79	21	4	4	6	2	5
79	22	0	2	3	4	5
79	23	2	3	2	4	2
79	24	2	3	1	1	2
79	25	5	3	6	3	3
79	26	4	2	3	5	3
79	27	4	3	5	4	5
79	28	0	0	0	1	2
79	29	3	2	3	3	4
79	30	3	2	1	3	3
80	1	4	2	1	3	2
80	2	1	2	-1	2	1
80	3	2	0	2	3	4
80	4	1	2	0	1	4
80	5	1	3	2	4	3
80	6	2	0	0	3	3
80	7	0	0	0	3	2
80	8	0	2	0	1	1
80	9	1	3	2	4	6
80	10	3	1	1	3	5
80	11	3	1	1	3	3
80	12	3	1	5	3	5
80	13	4	2	2	5	7
80	14	3	4	4	6	5
80	15	4	2	3	5	5
80	16	2	2	0	3	4
80	17	3	2	3	5	5
80	18	2	3	4	2	4
80	19	-1	2	0	2	2
80	20	2	3	5	5	7
80	21	1	3	3	6	5
80	22	3	4	3	3	5
80	23	2	2	1	3	5
80	24	0	0	-1	3	0
80	25	2	2	4	5	6
80	26	2	2	5	5	5
80	27	5	4	8	7	10
80	28	4	2	2	5	5
80	29	4	3	5	6	5
80	30	5	4	9	7	8
81	1	0	2	2	5	4
81	2	0	2	2	4	7
81	3	1	2	4	6	5
81	4	2	2	5	5	6
81	5	4	4	6	6	9
81	6	5	4	7	7	8
81	7	3	3	7	5	8
81	8	3	3	0	6	3
81	9	0	2	4	4	4
81	10	3	4	4	5	8
81	11	1	2	4	4	4
81	12	1	2	3	5	6
81	13	0	2	4	6	5
81	14	0	0	1	3	6
81	15	0	1	4	4	4
81	16	0	1	1	3	2
81	17	1	2	4	6	4
81	18	0	3	4	4	2
81	19	-1	1	0	2	2
81	20	0	2	3	4	4
81	21	3	2	5	6	7
81	22	1	1	4	5	4
81	23	1	2	3	3	4
81	24	0	0	0	2	2
81	25	-1	0	-1	2	2
81	26	1	2	2	4	4
81	27	2	2	5	6	5
81	28	0	0	0	2	1
81	29	2	2	3	4	5
81	30	-2	0	-2	2	1
82	1	1	2	2	1	1
82	2	2	3	6	5	3
82	3	3	3	6	4	4
82	4	1	3	0	0	2
82	5	0	1	0	1	-1
82	6	1	1	2	2	3
82	7	0	1	0	2	1
82	8	0	1	1	0	0
82	9	1	3	1	3	4
82	10	3	2	3	5	3
82	11	5	3	7	3	5
82	12	3	4	5	5	5
82	13	1	2	3	2	3
82	14	0	1	0	2	0
82	15	3	3	1	3	3
82	16	1	3	0	1	0
82	17	1	2	1	0	1
82	18	0	2	0	1	1
82	19	-1	0	-1	0	-1
82	20	0	1	1	1	1
82	21	2	2	0	3	2
82	22	1	1	0	2	1
82	23	3	2	0	3	2
82	24	1	1	1	1	1
82	25	5	5	9	7	7
82	26	6	3	6	4	7
82	27	4	3	5	4	3
82	28	2	1	1	3	1
82	29	-1	1	-1	1	-2
82	30	0	1	-1	0	-1
83	1	2	2	2	3	1
83	2	0	2	2	1	2
83	3	0	2	3	3	2
83	4	2	1	3	2	6
83	5	3	1	3	2	2
83	6	4	1	3	3	5
83	7	2	2	4	3	3
83	8	3	1	3	4	4
83	9	4	1	6	4	4
83	10	3	1	4	2	7
83	11	-1	0	1	2	3
83	12	0	2	2	3	3
83	13	1	2	2	2	3
83	14	1	4	5	4	5
83	15	1	1	2	3	5
83	16	2	2	4	3	5
83	17	2	2	5	3	2
83	18	-1	0	0	1	0
83	19	-2	0	-5	0	-1
83	20	1	0	0	0	0
83	21	1	2	0	3	3
83	22	1	1	1	4	3
83	23	4	2	5	4	4
83	24	3	3	3	4	6
83	25	6	6	8	8	9
83	26	5	3	5	6	8
83	27	5	4	9	6	9
83	28	2	1	6	5	5
83	29	1	3	5	5	4
83	30	1	1	2	1	1
84	1	3	2	2	3	5
84	2	-1	0	0	1	2
84	3	0	0	-1	2	1
84	4	0	2	3	3	4
84	5	0	0	0	4	2
84	6	0	0	-2	0	1
84	7	0	0	-1	1	1
84	8	-2	0	0	0	0
84	9	1	1	0	1	2
84	10	1	1	2	2	5
84	11	0	0	3	4	5
84	12	4	3	5	5	5
84	13	2	1	1	2	3
84	14	-2	0	2	2	3
84	15	0	0	-1	1	0
84	16	0	0	0	1	3
84	17	0	1	3	3	4
84	18	3	0	1	2	6
84	19	2	2	7	4	3
84	20	0	0	0	1	3
84	21	1	2	0	3	3
84	22	0	0	0	1	1
84	23	0	1	0	3	3
84	24	0	1	0	3	3
84	25	2	0	0	2	2
84	26	3	2	1	3	5
84	27	0	0	2	2	4
84	28	0	0	-3	1	2
84	29	-3	0	-1	1	3
84	30	1	1	0	2	5
85	1	0	2	1	3	3
85	2	1	1	-2	1	1
85	3	-3	0	-2	1	0
85	4	1	1	1	2	1
85	5	2	3	5	4	5
85	6	2	3	5	5	6
85	7	4	2	5	4	5
85	8	0	1	0	1	2
85	9	2	2	3	5	2
85	10	0	1	2	3	5
85	11	1	2	3	2	4
85	12	0	1	1	2	2
85	13	0	2	3	2	2
85	14	2	1	5	2	7
85	15	3	2	5	4	7
85	16	3	3	3	5	5
85	17	2	2	3	3	6
85	18	2	3	4	4	5
85	19	1	2	2	5	4
85	20	1	2	0	1	3
85	21	0	2	3	2	4
85	22	5	3	3	4	6
85	23	1	2	1	3	6
85	24	1	0	4	2	1
85	25	2	2	2	3	4
85	26	0	3	2	2	2
85	27	2	1	2	3	4
85	28	0	3	1	1	2
85	29	1	1	0	1	4
85	30	1	3	2	2	3
86	1	0	2	2	2	4
86	2	0	2	2	1	4
86	3	0	2	0	1	1
86	4	0	2	4	1	3
86	5	0	1	3	0	3
86	6	-1	0	1	2	2
86	7	1	2	3	2	5
86	8	3	2	4	2	3
86	9	-1	0	0	2	0
86	10	0	2	4	3	4
86	11	0	2	4	4	4
86	12	3	2	5	2	4
86	13	2	3	5	3	4
86	14	3	2	5	4	8
86	15	-1	2	2	4	7
86	16	-2	0	0	0	-1
86	17	-2	0	-2	0	0
86	18	-1	1	0	0	2
86	19	0	1	2	1	2
86	20	3	3	7	3	7
86	21	2	2	1	4	4
86	22	-1	1	2	0	-1
86	23	3	2	6	3	5
86	24	3	2	4	2	4
86	25	1	0	3	2	5
86	26	4	1	5	3	4
86	27	1	2	3	3	4
86	28	3	4	6	3	6
86	29	4	3	8	4	7
86	30	4	3	5	4	4
87	1	1	2	1	1	4
87	2	0	0	0	2	3
87	3	2	2	3	3	2
87	4	1	0	0	0	-1
87	5	-1	0	0	2	0
87	6	-1	0	-2	1	2
87	7	-1	0	-3	0	1
87	8	0	0	0	1	0
87	9	0	0	0	0	2
87	10	-1	0	0	1	1
87	11	-1	0	0	1	0
87	12	-1	1	-1	0	0
87	13	0	1	0	2	1
87	14	3	2	6	2	5
87	15	2	0	4	4	1
87	16	0	0	0	2	0
87	17	0	0	-1	0	0
87	18	1	2	2	0	3
87	19	2	3	2	4	4
87	20	5	3	3	3	6
87	21	1	3	1	2	1
87	22	0	1	0	2	1
87	23	0	1	3	2	2
87	24	0	2	1	2	1
87	25	1	3	1	1	3
87	26	-2	1	0	0	2
87	27	-3	-1	0	1	-1
87	28	2	2	2	3	4
87	29	1	1	3	3	2
87	30	0	0	0	3	0
88	1	2	1	0	1	3
88	2	0	3	1	2	1
88	3	-1	1	0	-2	0
88	4	-1	1	0	0	3
88	5	0	3	2	3	2
88	6	6	1	4	3	5
88	7	1	1	0	1	3
88	8	0	1	0	0	0
88	9	1	1	0	2	1
88	10	1	1	0	2	5
88	11	2	2	0	1	2
88	12	-1	0	-6	0	0
88	13	1	1	0	2	4
88	14	0	1	-3	2	1
88	15	2	3	6	2	5
88	16	2	3	1	2	5
88	17	2	2	5	4	8
88	18	2	2	2	5	5
88	19	2	2	2	2	3
88	20	2	2	0	2	3
88	21	0	0	-1	1	1
88	22	-1	0	-3	-1	0
88	23	-1	0	-1	-1	0
88	24	1	1	-2	2	2
88	25	1	2	1	2	6
88	26	4	2	1	2	4
88	27	1	1	0	0	0
88	28	5	3	4	4	7
88	29	4	2	2	3	6
88	30	2	1	2	4	5
89	1	5	3	2	5	3
89	2	3	1	3	3	2
89	3	0	1	1	1	2
89	4	0	2	0	1	3
89	5	1	1	0	2	1
89	6	0	1	1	1	1
89	7	3	1	5	4	4
89	8	1	0	0	2	0
89	9	2	2	2	4	2
89	10	8	3	7	6	7
89	11	7	5	9	8	7
89	12	2	3	4	5	5
89	13	0	1	2	3	0
89	14	3	3	4	4	3
89	15	3	1	3	3	3
89	16	0	1	1	3	2
89	17	0	1	1	4	3
89	18	3	3	3	3	3
89	19	1	2	3	4	3
89	20	0	2	0	4	2
89	21	2	2	1	3	2
89	22	0	0	1	0	0
89	23	3	2	4	3	3
89	24	4	4	2	5	7
89	25	4	3	6	3	4
89	26	2	0	1	2	1
89	27	5	3	5	5	5
89	28	5	3	5	7	5
89	29	3	3	3	4	3
89	30	5	3	3	4	6
90	1	-1	0	0	0	1
90	2	-4	0	-3	-1	-2
90	3	-1	0	-3	1	0
90	4	0	0	-1	1	2
90	5	2	2	4	4	6
90	6	0	1	0	2	0
90	7	-4	-1	-5	-4	-2
90	8	0	0	0	0	-1
90	9	-3	-1	-1	0	1
90	10	0	1	1	2	1
90	11	1	2	3	2	3
90	12	0	0	2	2	2
90	13	1	1	1	2	2
90	14	-1	0	0	1	1
90	15	0	2	3	2	4
90	16	0	0	2	2	2
90	17	1	1	3	1	3
90	18	2	2	3	3	2
90	19	0	1	2	2	4
90	20	-3	0	1	1	2
90	21	0	2	2	3	2
90	22	0	1	2	2	0
90	23	0	1	2	0	2
90	24	0	0	1	0	4
90	25	0	1	2	1	4
90	26	0	2	0	2	3
90	27	-1	0	0	2	1
90	28	0	0	0	3	2
90	29	0	1	1	0	2
90	30	0	2	0	1	1
91	1	-3	0	-3	-2	-1
91	2	0	0	-2	0	0
91	3	0	0	0	1	0
91	4	0	1	0	0	0
91	5	0	2	1	0	4
91	6	4	2	4	3	7
91	7	3	2	1	2	2
91	8	3	2	2	4	5
91	9	0	0	2	2	2
91	10	1	1	0	4	3
91	11	-1	0	-3	0	2
91	12	0	1	0	2	1
91	13	2	0	3	3	1
91	14	0	0	0	0	2
91	15	-1	0	0	2	0
91	16	2	1	1	2	3
91	17	2	1	-1	3	2
91	18	-1	0	-1	0	1
91	19	0	1	0	2	0
91	20	2	4	2	3	6
91	21	3	2	3	2	3
91	22	2	2	2	2	6
91	23	2	2	4	4	5
91	24	0	2	3	2	6
91	25	5	1	3	4	4
91	26	0	0	-1	0	2
91	27	1	0	1	2	0
91	28	0	0	-1	0	0
91	29	0	0	-3	-1	-1
91	30	-2	0	-5	-1	0
92	1	3	0	0	4	3
92	2	4	1	3	3	6
92	3	1	1	0	3	3
92	4	1	1	1	0	3
92	5	1	0	0	2	2
92	6	-1	-1	-3	0	0
92	7	2	2	1	5	4
92	8	6	1	4	5	4
92	9	1	1	2	3	5
92	10	1	1	-2	2	0
92	11	0	1	-1	2	2
92	12	0	0	-3	2	0
92	13	0	0	-2	0	0
92	14	4	0	2	3	5
92	15	4	2	4	2	7
92	16	3	1	0	3	4
92	17	2	1	0	3	2
92	18	2	1	0	3	4
92	19	1	1	-2	1	2
92	20	1	1	1	2	2
92	21	0	0	-2	0	1
92	22	4	1	3	3	5
92	23	4	0	0	2	6
92	24	2	1	2	3	4
92	25	-1	0	-1	0	0
92	26	0	0	-2	0	1
92	27	0	0	-2	1	1
92	28	-1	0	0	0	1
92	29	1	1	-1	0	2
92	30	2	0	-1	3	3
93	1	3	2	3	3	4
93	2	5	3	5	2	6
93	3	6	3	5	3	6
93	4	1	1	2	1	4
93	5	0	2	2	1	5
93	6	3	3	4	4	5
93	7	6	4	7	4	5
93	8	3	3	4	5	3
93	9	5	3	5	5	6
93	10	2	2	3	3	4
93	11	0	1	2	0	3
93	12	1	1	0	0	1
93	13	2	2	3	3	6
93	14	5	3	5	3	5
93	15	3	4	5	3	7
93	16	3	1	0	2	3
93	17	2	1	0	2	3
93	18	3	2	7	3	4
93	19	4	2	7	5	5
93	20	2	1	4	3	4
93	21	3	3	4	4	6
93	22	3	3	3	3	4
93	23	2	2	4	2	4
93	24	1	1	1	0	1
93	25	0	0	1	0	1
93	26	0	0	0	1	-1
93	27	0	2	2	3	1
93	28	1	1	1	1	3
93	29	4	2	4	2	5
93	30	2	2	4	2	5
94	1	0	2	3	2	4
94	2	0	2	1	3	3
94	3	1	3	1	3	2
94	4	5	4	7	6	6
94	5	2	2	5	5	7
94	6	4	3	5	7	6
94	7	4	4	5	5	7
94	8	3	3	4	6	6
94	9	6	4	6	5	11
94	10	7	6	10	8	10
94	11	2	2	4	4	6
94	12	5	4	4	6	7
94	13	2	4	5	4	5
94	14	2	3	2	3	4
94	15	0	1	0	2	4
94	16	0	2	2	2	5
94	17	3	3	4	4	4
94	18	2	1	2	3	3
94	19	3	3	3	5	4
94	20	5	5	7	4	7
94	21	6	3	6	5	7
94	22	1	3	3	5	4
94	23	1	3	1	5	5
94	24	0	1	2	3	6
94	25	2	2	3	4	5
94	26	1	2	1	4	3
94	27	2	3	4	4	4
94	28	5	3	6	8	6
94	29	4	3	4	5	8
94	30	6	4	7	8	8
95	1	1	0	-1	1	3
95	2	-1	0	-2	0	2
95	3	-1	0	-2	0	2
95	4	1	2	1	0	4
95	5	1	0	0	1	3
95	6	0	1	0	-1	1
95	7	-1	0	-1	-1	2
95	8	0	0	0	2	2
95	9	2	0	-2	1	4
95	10	0	1	0	-2	2
95	11	0	0	0	0	3
95	12	1	0	1	-1	2
95	13	-2	1	-1	0	3
95	14	1	1	0	2	4
95	15	-2	0	-1	-1	2
95	16	0	2	-1	1	0
95	17	0	0	1	-1	5
95	18	0	0	2	0	5
95	19	1	0	0	0	4
95	20	0	1	0	0	0
95	21	3	0	4	2	3
95	22	1	0	1	2	1
95	23	1	0	0	0	2
95	24	0	1	1	2	5
95	25	3	0	0	0	4
95	26	0	0	-1	0	2
95	27	0	0	-1	0	1
95	28	0	0	0	2	3
95	29	-1	0	-1	0	3
95	30	-1	0	-2	0	1
96	1	2	3	3	2	0
96	2	8	4	8	5	4
96	3	4	3	8	5	4
96	4	3	5	4	4	3
96	5	1	3	3	3	2
96	6	4	4	5	4	3
96	7	5	4	3	4	3
96	8	1	4	4	3	3
96	9	0	4	3	2	1
96	10	2	3	3	2	1
96	11	1	4	4	3	4
96	12	2	6	5	3	6
96	13	4	4	5	4	3
96	14	3	2	4	3	1
96	15	1	3	2	4	2
96	16	2	4	3	3	0
96	17	5	5	4	3	4
96	18	3	4	4	5	5
96	19	1	3	3	2	0
96	20	4	3	3	2	4
96	21	5	4	9	4	5
96	22	4	5	5	3	6
96	23	3	4	5	2	2
96	24	5	5	3	3	3
96	25	6	4	6	4	4
96	26	5	4	6	4	3
96	27	4	4	3	4	3
96	28	2	4	7	4	4
96	29	1	2	2	3	3
96	30	1	3	2	2	4
97	1	0	0	0	0	0
97	2	1	0	-2	1	-1
97	3	0	0	2	0	0
97	4	1	0	0	1	3
97	5	3	1	1	0	2
97	6	0	1	0	1	3
97	7	0	0	0	0	1
97	8	0	0	1	1	1
97	9	1	0	0	2	0
97	10	2	0	1	3	3
97	11	-1	0	0	0	0
97	12	0	0	-1	-1	-1
97	13	0	0	-1	1	0
97	14	-2	0	-1	1	4
97	15	2	0	-1	1	2
97	16	0	-1	0	0	0
97	17	-1	0	0	0	0
97	18	1	0	0	0	0
97	19	2	1	0	3	3
97	20	3	1	3	2	1
97	21	1	0	0	-1	0
97	22	-3	-2	-6	-1	-3
97	23	-2	-1	-3	-1	-2
97	24	0	0	0	0	2
97	25	-2	-1	-1	0	1
97	26	-2	0	-3	-1	0
97	27	1	1	1	2	3
97	28	1	0	-1	0	2
97	29	0	0	-2	-1	0
97	30	0	0	-5	0	1
98	1	-3	-1	-3	0	-2
98	2	-2	0	-2	1	0
98	3	-2	0	0	2	0
98	4	-4	0	-2	1	0
98	5	-2	0	-2	0	0
98	6	-1	0	1	3	0
98	7	0	2	4	4	5
98	8	0	0	1	1	1
98	9	0	1	5	4	2
98	10	1	2	5	3	5
98	11	4	1	6	5	8
98	12	0	2	3	4	4
98	13	-1	0	1	2	3
98	14	0	0	0	2	3
98	15	0	0	0	2	2
98	16	0	0	2	3	2
98	17	-1	0	1	0	0
98	18	0	0	0	0	0
98	19	0	0	2	5	2
98	20	0	0	0	3	2
98	21	-1	0	-1	1	1
98	22	0	0	1	2	0
98	23	-1	0	1	1	1
98	24	-2	1	2	1	1
98	25	-2	0	0	1	2
98	26	-2	0	-1	1	1
98	27	0	0	3	1	1
98	28	-4	-1	-2	1	0
98	29	-1	0	0	3	1
98	30	-2	-1	0	3	0
99	1	4	1	4	3	4
99	2	3	2	4	5	5
99	3	2	2	2	5	5
99	4	4	2	1	5	5
99	5	1	1	3	3	4
99	6	2	2	2	3	4
99	7	1	1	3	3	3
99	8	1	2	3	2	4
99	9	2	2	2	3	4
99	10	4	2	5	5	6
99	11	0	1	0	2	3
99	12	1	2	0	2	3
99	13	2	1	2	4	3
99	14	1	1	3	4	3
99	15	4	3	4	4	4
99	16	3	2	4	7	8
99	17	4	3	5	5	4
99	18	1	3	2	3	3
99	19	5	3	2	6	8
99	20	4	4	6	6	8
99	21	2	2	0	5	4
99	22	1	1	0	4	6
99	23	2	2	4	4	5
99	24	3	3	4	6	6
99	25	5	3	5	7	6
99	26	5	3	7	5	8
99	27	3	2	5	7	6
99	28	5	1	3	3	7
99	29	4	4	5	6	6
99	30	0	2	3	2	2
100	1	6	5	6	6	10
100	2	3	1	2	1	5
100	3	4	3	4	4	5
100	4	4	2	2	4	8
100	5	4	3	3	5	7
100	6	2	2	1	4	6
100	7	2	3	4	5	7
100	8	5	3	4	6	6
100	9	1	4	4	4	7
100	10	2	2	2	3	6
100	11	4	2	4	6	10
100	12	4	3	7	4	7
100	13	1	2	1	2	3
100	14	2	2	5	5	5
100	15	3	3	1	3	4
100	16	4	3	4	3	6
100	17	4	4	4	4	7
100	18	2	2	5	5	8
100	19	3	3	5	5	9
100	20	4	3	7	5	9
100	21	6	4	6	5	11
100	22	2	2	4	3	7
100	23	3	3	4	3	7
100	24	0	2	1	2	3
100	25	4	3	4	2	5
100	26	6	4	7	6	9
100	27	5	3	6	5	7
100	28	4	2	5	4	5
100	29	1	2	5	3	6
100	30	5	3	7	4	8
