1	1	2	2	5	5
1	2	0	1	2	3
1	3	3	2	7	3
1	4	2	2	2	4
1	5	2	3	5	6
1	6	0	1	2	4
1	7	-1	2	1	4
1	8	0	2	4	5
1	9	2	3	6	6
1	10	2	2	4	3
1	11	0	2	2	2
1	12	0	1	0	1
1	13	0	1	3	4
1	14	2	3	3	3
1	15	0	0	3	3
1	16	1	3	6	5
1	17	2	2	3	3
1	18	1	2	4	3
1	19	6	3	6	6
1	20	4	3	7	5
1	21	0	1	3	4
1	22	0	1	2	5
1	23	4	3	5	4
1	24	1	0	2	0
1	25	1	1	3	3
1	26	0	0	1	0
1	27	1	1	2	2
1	28	3	3	5	4
1	29	0	2	2	2
1	30	2	2	3	3
1	31	1	1	4	4
1	32	4	3	7	4
1	33	1	2	4	6
1	34	0	1	0	4
1	35	2	3	5	4
1	36	0	0	2	2
1	37	1	0	2	0
1	38	2	2	6	5
1	39	2	1	6	5
1	40	4	3	6	6
1	41	2	1	4	5
1	42	6	2	7	6
1	43	4	3	5	7
1	44	5	4	8	7
1	45	3	2	4	3
2	1	0	0	1	2
2	2	0	1	0	2
2	3	1	1	2	4
2	4	0	0	0	1
2	5	0	0	1	2
2	6	0	1	0	3
2	7	-1	0	0	0
2	8	0	2	2	4
2	9	1	1	1	2
2	10	1	1	0	4
2	11	0	1	0	3
2	12	1	1	1	5
2	13	2	2	5	4
2	14	1	1	2	3
2	15	0	1	2	2
2	16	0	0	4	2
2	17	1	1	4	3
2	18	3	2	4	5
2	19	0	3	2	2
2	20	0	1	2	3
2	21	0	2	1	3
2	22	2	2	2	4
2	23	0	2	2	3
2	24	1	1	2	2
2	25	1	0	0	3
2	26	0	0	0	1
2	27	0	1	0	1
2	28	0	0	0	1
2	29	3	3	0	2
2	30	4	5	6	6
2	31	3	4	6	7
2	32	3	3	2	5
2	33	2	2	4	6
2	34	1	3	3	6
2	35	2	2	4	4
2	36	1	2	4	4
2	37	3	1	4	5
2	38	6	3	7	5
2	39	2	2	4	5
2	40	3	2	5	4
2	41	2	2	3	3
2	42	0	1	0	3
2	43	3	2	5	3
2	44	2	4	4	4
2	45	3	3	3	4
3	1	0	0	-1	0
3	2	0	0	0	2
3	3	0	0	0	2
3	4	0	0	-1	-1
3	5	1	0	2	1
3	6	2	0	1	4
3	7	-1	1	1	0
3	8	-2	0	0	1
3	9	0	1	2	2
3	10	0	0	1	0
3	11	0	1	0	1
3	12	-2	0	-1	2
3	13	-3	0	0	0
3	14	-6	-2	-6	-3
3	15	-3	0	-2	0
3	16	-3	0	-1	0
3	17	0	0	0	-1
3	18	0	1	3	1
3	19	0	0	0	1
3	20	0	1	1	1
3	21	-1	0	0	2
3	22	0	1	0	0
3	23	-4	0	-2	0
3	24	-3	0	-2	0
3	25	-3	0	-4	-1
3	26	-1	1	2	1
3	27	-3	0	-2	0
3	28	2	1	3	1
3	29	-3	1	1	2
3	30	0	0	1	3
3	31	-2	0	1	3
3	32	-4	0	-3	-1
3	33	-1	0	-1	2
3	34	0	2	0	2
3	35	1	1	3	3
3	36	2	1	4	4
3	37	1	2	4	1
3	38	0	0	2	3
3	39	0	1	1	2
3	40	3	1	0	2
3	41	0	1	1	2
3	42	1	1	3	3
3	43	0	0	1	0
3	44	-2	1	0	0
3	45	-2	0	-4	-1
4	1	1	1	3	3
4	2	4	2	4	3
4	3	0	1	0	0
4	4	-1	2	2	2
4	5	2	2	3	3
4	6	4	3	7	6
4	7	3	2	5	4
4	8	0	2	0	2
4	9	0	1	0	2
4	10	1	3	0	4
4	11	1	2	4	3
4	12	1	2	5	3
4	13	0	2	1	2
4	14	3	3	6	3
4	15	3	4	7	6
4	16	6	6	6	5
4	17	6	3	7	4
4	18	3	3	3	4
4	19	2	4	6	5
4	20	1	2	5	3
4	21	0	2	2	4
4	22	1	2	3	2
4	23	1	2	3	3
4	24	1	2	4	3
4	25	4	3	7	5
4	26	3	3	6	5
4	27	-1	2	1	2
4	28	0	1	0	1
4	29	1	3	4	3
4	30	1	3	4	3
4	31	1	1	0	4
4	32	1	1	1	3
4	33	1	2	3	2
4	34	0	0	1	3
4	35	0	0	2	2
4	36	0	3	2	2
4	37	-1	1	2	1
4	38	1	2	3	4
4	39	-2	0	0	2
4	40	0	1	0	3
4	41	-1	2	-1	2
4	42	-1	1	-1	2
4	43	2	3	3	5
4	44	3	1	4	1
4	45	0	3	2	4
5	1	2	3	5	4
5	2	0	2	1	0
5	3	1	2	1	3
5	4	-1	1	0	1
5	5	0	3	4	5
5	6	2	2	5	4
5	7	-2	1	0	0
5	8	-2	2	1	0
5	9	3	2	3	2
5	10	2	1	5	3
5	11	2	3	5	2
5	12	4	3	6	4
5	13	-1	2	0	3
5	14	1	3	5	3
5	15	7	4	7	3
5	16	2	2	4	3
5	17	1	3	4	2
5	18	2	2	7	4
5	19	3	4	6	5
5	20	0	2	2	4
5	21	1	4	3	4
5	22	4	2	4	3
5	23	1	2	2	1
5	24	-1	1	0	1
5	25	1	2	3	2
5	26	0	2	3	0
5	27	3	4	8	5
5	28	3	4	5	3
5	29	0	1	0	0
5	30	-1	0	-2	0
5	31	0	1	0	2
5	32	1	2	4	4
5	33	0	2	4	3
5	34	2	3	5	3
5	35	2	1	1	1
5	36	2	1	0	1
5	37	-1	0	-1	0
5	38	-2	1	-1	0
5	39	0	1	0	0
5	40	0	2	2	2
5	41	5	4	7	7
5	42	7	4	6	6
5	43	2	2	4	1
5	44	0	1	0	2
5	45	1	1	2	2
6	1	-4	0	-1	0
6	2	-1	0	0	0
6	3	-1	0	0	1
6	4	0	1	1	0
6	5	2	1	2	2
6	6	0	0	-2	1
6	7	1	2	3	1
6	8	0	0	0	2
6	9	1	1	4	1
6	10	2	1	1	2
6	11	1	3	5	2
6	12	3	3	7	3
6	13	1	0	3	1
6	14	0	-1	0	0
6	15	-1	1	0	1
6	16	-6	-1	-2	-2
6	17	-1	0	-3	-2
6	18	-2	0	-2	0
6	19	-2	0	-3	-1
6	20	1	0	0	1
6	21	0	0	2	3
6	22	0	0	0	1
6	23	2	2	4	3
6	24	0	0	3	2
6	25	-1	1	0	2
6	26	0	1	-1	0
6	27	-1	1	-1	0
6	28	0	0	1	2
6	29	0	1	0	2
6	30	0	0	0	0
6	31	0	0	1	1
6	32	0	0	-2	1
6	33	0	1	2	2
6	34	1	0	1	2
6	35	2	1	3	2
6	36	1	2	2	0
6	37	4	3	5	5
6	38	0	0	1	2
6	39	0	1	0	2
6	40	2	3	3	2
6	41	-1	1	0	0
6	42	0	0	3	2
6	43	0	1	1	0
6	44	0	0	-1	0
6	45	-2	0	-1	1
7	1	0	2	1	1
7	2	0	1	3	0
7	3	0	2	2	0
7	4	0	2	2	4
7	5	0	2	0	3
7	6	1	3	6	4
7	7	3	3	3	5
7	8	-1	2	2	3
7	9	-1	1	0	1
7	10	-2	1	-2	0
7	11	0	2	2	3
7	12	1	4	1	1
7	13	1	4	10	5
7	14	2	5	6	3
7	15	2	4	4	2
7	16	1	4	4	2
7	17	0	2	1	1
7	18	-2	2	1	2
7	19	1	1	3	2
7	20	4	4	8	5
7	21	1	1	1	0
7	22	0	1	1	1
7	23	2	3	3	4
7	24	0	3	0	4
7	25	1	2	1	3
7	26	3	4	6	3
7	27	2	2	4	4
7	28	0	2	3	3
7	29	0	3	2	2
7	30	1	2	3	2
7	31	0	2	3	2
7	32	1	2	5	4
7	33	0	1	2	2
7	34	1	3	2	2
7	35	2	2	3	2
7	36	-1	3	-1	3
7	37	0	0	3	3
7	38	0	4	2	3
7	39	0	1	2	1
7	40	0	1	0	2
7	41	0	2	3	1
7	42	3	2	4	4
7	43	1	1	4	4
7	44	1	1	3	3
7	45	0	2	1	0
8	1	4	4	5	3
8	2	1	2	2	1
8	3	0	2	3	1
8	4	-2	3	3	0
8	5	5	5	8	4
8	6	4	4	6	5
8	7	7	5	12	6
8	8	5	5	9	6
8	9	4	6	8	7
8	10	5	5	8	6
8	11	4	5	8	4
8	12	5	4	6	4
8	13	6	4	7	4
8	14	5	4	9	6
8	15	5	6	8	4
8	16	2	3	7	2
8	17	1	2	5	4
8	18	2	3	5	2
8	19	1	3	3	1
8	20	3	4	6	5
8	21	1	2	3	1
8	22	5	4	7	5
8	23	0	2	4	1
8	24	1	2	2	2
8	25	5	3	8	4
8	26	5	4	10	6
8	27	3	4	6	4
8	28	4	4	7	3
8	29	4	5	7	5
8	30	5	4	6	6
8	31	3	4	6	5
8	32	3	2	7	2
8	33	0	1	0	2
8	34	0	2	1	1
8	35	3	3	5	3
8	36	2	4	4	4
8	37	3	3	5	4
8	38	3	4	5	5
8	39	6	4	8	6
8	40	6	3	5	5
8	41	4	3	3	3
8	42	1	3	5	3
8	43	3	4	5	5
8	44	5	4	7	5
8	45	6	4	8	5
9	1	1	2	4	5
9	2	2	1	4	4
9	3	2	2	6	5
9	4	2	1	7	3
9	5	4	1	4	4
9	6	3	3	6	4
9	7	4	1	6	6
9	8	0	2	2	4
9	9	2	2	2	4
9	10	3	2	1	1
9	11	0	1	0	0
9	12	2	1	4	3
9	13	4	3	6	5
9	14	4	3	8	6
9	15	4	2	6	4
9	16	1	2	1	3
9	17	7	2	7	6
9	18	4	3	6	3
9	19	1	2	4	3
9	20	1	1	2	4
9	21	3	2	5	4
9	22	1	2	1	1
9	23	2	2	2	3
9	24	1	1	0	1
9	25	1	1	2	4
9	26	3	0	1	2
9	27	3	2	4	4
9	28	4	2	4	5
9	29	3	1	4	2
9	30	4	2	4	4
9	31	2	1	0	3
9	32	1	1	2	3
9	33	3	3	6	4
9	34	4	2	3	4
9	35	5	1	5	5
9	36	2	2	5	5
9	37	2	1	3	3
9	38	2	1	3	2
9	39	2	3	3	3
9	40	2	1	2	1
9	41	1	1	3	4
9	42	4	3	7	4
9	43	3	2	7	5
9	44	3	0	2	3
9	45	0	0	0	2
10	1	2	2	3	5
10	2	3	3	2	4
10	3	1	2	1	3
10	4	5	2	3	4
10	5	2	2	6	3
10	6	4	2	3	5
10	7	3	2	1	5
10	8	4	2	3	5
10	9	3	2	3	5
10	10	3	1	2	5
10	11	2	2	4	4
10	12	3	4	4	5
10	13	5	2	3	4
10	14	5	4	7	5
10	15	2	1	2	2
10	16	3	3	5	7
10	17	5	1	1	4
10	18	5	2	2	4
10	19	5	4	5	5
10	20	1	2	0	1
10	21	2	1	1	2
10	22	6	3	4	5
10	23	4	2	0	3
10	24	2	1	3	3
10	25	2	3	0	4
10	26	0	2	0	3
10	27	0	1	2	3
10	28	3	1	2	5
10	29	6	2	3	3
10	30	4	3	4	4
10	31	3	2	4	5
10	32	5	3	7	6
10	33	5	2	4	4
10	34	4	3	4	4
10	35	2	1	2	3
10	36	4	3	3	5
10	37	5	4	4	5
10	38	2	1	0	3
10	39	4	3	2	4
10	40	6	3	3	5
10	41	7	3	6	5
10	42	2	1	2	2
10	43	3	3	3	5
10	44	3	3	4	6
10	45	0	2	0	3
11	1	0	1	2	1
11	2	0	0	2	2
11	3	0	0	2	0
11	4	0	1	4	1
11	5	0	0	-3	0
11	6	1	1	3	2
11	7	5	3	10	5
11	8	1	1	4	2
11	9	1	1	1	1
11	10	4	2	3	3
11	11	1	2	4	2
11	12	1	0	2	1
11	13	3	3	3	2
11	14	0	0	0	0
11	15	0	1	0	0
11	16	4	2	4	4
11	17	1	0	3	2
11	18	0	1	0	1
11	19	1	0	1	2
11	20	0	0	3	1
11	21	-2	-1	0	0
11	22	1	2	5	0
11	23	-2	0	0	0
11	24	-1	0	0	1
11	25	0	0	0	1
11	26	1	2	3	2
11	27	2	2	3	2
11	28	2	1	4	1
11	29	2	0	4	3
11	30	1	0	3	1
11	31	3	0	4	3
11	32	0	1	0	0
11	33	1	1	1	1
11	34	0	1	4	2
11	35	0	0	0	1
11	36	0	0	0	0
11	37	3	2	4	3
11	38	0	1	4	1
11	39	2	0	3	2
11	40	0	0	1	0
11	41	-2	0	-2	0
11	42	0	1	0	0
11	43	0	0	0	1
11	44	-1	0	0	0
11	45	0	0	2	0
12	1	1	2	3	3
12	2	3	1	2	6
12	3	0	0	0	1
12	4	0	0	1	3
12	5	-2	0	-5	1
12	6	-1	0	-2	0
12	7	3	3	6	5
12	8	4	3	5	6
12	9	3	2	4	3
12	10	1	1	2	3
12	11	3	2	2	2
12	12	0	0	-2	2
12	13	2	2	0	3
12	14	7	3	7	6
12	15	2	1	5	4
12	16	2	1	0	1
12	17	3	1	2	4
12	18	0	1	0	0
12	19	3	2	2	2
12	20	4	3	2	4
12	21	3	1	0	3
12	22	2	2	3	4
12	23	1	2	2	3
12	24	1	1	0	1
12	25	0	0	0	1
12	26	0	1	1	2
12	27	0	1	3	3
12	28	0	0	-1	0
12	29	1	1	1	2
12	30	0	1	-1	1
12	31	3	3	1	1
12	32	1	1	1	3
12	33	3	2	4	5
12	34	4	3	5	5
12	35	3	2	1	3
12	36	2	2	3	4
12	37	3	4	6	4
12	38	2	2	4	2
12	39	4	2	1	4
12	40	3	1	4	3
12	41	0	2	2	3
12	42	2	2	3	5
12	43	1	1	0	2
12	44	0	1	-1	1
12	45	2	3	4	3
13	1	2	1	4	3
13	2	2	2	5	3
13	3	2	4	7	4
13	4	1	1	3	3
13	5	0	1	4	4
13	6	1	2	6	2
13	7	-2	1	3	0
13	8	4	3	6	5
13	9	2	1	5	2
13	10	1	2	7	2
13	11	0	1	3	1
13	12	0	1	5	3
13	13	1	2	5	2
13	14	-1	1	2	2
13	15	0	1	3	4
13	16	1	2	4	2
13	17	0	2	5	2
13	18	-1	0	0	1
13	19	-1	1	1	0
13	20	3	1	5	3
13	21	1	2	4	4
13	22	1	2	4	2
13	23	0	1	3	1
13	24	0	0	0	3
13	25	2	1	3	1
13	26	0	2	0	2
13	27	0	1	0	0
13	28	0	0	1	1
13	29	1	1	4	2
13	30	1	0	4	2
13	31	0	2	4	3
13	32	1	3	2	1
13	33	-1	1	0	1
13	34	-1	1	0	1
13	35	0	0	2	3
13	36	2	2	4	3
13	37	0	0	0	1
13	38	0	1	2	2
13	39	2	2	5	4
13	40	0	1	1	0
13	41	0	0	0	1
13	42	1	1	3	2
13	43	0	1	2	1
13	44	-1	1	2	2
13	45	0	0	5	3
14	1	2	1	3	3
14	2	1	3	5	3
14	3	0	3	2	2
14	4	1	2	0	3
14	5	3	3	3	4
14	6	-2	1	0	0
14	7	1	1	1	2
14	8	0	2	0	0
14	9	0	1	0	1
14	10	0	2	0	1
14	11	2	2	3	2
14	12	3	3	4	5
14	13	1	2	2	2
14	14	2	4	5	4
14	15	0	1	5	4
14	16	2	1	3	2
14	17	4	3	4	3
14	18	2	3	3	3
14	19	3	4	6	5
14	20	0	2	4	3
14	21	3	3	4	5
14	22	2	3	5	2
14	23	0	2	1	1
14	24	1	3	2	2
14	25	2	2	4	3
14	26	3	3	2	3
14	27	1	3	5	4
14	28	3	4	2	3
14	29	4	4	9	6
14	30	4	4	5	7
14	31	2	3	2	4
14	32	3	3	2	3
14	33	1	0	0	1
14	34	2	2	3	4
14	35	2	2	3	3
14	36	0	2	1	3
14	37	-1	2	0	1
14	38	0	1	-1	1
14	39	3	2	2	2
14	40	0	2	2	1
14	41	3	2	5	5
14	42	3	1	4	3
14	43	3	1	4	4
14	44	2	2	2	2
14	45	1	0	3	4
15	1	2	4	1	4
15	2	0	3	0	2
15	3	3	4	3	5
15	4	5	5	5	4
15	5	2	3	5	5
15	6	5	3	6	5
15	7	2	2	4	4
15	8	3	4	4	6
15	9	2	4	3	3
15	10	2	4	3	3
15	11	3	4	3	5
15	12	3	2	3	3
15	13	0	2	5	3
15	14	2	4	3	4
15	15	2	3	2	2
15	16	3	2	2	5
15	17	1	3	2	5
15	18	5	4	5	3
15	19	3	4	2	4
15	20	3	2	2	2
15	21	-2	2	-2	0
15	22	2	4	1	1
15	23	3	3	4	3
15	24	1	3	2	3
15	25	4	3	4	6
15	26	0	2	2	1
15	27	0	2	0	2
15	28	1	2	3	5
15	29	3	2	6	3
15	30	5	3	5	2
15	31	-1	2	5	5
15	32	0	2	0	2
15	33	0	2	0	2
15	34	0	2	1	0
15	35	3	3	4	2
15	36	3	3	4	3
15	37	2	4	4	5
15	38	4	3	5	6
15	39	4	4	4	5
15	40	3	3	3	3
15	41	5	3	4	5
15	42	5	5	6	6
15	43	3	3	3	6
15	44	1	2	1	3
15	45	2	4	0	1
16	1	-2	-1	-4	-1
16	2	-2	0	-4	0
16	3	-6	-3	-5	-3
16	4	-1	0	-1	0
16	5	1	-1	0	3
16	6	0	1	3	2
16	7	1	0	2	3
16	8	0	-1	3	3
16	9	0	1	1	4
16	10	1	1	3	4
16	11	0	0	1	2
16	12	2	0	1	2
16	13	-1	-1	-1	0
16	14	-2	-1	-1	1
16	15	-2	-1	0	0
16	16	0	0	0	4
16	17	1	1	4	5
16	18	0	0	0	0
16	19	-1	0	1	1
16	20	0	0	0	1
16	21	-2	-1	-1	0
16	22	-2	-2	0	1
16	23	1	0	2	2
16	24	0	0	0	2
16	25	0	0	-1	1
16	26	-1	-1	0	1
16	27	2	0	2	3
16	28	-2	-1	2	2
16	29	0	-1	1	2
16	30	-1	0	1	3
16	31	-1	0	2	0
16	32	0	0	2	3
16	33	-2	0	0	0
16	34	-1	-1	-3	0
16	35	-2	-1	-1	0
16	36	0	0	2	2
16	37	1	1	1	2
16	38	-3	0	-2	2
16	39	-4	-1	-3	0
16	40	-1	-1	0	3
16	41	0	-1	0	0
16	42	-1	0	0	0
16	43	0	0	-1	2
16	44	0	-1	-2	0
16	45	0	0	-2	2
17	1	2	2	4	2
17	2	0	3	0	2
17	3	1	1	0	1
17	4	2	2	3	2
17	5	1	1	1	2
17	6	2	3	3	4
17	7	3	2	4	5
17	8	1	2	4	0
17	9	-1	1	0	0
17	10	0	2	0	0
17	11	1	1	1	3
17	12	0	2	2	2
17	13	0	2	2	3
17	14	1	1	2	0
17	15	-1	3	2	3
17	16	2	0	3	1
17	17	0	1	1	1
17	18	0	1	1	2
17	19	3	2	2	2
17	20	2	3	2	1
17	21	1	1	2	0
17	22	0	2	1	2
17	23	3	4	3	6
17	24	4	2	7	5
17	25	1	3	2	3
17	26	1	3	3	4
17	27	2	2	3	2
17	28	0	0	0	2
17	29	3	3	4	4
17	30	0	3	1	2
17	31	0	0	-1	2
17	32	0	1	3	2
17	33	0	2	1	3
17	34	1	1	1	1
17	35	2	1	0	4
17	36	0	2	0	2
17	37	0	1	1	0
17	38	0	0	0	1
17	39	0	0	0	2
17	40	0	1	-2	0
17	41	-1	0	0	1
17	42	0	2	2	3
17	43	3	3	2	6
17	44	2	3	4	4
17	45	4	4	4	3
18	1	5	4	7	5
18	2	4	6	9	5
18	3	2	5	5	5
18	4	1	4	5	6
18	5	6	7	8	9
18	6	2	4	2	4
18	7	2	4	3	2
18	8	2	4	3	2
18	9	2	4	0	1
18	10	-1	1	0	3
18	11	1	3	4	2
18	12	3	6	7	6
18	13	5	5	10	6
18	14	3	6	4	3
18	15	6	5	7	4
18	16	3	4	4	5
18	17	3	5	2	5
18	18	4	5	6	4
18	19	0	3	5	3
18	20	5	5	6	5
18	21	4	5	7	7
18	22	4	3	4	5
18	23	0	3	0	1
18	24	3	4	5	4
18	25	3	3	4	5
18	26	3	5	6	6
18	27	5	6	8	6
18	28	4	5	2	4
18	29	3	5	4	5
18	30	3	5	2	4
18	31	0	5	2	5
18	32	6	5	6	5
18	33	6	7	5	8
18	34	5	5	6	7
18	35	2	3	5	2
18	36	2	3	3	1
18	37	0	4	1	5
18	38	4	4	4	4
18	39	0	4	1	2
18	40	2	3	3	4
18	41	3	4	5	4
18	42	2	4	3	5
18	43	1	4	3	3
18	44	1	4	3	2
18	45	4	5	6	6
19	1	0	2	3	3
19	2	2	1	1	0
19	3	-2	0	0	0
19	4	0	2	1	0
19	5	0	0	0	1
19	6	3	1	1	0
19	7	2	1	1	3
19	8	3	4	5	2
19	9	0	1	3	0
19	10	2	2	3	3
19	11	4	2	6	3
19	12	1	2	3	1
19	13	2	3	3	2
19	14	5	4	6	4
19	15	3	3	3	2
19	16	1	1	2	3
19	17	2	2	1	0
19	18	-1	0	0	0
19	19	0	0	3	0
19	20	3	1	4	2
19	21	3	2	2	3
19	22	2	2	6	2
19	23	3	2	6	3
19	24	4	3	6	5
19	25	1	1	1	0
19	26	-1	0	-1	1
19	27	0	1	3	2
19	28	0	1	1	1
19	29	1	2	2	2
19	30	1	2	2	1
19	31	2	2	2	3
19	32	1	0	2	1
19	33	1	1	3	1
19	34	1	2	4	2
19	35	0	0	3	0
19	36	1	1	0	0
19	37	0	1	3	0
19	38	0	0	1	2
19	39	0	2	1	0
19	40	0	0	0	0
19	41	0	2	1	2
19	42	0	2	3	2
19	43	1	2	3	1
19	44	0	0	4	0
19	45	3	2	6	3
20	1	3	4	2	3
20	2	0	3	4	3
20	3	4	5	7	3
20	4	4	3	6	3
20	5	1	1	3	1
20	6	3	4	5	4
20	7	7	4	8	7
20	8	0	2	1	1
20	9	0	2	0	2
20	10	1	2	4	1
20	11	5	4	4	3
20	12	2	3	4	3
20	13	2	3	3	2
20	14	3	2	2	2
20	15	1	3	5	3
20	16	5	5	4	3
20	17	3	4	5	3
20	18	4	4	3	4
20	19	4	4	5	3
20	20	2	2	3	2
20	21	1	2	2	4
20	22	3	4	4	2
20	23	1	2	1	1
20	24	1	3	3	0
20	25	5	4	3	2
20	26	5	3	6	3
20	27	0	3	5	4
20	28	3	4	1	2
20	29	5	4	6	3
20	30	6	3	9	6
20	31	3	3	5	5
20	32	4	4	5	3
20	33	4	3	6	2
20	34	0	3	2	0
20	35	1	2	1	0
20	36	1	4	5	5
20	37	2	3	3	2
20	38	0	1	2	2
20	39	5	2	5	2
20	40	3	4	5	3
20	41	2	3	2	3
20	42	1	2	0	1
20	43	1	2	2	3
20	44	-2	1	2	0
20	45	0	2	1	0
21	1	5	5	6	6
21	2	5	5	8	10
21	3	3	2	4	5
21	4	2	3	2	3
21	5	0	2	0	3
21	6	0	4	0	3
21	7	2	3	3	3
21	8	1	1	2	3
21	9	4	5	1	4
21	10	2	3	5	5
21	11	3	3	4	4
21	12	5	2	6	3
21	13	0	3	1	2
21	14	4	5	5	3
21	15	1	3	2	1
21	16	0	0	-3	0
21	17	1	3	3	3
21	18	3	3	2	2
21	19	2	4	4	3
21	20	0	2	3	4
21	21	-1	3	-1	2
21	22	1	4	5	3
21	23	5	4	5	6
21	24	6	4	9	8
21	25	5	4	5	6
21	26	4	5	6	5
21	27	6	3	8	6
21	28	4	3	4	5
21	29	3	5	4	4
21	30	3	4	6	4
21	31	5	4	5	4
21	32	1	2	2	2
21	33	1	4	2	3
21	34	3	4	4	3
21	35	3	4	5	5
21	36	3	3	2	4
21	37	8	5	6	5
21	38	5	3	5	6
21	39	3	4	4	5
21	40	4	4	5	5
21	41	5	5	5	4
21	42	4	4	7	4
21	43	4	4	6	5
21	44	4	4	7	5
21	45	3	3	3	5
22	1	2	2	4	3
22	2	1	3	3	3
22	3	2	2	3	3
22	4	1	0	0	2
22	5	3	3	3	2
22	6	1	3	5	1
22	7	2	3	3	1
22	8	0	0	0	1
22	9	0	1	0	1
22	10	-1	0	0	-1
22	11	2	2	2	2
22	12	1	2	0	3
22	13	5	4	8	8
22	14	3	2	7	4
22	15	6	3	8	7
22	16	5	4	7	5
22	17	5	4	8	4
22	18	2	2	4	2
22	19	3	3	5	4
22	20	0	0	3	1
22	21	-1	2	2	2
22	22	3	4	5	4
22	23	3	3	7	5
22	24	3	4	8	4
22	25	2	1	0	2
22	26	0	0	1	1
22	27	0	1	2	2
22	28	2	1	5	3
22	29	3	2	2	3
22	30	1	2	2	2
22	31	0	0	2	2
22	32	3	2	1	2
22	33	1	3	3	1
22	34	0	1	0	1
22	35	2	1	1	2
22	36	0	1	2	1
22	37	1	0	0	2
22	38	1	1	1	2
22	39	0	1	3	2
22	40	0	1	3	3
22	41	3	3	6	4
22	42	3	1	5	3
22	43	3	1	3	3
22	44	2	2	4	3
22	45	2	3	3	5
23	1	3	4	5	5
23	2	1	3	3	4
23	3	3	4	6	5
23	4	4	3	5	5
23	5	4	3	5	6
23	6	4	3	5	5
23	7	4	5	8	7
23	8	4	4	9	7
23	9	0	3	2	2
23	10	6	4	5	5
23	11	4	4	4	6
23	12	2	2	4	4
23	13	2	2	6	5
23	14	1	2	6	5
23	15	2	3	5	5
23	16	0	1	2	2
23	17	5	4	7	6
23	18	4	5	9	7
23	19	4	3	7	4
23	20	2	3	6	5
23	21	1	3	4	3
23	22	4	3	4	3
23	23	3	3	6	5
23	24	2	3	5	5
23	25	1	1	3	3
23	26	1	2	3	3
23	27	5	5	7	5
23	28	4	4	5	7
23	29	3	3	4	5
23	30	-1	0	0	3
23	31	1	3	3	4
23	32	0	3	0	2
23	33	2	2	3	4
23	34	3	5	3	6
23	35	2	3	5	4
23	36	7	4	6	5
23	37	6	3	7	7
23	38	5	5	6	6
23	39	5	2	8	4
23	40	5	4	7	7
23	41	5	5	10	5
23	42	5	4	7	7
23	43	2	4	4	5
23	44	2	3	3	4
23	45	2	3	6	5
24	1	4	3	8	7
24	2	2	3	5	4
24	3	3	3	2	5
24	4	1	1	1	2
24	5	2	3	3	3
24	6	3	3	5	4
24	7	4	3	5	5
24	8	4	3	6	3
24	9	1	3	3	4
24	10	5	5	10	10
24	11	7	5	7	7
24	12	4	3	7	5
24	13	5	4	6	7
24	14	2	2	4	4
24	15	2	3	1	4
24	16	2	1	2	3
24	17	5	2	4	3
24	18	3	4	5	4
24	19	1	1	0	2
24	20	2	3	3	5
24	21	2	2	4	4
24	22	4	4	6	3
24	23	1	1	4	4
24	24	1	2	5	4
24	25	0	2	3	2
24	26	3	3	4	5
24	27	2	2	5	3
24	28	1	2	0	2
24	29	0	4	3	1
24	30	2	2	5	4
24	31	3	2	6	4
24	32	6	4	5	5
24	33	5	3	5	6
24	34	0	1	0	3
24	35	3	2	4	4
24	36	4	3	2	4
24	37	1	0	0	1
24	38	0	1	2	2
24	39	3	3	2	4
24	40	2	2	2	3
24	41	3	2	3	2
24	42	2	2	3	4
24	43	4	2	5	5
24	44	3	2	3	4
24	45	2	2	4	4
25	1	1	2	0	4
25	2	4	4	5	6
25	3	1	3	0	5
25	4	1	3	1	5
25	5	1	3	2	5
25	6	4	3	5	6
25	7	1	3	-2	2
25	8	2	2	0	3
25	9	1	1	0	4
25	10	3	2	3	3
25	11	0	1	0	4
25	12	1	4	1	6
25	13	1	3	1	4
25	14	2	3	1	6
25	15	3	4	2	5
25	16	3	2	1	6
25	17	1	3	1	5
25	18	4	3	5	6
25	19	1	2	2	4
25	20	3	4	3	5
25	21	5	4	7	7
25	22	3	1	0	3
25	23	4	4	2	4
25	24	2	2	0	2
25	25	3	4	2	6
25	26	4	3	4	4
25	27	2	2	0	3
25	28	4	1	2	5
25	29	2	3	2	4
25	30	1	3	2	3
25	31	2	2	1	3
25	32	1	3	1	3
25	33	1	1	3	4
25	34	4	4	3	5
25	35	3	3	5	5
25	36	2	4	3	5
25	37	3	2	1	3
25	38	0	2	-2	3
25	39	1	2	0	2
25	40	1	1	-1	3
25	41	2	1	2	2
25	42	5	4	3	6
25	43	4	4	3	6
25	44	1	4	1	3
25	45	3	3	0	5
26	1	4	3	5	4
26	2	3	4	3	6
26	3	6	4	8	5
26	4	5	5	6	5
26	5	2	2	4	4
26	6	7	5	9	5
26	7	4	4	6	7
26	8	10	7	11	8
26	9	6	6	8	7
26	10	6	6	9	7
26	11	7	6	12	8
26	12	7	4	7	7
26	13	5	5	7	7
26	14	1	1	6	3
26	15	2	4	4	5
26	16	7	5	6	6
26	17	5	4	9	3
26	18	4	4	10	4
26	19	5	5	7	5
26	20	1	5	5	2
26	21	2	3	4	2
26	22	3	2	2	2
26	23	4	4	4	5
26	24	6	4	9	5
26	25	7	7	8	8
26	26	4	5	6	7
26	27	4	5	4	6
26	28	5	4	7	5
26	29	2	5	5	5
26	30	4	5	6	3
26	31	5	5	5	6
26	32	2	2	5	3
26	33	1	3	4	3
26	34	2	2	2	6
26	35	5	4	5	4
26	36	5	6	9	7
26	37	7	5	11	6
26	38	4	4	6	7
26	39	3	4	8	4
26	40	4	3	4	4
26	41	3	4	6	5
26	42	8	7	12	9
26	43	4	4	7	7
26	44	7	5	9	7
26	45	4	4	5	5
27	1	3	3	5	4
27	2	5	3	7	4
27	3	2	2	5	5
27	4	1	2	3	3
27	5	1	1	3	3
27	6	0	1	1	1
27	7	2	2	3	3
27	8	1	3	2	3
27	9	0	1	2	1
27	10	3	2	0	2
27	11	1	2	3	3
27	12	3	3	5	3
27	13	2	3	5	3
27	14	0	0	-1	0
27	15	-1	0	-2	0
27	16	1	1	1	1
27	17	0	1	-1	0
27	18	-1	0	-1	0
27	19	0	2	4	4
27	20	3	3	7	4
27	21	2	1	0	4
27	22	1	3	5	3
27	23	3	4	5	3
27	24	1	2	0	3
27	25	-1	1	0	0
27	26	0	0	-1	0
27	27	-1	1	-2	1
27	28	-1	0	-1	0
27	29	2	3	6	2
27	30	5	3	7	5
27	31	1	1	1	1
27	32	1	1	0	2
27	33	0	1	1	2
27	34	0	1	0	0
27	35	2	2	4	3
27	36	4	2	3	3
27	37	4	3	6	5
27	38	2	3	1	2
27	39	0	1	0	1
27	40	0	2	2	3
27	41	4	3	4	3
27	42	3	2	7	4
27	43	4	2	3	3
27	44	6	2	7	5
27	45	2	1	2	2
28	1	1	1	4	0
28	2	2	3	2	1
28	3	0	2	0	1
28	4	3	2	1	0
28	5	0	1	1	0
28	6	1	3	0	2
28	7	3	3	4	4
28	8	2	1	4	2
28	9	4	2	4	4
28	10	1	3	3	2
28	11	3	4	3	5
28	12	0	0	0	2
28	13	3	3	1	3
28	14	2	2	0	3
28	15	1	3	4	6
28	16	3	3	4	3
28	17	3	2	1	3
28	18	0	0	1	3
28	19	1	3	-1	1
28	20	1	1	0	2
28	21	0	2	0	0
28	22	1	0	0	0
28	23	0	2	-1	1
28	24	2	1	3	3
28	25	1	2	1	1
28	26	2	2	3	1
28	27	-2	1	-1	0
28	28	0	0	1	0
28	29	0	1	-2	1
28	30	0	2	1	2
28	31	0	2	1	2
28	32	-1	0	-1	1
28	33	-1	0	-1	0
28	34	0	1	0	1
28	35	2	3	0	3
28	36	1	4	4	4
28	37	0	0	0	0
28	38	0	1	-1	0
28	39	0	2	1	1
28	40	0	1	0	0
28	41	2	2	3	4
28	42	2	2	1	5
28	43	5	4	8	5
28	44	3	2	3	2
28	45	2	3	5	4
29	1	5	4	7	5
29	2	6	3	6	6
29	3	2	2	3	3
29	4	1	2	3	2
29	5	3	1	4	3
29	6	5	4	6	6
29	7	3	3	6	6
29	8	4	4	6	4
29	9	5	3	8	5
29	10	4	2	5	4
29	11	2	2	6	4
29	12	3	2	2	4
29	13	1	3	3	3
29	14	1	0	4	2
29	15	1	4	4	4
29	16	4	3	6	4
29	17	5	5	9	7
29	18	5	3	8	6
29	19	4	3	7	5
29	20	6	3	9	6
29	21	4	1	5	5
29	22	3	3	7	4
29	23	6	3	7	5
29	24	3	3	4	3
29	25	3	3	4	5
29	26	2	2	0	2
29	27	3	3	2	3
29	28	3	2	4	3
29	29	3	3	2	3
29	30	3	4	5	5
29	31	0	0	-1	0
29	32	0	1	0	0
29	33	3	3	3	3
29	34	5	1	2	3
29	35	3	4	6	4
29	36	6	4	5	6
29	37	0	0	4	4
29	38	4	3	4	5
29	39	3	2	10	5
29	40	1	2	3	3
29	41	3	2	6	4
29	42	4	3	3	3
29	43	4	2	3	2
29	44	3	2	4	4
29	45	2	0	1	2
30	1	-2	0	-1	-1
30	2	-2	0	0	0
30	3	2	2	3	3
30	4	3	2	4	2
30	5	0	1	1	1
30	6	0	1	0	1
30	7	1	2	4	1
30	8	-1	0	-3	0
30	9	1	0	1	1
30	10	-2	0	-2	0
30	11	-3	0	0	0
30	12	0	1	0	1
30	13	0	2	3	2
30	14	0	2	1	2
30	15	2	2	4	2
30	16	0	1	2	0
30	17	0	0	-1	-1
30	18	0	0	2	1
30	19	0	2	0	0
30	20	-1	2	1	1
30	21	0	1	2	1
30	22	0	0	-2	2
30	23	-2	0	0	1
30	24	0	0	-2	1
30	25	4	3	7	2
30	26	0	2	2	1
30	27	2	1	2	1
30	28	0	0	2	0
30	29	1	1	4	2
30	30	1	0	2	1
30	31	0	2	1	2
30	32	1	1	3	3
30	33	1	0	0	0
30	34	0	1	0	0
30	35	-1	0	-1	0
30	36	0	0	-3	0
30	37	0	2	0	0
30	38	4	3	4	3
30	39	0	2	1	1
30	40	1	1	0	1
30	41	0	1	4	1
30	42	0	2	2	3
30	43	0	0	2	2
30	44	3	1	4	4
30	45	2	2	3	2
31	1	1	0	3	4
31	2	2	0	3	4
31	3	0	0	1	5
31	4	4	1	6	4
31	5	4	1	3	5
31	6	5	1	5	5
31	7	1	0	0	4
31	8	1	1	1	4
31	9	1	0	0	3
31	10	0	1	0	2
31	11	1	2	2	5
31	12	4	3	2	5
31	13	1	0	2	2
31	14	4	0	4	5
31	15	2	1	4	5
31	16	3	0	0	5
31	17	0	0	0	4
31	18	0	1	0	2
31	19	-1	0	1	3
31	20	2	0	2	5
31	21	0	1	0	3
31	22	0	0	3	2
31	23	0	1	1	3
31	24	4	1	3	6
31	25	-2	0	-2	2
31	26	3	1	0	3
31	27	2	0	-1	2
31	28	1	0	0	2
31	29	0	1	0	3
31	30	0	1	0	4
31	31	4	2	4	7
31	32	4	1	5	6
31	33	4	2	6	5
31	34	0	1	0	3
31	35	3	1	3	5
31	36	3	1	3	6
31	37	0	1	1	2
31	38	1	0	4	4
31	39	2	0	2	3
31	40	3	2	2	6
31	41	3	0	1	5
31	42	1	1	0	2
31	43	3	3	6	7
31	44	3	1	3	3
31	45	3	2	5	6
32	1	2	4	4	4
32	2	2	2	4	2
32	3	-2	1	1	2
32	4	0	3	5	4
32	5	0	2	1	2
32	6	0	1	0	2
32	7	0	1	3	5
32	8	2	2	3	3
32	9	6	4	6	4
32	10	3	2	4	5
32	11	2	3	2	4
32	12	2	2	2	2
32	13	1	2	0	4
32	14	0	1	-1	2
32	15	0	2	0	3
32	16	3	4	2	4
32	17	0	2	1	5
32	18	1	3	0	3
32	19	0	2	1	1
32	20	1	3	1	4
32	21	5	4	6	6
32	22	3	4	5	6
32	23	1	3	3	4
32	24	6	4	5	6
32	25	2	2	5	5
32	26	-1	1	0	2
32	27	0	3	-1	1
32	28	0	3	3	2
32	29	5	3	4	5
32	30	1	2	2	2
32	31	4	4	2	3
32	32	2	3	2	4
32	33	3	3	7	5
32	34	4	3	4	5
32	35	1	3	3	2
32	36	2	3	3	2
32	37	3	3	4	5
32	38	3	3	2	3
32	39	1	3	3	2
32	40	-2	2	1	1
32	41	3	2	0	3
32	42	-1	1	-1	3
32	43	0	1	0	2
32	44	1	3	-1	1
32	45	1	3	1	2
33	1	0	1	3	2
33	2	-1	0	0	1
33	3	0	1	0	3
33	4	-1	0	0	0
33	5	0	1	-1	1
33	6	1	1	1	3
33	7	0	0	0	1
33	8	0	0	2	2
33	9	0	1	2	2
33	10	0	1	2	2
33	11	3	2	1	2
33	12	2	0	2	1
33	13	-1	1	-1	2
33	14	0	1	1	1
33	15	-2	0	-2	1
33	16	0	2	2	2
33	17	0	1	3	3
33	18	-1	0	0	2
33	19	2	1	3	2
33	20	1	3	2	2
33	21	1	1	3	3
33	22	0	1	1	2
33	23	-1	0	-1	1
33	24	1	1	0	3
33	25	-1	1	-1	0
33	26	-2	0	-4	0
33	27	-2	0	0	1
33	28	-2	0	-2	1
33	29	-3	0	-2	0
33	30	0	1	1	2
33	31	-2	-1	-5	1
33	32	0	1	0	2
33	33	-2	0	-2	0
33	34	0	0	0	1
33	35	-2	0	-2	1
33	36	1	2	0	2
33	37	-2	0	1	0
33	38	1	1	2	3
33	39	0	1	4	4
33	40	0	0	0	0
33	41	-1	0	0	1
33	42	0	1	0	1
33	43	4	2	5	3
33	44	3	3	3	3
33	45	1	2	6	4
34	1	0	0	0	1
34	2	0	0	2	1
34	3	0	2	4	2
34	4	2	2	5	3
34	5	3	4	6	4
34	6	1	2	2	3
34	7	0	3	2	2
34	8	0	0	0	0
34	9	0	0	-2	0
34	10	-1	0	2	0
34	11	1	1	2	0
34	12	0	1	1	1
34	13	0	2	5	1
34	14	1	3	2	1
34	15	1	0	0	0
34	16	-1	0	1	0
34	17	0	1	1	2
34	18	2	1	3	4
34	19	2	3	5	2
34	20	0	0	1	2
34	21	1	1	1	0
34	22	-1	0	-3	0
34	23	-2	0	0	1
34	24	1	0	1	1
34	25	1	0	0	2
34	26	0	0	1	2
34	27	-1	1	-2	0
34	28	-1	0	-2	0
34	29	-1	0	0	1
34	30	1	1	3	2
34	31	1	3	3	2
34	32	0	1	1	0
34	33	3	1	2	0
34	34	0	0	0	1
34	35	0	1	0	1
34	36	1	1	0	1
34	37	-4	0	-3	0
34	38	0	2	4	1
34	39	1	1	0	2
34	40	2	1	2	2
34	41	3	1	4	2
34	42	1	1	3	1
34	43	-1	1	1	0
34	44	0	0	0	0
34	45	1	0	-1	0
35	1	-1	1	3	1
35	2	2	3	6	3
35	3	0	2	3	1
35	4	0	1	1	0
35	5	-1	0	1	0
35	6	0	0	1	0
35	7	2	1	4	1
35	8	0	0	0	0
35	9	-1	1	0	0
35	10	0	0	4	0
35	11	-5	0	-2	-3
35	12	0	1	1	0
35	13	0	1	0	0
35	14	0	0	0	0
35	15	1	0	3	0
35	16	0	0	3	2
35	17	1	2	0	0
35	18	-3	0	-2	-2
35	19	0	0	1	0
35	20	-1	0	2	2
35	21	0	0	1	-1
35	22	0	1	4	0
35	23	3	3	5	2
35	24	2	1	6	3
35	25	1	2	3	1
35	26	1	2	3	1
35	27	2	2	2	1
35	28	0	1	1	1
35	29	0	2	1	0
35	30	1	3	7	4
35	31	0	1	3	2
35	32	3	2	8	3
35	33	0	2	3	1
35	34	1	1	5	1
35	35	3	2	6	4
35	36	1	1	1	-1
35	37	0	1	3	0
35	38	-2	0	0	1
35	39	0	1	3	1
35	40	2	3	4	2
35	41	0	2	4	1
35	42	0	1	3	1
35	43	0	1	0	1
35	44	0	1	1	0
35	45	0	2	3	0
36	1	0	0	-2	3
36	2	0	3	2	3
36	3	-1	2	-2	0
36	4	0	3	-1	2
36	5	1	2	1	3
36	6	0	1	0	2
36	7	-1	1	0	1
36	8	-2	0	-1	1
36	9	-2	2	-5	0
36	10	-3	0	-4	0
36	11	0	0	-1	0
36	12	1	3	1	3
36	13	-2	2	2	2
36	14	1	2	0	2
36	15	3	1	3	5
36	16	0	1	0	1
36	17	0	3	0	2
36	18	0	2	0	3
36	19	5	2	2	4
36	20	1	3	1	4
36	21	1	4	6	6
36	22	3	2	4	5
36	23	3	4	4	4
36	24	4	3	2	5
36	25	0	3	0	3
36	26	-1	2	-1	1
36	27	1	1	2	3
36	28	0	1	-2	1
36	29	-1	1	-3	0
36	30	-1	1	-3	0
36	31	-1	2	-1	1
36	32	0	2	0	2
36	33	0	2	0	2
36	34	3	4	2	6
36	35	0	2	1	2
36	36	0	2	1	3
36	37	-2	1	0	1
36	38	1	2	-1	2
36	39	-1	0	-2	2
36	40	0	1	-1	3
36	41	0	2	0	1
36	42	0	1	-2	3
36	43	0	1	1	2
36	44	0	2	0	1
36	45	0	1	1	2
37	1	2	2	5	2
37	2	2	2	6	3
37	3	3	2	2	5
37	4	1	2	6	3
37	5	-4	1	0	0
37	6	-1	0	0	1
37	7	1	1	0	2
37	8	0	1	2	0
37	9	1	0	2	1
37	10	1	1	1	2
37	11	-2	0	1	0
37	12	-1	1	0	0
37	13	3	1	3	2
37	14	2	3	5	2
37	15	-2	1	0	0
37	16	-1	1	1	1
37	17	0	1	0	1
37	18	0	1	2	0
37	19	0	0	1	2
37	20	1	1	1	2
37	21	1	2	2	3
37	22	1	2	3	4
37	23	1	3	3	2
37	24	4	4	9	5
37	25	4	4	7	5
37	26	3	3	5	5
37	27	1	2	2	0
37	28	0	2	3	1
37	29	0	3	0	1
37	30	0	1	6	6
37	31	-2	1	0	0
37	32	-2	2	0	0
37	33	2	3	2	3
37	34	2	2	6	2
37	35	4	1	4	2
37	36	3	4	6	4
37	37	2	3	7	4
37	38	3	3	6	3
37	39	0	3	7	3
37	40	2	3	6	2
37	41	2	2	5	3
37	42	0	3	6	2
37	43	1	2	5	3
37	44	0	2	4	1
37	45	1	3	5	1
38	1	4	3	5	5
38	2	2	3	3	5
38	3	3	3	6	6
38	4	3	2	3	4
38	5	0	1	3	3
38	6	1	2	1	1
38	7	2	3	2	4
38	8	4	3	6	7
38	9	4	2	3	3
38	10	1	1	-2	3
38	11	2	1	5	4
38	12	1	3	3	4
38	13	3	3	2	5
38	14	1	2	3	3
38	15	3	3	5	5
38	16	4	4	6	6
38	17	5	5	6	6
38	18	1	3	6	4
38	19	2	3	3	3
38	20	3	3	5	4
38	21	2	2	1	5
38	22	2	1	-2	4
38	23	2	3	0	2
38	24	3	3	5	3
38	25	2	1	2	4
38	26	1	1	-1	5
38	27	0	1	0	2
38	28	1	1	0	1
38	29	0	1	1	1
38	30	1	2	1	3
38	31	1	2	2	2
38	32	3	3	1	3
38	33	4	2	4	6
38	34	2	3	0	3
38	35	-1	1	0	2
38	36	0	2	0	2
38	37	1	2	1	3
38	38	0	2	2	2
38	39	2	2	1	2
38	40	0	1	2	2
38	41	-1	0	0	0
38	42	4	3	4	6
38	43	6	5	9	9
38	44	4	3	9	5
38	45	2	1	3	4
39	1	2	0	-1	2
39	2	1	1	-1	2
39	3	2	2	3	5
39	4	3	1	1	3
39	5	4	1	4	4
39	6	1	2	3	3
39	7	4	2	2	3
39	8	5	4	7	8
39	9	5	4	5	5
39	10	2	4	3	5
39	11	3	3	3	4
39	12	2	2	0	3
39	13	3	1	0	4
39	14	3	2	0	4
39	15	3	3	2	5
39	16	0	0	0	0
39	17	2	2	2	6
39	18	4	1	3	7
39	19	3	2	3	5
39	20	4	3	0	3
39	21	1	3	0	4
39	22	6	3	1	4
39	23	4	1	4	5
39	24	4	1	1	4
39	25	5	5	5	8
39	26	7	2	3	5
39	27	6	3	6	5
39	28	2	2	2	5
39	29	4	4	2	6
39	30	3	2	4	7
39	31	2	2	2	3
39	32	1	1	0	4
39	33	0	2	0	1
39	34	0	0	0	3
39	35	1	2	3	4
39	36	0	1	0	3
39	37	1	3	0	4
39	38	3	1	4	4
39	39	0	1	2	3
39	40	3	1	0	4
39	41	3	3	3	5
39	42	4	4	4	7
39	43	4	2	5	4
39	44	2	3	2	6
39	45	2	3	2	4
40	1	3	4	7	3
40	2	4	2	5	3
40	3	1	2	4	2
40	4	3	3	4	4
40	5	3	3	6	3
40	6	6	4	9	5
40	7	6	5	9	6
40	8	4	3	7	4
40	9	5	4	8	4
40	10	3	3	5	4
40	11	3	3	2	2
40	12	2	3	4	3
40	13	2	2	7	3
40	14	2	4	4	3
40	15	0	3	4	3
40	16	0	0	-1	1
40	17	0	2	0	1
40	18	-1	1	-1	0
40	19	-1	2	-1	0
40	20	0	2	0	2
40	21	1	3	0	1
40	22	2	5	4	3
40	23	2	3	7	1
40	24	1	2	4	2
40	25	3	4	6	3
40	26	1	3	2	3
40	27	1	2	3	5
40	28	3	2	6	1
40	29	0	2	4	3
40	30	1	2	2	2
40	31	3	4	2	1
40	32	2	2	2	3
40	33	3	4	5	3
40	34	1	4	5	2
40	35	0	2	3	1
40	36	3	5	7	4
40	37	5	5	7	5
40	38	3	4	6	5
40	39	1	1	0	1
40	40	3	2	4	3
40	41	0	2	0	2
40	42	1	3	4	3
40	43	3	3	6	4
40	44	5	5	7	5
40	45	1	3	3	2
41	1	0	2	2	4
41	2	3	3	0	3
41	3	1	0	1	2
41	4	2	3	4	4
41	5	2	2	2	6
41	6	6	3	4	4
41	7	2	3	1	4
41	8	3	3	1	4
41	9	0	2	1	3
41	10	3	2	1	4
41	11	2	4	2	3
41	12	5	4	6	2
41	13	4	2	2	3
41	14	4	2	2	3
41	15	4	3	3	4
41	16	5	4	4	6
41	17	4	4	6	4
41	18	4	4	5	4
41	19	3	3	2	2
41	20	3	2	2	2
41	21	0	2	0	2
41	22	0	1	-3	0
41	23	-2	0	-1	1
41	24	2	1	-1	2
41	25	0	2	-1	2
41	26	3	4	2	4
41	27	0	4	3	4
41	28	0	2	0	1
41	29	1	2	2	3
41	30	2	2	0	3
41	31	4	2	3	5
41	32	4	4	1	4
41	33	2	3	0	5
41	34	4	3	4	3
41	35	5	3	4	6
41	36	4	3	3	3
41	37	5	6	6	7
41	38	6	4	5	6
41	39	3	3	3	4
41	40	2	4	3	5
41	41	4	4	5	6
41	42	5	3	4	5
41	43	1	4	1	2
41	44	0	0	-2	0
41	45	0	2	0	1
42	1	3	2	5	2
42	2	2	2	3	4
42	3	1	2	2	4
42	4	4	1	4	3
42	5	6	5	8	7
42	6	3	3	6	5
42	7	5	3	4	4
42	8	4	3	3	2
42	9	2	3	5	4
42	10	5	3	7	4
42	11	5	4	8	4
42	12	3	4	5	6
42	13	1	1	3	2
42	14	2	3	3	3
42	15	0	2	0	2
42	16	2	0	0	0
42	17	1	3	3	3
42	18	0	2	0	2
42	19	0	1	1	1
42	20	0	3	1	2
42	21	2	3	4	4
42	22	5	4	6	5
42	23	4	3	3	4
42	24	2	1	3	3
42	25	0	2	1	2
42	26	2	1	3	2
42	27	3	3	3	2
42	28	2	4	2	4
42	29	1	3	1	3
42	30	2	2	2	3
42	31	0	2	1	3
42	32	3	3	2	4
42	33	4	3	6	5
42	34	2	3	3	5
42	35	2	2	1	2
42	36	3	2	2	4
42	37	1	3	4	3
42	38	2	2	1	4
42	39	3	5	4	4
42	40	3	3	3	5
42	41	1	2	2	2
42	42	1	3	3	3
42	43	1	1	3	5
42	44	4	3	4	4
42	45	5	3	8	6
43	1	2	4	6	7
43	2	5	2	8	5
43	3	5	3	6	6
43	4	7	4	11	8
43	5	6	3	7	5
43	6	2	2	4	5
43	7	3	2	2	3
43	8	3	2	3	4
43	9	5	3	8	7
43	10	3	3	6	3
43	11	3	2	7	4
43	12	4	2	3	4
43	13	6	3	9	6
43	14	4	3	8	5
43	15	3	2	7	4
43	16	4	4	8	6
43	17	3	3	3	2
43	18	0	0	2	0
43	19	3	1	4	4
43	20	0	1	1	3
43	21	0	2	3	4
43	22	0	2	-1	1
43	23	0	2	0	3
43	24	0	1	4	4
43	25	2	2	5	3
43	26	3	2	6	4
43	27	4	3	7	6
43	28	4	3	8	4
43	29	5	3	7	5
43	30	6	4	8	7
43	31	3	3	7	4
43	32	2	2	7	4
43	33	1	1	4	2
43	34	1	2	1	3
43	35	1	2	4	2
43	36	3	1	6	3
43	37	4	4	8	5
43	38	4	3	5	2
43	39	4	2	5	4
43	40	4	1	3	4
43	41	1	1	4	1
43	42	4	4	4	3
43	43	0	1	0	2
43	44	1	2	2	2
43	45	1	1	2	2
44	1	0	1	0	0
44	2	-2	-1	-1	-1
44	3	-1	1	2	0
44	4	0	0	1	0
44	5	0	0	4	0
44	6	0	1	0	0
44	7	-2	0	0	-1
44	8	0	0	0	0
44	9	-2	0	-2	-1
44	10	-3	0	-1	-2
44	11	0	0	0	0
44	12	0	0	3	2
44	13	1	1	4	2
44	14	4	2	6	3
44	15	2	2	4	3
44	16	-1	0	2	0
44	17	0	0	2	0
44	18	-1	0	0	0
44	19	-1	0	0	-1
44	20	-2	1	1	1
44	21	-1	0	0	0
44	22	-2	0	0	-1
44	23	-3	0	-2	-1
44	24	0	0	2	0
44	25	-1	1	0	0
44	26	2	1	4	3
44	27	0	2	4	3
44	28	-2	0	-2	2
44	29	-2	0	-2	-2
44	30	-1	1	-1	-1
44	31	0	0	0	0
44	32	-2	0	0	-1
44	33	0	0	2	1
44	34	-3	0	0	0
44	35	-1	0	3	0
44	36	0	1	4	1
44	37	3	2	2	2
44	38	1	2	3	1
44	39	0	0	1	0
44	40	0	0	1	0
44	41	-1	2	1	1
44	42	2	1	3	0
44	43	-2	1	3	1
44	44	-1	0	0	0
44	45	-2	0	-1	0
45	1	-1	1	1	0
45	2	0	2	4	2
45	3	0	0	2	0
45	4	0	0	0	2
45	5	1	3	2	1
45	6	-1	1	3	1
45	7	1	2	2	2
45	8	-1	0	0	1
45	9	0	0	2	0
45	10	-3	0	0	-1
45	11	0	1	1	0
45	12	0	0	2	1
45	13	2	2	7	2
45	14	3	1	6	4
45	15	1	1	5	3
45	16	1	2	3	3
45	17	1	1	4	3
45	18	0	1	2	3
45	19	0	0	1	0
45	20	0	1	1	1
45	21	0	0	3	2
45	22	-2	1	0	0
45	23	0	0	2	1
45	24	-4	0	-2	0
45	25	0	1	0	1
45	26	0	-1	2	2
45	27	1	0	4	2
45	28	0	0	1	0
45	29	-4	0	-3	-2
45	30	0	0	-1	-2
45	31	0	0	1	1
45	32	0	0	2	1
45	33	2	2	4	2
45	34	3	1	4	3
45	35	0	1	4	0
45	36	0	0	3	0
45	37	-1	1	3	0
45	38	0	1	3	1
45	39	0	1	3	2
45	40	-1	1	2	0
45	41	-1	0	2	3
45	42	0	0	-1	0
45	43	2	3	4	2
45	44	-2	0	0	0
45	45	0	1	3	0
46	1	3	4	6	5
46	2	4	3	7	7
46	3	3	4	6	8
46	4	0	2	1	3
46	5	1	2	3	4
46	6	2	0	5	4
46	7	1	2	1	3
46	8	1	2	0	1
46	9	1	3	4	5
46	10	0	2	6	1
46	11	1	3	3	3
46	12	3	3	7	5
46	13	1	2	5	5
46	14	1	3	2	3
46	15	0	3	1	4
46	16	3	3	5	6
46	17	1	3	3	5
46	18	0	3	3	3
46	19	0	1	0	3
46	20	0	0	0	4
46	21	2	3	6	5
46	22	3	2	4	5
46	23	0	2	3	3
46	24	1	2	2	3
46	25	2	2	5	6
46	26	3	4	6	6
46	27	0	2	3	4
46	28	3	3	10	7
46	29	6	6	8	8
46	30	4	4	10	6
46	31	3	5	5	5
46	32	4	3	8	8
46	33	1	2	5	3
46	34	1	0	1	3
46	35	0	2	2	2
46	36	1	1	3	4
46	37	1	2	2	4
46	38	1	1	4	3
46	39	4	2	5	4
46	40	0	1	1	3
46	41	-1	1	0	0
46	42	2	4	4	4
46	43	2	2	7	5
46	44	3	2	5	5
46	45	2	3	4	5
47	1	2	4	3	3
47	2	1	1	1	2
47	3	0	1	3	1
47	4	7	4	11	4
47	5	3	4	4	4
47	6	3	1	4	4
47	7	0	0	3	2
47	8	0	1	2	1
47	9	0	2	4	2
47	10	0	1	0	3
47	11	0	0	1	0
47	12	0	2	2	1
47	13	0	0	0	0
47	14	-2	1	0	0
47	15	0	2	1	1
47	16	0	2	2	0
47	17	0	2	4	2
47	18	1	1	2	2
47	19	1	3	3	3
47	20	1	1	3	2
47	21	0	3	4	2
47	22	4	2	4	5
47	23	1	2	4	3
47	24	1	3	5	3
47	25	4	3	4	4
47	26	3	3	7	4
47	27	1	2	5	3
47	28	2	2	1	2
47	29	1	3	4	3
47	30	1	1	4	3
47	31	2	3	1	3
47	32	6	3	6	5
47	33	5	5	7	3
47	34	4	3	5	4
47	35	5	5	6	5
47	36	6	3	9	6
47	37	5	5	9	4
47	38	5	4	7	4
47	39	2	2	5	4
47	40	0	1	1	1
47	41	4	2	7	6
47	42	0	2	3	2
47	43	0	2	3	2
47	44	2	2	4	5
47	45	4	3	4	3
48	1	1	4	4	6
48	2	1	5	5	4
48	3	3	4	1	3
48	4	0	3	2	2
48	5	3	3	2	5
48	6	5	5	8	5
48	7	3	4	3	4
48	8	5	5	3	5
48	9	5	5	3	5
48	10	3	3	3	6
48	11	0	2	3	3
48	12	4	3	1	4
48	13	1	2	0	3
48	14	2	2	1	4
48	15	0	1	0	2
48	16	0	1	1	1
48	17	0	3	2	3
48	18	1	2	2	2
48	19	1	3	3	4
48	20	2	2	3	5
48	21	1	3	4	4
48	22	2	4	3	4
48	23	0	2	4	1
48	24	1	4	0	2
48	25	0	3	1	2
48	26	2	3	3	4
48	27	4	3	2	6
48	28	3	2	2	2
48	29	2	4	3	5
48	30	4	2	2	6
48	31	3	4	3	6
48	32	6	5	7	5
48	33	4	4	2	5
48	34	3	3	4	4
48	35	5	3	9	6
48	36	7	5	8	5
48	37	1	4	2	3
48	38	2	4	2	2
48	39	2	4	2	3
48	40	2	3	3	3
48	41	0	1	-2	0
48	42	0	2	-1	0
48	43	0	2	1	2
48	44	1	4	2	3
48	45	3	3	1	5
49	1	-1	0	-4	0
49	2	5	4	3	4
49	3	2	4	4	3
49	4	5	3	5	5
49	5	6	4	9	5
49	6	4	1	3	5
49	7	4	3	4	5
49	8	2	1	1	3
49	9	4	4	3	4
49	10	0	1	-1	2
49	11	2	1	1	2
49	12	0	2	0	2
49	13	1	2	0	6
49	14	4	1	2	4
49	15	2	3	2	4
49	16	0	1	0	2
49	17	0	1	-2	2
49	18	-1	0	-1	2
49	19	1	1	0	3
49	20	-1	2	0	2
49	21	0	2	-1	3
49	22	0	2	2	5
49	23	2	2	0	5
49	24	4	1	3	4
49	25	1	2	0	3
49	26	5	3	3	4
49	27	0	1	2	4
49	28	0	2	0	5
49	29	-1	0	-2	1
49	30	0	1	0	4
49	31	0	2	1	3
49	32	0	3	3	3
49	33	0	2	1	5
49	34	1	0	4	4
49	35	3	4	5	7
49	36	3	3	6	4
49	37	2	3	0	4
49	38	0	2	0	3
49	39	0	2	0	4
49	40	1	2	1	3
49	41	0	2	2	3
49	42	2	1	3	3
49	43	2	2	1	2
49	44	0	1	0	2
49	45	1	2	-2	2
50	1	-1	0	0	1
50	2	-1	0	1	2
50	3	1	1	2	4
50	4	2	4	4	3
50	5	1	2	2	3
50	6	0	1	0	2
50	7	1	1	2	2
50	8	1	2	5	3
50	9	2	3	6	4
50	10	2	2	4	3
50	11	0	1	3	1
50	12	1	2	4	4
50	13	0	2	1	2
50	14	1	3	4	5
50	15	-1	1	0	1
50	16	4	4	6	5
50	17	1	1	4	3
50	18	2	3	4	3
50	19	0	1	0	1
50	20	0	0	1	2
50	21	2	0	1	4
50	22	-1	0	0	1
50	23	0	2	1	2
50	24	0	0	2	3
50	25	-1	1	0	1
50	26	2	3	3	1
50	27	-1	0	-3	2
50	28	1	0	2	2
50	29	0	2	7	4
50	30	4	3	6	4
50	31	1	1	4	2
50	32	-2	1	0	0
50	33	0	1	3	3
50	34	1	2	6	4
50	35	1	2	1	2
50	36	0	1	4	2
50	37	1	0	2	3
50	38	5	3	7	3
50	39	0	2	4	3
50	40	3	3	8	5
50	41	0	1	2	1
50	42	1	3	2	2
50	43	3	1	2	2
50	44	3	3	6	4
50	45	2	2	3	4
51	1	5	3	5	4
51	2	1	2	5	4
51	3	0	0	0	2
51	4	3	2	4	4
51	5	6	3	5	6
51	6	2	2	3	2
51	7	4	3	4	2
51	8	1	2	2	4
51	9	5	2	3	4
51	10	3	2	3	5
51	11	6	2	5	5
51	12	3	4	4	2
51	13	-1	1	-1	2
51	14	0	1	0	1
51	15	-1	0	-4	-2
51	16	1	1	-1	0
51	17	0	1	0	2
51	18	1	2	2	3
51	19	0	1	0	2
51	20	0	0	-1	0
51	21	0	2	0	1
51	22	2	2	0	2
51	23	2	1	3	5
51	24	1	1	0	1
51	25	2	2	1	3
51	26	1	1	1	3
51	27	0	1	-1	3
51	28	1	1	2	2
51	29	3	2	3	2
51	30	2	2	3	4
51	31	5	3	6	5
51	32	3	3	5	5
51	33	1	4	6	4
51	34	1	2	2	1
51	35	0	0	0	1
51	36	2	2	4	1
51	37	2	1	4	2
51	38	0	1	-1	0
51	39	1	2	0	1
51	40	2	1	2	3
51	41	1	2	2	2
51	42	0	3	1	2
51	43	1	1	-1	2
51	44	0	2	0	2
51	45	0	1	0	2
52	1	0	3	4	3
52	2	1	2	2	4
52	3	1	2	0	3
52	4	0	1	2	3
52	5	1	2	2	3
52	6	0	2	0	1
52	7	0	1	1	4
52	8	0	2	0	2
52	9	1	3	0	3
52	10	-2	2	0	0
52	11	2	1	1	4
52	12	0	3	1	3
52	13	0	3	0	3
52	14	2	2	4	4
52	15	6	5	5	5
52	16	4	3	6	6
52	17	3	3	3	3
52	18	4	3	5	5
52	19	2	3	3	5
52	20	3	3	5	7
52	21	6	4	8	6
52	22	6	3	5	4
52	23	2	2	2	5
52	24	0	3	0	3
52	25	3	3	6	5
52	26	2	4	5	6
52	27	4	3	5	6
52	28	3	3	3	5
52	29	1	2	3	3
52	30	6	3	6	3
52	31	4	4	6	6
52	32	2	3	5	5
52	33	3	5	6	5
52	34	4	3	4	6
52	35	4	4	4	6
52	36	1	2	1	4
52	37	-1	1	0	0
52	38	-1	1	1	3
52	39	0	2	2	3
52	40	1	3	3	4
52	41	0	3	1	4
52	42	2	3	4	5
52	43	1	4	3	5
52	44	3	4	3	4
52	45	1	3	1	3
53	1	2	2	2	2
53	2	4	2	3	3
53	3	5	4	5	4
53	4	2	3	5	4
53	5	4	3	5	4
53	6	3	4	3	3
53	7	2	3	3	4
53	8	3	4	4	5
53	9	4	3	3	3
53	10	3	4	2	3
53	11	3	2	2	4
53	12	0	2	0	2
53	13	1	3	3	4
53	14	0	3	3	5
53	15	4	3	7	5
53	16	4	4	3	4
53	17	3	4	6	2
53	18	4	3	5	4
53	19	1	2	0	3
53	20	0	0	2	3
53	21	2	2	3	3
53	22	2	2	4	3
53	23	4	4	6	4
53	24	5	2	6	6
53	25	0	3	2	4
53	26	3	3	0	4
53	27	2	1	3	3
53	28	0	1	1	2
53	29	4	2	1	3
53	30	4	2	4	4
53	31	4	3	7	5
53	32	0	2	2	3
53	33	1	2	4	4
53	34	3	3	6	6
53	35	3	3	3	5
53	36	3	4	2	5
53	37	1	2	2	2
53	38	3	1	0	1
53	39	0	2	2	3
53	40	4	3	3	5
53	41	0	2	4	2
53	42	4	2	4	2
53	43	0	2	1	2
53	44	3	1	4	3
53	45	1	1	4	3
54	1	0	1	1	0
54	2	0	0	3	2
54	3	-2	0	0	0
54	4	-2	1	0	2
54	5	-2	0	0	0
54	6	0	0	2	1
54	7	0	0	0	0
54	8	0	0	0	1
54	9	0	1	4	1
54	10	2	2	0	1
54	11	2	1	3	2
54	12	3	2	7	2
54	13	2	1	3	3
54	14	0	0	1	1
54	15	0	0	1	0
54	16	0	0	1	0
54	17	1	2	6	1
54	18	4	1	6	3
54	19	-2	0	0	1
54	20	-3	0	-2	0
54	21	0	0	0	0
54	22	-2	0	0	0
54	23	0	1	6	3
54	24	3	2	6	4
54	25	1	3	5	2
54	26	3	1	5	3
54	27	-1	1	1	1
54	28	-1	0	0	0
54	29	1	0	1	2
54	30	0	2	3	2
54	31	0	1	3	1
54	32	0	1	0	1
54	33	-1	0	2	1
54	34	-3	0	1	0
54	35	0	1	3	3
54	36	0	0	0	1
54	37	2	1	5	3
54	38	0	0	0	0
54	39	2	2	6	3
54	40	3	3	8	6
54	41	0	1	2	2
54	42	0	-1	0	0
54	43	2	1	3	3
54	44	0	0	3	0
54	45	2	1	4	2
55	1	4	2	7	6
55	2	5	3	8	6
55	3	3	3	4	5
55	4	2	2	5	4
55	5	6	3	7	6
55	6	3	3	5	7
55	7	4	3	7	5
55	8	4	4	6	7
55	9	6	4	7	6
55	10	3	4	7	7
55	11	0	3	3	5
55	12	2	3	5	6
55	13	2	2	3	4
55	14	0	2	4	3
55	15	3	3	7	4
55	16	3	5	7	5
55	17	4	2	6	5
55	18	2	1	2	5
55	19	4	2	6	5
55	20	2	4	5	5
55	21	3	2	5	5
55	22	5	4	8	6
55	23	5	3	5	7
55	24	2	3	3	5
55	25	3	3	8	7
55	26	1	2	5	4
55	27	2	2	5	2
55	28	1	1	4	3
55	29	0	2	2	2
55	30	1	0	1	2
55	31	4	2	5	6
55	32	1	1	2	3
55	33	0	1	3	3
55	34	1	0	4	4
55	35	1	2	1	5
55	36	0	2	3	4
55	37	0	2	0	3
55	38	3	3	4	4
55	39	1	2	5	5
55	40	1	2	2	4
55	41	1	1	3	3
55	42	0	2	2	3
55	43	3	2	4	5
55	44	2	1	4	5
55	45	0	3	4	3
56	1	-4	-1	-6	-1
56	2	-5	-1	-2	-1
56	3	-3	0	-2	-1
56	4	0	0	-1	0
56	5	-1	0	0	0
56	6	-4	0	-1	-1
56	7	0	0	-1	-1
56	8	-1	0	0	1
56	9	0	0	0	0
56	10	1	2	2	4
56	11	1	2	2	5
56	12	-1	-1	1	0
56	13	-2	-1	-1	0
56	14	1	1	2	0
56	15	0	0	2	1
56	16	0	0	0	1
56	17	1	0	4	1
56	18	0	1	1	1
56	19	0	0	1	1
56	20	1	1	3	1
56	21	0	2	3	0
56	22	-2	0	-1	0
56	23	0	1	0	0
56	24	0	1	2	2
56	25	4	2	3	3
56	26	2	2	5	4
56	27	0	1	4	3
56	28	-1	0	0	2
56	29	3	1	4	3
56	30	0	0	0	2
56	31	-1	0	0	1
56	32	0	1	0	1
56	33	3	0	-1	1
56	34	0	1	0	1
56	35	1	0	2	1
56	36	1	1	2	2
56	37	0	1	1	0
56	38	0	0	0	0
56	39	1	0	2	0
56	40	1	2	2	2
56	41	0	0	2	0
56	42	-2	0	-3	1
56	43	-3	0	0	0
56	44	0	0	-2	0
56	45	-5	-1	-2	-2
57	1	6	2	6	7
57	2	5	5	4	5
57	3	7	6	9	9
57	4	6	4	7	8
57	5	4	3	3	5
57	6	4	3	4	6
57	7	1	2	3	6
57	8	4	2	4	5
57	9	2	2	0	3
57	10	3	3	1	5
57	11	5	3	4	5
57	12	4	3	7	6
57	13	1	3	5	4
57	14	3	3	6	5
57	15	6	4	7	7
57	16	6	3	9	6
57	17	4	4	7	7
57	18	1	1	0	3
57	19	1	3	0	1
57	20	3	2	2	5
57	21	4	5	4	7
57	22	6	6	8	6
57	23	6	4	8	6
57	24	1	3	0	5
57	25	3	1	2	5
57	26	1	3	3	3
57	27	6	4	4	4
57	28	6	4	6	5
57	29	7	4	7	7
57	30	6	3	2	5
57	31	4	4	7	7
57	32	6	3	5	5
57	33	3	3	4	6
57	34	6	4	4	7
57	35	6	6	7	10
57	36	6	2	6	5
57	37	3	3	3	3
57	38	4	4	6	6
57	39	5	4	4	5
57	40	6	5	6	7
57	41	1	4	3	5
57	42	3	3	3	5
57	43	3	3	3	8
57	44	6	5	6	7
57	45	3	3	4	6
58	1	0	2	0	1
58	2	1	1	1	0
58	3	3	2	0	3
58	4	2	0	2	3
58	5	1	0	0	1
58	6	2	0	0	2
58	7	0	1	3	4
58	8	1	3	3	1
58	9	3	1	4	3
58	10	0	1	1	1
58	11	1	1	4	4
58	12	0	0	0	2
58	13	0	2	1	1
58	14	2	1	2	2
58	15	2	2	1	4
58	16	2	1	3	3
58	17	2	2	3	2
58	18	1	0	0	2
58	19	0	2	1	3
58	20	0	2	1	2
58	21	0	0	1	1
58	22	0	1	0	0
58	23	0	2	0	3
58	24	2	2	4	4
58	25	3	2	4	2
58	26	0	1	2	1
58	27	4	2	6	4
58	28	2	1	5	4
58	29	3	2	6	6
58	30	1	1	2	3
58	31	4	3	7	3
58	32	0	1	0	1
58	33	0	1	1	2
58	34	0	2	-1	0
58	35	0	1	1	2
58	36	3	2	2	4
58	37	0	1	3	1
58	38	0	1	3	3
58	39	3	0	3	3
58	40	0	1	2	2
58	41	-3	0	-1	0
58	42	-1	0	0	2
58	43	2	2	5	4
58	44	2	2	3	5
58	45	1	1	2	1
59	1	1	3	2	4
59	2	0	2	0	4
59	3	2	3	2	5
59	4	-1	2	-1	0
59	5	0	2	0	2
59	6	0	0	0	0
59	7	1	2	2	4
59	8	0	2	2	1
59	9	0	2	1	4
59	10	-1	1	1	2
59	11	2	4	0	4
59	12	1	2	0	1
59	13	3	3	4	4
59	14	1	1	0	2
59	15	1	3	0	3
59	16	1	3	0	3
59	17	2	2	2	3
59	18	1	3	1	3
59	19	-1	2	0	2
59	20	0	2	0	2
59	21	0	3	0	4
59	22	4	3	3	5
59	23	1	2	2	5
59	24	3	4	4	6
59	25	1	2	2	2
59	26	2	4	4	5
59	27	-1	2	0	2
59	28	0	1	0	2
59	29	0	2	0	3
59	30	0	1	-1	1
59	31	1	3	3	2
59	32	0	0	2	3
59	33	-1	0	-1	2
59	34	3	4	2	3
59	35	3	3	5	5
59	36	1	4	3	4
59	37	1	3	4	2
59	38	1	3	3	3
59	39	0	0	0	2
59	40	0	0	-3	0
59	41	0	1	-3	1
59	42	-1	2	-1	0
59	43	-2	0	-5	0
59	44	0	0	0	2
59	45	2	4	4	5
60	1	3	0	2	3
60	2	1	3	1	0
60	3	2	2	1	2
60	4	2	0	2	0
60	5	5	3	5	3
60	6	3	4	3	3
60	7	3	3	5	2
60	8	1	2	2	1
60	9	0	3	3	1
60	10	2	2	3	3
60	11	2	3	2	1
60	12	2	3	4	2
60	13	1	1	1	0
60	14	4	2	3	3
60	15	-1	0	0	1
60	16	4	4	5	2
60	17	3	2	3	1
60	18	3	3	3	2
60	19	5	1	4	2
60	20	2	3	5	3
60	21	0	0	0	2
60	22	1	0	1	1
60	23	2	1	3	2
60	24	0	0	-4	0
60	25	0	1	1	2
60	26	4	2	3	2
60	27	1	3	3	3
60	28	3	3	2	3
60	29	3	2	0	1
60	30	1	1	2	1
60	31	4	2	5	2
60	32	1	4	1	1
60	33	3	3	3	3
60	34	2	3	1	0
60	35	2	1	1	2
60	36	4	3	4	3
60	37	4	4	2	4
60	38	3	1	4	3
60	39	3	2	5	4
60	40	1	2	1	2
60	41	-1	0	-2	0
60	42	1	2	1	1
60	43	0	2	2	3
60	44	2	2	3	3
60	45	1	2	3	4
61	1	2	3	2	5
61	2	0	3	1	2
61	3	4	3	4	3
61	4	3	2	3	2
61	5	2	3	4	6
61	6	3	4	5	5
61	7	7	3	6	7
61	8	4	2	5	5
61	9	3	4	3	5
61	10	8	4	6	6
61	11	2	2	1	5
61	12	0	1	0	3
61	13	4	3	4	5
61	14	0	2	0	3
61	15	2	2	4	4
61	16	1	2	0	1
61	17	2	2	3	4
61	18	0	2	0	2
61	19	1	2	1	2
61	20	3	3	3	4
61	21	1	2	4	4
61	22	0	2	0	1
61	23	2	1	2	3
61	24	1	3	2	3
61	25	0	1	0	2
61	26	4	2	1	3
61	27	2	2	1	2
61	28	2	2	4	4
61	29	0	0	0	2
61	30	0	1	-1	2
61	31	0	2	1	3
61	32	0	1	0	3
61	33	2	0	-1	2
61	34	-2	0	-3	0
61	35	-1	1	0	1
61	36	1	3	6	6
61	37	3	3	6	4
61	38	2	3	5	6
61	39	3	3	2	2
61	40	2	1	0	2
61	41	2	2	2	3
61	42	2	2	-1	1
61	43	0	1	0	2
61	44	0	1	-1	0
61	45	0	3	1	3
62	1	3	3	4	4
62	2	3	3	4	3
62	3	4	4	6	4
62	4	5	3	8	4
62	5	3	2	6	5
62	6	5	4	10	6
62	7	2	3	6	4
62	8	2	2	3	2
62	9	4	3	4	3
62	10	4	2	4	5
62	11	3	3	8	4
62	12	4	4	7	6
62	13	4	4	7	5
62	14	1	1	0	2
62	15	2	2	5	2
62	16	6	3	7	4
62	17	2	2	3	2
62	18	1	4	5	4
62	19	0	2	2	1
62	20	2	3	4	4
62	21	2	3	5	2
62	22	3	4	8	4
62	23	1	2	5	3
62	24	2	2	3	4
62	25	3	1	5	2
62	26	4	4	4	3
62	27	0	0	1	3
62	28	1	3	1	1
62	29	2	3	2	3
62	30	0	1	2	3
62	31	4	3	3	4
62	32	2	2	5	3
62	33	0	2	1	1
62	34	2	2	4	5
62	35	2	2	2	2
62	36	0	2	2	3
62	37	0	3	-1	0
62	38	0	2	0	2
62	39	4	4	8	6
62	40	1	3	2	2
62	41	4	3	7	6
62	42	5	4	7	5
62	43	4	3	5	3
62	44	4	3	5	4
62	45	3	3	7	5
63	1	3	4	6	4
63	2	2	2	1	2
63	3	4	3	5	4
63	4	4	4	6	5
63	5	2	2	4	2
63	6	0	3	3	3
63	7	4	4	6	3
63	8	4	2	4	3
63	9	0	2	4	4
63	10	5	5	7	5
63	11	3	3	6	2
63	12	4	1	5	3
63	13	0	2	6	4
63	14	2	2	4	4
63	15	0	1	3	2
63	16	0	0	0	0
63	17	3	2	6	4
63	18	0	2	2	0
63	19	2	2	0	1
63	20	2	3	6	4
63	21	0	2	3	3
63	22	1	2	5	2
63	23	3	2	7	3
63	24	2	1	4	2
63	25	0	1	2	0
63	26	1	2	3	1
63	27	1	2	3	2
63	28	2	2	4	1
63	29	2	2	4	3
63	30	4	3	3	4
63	31	0	2	1	2
63	32	2	2	3	4
63	33	2	2	4	4
63	34	0	2	0	1
63	35	2	2	1	3
63	36	3	2	3	3
63	37	3	1	7	4
63	38	1	2	2	3
63	39	0	1	2	2
63	40	0	1	1	1
63	41	1	1	-1	0
63	42	1	1	3	2
63	43	1	3	2	3
63	44	3	2	4	2
63	45	0	1	0	0
64	1	5	4	0	6
64	2	6	3	4	7
64	3	6	3	3	6
64	4	3	2	0	5
64	5	0	1	0	4
64	6	4	3	1	6
64	7	3	2	4	8
64	8	5	3	0	8
64	9	2	3	2	6
64	10	4	3	7	6
64	11	5	3	5	6
64	12	7	5	3	7
64	13	3	2	-2	4
64	14	3	3	3	4
64	15	2	3	2	5
64	16	7	4	4	8
64	17	5	3	3	9
64	18	4	2	1	6
64	19	3	2	2	4
64	20	3	2	-1	5
64	21	0	3	0	5
64	22	4	3	3	7
64	23	5	3	3	7
64	24	3	3	1	6
64	25	5	2	3	6
64	26	9	5	7	10
64	27	5	3	4	8
64	28	5	1	1	7
64	29	6	1	3	8
64	30	4	2	2	6
64	31	6	3	3	8
64	32	3	3	2	8
64	33	4	3	5	6
64	34	5	3	3	6
64	35	3	1	-1	3
64	36	6	3	5	7
64	37	4	2	0	7
64	38	4	3	2	6
64	39	0	0	-4	4
64	40	1	1	-1	5
64	41	1	2	-2	4
64	42	1	1	-1	5
64	43	5	3	3	5
64	44	4	4	3	7
64	45	5	4	4	7
65	1	0	1	4	2
65	2	2	0	2	3
65	3	0	0	-2	0
65	4	1	2	2	3
65	5	1	1	2	4
65	6	0	2	6	4
65	7	5	2	4	3
65	8	2	2	4	4
65	9	2	2	5	3
65	10	1	1	3	4
65	11	4	4	3	3
65	12	1	2	3	3
65	13	2	2	3	3
65	14	5	4	6	8
65	15	2	2	6	5
65	16	1	1	1	4
65	17	3	1	3	4
65	18	2	2	5	4
65	19	3	2	7	4
65	20	2	2	2	4
65	21	3	3	3	4
65	22	4	2	5	4
65	23	2	0	2	3
65	24	0	1	0	3
65	25	0	1	4	3
65	26	0	1	1	3
65	27	6	3	6	6
65	28	3	3	6	5
65	29	3	2	3	4
65	30	1	1	1	5
65	31	1	1	1	3
65	32	2	1	1	4
65	33	5	2	6	5
65	34	0	0	4	3
65	35	3	3	6	4
65	36	3	2	5	4
65	37	3	3	4	5
65	38	2	2	3	3
65	39	4	2	8	7
65	40	3	3	8	10
65	41	5	2	3	5
65	42	2	2	5	6
65	43	3	3	6	4
65	44	2	1	3	5
65	45	1	2	3	4
66	1	3	3	4	4
66	2	2	1	0	5
66	3	1	1	2	5
66	4	4	2	5	5
66	5	5	4	8	7
66	6	4	2	4	6
66	7	1	1	0	1
66	8	-1	0	-3	0
66	9	1	1	3	3
66	10	0	0	1	3
66	11	1	2	2	4
66	12	0	0	1	2
66	13	-1	0	0	4
66	14	0	0	-3	1
66	15	2	1	2	4
66	16	3	3	5	3
66	17	1	3	2	3
66	18	0	2	1	3
66	19	2	1	2	3
66	20	2	2	4	5
66	21	2	0	3	2
66	22	2	2	4	4
66	23	1	0	2	3
66	24	1	2	4	4
66	25	1	0	2	2
66	26	0	2	-1	1
66	27	-4	0	-5	0
66	28	-1	0	-3	1
66	29	1	0	0	3
66	30	2	2	4	5
66	31	5	2	5	7
66	32	3	2	4	5
66	33	3	2	5	5
66	34	0	1	0	2
66	35	-2	0	-2	2
66	36	-1	0	1	2
66	37	0	1	0	1
66	38	0	2	0	2
66	39	0	1	0	2
66	40	2	1	0	1
66	41	2	1	4	3
66	42	0	1	3	3
66	43	0	2	0	0
66	44	1	0	-1	4
66	45	0	1	2	2
67	1	1	3	1	3
67	2	4	3	4	3
67	3	2	2	1	3
67	4	4	2	5	4
67	5	-1	1	0	0
67	6	-2	1	-2	0
67	7	-2	1	-2	1
67	8	1	1	0	2
67	9	2	1	3	4
67	10	3	2	5	5
67	11	2	2	0	2
67	12	2	3	4	5
67	13	3	2	4	5
67	14	1	2	3	3
67	15	0	0	0	3
67	16	2	2	2	4
67	17	1	2	2	3
67	18	1	1	1	2
67	19	1	2	3	4
67	20	6	4	8	6
67	21	4	3	7	7
67	22	3	1	2	5
67	23	4	1	3	5
67	24	3	1	3	4
67	25	1	2	2	3
67	26	0	1	0	1
67	27	3	2	5	5
67	28	0	1	0	0
67	29	3	3	3	5
67	30	-1	1	0	2
67	31	0	1	-1	2
67	32	0	1	0	0
67	33	1	2	0	2
67	34	0	1	0	1
67	35	0	1	0	3
67	36	0	1	-2	1
67	37	1	1	0	2
67	38	0	0	-3	0
67	39	1	1	0	0
67	40	1	0	2	2
67	41	0	1	0	3
67	42	1	3	1	4
67	43	4	2	2	3
67	44	2	2	-2	3
67	45	1	1	1	1
68	1	4	3	4	3
68	2	3	4	6	4
68	3	2	4	3	2
68	4	1	3	3	2
68	5	3	2	7	2
68	6	-1	2	2	1
68	7	1	2	2	1
68	8	3	4	3	4
68	9	4	5	7	5
68	10	4	5	5	3
68	11	5	4	8	5
68	12	2	4	3	5
68	13	3	2	7	4
68	14	3	5	5	5
68	15	1	2	2	3
68	16	0	3	2	0
68	17	1	3	1	4
68	18	2	4	0	1
68	19	0	1	2	0
68	20	1	3	0	1
68	21	2	2	4	2
68	22	4	3	4	4
68	23	4	3	7	4
68	24	4	4	6	4
68	25	2	4	5	3
68	26	3	4	4	4
68	27	3	4	6	6
68	28	4	2	5	3
68	29	0	0	0	0
68	30	2	3	2	3
68	31	0	3	2	2
68	32	1	3	5	3
68	33	3	3	5	4
68	34	3	4	5	4
68	35	1	3	5	3
68	36	2	3	7	4
68	37	1	3	2	4
68	38	0	2	1	1
68	39	1	2	2	2
68	40	1	2	1	0
68	41	2	4	4	3
68	42	0	3	5	3
68	43	3	3	5	5
68	44	3	5	8	4
68	45	3	4	4	3
69	1	2	1	0	1
69	2	0	1	0	0
69	3	3	1	1	4
69	4	0	0	1	2
69	5	1	2	-2	2
69	6	0	0	1	1
69	7	0	2	0	0
69	8	-2	1	-4	1
69	9	0	1	0	2
69	10	3	1	0	2
69	11	1	2	2	3
69	12	0	1	3	0
69	13	1	1	2	2
69	14	3	2	4	5
69	15	4	2	5	4
69	16	0	1	3	2
69	17	-2	0	-3	0
69	18	1	1	0	2
69	19	-1	0	-2	2
69	20	0	1	2	1
69	21	1	2	2	3
69	22	1	2	2	1
69	23	1	0	2	1
69	24	2	1	1	3
69	25	4	2	4	3
69	26	1	2	1	2
69	27	2	0	2	3
69	28	2	2	1	3
69	29	0	0	1	1
69	30	2	2	4	3
69	31	1	1	1	3
69	32	1	2	3	4
69	33	0	1	0	2
69	34	2	1	0	2
69	35	4	2	3	5
69	36	5	4	7	5
69	37	4	2	3	5
69	38	3	2	4	4
69	39	1	1	5	2
69	40	2	2	4	3
69	41	3	2	4	5
69	42	0	1	2	3
69	43	0	1	0	0
69	44	1	1	1	2
69	45	0	1	1	0
70	1	0	1	0	2
70	2	0	0	1	2
70	3	0	1	1	3
70	4	0	0	3	4
70	5	1	1	4	4
70	6	0	1	1	1
70	7	0	1	4	2
70	8	3	2	4	5
70	9	2	1	3	4
70	10	1	2	2	2
70	11	0	0	-2	2
70	12	-1	0	1	0
70	13	1	1	3	2
70	14	-2	0	0	3
70	15	0	1	1	2
70	16	0	0	2	2
70	17	0	0	-1	2
70	18	0	0	0	0
70	19	-3	0	1	1
70	20	0	0	0	1
70	21	0	0	0	0
70	22	0	0	1	2
70	23	-2	0	0	0
70	24	0	0	0	2
70	25	-2	0	-3	0
70	26	-1	0	0	0
70	27	-1	0	-1	1
70	28	-2	0	-2	1
70	29	-2	-3	-3	0
70	30	-2	0	-3	0
70	31	-3	-1	-4	-1
70	32	-1	0	0	1
70	33	-3	0	-1	0
70	34	-3	-1	-2	-1
70	35	-3	0	-3	0
70	36	-3	0	-3	0
70	37	-3	0	-4	0
70	38	-1	0	0	1
70	39	-3	0	-1	0
70	40	-2	0	-1	0
70	41	-1	0	1	1
70	42	0	-1	-1	0
70	43	0	0	1	1
70	44	0	1	3	2
70	45	3	3	4	2
71	1	5	4	9	5
71	2	6	2	10	6
71	3	4	1	3	3
71	4	0	2	-1	1
71	5	0	1	0	1
71	6	3	1	1	3
71	7	2	1	5	6
71	8	4	2	2	4
71	9	5	3	3	5
71	10	3	1	3	4
71	11	2	0	5	2
71	12	5	3	6	6
71	13	2	1	5	3
71	14	1	1	1	3
71	15	4	2	4	5
71	16	5	3	7	3
71	17	4	2	4	5
71	18	3	3	5	2
71	19	3	2	4	4
71	20	2	2	3	6
71	21	0	0	0	1
71	22	1	1	0	2
71	23	3	2	4	4
71	24	3	2	2	3
71	25	5	5	7	6
71	26	6	4	9	7
71	27	4	3	3	5
71	28	3	2	4	1
71	29	3	0	4	4
71	30	1	3	3	2
71	31	2	2	6	2
71	32	1	1	2	1
71	33	1	1	1	1
71	34	2	1	1	3
71	35	4	2	5	4
71	36	2	1	3	3
71	37	4	1	5	3
71	38	3	3	5	4
71	39	0	1	1	3
71	40	3	1	1	2
71	41	2	3	3	3
71	42	4	3	4	5
71	43	1	1	1	3
71	44	2	2	3	1
71	45	3	2	5	5
72	1	2	4	4	7
72	2	2	3	2	5
72	3	3	4	4	6
72	4	2	4	5	6
72	5	3	5	6	6
72	6	3	2	0	5
72	7	1	4	5	5
72	8	5	4	9	5
72	9	6	6	7	8
72	10	2	4	5	4
72	11	3	3	5	6
72	12	2	4	5	4
72	13	4	4	5	6
72	14	4	5	6	5
72	15	7	6	9	9
72	16	5	6	7	7
72	17	5	5	6	6
72	18	3	4	1	5
72	19	2	3	3	5
72	20	4	4	4	5
72	21	2	4	4	6
72	22	4	5	7	7
72	23	2	3	3	5
72	24	2	2	0	2
72	25	3	4	5	3
72	26	3	3	5	5
72	27	5	4	6	6
72	28	0	3	3	5
72	29	3	4	2	5
72	30	3	5	5	5
72	31	4	3	3	7
72	32	0	3	3	5
72	33	4	4	4	5
72	34	4	3	4	6
72	35	4	5	4	5
72	36	1	1	6	4
72	37	0	3	0	4
72	38	0	4	5	3
72	39	3	5	7	6
72	40	4	4	4	5
72	41	2	3	1	6
72	42	5	5	8	6
72	43	6	6	11	9
72	44	5	4	6	7
72	45	2	5	5	4
73	1	0	0	-1	1
73	2	-1	0	-3	0
73	3	1	1	0	3
73	4	1	0	3	3
73	5	0	0	-2	0
73	6	0	0	-2	0
73	7	-1	0	0	0
73	8	0	0	-1	0
73	9	-1	1	1	0
73	10	2	3	4	2
73	11	-1	1	0	3
73	12	0	0	-1	1
73	13	-1	0	3	0
73	14	3	2	5	3
73	15	0	1	3	3
73	16	0	1	2	2
73	17	0	1	1	2
73	18	-1	0	-2	1
73	19	1	1	3	4
73	20	0	0	0	2
73	21	3	1	4	4
73	22	0	2	4	4
73	23	0	1	0	0
73	24	-1	0	0	1
73	25	0	1	1	1
73	26	2	2	5	4
73	27	0	1	2	1
73	28	-2	0	0	2
73	29	0	1	0	2
73	30	0	0	-1	2
73	31	0	0	0	1
73	32	1	2	0	2
73	33	1	0	4	3
73	34	0	0	4	2
73	35	3	2	3	4
73	36	2	0	2	2
73	37	0	2	2	4
73	38	0	2	4	1
73	39	0	0	1	1
73	40	2	2	2	3
73	41	-1	0	2	2
73	42	-2	-1	-2	0
73	43	0	0	0	1
73	44	0	1	3	4
73	45	1	1	2	2
74	1	4	4	3	3
74	2	4	3	1	6
74	3	4	3	2	2
74	4	1	2	0	3
74	5	3	3	2	5
74	6	3	2	1	2
74	7	2	2	0	3
74	8	4	3	1	4
74	9	2	4	1	5
74	10	0	3	0	2
74	11	2	1	0	4
74	12	3	1	-1	2
74	13	2	3	0	3
74	14	4	4	3	6
74	15	1	2	2	3
74	16	5	4	5	6
74	17	1	3	2	6
74	18	1	3	-1	2
74	19	2	2	-1	3
74	20	4	4	3	6
74	21	5	3	1	3
74	22	2	3	2	5
74	23	1	2	0	4
74	24	4	4	4	5
74	25	2	2	-1	2
74	26	0	3	-2	3
74	27	3	3	2	4
74	28	4	3	3	3
74	29	3	3	3	3
74	30	5	4	3	4
74	31	7	5	9	7
74	32	7	4	8	6
74	33	6	5	8	6
74	34	3	5	2	6
74	35	5	3	3	4
74	36	2	3	1	2
74	37	5	5	5	6
74	38	6	5	5	7
74	39	4	2	1	4
74	40	4	4	4	4
74	41	1	4	4	5
74	42	2	3	1	5
74	43	4	4	2	5
74	44	2	3	0	4
74	45	4	5	1	5
75	1	0	1	2	3
75	2	1	1	3	3
75	3	1	1	3	3
75	4	2	3	5	4
75	5	5	4	7	5
75	6	6	3	8	6
75	7	4	3	5	5
75	8	3	4	7	4
75	9	3	2	5	4
75	10	0	2	3	2
75	11	0	0	0	2
75	12	0	2	-3	0
75	13	2	1	3	4
75	14	-1	2	-1	1
75	15	0	1	2	3
75	16	2	1	0	4
75	17	1	1	3	5
75	18	-1	2	0	1
75	19	3	3	6	6
75	20	4	2	4	4
75	21	0	2	2	2
75	22	1	1	2	2
75	23	1	1	2	3
75	24	0	2	0	3
75	25	0	1	3	2
75	26	3	3	5	4
75	27	4	2	5	4
75	28	1	1	1	2
75	29	0	1	2	2
75	30	0	1	1	1
75	31	0	0	0	1
75	32	5	3	6	6
75	33	5	5	6	7
75	34	5	4	8	6
75	35	4	5	4	7
75	36	2	2	4	5
75	37	4	4	5	4
75	38	3	4	5	5
75	39	3	4	7	5
75	40	2	4	4	6
75	41	0	2	2	2
75	42	3	4	4	5
75	43	4	2	5	4
75	44	3	3	2	3
75	45	5	3	5	6
76	1	-1	2	2	2
76	2	2	1	4	3
76	3	-1	0	0	0
76	4	1	2	4	1
76	5	3	3	5	6
76	6	1	3	3	1
76	7	0	1	0	1
76	8	1	1	2	2
76	9	-1	1	4	1
76	10	1	1	3	2
76	11	0	0	0	-1
76	12	-1	2	1	1
76	13	2	2	4	2
76	14	4	2	6	3
76	15	1	3	6	4
76	16	2	2	5	4
76	17	0	0	1	1
76	18	0	2	1	-1
76	19	-1	0	1	0
76	20	0	2	1	3
76	21	0	1	1	5
76	22	2	1	4	3
76	23	2	2	5	3
76	24	4	1	7	4
76	25	3	2	4	2
76	26	3	2	3	2
76	27	3	3	4	3
76	28	0	1	1	1
76	29	0	1	1	0
76	30	0	0	1	2
76	31	0	0	0	0
76	32	2	3	4	2
76	33	2	2	4	2
76	34	-1	0	0	0
76	35	0	1	0	3
76	36	2	4	9	5
76	37	2	3	6	3
76	38	2	3	5	4
76	39	2	1	3	2
76	40	4	3	9	4
76	41	1	1	4	3
76	42	0	0	1	0
76	43	-1	0	1	0
76	44	0	1	1	1
76	45	-1	0	0	1
77	1	5	3	4	4
77	2	4	3	5	5
77	3	1	2	2	3
77	4	3	2	3	4
77	5	5	4	3	5
77	6	1	2	1	3
77	7	3	4	4	4
77	8	1	2	3	3
77	9	0	2	4	3
77	10	0	1	0	2
77	11	2	2	6	4
77	12	2	3	3	4
77	13	4	3	6	4
77	14	4	3	5	4
77	15	7	4	9	7
77	16	4	2	6	8
77	17	3	3	6	4
77	18	3	3	5	5
77	19	1	2	2	5
77	20	4	3	5	4
77	21	2	2	7	4
77	22	1	2	2	4
77	23	0	0	2	3
77	24	3	2	4	4
77	25	3	4	3	5
77	26	2	3	4	4
77	27	0	2	4	4
77	28	2	2	3	3
77	29	2	3	6	4
77	30	3	3	5	4
77	31	4	4	6	6
77	32	3	3	6	5
77	33	3	2	2	4
77	34	3	3	5	5
77	35	0	1	0	2
77	36	0	0	0	1
77	37	-1	0	-2	0
77	38	1	2	1	4
77	39	5	4	5	5
77	40	5	4	3	5
77	41	5	3	5	4
77	42	6	4	6	6
77	43	4	3	8	4
77	44	1	3	1	2
77	45	4	3	4	4
78	1	4	3	2	4
78	2	4	4	5	5
78	3	2	1	1	4
78	4	0	2	2	3
78	5	5	4	8	7
78	6	5	4	4	5
78	7	2	2	3	4
78	8	3	5	4	5
78	9	5	5	8	6
78	10	2	3	5	4
78	11	0	4	3	4
78	12	4	2	5	6
78	13	0	3	4	3
78	14	4	3	2	5
78	15	1	2	2	3
78	16	1	1	0	3
78	17	0	2	0	1
78	18	0	1	3	3
78	19	1	3	4	4
78	20	6	4	7	6
78	21	4	4	5	6
78	22	4	6	7	7
78	23	5	4	6	6
78	24	6	3	6	3
78	25	3	3	4	6
78	26	4	2	5	5
78	27	2	4	3	5
78	28	5	4	7	4
78	29	3	3	3	3
78	30	4	3	2	6
78	31	1	3	0	4
78	32	3	2	1	4
78	33	1	3	3	2
78	34	2	2	1	4
78	35	3	4	5	4
78	36	4	2	3	6
78	37	5	4	6	4
78	38	2	3	5	5
78	39	4	4	4	5
78	40	6	5	10	9
78	41	1	4	2	5
78	42	2	2	3	5
78	43	3	3	2	2
78	44	0	2	0	3
78	45	2	2	0	4
79	1	2	2	1	3
79	2	0	0	0	0
79	3	0	1	0	3
79	4	1	1	0	3
79	5	2	2	4	5
79	6	0	0	3	3
79	7	2	1	0	4
79	8	-3	1	0	3
79	9	0	1	1	1
79	10	0	1	-1	1
79	11	0	0	-4	1
79	12	1	1	1	1
79	13	0	0	0	1
79	14	0	3	0	2
79	15	2	2	2	2
79	16	2	1	1	3
79	17	0	1	1	2
79	18	2	2	3	2
79	19	1	1	3	4
79	20	4	3	1	5
79	21	4	3	2	5
79	22	3	3	3	5
79	23	3	2	4	4
79	24	1	1	3	3
79	25	0	1	3	2
79	26	4	3	5	4
79	27	4	2	4	2
79	28	5	3	6	6
79	29	0	0	2	2
79	30	2	2	1	3
79	31	2	1	5	3
79	32	2	3	4	5
79	33	3	0	2	3
79	34	0	1	0	4
79	35	0	3	1	4
79	36	4	3	5	6
79	37	5	2	4	4
79	38	3	3	5	4
79	39	3	3	1	2
79	40	3	2	2	3
79	41	1	2	0	2
79	42	2	2	1	4
79	43	0	0	0	1
79	44	0	1	1	2
79	45	2	1	2	4
80	1	1	2	3	2
80	2	2	2	3	2
80	3	1	0	3	3
80	4	0	3	0	4
80	5	0	2	2	2
80	6	0	2	4	3
80	7	0	1	4	3
80	8	0	2	0	2
80	9	0	2	1	1
80	10	3	2	5	2
80	11	1	2	4	3
80	12	0	2	2	3
80	13	1	4	6	5
80	14	4	2	5	5
80	15	2	3	6	5
80	16	2	3	5	4
80	17	1	1	0	3
80	18	3	3	1	4
80	19	0	3	4	1
80	20	0	2	0	2
80	21	3	4	3	3
80	22	0	3	4	3
80	23	1	3	4	4
80	24	1	2	1	3
80	25	0	1	1	1
80	26	1	3	6	4
80	27	2	4	4	5
80	28	3	5	8	6
80	29	1	2	6	3
80	30	6	4	5	5
80	31	3	5	7	6
80	32	6	4	9	8
80	33	3	3	6	7
80	34	5	3	6	3
80	35	2	1	3	4
80	36	1	2	3	3
80	37	3	3	4	3
80	38	2	3	0	4
80	39	0	0	3	2
80	40	-1	1	-1	3
80	41	0	2	4	3
80	42	3	4	5	6
80	43	0	1	4	4
80	44	3	4	6	5
80	45	2	4	4	4
81	1	1	2	2	2
81	2	2	2	3	0
81	3	2	2	5	2
81	4	2	3	5	1
81	5	2	4	5	4
81	6	4	3	7	5
81	7	7	4	9	7
81	8	4	4	7	3
81	9	3	1	3	2
81	10	3	3	3	3
81	11	4	3	7	4
81	12	1	3	3	1
81	13	2	3	5	2
81	14	3	3	3	3
81	15	3	2	3	2
81	16	2	3	3	3
81	17	1	2	1	1
81	18	2	4	7	3
81	19	0	3	1	0
81	20	0	2	1	0
81	21	3	3	5	4
81	22	3	4	4	5
81	23	2	3	4	2
81	24	3	3	1	2
81	25	0	1	0	0
81	26	0	1	1	2
81	27	2	2	4	3
81	28	3	4	6	5
81	29	0	1	0	0
81	30	0	3	5	1
81	31	-2	0	0	0
81	32	0	2	0	0
81	33	0	2	0	0
81	34	2	2	0	0
81	35	1	2	2	2
81	36	0	1	1	0
81	37	0	2	3	0
81	38	1	2	3	2
81	39	5	5	6	5
81	40	0	2	2	1
81	41	1	2	5	2
81	42	3	3	5	3
81	43	3	4	4	4
81	44	0	3	2	1
81	45	0	0	1	0
82	1	2	1	2	2
82	2	2	1	2	5
82	3	4	3	2	4
82	4	2	3	4	5
82	5	0	0	0	3
82	6	-1	1	0	2
82	7	2	1	4	3
82	8	1	0	1	4
82	9	2	1	2	3
82	10	1	1	1	3
82	11	1	2	4	4
82	12	5	4	3	4
82	13	3	3	4	5
82	14	3	2	4	3
82	15	-1	0	0	3
82	16	2	1	1	3
82	17	0	0	0	3
82	18	0	1	-1	2
82	19	1	0	0	2
82	20	0	0	-1	0
82	21	0	1	-3	3
82	22	0	0	1	3
82	23	0	1	0	2
82	24	0	0	0	4
82	25	2	1	2	3
82	26	6	4	7	5
82	27	5	3	6	5
82	28	5	3	5	6
82	29	1	1	0	2
82	30	0	0	-2	3
82	31	0	0	-1	2
82	32	1	0	-2	2
82	33	0	2	-1	1
82	34	0	0	-1	1
82	35	-1	0	-2	0
82	36	1	1	1	2
82	37	1	1	2	2
82	38	0	1	1	1
82	39	0	0	0	0
82	40	-1	1	-2	1
82	41	2	2	0	2
82	42	2	2	5	6
82	43	2	2	0	3
82	44	0	0	1	2
82	45	0	2	-1	3
83	1	3	3	6	4
83	2	1	3	2	4
83	3	1	2	1	3
83	4	1	2	3	5
83	5	2	2	3	3
83	6	3	2	0	3
83	7	1	2	3	2
83	8	2	3	6	4
83	9	3	2	3	3
83	10	3	4	4	4
83	11	2	2	6	5
83	12	1	1	2	2
83	13	0	2	2	2
83	14	0	1	5	4
83	15	1	3	6	5
83	16	2	2	2	2
83	17	3	3	2	5
83	18	3	3	3	3
83	19	-1	1	-1	1
83	20	-4	-1	-1	0
83	21	0	1	-1	1
83	22	0	0	3	2
83	23	1	1	0	2
83	24	2	3	4	2
83	25	2	2	4	4
83	26	5	4	10	7
83	27	3	2	7	6
83	28	7	4	8	7
83	29	3	3	3	4
83	30	5	3	4	4
83	31	0	2	3	3
83	32	4	4	6	5
83	33	2	1	1	2
83	34	0	1	1	2
83	35	2	1	3	2
83	36	3	3	4	5
83	37	6	3	7	5
83	38	3	3	6	5
83	39	3	4	4	3
83	40	5	4	8	5
83	41	6	1	6	6
83	42	0	1	1	3
83	43	0	2	2	2
83	44	-1	1	0	2
83	45	-1	0	-2	1
84	1	2	2	3	3
84	2	1	2	2	1
84	3	-1	1	1	1
84	4	1	0	0	2
84	5	1	2	3	4
84	6	0	1	1	1
84	7	-1	0	0	2
84	8	-1	0	0	0
84	9	-3	1	-1	-2
84	10	-1	1	0	0
84	11	3	2	3	3
84	12	3	2	3	2
84	13	2	3	5	4
84	14	0	2	2	3
84	15	-3	2	0	2
84	16	-2	0	-2	0
84	17	0	1	1	1
84	18	0	2	2	2
84	19	0	1	2	1
84	20	3	4	5	4
84	21	-2	1	0	2
84	22	1	1	3	1
84	23	0	0	0	2
84	24	0	1	1	1
84	25	2	1	4	2
84	26	0	1	2	1
84	27	0	1	4	3
84	28	1	2	1	3
84	29	0	0	0	0
84	30	-1	0	2	2
84	31	1	0	2	2
84	32	2	2	8	5
84	33	0	1	2	2
84	34	0	2	6	3
84	35	0	0	-2	1
84	36	-1	2	1	0
84	37	3	1	3	4
84	38	2	3	4	3
84	39	2	3	5	4
84	40	3	3	5	3
84	41	1	1	4	4
84	42	0	2	2	0
84	43	0	2	4	3
84	44	3	3	5	3
84	45	-2	1	1	1
85	1	2	4	4	5
85	2	2	2	4	2
85	3	0	0	0	0
85	4	0	0	0	0
85	5	1	1	5	3
85	6	4	3	4	5
85	7	1	3	4	4
85	8	5	3	6	5
85	9	1	1	1	3
85	10	3	2	3	4
85	11	1	2	2	2
85	12	-1	2	1	2
85	13	1	1	1	2
85	14	1	2	1	3
85	15	2	3	1	2
85	16	4	3	6	5
85	17	3	2	4	4
85	18	2	2	3	4
85	19	2	2	2	3
85	20	1	1	0	2
85	21	1	1	0	2
85	22	2	2	3	3
85	23	2	2	4	5
85	24	1	1	2	2
85	25	1	3	0	1
85	26	1	1	4	2
85	27	2	2	3	2
85	28	1	2	2	2
85	29	0	1	0	3
85	30	0	1	5	4
85	31	0	2	2	1
85	32	2	3	3	2
85	33	4	3	8	4
85	34	1	1	1	0
85	35	2	2	2	1
85	36	1	1	1	1
85	37	-1	1	0	1
85	38	1	1	3	3
85	39	1	0	4	2
85	40	0	3	0	2
85	41	0	1	0	1
85	42	3	2	1	3
85	43	0	2	3	3
85	44	3	1	1	1
85	45	1	1	4	3
86	1	0	2	6	2
86	2	1	1	2	3
86	3	1	1	1	0
86	4	0	0	0	1
86	5	0	2	2	1
86	6	0	2	0	0
86	7	0	1	1	0
86	8	2	1	3	4
86	9	2	2	2	4
86	10	0	0	-1	1
86	11	1	2	3	2
86	12	4	2	2	4
86	13	2	2	3	4
86	14	2	2	2	4
86	15	4	2	5	4
86	16	3	1	3	2
86	17	0	0	0	0
86	18	-1	0	0	0
86	19	0	0	-1	0
86	20	2	1	1	2
86	21	4	3	7	5
86	22	1	1	4	2
86	23	-1	2	0	-1
86	24	4	3	4	4
86	25	2	2	3	3
86	26	2	1	3	2
86	27	3	2	4	3
86	28	2	2	3	4
86	29	6	3	6	5
86	30	3	4	9	5
86	31	4	2	9	5
86	32	0	1	0	1
86	33	1	1	2	3
86	34	2	1	3	2
86	35	0	0	0	0
86	36	2	0	3	0
86	37	1	2	2	1
86	38	1	0	0	1
86	39	2	2	4	4
86	40	2	3	3	4
86	41	0	2	4	1
86	42	0	2	0	2
86	43	3	1	3	4
86	44	2	0	0	1
86	45	2	1	3	2
87	1	2	0	4	3
87	2	1	1	4	4
87	3	2	0	1	2
87	4	2	2	0	1
87	5	0	0	1	0
87	6	1	0	0	3
87	7	0	-1	0	3
87	8	-2	-1	0	1
87	9	-2	0	0	0
87	10	0	0	0	2
87	11	0	0	-1	4
87	12	-3	0	-2	1
87	13	-2	0	0	0
87	14	0	0	1	1
87	15	1	3	3	3
87	16	1	2	4	2
87	17	0	0	1	1
87	18	-2	0	0	1
87	19	1	1	0	4
87	20	2	1	0	3
87	21	3	1	3	3
87	22	0	1	3	1
87	23	0	0	1	1
87	24	0	2	1	3
87	25	0	1	2	1
87	26	-1	0	1	1
87	27	-1	0	-2	2
87	28	0	1	-1	0
87	29	2	1	2	2
87	30	1	2	3	1
87	31	-1	0	-1	2
87	32	-1	0	-1	2
87	33	0	0	-1	1
87	34	1	1	1	2
87	35	4	1	3	4
87	36	0	0	0	0
87	37	0	0	-2	1
87	38	0	0	-1	1
87	39	-1	0	-1	0
87	40	0	0	-1	0
87	41	0	0	0	0
87	42	0	0	0	1
87	43	-3	0	-1	0
87	44	0	0	0	0
87	45	0	0	0	3
88	1	-1	0	0	3
88	2	0	0	0	3
88	3	0	1	3	3
88	4	-2	1	1	1
88	5	-1	1	0	1
88	6	1	1	2	4
88	7	2	3	5	5
88	8	0	0	1	4
88	9	-1	0	-1	1
88	10	1	0	3	3
88	11	0	0	1	3
88	12	1	0	1	3
88	13	-1	-1	-2	0
88	14	1	1	1	2
88	15	0	0	0	0
88	16	2	4	6	5
88	17	1	1	3	4
88	18	3	3	2	4
88	19	3	1	2	3
88	20	1	2	4	4
88	21	2	0	0	2
88	22	-2	0	0	0
88	23	-2	0	-2	0
88	24	-2	0	-2	1
88	25	0	0	-1	2
88	26	1	1	5	2
88	27	3	1	2	5
88	28	-1	1	0	2
88	29	3	2	6	5
88	30	3	1	4	5
88	31	1	1	3	4
88	32	4	2	6	5
88	33	-1	1	4	2
88	34	-1	-1	0	1
88	35	-3	0	-3	1
88	36	-2	0	-3	0
88	37	1	2	5	5
88	38	0	0	2	3
88	39	0	0	1	3
88	40	0	1	1	3
88	41	0	1	3	2
88	42	2	2	3	3
88	43	2	1	1	3
88	44	0	1	2	3
88	45	0	3	4	3
89	1	5	4	5	6
89	2	2	3	5	5
89	3	1	3	5	3
89	4	0	2	0	2
89	5	-1	2	0	3
89	6	-1	2	1	2
89	7	1	2	1	2
89	8	3	4	3	3
89	9	1	2	0	0
89	10	1	2	2	5
89	11	5	4	5	6
89	12	7	5	8	7
89	13	3	3	2	2
89	14	1	2	3	3
89	15	3	3	3	3
89	16	3	3	1	4
89	17	1	2	0	4
89	18	0	2	0	2
89	19	2	3	4	4
89	20	4	3	5	3
89	21	2	1	2	3
89	22	0	1	0	2
89	23	-2	2	-2	1
89	24	0	3	1	3
89	25	4	2	4	5
89	26	2	4	4	3
89	27	1	2	0	3
89	28	5	3	6	5
89	29	3	3	3	5
89	30	3	3	2	5
89	31	2	2	4	4
89	32	5	5	7	7
89	33	4	3	6	4
89	34	4	3	4	5
89	35	3	2	3	4
89	36	4	4	4	6
89	37	3	2	3	4
89	38	1	2	3	4
89	39	3	3	3	4
89	40	3	3	3	4
89	41	5	4	6	6
89	42	2	4	4	4
89	43	2	4	2	3
89	44	0	2	1	3
89	45	2	1	0	1
90	1	-1	1	0	0
90	2	-1	1	0	0
90	3	-3	0	-4	-2
90	4	-1	-1	-1	-1
90	5	-1	0	0	0
90	6	0	2	4	3
90	7	-2	0	1	1
90	8	-4	-1	-3	0
90	9	-1	0	-3	0
90	10	-2	0	-4	0
90	11	0	1	1	1
90	12	0	1	3	1
90	13	0	1	3	2
90	14	1	0	4	1
90	15	0	0	-1	1
90	16	1	2	3	2
90	17	0	1	2	1
90	18	1	2	0	3
90	19	1	1	4	2
90	20	0	1	4	2
90	21	0	1	1	1
90	22	1	1	1	3
90	23	0	1	0	2
90	24	0	1	0	0
90	25	-2	1	2	0
90	26	0	1	0	1
90	27	2	0	1	2
90	28	-1	0	0	1
90	29	0	0	0	1
90	30	0	1	1	4
90	31	0	0	2	1
90	32	-1	1	1	1
90	33	0	0	0	0
90	34	2	2	0	3
90	35	0	0	2	1
90	36	0	1	3	1
90	37	3	3	3	3
90	38	0	-1	0	1
90	39	3	1	5	4
90	40	0	1	5	2
90	41	1	1	4	0
90	42	2	1	2	3
90	43	-1	1	0	1
90	44	0	1	3	3
90	45	0	0	0	1
91	1	0	1	4	3
91	2	-3	0	-3	0
91	3	0	0	0	1
91	4	0	0	1	3
91	5	-2	0	1	1
91	6	0	0	0	2
91	7	4	2	5	5
91	8	0	0	0	3
91	9	0	1	4	1
91	10	0	1	1	3
91	11	2	0	3	3
91	12	-2	0	-2	2
91	13	2	0	4	2
91	14	2	1	1	4
91	15	0	1	-2	0
91	16	-1	0	0	0
91	17	1	0	2	3
91	18	0	0	1	3
91	19	-3	0	-3	1
91	20	0	0	0	2
91	21	3	1	6	6
91	22	1	1	5	1
91	23	3	1	3	2
91	24	3	2	6	5
91	25	0	1	2	4
91	26	3	1	4	6
91	27	-1	0	2	3
91	28	-1	1	-1	1
91	29	-2	0	-3	0
91	30	-3	-1	0	2
91	31	-3	-1	-3	0
91	32	-2	-1	-2	0
91	33	-1	0	-1	0
91	34	-2	0	-1	0
91	35	1	0	0	0
91	36	0	-1	-1	0
91	37	0	0	-1	2
91	38	1	1	2	3
91	39	1	2	2	5
91	40	0	1	3	3
91	41	-1	1	-1	1
91	42	-1	0	1	2
91	43	-3	0	-2	1
91	44	0	1	0	2
91	45	1	1	0	2
92	1	2	1	2	6
92	2	2	1	4	4
92	3	3	2	6	3
92	4	0	1	4	1
92	5	2	1	2	4
92	6	-1	1	0	1
92	7	-4	0	-3	0
92	8	2	1	3	2
92	9	4	2	5	6
92	10	0	2	3	2
92	11	-1	0	0	1
92	12	0	0	0	2
92	13	-2	0	0	1
92	14	-3	0	-1	2
92	15	2	2	1	3
92	16	3	3	6	3
92	17	0	1	2	2
92	18	0	1	2	2
92	19	0	1	2	3
92	20	-1	0	0	1
92	21	0	1	2	3
92	22	-2	0	0	0
92	23	2	2	3	4
92	24	0	0	1	3
92	25	1	2	5	1
92	26	-1	0	-2	0
92	27	0	0	0	2
92	28	-2	0	-1	1
92	29	-1	1	-1	1
92	30	-2	0	1	2
92	31	0	0	2	1
92	32	0	2	1	2
92	33	0	0	0	3
92	34	0	2	1	2
92	35	-1	-1	-1	1
92	36	0	1	0	3
92	37	0	2	1	2
92	38	0	2	1	2
92	39	1	3	6	4
92	40	0	2	3	4
92	41	2	3	3	5
92	42	-1	0	0	1
92	43	0	3	2	3
92	44	1	2	3	4
92	45	3	3	6	6
93	1	3	2	5	4
93	2	5	1	6	4
93	3	5	2	7	6
93	4	3	2	5	5
93	5	2	1	3	3
93	6	2	1	5	4
93	7	1	1	4	3
93	8	6	3	7	5
93	9	4	2	4	5
93	10	5	2	5	5
93	11	2	1	1	2
93	12	1	1	4	2
93	13	-1	0	2	1
93	14	3	1	4	4
93	15	5	2	4	5
93	16	1	2	2	5
93	17	0	0	1	4
93	18	1	0	2	3
93	19	4	3	4	4
93	20	3	3	6	6
93	21	1	2	4	4
93	22	5	1	7	6
93	23	3	1	1	4
93	24	3	2	0	3
93	25	0	1	0	1
93	26	1	1	1	2
93	27	-1	0	-1	0
93	28	1	1	0	2
93	29	0	0	2	1
93	30	3	2	4	5
93	31	6	2	7	4
93	32	3	2	4	5
93	33	3	1	5	5
93	34	5	3	6	5
93	35	2	1	3	4
93	36	-1	0	0	0
93	37	0	2	0	2
93	38	3	1	4	3
93	39	0	2	1	2
93	40	3	2	3	4
93	41	1	2	3	3
93	42	0	-1	-1	0
93	43	3	0	2	2
93	44	2	1	3	3
93	45	2	1	3	5
94	1	-1	2	0	1
94	2	1	3	1	2
94	3	1	2	2	2
94	4	2	2	3	3
94	5	5	5	7	6
94	6	4	4	3	4
94	7	6	4	5	6
94	8	2	4	7	5
94	9	4	3	8	5
94	10	5	4	7	6
94	11	7	6	10	6
94	12	3	3	6	5
94	13	5	3	7	4
94	14	3	4	7	4
94	15	2	3	2	4
94	16	1	2	4	3
94	17	0	3	1	3
94	18	2	3	4	3
94	19	1	3	0	3
94	20	2	3	3	4
94	21	2	5	7	6
94	22	2	4	6	5
94	23	3	3	4	3
94	24	1	2	2	3
94	25	1	3	5	3
94	26	2	3	3	3
94	27	0	2	3	3
94	28	2	4	4	4
94	29	5	4	6	4
94	30	4	3	5	7
94	31	4	5	9	7
94	32	2	2	6	5
94	33	3	3	4	3
94	34	0	2	2	2
94	35	2	3	3	4
94	36	3	3	3	4
94	37	1	4	3	4
94	38	3	4	4	3
94	39	0	2	1	4
94	40	0	2	6	4
94	41	2	3	4	4
94	42	2	3	3	2
94	43	3	3	3	3
94	44	2	4	4	3
94	45	3	2	6	5
95	1	-3	0	0	1
95	2	0	-1	4	2
95	3	-3	-1	-3	-1
95	4	-3	-1	0	1
95	5	0	0	0	2
95	6	0	0	2	3
95	7	0	0	1	2
95	8	-1	0	1	0
95	9	-1	0	0	2
95	10	-1	-1	4	2
95	11	2	0	1	2
95	12	0	0	3	1
95	13	0	0	1	1
95	14	-1	0	4	2
95	15	0	0	3	2
95	16	-1	0	0	0
95	17	-2	0	0	0
95	18	0	0	2	2
95	19	0	1	3	3
95	20	1	0	2	1
95	21	-2	0	-1	1
95	22	3	1	3	2
95	23	0	0	2	1
95	24	0	0	2	3
95	25	0	0	2	2
95	26	0	0	1	1
95	27	-2	0	0	0
95	28	0	0	0	2
95	29	1	0	3	2
95	30	-1	0	0	0
95	31	-2	0	0	0
95	32	1	0	0	2
95	33	-2	0	4	1
95	34	-3	-1	1	1
95	35	-1	0	3	2
95	36	1	0	1	2
95	37	0	0	1	4
95	38	-1	0	0	1
95	39	0	2	1	2
95	40	2	1	6	4
95	41	0	0	5	2
95	42	0	0	3	1
95	43	2	0	5	3
95	44	-3	-1	-2	0
95	45	0	0	1	0
96	1	0	1	1	4
96	2	1	2	0	4
96	3	6	4	3	6
96	4	5	4	6	7
96	5	3	2	2	5
96	6	4	2	0	4
96	7	5	3	2	5
96	8	3	2	1	5
96	9	4	3	1	6
96	10	3	2	0	4
96	11	4	2	1	5
96	12	3	3	1	4
96	13	4	3	3	4
96	14	2	3	3	5
96	15	2	3	1	4
96	16	2	1	1	4
96	17	2	2	0	4
96	18	3	3	2	4
96	19	2	2	2	5
96	20	3	2	0	5
96	21	2	2	2	6
96	22	5	5	4	7
96	23	5	3	5	8
96	24	3	3	2	4
96	25	5	2	3	5
96	26	4	3	3	7
96	27	6	3	6	6
96	28	6	2	6	5
96	29	5	4	3	5
96	30	0	1	0	4
96	31	2	2	0	4
96	32	6	3	3	6
96	33	8	5	7	9
96	34	3	3	4	5
96	35	5	3	1	5
96	36	1	2	1	2
96	37	1	3	2	4
96	38	5	4	5	4
96	39	2	1	0	2
96	40	0	0	-3	2
96	41	0	0	-1	3
96	42	0	1	-2	1
96	43	0	0	-3	1
96	44	1	3	1	3
96	45	4	4	6	6
97	1	0	0	1	2
97	2	0	0	1	1
97	3	-2	-1	0	0
97	4	0	0	0	2
97	5	0	0	3	1
97	6	1	0	1	2
97	7	0	0	-1	3
97	8	-1	0	1	1
97	9	-1	0	0	2
97	10	-1	0	1	4
97	11	-1	0	3	3
97	12	-2	0	-1	2
97	13	-1	0	1	1
97	14	0	0	-1	1
97	15	-1	0	0	2
97	16	0	-1	0	1
97	17	-2	0	-1	1
97	18	0	0	-3	1
97	19	0	0	-2	3
97	20	0	0	2	1
97	21	1	1	2	4
97	22	0	0	0	1
97	23	-5	-2	-4	-1
97	24	-4	-1	-4	0
97	25	0	0	-2	2
97	26	-2	0	0	2
97	27	-1	-2	-3	1
97	28	-1	0	-2	2
97	29	-1	-1	-1	0
97	30	-2	-1	1	0
97	31	-2	-2	0	0
97	32	-3	0	0	1
97	33	0	1	1	2
97	34	0	-1	0	1
97	35	0	0	1	3
97	36	0	0	0	3
97	37	-2	-1	-3	0
97	38	-2	0	-1	0
97	39	-3	-1	-4	0
97	40	-2	0	0	1
97	41	-2	0	0	0
97	42	-4	-1	-3	0
97	43	-2	-2	-1	0
97	44	-2	0	0	0
97	45	-4	-1	-5	-1
98	1	0	0	1	0
98	2	-2	0	0	0
98	3	0	0	-1	0
98	4	0	0	-1	-1
98	5	-1	0	2	0
98	6	-2	0	0	-2
98	7	0	1	0	0
98	8	2	2	3	3
98	9	0	1	0	1
98	10	0	3	2	2
98	11	2	2	3	2
98	12	4	3	6	4
98	13	2	2	3	1
98	14	0	1	3	0
98	15	0	0	3	0
98	16	0	0	4	1
98	17	0	1	0	0
98	18	-1	1	-1	0
98	19	-1	0	0	0
98	20	1	1	2	3
98	21	0	0	2	0
98	22	-1	0	-1	-1
98	23	1	1	2	0
98	24	0	1	0	1
98	25	0	1	0	0
98	26	0	0	0	0
98	27	-3	0	0	0
98	28	0	2	0	0
98	29	-2	0	-1	-1
98	30	0	0	1	0
98	31	-2	1	0	0
98	32	0	1	1	0
98	33	0	1	1	1
98	34	0	2	1	0
98	35	-2	0	-2	-1
98	36	0	0	1	0
98	37	0	1	0	0
98	38	-2	0	-2	0
98	39	0	0	0	0
98	40	1	1	1	-1
98	41	0	1	3	0
98	42	2	2	5	2
98	43	1	2	4	1
98	44	0	0	1	0
98	45	1	2	3	1
99	1	3	3	4	3
99	2	3	3	10	5
99	3	4	3	7	3
99	4	2	2	4	4
99	5	4	1	6	5
99	6	0	3	3	3
99	7	3	2	6	4
99	8	1	3	4	4
99	9	1	3	3	2
99	10	1	2	5	4
99	11	3	4	6	4
99	12	0	1	0	3
99	13	0	1	5	3
99	14	4	2	2	2
99	15	2	3	5	3
99	16	1	3	4	5
99	17	0	3	3	6
99	18	1	4	3	5
99	19	0	2	2	3
99	20	3	2	5	5
99	21	4	4	6	5
99	22	1	1	2	2
99	23	0	1	1	2
99	24	2	4	4	2
99	25	4	3	5	5
99	26	3	4	6	6
99	27	4	4	8	6
99	28	3	4	4	4
99	29	1	2	3	4
99	30	1	4	3	2
99	31	0	3	0	3
99	32	1	1	5	2
99	33	0	2	0	2
99	34	1	2	1	4
99	35	3	3	6	3
99	36	2	2	3	2
99	37	0	1	2	3
99	38	0	2	5	1
99	39	2	1	4	2
99	40	0	1	2	4
99	41	1	2	2	3
99	42	1	3	5	4
99	43	2	3	5	3
99	44	1	4	7	4
99	45	3	3	4	3
100	1	3	2	6	4
100	2	6	3	8	5
100	3	2	2	4	4
100	4	2	2	6	5
100	5	2	2	5	6
100	6	1	2	5	3
100	7	4	1	5	5
100	8	2	3	5	5
100	9	5	3	7	6
100	10	1	3	5	6
100	11	3	2	3	3
100	12	4	3	7	5
100	13	3	4	6	5
100	14	2	1	4	4
100	15	1	3	6	6
100	16	2	1	3	5
100	17	5	3	6	3
100	18	2	3	7	6
100	19	3	3	4	5
100	20	3	3	8	5
100	21	4	4	8	5
100	22	4	3	8	4
100	23	3	3	6	2
100	24	2	3	3	5
100	25	3	1	4	3
100	26	2	3	5	5
100	27	3	4	11	5
100	28	4	3	6	6
100	29	3	3	4	4
100	30	0	4	3	4
100	31	5	4	7	6
100	32	5	4	7	5
100	33	5	3	8	7
100	34	3	3	9	4
100	35	4	3	8	4
100	36	4	5	9	5
100	37	3	3	9	5
100	38	1	3	4	3
100	39	4	4	7	5
100	40	0	2	1	3
100	41	1	2	0	3
100	42	2	4	5	2
100	43	2	3	5	3
100	44	0	1	2	2
100	45	0	3	3	3
