1	3	2	1	0	3	3	3	2	0	2	3	2	4	3	6	2	5	3	3	3	5	2	2	2	0	3	2	0	1	0	1	2	2	0	0	0	0	3	2	2	4	3	1	3	5
2	0	2	4	1	2	2	2	3	3	0	1	5	0	1	1	1	1	3	1	3	2	4	3	5	-1	2	1	2	2	2	2	4	2	2	3	5	2	4	5	5	3	8	2	4	4
3	-1	0	-1	-1	0	-2	0	0	-1	-1	0	-5	-3	-1	-7	1	0	-2	0	2	2	0	-1	0	-1	0	-3	-2	0	-2	0	0	1	3	1	3	0	1	0	-1	0	-4	0	0	0
4	2	2	2	3	3	5	2	3	3	1	1	2	0	1	0	0	1	0	0	0	2	1	1	6	3	2	3	3	2	4	5	3	7	4	3	5	0	1	-2	1	1	0	1	2	0
5	5	3	3	2	4	6	2	3	5	5	4	10	4	3	6	-1	1	2	1	3	1	2	2	3	0	2	4	1	2	3	0	4	3	2	3	4	0	3	3	0	2	4	0	2	3
6	2	0	6	1	0	0	0	0	0	0	0	0	0	0	0	3	0	6	4	1	5	2	0	4	3	1	2	-1	0	1	2	1	3	1	0	0	0	0	-1	-1	0	-2	0	0	0
7	2	1	6	-1	1	0	1	1	0	4	1	5	3	2	6	1	4	3	1	1	4	1	2	7	2	3	9	2	2	5	5	3	6	1	2	2	0	2	2	0	0	0	0	1	2
8	0	2	2	0	3	3	3	2	6	3	3	3	1	2	5	3	2	6	3	3	6	1	4	5	1	4	4	4	4	8	2	2	7	5	4	6	3	3	7	3	2	6	3	3	6
9	5	4	6	6	5	7	1	3	5	3	5	3	0	2	3	1	2	0	3	2	5	2	2	2	2	1	3	3	2	5	5	4	7	4	3	5	5	3	7	5	4	8	4	4	6
10	4	4	6	3	3	3	4	3	6	4	4	4	3	5	6	4	5	7	0	2	0	0	3	2	3	3	4	1	2	1	3	3	5	4	3	5	1	2	2	0	2	0	0	2	3
11	0	0	1	-1	-1	0	2	1	4	3	1	4	1	1	2	5	1	5	3	1	2	1	0	2	1	-1	0	2	0	0	2	0	5	3	0	1	0	0	0	1	0	0	3	0	3
12	0	1	0	0	1	1	2	2	4	1	1	2	0	2	2	4	2	5	2	2	2	4	3	3	3	1	2	1	0	0	2	1	3	3	0	4	0	2	1	2	0	1	1	1	-1
13	3	2	4	2	1	3	4	2	2	-1	1	-2	0	1	0	-1	0	0	2	2	0	3	1	4	0	0	0	0	1	0	0	0	-2	2	2	0	3	3	2	3	3	4	5	4	4
14	4	3	6	4	2	6	1	2	5	3	2	8	2	2	1	1	1	2	1	2	5	3	1	2	2	1	2	0	2	3	6	3	5	2	2	5	0	0	1	4	2	4	2	1	3
15	2	1	2	2	3	1	1	3	4	0	3	4	0	0	0	2	2	1	3	3	6	1	3	2	1	1	4	3	2	4	0	3	4	3	4	5	0	2	3	1	2	1	0	2	2
16	0	1	3	2	1	3	0	0	1	0	1	3	1	1	5	0	1	2	0	0	0	0	1	1	1	1	3	1	1	2	0	1	1	0	0	-1	0	0	1	0	0	0	1	0	0
17	0	1	2	1	1	0	0	2	1	1	1	2	2	2	3	1	2	2	1	2	2	-1	1	0	1	1	2	0	0	0	0	1	1	0	0	0	1	1	0	0	0	-4	0	1	1
18	4	6	6	5	5	4	4	4	6	7	5	8	7	5	8	2	4	5	4	5	5	2	4	4	6	5	8	4	5	6	6	5	7	7	7	7	5	5	5	4	6	6	3	4	3
19	0	2	3	0	0	1	0	2	2	2	2	1	1	0	2	0	2	3	0	1	3	2	2	7	3	2	6	1	2	2	3	2	8	0	0	2	0	1	0	1	1	1	1	1	0
20	2	2	2	4	2	5	3	3	6	3	1	4	3	3	4	3	3	1	0	1	0	0	0	2	3	1	3	3	3	4	2	1	5	2	2	4	0	0	0	2	1	3	2	2	6
21	3	4	3	4	3	3	5	4	5	4	5	6	3	5	2	6	4	5	4	4	4	2	4	3	4	2	5	6	5	8	5	3	4	2	2	1	4	2	3	3	3	0	6	5	6
22	2	2	2	5	2	4	7	4	8	3	3	3	4	3	4	1	0	0	0	2	0	0	0	1	2	2	5	0	2	4	2	2	2	1	3	1	0	2	4	4	3	6	4	4	6
23	3	2	3	6	2	8	5	3	5	5	4	8	3	3	3	4	4	6	5	3	6	3	2	5	2	2	4	3	2	3	3	2	7	7	6	9	6	5	9	4	3	5	7	4	11
24	3	3	5	2	1	3	4	3	5	3	3	4	5	4	6	2	2	0	0	2	1	1	0	0	0	0	2	3	2	2	7	4	9	4	3	5	5	4	5	5	3	7	6	3	6
25	4	4	4	3	4	3	1	1	0	0	1	-3	0	2	0	-1	2	3	3	4	2	3	4	6	1	2	2	1	3	0	1	2	0	1	2	4	4	5	4	3	3	5	2	3	4
26	4	3	7	3	5	2	2	4	6	1	4	4	1	3	1	3	5	4	10	6	10	5	3	5	2	2	3	6	5	7	3	5	7	5	4	6	4	5	8	9	4	6	3	4	6
27	3	2	5	2	0	3	3	2	3	1	1	0	1	0	0	3	1	4	5	1	5	5	2	5	1	0	1	0	1	-2	4	1	3	0	1	1	2	1	1	0	1	1	3	0	2
28	0	0	0	2	1	2	0	0	0	-3	-1	-2	-2	-1	-1	-4	0	-2	2	2	3	1	1	0	0	0	1	0	0	1	2	3	4	4	1	6	0	2	1	-1	1	0	0	0	0
29	4	2	3	5	4	5	4	5	5	3	4	5	3	4	2	0	2	1	2	2	1	4	4	4	-1	2	3	3	3	5	1	1	4	0	3	1	2	3	4	3	3	6	1	1	1
30	0	1	0	-1	0	0	-1	0	-2	0	1	0	0	1	3	0	0	3	0	1	1	-3	-1	-1	1	1	0	0	0	0	0	1	0	3	1	3	1	2	6	0	0	0	0	1	5
31	4	2	5	0	1	0	1	2	1	1	0	0	2	3	4	1	3	5	0	1	0	0	3	1	3	2	2	2	2	3	1	1	0	0	0	0	0	1	3	0	1	0	2	1	-1
32	2	2	4	0	2	4	0	2	2	0	1	0	0	1	1	2	3	3	1	0	-1	2	3	4	0	2	3	1	2	2	0	0	0	1	2	2	0	3	4	0	3	3	2	3	2
33	0	1	3	0	1	4	-1	2	0	-1	0	0	0	2	1	0	1	1	-1	0	1	0	2	0	0	1	2	3	3	5	0	1	2	0	0	2	0	0	0	-1	0	0	-2	0	-2
34	0	0	0	1	2	3	1	0	0	-2	0	-2	-3	0	-2	-3	0	-4	0	0	-3	0	1	0	-1	0	-1	-2	0	0	0	0	-2	0	0	0	0	0	0	0	1	1	-5	-2	-5
35	1	0	0	1	1	-2	1	2	0	3	1	1	7	2	5	2	1	2	2	1	0	0	0	0	2	0	3	2	1	1	5	2	3	3	2	3	3	2	2	1	2	1	3	1	0
36	3	3	2	3	2	4	2	3	2	3	1	4	2	2	3	-1	1	0	-1	0	1	0	1	-1	0	2	0	0	2	0	0	1	0	2	1	2	2	3	3	2	2	3	0	2	-2
37	0	1	1	0	2	1	1	2	2	0	1	0	-1	0	-1	2	2	4	3	1	4	4	1	1	4	4	4	3	1	0	3	2	2	2	2	3	4	2	6	0	0	1	1	2	2
38	3	2	4	4	2	6	4	3	3	2	2	0	5	2	3	0	2	0	4	3	6	3	2	4	3	3	2	1	1	-1	1	2	3	4	4	6	3	3	4	3	1	3	0	2	5
39	1	3	3	4	3	5	3	3	6	4	3	6	1	2	3	2	2	0	3	2	6	3	4	5	7	4	9	4	2	5	1	2	1	6	5	8	4	5	7	4	3	7	1	2	5
40	2	2	5	1	1	3	4	3	6	3	2	7	3	2	2	7	3	7	4	3	5	5	3	6	5	3	7	3	4	3	3	3	5	3	2	4	1	1	2	0	2	2	1	2	2
41	5	4	7	3	3	3	0	1	2	1	2	4	3	3	2	4	5	6	4	2	7	6	4	6	5	3	5	3	4	5	3	4	2	5	5	9	1	2	0	4	4	5	0	2	1
42	2	2	0	2	2	3	3	3	7	4	3	8	5	4	6	3	2	5	3	3	2	3	3	5	4	3	6	3	1	2	0	2	0	1	2	2	1	3	6	2	2	5	1	3	2
43	4	4	4	0	3	0	0	3	0	2	2	6	3	3	2	5	3	5	6	4	7	4	3	3	6	4	5	8	6	6	7	5	6	3	5	7	3	3	5	3	2	4	0	2	5
44	1	1	1	-2	0	1	0	-1	-1	0	0	3	-2	0	1	0	0	3	2	2	2	0	1	2	0	0	2	-1	0	0	-1	0	-1	-1	0	1	-3	-2	-1	-3	-1	-3	-1	0	1
45	1	1	2	3	1	0	1	1	-1	1	0	1	0	1	-1	2	1	0	-1	0	-1	-1	0	0	1	0	1	-1	0	-2	0	0	0	-1	0	-3	0	0	-2	0	3	0	-1	0	0
46	5	5	5	4	4	4	3	3	3	1	2	-1	5	4	3	1	2	0	4	3	5	3	4	5	5	5	6	4	4	2	2	4	0	3	5	5	2	3	5	0	1	0	4	3	4
47	0	3	2	1	2	4	2	4	6	2	3	4	4	5	7	2	5	9	0	2	3	0	3	5	3	4	3	2	3	4	0	3	1	5	3	7	1	3	2	5	4	7	1	3	4
48	3	2	4	4	3	1	4	3	3	4	3	2	5	4	6	2	2	0	0	2	0	0	1	-1	0	1	-1	4	5	4	1	2	1	0	2	2	3	3	3	4	4	5	2	2	0
49	0	0	-1	2	0	-3	1	0	0	3	1	0	4	1	3	2	0	1	3	2	4	6	3	5	5	3	3	1	1	0	3	0	1	0	0	0	-1	-2	-3	-5	-2	-6	1	0	-2
50	2	1	0	0	1	0	-1	0	0	-3	0	-3	-5	0	-3	-1	0	0	0	2	0	0	1	0	0	3	3	3	4	4	1	1	3	0	3	3	2	2	3	1	2	1	3	4	3
51	0	0	4	0	1	0	3	3	0	3	1	0	2	2	5	1	1	0	1	0	0	-1	0	-3	1	1	2	3	2	3	2	2	0	5	2	3	2	2	1	0	1	-1	1	3	5
52	0	1	3	0	2	3	0	3	5	4	3	6	4	4	5	-2	2	-1	0	3	1	0	2	1	2	1	4	2	2	5	3	3	2	5	3	9	2	3	6	0	1	1	2	2	4
53	4	1	0	1	2	2	4	3	3	4	4	3	2	0	2	0	2	0	0	1	0	2	0	2	1	0	2	0	1	0	0	1	0	0	0	0	0	1	1	0	1	-2	1	2	0
54	2	1	2	2	2	5	0	2	1	-1	0	-3	0	0	-2	2	1	0	1	0	0	0	0	0	1	2	2	0	2	2	1	2	2	1	1	3	1	0	-3	2	1	1	2	3	4
55	3	3	3	3	3	1	5	2	3	4	2	3	1	1	1	3	0	1	3	2	3	3	2	1	4	3	4	1	0	1	4	2	2	5	4	6	3	2	4	5	1	2	4	1	1
56	-2	0	1	-1	0	-1	-2	0	-1	-3	-1	0	-1	0	1	-2	-1	0	-3	0	-1	-1	-1	-2	0	0	1	-1	0	-1	1	1	3	-1	0	1	-1	0	0	1	0	0	-1	0	1
57	4	4	9	5	4	6	6	5	9	4	5	8	5	4	6	4	5	5	4	4	4	3	6	5	1	2	2	3	2	4	2	3	2	1	2	2	6	5	7	7	4	8	4	4	5
58	-1	1	1	1	1	3	0	2	-2	2	3	4	0	0	0	0	2	0	-1	1	1	3	1	6	1	0	0	0	0	1	0	1	2	1	1	3	1	3	3	1	2	5	1	1	3
59	1	1	2	1	3	0	2	3	3	0	1	0	-1	1	0	0	2	2	0	0	-2	-2	0	1	1	2	2	4	2	4	2	4	4	7	2	7	1	1	3	4	2	3	2	2	3
60	2	3	4	3	1	2	2	1	4	2	1	2	0	0	1	0	1	6	3	2	2	4	1	3	1	1	0	0	2	0	1	0	4	0	2	2	0	2	2	-1	1	0	0	2	2
61	1	1	0	3	2	6	0	1	0	0	0	1	0	0	1	3	3	4	0	1	2	0	1	2	3	2	9	2	1	6	2	2	6	1	0	2	1	1	3	1	1	1	-1	1	0
62	4	4	7	1	3	1	4	2	4	0	1	0	0	2	0	1	2	0	1	4	3	1	2	3	3	3	-1	1	4	1	1	2	0	3	2	3	2	2	3	1	3	0	2	2	1
63	3	2	3	4	2	7	4	4	5	0	3	2	2	3	4	3	2	7	1	2	3	2	3	6	1	2	3	4	3	9	2	3	6	3	3	3	2	3	6	2	4	4	3	3	5
64	5	3	4	4	3	4	4	3	5	6	3	3	3	3	3	3	4	1	1	2	3	3	4	4	0	2	0	4	4	5	4	4	4	4	4	2	3	4	4	2	1	2	4	1	1
65	0	2	1	2	2	2	2	3	4	5	5	9	3	4	7	4	3	8	4	3	6	5	5	9	8	5	11	3	4	7	4	4	7	4	4	4	5	6	9	4	4	9	2	4	4
66	-1	0	1	-1	0	0	1	2	2	-4	1	-1	2	2	2	0	0	0	1	1	1	0	1	3	4	2	0	2	2	3	0	2	2	0	1	1	0	1	2	0	3	2	2	3	6
67	2	3	5	2	2	0	2	1	2	4	3	3	1	1	2	0	2	2	1	2	2	3	3	4	1	3	2	1	2	-1	1	1	-1	0	2	2	2	3	1	4	2	6	2	3	6
68	0	2	4	2	3	2	3	3	5	5	4	5	6	4	8	1	1	2	2	3	1	1	3	0	2	2	1	1	3	1	1	1	1	3	3	3	0	2	2	-1	0	1	0	2	1
69	0	1	0	-1	0	-1	0	0	0	1	1	1	1	0	2	3	0	4	-1	0	2	0	0	0	-1	0	0	-1	0	0	0	0	1	0	1	2	1	1	0	-2	0	-3	0	0	0
70	0	-1	-1	-1	0	-1	0	-1	1	0	0	-1	0	0	4	0	-1	0	-1	-1	0	-2	0	0	-2	0	-3	-4	-1	-3	0	0	0	1	0	1	1	0	-1	-2	0	-2	0	0	0
71	5	2	4	3	3	6	3	4	5	2	2	2	1	2	3	2	4	1	4	4	5	3	3	3	0	1	3	4	3	4	4	1	2	1	0	-1	2	2	1	0	1	0	2	3	4
72	2	4	6	2	5	6	5	5	9	7	6	10	4	5	8	1	3	3	3	4	8	4	5	9	4	4	5	3	4	4	5	6	8	4	5	6	6	4	5	2	3	2	4	4	5
73	0	1	1	0	0	-1	-2	0	0	-2	0	-3	0	0	0	1	0	1	-2	0	0	0	1	-1	2	3	1	0	1	1	-1	1	2	1	2	2	-1	0	0	1	1	0	0	0	-3
74	0	3	2	0	4	3	2	3	4	1	3	5	3	4	4	4	4	5	4	3	3	3	5	6	5	4	6	4	5	7	0	2	0	0	1	0	0	3	0	3	3	4	2	2	3
75	0	2	0	0	2	2	1	1	2	4	2	7	4	5	10	5	4	10	4	3	6	2	4	3	3	2	4	6	3	5	2	4	4	2	2	3	0	3	3	4	3	6	3	4	7
76	3	1	4	-2	0	-2	2	1	1	4	2	2	4	2	3	3	2	3	2	1	0	1	1	1	0	1	0	-3	0	-2	1	1	2	1	1	0	1	2	2	3	2	2	0	2	1
77	4	3	4	3	4	3	4	1	3	2	1	0	1	1	0	0	1	-1	3	2	3	4	1	6	3	4	5	3	3	4	0	2	2	2	0	2	0	2	2	1	2	2	1	2	2
78	2	4	3	1	2	2	3	5	7	2	3	4	2	3	4	4	3	3	3	4	1	4	4	6	4	3	3	1	4	4	4	4	2	0	2	2	3	3	3	5	3	5	5	5	9
79	0	2	3	0	2	3	0	2	6	2	1	3	1	1	4	2	3	2	1	2	5	3	3	6	1	3	4	3	1	7	0	2	3	-1	1	2	4	3	7	2	1	5	4	3	11
80	1	2	1	0	1	1	0	2	1	2	2	4	3	3	5	4	4	4	6	5	7	4	4	7	2	2	2	1	2	1	1	3	4	2	1	2	0	2	1	0	1	1	3	4	6
81	1	1	1	0	0	0	1	2	6	5	3	5	2	0	1	1	2	4	2	1	2	5	2	4	3	3	5	2	3	4	4	2	7	2	1	4	2	2	2	3	0	6	0	1	3
82	1	3	2	0	0	1	1	2	2	3	2	3	0	2	0	0	1	0	3	2	6	2	3	3	3	4	6	5	3	7	3	2	3	2	0	0	1	3	2	4	4	9	6	3	8
83	0	2	0	2	2	1	2	2	3	1	3	5	4	4	9	3	3	8	0	2	1	1	3	5	0	1	2	1	3	3	2	3	5	0	1	2	0	2	2	0	2	2	3	2	5
84	2	2	2	1	3	3	1	2	1	3	3	5	4	2	5	3	5	6	0	1	0	0	2	0	0	1	1	4	3	5	3	4	4	3	4	3	0	1	1	0	2	-1	3	3	4
85	2	2	2	0	2	4	1	2	5	2	1	4	1	2	4	0	0	-1	1	2	5	3	3	3	0	0	1	-2	0	-1	2	2	5	0	2	3	3	3	6	3	3	6	1	2	4
86	0	2	3	-2	0	-1	0	1	1	2	2	1	0	1	2	-1	1	1	0	2	0	0	0	1	1	1	3	5	3	4	3	3	4	2	1	0	1	3	6	1	1	2	2	2	5
87	0	0	0	-2	0	-3	-4	0	-1	-2	1	-3	-1	1	-2	-1	1	-2	-1	0	0	-1	0	0	0	0	3	-2	0	-4	2	1	0	-1	1	-1	-2	0	-4	0	0	-3	5	1	3
88	0	0	2	0	2	2	0	0	1	0	0	0	1	3	3	6	4	8	4	4	9	2	3	4	3	1	5	3	3	5	2	2	4	1	1	3	2	1	6	4	3	5	0	0	2
89	3	3	4	1	2	3	2	2	2	0	1	1	4	3	5	2	3	1	2	3	1	0	2	0	2	2	5	5	4	4	4	3	4	2	3	2	4	2	4	0	2	1	2	2	6
90	2	1	2	0	1	1	1	1	3	0	2	2	1	2	2	1	2	3	-1	1	3	0	1	0	0	2	2	-1	1	1	0	0	2	2	2	1	3	4	6	0	0	0	0	2	0
91	-4	0	1	0	0	4	0	0	2	-3	0	0	-2	0	0	0	0	0	-2	1	0	-1	0	4	0	0	3	0	1	3	0	1	3	0	1	5	-2	0	2	-1	-1	0	1	0	2
92	0	2	3	0	2	3	0	1	3	-1	1	0	0	2	1	0	2	1	-2	1	-1	1	0	-1	0	0	-1	0	2	1	0	1	0	-2	1	-1	0	2	4	0	2	0	1	3	1
93	1	1	0	0	1	0	4	2	3	1	0	2	0	1	3	0	1	1	0	0	-1	3	3	2	2	1	-1	-1	1	0	2	2	0	3	2	4	4	1	3	2	3	3	1	2	0
94	1	2	2	2	2	3	2	2	3	2	2	2	1	1	3	2	3	3	1	3	3	0	3	4	6	4	8	4	4	7	1	3	4	0	2	3	0	0	0	0	1	3	0	1	1
95	0	1	0	-2	0	0	3	0	2	0	1	0	0	1	2	3	2	1	1	1	2	2	1	2	0	1	1	1	2	2	2	2	0	2	3	4	1	0	0	3	1	6	0	0	0
96	0	4	5	2	1	3	3	3	6	3	2	4	5	5	7	6	3	5	1	2	4	2	3	4	3	4	4	3	3	4	3	3	6	1	2	3	2	2	8	3	3	7	0	2	2
97	-2	-1	-2	-2	-1	-2	-3	-1	-4	-1	-1	-1	0	0	0	-3	-1	-3	-6	-1	-4	-1	0	0	0	0	0	-3	0	-1	-1	0	-3	-2	0	1	0	0	2	-2	-2	0	0	0	0
98	2	2	6	0	0	4	0	0	2	-1	0	0	0	1	1	-2	0	0	0	1	3	1	1	3	0	0	2	0	0	2	0	0	0	-3	0	0	-3	0	-1	-3	0	1	-3	0	2
99	-1	1	-1	1	3	2	0	1	1	3	3	3	3	3	3	1	2	1	4	4	0	1	3	1	3	2	5	3	3	3	3	0	0	3	2	0	1	2	1	0	1	2	1	3	0
100	5	6	3	3	3	5	3	6	7	6	5	5	6	4	6	4	5	5	5	4	5	6	3	5	7	4	6	8	4	7	7	5	8	6	5	6	2	1	-1	5	4	4	4	4	3
101	3	2	2	1	2	5	5	4	6	6	3	8	4	2	6	6	4	7	6	4	6	4	3	7	2	1	3	1	1	0	3	3	1	2	2	1	5	4	5	2	2	1	1	2	3
102	3	2	3	2	1	2	0	2	1	0	1	-1	1	2	2	4	3	6	4	3	5	2	2	6	0	1	-1	1	1	1	2	3	3	0	0	1	3	0	4	1	4	1	4	3	4
103	2	3	1	1	2	0	1	3	2	3	4	2	3	4	4	1	3	3	0	2	1	2	3	2	1	3	3	0	1	1	0	3	1	0	3	-1	3	2	4	4	2	4	2	2	5
104	1	1	4	0	3	2	3	4	4	1	2	2	1	1	3	0	2	5	2	3	5	3	3	7	3	3	5	2	2	0	1	3	3	0	3	0	0	3	3	0	3	6	0	2	4
105	2	2	1	2	3	6	2	2	1	3	3	1	3	4	3	2	2	1	2	3	0	2	3	1	0	1	-2	0	0	0	0	2	-1	4	4	8	3	3	5	4	3	1	2	2	0
106	1	2	1	0	2	0	2	3	6	2	3	7	5	4	6	3	3	3	1	1	4	1	2	0	0	2	0	2	2	4	3	2	3	2	3	6	1	1	3	1	2	0	0	2	0
107	5	5	9	4	3	6	4	3	5	3	4	4	3	2	4	4	4	5	3	3	6	3	5	5	3	4	5	-3	1	-2	0	0	0	2	3	3	2	3	1	-1	1	0	0	1	-1
108	4	5	7	3	4	7	1	2	3	1	3	2	0	1	0	0	3	2	3	3	5	2	3	6	4	3	4	5	4	8	5	5	9	3	5	5	4	5	9	6	5	7	6	5	8
109	3	4	6	4	4	6	3	4	5	3	4	3	5	5	8	3	4	3	3	3	5	2	1	2	0	1	0	0	2	0	2	2	4	1	2	4	2	3	6	1	2	3	1	4	6
110	0	1	3	1	2	3	0	0	5	0	1	3	0	1	2	-2	1	-1	0	0	1	0	0	0	0	0	4	1	2	2	2	2	5	1	1	1	0	2	1	1	2	5	-2	1	0
111	5	4	3	2	3	5	-1	3	0	4	3	4	2	2	1	1	2	2	0	2	0	3	2	1	1	3	3	3	2	4	3	3	4	2	2	3	2	4	6	3	3	8	4	4	3
112	3	1	3	0	1	1	1	1	3	-1	0	0	2	1	2	2	2	2	0	0	0	0	0	2	0	1	2	1	0	2	0	1	0	0	0	3	0	1	2	0	0	1	0	0	0
113	6	4	4	5	3	5	4	2	3	4	3	2	0	1	1	3	3	4	1	2	3	3	1	3	6	3	7	6	3	5	2	2	2	4	3	3	6	4	5	4	5	5	4	2	1
114	1	1	2	3	2	2	1	1	2	1	2	2	0	1	0	0	0	-3	2	2	4	-1	1	0	0	1	0	-2	0	0	0	1	0	0	1	0	1	3	2	2	2	3	2	3	2
115	1	1	2	3	2	3	2	2	1	2	2	4	2	2	-1	2	2	3	0	1	1	2	0	1	-1	0	0	-1	0	-1	0	1	4	1	3	3	3	2	1	2	1	3	4	2	3
116	-2	1	1	-2	1	-1	-2	0	2	0	0	2	-1	0	1	-1	0	-1	-2	0	3	-1	0	1	0	1	1	0	2	4	0	0	2	3	3	5	0	1	3	-3	0	0	-3	0	-1
117	2	1	2	1	0	1	3	3	6	2	1	3	3	2	4	3	0	2	1	4	6	3	4	7	1	3	2	2	2	4	0	1	4	2	2	0	0	2	0	-1	0	-2	-1	1	0
118	2	2	3	4	1	3	0	1	1	-1	1	0	3	4	4	3	2	4	3	3	3	2	1	1	1	2	0	1	2	4	3	4	5	3	3	6	7	3	5	3	5	6	4	3	7
119	3	4	7	1	3	7	5	3	6	3	1	3	2	2	6	1	1	6	4	3	4	0	1	2	0	3	3	0	2	2	0	1	0	1	3	3	0	1	2	0	2	2	2	1	2
120	4	3	2	5	5	1	2	3	3	2	4	3	4	3	0	1	3	0	4	3	1	3	4	0	0	2	2	2	2	0	4	3	2	2	4	3	4	6	4	4	5	4	3	5	4
121	0	1	3	0	2	0	0	3	5	1	2	2	0	2	3	0	2	1	1	2	5	3	2	7	0	2	4	-2	1	-1	1	2	2	1	3	1	1	2	5	0	2	3	1	2	3
122	8	7	11	4	5	2	3	4	7	4	4	6	2	3	3	3	4	4	2	5	4	5	3	5	4	5	4	0	3	0	0	2	3	1	3	4	2	3	3	3	3	7	5	3	5
123	4	2	6	6	3	7	5	3	4	3	3	5	4	2	2	3	3	5	3	2	1	3	3	3	2	1	3	1	2	0	1	2	0	1	1	4	2	2	3	5	3	5	3	4	3
124	4	2	6	4	3	5	1	2	1	0	1	0	3	2	2	1	1	0	4	3	5	3	2	4	4	4	4	2	2	1	0	3	2	3	2	2	2	3	4	3	4	5	1	1	0
125	-1	0	1	0	1	1	0	0	3	0	0	1	0	1	1	-1	0	-2	-2	0	1	-4	0	-1	0	0	1	-2	0	-3	-2	0	1	0	1	2	2	2	6	0	0	-1	-2	0	-2
126	3	2	2	5	3	7	5	2	5	5	3	4	2	1	2	2	1	0	1	2	1	3	0	4	5	3	6	4	3	7	3	2	1	3	3	3	4	3	5	3	1	1	1	1	3
127	4	2	3	0	1	1	3	2	2	3	2	3	1	3	3	3	2	2	1	2	3	0	0	0	2	1	2	0	0	2	1	1	1	1	2	2	2	1	2	0	1	0	3	2	3
128	3	3	4	3	4	4	0	1	4	1	2	2	-3	0	-2	-1	0	0	1	3	5	2	3	4	2	2	2	0	1	0	-1	1	0	1	0	2	-2	1	0	1	3	6	0	2	5
129	4	3	4	3	3	6	5	3	6	4	3	2	2	3	4	2	3	5	1	2	2	3	3	6	1	2	2	0	1	1	0	2	4	2	4	4	2	3	7	5	4	9	4	4	8
130	4	4	4	3	3	6	2	2	4	2	3	2	0	2	0	4	4	4	3	3	3	2	3	3	3	3	0	0	1	0	1	1	1	-2	1	-2	2	3	0	6	3	5	4	4	5
131	-3	0	-1	-3	0	0	-1	0	0	-2	0	-2	1	2	2	2	1	1	2	1	5	0	0	2	-2	0	0	2	0	1	0	0	1	0	0	1	3	2	3	0	1	0	-1	-1	-2
132	0	2	1	0	2	2	0	0	1	0	2	3	2	3	7	0	1	5	0	1	1	-3	0	0	0	1	2	0	1	2	2	2	2	0	0	1	-3	0	0	-3	0	0	-1	1	2
133	1	0	-2	0	1	1	-2	1	0	0	0	0	-2	0	-3	0	1	0	4	4	7	3	2	2	0	1	0	0	2	1	-2	1	-1	0	1	0	0	0	0	0	1	4	2	3	4
134	2	2	5	6	4	7	3	4	5	2	3	1	2	3	2	4	3	6	3	2	3	0	2	-1	3	3	1	0	1	0	1	0	1	-1	0	-2	1	1	2	2	2	3	1	2	1
135	3	4	6	1	3	1	1	3	7	3	3	2	3	4	4	3	4	3	2	4	3	3	4	5	1	4	4	2	5	5	3	4	5	3	6	7	3	6	6	1	3	5	0	2	2
136	0	0	0	0	1	1	0	0	3	0	1	1	0	0	3	0	1	2	0	1	3	0	2	2	-1	0	0	-5	-1	-3	-2	0	-2	-2	0	0	0	1	2	-2	0	0	-1	0	0
137	4	6	7	4	4	6	6	6	9	3	4	6	5	6	7	5	4	4	7	5	5	8	4	8	8	5	10	7	6	11	4	6	8	5	4	6	2	3	5	5	5	8	4	6	7
138	2	1	5	1	0	3	1	1	0	0	0	0	3	1	3	3	2	2	5	3	7	1	1	4	2	0	0	2	0	2	0	2	0	4	1	1	0	2	1	5	0	4	1	1	3
139	-1	0	0	0	0	1	1	1	0	-1	0	-2	-3	0	0	-2	0	-2	0	0	-2	0	0	0	0	0	-1	0	1	3	3	0	5	4	1	4	-1	-1	0	-3	0	-5	0	0	0
140	4	5	6	0	3	2	1	3	4	0	4	5	3	4	6	4	4	6	4	5	6	6	4	6	3	3	5	3	3	4	4	4	3	3	4	4	7	6	9	5	5	8	5	3	4
141	-1	0	0	-1	1	5	0	0	0	-3	0	-1	-1	0	0	-1	1	2	-1	0	-1	0	0	0	2	2	3	5	2	8	2	3	4	-2	1	-1	0	0	2	0	1	1	3	2	4
142	0	1	2	-1	1	0	2	1	2	0	2	4	4	4	4	2	1	5	5	2	4	1	3	1	3	3	6	0	3	2	1	3	4	3	4	7	2	4	4	0	2	1	1	3	2
143	4	6	10	2	4	2	1	3	0	2	2	5	0	3	1	3	3	3	-1	2	-1	2	3	4	4	5	4	5	4	6	4	5	7	2	3	5	4	4	3	5	4	5	4	6	8
144	4	3	5	5	4	7	3	3	2	1	3	0	5	3	3	5	4	5	3	4	7	3	4	5	6	5	6	5	6	5	6	5	6	3	4	4	2	3	2	4	4	5	5	4	7
145	6	5	6	3	4	8	3	5	7	3	4	4	4	4	7	3	4	8	5	5	6	6	6	6	2	3	1	6	3	6	3	4	4	0	4	3	6	4	9	3	4	6	4	4	8
146	3	4	2	2	4	1	0	3	1	4	6	4	1	3	-2	0	0	2	1	3	1	0	1	2	0	2	2	0	2	0	0	2	0	-1	1	-1	0	1	0	2	3	3	2	3	3
147	0	1	3	0	3	2	2	3	4	2	4	7	3	4	6	3	4	5	3	4	6	4	4	5	4	4	8	6	5	8	7	4	8	3	3	4	3	3	5	4	5	8	6	6	9
148	-1	0	0	1	0	2	0	1	0	0	1	1	0	0	2	0	0	0	-1	1	0	1	0	1	3	0	3	1	0	1	-1	0	0	-2	0	0	0	0	3	0	1	2	4	2	3
149	0	0	3	0	0	-3	-1	0	-1	-1	0	-1	-1	-1	0	-1	0	-1	-1	1	-2	-1	0	0	0	1	0	-1	1	-1	-1	0	-4	0	0	0	-2	-2	-2	-2	-1	-4	-2	0	0
150	5	3	4	2	4	5	4	4	4	6	3	5	5	4	5	6	5	6	3	4	6	4	4	3	3	3	4	1	3	1	3	5	4	3	2	3	3	4	4	5	5	5	6	6	9
151	-1	0	-1	-2	2	1	0	1	3	0	1	2	1	2	6	-1	1	3	-3	0	1	0	0	0	-1	1	1	-3	0	0	-2	0	-1	-1	0	1	-2	1	0	-3	0	-2	-2	0	-1
152	0	1	1	2	3	4	1	2	0	0	1	0	0	1	1	1	2	1	0	1	3	2	1	1	1	3	4	1	2	-1	-1	0	1	1	2	2	1	3	4	0	2	3	0	1	-1
153	3	2	3	4	3	4	5	2	8	3	1	2	2	2	0	2	2	0	0	1	1	2	2	4	2	1	3	0	0	0	1	1	2	2	1	1	-1	0	-1	0	1	-1	4	4	5
154	5	4	7	6	5	7	6	4	10	2	4	7	2	3	6	3	3	7	3	4	7	1	2	3	3	4	9	4	2	5	4	4	5	0	1	2	0	3	4	0	2	2	3	2	1
155	2	2	0	3	3	5	3	2	3	2	2	2	0	1	2	3	2	4	1	3	3	2	2	0	3	3	3	3	2	7	0	1	3	2	3	2	3	3	4	0	1	2	4	3	8
156	-1	1	2	0	0	2	1	2	3	0	3	2	1	1	0	1	1	0	0	1	0	0	1	2	1	1	2	2	3	2	3	3	3	2	2	3	1	2	1	6	5	12	4	3	8
157	0	0	1	0	0	-2	0	1	-1	2	1	0	1	3	2	2	2	0	3	2	5	4	2	6	6	3	6	0	0	-1	3	1	0	3	2	2	5	4	3	0	2	0	2	1	0
158	3	3	4	2	1	4	4	3	4	3	3	5	2	3	3	4	1	3	3	3	6	6	5	9	4	4	6	3	3	8	3	4	6	2	3	2	2	3	4	1	1	2	0	2	1
159	2	2	3	0	1	0	1	2	1	0	0	-1	0	1	-1	0	0	-1	-2	0	-2	-1	1	1	2	2	3	2	2	4	3	3	7	3	1	2	2	0	0	0	1	-2	0	1	-1
160	-2	1	0	2	2	1	2	3	3	3	3	3	3	4	3	2	3	4	4	2	4	3	2	3	0	2	2	2	4	4	1	3	1	1	3	3	3	4	2	0	1	1	3	2	3
161	2	2	1	2	0	0	0	2	3	2	1	1	0	0	0	0	1	2	0	1	-1	0	0	2	3	1	1	3	2	4	2	1	1	2	2	5	3	1	0	5	4	7	2	1	4
162	5	3	3	5	4	2	3	3	4	4	3	1	3	2	0	0	1	1	3	4	3	2	3	2	3	2	2	4	3	4	1	2	1	0	3	0	4	3	1	4	4	2	2	4	1
163	5	4	6	3	3	1	5	4	5	4	3	4	5	4	5	1	2	1	3	4	3	3	2	4	7	4	7	1	0	0	0	2	2	1	3	2	3	3	5	3	3	0	5	3	6
164	-3	-2	-5	-3	0	-3	-2	-1	-2	-3	-1	-2	-4	-1	-2	-1	0	-1	-2	-1	-3	0	0	1	0	0	1	1	1	2	-2	-1	0	-2	0	-1	-1	0	1	-2	-1	0	-1	-1	-3
165	0	2	3	1	3	4	0	1	1	0	2	1	2	2	5	0	2	2	1	2	4	0	2	4	3	3	5	2	3	3	-1	2	0	3	3	5	1	2	5	3	2	9	2	2	6
166	0	1	3	0	2	2	0	2	1	-1	1	-2	3	3	3	0	1	0	0	3	2	0	2	0	1	1	0	0	1	-1	0	1	1	-2	1	1	0	0	2	0	3	0	0	0	0
167	3	2	5	1	1	1	2	1	4	0	0	0	0	0	3	-2	0	-2	1	2	2	2	1	3	1	3	3	2	0	0	0	1	2	1	1	6	2	1	3	2	1	3	2	2	1
168	3	4	4	3	2	3	4	4	4	0	3	5	6	2	4	0	2	2	2	3	6	2	2	2	3	3	5	1	2	4	4	4	6	3	3	5	7	5	7	4	4	5	2	3	4
169	1	1	0	1	2	1	2	3	2	2	2	4	0	2	-1	0	2	2	1	1	0	3	4	4	0	1	0	0	1	-1	2	3	1	-1	2	1	1	1	2	0	1	0	1	2	2
170	4	2	5	3	2	1	1	0	0	0	1	-2	0	0	-1	2	2	1	2	1	2	2	1	1	2	2	5	3	3	2	2	2	2	3	2	3	3	2	4	2	1	0	4	1	1
171	0	2	3	0	2	3	2	3	3	0	1	1	0	1	2	1	2	3	0	0	0	2	1	5	4	4	6	2	0	5	0	1	1	1	3	5	3	2	2	2	2	4	2	3	4
172	2	2	4	0	0	0	-1	2	0	-2	0	-2	1	1	0	-2	0	1	2	1	4	2	3	4	3	2	2	0	2	0	4	3	7	3	2	3	-1	1	0	1	0	4	0	2	4
173	1	2	2	2	3	3	0	3	1	0	2	2	1	3	1	3	2	3	0	2	4	2	4	3	7	4	11	1	2	5	1	2	2	3	2	2	1	1	0	0	1	2	1	3	3
174	-2	-1	-1	-4	0	-1	-4	-1	-2	0	0	-1	1	-1	1	0	1	4	0	1	2	2	0	2	1	1	2	0	0	0	0	0	0	-1	0	0	-2	0	-2	-2	0	0	-1	0	1
175	5	3	3	0	1	3	2	2	0	0	2	0	5	3	4	3	4	6	3	4	3	4	2	2	3	3	4	2	3	2	0	3	-1	4	3	4	2	3	4	0	3	2	1	1	1
176	3	4	6	3	3	6	4	4	8	2	3	5	4	3	5	3	3	7	3	2	7	3	2	6	4	4	8	3	4	9	5	3	10	2	3	5	1	2	1	4	4	6	2	4	4
177	2	3	4	1	2	5	0	1	0	0	3	2	1	2	0	0	3	4	2	2	7	1	3	4	1	3	3	2	3	6	1	3	4	1	3	2	2	1	1	3	3	4	2	3	5
178	1	2	4	0	2	2	2	1	0	1	2	4	-2	2	2	1	2	2	0	0	1	1	1	3	0	2	3	-2	0	-1	-2	0	-1	0	1	4	3	2	5	2	2	3	0	0	0
179	0	2	0	2	2	2	3	3	2	2	3	5	2	4	5	2	4	5	0	1	0	-2	0	1	-3	0	-3	-3	1	0	0	1	1	1	1	2	2	2	6	3	3	5	2	3	5
180	3	3	6	1	4	5	4	3	7	7	6	11	5	4	6	1	3	6	1	2	2	1	3	3	2	2	2	-2	1	1	3	4	4	-1	3	4	-1	2	0	-1	1	1	2	4	4
181	4	4	5	4	4	6	4	3	3	4	4	6	4	3	4	4	3	5	4	3	7	3	4	3	2	3	5	5	5	4	5	3	3	6	4	7	6	5	7	7	3	4	4	3	4
182	1	2	4	2	0	0	-1	1	-2	1	0	0	0	0	0	0	1	0	0	1	-2	3	1	2	2	2	2	2	1	2	0	1	0	1	0	0	1	1	2	1	2	4	1	2	2
183	1	2	3	2	1	3	1	2	4	4	4	5	3	3	3	1	3	2	1	2	5	1	3	6	2	2	6	1	2	0	2	2	5	5	3	5	3	3	5	3	3	7	0	2	4
184	3	3	6	5	4	7	1	3	4	2	3	2	1	2	1	3	3	6	5	4	8	0	3	4	2	4	4	2	4	5	1	2	2	2	2	4	3	4	6	1	2	6	2	2	3
185	0	1	0	-1	3	3	2	3	5	2	3	5	4	2	4	2	4	7	2	3	4	1	3	5	3	3	6	5	3	5	2	2	4	1	2	1	1	2	2	1	1	5	2	3	5
186	3	2	4	0	1	0	-2	0	-1	0	1	4	1	0	2	3	2	3	2	3	4	1	2	2	1	0	4	0	2	3	2	3	2	2	2	4	1	3	4	2	2	1	3	2	4
187	-3	1	0	-2	0	0	-3	0	0	-3	0	-2	-2	0	-1	-2	1	0	0	0	0	1	2	1	0	0	1	-3	0	-1	-2	0	-6	0	0	0	2	1	3	1	1	-1	2	0	3
188	0	1	-2	1	4	0	-1	1	0	-3	0	-1	0	0	-3	-2	1	-1	1	1	-1	0	0	0	-1	1	0	2	3	1	5	3	5	0	2	3	1	1	0	-1	2	0	0	1	0
189	0	1	-1	0	0	0	-1	0	-2	2	1	3	1	0	5	2	0	2	0	0	0	-2	0	-1	-1	0	0	3	1	3	1	0	0	-3	0	-2	0	0	1	0	0	1	-1	0	0
190	0	3	4	2	3	3	0	2	3	0	3	4	1	2	0	0	3	3	0	3	4	1	4	4	-2	3	3	0	2	4	0	2	4	0	2	1	0	2	3	0	3	6	0	2	4
191	0	1	6	1	1	3	3	4	5	1	1	1	0	2	0	1	3	6	1	1	1	2	2	4	0	0	0	3	2	5	3	2	1	0	3	3	3	2	2	0	2	0	0	2	1
192	0	0	0	1	0	0	3	3	7	1	1	1	1	0	2	2	0	1	3	2	3	2	2	4	6	2	5	5	2	2	3	2	1	4	2	3	3	2	3	4	3	3	2	2	3
193	2	0	0	0	1	0	1	1	2	2	1	1	1	2	4	3	2	3	6	2	4	4	3	8	4	3	6	0	1	1	4	2	2	4	1	6	6	1	6	4	3	4	2	2	5
194	5	4	6	4	4	5	3	2	3	1	2	6	3	3	7	3	4	5	4	2	7	4	3	6	2	2	2	2	3	3	2	3	4	4	3	5	2	3	6	3	4	4	3	5	7
195	1	3	5	2	5	3	1	2	6	3	3	8	3	2	4	2	2	4	4	5	8	2	5	6	2	4	3	1	5	5	2	4	7	4	4	7	4	4	7	1	2	5	1	3	3
196	1	2	0	3	1	3	1	1	1	1	0	1	3	2	2	3	2	4	-1	0	0	1	0	0	1	1	-2	0	0	0	-2	0	-1	-2	-1	-2	3	1	0	1	0	0	1	0	0
197	1	0	1	0	1	2	-2	0	-3	0	2	-1	3	2	2	0	2	2	1	1	3	1	1	0	0	0	0	0	1	1	3	2	3	2	1	2	1	1	0	-2	0	0	0	0	2
198	3	3	5	0	2	3	3	2	3	4	3	2	5	3	5	2	4	3	6	3	4	6	4	9	5	4	7	7	4	6	4	4	4	5	5	6	6	4	8	3	4	6	3	3	1
199	2	3	4	3	2	6	3	4	1	0	3	1	2	1	2	0	4	4	4	3	4	5	4	4	4	3	3	3	4	4	3	3	3	2	1	2	5	2	4	2	3	2	0	2	1
200	2	3	5	3	4	7	2	3	4	4	3	5	3	4	9	2	3	3	3	4	4	1	4	6	2	1	2	2	4	7	1	3	2	1	3	6	3	2	5	3	5	6	3	4	6
201	-1	0	0	2	0	3	-1	0	-2	-1	-1	-1	-3	-1	-3	-2	0	0	1	0	3	0	0	3	-2	-1	0	0	0	1	0	1	3	1	0	1	-1	0	0	-4	-1	0	-2	-1	-2
202	-3	0	1	-3	0	1	-1	1	0	-2	0	0	0	0	3	-2	0	0	3	1	3	1	0	1	0	0	3	0	0	1	-2	1	-2	-1	1	1	2	1	6	0	1	1	0	0	4
203	-2	1	-2	0	0	3	0	0	-1	-2	2	0	1	0	2	5	3	7	2	1	1	4	3	3	1	3	2	2	2	1	0	2	1	2	2	5	0	1	1	0	2	2	0	0	-2
204	6	3	3	4	2	4	2	3	5	4	4	5	3	2	2	0	0	-2	0	0	0	-4	0	-4	-3	0	-4	-1	0	0	0	1	-2	0	2	1	0	0	-2	-1	1	-1	-1	0	-1
205	4	4	9	4	5	7	1	2	4	0	1	0	0	2	0	0	0	0	-1	0	0	0	1	-1	2	2	4	0	1	2	-1	2	1	0	1	0	1	3	5	3	3	4	3	4	7
206	2	1	1	2	1	2	2	2	1	0	2	2	4	2	4	1	2	3	2	1	0	1	1	3	3	3	3	1	3	4	3	2	4	3	3	2	1	1	0	1	1	3	2	3	0
207	2	3	3	4	3	4	4	4	4	5	3	4	2	5	5	2	3	1	4	3	2	3	3	3	1	3	4	1	3	0	3	3	4	1	2	1	4	3	1	3	3	1	0	3	5
208	5	2	8	3	1	4	3	2	4	4	4	7	4	2	5	3	5	6	4	4	6	0	0	0	-1	1	1	0	0	1	1	1	1	1	3	2	0	2	0	0	2	-1	1	2	4
209	1	1	5	-1	0	0	0	0	-2	-1	0	1	0	0	0	-1	1	0	-2	0	-2	-1	0	0	1	0	0	-3	-1	0	0	0	0	-1	0	0	0	0	0	2	0	0	0	0	0
210	4	3	3	3	4	5	2	2	2	3	3	3	4	2	1	2	3	5	3	2	3	6	3	6	4	2	3	1	0	0	2	2	3	2	2	0	5	5	7	4	4	5	5	4	5
211	0	2	0	2	3	1	1	1	0	1	2	3	2	1	1	3	2	6	0	1	1	1	1	0	0	3	0	2	2	2	3	3	2	2	3	6	1	2	2	0	0	0	3	2	4
212	4	4	6	2	3	7	1	0	1	0	0	2	3	3	4	3	2	0	1	2	5	2	2	5	3	3	4	4	3	5	5	4	6	6	4	8	4	2	5	2	2	3	4	4	7
213	-2	0	0	-2	0	-1	-3	0	-1	0	0	-1	0	0	0	0	0	2	0	1	0	1	0	1	0	1	0	0	0	2	-3	0	-2	0	0	0	1	1	0	0	1	0	0	1	3
214	4	5	5	6	4	7	3	4	5	7	4	9	6	5	6	6	4	8	3	4	4	2	3	3	4	4	5	2	3	4	0	2	2	2	3	5	2	2	3	0	3	2	5	3	8
215	4	4	2	6	5	5	4	3	4	6	4	5	2	2	0	4	3	3	0	3	1	3	2	1	1	2	0	2	2	1	1	1	2	1	2	1	2	2	0	0	3	0	3	4	3
216	0	0	0	0	-1	-1	1	0	0	0	0	0	1	0	-3	-2	0	-5	-3	0	-1	-1	0	-1	-2	-1	-4	-3	-1	-2	-2	-1	-3	-2	-1	-1	-1	-2	0	1	0	0	-2	0	-2
217	1	3	3	2	4	3	5	4	7	5	5	8	3	3	3	0	3	2	3	2	2	2	3	3	3	3	3	5	4	5	6	5	8	5	6	5	5	4	4	4	4	5	6	4	4
218	0	1	2	0	1	0	2	3	3	4	3	2	2	5	4	0	1	0	0	1	3	-2	0	-2	3	3	3	1	3	2	-1	2	-2	0	2	3	0	1	1	2	3	4	2	2	5
219	3	5	6	6	5	3	6	5	8	7	6	6	2	4	7	4	2	6	4	4	3	4	4	4	3	5	2	1	5	5	2	3	2	4	3	4	3	3	3	4	3	4	4	5	3
220	1	4	5	5	5	6	4	4	5	4	6	7	2	3	2	5	6	7	3	3	3	4	3	4	1	3	4	2	4	4	3	3	4	2	3	3	3	4	6	1	4	0	6	6	5
221	3	3	5	2	3	2	6	4	7	5	5	4	3	3	6	0	2	2	3	1	4	3	2	6	5	4	8	5	3	6	3	2	6	1	4	5	3	3	1	3	2	3	5	2	7
222	0	0	1	0	1	6	1	2	4	1	3	3	0	2	1	2	2	4	0	1	3	2	2	6	0	2	3	-1	0	0	-1	1	1	-1	0	1	0	1	0	-1	1	0	0	0	0
223	0	1	0	-1	1	0	0	1	-3	-1	0	0	0	1	1	1	1	1	0	1	0	2	1	0	-3	1	-1	-1	0	0	0	2	0	0	0	0	1	2	0	3	2	0	4	2	4
224	0	0	0	-4	-1	-3	0	0	0	0	1	1	-2	0	-1	-1	1	1	2	1	1	0	1	3	0	1	0	0	0	1	1	2	4	-1	1	0	-2	0	-1	-2	0	0	1	1	2
225	2	3	4	1	1	3	-1	1	0	1	2	2	2	3	3	2	3	5	1	3	0	0	1	1	0	1	4	2	2	1	0	1	0	2	2	4	1	2	1	2	2	1	1	2	4
226	0	0	-1	1	0	3	2	4	1	0	2	1	2	1	1	1	1	0	4	2	0	1	2	3	1	0	0	0	2	-2	0	3	4	1	2	2	4	2	2	0	1	0	1	0	1
227	3	4	0	4	4	6	2	3	2	4	5	7	2	3	2	2	3	1	6	4	4	2	4	1	3	4	3	1	2	3	0	1	1	3	2	3	1	3	2	3	4	3	2	3	1
228	1	0	2	2	2	3	1	2	5	2	1	2	3	1	3	1	2	4	1	3	5	5	3	8	6	5	4	6	4	9	5	4	7	6	4	7	4	2	7	1	4	6	3	1	2
229	-1	0	0	0	0	1	-1	2	0	-3	0	2	0	0	0	2	1	3	2	1	3	0	1	1	0	1	4	0	1	4	0	0	0	0	0	0	1	1	0	4	3	6	0	1	0
230	4	4	2	2	2	1	1	2	1	5	4	5	5	2	5	1	3	0	4	4	5	5	4	7	7	5	8	2	3	3	5	3	5	6	4	6	3	4	4	3	4	4	1	3	2
231	3	1	1	-1	0	1	1	1	1	0	1	1	-1	0	-1	-1	0	-3	0	0	-1	0	1	-1	0	1	1	3	2	3	2	0	0	0	0	0	0	0	-1	0	0	-1	-1	0	-2
232	1	0	0	0	1	0	4	2	1	4	1	6	2	2	2	3	0	4	2	2	3	1	0	0	4	3	4	5	2	4	5	3	3	5	1	6	5	3	6	7	4	11	3	2	3
233	2	1	4	2	3	8	3	4	6	0	1	4	0	1	3	1	2	4	1	2	5	2	2	3	0	2	4	1	1	3	1	2	2	3	3	4	0	0	2	2	1	5	-3	1	0
234	4	4	3	5	5	7	4	3	4	5	4	5	2	2	0	1	4	1	0	1	-1	0	2	0	4	4	3	1	3	2	2	3	0	3	4	1	0	3	0	5	5	5	5	5	4
235	1	2	2	2	3	3	3	3	5	2	3	5	3	2	5	3	3	5	4	3	2	2	3	3	1	3	3	2	2	2	2	3	4	2	3	4	2	3	4	2	3	5	3	1	2
236	3	3	4	7	5	5	7	5	7	2	4	0	4	5	6	1	3	4	2	3	4	3	3	1	2	5	3	6	5	4	7	8	12	5	7	8	4	4	8	5	5	5	3	5	6
237	2	2	2	1	4	0	3	4	5	4	3	3	2	3	4	4	3	4	4	1	1	0	3	1	4	4	4	4	3	4	4	3	2	4	3	5	2	2	2	3	3	4	1	2	0
238	0	2	1	1	1	4	3	2	3	0	3	3	0	1	0	1	1	1	0	1	4	3	1	3	4	2	7	0	1	0	0	1	5	2	1	6	0	0	0	1	2	5	4	3	3
239	0	1	0	0	2	1	2	3	3	3	2	4	0	1	2	-1	0	1	1	1	2	0	1	3	0	1	4	4	3	5	1	2	2	4	2	5	2	3	5	1	1	2	0	0	0
240	3	3	5	2	3	2	2	2	2	3	2	1	3	3	4	0	1	0	3	3	5	5	3	4	4	3	6	4	4	4	2	2	2	4	3	2	1	1	0	0	1	0	4	3	4
241	3	4	5	2	3	0	1	3	1	1	3	2	4	4	4	2	3	2	-1	0	0	0	0	0	0	2	-1	3	4	4	4	3	4	5	5	7	4	3	4	4	4	5	3	5	5
242	3	2	2	0	2	4	3	2	2	2	1	0	1	1	3	2	3	2	5	3	3	3	2	5	4	1	2	2	3	4	1	3	2	3	3	2	4	3	5	1	2	2	2	2	4
243	1	0	-4	1	0	1	0	0	-1	1	0	0	0	0	-1	0	1	0	0	0	-2	1	1	-2	0	1	0	2	1	0	3	2	2	1	0	0	3	1	0	2	0	2	2	1	1
244	6	5	8	4	5	3	5	5	7	3	3	5	0	2	-2	2	2	1	2	3	4	4	4	2	2	4	4	5	5	8	5	6	7	5	5	7	6	5	6	4	3	1	4	3	2
245	1	3	4	0	2	0	-1	1	-2	-4	0	-4	0	2	1	1	1	2	1	2	0	0	1	0	1	2	2	3	3	6	2	4	6	2	2	2	4	2	4	5	4	8	4	4	8
246	-3	-1	1	-5	-2	-4	-4	-1	-2	1	0	2	-2	0	-1	-2	0	0	0	0	0	-3	0	0	-2	0	0	-2	0	3	0	0	4	-1	0	3	-1	0	0	0	0	2	1	1	6
247	0	1	-1	3	1	4	3	3	1	5	1	4	5	2	1	3	2	3	5	3	3	7	5	7	3	3	3	1	1	3	3	1	0	2	2	-1	0	1	-1	1	1	0	3	2	0
248	1	3	3	3	3	2	2	3	3	3	3	4	3	2	5	6	3	5	4	5	8	1	3	2	4	4	3	5	4	5	3	3	4	3	4	9	2	2	4	4	4	6	3	3	5
249	4	4	6	5	4	5	8	4	6	0	2	1	4	2	3	2	2	4	2	2	3	1	3	3	5	3	4	5	4	5	4	3	4	6	4	4	5	3	5	3	3	4	3	2	0
250	1	3	3	1	1	0	1	1	-1	3	1	0	3	2	5	0	2	1	3	4	3	2	2	4	2	2	1	1	2	2	0	1	0	1	1	0	-2	0	-3	-1	0	-1	-1	0	0
251	2	2	2	0	2	0	0	0	-2	2	2	1	1	1	0	2	2	0	2	2	2	2	2	1	6	3	4	4	1	3	4	2	8	4	2	5	6	3	5	3	4	4	3	2	4
252	5	4	1	1	2	6	2	2	3	0	3	4	3	2	6	5	2	5	2	3	6	1	2	4	1	3	5	3	2	3	2	2	2	1	2	4	3	3	3	2	3	2	0	2	2
253	4	1	2	0	2	0	2	2	2	4	4	4	4	3	6	2	2	3	3	4	4	1	2	0	3	3	5	0	0	2	3	4	2	3	3	4	5	4	6	4	3	5	2	2	3
254	0	0	-1	0	1	-3	3	4	3	4	4	4	3	3	2	3	3	3	1	2	3	0	2	0	1	2	2	1	2	3	-1	0	0	3	3	0	2	1	4	-1	1	-1	2	3	3
255	0	0	3	0	2	4	0	0	2	0	0	0	-1	0	-2	1	0	3	0	0	1	-1	0	0	1	0	2	-2	-1	-1	1	0	2	-1	0	2	-2	0	-4	0	-1	0	-3	-1	-3
256	5	3	6	4	3	7	2	4	4	6	4	4	3	4	4	4	2	5	0	1	1	4	2	4	1	4	6	2	3	5	0	1	0	1	1	1	3	3	3	2	3	6	6	3	8
257	2	1	1	0	0	0	0	0	-2	0	1	0	3	2	2	1	1	1	1	2	4	1	0	2	2	1	1	0	0	0	0	1	0	-4	0	-2	1	1	0	1	2	3	0	2	4
258	1	2	1	0	1	1	2	2	5	3	2	7	1	2	0	1	1	4	1	1	3	6	3	6	2	3	6	3	4	4	2	2	2	2	2	2	0	2	1	3	2	4	4	3	5
259	1	2	2	0	1	0	0	2	4	0	2	5	3	2	6	0	2	2	1	1	2	1	1	1	-1	2	0	0	3	2	0	1	4	2	3	5	0	2	3	2	3	5	2	3	6
260	3	3	8	2	5	6	2	3	1	2	2	4	-1	2	1	3	3	5	4	5	4	7	4	6	1	3	4	4	4	7	7	5	8	7	6	9	6	5	8	6	4	7	2	5	5
261	1	2	1	2	2	2	3	2	3	1	1	2	0	0	-2	1	1	0	-1	2	-1	1	1	0	3	3	2	1	1	1	2	3	2	2	2	5	3	2	3	2	2	2	6	3	8
262	0	0	1	0	1	1	1	3	2	1	2	2	4	2	4	6	3	9	7	4	9	4	3	5	5	5	5	4	4	8	2	3	3	1	3	3	1	2	4	2	4	3	2	2	2
263	3	2	2	2	1	1	0	1	0	1	2	2	0	1	0	0	2	0	0	2	1	2	2	3	0	1	-1	0	1	0	3	2	5	4	3	4	3	2	6	0	1	0	2	1	0
264	-1	1	2	-2	0	-1	0	0	0	0	0	1	-1	0	1	-3	-1	-2	-4	0	0	0	0	3	-3	0	-2	0	2	0	0	0	2	-1	1	1	3	2	3	4	3	7	0	2	2
265	1	0	3	2	1	1	-1	0	-1	0	-1	-3	-4	-1	-3	0	-1	-1	-1	0	-2	-2	-1	0	-1	0	-1	-2	0	-3	-1	0	0	-1	0	-1	-1	0	-1	-2	-1	-1	-4	0	-3
266	0	0	-1	0	0	-1	1	0	1	1	-1	0	-2	0	-2	0	0	-1	-1	0	-1	1	0	3	2	0	-1	0	1	0	2	0	4	0	0	0	0	3	4	1	1	2	2	2	2
267	3	2	3	2	2	3	3	2	2	5	1	4	3	2	3	2	4	3	2	1	3	4	3	5	4	3	3	2	2	2	1	0	-1	3	0	1	1	2	2	3	3	1	2	3	2
268	4	4	7	4	4	5	6	4	6	5	5	3	4	4	3	4	5	5	3	6	10	5	3	7	4	4	7	4	2	3	4	4	3	5	4	5	3	3	5	6	3	5	4	4	6
269	3	3	3	0	1	1	2	3	3	1	1	2	3	3	5	3	4	6	3	5	4	3	5	3	2	4	3	3	3	5	4	3	5	3	2	4	3	2	4	3	2	4	0	2	0
270	1	2	0	2	2	3	5	3	5	0	2	2	1	2	4	0	1	-1	1	3	3	0	1	0	2	2	2	-1	0	-3	-3	-1	-5	0	0	0	0	1	1	1	0	0	0	1	0
271	0	2	0	0	0	3	0	0	2	-2	0	-1	0	0	0	-1	0	-1	-1	0	0	-2	1	0	0	1	2	1	2	0	-3	1	1	0	2	6	2	1	6	3	2	4	-2	1	0
272	1	0	2	0	0	3	-1	0	-3	0	0	0	-1	1	1	0	1	3	0	0	0	-1	0	1	2	0	4	0	0	0	0	0	1	1	2	5	2	2	3	1	2	2	0	0	1
273	2	3	4	2	4	5	3	3	0	1	1	1	2	2	0	0	0	-1	3	1	1	1	3	4	0	0	3	1	2	3	3	1	2	0	0	0	0	1	0	1	0	0	3	1	3
274	4	5	7	1	3	3	5	4	5	2	3	4	1	4	1	1	3	3	0	3	3	4	4	7	0	4	3	3	2	5	5	6	7	4	5	8	5	5	9	2	4	5	6	4	6
275	-1	0	-1	1	2	0	0	1	2	1	0	0	1	1	0	2	2	3	0	1	2	1	2	0	2	2	3	0	0	-1	0	1	0	0	0	0	-1	0	0	1	2	1	-1	0	2
276	5	4	4	4	2	3	5	4	4	4	2	5	1	1	1	1	2	2	4	3	4	2	2	2	0	1	-2	3	3	3	2	1	3	6	3	4	3	3	1	3	2	0	5	3	4
277	2	3	3	0	2	0	2	1	5	3	2	5	3	3	4	5	4	7	2	1	0	4	5	4	0	1	0	3	1	5	1	2	3	3	1	5	1	1	2	1	1	3	1	2	4
278	1	1	3	0	1	5	3	1	5	1	1	2	1	1	0	1	2	2	0	1	2	-1	0	0	1	0	2	3	1	5	0	2	3	5	2	5	1	3	4	3	2	3	2	2	1
279	0	2	0	1	0	3	1	1	2	2	0	2	0	1	0	0	1	0	0	1	2	1	1	2	2	1	2	0	1	2	-2	1	0	0	0	-2	-1	0	-1	-1	0	-3	1	0	0
280	0	3	2	2	2	0	0	2	2	0	1	0	3	3	4	0	0	1	2	4	8	2	1	5	0	2	4	5	3	5	-1	0	1	0	1	2	0	1	0	3	3	4	0	2	3
281	3	5	6	2	3	3	0	4	4	1	2	0	4	2	3	6	5	5	3	5	5	4	2	4	6	5	7	7	5	8	5	4	4	6	6	8	5	4	7	7	6	10	6	6	8
282	0	1	1	1	1	3	1	2	3	0	0	0	-1	0	0	-2	0	-2	0	0	0	-1	0	-2	0	2	2	2	2	2	3	1	3	2	0	0	3	1	1	3	2	2	1	2	5
283	0	1	1	-1	0	-2	0	1	3	0	1	2	0	3	0	1	1	1	0	1	0	0	1	0	3	1	1	0	1	2	2	2	0	0	0	1	1	2	2	0	2	1	0	1	0
284	0	2	2	0	4	2	3	3	4	0	2	0	1	4	1	2	2	7	1	5	6	7	5	9	4	4	7	2	3	4	0	3	0	1	3	4	0	2	2	0	3	4	1	3	4
285	3	2	4	0	3	4	0	3	4	0	1	0	-3	-1	-1	-3	1	0	-1	1	-1	0	1	1	-1	1	1	0	3	2	0	1	1	0	2	2	0	1	-1	0	2	4	1	2	2
286	4	2	4	1	3	5	6	3	6	6	4	9	3	2	7	4	4	5	1	2	2	1	1	3	1	2	3	-1	1	0	1	2	3	2	3	4	1	3	4	3	3	6	1	2	1
287	3	3	0	4	3	3	4	3	3	4	4	8	4	1	3	3	0	2	0	0	0	2	3	2	0	1	-1	0	0	0	0	2	2	2	1	1	3	2	1	4	3	4	2	1	1
288	0	2	4	1	1	4	-1	0	0	1	2	5	-2	0	2	-1	0	1	-2	0	3	-5	-1	-2	-5	0	0	-1	0	1	1	1	2	-3	0	2	-1	1	0	-2	1	0	-2	0	-1
289	-1	1	2	2	3	3	2	4	7	3	4	6	1	3	5	3	2	4	0	3	1	1	4	5	2	3	4	2	3	5	0	3	5	0	2	0	0	2	1	2	4	5	1	3	5
290	0	1	4	1	1	5	2	2	4	0	2	1	2	1	3	5	4	7	4	3	5	5	3	6	1	2	5	2	2	5	2	3	2	0	2	4	3	3	4	4	3	6	1	3	4
291	2	0	0	-1	0	0	0	0	0	0	0	-1	-2	0	-3	0	0	-1	0	1	2	0	0	0	0	0	0	3	1	2	0	0	0	2	2	4	-1	0	0	-1	0	1	2	1	0
292	0	0	0	0	1	2	0	1	1	-1	0	1	-2	-1	-1	0	1	4	3	2	4	2	1	0	3	1	4	0	0	0	1	0	3	-1	0	0	1	1	2	1	0	3	-3	1	0
293	3	3	2	3	2	5	1	1	0	0	1	0	4	2	4	2	1	2	0	0	0	0	0	1	2	1	0	2	1	1	1	1	3	3	1	1	2	2	4	1	3	1	0	1	1
294	1	2	3	0	1	1	0	2	3	6	2	5	3	2	2	0	1	0	3	2	5	2	3	7	2	2	1	4	2	5	3	2	7	2	3	4	7	2	3	0	2	1	0	2	2
295	0	0	-1	0	1	0	0	0	1	0	0	1	0	0	1	-1	1	1	-5	-1	-3	-5	-1	-4	0	0	-2	-4	0	-4	-2	0	-1	-2	0	0	2	0	1	-1	0	-1	-1	0	-1
296	1	2	0	3	3	2	1	1	2	3	2	3	0	2	3	0	1	0	3	2	2	2	2	3	1	1	0	0	0	0	-1	0	0	-1	0	-1	1	1	2	0	0	1	1	1	1
297	0	0	0	2	0	2	0	0	0	-1	0	0	-1	0	0	-2	0	-2	-1	0	0	-1	1	2	0	0	0	2	0	1	0	0	0	0	0	-1	-2	0	-2	-1	0	-1	0	0	-1
298	2	4	4	3	3	3	3	3	6	0	2	0	2	3	6	4	5	7	3	3	5	6	5	7	3	5	5	2	4	3	2	3	5	2	3	3	3	3	4	3	5	7	2	3	5
299	1	1	2	0	1	0	2	2	3	2	4	2	1	2	3	3	1	1	1	1	2	1	1	2	0	1	3	5	3	5	1	3	3	3	2	4	0	1	2	2	2	5	3	2	3
300	-1	0	0	0	1	1	-1	1	0	0	0	-1	1	0	0	2	2	1	0	1	-1	-1	0	-4	2	1	0	0	0	0	1	0	0	0	1	0	1	0	-1	-1	0	0	0	2	0
301	1	2	1	4	3	3	3	2	3	2	2	3	4	5	6	4	4	4	3	4	4	4	3	4	4	3	7	3	3	5	3	3	3	3	3	3	6	3	5	4	3	3	2	3	4
302	1	3	5	1	3	2	0	2	4	4	3	9	3	3	7	3	5	6	6	3	5	3	3	5	2	4	4	0	2	0	1	1	2	1	2	4	3	2	6	2	3	2	1	2	3
303	4	3	4	2	4	4	1	1	1	4	3	3	5	4	5	6	4	5	1	3	1	3	4	5	6	5	8	4	5	5	3	4	4	5	3	3	3	4	5	4	3	5	6	5	9
304	3	5	5	5	5	8	9	4	7	6	4	6	3	2	3	4	5	4	5	4	3	2	2	3	4	4	5	4	3	3	0	2	0	0	3	1	2	4	4	4	2	6	3	4	4
305	6	3	6	5	1	4	2	3	3	1	2	0	1	4	1	2	3	1	1	1	3	0	3	2	3	3	4	6	4	9	4	2	2	4	3	2	4	4	8	5	4	8	4	3	5
306	1	2	3	3	3	5	2	2	1	2	1	1	0	3	5	5	3	5	1	2	2	4	3	8	6	4	6	0	0	3	4	3	6	0	1	3	2	2	2	2	3	5	3	1	4
307	5	4	5	7	7	7	5	5	9	8	6	11	5	6	5	4	5	7	2	3	4	2	4	5	2	5	5	5	4	8	4	5	7	4	6	8	4	3	4	7	6	9	4	5	6
308	3	1	1	5	3	3	5	1	2	7	3	4	3	2	2	4	3	3	4	3	4	5	3	4	3	3	4	4	4	4	2	1	1	5	3	6	5	3	4	3	3	3	6	2	3
309	0	1	1	-1	1	0	1	1	1	0	1	1	0	0	2	-1	0	-2	-2	-1	-4	-1	1	0	3	3	2	0	1	1	0	2	3	0	0	1	1	2	0	3	3	5	2	3	5
310	-3	-1	-2	-4	-2	-4	-4	0	0	-1	0	2	0	0	1	0	1	2	-2	-2	-2	-4	-1	-1	-1	0	0	0	0	-1	1	0	-1	-2	0	0	-1	0	-1	-3	-1	-1	0	1	3
311	0	1	5	0	0	2	0	1	2	0	1	3	-1	1	4	-4	-1	0	-4	-2	0	0	1	3	0	2	3	-1	0	1	-2	0	1	0	1	5	0	0	3	1	0	0	1	0	3
312	-1	0	2	0	1	2	0	2	3	-1	1	1	0	1	0	-2	1	2	2	3	5	0	1	0	0	1	2	1	0	3	-1	2	3	2	2	6	2	1	3	0	3	4	3	3	5
313	4	5	8	5	4	8	5	4	7	5	5	6	4	5	6	1	2	2	2	5	4	1	3	6	2	2	2	1	3	3	6	6	9	8	4	11	7	6	8	6	4	7	5	6	7
314	1	2	4	1	3	3	3	2	1	2	3	2	2	3	3	2	3	3	4	4	6	4	4	6	6	4	8	0	5	4	2	3	5	3	2	2	4	4	2	4	4	4	4	3	1
315	1	3	0	0	2	1	4	3	4	3	2	1	3	4	5	2	3	5	2	2	0	0	1	0	1	4	1	4	1	4	4	2	4	4	3	4	7	3	6	6	5	6	3	4	5
316	1	0	2	0	1	2	1	0	0	0	0	1	1	1	0	2	2	2	2	1	4	2	2	4	0	1	3	1	1	-1	1	1	5	3	3	5	0	0	0	0	1	0	0	0	0
317	2	2	2	2	2	5	3	1	2	2	1	2	2	2	1	1	1	0	3	3	2	1	1	3	5	4	7	2	2	1	1	4	4	0	1	2	2	1	1	2	3	6	2	3	3
318	5	4	5	8	6	7	2	5	5	1	4	0	0	4	-1	0	3	0	4	2	3	4	4	5	1	3	0	4	4	2	4	4	5	4	5	6	5	6	3	5	5	6	5	4	9
319	0	0	1	0	1	1	-1	0	0	0	0	1	-2	0	2	-4	0	-2	0	0	0	0	1	2	0	0	-1	0	0	3	0	0	3	0	1	1	0	0	1	0	0	-1	0	0	2
320	0	2	5	-2	0	2	0	1	3	0	2	3	-1	0	3	1	0	3	-1	0	0	0	0	0	0	0	0	-2	1	-2	0	0	0	3	1	4	4	2	7	3	3	6	-1	1	0
321	0	2	2	-1	0	-1	0	1	2	0	1	3	2	3	2	3	4	5	3	1	5	0	3	1	1	2	1	0	1	0	-3	0	-1	2	2	3	1	2	0	0	0	1	0	3	2
322	2	1	1	0	0	-1	-3	0	-4	-2	0	-1	-1	0	-2	0	0	0	1	2	0	1	1	3	0	2	2	3	1	3	1	2	2	4	3	4	0	2	3	3	1	2	-1	1	0
323	3	3	3	3	4	6	3	2	3	0	1	-1	1	3	1	3	2	8	4	4	6	6	4	7	7	5	12	3	4	5	2	2	5	1	3	3	3	3	3	2	2	2	2	3	2
324	0	0	-1	3	1	1	0	0	-1	3	1	1	3	0	1	1	2	0	0	1	1	0	0	-2	-2	-1	-3	0	0	0	0	0	3	0	0	0	0	0	0	1	0	3	3	2	2
325	2	4	2	3	5	2	2	3	6	3	1	1	2	3	2	2	1	3	4	2	3	1	2	2	1	3	4	1	2	3	2	3	0	2	2	1	1	2	3	3	3	3	3	4	5
326	2	2	2	-1	1	2	4	2	8	3	2	6	4	1	4	3	1	4	2	1	0	0	0	0	-1	0	2	-1	-1	-2	-4	-1	-1	-3	-1	-3	-2	0	1	2	1	3	0	1	2
327	0	2	2	3	3	3	1	2	2	2	2	8	5	4	7	4	3	5	3	2	5	2	2	1	4	2	6	2	3	4	3	2	3	-2	1	-2	2	1	5	4	1	4	1	3	3
328	1	3	5	1	1	3	1	2	5	-1	1	2	0	1	3	0	0	-1	1	3	2	1	2	5	0	0	3	-3	0	-1	1	2	2	0	0	4	-1	0	3	0	3	2	0	0	3
329	0	0	0	1	2	4	0	1	3	3	1	1	0	2	4	0	0	0	-2	0	-3	2	1	2	1	2	3	-2	1	2	0	0	-1	-1	0	1	0	0	0	-2	1	0	-3	0	-1
330	2	3	4	2	3	3	5	4	7	3	4	4	1	3	1	2	3	2	0	2	4	1	3	2	1	2	2	1	2	3	0	1	1	2	3	2	2	2	2	1	5	3	3	2	4
331	0	0	0	1	3	1	0	0	0	0	2	0	0	1	0	2	1	2	2	3	3	1	2	0	1	1	-1	1	2	2	0	2	1	-1	1	-4	0	1	-3	1	2	0	1	1	0
332	3	3	3	2	3	4	0	4	4	1	2	2	4	2	4	-1	1	2	0	2	1	1	2	3	2	3	3	3	2	2	1	1	4	2	3	3	3	3	4	1	3	2	2	2	2
333	0	2	1	1	1	0	1	2	0	1	4	1	4	2	2	1	1	0	3	3	0	2	2	0	1	1	1	1	3	1	1	3	3	3	2	2	3	4	4	2	2	1	3	3	4
334	1	0	-3	0	0	-2	0	0	-1	1	1	2	0	0	1	0	1	-1	0	0	0	0	1	-1	0	1	-1	0	1	1	1	1	0	3	1	3	-2	0	0	0	0	-1	1	1	1
335	1	3	1	0	1	0	0	1	-1	2	3	7	4	2	9	5	3	3	3	2	6	0	3	1	2	2	2	5	4	5	0	2	2	4	2	4	1	0	0	1	1	2	1	2	4
336	5	5	8	4	6	6	3	4	5	0	5	1	3	4	3	4	5	5	3	6	3	4	6	5	4	5	6	5	6	8	6	6	9	4	6	3	5	5	4	4	4	5	5	5	7
337	1	3	0	2	3	6	4	5	8	5	5	8	4	4	8	5	5	7	3	4	5	-2	2	1	1	2	3	1	5	3	2	3	4	0	2	5	0	2	4	4	5	9	2	3	5
338	3	4	4	1	3	3	2	4	3	0	3	5	0	2	-1	-1	2	1	0	1	1	-1	1	0	1	3	4	0	3	0	3	3	3	0	2	4	2	4	6	2	2	0	-1	2	0
339	2	2	3	0	2	0	6	3	7	3	3	6	3	2	3	2	1	2	0	1	2	2	1	4	-1	1	0	0	1	-1	3	1	1	0	1	-2	-1	0	0	-2	-1	0	0	0	3
340	0	1	1	1	2	2	3	2	3	3	1	2	0	1	0	4	3	4	1	3	3	1	2	2	1	3	5	2	2	1	2	2	1	1	2	3	3	2	3	0	1	1	2	2	4
341	1	0	3	0	1	2	-1	1	-1	0	1	2	0	4	2	2	2	3	0	1	0	0	1	2	3	3	4	1	2	2	2	4	4	0	3	4	1	1	3	3	3	7	1	2	4
342	1	0	0	1	0	0	0	0	0	3	2	-1	1	0	-3	1	0	-1	2	1	2	1	1	0	3	1	1	1	1	-1	0	0	-2	0	1	0	0	1	-2	2	2	0	3	1	2
343	0	0	0	-3	0	-2	0	0	-1	0	0	3	0	0	0	-1	0	-1	0	0	-1	0	1	1	0	0	1	-1	1	0	0	0	-2	-1	0	0	0	0	0	-2	0	0	1	1	2
344	1	2	3	2	4	1	2	3	4	2	1	1	4	2	5	4	2	5	3	3	5	1	3	1	0	2	4	0	1	3	1	0	-1	0	1	0	1	3	3	0	2	0	1	2	2
345	3	2	1	5	4	1	3	4	2	2	4	4	3	2	2	1	1	0	0	2	2	2	3	3	1	3	1	1	0	1	1	2	2	2	2	2	5	4	7	3	3	2	1	3	2
346	2	5	2	2	3	4	5	5	7	6	4	7	2	5	5	0	1	1	3	4	4	2	4	3	1	3	2	2	3	2	1	2	2	3	3	1	1	3	1	-1	3	1	1	4	1
347	0	1	1	2	1	2	1	2	3	2	1	2	1	4	6	1	3	2	0	3	4	3	3	3	2	4	3	0	1	3	0	2	1	2	2	5	0	0	1	1	3	2	-1	1	1
348	3	1	2	1	3	3	1	3	0	1	2	1	5	4	6	4	4	4	0	3	6	0	4	2	3	2	4	2	3	2	1	2	2	0	1	1	3	4	4	4	3	3	3	2	4
349	4	3	4	3	3	0	1	3	0	5	2	3	9	4	8	6	4	7	4	4	3	6	5	7	3	3	2	3	4	1	3	3	0	0	3	1	3	2	2	1	3	-1	2	2	2
350	0	2	0	0	0	0	-1	2	0	2	1	1	0	1	1	3	2	7	1	1	0	1	3	1	3	3	3	0	1	3	1	2	3	1	2	4	3	4	5	3	3	2	2	2	5
351	-3	0	-4	-2	0	-4	0	0	-3	1	1	2	0	2	0	0	2	1	-1	0	-1	4	2	6	2	3	4	3	3	6	5	3	4	3	2	7	0	1	2	1	1	0	1	2	0
352	6	7	7	6	5	8	6	7	10	9	6	9	6	6	10	6	4	6	3	4	5	3	6	4	1	4	0	6	4	7	5	5	5	6	6	7	8	7	8	8	7	12	8	6	8
353	4	5	7	4	3	6	5	2	4	3	4	5	1	3	6	4	4	6	2	3	4	4	3	6	6	5	7	0	2	2	0	3	1	-1	1	-3	2	3	4	2	2	3	1	3	3
354	1	2	3	0	1	0	2	2	5	1	2	3	4	3	3	7	3	7	6	3	9	2	3	1	4	2	5	4	3	7	0	2	1	-2	2	1	0	1	4	-1	2	3	0	1	1
355	4	3	5	6	3	5	9	4	8	5	4	5	5	3	5	3	3	3	1	2	2	5	3	3	2	2	1	5	2	4	1	3	0	0	1	0	5	2	2	2	2	1	3	2	0
356	0	0	3	1	2	4	5	2	7	2	3	3	2	2	2	4	3	5	-1	0	0	0	0	2	1	0	1	0	1	2	1	0	2	2	2	3	3	1	8	4	2	5	2	1	4
357	1	1	4	2	2	4	0	2	4	0	1	0	1	2	3	0	3	4	0	1	0	3	1	2	2	2	3	0	1	3	0	3	2	0	2	1	3	4	6	0	2	2	2	2	5
358	3	2	5	0	3	0	2	3	4	2	3	1	3	2	3	1	3	3	0	3	1	2	3	2	2	1	1	3	3	6	1	3	3	3	3	3	0	2	2	1	3	4	-1	1	0
359	5	4	6	4	6	5	3	4	5	4	5	3	6	4	8	2	3	2	5	5	6	3	4	6	2	3	4	5	4	4	5	6	8	6	5	4	3	6	6	5	6	8	9	8	12
360	-5	-1	-5	-2	-1	-3	-1	0	-2	-1	0	-2	0	0	-1	-2	0	-1	-1	0	-2	0	0	0	0	0	-2	-2	-1	-2	-2	-1	-3	-3	-1	-4	-3	0	-5	0	-1	0	-2	0	-3
361	2	2	4	4	3	4	3	2	2	1	1	1	3	2	2	0	1	4	4	3	6	3	2	1	6	3	7	6	3	5	6	3	6	2	1	2	3	1	2	1	0	0	1	2	1
362	0	1	1	0	1	3	1	1	2	0	2	2	0	2	0	-2	1	0	0	1	0	1	2	3	2	1	4	2	3	5	2	1	3	1	2	3	3	1	1	1	2	2	1	1	2
363	-1	0	2	2	1	3	2	1	4	1	1	3	1	1	1	0	1	0	-1	0	-1	1	1	3	2	1	4	1	2	4	0	1	2	1	1	0	4	2	4	4	4	6	2	3	7
364	0	0	0	0	0	0	1	1	4	2	1	0	-1	0	-2	-3	0	-1	-1	1	3	-1	0	1	-2	0	2	-1	0	-1	0	0	0	1	0	0	0	0	1	1	1	5	0	1	3
365	0	0	0	-1	0	0	0	1	1	-1	1	0	3	2	2	2	3	5	0	1	2	1	1	0	0	0	1	-1	1	-1	0	0	0	-1	3	-1	-1	1	-2	-3	0	-2	-3	0	-4
366	4	4	6	5	2	2	2	3	1	4	3	3	2	1	1	0	1	-1	3	2	0	2	3	1	2	0	1	3	3	0	3	3	1	3	2	3	5	3	4	3	1	1	7	5	7
367	0	0	0	4	2	7	1	2	4	-2	0	0	0	0	1	1	1	2	0	2	3	-2	0	0	-1	1	2	0	1	2	0	2	4	0	0	2	-2	-1	-2	0	1	2	0	0	4
368	3	2	2	1	4	2	4	2	2	3	4	3	4	2	5	4	1	4	3	3	4	3	3	4	2	2	5	3	3	1	7	4	5	3	2	4	5	3	6	3	4	4	5	3	5
369	2	2	5	4	2	5	4	3	6	4	3	6	4	3	7	3	2	5	1	1	2	3	2	5	5	2	6	3	2	4	0	2	2	1	1	4	0	0	2	2	2	5	0	1	0
370	5	3	3	3	1	4	3	1	2	1	2	2	3	2	4	4	1	2	5	3	7	2	2	3	3	2	2	3	2	0	3	3	4	2	1	2	1	1	2	1	1	0	0	0	-1
371	-1	0	1	-1	0	1	0	0	2	0	0	3	1	1	4	1	0	1	2	1	4	-2	1	0	-1	0	0	-2	0	0	-3	0	-2	-4	-1	-4	-5	-1	-2	-2	0	-1	0	0	2
372	5	6	9	5	4	5	2	3	3	3	4	2	3	4	5	3	3	4	4	4	0	3	4	4	2	2	4	5	4	3	6	5	8	8	6	10	6	5	9	6	5	7	8	6	10
373	2	1	5	2	1	2	4	2	4	2	2	4	3	3	5	5	3	4	2	3	5	2	3	3	4	2	3	0	1	1	0	1	0	1	2	2	3	2	5	2	4	8	4	3	5
374	0	1	2	3	2	4	0	1	0	0	1	1	1	2	0	2	2	5	4	2	5	1	3	4	1	1	3	1	0	-1	0	0	0	3	2	3	3	2	2	2	2	3	1	2	1
375	3	2	1	3	1	3	1	1	0	0	0	0	1	2	0	1	1	1	2	2	2	5	2	0	2	1	0	-1	0	-1	1	3	2	1	3	0	0	2	0	0	2	1	0	1	-1
376	4	4	6	4	2	4	5	4	3	4	2	3	6	5	3	8	5	9	4	4	4	3	4	4	2	2	2	1	3	0	2	3	2	4	2	4	5	4	3	1	2	0	1	3	1
377	7	5	9	7	4	9	5	3	7	4	4	7	2	3	1	3	3	1	4	4	5	7	6	8	4	4	3	6	4	9	6	5	10	5	5	6	4	3	4	4	3	4	5	5	7
378	0	0	0	4	4	5	3	3	4	4	2	2	2	3	1	6	4	7	2	3	3	4	2	1	0	2	0	3	4	4	4	3	2	2	2	2	3	3	0	3	4	1	0	2	0
379	3	2	2	3	2	5	3	2	2	3	3	4	4	3	3	1	3	3	2	2	3	2	2	-1	2	1	1	2	3	4	4	4	3	1	2	0	1	3	1	-2	0	0	4	3	5
380	5	4	6	2	3	2	0	1	1	4	3	5	3	3	5	1	2	3	3	4	3	0	3	2	4	4	6	5	4	6	4	5	5	8	7	10	10	6	11	8	5	11	6	6	7
381	3	3	0	1	1	0	0	1	0	0	3	1	2	3	4	0	1	0	0	0	-2	0	1	1	2	2	4	3	2	4	2	3	3	1	2	3	0	1	0	1	1	3	0	0	0
382	-1	0	1	-2	0	-1	-1	0	0	-1	0	-1	-1	1	0	-1	0	0	0	2	1	-2	0	0	1	2	1	0	2	0	0	1	4	2	2	5	3	3	5	1	1	2	0	2	0
383	3	2	3	-1	0	-1	2	2	1	1	1	4	0	2	4	2	3	5	0	1	0	1	3	4	2	2	3	0	0	0	0	0	1	-1	0	-2	3	3	5	4	1	2	1	3	4
384	1	3	4	6	2	5	6	3	4	6	4	7	4	3	1	3	3	6	0	3	2	2	3	2	1	2	3	-1	2	-3	2	3	2	4	3	4	2	3	5	5	4	5	4	3	2
385	1	4	1	0	1	0	0	0	0	2	2	1	1	2	2	3	2	4	1	1	2	2	1	3	4	0	4	1	3	3	2	0	2	0	0	0	-2	0	-4	0	1	1	-4	0	-3
386	1	3	1	2	1	0	0	1	0	1	2	3	0	0	-1	1	1	2	1	1	2	-3	0	-2	2	1	1	0	1	0	1	1	2	0	2	0	-1	0	-1	-1	0	-2	0	1	-1
387	2	3	6	3	3	7	1	2	4	3	2	3	1	1	5	1	2	3	3	2	5	0	1	3	-1	0	0	-1	0	0	1	2	1	0	0	0	0	1	2	2	3	7	6	3	7
388	0	2	2	2	2	2	1	3	3	1	4	4	1	2	1	0	2	1	1	2	3	2	3	2	5	4	6	6	5	8	4	4	5	4	4	7	5	4	7	5	3	5	1	4	6
389	4	2	5	3	2	4	3	4	7	3	2	6	3	4	1	-1	3	4	0	1	1	-1	1	3	0	1	0	0	3	0	4	3	5	3	4	5	3	2	7	5	2	5	4	3	7
390	0	1	1	0	3	1	1	3	2	1	2	2	0	2	0	1	2	0	0	1	0	0	1	0	1	1	0	1	3	2	0	1	0	-3	1	-1	-1	1	-1	2	1	5	2	2	2
391	0	3	0	2	2	3	2	4	4	1	1	0	2	3	4	2	3	3	1	2	4	0	3	4	0	2	2	3	5	3	5	3	6	1	3	6	0	1	1	1	3	3	3	3	7
392	7	7	5	4	4	6	5	5	6	4	5	6	0	4	2	3	4	4	5	5	6	3	5	9	7	4	6	8	7	9	4	5	6	6	6	7	2	6	5	5	7	5	6	5	7
393	1	1	5	1	1	3	0	0	0	2	1	4	1	1	1	1	1	3	1	2	5	1	2	4	4	2	7	2	2	8	3	1	4	0	1	4	0	2	4	1	1	1	2	2	2
394	3	2	2	5	2	5	2	4	3	4	3	3	4	4	3	6	4	4	4	4	6	5	4	3	3	4	4	3	5	2	4	3	7	3	3	6	3	3	3	2	4	3	3	1	2
395	5	3	4	4	3	4	0	3	6	0	3	3	3	3	3	5	4	8	3	3	7	4	3	7	1	2	0	2	1	2	3	3	6	4	3	3	2	2	3	1	2	3	2	1	2
396	-3	0	0	-3	-1	-1	0	0	0	-1	0	-1	0	1	0	-5	0	-4	0	1	1	0	2	0	1	2	2	0	1	2	1	2	6	1	3	4	-1	0	0	0	2	2	1	1	3
397	3	5	4	4	4	4	4	4	5	2	3	3	2	3	3	3	5	3	0	2	0	4	2	3	3	3	2	4	2	4	5	4	4	3	3	4	3	3	4	5	3	5	0	3	2
398	0	1	2	1	1	5	2	1	2	1	1	1	-1	0	-1	1	1	0	0	0	2	1	2	3	0	0	-1	0	1	1	3	0	2	0	0	2	1	0	1	0	0	-1	1	2	4
399	5	3	1	3	6	6	6	5	8	6	5	6	4	5	8	4	4	5	4	3	4	5	5	7	2	4	4	6	3	8	5	3	5	6	5	6	3	2	2	3	4	6	2	4	4
400	3	2	6	2	4	4	2	2	2	2	3	1	2	3	2	0	3	1	1	2	-2	0	1	0	0	2	0	0	1	-1	-1	0	0	3	4	7	1	2	2	2	3	2	2	2	0
401	3	4	6	1	3	4	0	0	-2	0	2	-1	-3	1	0	-2	1	2	1	3	3	0	2	2	0	1	0	0	2	1	-2	0	-2	0	2	0	1	3	1	1	2	5	0	2	3
402	1	3	7	3	4	3	0	2	-1	1	3	1	3	4	3	2	3	2	2	2	3	3	3	6	4	4	6	3	4	6	2	3	1	3	4	7	5	3	6	1	2	2	4	4	4
403	2	3	5	1	3	5	4	3	4	3	2	4	4	5	6	5	3	7	3	3	4	5	5	7	4	3	6	0	3	0	1	3	1	0	2	3	0	0	0	3	2	3	3	2	2
404	3	2	6	2	2	2	4	2	1	5	2	1	3	3	4	2	2	0	0	1	0	3	2	3	5	3	2	5	4	5	3	1	1	4	3	3	1	2	1	0	1	0	0	0	0
405	1	1	0	2	1	2	2	0	2	0	2	3	2	1	0	6	2	8	3	2	3	2	2	2	2	0	1	2	2	1	0	0	-1	1	2	0	1	1	2	3	2	6	3	1	3
406	0	2	0	1	2	3	4	3	4	2	4	5	2	4	6	4	2	4	1	1	1	4	5	6	2	2	3	0	2	0	0	1	4	5	2	5	6	4	5	5	4	6	0	4	5
407	3	4	4	1	0	0	3	4	2	3	2	1	1	3	1	3	3	0	2	2	1	4	0	5	4	2	3	2	3	4	7	4	7	4	3	4	1	3	3	0	0	-1	1	2	-1
408	0	0	1	-1	-1	-3	2	0	1	0	0	0	1	2	3	0	0	0	0	0	0	0	0	0	-1	0	0	0	1	2	0	0	1	1	1	2	3	1	2	0	1	0	5	3	4
409	2	1	1	2	2	0	1	2	2	0	3	0	3	3	3	1	2	5	1	2	2	1	3	2	1	3	0	2	3	3	4	3	3	6	6	7	4	4	9	3	4	0	1	2	2
410	3	3	5	2	2	2	0	1	0	2	3	1	1	3	4	5	4	7	0	3	2	4	2	5	1	3	3	0	1	1	0	2	1	1	0	1	-1	1	2	0	0	-1	1	1	2
411	6	3	6	0	1	-1	4	1	1	4	2	1	2	1	0	3	1	-1	0	1	0	0	2	0	0	0	0	1	1	-1	1	1	0	4	1	1	3	2	5	5	2	2	1	0	0
412	0	0	0	0	0	-1	0	1	1	2	2	3	1	2	5	2	2	6	2	0	3	0	1	0	2	1	4	4	1	7	5	4	9	1	2	1	3	2	6	0	1	3	-1	1	0
413	1	2	3	2	1	5	0	1	1	2	2	3	3	2	5	1	1	1	3	1	3	2	3	2	1	2	4	0	1	3	3	1	2	0	1	2	-1	2	-1	0	2	-1	0	2	2
414	0	1	3	3	3	3	3	3	4	0	2	4	0	1	2	3	2	3	3	2	6	0	1	2	0	2	5	3	3	7	1	3	4	3	3	8	2	2	7	-1	2	1	0	1	1
415	4	4	3	0	2	0	0	0	-3	-1	2	0	1	1	1	2	3	1	2	4	2	5	3	5	2	2	4	4	5	7	2	2	2	2	3	3	-3	0	-4	0	2	2	5	4	5
416	9	7	9	5	6	3	3	5	3	5	4	5	6	5	8	5	5	4	8	7	7	5	6	6	4	5	5	3	3	2	4	4	4	5	3	6	1	2	2	4	4	4	8	5	6
417	4	2	2	1	2	1	1	2	3	-1	1	0	0	1	0	2	2	0	3	2	4	4	1	3	1	3	1	6	4	3	3	4	5	3	2	4	6	3	5	5	2	3	0	1	-2
418	-1	0	0	0	2	2	0	2	4	0	1	2	-2	1	-1	0	0	0	1	2	3	0	3	5	0	2	2	0	2	3	-1	0	0	0	2	3	-4	-1	-2	1	2	5	3	2	6
419	0	0	1	1	1	2	0	1	1	1	2	1	0	0	2	1	1	1	0	1	0	4	3	4	4	4	4	3	3	4	3	1	4	2	2	3	1	1	0	2	2	5	0	1	0
420	6	3	4	4	3	3	5	3	3	7	5	6	4	3	7	2	3	3	5	3	4	4	4	4	7	4	8	7	5	6	4	5	8	5	4	6	2	2	3	0	2	0	2	3	2
421	-3	-1	-3	-2	-1	-3	0	0	-1	-1	0	2	0	0	0	0	0	0	-1	0	0	-2	0	0	0	0	-2	0	0	1	-2	0	-2	-1	-1	0	-3	0	-1	-1	0	2	0	0	0
422	3	3	8	3	1	2	0	1	3	0	0	-2	1	0	1	1	1	3	1	1	6	1	2	2	2	1	2	1	2	0	0	0	-2	0	0	-1	0	0	0	-1	1	-2	0	1	0
423	1	0	2	0	0	0	1	2	0	1	2	1	3	3	4	3	3	7	3	2	3	4	2	6	3	2	6	0	1	2	0	1	0	-1	0	0	0	0	2	5	3	5	1	4	2
424	0	1	1	0	0	1	2	0	0	0	2	2	1	0	1	2	1	3	0	0	2	1	0	1	1	2	2	3	1	3	1	1	0	0	0	1	0	1	2	3	0	3	1	2	2
425	2	3	3	4	4	5	3	4	6	2	4	6	3	4	4	3	4	7	1	4	4	4	4	4	0	1	2	2	3	4	3	2	1	0	1	2	2	3	4	2	2	2	2	3	4
426	4	2	5	3	3	2	2	2	5	4	3	3	6	3	5	5	3	7	5	3	7	7	2	8	3	3	2	5	4	8	4	2	4	2	1	1	0	1	1	2	3	3	0	0	0
427	-1	0	-2	-1	0	0	-2	0	-2	-3	-2	-4	-2	0	-1	0	0	0	-1	0	0	-4	-1	-4	-1	-1	0	0	0	2	0	0	0	0	0	1	2	0	2	0	1	3	1	1	5
428	1	2	2	2	2	3	3	3	4	2	0	3	3	2	4	3	3	7	2	2	2	5	1	3	2	1	5	3	2	6	0	2	0	2	3	3	1	1	0	0	1	-1	3	3	5
429	2	0	0	0	0	0	-2	0	-5	-5	-3	-6	-3	0	-2	1	0	-1	0	0	-1	1	1	-1	-2	0	-5	0	0	-2	0	2	-1	4	1	3	2	1	1	5	3	3	1	2	1
430	2	3	4	3	3	5	3	4	3	3	2	4	1	2	0	5	3	4	3	3	1	2	3	3	0	2	3	3	3	4	1	3	4	1	2	2	1	1	-2	3	3	6	2	2	0
431	1	2	2	0	1	0	3	1	2	3	3	6	6	3	6	4	3	5	4	4	5	5	4	7	2	2	4	5	5	4	4	4	4	5	4	6	2	4	5	4	3	5	3	3	5
432	4	1	4	5	4	7	2	1	3	3	3	5	2	3	6	2	4	4	1	2	2	0	2	2	2	4	6	3	1	4	0	0	2	0	1	0	-1	1	1	-1	1	0	2	4	6
433	2	1	2	2	2	2	1	1	0	-1	0	-2	0	2	0	0	1	1	0	1	1	3	2	2	4	3	7	3	4	4	3	2	4	1	1	4	3	3	3	5	3	7	0	1	3
434	0	2	0	2	2	3	2	3	1	4	4	6	3	4	5	4	3	7	5	3	9	2	2	3	3	4	3	1	2	3	2	3	4	2	2	2	2	3	0	1	3	2	3	4	1
435	2	3	4	0	2	4	1	4	4	0	2	0	-1	1	-2	0	1	2	-2	2	-1	0	0	2	0	1	-1	0	2	1	0	0	0	3	4	6	1	2	0	3	5	6	0	2	2
436	-1	2	0	4	4	5	0	2	2	2	4	4	3	3	5	5	3	4	4	3	7	2	4	4	3	4	4	2	3	6	0	2	0	1	2	3	2	2	3	2	2	1	2	2	3
437	0	2	1	0	2	2	0	2	5	-1	0	-1	0	3	2	0	2	4	3	3	3	2	2	1	0	2	3	0	2	2	0	2	1	1	2	0	1	3	3	0	2	2	0	2	4
438	2	1	4	1	1	1	-2	0	0	0	0	0	0	0	0	-2	0	0	0	1	0	2	2	2	0	2	3	0	0	2	1	1	1	3	0	2	0	1	0	-2	1	0	-5	0	-1
439	1	4	4	1	3	1	3	4	4	0	4	3	3	2	3	3	5	6	8	5	7	4	5	4	6	5	7	4	4	5	6	6	7	10	7	11	6	5	8	4	5	8	2	5	5
440	-1	-1	-3	-1	0	-4	0	0	0	0	0	2	4	2	5	0	0	0	1	1	0	4	1	4	3	2	3	4	1	2	5	2	4	0	2	0	1	2	2	0	1	2	0	2	1
441	6	5	8	3	4	3	6	4	4	3	5	4	2	3	4	7	4	6	2	4	4	7	5	8	5	5	6	5	5	4	3	3	3	4	4	4	5	4	7	5	6	8	4	4	5
442	0	0	1	2	0	4	2	2	2	-1	0	0	2	2	4	-1	0	2	2	0	1	0	1	1	0	0	2	4	2	3	1	1	0	1	1	2	-1	-1	-2	0	0	2	1	0	2
443	3	2	5	1	2	3	0	2	3	1	3	4	2	4	3	-1	2	0	-2	0	1	-2	2	2	0	2	4	-1	1	2	-1	0	0	1	0	3	-1	0	0	-2	0	1	0	1	0
444	3	2	3	3	1	2	4	2	8	3	3	7	4	4	6	5	4	7	4	3	8	5	5	10	6	5	8	0	1	1	2	2	5	2	3	8	4	3	7	1	1	3	0	2	2
445	4	3	6	4	4	5	4	4	3	4	3	5	1	3	3	0	2	6	0	3	2	-1	2	1	2	4	4	3	3	4	2	2	2	3	4	2	1	2	3	1	1	2	0	2	0
446	3	2	4	0	3	5	5	3	6	3	3	4	2	2	4	0	1	1	2	2	1	0	2	1	3	3	3	4	2	5	1	2	3	2	1	2	0	1	2	1	2	1	1	1	1
447	2	0	-1	-1	1	0	0	3	1	1	1	1	4	4	4	3	3	5	2	1	6	2	4	8	1	4	3	0	3	2	2	3	1	2	4	3	2	3	5	3	2	2	3	2	3
448	0	0	1	0	1	0	2	2	-1	0	4	1	5	3	6	0	2	-1	-2	-1	-4	-2	1	-2	-2	1	-3	-2	0	-4	0	0	-1	1	0	-2	0	1	-4	1	1	-1	3	2	3
449	4	5	8	3	6	7	5	7	9	4	4	6	5	5	9	4	3	5	5	4	4	6	5	6	6	5	8	3	5	6	4	3	5	6	6	8	4	3	8	3	5	5	5	4	8
450	6	6	9	5	5	9	2	4	5	4	4	3	1	5	6	4	2	4	0	3	1	2	5	3	0	2	1	2	3	3	3	4	9	6	5	8	4	5	8	1	3	2	3	3	5
451	0	1	1	0	1	3	0	1	1	2	0	6	3	0	3	0	0	2	1	0	2	0	0	1	3	0	3	4	1	4	1	-1	1	-1	0	0	0	0	4	1	0	2	1	0	2
452	0	1	2	3	1	6	2	2	8	3	1	4	0	0	2	0	1	3	-3	0	-1	-1	0	1	0	1	0	1	2	5	2	2	5	-1	0	2	1	2	3	1	1	1	-2	0	0
453	0	3	0	2	0	1	0	1	0	3	0	2	3	1	4	2	1	3	1	1	1	2	1	-1	1	2	6	2	3	3	2	2	4	3	2	9	3	3	5	3	1	3	-2	-1	-1
454	1	1	0	-1	0	0	1	1	4	2	0	4	0	1	0	-1	0	1	0	0	0	0	0	0	1	1	3	0	1	3	5	3	6	1	2	5	3	2	4	1	2	3	1	0	0
455	2	2	3	3	2	5	2	1	0	5	3	4	0	2	1	0	2	0	1	1	0	2	1	1	-3	0	-2	0	1	-3	-1	1	-1	-2	0	-1	1	2	0	-2	0	-1	0	1	-1
456	4	5	5	5	5	7	7	6	10	4	5	4	7	5	7	5	8	10	4	5	7	1	3	3	2	3	6	2	6	9	6	5	7	3	3	5	3	5	6	5	5	6	2	4	6
457	-1	1	3	0	2	2	0	0	0	1	1	1	2	1	2	0	0	0	0	1	3	0	2	4	3	0	4	2	2	4	1	0	1	-1	0	0	0	0	-1	1	1	2	-1	-1	0
458	4	3	2	1	2	1	1	2	2	4	3	3	4	3	5	1	2	0	2	1	2	4	2	3	1	2	3	3	2	4	0	3	3	2	2	4	3	2	3	5	3	6	2	3	2
459	1	2	1	0	1	3	4	2	5	2	2	7	3	1	4	1	1	4	2	1	0	2	2	3	2	2	4	3	2	7	2	1	4	0	1	3	1	1	3	-1	0	1	2	1	4
460	3	5	6	3	1	0	4	2	2	5	4	5	4	3	6	1	1	0	4	3	3	2	3	2	0	1	-1	2	1	2	0	1	3	3	2	6	5	3	5	4	3	4	1	1	0
461	0	0	0	2	2	0	0	1	1	3	2	2	4	4	6	4	4	2	1	1	2	1	1	1	1	1	1	2	2	2	1	2	0	3	3	3	1	0	0	0	0	-1	0	1	0
462	7	2	5	4	3	1	4	3	4	4	4	5	4	3	3	7	3	7	7	4	7	3	2	3	2	2	1	6	4	3	6	4	1	7	4	6	5	3	3	4	2	2	2	0	2
463	2	0	0	0	0	0	0	0	0	-2	1	0	1	1	2	0	0	0	2	0	1	0	1	0	0	0	1	0	0	0	0	1	0	0	1	1	-1	1	0	3	2	4	4	3	6
464	7	3	5	4	3	3	5	3	7	5	4	6	7	4	6	3	2	4	4	4	4	4	4	6	4	3	5	4	4	5	0	1	0	3	2	3	3	4	4	4	2	4	4	3	5
465	0	2	2	2	3	4	3	1	2	0	1	1	3	2	2	1	1	2	0	2	0	-1	0	-3	3	3	4	5	4	6	5	2	6	1	3	3	4	3	8	2	3	2	6	5	8
466	2	1	1	1	2	0	0	1	0	4	1	2	0	2	1	4	2	2	0	0	0	0	0	1	1	0	1	1	2	2	0	1	1	0	0	2	2	2	4	0	1	0	0	1	1
467	2	1	4	3	1	5	0	0	0	0	0	0	-2	0	1	-1	0	1	-1	0	0	-1	2	0	-1	0	3	-1	2	2	0	1	1	-1	1	4	-1	1	0	0	0	0	-3	0	0
468	-3	0	-2	-1	1	0	0	1	2	0	0	2	0	0	3	0	1	3	0	0	5	-2	0	0	2	1	1	-2	0	0	0	0	1	0	0	2	0	0	0	-2	-1	-3	-3	0	0
469	1	1	1	1	2	4	3	2	3	2	2	2	6	3	7	5	4	6	4	3	7	3	2	2	2	1	2	0	1	-2	1	1	0	0	2	1	1	2	1	0	2	0	1	2	3
470	0	1	1	1	0	1	0	2	0	-1	0	0	-3	0	0	0	2	1	-1	0	1	0	0	1	1	1	0	0	1	1	1	2	2	0	1	4	1	2	2	0	0	0	0	1	0
471	2	2	2	-2	-1	0	0	1	1	0	0	1	-1	1	0	0	0	2	0	-1	0	-1	0	2	0	0	-1	0	0	-1	-2	0	0	0	0	-1	-1	0	-3	-3	-1	-3	-2	0	-2
472	0	1	4	-1	4	2	0	1	3	2	3	3	-1	2	0	-1	2	0	-3	1	-1	0	4	5	1	4	8	2	5	7	0	3	2	4	5	7	3	3	4	0	2	4	2	3	2
473	2	3	5	4	4	9	8	6	12	4	5	6	2	4	4	2	5	5	3	4	6	4	6	9	1	4	5	2	3	6	3	3	7	3	4	5	5	4	8	5	5	7	1	2	4
474	4	5	3	1	2	6	-1	3	1	3	3	7	1	2	3	2	3	1	4	3	6	3	3	6	4	4	4	3	3	2	4	2	4	0	3	5	3	3	4	0	2	4	-2	0	0
475	0	2	0	-1	1	0	2	3	4	0	1	1	2	2	1	0	2	0	-1	3	0	2	3	3	5	3	2	4	5	7	3	4	3	3	3	2	3	4	6	2	1	0	1	2	2
476	3	2	3	4	4	4	2	3	5	0	3	2	4	4	9	1	1	3	-3	1	0	1	4	1	1	2	5	1	2	4	2	3	3	3	4	6	1	3	4	-3	0	-1	0	2	1
477	0	0	2	0	0	1	-1	0	0	-1	0	2	-3	0	0	1	0	1	2	2	2	-1	0	2	0	0	0	-3	0	0	-2	0	0	1	0	1	0	0	1	3	0	1	2	2	3
478	1	0	2	1	1	2	2	1	2	0	1	1	3	2	4	-1	2	1	2	3	5	1	3	4	0	1	0	0	2	4	1	3	3	2	3	5	1	1	2	2	2	3	0	1	0
479	0	3	2	-1	2	0	2	1	5	1	2	4	5	3	6	3	4	3	1	3	2	0	2	1	2	2	5	2	4	4	5	4	9	2	3	5	4	3	4	0	2	2	1	3	0
480	3	2	2	4	4	6	5	5	6	6	4	10	5	3	3	5	3	5	5	2	3	2	2	3	0	2	3	0	1	1	3	3	1	1	2	1	0	0	0	0	3	3	1	3	-1
481	2	2	2	3	2	5	0	2	0	0	0	-1	0	0	-2	2	1	2	0	1	-1	0	2	0	2	4	0	2	1	0	2	2	2	6	3	2	2	0	0	3	1	1	3	0	2
482	3	2	7	1	2	3	6	4	10	0	1	6	3	2	2	3	2	4	1	1	5	0	2	1	0	-1	0	0	1	-1	1	1	4	1	1	4	0	1	4	0	2	5	2	2	6
483	-1	0	0	0	0	0	3	2	6	0	0	0	1	2	4	0	2	3	0	0	1	1	1	5	-1	1	3	0	1	0	-1	1	0	0	0	-2	-3	0	-4	-2	0	0	3	2	2
484	0	0	1	-1	0	-2	-1	0	0	1	2	4	1	1	0	1	2	3	2	2	5	5	3	6	3	3	7	4	2	1	0	0	2	0	1	0	0	1	0	0	1	2	1	1	0
485	5	3	5	0	2	2	1	2	1	0	2	-1	-1	1	-2	-3	0	-4	0	0	-2	0	1	1	2	1	0	2	1	3	1	2	4	2	2	0	0	2	-1	1	2	2	3	1	0
486	0	2	2	4	3	1	2	2	2	0	0	2	1	0	3	0	0	0	-4	-1	-3	-2	0	0	1	0	0	3	2	6	0	0	5	3	2	4	2	2	2	3	2	6	0	0	0
487	0	0	2	1	3	4	0	3	1	1	0	0	-3	0	-3	-3	1	-3	0	0	1	2	0	3	3	1	4	1	1	1	0	1	0	-3	0	-2	-1	-1	-4	0	1	0	5	2	5
488	4	4	6	4	3	6	3	5	5	6	3	1	0	3	1	1	2	3	0	2	0	4	2	4	1	1	-1	1	2	1	4	4	6	2	2	2	6	3	5	3	3	5	5	3	3
489	0	0	1	-1	0	0	0	0	1	0	0	3	0	1	1	4	1	8	1	1	8	0	0	2	0	-1	3	0	0	3	2	1	3	-2	0	1	-4	0	-2	-1	0	0	0	0	0
490	6	3	6	3	2	0	3	3	2	3	1	2	5	3	4	5	2	2	0	0	-1	0	1	-2	2	2	2	1	1	0	4	2	4	3	2	2	3	3	3	3	3	0	2	2	1
491	2	1	0	4	4	5	3	3	6	2	2	1	-2	0	-1	0	0	0	0	0	0	-1	2	0	4	3	4	5	3	2	3	3	3	4	2	2	3	3	6	7	3	7	2	2	2
492	0	2	2	0	0	2	-4	0	-2	-1	1	-1	0	0	0	1	1	2	0	0	2	0	1	3	0	0	0	0	1	4	-1	1	0	0	2	2	3	2	3	1	1	2	-1	1	2
493	0	2	0	-1	1	-2	0	0	-1	1	1	3	-1	0	-1	0	0	0	0	1	0	-1	2	1	1	1	1	-1	0	0	0	0	-1	0	1	0	2	4	4	2	2	3	0	0	0
494	2	3	2	5	3	6	5	3	7	5	4	9	5	3	5	4	2	4	0	2	1	4	4	6	4	4	5	4	4	8	0	2	4	3	3	6	2	1	1	5	3	7	4	3	8
495	1	3	0	0	2	4	1	3	1	0	2	-1	4	4	3	2	4	2	0	1	1	2	4	4	6	6	12	4	5	8	3	4	4	6	4	6	4	5	7	5	4	7	5	5	6
496	2	3	3	3	5	7	5	4	8	3	5	4	0	2	3	2	4	4	1	2	3	3	4	2	4	6	7	4	3	5	-1	2	0	0	2	2	1	2	-1	1	2	1	0	2	2
497	3	2	1	4	1	4	2	2	5	1	2	2	5	2	5	3	3	3	2	3	5	4	3	6	2	1	0	2	1	3	2	2	2	2	0	3	1	1	0	1	3	0	0	0	-3
498	0	1	3	0	1	4	1	2	4	-1	0	3	0	1	4	2	3	4	2	2	2	0	0	4	0	1	4	0	2	3	2	1	3	2	2	5	2	0	2	0	2	2	1	1	3
499	2	1	3	4	3	6	5	2	7	1	1	2	0	1	1	0	1	2	5	3	4	0	1	3	1	2	3	0	2	1	0	0	0	0	0	0	1	1	3	2	1	2	2	3	3
500	-1	0	2	1	2	2	1	1	4	2	3	6	5	2	6	1	1	2	2	2	3	1	0	0	1	2	2	1	2	1	1	1	2	-2	1	0	0	2	3	1	1	1	0	2	2
