ccon_pred_y1 ccon_pred_y2 ccon_pred_y3 ccon_pred_y4 ucon_upred_y1 ucon_upred_y2 ucon_upred_y3 ucon_upred_y4 tcon_con_y1 tcon_con_y2 tcon_con_y3 tcon_con_y4 spe_y1 spe_y2 spe_y3 spe_y4 rel_y1 rel_y2 rel_y3 rel_y4
msst_wide_bayes_r1 NA NA NA NA NA NA NA NA NA NA NA NA NA NA NA NA NA NA NA NA
msst_long_bayes_r1 NA NA NA NA NA NA NA NA 0.0351737482594963 0.0365744926337493 0.0341656828584512 0.0363051745894951 0.0245342109700568 0.0190056126337703 0.0247074582494634 0.0235565258809983 0.0123354983143248 0.0185539202986301 0.0113326929972443 0.0141970371111489
cuts_wide_bayes_r1 NA NA NA NA NA NA NA NA NA NA NA NA NA NA NA NA NA NA NA NA
cuts_long_bayes_r1 0.0347613949700637 0.0360237493375993 0.0336049927143879 0.0356331372958354 0.000342718789615693 0.00033461128854211 0.000376882253990932 0.000366758796017665 0.0347395418115625 0.0360007053274414 0.0335844972985472 0.0356068728221542 0.0241824092221395 0.0187418403450741 0.0243927004482135 0.0231201977807816 0.0122102184250978 0.0182434282595449 0.0110981336194698 0.0139266782818438
tso_wide_bayes_r1 NA NA NA NA NA NA NA NA NA NA NA NA NA NA NA NA NA NA NA NA
tso_long_bayes_r1 0.0365811187734831 0.0371909593608223 0.0356347310578079 0.0373996051125055 0.000270543040861367 0.000148215261837436 0.000295179480848831 0.000235099106104672 0.0365601730673682 0.0371746045338424 0.0356135264565796 0.0373787634040065 0.0253185356565011 0.0192702368184925 0.0257199235130268 0.0241510659818382 0.012771812418963 0.0188116163862509 0.0116267463970885 0.0145226659467818
msst_wide_bayes_r2 NA NA NA NA NA NA NA NA NA NA NA NA NA NA NA NA NA NA NA NA
msst_long_bayes_r2 NA NA NA NA NA NA NA NA 0.0335263546389883 0.0366553603137374 0.0316593660461937 0.0347531849308748 0.0230687394092115 0.019245793617397 0.0225854274508713 0.0219205107116814 0.0125681796230653 0.0187010699858012 0.0114988234845313 0.0147101209227134
cuts_wide_bayes_r2 NA NA NA NA NA NA NA NA NA NA NA NA NA NA NA NA NA NA NA NA
cuts_long_bayes_r2 0.0337951681336204 0.0369363410241218 0.032001772002755 0.0348666082089992 0.000639556676792106 0.000802407921814089 0.000411502560738017 0.000278789726413938 0.0337497112786639 0.0368511400603613 0.0319742689637089 0.0348541105722599 0.0231227726720963 0.0193373057853831 0.0228634647498853 0.0220822230352625 0.0127043265650639 0.0187406634969161 0.0114969200214644 0.0146364255515346
tso_wide_bayes_r2 NA NA NA NA NA NA NA NA NA NA NA NA NA NA NA NA NA NA NA NA
tso_long_bayes_r2 0.0352957879623906 0.0378112909929624 0.0335169366530912 0.0363894493674696 0.000182414207363611 0.000107751858420802 0.000201234556296642 0.000159667607411361 0.035289141936445 0.0378049022837256 0.0335103815200416 0.036382917160394 0.0240469399092107 0.0196929961508255 0.0238412133441947 0.0228977548191559 0.0130708468071748 0.0192926641201087 0.0118765651536668 0.015159598702492
msst_wide_bayes_r3 NA NA NA NA NA NA NA NA NA NA NA NA NA NA NA NA NA NA NA NA
msst_long_bayes_r3 NA NA NA NA NA NA NA NA 0.0355073828033728 0.0353653349429181 0.0347275136232713 0.036003782831821 0.0242244966057963 0.0186918177424024 0.0249242906319657 0.0224561172995172 0.0128162792633754 0.0175848600545698 0.0115351175714224 0.0149473896100154
cuts_wide_bayes_r3 NA NA NA NA NA NA NA NA NA NA NA NA NA NA NA NA NA NA NA NA
cuts_long_bayes_r3 0.0357803026364374 0.0356290974956966 0.0349448824972462 0.0362694931392892 0.000304042204069882 0.000450946967233778 0.000235605262756398 0.000296866171117381 0.0357665415214289 0.0355794406721109 0.0349332719278805 0.0362508681658043 0.0244325842851531 0.0186242738578475 0.0250496264660169 0.0226298668472241 0.0128649842772252 0.0178558477410408 0.0116195330378912 0.0150500433079833
tso_wide_bayes_r3 NA NA NA NA NA NA NA NA NA NA NA NA NA NA NA NA NA NA NA NA
tso_long_bayes_r3 0.037054110129707 0.0361835440974094 0.0363975587292166 0.0374352704711563 0.000118717446783826 6.56503984329396e-05 0.000131728915792085 0.000102985647949386 0.0370476969420324 0.0361787794601204 0.0363907766715255 0.0374292116241547 0.0251339398429353 0.0189157791004838 0.0260118049815666 0.0232004267537489 0.0132976740695292 0.0180684078357259 0.0119714376307247 0.0155067697693523
msst_wide_bayes_r4 NA NA NA NA NA NA NA NA NA NA NA NA NA NA NA NA NA NA NA NA
msst_long_bayes_r4 NA NA NA NA NA NA NA NA 0.0351981252106345 0.0355764591116773 0.0342577822473129 0.0359068389226428 0.0239302357102718 0.0183130255510993 0.0248814029422226 0.0227209911147635 0.0128971384061664 0.0182042850468559 0.0111933497307718 0.0146045575090137
cuts_wide_bayes_r4 NA NA NA NA NA NA NA NA NA NA NA NA NA NA NA NA NA NA NA NA
cuts_long_bayes_r4 0.0355742136266544 0.0359781382653355 0.0346012973641626 0.0362601101074355 0.000691122069949535 0.000245176814190718 0.000329356657922515 0.000324708372313808 0.0355140564216585 0.0359565345842194 0.034581247579292 0.0362384319246394 0.024054340268043 0.0184281908202725 0.0251596157412992 0.0228095545148384 0.013074018255771 0.0184569839312681 0.011224899672074 0.0148304160734675
tso_wide_bayes_r4 NA NA NA NA NA NA NA NA NA NA NA NA NA NA NA NA NA NA NA NA
tso_long_bayes_r4 0.0366772694611948 0.0364326351413712 0.0359253660839986 0.0373976043563844 0.000339700346666999 0.000184373855968216 0.000383071915360511 0.000292729470065598 0.0366452965153405 0.0364083730737494 0.0358919521934352 0.0373678717716661 0.0247804680255026 0.0185465847816987 0.0261117037896137 0.023401521097039 0.0133467361189708 0.018719589168993 0.0115051910869486 0.0152545567286439
msst_wide_bayes_r5 NA NA NA NA NA NA NA NA NA NA NA NA NA NA NA NA NA NA NA NA
msst_long_bayes_r5 NA NA NA NA NA NA NA NA 0.0353032747657519 0.0359336728643411 0.0342969289595367 0.0359211881365148 0.0246666807933832 0.0189535765061708 0.024879956714755 0.0229138367846769 0.0121979064349961 0.0179102064689628 0.0112038499166546 0.0144215144243882
cuts_wide_bayes_r5 NA NA NA NA NA NA NA NA NA NA NA NA NA NA NA NA NA NA NA NA
cuts_long_bayes_r5 0.035570282314021 0.0361299206257124 0.0343758277978738 0.03620332814426 0.000376205895114899 0.000397236210706622 0.000314908043217476 0.000513121920433151 0.0355427410270229 0.0360861547854907 0.0343604023137249 0.0361593155708386 0.0248699647811371 0.0190076235069416 0.0249578452361603 0.0230000269515916 0.0122162073341619 0.0180092291556509 0.0111957209659617 0.0145795414002476
tso_wide_bayes_r5 NA NA NA NA NA NA NA NA NA NA NA NA NA NA NA NA NA NA NA NA
tso_long_bayes_r5 0.0371667289412459 0.0372610660927598 0.0363057046910649 0.0378035811857826 0.000111911572877757 6.17457536802101e-05 0.000122761542142878 9.57214073324291e-05 0.0371605611596235 0.037256757854844 0.0362998753521124 0.0377980400845458 0.0258903873169414 0.01953968345768 0.0263052511387105 0.0239168019975552 0.0126979199526759 0.0185707193819937 0.011626322309271 0.0151337665602385
msst_wide_bayes_r6 NA NA NA NA NA NA NA NA NA NA NA NA NA NA NA NA NA NA NA NA
msst_long_bayes_r6 NA NA NA NA NA NA NA NA 0.0334077980923499 0.0356143605376258 0.0321233556014382 0.0345157846078262 0.0235155207940424 0.0180231416135787 0.0230295990926087 0.0219806396720138 0.0118760542504396 0.0187487452756647 0.0113102125793171 0.0141888454911701
cuts_wide_bayes_r6 NA NA NA NA NA NA NA NA NA NA NA NA NA NA NA NA NA NA NA NA
cuts_long_bayes_r6 0.0335925089848779 0.035932806231983 0.0325165055150572 0.0349447222014005 0.000308023657622731 0.000412658318908663 0.000420069581118657 0.000592029246935812 0.0335792069011701 0.0358952795896723 0.0324928283261101 0.0348949424823207 0.0235030002955581 0.0180206138101193 0.0231326806386347 0.0221536102840013 0.0119988651431726 0.0190020144329688 0.0115068902929288 0.01443366417326
tso_wide_bayes_r6 NA NA NA NA NA NA NA NA NA NA NA NA NA NA NA NA NA NA NA NA
tso_long_bayes_r6 0.0362753245871215 0.0378565038404668 0.0352158159083935 0.0372527885414878 0.000123636079037377 6.50153610169659e-05 0.000130878528597715 0.000104561721233446 0.0362697906749375 0.0378523895804356 0.0352103233704354 0.0372475017081276 0.0252843890290341 0.018907078962817 0.0249217836264171 0.0234817923876827 0.0126917149650359 0.0199516997376808 0.0121988578764277 0.0152446832227151
msst_wide_bayes_r7 NA NA NA NA NA NA NA NA NA NA NA NA NA NA NA NA NA NA NA NA
msst_long_bayes_r7 NA NA NA NA NA NA NA NA 0.0347039545602629 0.036033016476593 0.0339929690081789 0.0357113034786358 0.0234231476582042 0.0184749469190261 0.024656732071839 0.0227493710336177 0.0129791615298187 0.0185736302707141 0.0112777909765678 0.0144415500725765
cuts_wide_bayes_r7 NA NA NA NA NA NA NA NA NA NA NA NA NA NA NA NA NA NA NA NA
cuts_long_bayes_r7 0.0352734406612505 0.0363085100999253 0.0343364701916535 0.0360681824233775 0.000570516822316477 0.000470033397041529 0.000271358331361698 0.000446544479850809 0.0352277645575057 0.0362641006833854 0.0343255378155312 0.0360346728877095 0.0238553596229532 0.0185780396572283 0.0250542620252705 0.0231011514123706 0.0130842376727544 0.0187156007802234 0.0111438530430387 0.0144338381190348
tso_wide_bayes_r7 NA NA NA NA NA NA NA NA NA NA NA NA NA NA NA NA NA NA NA NA
tso_long_bayes_r7 0.0365509423995641 0.0370204155367627 0.0357605649041147 0.0373246570546422 0.000145488855285416 8.09684882862323e-05 0.000163354708929269 0.000129063401534208 0.0365421716654066 0.0370142035542746 0.0357512165230848 0.0373163296558225 0.0246978291364036 0.018870996942978 0.0258407863396209 0.0237957415320634 0.0133858643603953 0.0190626427425502 0.0116463577469592 0.0148616198386292
msst_wide_bayes_r8 NA NA NA NA NA NA NA NA NA NA NA NA NA NA NA NA NA NA NA NA
msst_long_bayes_r8 NA NA NA NA NA NA NA NA 0.035791207223853 0.0349011464241568 0.0349826624970448 0.0362199034381131 0.0241483039231381 0.0176331587896129 0.0251882815228179 0.0229723075332789 0.013019743064028 0.0181110649934144 0.0114829561978084 0.0145006893138916
cuts_wide_bayes_r8 NA NA NA NA NA NA NA NA NA NA NA NA NA NA NA NA NA NA NA NA
cuts_long_bayes_r8 0.0361113043994952 0.0351030476445819 0.0352694675709755 0.0364886815529456 0.000424606980334359 0.000527897809395494 0.000482685710004415 0.000311765291547324 0.0360784277681044 0.0350469969835157 0.0352378925548879 0.0364658177475643 0.0243284802200441 0.0177263652721921 0.0253763438906749 0.0231736191260239 0.0131508616830103 0.0181766188646674 0.011508138281233 0.0145521555750052
tso_wide_bayes_r8 NA NA NA NA NA NA NA NA NA NA NA NA NA NA NA NA NA NA NA NA
tso_long_bayes_r8 0.037286582507159 0.0354930983573192 0.0365058111396659 0.0374231903523026 0.00024657034845773 0.000132885436632607 0.000282867411045007 0.000218819508672658 0.0372674709068153 0.0354788236860776 0.0364859873606353 0.0374042913877936 0.0249604037192727 0.0178408814013403 0.0262644361572139 0.0236894974222092 0.0135745140611331 0.0184254647407732 0.0117156920323949 0.0148795762605852
msst_wide_bayes_r9 NA NA NA NA NA NA NA NA NA NA NA NA NA NA NA NA NA NA NA NA
msst_long_bayes_r9 NA NA NA NA NA NA NA NA 0.0350162784254913 0.0363040881659988 0.0342038232139385 0.0357600055277448 0.0242020955678031 0.0185695130801344 0.024181900591761 0.0234912610949111 0.0124808685536771 0.0187936530912487 0.0118852662594073 0.0137816279442503
cuts_wide_bayes_r9 NA NA NA NA NA NA NA NA NA NA NA NA NA NA NA NA NA NA NA NA
cuts_long_bayes_r9 0.0347450283143153 0.0362764628740427 0.0339842823657237 0.0355544597652373 0.000275570448001762 0.00035430775484337 0.000309026045690521 0.000229637395724311 0.0347291430130211 0.036250979604432 0.0339667302327631 0.0355427428042816 0.0240327465599614 0.0185554745208957 0.0240904103168059 0.0233437962031057 0.0124478884284778 0.0187517673583589 0.0118106004642954 0.0137193661600372
tso_wide_bayes_r9 NA NA NA NA NA NA NA NA NA NA NA NA NA NA NA NA NA NA NA NA
tso_long_bayes_r9 0.0361901160256263 0.0369837172915528 0.0355122267103605 0.0368436443784615 9.07323876457057e-05 5.04900465385973e-05 9.68698943101139e-05 8.20622577297884e-05 0.0361863274069416 0.0369808086712939 0.0355083396875544 0.0368400417132594 0.0249940465965539 0.0188766838871358 0.0250925018768474 0.0240288256803594 0.0128147462569548 0.0190875517019088 0.012138875039738 0.0141786635156263
msst_wide_bayes_r10 NA NA NA NA NA NA NA NA NA NA NA NA NA NA NA NA NA NA NA NA
msst_long_bayes_r10 NA NA NA NA NA NA NA NA 0.0351584807436603 0.03511983798574 0.0340059429974493 0.035762847780738 0.0238046965608554 0.0182407369247528 0.0240403264161733 0.0232984686631985 0.0129464359806375 0.0177756293210379 0.0117838571478529 0.0138672136275524
cuts_wide_bayes_r10 NA NA NA NA NA NA NA NA NA NA NA NA NA NA NA NA NA NA NA NA
cuts_long_bayes_r10 0.0356371532278012 0.035691088890068 0.0345338063853271 0.0362939050480421 0.000421649077718809 0.000435136817706653 0.000637968190230151 0.000387612790898093 0.0356104671679015 0.0356566191699873 0.0344764948850688 0.0362617299140737 0.0240860092414408 0.0184459135841612 0.0244414028296035 0.0236436127096902 0.013091766806304 0.0181052582283987 0.0118507240417056 0.0139793047174256
tso_wide_bayes_r10 NA NA NA NA NA NA NA NA NA NA NA NA NA NA NA NA NA NA NA NA
tso_long_bayes_r10 0.0370496062736601 0.0364227157677441 0.0361305481201922 0.0376176630196252 8.63265189036871e-05 4.69676727225835e-05 9.6597621556073e-05 7.81739874031842e-05 0.0370459931858113 0.0364198497767014 0.0361268020276584 0.0376142502589316 0.0250128185867696 0.0187468479189157 0.0254874079270403 0.0244716496912486 0.013454905768668 0.0184774443431033 0.0122901913740348 0.0143973213273279
msst_wide_bayes_r11 NA NA NA NA NA NA NA NA NA NA NA NA NA NA NA NA NA NA NA NA
msst_long_bayes_r11 NA NA NA NA NA NA NA NA 0.0355483027336569 0.03601084808081 0.0344473133953298 0.0363372101363526 0.0246042863822312 0.0182464063230935 0.0248649935853658 0.0237548969630983 0.0125790978902965 0.018700162569235 0.0114416595804254 0.0140065731106105
cuts_wide_bayes_r11 NA NA NA NA NA NA NA NA NA NA NA NA NA NA NA NA NA NA NA NA
cuts_long_bayes_r11 0.0351121666892184 0.0357926829297444 0.0341768824503389 0.0359892468620563 0.000320405033483068 0.000484384443513385 0.000461627841133888 0.000417553702932134 0.0350925553429488 0.0357461917581312 0.0341491309448612 0.0359674186289744 0.0242616787387642 0.0180779868588961 0.0246275532154863 0.0233225350713731 0.0124821811967112 0.0186087107769526 0.0113457997991339 0.0140712514208601
tso_wide_bayes_r11 NA NA NA NA NA NA NA NA NA NA NA NA NA NA NA NA NA NA NA NA
tso_long_bayes_r11 0.0369767869705669 0.0366578688346091 0.036137862596609 0.0376792890427578 0.000136508502159665 7.08454515268495e-05 0.000150515942482594 0.000120871806867406 0.0369713220860408 0.0366537115269501 0.0361324385211465 0.0376739530803457 0.0254468378855653 0.0184752686865637 0.0259699100697275 0.0243865059097217 0.0129951605650412 0.0190220391113757 0.0118775126694249 0.0145714767759402
msst_wide_bayes_r12 NA NA NA NA NA NA NA NA NA NA NA NA NA NA NA NA NA NA NA NA
msst_long_bayes_r12 NA NA NA NA NA NA NA NA 0.0361058166600536 0.0349144052665949 0.0353494259651988 0.0363985739239583 0.0241933226499903 0.0182744733505815 0.0255907045550953 0.0236879424696026 0.0132812377813636 0.0174523284539887 0.0113365085062101 0.0138729506842573
cuts_wide_bayes_r12 NA NA NA NA NA NA NA NA NA NA NA NA NA NA NA NA NA NA NA NA
cuts_long_bayes_r12 0.0366966398707862 0.0355178108561658 0.0360085250584201 0.0370457964879701 0.000394075328345716 0.000549500363647297 0.000229427277093376 0.000305352876525237 0.0366685940403867 0.0354498140605164 0.0359970209037779 0.0370245159890642 0.0244288847089139 0.0184860997063078 0.0260598677593227 0.0240179197282837 0.0135372739984432 0.0177554113754069 0.0114366352765907 0.0141333196018069
tso_wide_bayes_r12 NA NA NA NA NA NA NA NA NA NA NA NA NA NA NA NA NA NA NA NA
tso_long_bayes_r12 0.0377672359300573 0.0358576641610824 0.0371444078325187 0.0378412059023605 0.000154433660758489 8.63407601248556e-05 0.000177773271464937 0.000138056043208989 0.0377590762325297 0.035851463030024 0.0371360602834247 0.0378332500352102 0.0251878587831207 0.0186696905646886 0.0268506319501747 0.0244414445306491 0.0138052707515949 0.0179226343363877 0.011681346053152 0.0144318965292217
msst_wide_bayes_r13 NA NA NA NA NA NA NA NA NA NA NA NA NA NA NA NA NA NA NA NA
msst_long_bayes_r13 NA NA NA NA NA NA NA NA 0.0367056870879015 0.0337193152990585 0.0364591474254157 0.0366198466612728 0.0251087885217888 0.0173056625369225 0.0263231423539111 0.0232448913156966 0.0127606214723631 0.0170775210848375 0.0114469995802965 0.0143829861683672
cuts_wide_bayes_r13 NA NA NA NA NA NA NA NA NA NA NA NA NA NA NA NA NA NA NA NA
cuts_long_bayes_r13 0.0364747314319925 0.0335399887562676 0.036313769753406 0.0364537453157589 0.000202079280306629 0.000404409317475905 0.00037920163791041 0.000173146922694089 0.0364601896649997 0.0334930148112556 0.0362861921481583 0.0364393887554943 0.0248722573230143 0.0171648103551798 0.0262279615914862 0.0232057476763021 0.0127620153266513 0.0170153895004861 0.0113882871939313 0.0142722130617852
tso_wide_bayes_r13 NA NA NA NA NA NA NA NA NA NA NA NA NA NA NA NA NA NA NA NA
tso_long_bayes_r13 0.0376308540611972 0.0339047536599911 0.0375716678413443 0.0374156246733618 0.000135002765449403 6.96417471993958e-05 0.000151515056519183 0.000117187046824802 0.0376235889624516 0.0338995374726776 0.0375640537871607 0.0374088275544161 0.0256263335745852 0.0173518659320848 0.0270503889639332 0.0236999069374907 0.0130525561193151 0.017174267863716 0.011727500644619 0.0146615264931551
msst_wide_bayes_r14 NA NA NA NA NA NA NA NA NA NA NA NA NA NA NA NA NA NA NA NA
msst_long_bayes_r14 NA NA NA NA NA NA NA NA 0.0356634838285585 0.0361011358130235 0.0348608196691813 0.0364776668879417 0.024625955329234 0.0185966683449301 0.0245638951124218 0.0230662204158427 0.0126645033752474 0.0184508250799462 0.0120809327479042 0.0147732798610642
cuts_wide_bayes_r14 NA NA NA NA NA NA NA NA NA NA NA NA NA NA NA NA NA NA NA NA
cuts_long_bayes_r14 0.0354661214781317 0.0359094271750836 0.0347476109400033 0.0364035593172258 0.000254584437111206 0.00066280854527884 0.000301294912567926 0.000587357311946308 0.0354531612285981 0.0358361605533709 0.034730040325338 0.0363500785011467 0.0244254007841954 0.0185146924357035 0.024424688408312 0.0229607438867692 0.0126285243039329 0.0182614381408492 0.0120882432082064 0.0147579903135131
tso_wide_bayes_r14 NA NA NA NA NA NA NA NA NA NA NA NA NA NA NA NA NA NA NA NA
tso_long_bayes_r14 0.0366190174518115 0.0363554664586263 0.0360963028056885 0.0373398675938319 0.000290027627192201 0.000156541076086763 0.000307633204240666 0.000245629480490094 0.0365943981503707 0.0363380561496846 0.0360723595907296 0.037317153136128 0.0251907642592084 0.0187450502935185 0.0252967286306566 0.0236686171587481 0.0128698382648713 0.0184756033779833 0.0123863594412719 0.0149466314363891
msst_wide_bayes_r15 NA NA NA NA NA NA NA NA NA NA NA NA NA NA NA NA NA NA NA NA
msst_long_bayes_r15 NA NA NA NA NA NA NA NA 0.0356249295194088 0.0361423181927507 0.0348536173242108 0.0362537404055746 0.0247149711725833 0.0189571357067671 0.0252040545366165 0.0236729501668452 0.0124303773491171 0.0181309691691827 0.0113016985247616 0.0139623190491188
cuts_wide_bayes_r15 NA NA NA NA NA NA NA NA NA NA NA NA NA NA NA NA NA NA NA NA
cuts_long_bayes_r15 0.0353708495034311 0.0360397544355032 0.0344402689337002 0.0360150716832003 0.000625608156463985 0.00119343841703197 0.000413814486509136 0.00035168734368842 0.0353130760464626 0.0357900020158293 0.0344187962112283 0.0359929491048907 0.0244828302581134 0.0188812450792296 0.024819956101314 0.0235445553709424 0.0123540205743288 0.0178665108757611 0.0113250284597971 0.0138302070006945
tso_wide_bayes_r15 NA NA NA NA NA NA NA NA NA NA NA NA NA NA NA NA NA NA NA NA
tso_long_bayes_r15 0.0370912190777201 0.0369412138717631 0.036357307299335 0.0376669222774578 8.74019497513465e-05 4.89557430783077e-05 9.53096706799256e-05 7.79862949675353e-05 0.0370862236477836 0.0369375757324375 0.036352074348478 0.0376621044477249 0.0255992159530522 0.0193690293880519 0.0261195617872385 0.0244945771802645 0.0128866305201265 0.0184594784347142 0.0117918368116051 0.0144373316361189
msst_wide_bayes_r16 NA NA NA NA NA NA NA NA NA NA NA NA NA NA NA NA NA NA NA NA
msst_long_bayes_r16 NA NA NA NA NA NA NA NA 0.0358339855215093 0.0353957233314263 0.035359762756744 0.0364611383005728 0.0246353337608901 0.0184351044800994 0.0248605820954979 0.0233816506756382 0.0126845252643696 0.0178161190167971 0.0121075775608345 0.0143612131789869
cuts_wide_bayes_r16 NA NA NA NA NA NA NA NA NA NA NA NA NA NA NA NA NA NA NA NA
cuts_long_bayes_r16 0.0363308161707681 0.0359001881005648 0.0359290569295183 0.0369900421864078 0.000258541416887338 0.000499837366846144 0.000424196267078097 0.000338646146722146 0.0363117700700396 0.035850375764555 0.0359051357429561 0.0369641753721939 0.0250992365517223 0.0186626628173638 0.025163338710789 0.023578225574158 0.012694352345686 0.0180383218976508 0.0123567078069141 0.014630573530926
tso_wide_bayes_r16 NA NA NA NA NA NA NA NA NA NA NA NA NA NA NA NA NA NA NA NA
tso_long_bayes_r16 0.0370665794755368 0.036003748401314 0.0367249352777337 0.0376141123427591 8.6005355293067e-05 4.62375614176738e-05 9.06974025890708e-05 7.36393515028079e-05 0.037061725454729 0.0360003660804011 0.0367199855199751 0.0376094734410974 0.0255004365532826 0.0186895891942429 0.0256945520993329 0.0240309451046634 0.0129462823259742 0.0181160598774773 0.0124832060066388 0.014763545764276
msst_wide_bayes_r17 NA NA NA NA NA NA NA NA NA NA NA NA NA NA NA NA NA NA NA NA
msst_long_bayes_r17 NA NA NA NA NA NA NA NA 0.0328592704784458 0.0362227968622794 0.0325038088231607 0.0345114219148311 0.0232033727691371 0.0190103302324904 0.0230540094667098 0.0217466504986327 0.0117626777785253 0.0184036987510959 0.0115705934939434 0.0145378878404741
cuts_wide_bayes_r17 NA NA NA NA NA NA NA NA NA NA NA NA NA NA NA NA NA NA NA NA
cuts_long_bayes_r17 0.0331635561995437 0.0363974152298482 0.0327591223485515 0.0347194749542178 0.00038496061667233 0.000306393836149604 0.000471776318138575 0.00046115080207178 0.0331409397219818 0.0363758459758573 0.0327339716408473 0.034691790059768 0.0235482996486802 0.0190398689870344 0.0232132192971901 0.0218892188175564 0.0117078946991488 0.0185324218026902 0.0116645214426784 0.0145841893075018
tso_wide_bayes_r17 NA NA NA NA NA NA NA NA NA NA NA NA NA NA NA NA NA NA NA NA
tso_long_bayes_r17 0.0346783628599435 0.0374203829404981 0.0343542374813854 0.0361819852817752 0.000225164278282232 0.000123810872485588 0.000228268768047835 0.00018675589748141 0.0346643236414825 0.0374096397727592 0.0343401367569942 0.0361689108725988 0.0244571282438857 0.0195515116127229 0.0242182136733528 0.0227096400486849 0.0121539166627143 0.0189617062392394 0.0120475921569089 0.0150920897965343
msst_wide_bayes_r18 NA NA NA NA NA NA NA NA NA NA NA NA NA NA NA NA NA NA NA NA
msst_long_bayes_r18 NA NA NA NA NA NA NA NA 0.0344860463364349 0.0364912693847436 0.0337347517332687 0.0355550122698785 0.0237646341848705 0.0192833438210847 0.0240984736462879 0.0228768258449537 0.0125334024306652 0.0182653722308169 0.011595464704557 0.0142681123172346
cuts_wide_bayes_r18 NA NA NA NA NA NA NA NA NA NA NA NA NA NA NA NA NA NA NA NA
cuts_long_bayes_r18 0.0341038134446413 0.03639312289686 0.0335979048783632 0.0353336468071759 0.000539744744304219 0.000673168658440979 0.000491589075282164 0.00058829601532373 0.0340648005059559 0.0363285175479753 0.0335692465309141 0.0352913633209725 0.0233986976470517 0.0192146004712508 0.0239673419847627 0.0227887416513891 0.012555783864529 0.0181732118475125 0.01160775667015 0.0141344565133114
tso_wide_bayes_r18 NA NA NA NA NA NA NA NA NA NA NA NA NA NA NA NA NA NA NA NA
tso_long_bayes_r18 0.0359763749355208 0.0373516305319584 0.0352398811013397 0.0371135824067407 0.000303676741568134 0.000170118194556531 0.000323830396660577 0.000265318353951141 0.0359533737535825 0.0373331688273072 0.0352174892541618 0.0370923362436254 0.0246677846565009 0.0197003604360047 0.0250841685841748 0.0237777355265537 0.0130109736955252 0.0186009927980996 0.0119611089062565 0.0147882749962489
msst_wide_bayes_r19 NA NA NA NA NA NA NA NA NA NA NA NA NA NA NA NA NA NA NA NA
msst_long_bayes_r19 NA NA NA NA NA NA NA NA 0.0362705039921898 0.0361325416689203 0.0353871919941218 0.0366740300350539 0.0243614543756183 0.0180774011496173 0.0251893082962773 0.0233944791053792 0.0133726613936206 0.0189875320400818 0.0119104938318774 0.014677313097677
cuts_wide_bayes_r19 NA NA NA NA NA NA NA NA NA NA NA NA NA NA NA NA NA NA NA NA
cuts_long_bayes_r19 0.0354706533446529 0.0352521742736207 0.0347264362551963 0.0358517491508722 0.000203174865012554 0.000360506442146874 0.000445663290123326 0.000303587870089165 0.0354590926122359 0.0352223842565738 0.0346957462005306 0.0358231801910182 0.023921278116418 0.0177323607779869 0.0248489907816455 0.0229219774442382 0.0130758336861941 0.0184452160623893 0.0116180383358177 0.0143186623653681
tso_wide_bayes_r19 NA NA NA NA NA NA NA NA NA NA NA NA NA NA NA NA NA NA NA NA
tso_long_bayes_r19 0.037022641698362 0.0361955458643062 0.0362928861849676 0.0373071793794872 8.84459653540465e-05 4.89453292408483e-05 0.000100250665724913 8.06726998675885e-05 0.0370182445848537 0.0361922406000362 0.0362879617533636 0.0373027189877009 0.0248416574387109 0.0181771037884213 0.0258649503800057 0.0236869012393568 0.0135274381214942 0.0188960888571523 0.0119725253703273 0.0148894459944032
msst_wide_bayes_r20 NA NA NA NA NA NA NA NA NA NA NA NA NA NA NA NA NA NA NA NA
msst_long_bayes_r20 NA NA NA NA NA NA NA NA 0.0348178915515147 0.0364945511848344 0.0338591146959928 0.0359349514119925 0.024051495648044 0.0194403722176905 0.0243617676260557 0.022751652871457 0.012503099094337 0.0180994170081442 0.0114061069279285 0.0147548024331643
cuts_wide_bayes_r20 NA NA NA NA NA NA NA NA NA NA NA NA NA NA NA NA NA NA NA NA
cuts_long_bayes_r20 0.034432093778628 0.0360538935987659 0.033425851338849 0.0354486568267369 0.000318534218807907 0.000285222460271508 0.00027178886862068 0.000398559885697371 0.0344105131713857 0.036030956644344 0.0334128636343945 0.0354182183652681 0.023907353896168 0.0192518281768854 0.0240005544173468 0.022485940792212 0.0122346212286845 0.0178141184888468 0.0113990003410175 0.0144695915591541
tso_wide_bayes_r20 NA NA NA NA NA NA NA NA NA NA NA NA NA NA NA NA NA NA NA NA
tso_long_bayes_r20 0.0364556494648194 0.0374376682955128 0.0355026405078151 0.0373638747549333 0.000173651553427801 9.91462169026164e-05 0.000187907655564812 0.000148972141505195 0.0364460907088987 0.0374297983088922 0.0354934085180591 0.0373550968295519 0.0251738887400845 0.0198220993226171 0.0254332912717983 0.0236220341651794 0.0128668668951705 0.0185525070248279 0.011846159364754 0.0151224084434833
msst_wide_bayes_r21 NA NA NA NA NA NA NA NA NA NA NA NA NA NA NA NA NA NA NA NA
msst_long_bayes_r21 NA NA NA NA NA NA NA NA 0.0352650847129915 0.0356786318120821 0.03436277618411 0.0359106927525677 0.023954080463881 0.0185818110133061 0.0243152555087773 0.0232231306483453 0.0129389560836078 0.0180550191310414 0.0118754469063839 0.0141104908340675
cuts_wide_bayes_r21 NA NA NA NA NA NA NA NA NA NA NA NA NA NA NA NA NA NA NA NA
cuts_long_bayes_r21 0.0355062102861009 0.0360172230844165 0.0345620170948891 0.0361289405174423 0.000243874878241332 0.00082479260478356 0.000217912479968295 0.000225460491584467 0.035490482751701 0.0359076603230517 0.0345490973576764 0.0361136361209807 0.0240669197384516 0.0186156742000561 0.0244804100271516 0.0233520860212792 0.01304821749249 0.0182346519045317 0.0118996048023921 0.0141783676253816
tso_wide_bayes_r21 NA NA NA NA NA NA NA NA NA NA NA NA NA NA NA NA NA NA NA NA
tso_long_bayes_r21 0.0366828171919529 0.0363970568929783 0.0359230795116681 0.0373137385164987 0.000161126261902691 8.86353111885769e-05 0.000177404787452355 0.000145806464916129 0.0366727479150078 0.0363898540400359 0.03591322037477 0.0373044968631908 0.024784550534009 0.018797153863311 0.0253231401245751 0.0240774449807042 0.0134024157472857 0.0184703440445671 0.0122543378306882 0.0145677086197765
msst_wide_bayes_r22 NA NA NA NA NA NA NA NA NA NA NA NA NA NA NA NA NA NA NA NA
msst_long_bayes_r22 NA NA NA NA NA NA NA NA 0.0351564590539964 0.0362180627219823 0.0340493785653275 0.0359363562333948 0.0243239502954585 0.0193698299696707 0.0246171593976924 0.0227609555732164 0.012488507867934 0.0178305670858387 0.0112803463337537 0.0146295067121366
cuts_wide_bayes_r22 NA NA NA NA NA NA NA NA NA NA NA NA NA NA NA NA NA NA NA NA
cuts_long_bayes_r22 0.0349001934977445 0.0361754724481009 0.0340423168190758 0.0358973585888443 0.000219715311451454 0.000548886526249729 0.000536381679736452 0.000373815499637166 0.034890014006613 0.0361212284627377 0.0339998768612262 0.0358777894022431 0.0240974050657217 0.0192870911234361 0.0245755325865288 0.0227176223191724 0.0124522567098617 0.0178267290666326 0.0112980721727047 0.0146488632848533
tso_wide_bayes_r22 NA NA NA NA NA NA NA NA NA NA NA NA NA NA NA NA NA NA NA NA
tso_long_bayes_r22 0.0366091523695851 0.0371054440632206 0.0358075329173273 0.0375052765371345 0.000117826037431747 6.74578897810722e-05 0.00012902647705139 0.000100825096784848 0.0366037903998291 0.0371011412858263 0.0358021412779144 0.0375003313552293 0.0251476790452619 0.0197238177011237 0.0257296057159395 0.0236320790233205 0.0129839232329934 0.0182826681612306 0.0117756410161114 0.0152018943616196
msst_wide_bayes_r23 NA NA NA NA NA NA NA NA NA NA NA NA NA NA NA NA NA NA NA NA
msst_long_bayes_r23 NA NA NA NA NA NA NA NA 0.0359496656986889 0.0355837560639508 0.0351086313969824 0.0364661326401791 0.0246168649948283 0.0183867578197796 0.0253938503443302 0.0233727997028982 0.0128271300635498 0.0180818291822888 0.0113349764732416 0.0143590555531632
cuts_wide_bayes_r23 NA NA NA NA NA NA NA NA NA NA NA NA NA NA NA NA NA NA NA NA
cuts_long_bayes_r23 0.0356854019689845 0.0354358147677874 0.0349827106273623 0.0363338251457253 0.000379158223517321 0.000516200094469819 0.000314165114492417 0.000433096782478607 0.0356534814945721 0.0353787418849418 0.0349656442052463 0.0362953244041468 0.0242933290983468 0.0182354084290643 0.0253016838337951 0.0232976232730326 0.0128364713011505 0.0180464097533978 0.0112997465254156 0.0142707225317013
tso_wide_bayes_r23 NA NA NA NA NA NA NA NA NA NA NA NA NA NA NA NA NA NA NA NA
tso_long_bayes_r23 0.0378733807774119 0.0367005428951338 0.0372608934036093 0.038283916752252 0.000110111180812286 5.95341780293231e-05 0.000122822415176568 9.58403743430659e-05 0.0378671765112088 0.036696175973909 0.0372545672896733 0.0382783089970927 0.025843920414703 0.0188119553792067 0.0268791090103186 0.0244865415040957 0.0133437614454824 0.0186686086602806 0.0118326512208066 0.0149293099015637
msst_wide_bayes_r24 NA NA NA NA NA NA NA NA NA NA NA NA NA NA NA NA NA NA NA NA
msst_long_bayes_r24 NA NA NA NA NA NA NA NA 0.0356766288933732 0.0357799857284772 0.0348610372475582 0.0362593349588983 0.0247690619665648 0.0189719724632249 0.0250962949322487 0.0233022682235552 0.0124186078311127 0.0177157539837332 0.0114489138690264 0.0142974230874678
cuts_wide_bayes_r24 NA NA NA NA NA NA NA NA NA NA NA NA NA NA NA NA NA NA NA NA
cuts_long_bayes_r24 0.0352387395607663 0.0353805471107496 0.0346000903649924 0.0358028842995288 0.000274804527973131 0.000512018660175614 0.000234451627248066 0.000264792084188316 0.0352223297559695 0.0353333741202888 0.0345880537723182 0.0357859895587426 0.0245081373461709 0.0187051027770162 0.0248953839080299 0.022877680349193 0.0122236258616362 0.01756616809159 0.011351803926053 0.0142366283380678
tso_wide_bayes_r24 NA NA NA NA NA NA NA NA NA NA NA NA NA NA NA NA NA NA NA NA
tso_long_bayes_r24 0.0371908966495031 0.0366124536748019 0.0366819716060924 0.0377056280783605 0.000181881058424138 0.000100901348399683 0.000196211416258864 0.000156554057503117 0.0371807840489609 0.0366047564622509 0.0366715203547945 0.0376961513841788 0.0258144099366572 0.0192582167018902 0.0262612614720452 0.0240111143071207 0.0127017547638752 0.0181814975672759 0.0119289317243124 0.0148878321814893
msst_wide_bayes_r25 NA NA NA NA NA NA NA NA NA NA NA NA NA NA NA NA NA NA NA NA
msst_long_bayes_r25 NA NA NA NA NA NA NA NA 0.0345416230037377 0.0360515175991462 0.0332475399583801 0.0356101633659208 0.024502771420648 0.0192402768134037 0.0232572260822448 0.0221343048807262 0.0118036121992753 0.0178361472853718 0.0120181515836249 0.0150382645944422
cuts_wide_bayes_r25 NA NA NA NA NA NA NA NA NA NA NA NA NA NA NA NA NA NA NA NA
cuts_long_bayes_r25 0.0352423525920019 0.0367480346394848 0.0339405767174788 0.036355882145822 0.000382512622874239 0.000855489177387956 0.000559049251732011 0.000487378836186938 0.0352161915429658 0.0366405217396472 0.0339041029945319 0.0363227424941321 0.0247962679093386 0.0195143165324094 0.0237338627829818 0.0224348589856285 0.0121445668699424 0.0181126110985697 0.0121854258976932 0.0154256007203973
tso_wide_bayes_r25 NA NA NA NA NA NA NA NA NA NA NA NA NA NA NA NA NA NA NA NA
tso_long_bayes_r25 0.0363828388757639 0.0372212017717953 0.035179888876994 0.0373313474599972 0.000155958211870109 8.58550718761234e-05 0.000162532781787251 0.000127044736375768 0.0363760153796471 0.0372155109701819 0.0351732180003006 0.0373250643224444 0.0255217689038971 0.0197721905417325 0.0245403426992318 0.0229905934663218 0.0124631087960404 0.0183564782706049 0.0124979143599913 0.0157457261660949
msst_wide_bayes_r26 NA NA NA NA NA NA NA NA NA NA NA NA NA NA NA NA NA NA NA NA
msst_long_bayes_r26 NA NA NA NA NA NA NA NA 0.0333763849418068 0.0367914732217369 0.0324841958868537 0.0350408314973493 0.0232997393815181 0.0190583100009801 0.0234307589812158 0.022641416735792 0.0120915655941408 0.0188851421540892 0.0112462271669455 0.0142021914707745
cuts_wide_bayes_r26 NA NA NA NA NA NA NA NA NA NA NA NA NA NA NA NA NA NA NA NA
cuts_long_bayes_r26 0.0335089222126789 0.0368780504484687 0.0324736103231614 0.0351404992721741 0.000285806535850767 0.000946620093853466 0.00031211105551646 0.000605279722867634 0.0334964218935124 0.0367686978429762 0.032455464479798 0.0350977016497898 0.0235267560785747 0.018991336739181 0.0233255900088816 0.0225548225797321 0.0120072832507022 0.0189311435350775 0.0113208562966859 0.0142607348225029
tso_wide_bayes_r26 NA NA NA NA NA NA NA NA NA NA NA NA NA NA NA NA NA NA NA NA
tso_long_bayes_r26 0.0345635324261913 0.0372400533636658 0.0336651807538506 0.0359713298047025 0.000112495625012464 6.12990800346841e-05 0.00011941611662538 9.6791110069526e-05 0.0345598883283933 0.0372369230556684 0.0336612667482428 0.0359674403106653 0.0241050503141179 0.019244476489679 0.0240980127684967 0.0229736891783272 0.0123921615570403 0.0190693910985664 0.0116159704917233 0.0145565561464145
msst_wide_bayes_r27 NA NA NA NA NA NA NA NA NA NA NA NA NA NA NA NA NA NA NA NA
msst_long_bayes_r27 NA NA NA NA NA NA NA NA 0.035153130462391 0.0362530255422721 0.0341044063489358 0.0361048349715216 0.0242990759454004 0.0191163966371302 0.0244625287708605 0.0233497590007767 0.0124853342837637 0.0181239075624414 0.0115015978778714 0.0141791020682657
cuts_wide_bayes_r27 NA NA NA NA NA NA NA NA NA NA NA NA NA NA NA NA NA NA NA NA
cuts_long_bayes_r27 0.0354507709934193 0.0365527982187958 0.0343318413916257 0.036263592348162 0.000570981663692777 0.000594970047814275 0.000246974494395161 0.00025801995125356 0.0354091719010485 0.03650068867179 0.0343220737144749 0.0362448119833742 0.0244861365193878 0.0192599966654168 0.0246904479495854 0.0233496640841474 0.0125823571960415 0.0182245190650292 0.011468827382362 0.0142927511548206
tso_wide_bayes_r27 NA NA NA NA NA NA NA NA NA NA NA NA NA NA NA NA NA NA NA NA
tso_long_bayes_r27 0.0369977085300446 0.0373024452081706 0.0361611157086379 0.0377769940418711 0.000113196513104018 6.34222295891213e-05 0.000123476508545836 9.89212087629776e-05 0.0369914478093202 0.037297765726364 0.0361547349408706 0.0377710483812801 0.0254256324405012 0.0196111308501775 0.0258409048970485 0.0242945671860111 0.0130229245020538 0.0185777432226861 0.0119940176377323 0.0147771704184253
msst_wide_bayes_r28 NA NA NA NA NA NA NA NA NA NA NA NA NA NA NA NA NA NA NA NA
msst_long_bayes_r28 NA NA NA NA NA NA NA NA 0.0347927244792671 0.0363605040886304 0.0338709178913237 0.0359917189347276 0.0242002853231592 0.018865929197056 0.0242612599246562 0.0230262093382522 0.0123369759609737 0.0184680199439765 0.0115465752829946 0.0144280059787178
cuts_wide_bayes_r28 NA NA NA NA NA NA NA NA NA NA NA NA NA NA NA NA NA NA NA NA
cuts_long_bayes_r28 0.0341638066647933 0.0357518303996043 0.0334234284948247 0.0355558083546286 0.000362477860057724 0.000505821387634597 0.000311980349122045 0.000552993723070614 0.0341488864881894 0.0357134339761311 0.0334114185152032 0.0355081641754053 0.0237718093223538 0.0186307602578335 0.0239625004615531 0.0227006779983245 0.0121723166598165 0.0181158741297541 0.0114342036069793 0.0143088221077935
tso_wide_bayes_r28 NA NA NA NA NA NA NA NA NA NA NA NA NA NA NA NA NA NA NA NA
tso_long_bayes_r28 0.0365253387245676 0.037254526809189 0.0356466107108748 0.0375500852624023 8.87045938684702e-05 4.79180096605502e-05 9.46565637217684e-05 7.47872903864396e-05 0.0365221192654881 0.037252039092412 0.0356435204745559 0.0375468987271495 0.0252241682191238 0.0192726325729453 0.0254787316485474 0.0238201426322579 0.0128817287321021 0.0189136908090427 0.0119964959306641 0.0150369660988243
msst_wide_bayes_r29 NA NA NA NA NA NA NA NA NA NA NA NA NA NA NA NA NA NA NA NA
msst_long_bayes_r29 NA NA NA NA NA NA NA NA 0.0346719082742832 0.0364553526378957 0.0334794149033356 0.0356203746675646 0.0239728751191445 0.0192809774203328 0.0239426050052518 0.0228659434373792 0.0125142848524445 0.0182475982878731 0.0115416133755532 0.0143304591945121
cuts_wide_bayes_r29 NA NA NA NA NA NA NA NA NA NA NA NA NA NA NA NA NA NA NA NA
cuts_long_bayes_r29 0.0340694303220767 0.0357565163081042 0.0328776751816913 0.0349827463344003 0.000482421131300744 0.000501700291635959 0.000294434053797344 0.000523649787076827 0.0340404375994762 0.0357091090705986 0.0328644629899223 0.0349514059913134 0.0234279408382863 0.0189045092870822 0.0235333637505974 0.0224864714100808 0.012448050632434 0.0178886328585168 0.0113841411905025 0.014080351744143
tso_wide_bayes_r29 NA NA NA NA NA NA NA NA NA NA NA NA NA NA NA NA NA NA NA NA
tso_long_bayes_r29 0.0363521717571611 0.0374745548593675 0.0352438347770697 0.0372720836872458 0.000249135099729879 0.000144093521345695 0.000273040049887539 0.000219666087014648 0.0363366014070019 0.0374621127265595 0.0352278319548056 0.0372568573825255 0.0249024804950064 0.0197880886629029 0.0251227304429437 0.0237922743857584 0.0130360346978533 0.0186344247526778 0.0119385404438891 0.0148713929791006
msst_wide_bayes_r30 NA NA NA NA NA NA NA NA NA NA NA NA NA NA NA NA NA NA NA NA
msst_long_bayes_r30 NA NA NA NA NA NA NA NA 0.0349213546501397 0.0359378422164668 0.0338433836778137 0.0358576731393867 0.0239907831746481 0.0190707250657098 0.024752399538043 0.0231353898812231 0.0126066979353988 0.0178310985875597 0.0109299851309092 0.014145020988652
cuts_wide_bayes_r30 NA NA NA NA NA NA NA NA NA NA NA NA NA NA NA NA NA NA NA NA
cuts_long_bayes_r30 0.034964832026753 0.0359321987341106 0.0339247074619649 0.0359275111490345 0.00027374378962931 0.000810076031943837 0.000291563221205142 0.000213696632054868 0.0349477065821679 0.0358328567026044 0.0339118653759409 0.0359148544085457 0.0239590352837003 0.0189161024998946 0.0248568172761151 0.023194835863364 0.0126389177993689 0.0178826742594623 0.0108842473282451 0.0141163359740404
tso_wide_bayes_r30 NA NA NA NA NA NA NA NA NA NA NA NA NA NA NA NA NA NA NA NA
tso_long_bayes_r30 0.0364365311362224 0.0368050771185228 0.035568042006331 0.0373100408679145 0.000134274781857537 7.51037527527793e-05 0.000150575852942438 0.000116915686317085 0.0364295999410823 0.0367999857407537 0.0355606294681137 0.0373033648276077 0.0248967470815845 0.019368070831491 0.0259992958504571 0.0239336876901883 0.0130062896435045 0.0183082609040331 0.0113144774277022 0.0146658982683226
msst_wide_bayes_r31 NA NA NA NA NA NA NA NA NA NA NA NA NA NA NA NA NA NA NA NA
msst_long_bayes_r31 NA NA NA NA NA NA NA NA 0.0346725487558608 0.0360321095175983 0.033288225454668 0.0355811315954352 0.0239364126832274 0.0191464348143201 0.0239559627246499 0.0224998241952932 0.0125203561489029 0.0179405535856912 0.0113490208725747 0.0146531811535242
cuts_wide_bayes_r31 NA NA NA NA NA NA NA NA NA NA NA NA NA NA NA NA NA NA NA NA
cuts_long_bayes_r31 0.0350399382129903 0.0364033021328321 0.0336114670921174 0.0358773921761079 0.000523774434870013 0.000484732469207924 0.000238281985801816 0.00031767334054664 0.035004884178488 0.0363541881683068 0.0335985017916714 0.0358564284964895 0.0241801011813558 0.0192956853490555 0.0242218666213825 0.0225257791194148 0.0125525969762265 0.0181043586072287 0.0114372916885116 0.0148501779673292
tso_wide_bayes_r31 NA NA NA NA NA NA NA NA NA NA NA NA NA NA NA NA NA NA NA NA
tso_long_bayes_r31 0.0362780966582859 0.0370662432811809 0.0349408179079843 0.0370590870288555 9.04650107027422e-05 5.19277099792171e-05 0.000100526924156809 7.79938639336368e-05 0.0362756114439119 0.0370638072146046 0.0349382727876634 0.0370566156515826 0.0249361891300339 0.0195367785578963 0.0250376515001069 0.0231485237786313 0.0129465834328913 0.0185045858953318 0.0117400000402057 0.015344332120645
msst_wide_bayes_r32 NA NA NA NA NA NA NA NA NA NA NA NA NA NA NA NA NA NA NA NA
msst_long_bayes_r32 NA NA NA NA NA NA NA NA 0.0364466359727325 0.0353659683474036 0.0359362495816505 0.0367075756973426 0.0251767087912435 0.0180885932738066 0.0257322197809361 0.023088239511811 0.0125779768665678 0.0181129674749129 0.0117177813347734 0.0148209963170177
cuts_wide_bayes_r32 NA NA NA NA NA NA NA NA NA NA NA NA NA NA NA NA NA NA NA NA
cuts_long_bayes_r32 0.0364488006261463 0.0352339642517007 0.035880364456052 0.0365866952813277 0.000360206678550437 0.000456793264617114 0.000187032939678681 0.000400256094453043 0.0364222539527666 0.0351890809444052 0.0358692847690175 0.0365572508865344 0.0251802781007096 0.0179683807637832 0.0256767277224102 0.0229893466617759 0.0125545157286981 0.0180549495094149 0.0116929538357872 0.0147599721608775
tso_wide_bayes_r32 NA NA NA NA NA NA NA NA NA NA NA NA NA NA NA NA NA NA NA NA
tso_long_bayes_r32 0.0375081471365157 0.0356633608292231 0.0371113272310354 0.0375679236511836 7.91030173966308e-05 4.28690549805333e-05 8.69126598882488e-05 6.82250646104596e-05 0.0375035910790065 0.0356601839713063 0.0371065245310114 0.0375638868974668 0.0258647092016501 0.0181620325414756 0.0264900445091536 0.0235764382190601 0.012849988006425 0.018261956368099 0.0120015960142213 0.0150795204230768
msst_wide_bayes_r33 NA NA NA NA NA NA NA NA NA NA NA NA NA NA NA NA NA NA NA NA
msst_long_bayes_r33 NA NA NA NA NA NA NA NA 0.0349844081210336 0.036123769228853 0.0341189955668524 0.0355324153894265 0.0237910695779254 0.0186757112645488 0.0243737384040714 0.0228054469694849 0.0129173839755511 0.0185044195810555 0.0116332649654923 0.0142578188741379
cuts_wide_bayes_r33 NA NA NA NA NA NA NA NA NA NA NA NA NA NA NA NA NA NA NA NA
cuts_long_bayes_r33 0.0351769623146729 0.0362896868170872 0.0343368395588017 0.0358524724374053 0.000291213892405152 0.00043119902934109 0.000337031863232037 0.000442921507926394 0.0351564921383117 0.0362519139338318 0.034314572053365 0.0358198764631721 0.0238399251837452 0.0187679685065244 0.0245122099750819 0.0229072518890105 0.0130091124970755 0.0185301999721239 0.0116684361828032 0.0144420377949347
tso_wide_bayes_r33 NA NA NA NA NA NA NA NA NA NA NA NA NA NA NA NA NA NA NA NA
tso_long_bayes_r33 0.0361244364403823 0.0365983801674466 0.035367238634407 0.0367633466739122 9.04283884456872e-05 5.20004370201351e-05 0.000100024731766901 8.17792857005769e-05 0.0361201558906722 0.0365949984153291 0.0353626786657425 0.0367590648379468 0.0244555083962046 0.0188696527568035 0.025354452051727 0.0235447619367216 0.0132433692720937 0.0187058701841177 0.0118057060175276 0.0146511221061973
msst_wide_bayes_r34 NA NA NA NA NA NA NA NA NA NA NA NA NA NA NA NA NA NA NA NA
msst_long_bayes_r34 NA NA NA NA NA NA NA NA 0.0352757325862128 0.0366916077164191 0.0339097781522881 0.0360900306624279 0.024327336878071 0.0190940012767847 0.024394288732218 0.0230021023324943 0.0126661329365169 0.0185978272326363 0.0114755660400105 0.0145893147851018
cuts_wide_bayes_r34 NA NA NA NA NA NA NA NA NA NA NA NA NA NA NA NA NA NA NA NA
cuts_long_bayes_r34 0.0348962021775607 0.0362197324464412 0.0335329907120983 0.0357224710874488 0.000408067893234701 0.000602788458378469 0.000342761400966607 0.000216734300995754 0.0348698091220477 0.0361530506966476 0.033516078946448 0.035709089848738 0.0240487392167037 0.0188445416334772 0.024201836426979 0.022838602528485 0.0125405070335474 0.0183207128587001 0.0112985416524587 0.0143887739660801
tso_wide_bayes_r34 NA NA NA NA NA NA NA NA NA NA NA NA NA NA NA NA NA NA NA NA
tso_long_bayes_r34 0.0358345610549951 0.0365595360351865 0.034580488902533 0.0366748706724951 0.000152257408159165 8.39737954004415e-05 0.000169063126624968 0.000133945127391291 0.0358260847849547 0.0365533724216376 0.0345715972306942 0.0366669423970935 0.0246750863059609 0.0190029690883169 0.02490595418438 0.0235122574715117 0.0127495559694134 0.0184899157059162 0.0115222998201953 0.0145378472755904
msst_wide_bayes_r35 NA NA NA NA NA NA NA NA NA NA NA NA NA NA NA NA NA NA NA NA
msst_long_bayes_r35 NA NA NA NA NA NA NA NA 0.0337994491956301 0.0369036553305057 0.0329559460056561 0.035320436832397 0.0229105648189131 0.019565953182486 0.0238104451129996 0.0226199279434325 0.0128788605176537 0.0184757710115257 0.0113587729920645 0.0143311982593905
cuts_wide_bayes_r35 NA NA NA NA NA NA NA NA NA NA NA NA NA NA NA NA NA NA NA NA
cuts_long_bayes_r35 0.0334360177596877 0.0365310017516096 0.0327970633924139 0.0351229551331027 0.000363770175388946 0.00045801637103507 0.000668739393172178 0.000635870081481844 0.0334110247126222 0.036495928453437 0.0327641966457336 0.0350773377476245 0.0226362311589274 0.0193617870742542 0.0236923721046174 0.0225491962759815 0.0127476160199416 0.0183143842986038 0.011295925687073 0.0142339403942736
tso_wide_bayes_r35 NA NA NA NA NA NA NA NA NA NA NA NA NA NA NA NA NA NA NA NA
tso_long_bayes_r35 0.0351429103774623 0.0375376195203305 0.0343513620818087 0.0365944816502112 0.000240094888377617 0.000140476899350221 0.000264399512643234 0.000212083433805146 0.035131654420799 0.0375270329768151 0.034339843033621 0.0365837788070595 0.0236230336931115 0.0198306154442492 0.0246944376393753 0.0233129169614574 0.01329291134639 0.0187737380090453 0.0116444124390277 0.0148381170146153
msst_wide_bayes_r36 NA NA NA NA NA NA NA NA NA NA NA NA NA NA NA NA NA NA NA NA
msst_long_bayes_r36 NA NA NA NA NA NA NA NA 0.0363914898076184 0.0337835500945632 0.0361174535097416 0.0364519888176421 0.0251026988709831 0.0175712603432787 0.0257106104094025 0.0234904720075991 0.0124495112238413 0.0169233847623881 0.0117688449626266 0.0140568973079223
cuts_wide_bayes_r36 NA NA NA NA NA NA NA NA NA NA NA NA NA NA NA NA NA NA NA NA
cuts_long_bayes_r36 0.0364923647856358 0.0338978562561681 0.0362214393906427 0.0365393404741634 0.000426982085072084 0.000448815808431315 0.000484603801677089 0.000204506593306384 0.0364586624485976 0.0338425175354339 0.0361830126725249 0.0365255946364772 0.0251307119390397 0.0176305883336522 0.0257388630327305 0.0234725305829348 0.012533844953811 0.0169068618903368 0.0117586362326796 0.0141313258153474
tso_wide_bayes_r36 NA NA NA NA NA NA NA NA NA NA NA NA NA NA NA NA NA NA NA NA
tso_long_bayes_r36 0.0373209326444923 0.033973142109465 0.0371418444002476 0.0372228572731096 8.45809094422409e-05 4.38832007778728e-05 9.21551484053325e-05 7.3990656218758e-05 0.0373183493314969 0.0339711840202864 0.0371393603545579 0.0372202088065651 0.0257171519236467 0.0176098403589713 0.0264556521422367 0.0239062808735922 0.0127025365845972 0.016996779452648 0.0119195792235442 0.0143225386932529
msst_wide_bayes_r37 NA NA NA NA NA NA NA NA NA NA NA NA NA NA NA NA NA NA NA NA
msst_long_bayes_r37 NA NA NA NA NA NA NA NA 0.0352563561325572 0.0356777967425889 0.0345720182986481 0.0359815988502286 0.0244991616957875 0.0192147177182395 0.024609507023389 0.0225778200249805 0.012413707161042 0.0174388256429914 0.0117099129880453 0.0148452289379924
cuts_wide_bayes_r37 NA NA NA NA NA NA NA NA NA NA NA NA NA NA NA NA NA NA NA NA
cuts_long_bayes_r37 0.0351653738132672 0.0355537400607826 0.0344281832820896 0.0358170539933398 0.000325743854767295 0.000494952133428302 0.00052215947702865 0.000375464328545838 0.0351445498914122 0.0355071435652955 0.034387135584578 0.0357926897325155 0.0243843115459096 0.0190821126491914 0.0244292982433281 0.0224381458953958 0.0123422558907293 0.0173907374173671 0.0117007460919793 0.0147952527964107
tso_wide_bayes_r37 NA NA NA NA NA NA NA NA NA NA NA NA NA NA NA NA NA NA NA NA
tso_long_bayes_r37 0.0368262292543665 0.0366167582451354 0.0362421571253404 0.0374322900478251 0.000142323902586064 8.0555153337801e-05 0.000152167331670003 0.000121150896144995 0.0368218527320934 0.0366127740411224 0.036238175106116 0.0374280488307199 0.0254580465393044 0.019645070906224 0.0256450517527298 0.023346192915269 0.012798714085709 0.0178244869386618 0.0121600274153207 0.0153908161849076
msst_wide_bayes_r38 NA NA NA NA NA NA NA NA NA NA NA NA NA NA NA NA NA NA NA NA
msst_long_bayes_r38 NA NA NA NA NA NA NA NA 0.0352899569248948 0.0356220173104915 0.0343071891719442 0.03601199202672 0.0240591773667957 0.0187693533970457 0.0244118796979747 0.022680827023457 0.0128013987334848 0.0178050182572376 0.0116668990330588 0.0147626081555817
cuts_wide_bayes_r38 NA NA NA NA NA NA NA NA NA NA NA NA NA NA NA NA NA NA NA NA
cuts_long_bayes_r38 0.034856463508853 0.0352256738039215 0.0340348907747676 0.0354481483903177 0.000535124006558415 0.000628468830786069 0.00047683611594235 0.000378976931012321 0.0348099011773424 0.035154600694565 0.0340096488180012 0.0354251483407892 0.0238134442053351 0.0185632715337913 0.0242836133955149 0.0222457700559736 0.0126290018624257 0.0175774387682376 0.0115801718377243 0.0146147067467019
tso_wide_bayes_r38 NA NA NA NA NA NA NA NA NA NA NA NA NA NA NA NA NA NA NA NA
tso_long_bayes_r38 0.0372525565546527 0.0370949932073224 0.0365765262892465 0.0378386479739167 0.000139360017151041 7.98857441894723e-05 0.000152580681933747 0.00012044910047178 0.0372451972481869 0.0370890814901183 0.0365692615473764 0.0378317683717176 0.0253032892368256 0.019433498838768 0.0258857937776306 0.0235968365843717 0.0133643513318884 0.0185374680310417 0.0122709059125342 0.0155211942784827
msst_wide_bayes_r39 NA NA NA NA NA NA NA NA NA NA NA NA NA NA NA NA NA NA NA NA
msst_long_bayes_r39 NA NA NA NA NA NA NA NA 0.036016945928905 0.0352786190973649 0.0354510468641482 0.0365651666231144 0.0250641608692921 0.0183882078615488 0.0253800277939377 0.022734142960161 0.0123820692898655 0.0177165030255698 0.0116481479378151 0.0150577378512523
cuts_wide_bayes_r39 NA NA NA NA NA NA NA NA NA NA NA NA NA NA NA NA NA NA NA NA
cuts_long_bayes_r39 0.0360056977702997 0.0351748843802808 0.0354831101800121 0.0365935076774252 0.000305118472551931 0.000317138923379408 0.000355372493630674 0.00023677661645527 0.0359861546991442 0.0351403576867834 0.0354591608074986 0.0365734599386984 0.0250416431558102 0.0182952313653497 0.0254002726075674 0.0228237917719447 0.0123935437985407 0.0176747163160639 0.0116400834910431 0.0149633655635397
tso_wide_bayes_r39 NA NA NA NA NA NA NA NA NA NA NA NA NA NA NA NA NA NA NA NA
tso_long_bayes_r39 0.0370616775602356 0.0353871518491051 0.0365974805387681 0.0372666221741187 8.58608087888723e-05 4.54139217988447e-05 9.20573152261066e-05 7.04083515833793e-05 0.0370577522956143 0.0353842979495373 0.0365935456347321 0.0372631528549506 0.0257575662157621 0.0184018273461812 0.0261936197214294 0.023106090354309 0.0126133961264184 0.0177393449944304 0.0118339957424251 0.015293233075537
msst_wide_bayes_r40 NA NA NA NA NA NA NA NA NA NA NA NA NA NA NA NA NA NA NA NA
msst_long_bayes_r40 NA NA NA NA NA NA NA NA 0.0343522957310984 0.0364141729045129 0.0337657349339617 0.035733427320775 0.0234689236970841 0.019297329596616 0.0238508354706236 0.0224961764951028 0.0127626076546288 0.0182267735480556 0.0119016822590968 0.0148026302166556
cuts_wide_bayes_r40 NA NA NA NA NA NA NA NA NA NA NA NA NA NA NA NA NA NA NA NA
cuts_long_bayes_r40 0.0346354308314592 0.0365526803701685 0.0338512251392953 0.0358063096960204 0.000704235890033705 0.000432863937204469 0.000267294432341109 0.000405149351806028 0.0345740916682827 0.0365208468506652 0.033840173620862 0.035781075275345 0.0236722215833041 0.0192533599332433 0.0239537804300697 0.022482482701404 0.0127814572357152 0.0183781886184813 0.0118936074011933 0.0148891231800168
tso_wide_bayes_r40 NA NA NA NA NA NA NA NA NA NA NA NA NA NA NA NA NA NA NA NA
tso_long_bayes_r40 0.0359448691675308 0.0373221239034365 0.0353792392593181 0.0370974201175166 0.00020581436565959 0.000118552294675444 0.00021942769241318 0.00017572407741901 0.0359363863017793 0.0373144975074814 0.0353712784159688 0.0370889242861184 0.0244562621033325 0.0196588403748265 0.0249199257506207 0.0232399459673042 0.0131821477101089 0.0186864635709792 0.0123039571150896 0.0152861653853171
msst_wide_bayes_r41 NA NA NA NA NA NA NA NA NA NA NA NA NA NA NA NA NA NA NA NA
msst_long_bayes_r41 NA NA NA NA NA NA NA NA 0.0359879192156941 0.034138798937199 0.0355063166571576 0.0361329169143435 0.0247136732954524 0.0175968160323462 0.0250628251401904 0.0229895511831592 0.012565182507525 0.0173008564169898 0.0119294602946127 0.014251525886363
cuts_wide_bayes_r41 NA NA NA NA NA NA NA NA NA NA NA NA NA NA NA NA NA NA NA NA
cuts_long_bayes_r41 0.0360073358002513 0.0341007935950319 0.0355131668740774 0.0362334432244659 0.000272214113230775 0.000391804032142987 0.00021056484308445 0.000260333445938338 0.0359879315203919 0.0340614012300411 0.0355008532471238 0.0362148662236805 0.024684048717658 0.0175108949586301 0.025099864249418 0.0230365652128105 0.0126230138368451 0.0173135975540176 0.0118969766164114 0.0143050830062339
tso_wide_bayes_r41 NA NA NA NA NA NA NA NA NA NA NA NA NA NA NA NA NA NA NA NA
tso_long_bayes_r41 0.0375766009368359 0.0346763023007093 0.037182572378298 0.0375823020347797 0.000122836676589916 6.37612059767765e-05 0.000134012619898769 0.000104420509468552 0.0375700033381945 0.0346716180585642 0.0371758552211921 0.0375760099542221 0.0257431763355954 0.0177690710514422 0.0261999816182615 0.0238635842310731 0.013023790795675 0.0175867521902064 0.0123333563582485 0.0147336007479415
msst_wide_bayes_r42 NA NA NA NA NA NA NA NA NA NA NA NA NA NA NA NA NA NA NA NA
msst_long_bayes_r42 NA NA NA NA NA NA NA NA 0.0365053214686939 0.0345012470899543 0.0359571535302009 0.0368101565582867 0.025225158160499 0.0173270074338639 0.0252500861482537 0.0235194226632104 0.012605506482456 0.017934196353487 0.0122290888315346 0.0144459416830071
cuts_wide_bayes_r42 NA NA NA NA NA NA NA NA NA NA NA NA NA NA NA NA NA NA NA NA
cuts_long_bayes_r42 0.03607037161053 0.034120601920299 0.0356479277112778 0.0363154087467664 0.000283920213588282 0.000397848916297449 0.000619365976721481 0.000319891740947951 0.036053339312934 0.034081374335604 0.0355857286419905 0.0362905540080613 0.0249188713909806 0.0171342505779699 0.02504865473673 0.0231793423547664 0.0124980071670113 0.0177180031178401 0.0120667110380418 0.0142711618837907
tso_wide_bayes_r42 NA NA NA NA NA NA NA NA NA NA NA NA NA NA NA NA NA NA NA NA
tso_long_bayes_r42 0.0374845679562175 0.0345707191314887 0.0370560331828743 0.0375315958469773 8.71667268372894e-05 4.29925426173764e-05 9.29770300351577e-05 7.40382603530046e-05 0.0374810919194215 0.0345682517274712 0.0370525829577708 0.0375284317710805 0.0258437841257521 0.0173727927221774 0.025931654689364 0.0238733955885163 0.0128501143835659 0.0178950884284584 0.0124967995034513 0.0146905036315779
msst_wide_bayes_r43 NA NA NA NA NA NA NA NA NA NA NA NA NA NA NA NA NA NA NA NA
msst_long_bayes_r43 NA NA NA NA NA NA NA NA 0.0354758144581985 0.0362269081540588 0.0349668323240713 0.0364446105863682 0.0247904268639873 0.0191870420016702 0.0248792384031929 0.0231637100948934 0.0122485270805441 0.0179507934979513 0.0117980832315675 0.0146028144454829
cuts_wide_bayes_r43 NA NA NA NA NA NA NA NA NA NA NA NA NA NA NA NA NA NA NA NA
cuts_long_bayes_r43 0.035483069481622 0.0361885950703768 0.0350051914763444 0.0365364286654549 0.000433791151796059 0.000552322888149057 0.000359456824037558 0.000298689280715115 0.0354439760251505 0.0361335512849161 0.0349783673651727 0.0365165851678901 0.0248393348601653 0.0191532559847229 0.0249770040762507 0.0232162128710143 0.0122344479382776 0.0179043406960903 0.0116820242094296 0.014615592335576
tso_wide_bayes_r43 NA NA NA NA NA NA NA NA NA NA NA NA NA NA NA NA NA NA NA NA
tso_long_bayes_r43 0.036931027330634 0.0367865445375367 0.0365192751158244 0.0376799324363343 9.10508729427635e-05 4.97168873010142e-05 9.53905398234827e-05 7.57861848259907e-05 0.036926826513218 0.0367833844636223 0.0365150276909895 0.0376760530397101 0.025690972049542 0.019449646263242 0.0259971540939697 0.0238649039740538 0.0127090960424147 0.0181799920335499 0.0120901951140931 0.0150282477325189
msst_wide_bayes_r44 NA NA NA NA NA NA NA NA NA NA NA NA NA NA NA NA NA NA NA NA
msst_long_bayes_r44 NA NA NA NA NA NA NA NA 0.0336362351144623 0.0362737539980552 0.0323926043255839 0.0351034264817948 0.0232348519836634 0.0192482189119676 0.0230723129822574 0.022388993491973 0.0123913578067867 0.0181260016427101 0.0115193242035272 0.0143461909386771
cuts_wide_bayes_r44 NA NA NA NA NA NA NA NA NA NA NA NA NA NA NA NA NA NA NA NA
cuts_long_bayes_r44 0.0340007302344045 0.0365626800865022 0.032828673021597 0.0355555747885778 0.00048494543739445 0.000466158765411949 0.000290824579565253 0.000711016696608161 0.0339723873353315 0.0365190327907355 0.0328158903321689 0.0354890959334141 0.0235177786524419 0.0193111706202077 0.0233481496144355 0.0226724567055349 0.0124245916172239 0.0183151467820384 0.0116612373324223 0.0144428389054146
tso_wide_bayes_r44 NA NA NA NA NA NA NA NA NA NA NA NA NA NA NA NA NA NA NA NA
tso_long_bayes_r44 0.0356030029540346 0.0373775795519492 0.034488476725771 0.0370091498721991 0.00018510589509621 0.000103934778728542 0.00019842766271277 0.000158283703931398 0.0355948904936463 0.0373708838761112 0.0344805341892091 0.0370011299982041 0.0244288865670594 0.0196831236285984 0.0244136324541149 0.0234937158017974 0.0129301918607001 0.0186930559092657 0.0120504377400012 0.0149639781694901
msst_wide_bayes_r45 NA NA NA NA NA NA NA NA NA NA NA NA NA NA NA NA NA NA NA NA
msst_long_bayes_r45 NA NA NA NA NA NA NA NA 0.0352051038496998 0.0358457587370808 0.0340558668883482 0.0358929006000587 0.024406935262458 0.018648516327043 0.0241687305485019 0.0221425756062163 0.0124435204374244 0.0181718803254082 0.0117969803403699 0.0152043140338672
cuts_wide_bayes_r45 NA NA NA NA NA NA NA NA NA NA NA NA NA NA NA NA NA NA NA NA
cuts_long_bayes_r45 0.0354595085807132 0.0360287991259721 0.0342619001340648 0.0360290970934323 0.000258471984163634 0.000399961789916986 0.000280922651798124 0.000240202853472245 0.0354461392700667 0.0359888026655997 0.0342449616856584 0.0360126766359996 0.0245817139031357 0.0187445099907371 0.0242637387345766 0.0222148504125359 0.012447170067243 0.0182541108416553 0.011897873607319 0.0153016798761454
tso_wide_bayes_r45 NA NA NA NA NA NA NA NA NA NA NA NA NA NA NA NA NA NA NA NA
tso_long_bayes_r45 0.0369408723914962 0.0367391045865378 0.0359030500169638 0.0374696736870831 8.60721896402011e-05 4.7872812928694e-05 9.39251578301245e-05 7.22262917970234e-05 0.0369368588839975 0.0367362282984421 0.0358990077300894 0.0374661773799011 0.0254979497253863 0.0190469429964366 0.0253786696439502 0.0230385737135415 0.0129295857257916 0.0185853534845313 0.0122506821789088 0.0157719071704337
msst_wide_bayes_r46 NA NA NA NA NA NA NA NA NA NA NA NA NA NA NA NA NA NA NA NA
msst_long_bayes_r46 NA NA NA NA NA NA NA NA 0.0342292283779159 0.0355259398390794 0.033005059380855 0.0350653584256342 0.0234073758262413 0.0184143860635672 0.0238988107262051 0.0220239430826994 0.0126157131174638 0.0181969234595361 0.0112134840344988 0.0145667996327924
cuts_wide_bayes_r46 NA NA NA NA NA NA NA NA NA NA NA NA NA NA NA NA NA NA NA NA
cuts_long_bayes_r46 0.0347161462869756 0.035967706770091 0.0334253893537857 0.0355474327415372 0.000390583075866143 0.000776334302097 0.00030596127984626 0.000570513767798073 0.0346971689197439 0.0358720624885571 0.0334052991273324 0.0354964184316465 0.0236824333569752 0.0185348624376107 0.0239579177704247 0.0221966025100922 0.0127462686973716 0.0183785856672659 0.011488284601237 0.0148224848449387
tso_wide_bayes_r46 NA NA NA NA NA NA NA NA NA NA NA NA NA NA NA NA NA NA NA NA
tso_long_bayes_r46 0.036708011300333 0.0372303841865942 0.0356304522743679 0.0373960850183979 0.000162331182695475 9.12887701873478e-05 0.000181176667490727 0.000140100034787452 0.0366990949014346 0.0372237407210815 0.0356211721211439 0.0373878601715103 0.0249043876524552 0.0191175450274361 0.0254431174650212 0.0233163345651202 0.0133472789786142 0.0190534215471763 0.0119787524341039 0.0154225763287863
msst_wide_bayes_r47 NA NA NA NA NA NA NA NA NA NA NA NA NA NA NA NA NA NA NA NA
msst_long_bayes_r47 NA NA NA NA NA NA NA NA 0.0351438709708986 0.0361205322713434 0.0341253550675333 0.0361121561587073 0.0246331044588479 0.0183908057492822 0.0245186209691291 0.0229652284124903 0.012182028620573 0.0186789590364005 0.0114408865268041 0.0145541299091575
cuts_wide_bayes_r47 NA NA NA NA NA NA NA NA NA NA NA NA NA NA NA NA NA NA NA NA
cuts_long_bayes_r47 0.035281970059936 0.0362530045430942 0.0343902016112752 0.0362782538373572 0.000348298995170741 0.000334751949127947 0.00032155188429139 0.000600690345203582 0.0352585930675008 0.0362277186300001 0.0343700515096382 0.0362346515115241 0.0246264021971579 0.0184024527361177 0.0247426768309458 0.0231176594116851 0.0123124526249426 0.0188085014671894 0.0115056236998524 0.0145356968323624
tso_wide_bayes_r47 NA NA NA NA NA NA NA NA NA NA NA NA NA NA NA NA NA NA NA NA
tso_long_bayes_r47 0.0365920222123306 0.0367715863465388 0.0356722189083208 0.0373870598667301 0.000118443677287325 6.16991844898349e-05 0.000127552265884012 0.000100087830976996 0.0365869511999144 0.0367678393418038 0.0356670961953874 0.0373824219020244 0.025520680043369 0.0186219800442117 0.0255375903201146 0.0236979029284984 0.0125878818968365 0.0190407002549062 0.0118620178866668 0.0149948861669979
msst_wide_bayes_r48 NA NA NA NA NA NA NA NA NA NA NA NA NA NA NA NA NA NA NA NA
msst_long_bayes_r48 NA NA NA NA NA NA NA NA 0.0353882420620127 0.0362379738053289 0.0345271491535405 0.0362706983160682 0.024895266057917 0.0189402583907491 0.0243880240740474 0.0229870303479528 0.0120628840660958 0.0182744011463822 0.0119602984754391 0.0146734997641805
cuts_wide_bayes_r48 NA NA NA NA NA NA NA NA NA NA NA NA NA NA NA NA NA NA NA NA
cuts_long_bayes_r48 0.0350205656128048 0.0359006348350653 0.0341519021662812 0.0358788420338291 0.00025345761554108 0.000496561989384216 0.000348342979375455 0.000211938828518152 0.0350054453463557 0.0358536733179791 0.0341301617714279 0.0358636696768883 0.0246343238233476 0.0188004677783563 0.0242159782773677 0.0227903623492294 0.011964884840669 0.0180597697874915 0.0117473153012235 0.0144875410168703
tso_wide_bayes_r48 NA NA NA NA NA NA NA NA NA NA NA NA NA NA NA NA NA NA NA NA
tso_long_bayes_r48 0.0362882458013594 0.0364820345772908 0.0354655578256397 0.03694525219571 9.51778789182555e-05 5.20878910410168e-05 0.000100121991984783 7.97201073819886e-05 0.0362827271206008 0.03647828958312 0.0354601181165559 0.0369403645577003 0.0255286856519684 0.0191038959974483 0.0251295144325231 0.0234109505839024 0.0122617821451573 0.0182746454249992 0.0120541340925102 0.0148100253350912
msst_wide_bayes_r49 NA NA NA NA NA NA NA NA NA NA NA NA NA NA NA NA NA NA NA NA
msst_long_bayes_r49 NA NA NA NA NA NA NA NA 0.0351970227888643 0.035835238122034 0.0345275501321814 0.0360606257890391 0.0247515821417298 0.0183311317035388 0.0242879419195277 0.0229648137398775 0.012086570487972 0.0184170962272413 0.0120521482591325 0.0145141716470322
cuts_wide_bayes_r49 NA NA NA NA NA NA NA NA NA NA NA NA NA NA NA NA NA NA NA NA
cuts_long_bayes_r49 0.0350827543250707 0.0356599934192449 0.0343479337074217 0.035916656275733 0.00054056714030633 0.00064831228836364 0.000396728656990413 0.000417810054279782 0.0350333748659752 0.0355930343179923 0.034325733091442 0.035886814399764 0.024696303572745 0.0181757538577303 0.0242119489768419 0.0227885973343821 0.0120157128506856 0.0183529208996299 0.0119200111269787 0.0145069133407446
tso_wide_bayes_r49 NA NA NA NA NA NA NA NA NA NA NA NA NA NA NA NA NA NA NA NA
tso_long_bayes_r49 0.0365838395961587 0.0363513669597621 0.0359197371364882 0.037207661587255 0.000118374093526465 6.11040980277842e-05 0.00012243071378983 9.88229231817473e-05 0.0365774017800907 0.0363471313005088 0.035913449948442 0.0372020027409807 0.0257094408181796 0.0184791093632978 0.0251349130259497 0.0235385127990733 0.0124260429669651 0.0187199617059178 0.0124321045454041 0.0149856399298044
msst_wide_bayes_r50 NA NA NA NA NA NA NA NA NA NA NA NA NA NA NA NA NA NA NA NA
msst_long_bayes_r50 NA NA NA NA NA NA NA NA 0.0365041042700432 0.0352122318220665 0.0357761961814156 0.0368043025360815 0.0249460697466564 0.0186181846308175 0.0253727566646757 0.0238980369447549 0.0129546242426286 0.0173779179948299 0.0119876064844998 0.0141477773192211
cuts_wide_bayes_r50 NA NA NA NA NA NA NA NA NA NA NA NA NA NA NA NA NA NA NA NA
cuts_long_bayes_r50 0.0365617413108607 0.0352753722041759 0.0359754817267393 0.0369701374476197 0.000264958542926463 0.000395432783075326 0.000558214628025276 0.00046358604790074 0.0365447694273185 0.0352391417090233 0.0359231728730514 0.0369288479058567 0.0249708234772014 0.0184926925771569 0.0254747201702985 0.0239402833185382 0.0129436477013992 0.0175255160961264 0.0120010696150014 0.0142062473688116
tso_wide_bayes_r50 NA NA NA NA NA NA NA NA NA NA NA NA NA NA NA NA NA NA NA NA
tso_long_bayes_r50 0.0373030740340944 0.0352847030753116 0.0367958995497238 0.0375473168784355 0.000130884807941878 7.09503485590249e-05 0.000143898670296131 0.000117291069096136 0.0372951668521592 0.035278955457818 0.0367876715038858 0.0375397297203269 0.0254150674490538 0.0185018079424566 0.0260169796435507 0.0242896347424761 0.0131366357152286 0.0175027475650926 0.0122162446917648 0.0143849204081933
