ccon_pred_y1 ccon_pred_y2 ccon_pred_y3 ccon_pred_y4 ucon_upred_y1 ucon_upred_y2 ucon_upred_y3 ucon_upred_y4 tcon_con_y1 tcon_con_y2 tcon_con_y3 tcon_con_y4 spe_y1 spe_y2 spe_y3 spe_y4 rel_y1 rel_y2 rel_y3 rel_y4
msst_wide_bayes_r1 NA NA NA NA NA NA NA NA NA NA NA NA NA NA NA NA NA NA NA NA
msst_long_bayes_r1 NA NA NA NA NA NA NA NA 0.0126768226557748 0.0364205065994232 0.0140344595170175 0.025946033408077 0.0125467418439534 0.0218726325904636 0.0127468900679031 0.0196019730070367 0.00781041225011741 0.0158025648708114 0.00688462660783557 0.00921385176030503
cuts_wide_bayes_r1 NA NA NA NA NA NA NA NA NA NA NA NA NA NA NA NA NA NA NA NA
cuts_long_bayes_r1 0.0366622027040358 0.0468821939243556 0.0272287181485497 0.0337965285528869 0.0210783572973099 0.0223099545597686 0.00791948959937898 0.00710725605304996 0.0327398311542365 0.0364490506397347 0.0262176412921172 0.0326264911850972 0.0244916022585362 0.021725752014273 0.0207481872911577 0.0234038681019123 0.00982629073973612 0.0156336753807158 0.00813188451772534 0.0109911408433362
tso_wide_bayes_r1 NA NA NA NA NA NA NA NA NA NA NA NA NA NA NA NA NA NA NA NA
tso_long_bayes_r1 0.0351184680181152 0.0382992428937662 0.0284140756907078 0.0350533321897725 0.00885705402500706 0.00672128510960199 0.00910169469760059 0.00854706043622371 0.0288086865146377 0.0326560440297976 0.0233821094391618 0.029042705745451 0.0199434597517723 0.0171547997748623 0.0172858607387333 0.0190234205607658 0.01020705435986 0.0162343202795661 0.00830305461735541 0.0114762227873861
msst_wide_bayes_r2 NA NA NA NA NA NA NA NA NA NA NA NA NA NA NA NA NA NA NA NA
msst_long_bayes_r2 NA NA NA NA NA NA NA NA 0.029786754527064 0.0353553742396585 0.0218527297481442 0.0243233111236491 0.0222459314492942 0.0194354497678025 0.0182297420391596 0.0169694514732353 0.0101554514701382 0.017019924451957 0.00827168955399204 0.0121401981806804
cuts_wide_bayes_r2 NA NA NA NA NA NA NA NA NA NA NA NA NA NA NA NA NA NA NA NA
cuts_long_bayes_r2 0.0340856545907339 0.0454049982671321 0.0358129027778111 0.0445219812146188 0.00577141566583536 0.0199750402408301 0.0116927027479015 0.0290280722689232 0.0332219853582397 0.0351368986496988 0.0329116278631333 0.0362018052583817 0.0243167959749474 0.020033825903519 0.024998067575862 0.0248409755828267 0.0105703739255536 0.0158947114697515 0.00973736691344362 0.0125159169918456
tso_wide_bayes_r2 NA NA NA NA NA NA NA NA NA NA NA NA NA NA NA NA NA NA NA NA
tso_long_bayes_r2 0.0360250305494734 0.0368754607037274 0.035634935921006 0.0381750492185801 0.00836837891799864 0.00579244981937081 0.00866741285651608 0.00768399686686673 0.0300145189302019 0.0319340450149524 0.0295076854827511 0.0320981150541508 0.0203718603589584 0.0161151979600897 0.0207946286206213 0.0201502095482985 0.0110079779656951 0.0164423898637013 0.0101722656600416 0.0129127560027588
msst_wide_bayes_r3 NA NA NA NA NA NA NA NA NA NA NA NA NA NA NA NA NA NA NA NA
msst_long_bayes_r3 NA NA NA NA NA NA NA NA 0.0343186706507389 0.0356896104687746 0.0204038666045455 0.0361559065858797 0.0250754629387178 0.0212358939205779 0.0179653287026045 0.0229906772159131 0.0108493328058161 0.0153388707745552 0.00826505826891463 0.0144373839229356
cuts_wide_bayes_r3 NA NA NA NA NA NA NA NA NA NA NA NA NA NA NA NA NA NA NA NA
cuts_long_bayes_r3 0.0382465787764171 0.0387420146221251 0.0382900332330159 0.0404470580351989 0.00811660932114956 0.0107232340365521 0.0184852128486975 0.0100089414086649 0.0359360752954732 0.0348710838709368 0.0336417789188719 0.0366755017498538 0.0259408522337157 0.0199584017698004 0.0258649245543502 0.0253622051761389 0.0111866336410624 0.0155972734551812 0.0093500297067453 0.0122755656662222
tso_wide_bayes_r3 NA NA NA NA NA NA NA NA NA NA NA NA NA NA NA NA NA NA NA NA
tso_long_bayes_r3 0.0379602362358254 0.0356250405206323 0.0362563334532025 0.0384884663485555 0.00807598117359751 0.00556813212097639 0.00871238980666781 0.0075858712510907 0.0316296209076405 0.0308304079929724 0.0298927379937405 0.0322971654950535 0.0210883306859941 0.0158009956464646 0.0214405553913803 0.0205500309696323 0.0115078606233158 0.0155739464148254 0.00973898182864941 0.012556070689215
msst_wide_bayes_r4 NA NA NA NA NA NA NA NA NA NA NA NA NA NA NA NA NA NA NA NA
msst_long_bayes_r4 NA NA NA NA NA NA NA NA 0.0275414701332251 0.0359950070256954 0.0286110886925706 0.0317566865833933 0.0225049693368608 0.0195805523825311 0.0217158638002713 0.0198918902943952 0.00864171395790302 0.0175466837383296 0.0100966026880903 0.0148159894562412
cuts_wide_bayes_r4 NA NA NA NA NA NA NA NA NA NA NA NA NA NA NA NA NA NA NA NA
cuts_long_bayes_r4 0.0391284353347827 0.0459858369797075 0.0350644327001323 0.046261306832222 0.0135971933606824 0.0216309463237209 0.00983940176648549 0.0294062859685221 0.0347703289726943 0.0359211077758201 0.0330114398924041 0.0358793113370039 0.0261024644537451 0.0207071316774314 0.0252244725001644 0.024842804089798 0.0100621042446218 0.0160200821719533 0.00945248628621786 0.0121697451658714
tso_wide_bayes_r4 NA NA NA NA NA NA NA NA NA NA NA NA NA NA NA NA NA NA NA NA
tso_long_bayes_r4 0.0372964687416406 0.0373251790960858 0.0353069986031423 0.0383225274411993 0.00905854412562314 0.00636499452617898 0.00910394220062323 0.00827892010784912 0.0303676832296934 0.0319078161305354 0.0287947132301761 0.031699840496278 0.0211654017866115 0.0162691323544131 0.0203058431725824 0.0199588303183081 0.0103125235006988 0.0162911512568157 0.0098702450636558 0.0126919170126931
msst_wide_bayes_r5 NA NA NA NA NA NA NA NA NA NA NA NA NA NA NA NA NA NA NA NA
msst_long_bayes_r5 NA NA NA NA NA NA NA NA 0.0295990489107179 0.0366262189753528 0.0204937173649227 0.0301069139676893 0.0192384511272042 0.020689134951914 0.0179439216419807 0.0204834254359831 0.0133382162798847 0.0170921096502059 0.00846233056775792 0.012531467100502
cuts_wide_bayes_r5 NA NA NA NA NA NA NA NA NA NA NA NA NA NA NA NA NA NA NA NA
cuts_long_bayes_r5 0.0379706018862151 0.0449036732810756 0.0343814091924703 0.0431859943550582 0.0174973040570278 0.0219669672978566 0.0166888837492179 0.0219685787363968 0.0333969369594136 0.0359266892534053 0.0308374628979957 0.0355478048368863 0.024496663650111 0.0204885978061409 0.0236973646729293 0.0244533882445362 0.010606210635087 0.0163565533308724 0.00922228766247428 0.0124352229337575
tso_wide_bayes_r5 NA NA NA NA NA NA NA NA NA NA NA NA NA NA NA NA NA NA NA NA
tso_long_bayes_r5 0.0352814632642017 0.0373258329922512 0.0331652226975717 0.0375100504361175 0.00838291798406666 0.00600793669515732 0.00875492981642486 0.0078023068990613 0.029370099956691 0.032338931201755 0.0274831277308968 0.0315834191496422 0.0199711958479476 0.0163638591191334 0.0197716158264939 0.0197975095030999 0.0108078968552673 0.0167284570309671 0.00940232053021162 0.0129165291780906
msst_wide_bayes_r6 NA NA NA NA NA NA NA NA NA NA NA NA NA NA NA NA NA NA NA NA
msst_long_bayes_r6 NA NA NA NA NA NA NA NA 0.0230072408833769 0.0358366886275019 0.0295224789261267 0.0269007112684832 0.0194927300870116 0.0207728532132812 0.0212284940894228 0.0202519539441904 0.00845567275536963 0.0163173331929422 0.0109162586730647 0.0102864275984198
cuts_wide_bayes_r6 NA NA NA NA NA NA NA NA NA NA NA NA NA NA NA NA NA NA NA NA
cuts_long_bayes_r6 0.0421385560794247 0.0452046014649984 0.0354229605032557 0.0457217925690802 0.022540724577369 0.0197920803225658 0.0107992297462268 0.0249445158880328 0.034880071123942 0.036085212225452 0.0328289781449245 0.0363128987391799 0.0259147561271284 0.0211625958361004 0.0254241806300084 0.0251624112905957 0.0102872234124347 0.015693430092915 0.00909784029084951 0.0122632754856048
tso_wide_bayes_r6 NA NA NA NA NA NA NA NA NA NA NA NA NA NA NA NA NA NA NA NA
tso_long_bayes_r6 0.0375546227237941 0.0371454325955721 0.0352823059196694 0.0385338392690066 0.00953771712358504 0.00687817718033322 0.00985605507887812 0.0088138571946015 0.0301462174509013 0.0312306387169662 0.0281351036720672 0.0313935608250852 0.0205539690187017 0.0160672647816181 0.0200873685866382 0.01969504315913 0.0106545620011794 0.0157844583586724 0.00942976545867204 0.0126011932124334
msst_wide_bayes_r7 NA NA NA NA NA NA NA NA NA NA NA NA NA NA NA NA NA NA NA NA
msst_long_bayes_r7 NA NA NA NA NA NA NA NA 0.0347826584127582 0.0353598927733157 0.0266836307035545 0.0319009398785348 0.0240068155665251 0.0197181523989827 0.0210167597565119 0.0207269091958409 0.0128523669104299 0.0165984263558924 0.0113269625590316 0.0147679648685955
cuts_wide_bayes_r7 NA NA NA NA NA NA NA NA NA NA NA NA NA NA NA NA NA NA NA NA
cuts_long_bayes_r7 0.0397230695368059 0.0362350653120455 0.034216315603856 0.0467444548886614 0.0110834135137084 0.00654922626817228 0.0101780458552038 0.0295995643343113 0.0359682895043009 0.0351671567935543 0.0320403353701684 0.036578345434301 0.0263417852025369 0.0199464986489859 0.0246416371520387 0.0248198691912156 0.0108770145978685 0.0159773486395094 0.00928365480311465 0.0128314799426629
tso_wide_bayes_r7 NA NA NA NA NA NA NA NA NA NA NA NA NA NA NA NA NA NA NA NA
tso_long_bayes_r7 0.0378184311713341 0.0360023178432826 0.0338768588124086 0.0381695978405619 0.00889646731890348 0.00605059424107961 0.00914421999334606 0.00803487782295401 0.0308353800285974 0.0308151268671328 0.0276092363405654 0.0316557803015925 0.020866618109244 0.0153013530780239 0.0196149872020138 0.0194355035600302 0.0110200896518164 0.0161274444435077 0.00958364268634503 0.0131109569277306
msst_wide_bayes_r8 NA NA NA NA NA NA NA NA NA NA NA NA NA NA NA NA NA NA NA NA
msst_long_bayes_r8 NA NA NA NA NA NA NA NA 0.0265940129110083 0.0364005257142845 0.0237492443267264 0.0340720665653396 0.0199620667327706 0.0192243667504368 0.0196466619902001 0.021529893174138 0.0107383969406962 0.0184368586908654 0.0090441057145419 0.0146052280340468
cuts_wide_bayes_r8 NA NA NA NA NA NA NA NA NA NA NA NA NA NA NA NA NA NA NA NA
cuts_long_bayes_r8 0.0382129679636872 0.0477479445024661 0.0341403680282431 0.044963970594789 0.0172260859972244 0.0252769882739165 0.0129564561735717 0.0217092994283394 0.0333507134233387 0.0359950585521516 0.0312585751843209 0.0364985232328821 0.0249432937336104 0.0208244150493074 0.0240148270273049 0.0251259893508063 0.0100127298285744 0.0160559171990754 0.00919289545850113 0.0124442634960866
tso_wide_bayes_r8 NA NA NA NA NA NA NA NA NA NA NA NA NA NA NA NA NA NA NA NA
tso_long_bayes_r8 0.0357501942299852 0.0377496199506473 0.0340015454876582 0.0381971476072651 0.00914601307362194 0.00661569409703147 0.00925521769185756 0.00820985532464745 0.0291467084321579 0.0321837387375089 0.0276851510175947 0.0315871910395798 0.0201629915943741 0.0164295392303785 0.0196214678741716 0.0196909108064369 0.0102665676383057 0.016450068613719 0.00965249281967644 0.0127763244144146
msst_wide_bayes_r9 NA NA NA NA NA NA NA NA NA NA NA NA NA NA NA NA NA NA NA NA
msst_long_bayes_r9 NA NA NA NA NA NA NA NA 0.0249555007470293 0.0359905036838756 0.0155191568863327 0.0345042391832461 0.019775901562689 0.0209272685761915 0.0144785475774482 0.020820279616189 0.00858367744530516 0.0160397182957523 0.00738183503705479 0.0155087953495342
cuts_wide_bayes_r9 NA NA NA NA NA NA NA NA NA NA NA NA NA NA NA NA NA NA NA NA
cuts_long_bayes_r9 0.0361993199461243 0.052109506535308 0.0325351694181767 0.0462210577689389 0.0110228270344311 0.031313201671514 0.011521682539141 0.0242512718383288 0.0337589879913581 0.0354465956086228 0.0302731347834183 0.0367909204501051 0.0249172867713447 0.0208447628372509 0.0236969427492401 0.025521302702851 0.0104147724395463 0.0152792263280051 0.00863720436790589 0.0123347953039458
tso_wide_bayes_r9 NA NA NA NA NA NA NA NA NA NA NA NA NA NA NA NA NA NA NA NA
tso_long_bayes_r9 0.0360233120089054 0.0364357321172303 0.0326060716108475 0.0380154564220659 0.00838543287264072 0.00580747093293109 0.00872852130741379 0.00764445406006296 0.0299758097993686 0.0314344422844487 0.027007184233639 0.0319341076848091 0.0206059179750292 0.016488580328998 0.0197669662203956 0.0202995910183782 0.0106446794183571 0.0155208216303584 0.00896696473131236 0.0125569255088798
msst_wide_bayes_r10 NA NA NA NA NA NA NA NA NA NA NA NA NA NA NA NA NA NA NA NA
msst_long_bayes_r10 NA NA NA NA NA NA NA NA 0.0272592914921852 0.035398701835774 0.0216664307002784 0.033635077528304 0.0211605578628439 0.0185458320434213 0.017724608106744 0.0236007500940368 0.00941064337648866 0.017920631441733 0.00875362976514446 0.0119084632527342
cuts_wide_bayes_r10 NA NA NA NA NA NA NA NA NA NA NA NA NA NA NA NA NA NA NA NA
cuts_long_bayes_r10 0.0387678284372556 0.049825449139297 0.0339996622232738 0.0396799257862912 0.0122550847172832 0.0271259231260798 0.0141019525910281 0.0118965979584039 0.0350327026439897 0.0353773579855884 0.0308371927098288 0.0362498285833766 0.0260290976077356 0.0202660801642029 0.0238016720718971 0.0254258985075541 0.0104015467132085 0.0158362022170604 0.00903260028346367 0.0119384940447881
tso_wide_bayes_r10 NA NA NA NA NA NA NA NA NA NA NA NA NA NA NA NA NA NA NA NA
tso_long_bayes_r10 0.0371811708099368 0.036744042623382 0.0335788463476741 0.0384774096445703 0.00889804878431203 0.00609372411555058 0.00918799279144785 0.00834090850388718 0.0304703206968329 0.0315273848894709 0.0274995334418475 0.0318466208726815 0.0207924385417569 0.0159156162985097 0.0196651588784756 0.0203168338000065 0.0108461209296388 0.0162124752300196 0.00944828657625007 0.012454945681033
msst_wide_bayes_r11 NA NA NA NA NA NA NA NA NA NA NA NA NA NA NA NA NA NA NA NA
msst_long_bayes_r11 NA NA NA NA NA NA NA NA 0.0337671839881076 0.0363662351052848 0.0247728281243744 0.031912893359821 0.0226894245915846 0.020887336465497 0.0199660604874891 0.020427346011235 0.0132059966319143 0.0165674261124021 0.0101834363679269 0.0144328882018965
cuts_wide_bayes_r11 NA NA NA NA NA NA NA NA NA NA NA NA NA NA NA NA NA NA NA NA
cuts_long_bayes_r11 0.038377800621584 0.036907263277243 0.0322403078547366 0.0430407767234892 0.011184192442123 0.00481574471098255 0.00878269384961542 0.023268565831621 0.0350501944815874 0.0362181789684185 0.0305967228530335 0.0360637791320983 0.0257958929182646 0.0208689189059818 0.0234659623403508 0.0249116933433722 0.010703490036629 0.01623446983045 0.00923825273208345 0.0124125265472366
tso_wide_bayes_r11 NA NA NA NA NA NA NA NA NA NA NA NA NA NA NA NA NA NA NA NA
tso_long_bayes_r11 0.0365658474372473 0.0372755989778266 0.0326619525342763 0.0380421169307886 0.00823937160071854 0.00596166229233556 0.00859588477045829 0.00777817015011997 0.0305024985570289 0.0323151632344025 0.0271712960305074 0.0320157946439388 0.0207968022272725 0.0165850072290284 0.0194663915898175 0.0202660147970333 0.0109214446453834 0.0164536289176198 0.00945891310984283 0.0127818125002562
msst_wide_bayes_r12 NA NA NA NA NA NA NA NA NA NA NA NA NA NA NA NA NA NA NA NA
msst_long_bayes_r12 NA NA NA NA NA NA NA NA 0.0304365227134503 0.0348398006043664 0.0187172827361765 0.0309880059851357 0.0227647844962444 0.0192425534310018 0.0163044861167028 0.0222912337897654 0.0099380876431049 0.0165383594729221 0.00775119130631375 0.0109034644494654
cuts_wide_bayes_r12 NA NA NA NA NA NA NA NA NA NA NA NA NA NA NA NA NA NA NA NA
cuts_long_bayes_r12 0.0361680017141508 0.0483631753437249 0.0365457523776816 0.0409716841744393 0.0088593475743306 0.0254592929999615 0.0150500341694567 0.0132248264750312 0.0343967514690194 0.0346567421267364 0.0328775164956262 0.036404861478139 0.0253492484229029 0.0203247703850754 0.0248953688838171 0.0248451238186363 0.010532801350115 0.0149763004793726 0.00970430430221502 0.0126723964203061
tso_wide_bayes_r12 NA NA NA NA NA NA NA NA NA NA NA NA NA NA NA NA NA NA NA NA
tso_long_bayes_r12 0.0365936089238362 0.0355166625298086 0.0347096200519272 0.0381742111326492 0.00913378841759486 0.00622627415907119 0.00929097155463347 0.00828558963291488 0.0297475186156651 0.0301003321823321 0.0281914024613874 0.0315002459368341 0.0201947791393291 0.0155130374473919 0.0197004716627997 0.0194155510662882 0.010764227487528 0.0151233203098945 0.00995518158964305 0.0130180883528074
msst_wide_bayes_r13 NA NA NA NA NA NA NA NA NA NA NA NA NA NA NA NA NA NA NA NA
msst_long_bayes_r13 NA NA NA NA NA NA NA NA 0.0334593348770956 0.0347842050769955 0.0235571355694616 0.0352134935417235 0.0242836085119372 0.0192546108929652 0.0194342167816921 0.0240329845863349 0.0109235337130628 0.0162884599468905 0.00754990011324097 0.0126622527203482
cuts_wide_bayes_r13 NA NA NA NA NA NA NA NA NA NA NA NA NA NA NA NA NA NA NA NA
cuts_long_bayes_r13 0.0375309847118224 0.0431266897877682 0.0332693696218754 0.039546167539369 0.00780725429157426 0.0169120780595695 0.00779002848706569 0.0103831823281113 0.0355640153110791 0.0343733850915605 0.0315966663535181 0.0363886839344203 0.0258944392190128 0.0201129655408924 0.02440335467046 0.0248091514637103 0.0109793448330359 0.014891247531876 0.00909031861371366 0.0126211267168414
tso_wide_bayes_r13 NA NA NA NA NA NA NA NA NA NA NA NA NA NA NA NA NA NA NA NA
tso_long_bayes_r13 0.0376824784757813 0.0353305900400646 0.0336377371263084 0.0382423242208786 0.00861861223265531 0.00587708548866926 0.00902495890012279 0.00787409209993279 0.0310088940923199 0.0302050827501328 0.027552328599752 0.0318720342314422 0.0207534809300143 0.0156700627615339 0.0198031586255605 0.0197260616040719 0.0113181763875267 0.0150414477289924 0.00934101195108383 0.0130259589122634
msst_wide_bayes_r14 NA NA NA NA NA NA NA NA NA NA NA NA NA NA NA NA NA NA NA NA
msst_long_bayes_r14 NA NA NA NA NA NA NA NA 0.0301914180180037 0.0368002350802753 0.0124098778910797 0.034307469035406 0.0203402429650933 0.0231816308246809 0.0135883913465719 0.0222478983293034 0.0124878277004584 0.0147348215353138 0.00802698167198128 0.0139076632634104
cuts_wide_bayes_r14 NA NA NA NA NA NA NA NA NA NA NA NA NA NA NA NA NA NA NA NA
cuts_long_bayes_r14 0.0384135942491954 0.0371629121636258 0.0336059244737708 0.0403406598294002 0.0124298163133853 0.00541835531372589 0.0209750285928011 0.0124160138973961 0.03488002747937 0.0363417186961313 0.031598361175798 0.0359835589489053 0.0253983638934963 0.0212807711963197 0.0240959608400558 0.0249206338331244 0.0109748527046586 0.0158968355096082 0.00938397728499059 0.0122598008291329
tso_wide_bayes_r14 NA NA NA NA NA NA NA NA NA NA NA NA NA NA NA NA NA NA NA NA
tso_long_bayes_r14 0.0364068443221345 0.0372439957528765 0.0342205346306781 0.0376365311664073 0.00821982102708504 0.00606509280502356 0.00861435363240793 0.00769303214919107 0.030433660527552 0.0321738440785806 0.0284161002790611 0.0316794942168368 0.0204930767052217 0.0168856686104726 0.0201972180353226 0.0199816769230613 0.0112240750651122 0.0159674573559174 0.00980218226945773 0.0127139408556638
msst_wide_bayes_r15 NA NA NA NA NA NA NA NA NA NA NA NA NA NA NA NA NA NA NA NA
msst_long_bayes_r15 NA NA NA NA NA NA NA NA 0.0331781094279124 0.0345567984794962 0.0223254261679415 0.0315496181611399 0.0254558937344543 0.018420372933852 0.0190266505350316 0.0233080881612983 0.00934048224791613 0.0171327016182909 0.00696587334806909 0.0102860254651065
cuts_wide_bayes_r15 NA NA NA NA NA NA NA NA NA NA NA NA NA NA NA NA NA NA NA NA
cuts_long_bayes_r15 0.0364144539131917 0.0454472713730851 0.0386645992538935 0.0424038969760476 0.00376088123634501 0.0208951918909593 0.0107661586620188 0.0142755235355749 0.0360230285314874 0.0338133911736572 0.0351532501022481 0.0364672465120124 0.0266700944708071 0.0196540433771007 0.0264504446736303 0.0253293134652187 0.0105211764021527 0.0148000536228471 0.0100452737795411 0.0120603667082276
tso_wide_bayes_r15 NA NA NA NA NA NA NA NA NA NA NA NA NA NA NA NA NA NA NA NA
tso_long_bayes_r15 0.0382967158044279 0.0352811437156466 0.0375142698142949 0.0384121612646452 0.00833040388081435 0.00554388915091757 0.00854530440149304 0.00758438889208699 0.0317779898762618 0.0304751562281694 0.0310685062051155 0.032194075253789 0.0218338238961536 0.0158084792052137 0.0217486899803513 0.0205601116562813 0.0109133832967926 0.0151696533238971 0.0104188862313677 0.0124017180750919
msst_wide_bayes_r16 NA NA NA NA NA NA NA NA NA NA NA NA NA NA NA NA NA NA NA NA
msst_long_bayes_r16 NA NA NA NA NA NA NA NA 0.0274664477552372 0.0349026815673839 0.0242786451271931 0.0320201956260558 0.0212651941390719 0.0173432228809806 0.0197845904983481 0.0242201427467147 0.00932905967818491 0.0187557558906348 0.00818535369323395 0.00994635615027595
cuts_wide_bayes_r16 NA NA NA NA NA NA NA NA NA NA NA NA NA NA NA NA NA NA NA NA
cuts_long_bayes_r16 0.0380000817150773 0.0534655638651615 0.0357897025188077 0.0365883020304909 0.00955425333281512 0.0347283300221293 0.00887252499215489 0.00500924969039416 0.0349561646613152 0.0342325840198664 0.0335066734464335 0.0357947810752309 0.0257295372282732 0.0197422020372368 0.0258804415339083 0.0245179825368405 0.0105398485713025 0.0151667961586921 0.00921339331656683 0.0122473709614644
tso_wide_bayes_r16 NA NA NA NA NA NA NA NA NA NA NA NA NA NA NA NA NA NA NA NA
tso_long_bayes_r16 0.0375037386095924 0.0352745278634934 0.0362123792837465 0.0382858339536318 0.00909249701591686 0.00600963115104636 0.00945402108264346 0.00814148791789017 0.0304780733125031 0.0300648614539405 0.0292336628944451 0.0315763115323913 0.0207131285158555 0.0151634117177968 0.0209169633308199 0.0195717651736472 0.0108441093745016 0.0154493059445192 0.00960352427811796 0.0128055602327868
msst_wide_bayes_r17 NA NA NA NA NA NA NA NA NA NA NA NA NA NA NA NA NA NA NA NA
msst_long_bayes_r17 NA NA NA NA NA NA NA NA 0.0245647601580699 0.0358542305463861 0.0200081949057564 0.0360926747755621 0.0222209176043547 0.0264526190622118 0.01806671115543 0.0233191609031114 0.00854707091532526 0.0130352227862843 0.00733906205362132 0.0185543221254414
cuts_wide_bayes_r17 NA NA NA NA NA NA NA NA NA NA NA NA NA NA NA NA NA NA NA NA
cuts_long_bayes_r17 0.0375893811450546 0.0411675017164427 0.0306777472507452 0.0443381738982222 0.0151809587684989 0.0148378115222017 0.00780327593112062 0.0293581712140942 0.0333014664430165 0.036120906896273 0.029260213617012 0.0357233863570658 0.0247631961577675 0.0215074068291633 0.022899174445157 0.0245764035413455 0.010162524252306 0.0158441668100236 0.00858707016843657 0.0123074852091318
tso_wide_bayes_r17 NA NA NA NA NA NA NA NA NA NA NA NA NA NA NA NA NA NA NA NA
tso_long_bayes_r17 0.0359767514692161 0.0380406051463508 0.0319245767737515 0.0378494099820485 0.00876655949114943 0.00685755057588512 0.00905907142001294 0.00796121607051877 0.0296143557301989 0.0326032188800695 0.026240395184048 0.0315494860237503 0.0203259242184763 0.0172351564394604 0.0190991295951366 0.0197836055096977 0.0105858131880885 0.0163588716133796 0.00896480866132743 0.012726166772725
msst_wide_bayes_r18 NA NA NA NA NA NA NA NA NA NA NA NA NA NA NA NA NA NA NA NA
msst_long_bayes_r18 NA NA NA NA NA NA NA NA 0.0211277595754118 0.0345993110363148 0.0212162770139562 0.0343833630653284 0.0171412490772908 0.0175877680757677 0.0185381209157846 0.0237464537579345 0.00821986960558034 0.0180032506549219 0.00643142308288194 0.0123684556680966
cuts_wide_bayes_r18 NA NA NA NA NA NA NA NA NA NA NA NA NA NA NA NA NA NA NA NA
cuts_long_bayes_r18 0.0386796157444372 0.0573043665508279 0.0344811137626396 0.0424926612449485 0.0103483838528645 0.0414007483171313 0.00269723340048138 0.0141064301590368 0.0351010985812781 0.0337204545826593 0.0342579538794353 0.0366303377626723 0.025600875296188 0.0188341653442603 0.025944733746746 0.0248985333921376 0.0108032867157959 0.0154980858513645 0.00982904473761239 0.0126842998555383
tso_wide_bayes_r18 NA NA NA NA NA NA NA NA NA NA NA NA NA NA NA NA NA NA NA NA
tso_long_bayes_r18 0.0377284292459369 0.0342934289041866 0.0364997354959784 0.038067067767369 0.00850831274201882 0.00540210491943074 0.00884650821708997 0.00763605080840638 0.0310982859214425 0.0295788375607512 0.029956891984701 0.0317639171044688 0.0208386233463034 0.0146473026382723 0.0209628973967395 0.0197442901465284 0.0113191791355519 0.0154284378930601 0.0102494531938538 0.012777972210752
msst_wide_bayes_r19 NA NA NA NA NA NA NA NA NA NA NA NA NA NA NA NA NA NA NA NA
msst_long_bayes_r19 NA NA NA NA NA NA NA NA 0.0324640398773433 0.0360368214776721 0.0167934559818161 0.0328596881245891 0.021551786229183 0.0209690693621189 0.0151933790679292 0.0235453383235683 0.0130704856579982 0.0160325578953315 0.00837983631674228 0.0112699664863924
cuts_wide_bayes_r19 NA NA NA NA NA NA NA NA NA NA NA NA NA NA NA NA NA NA NA NA
cuts_long_bayes_r19 0.0372839215660563 0.0431462343931103 0.0315524241666771 0.0357586874932556 0.0108031623711784 0.0160008143030209 0.0127268693445914 0.00443445719466538 0.0340531433414845 0.0352918385861507 0.0296096536042707 0.0351926824147819 0.0253901093949348 0.0206576581607245 0.0225249135980849 0.0240747428608272 0.0102130623445959 0.0154211838103396 0.00934087388377434 0.0125044014950205
tso_wide_bayes_r19 NA NA NA NA NA NA NA NA NA NA NA NA NA NA NA NA NA NA NA NA
tso_long_bayes_r19 0.0368548259831012 0.0369965023174123 0.0322053339255457 0.0375711080717724 0.00838812419694732 0.00583170410785542 0.00840908901277267 0.00763524569747781 0.030686711232903 0.0320544871189915 0.0269551542755058 0.0318090495301993 0.0211906023815425 0.0166788595199273 0.0191585136113932 0.0197841619204331 0.0107629308060759 0.0160145945244376 0.00968471222598853 0.0131455258637269
msst_wide_bayes_r20 NA NA NA NA NA NA NA NA NA NA NA NA NA NA NA NA NA NA NA NA
msst_long_bayes_r20 NA NA NA NA NA NA NA NA 0.0267202268978075 0.0344581213626459 0.0227215056536179 0.0269638643866409 0.0217077523088167 0.0182681971526041 0.0170064059659 0.0201670382347042 0.00868087922739487 0.0173122757722571 0.0105436162786384 0.0106441677085199
cuts_wide_bayes_r20 NA NA NA NA NA NA NA NA NA NA NA NA NA NA NA NA NA NA NA NA
cuts_long_bayes_r20 0.0370263534158465 0.054230530756538 0.0357293741428207 0.0412595380823809 0.00959171756234232 0.0357412346364004 0.0195026773012818 0.0135400584205047 0.0350299677596317 0.0348139058619303 0.0322793597505544 0.0362286155702242 0.0257870113700461 0.0199489579748483 0.0249052320992958 0.0246301244938125 0.0106104526537668 0.0155558522940082 0.0092415151118407 0.0126845471008135
tso_wide_bayes_r20 NA NA NA NA NA NA NA NA NA NA NA NA NA NA NA NA NA NA NA NA
tso_long_bayes_r20 0.0372342307400252 0.0355761758072726 0.0345759924945963 0.0381548828949068 0.00915539611222586 0.00616629737007704 0.0095078125991798 0.00827245497408535 0.0301658312045455 0.0302083420345268 0.0279097499787504 0.0314163345875157 0.0204158207409773 0.0151425779768749 0.0198870557103823 0.0192459872954075 0.0108793402210113 0.0156117514641682 0.009505416289978 0.0130551939879032
msst_wide_bayes_r21 NA NA NA NA NA NA NA NA NA NA NA NA NA NA NA NA NA NA NA NA
msst_long_bayes_r21 NA NA NA NA NA NA NA NA 0.0295794663545708 0.0350314919784195 0.0299565492145016 0.0353331559299964 0.0212710604441705 0.0206128312483491 0.0230863247998313 0.0214819433730897 0.0118453489711058 0.015239988816949 0.00991668478610504 0.0155451966430963
cuts_wide_bayes_r21 NA NA NA NA NA NA NA NA NA NA NA NA NA NA NA NA NA NA NA NA
cuts_long_bayes_r21 0.0414507637500042 0.0366973845354874 0.0357300874776845 0.0412084215496006 0.0191154228531031 0.00931942269858497 0.0096562334923191 0.013624425937788 0.0353685491800569 0.0344237687312485 0.0332545843818962 0.0362770024690925 0.0258665217057031 0.0200597941515735 0.0255210563714237 0.0250535888583766 0.0108032934985071 0.0150612170667134 0.00936610759156725 0.0123720446514892
tso_wide_bayes_r21 NA NA NA NA NA NA NA NA NA NA NA NA NA NA NA NA NA NA NA NA
tso_long_bayes_r21 0.0372691650369715 0.0356347484845243 0.0356831456780773 0.0380316198065684 0.00858776029401068 0.00592960541118888 0.00895267160927335 0.00801925706551665 0.0306756032398118 0.0305291606490846 0.0292064572572979 0.0316714843540038 0.0207814963604265 0.0157495837449566 0.020661155198662 0.0199226300618641 0.0109567385131132 0.0153380123455047 0.00988798849082336 0.0126831567954943
msst_wide_bayes_r22 NA NA NA NA NA NA NA NA NA NA NA NA NA NA NA NA NA NA NA NA
msst_long_bayes_r22 NA NA NA NA NA NA NA NA 0.0289648547622201 0.0361229790666223 0.0248416992729052 0.029137266159272 0.022629385145696 0.0186902498955002 0.0189429812424643 0.0210527913183149 0.00931797097678598 0.0186985335060672 0.0102126728764502 0.0114970934973118
cuts_wide_bayes_r22 NA NA NA NA NA NA NA NA NA NA NA NA NA NA NA NA NA NA NA NA
cuts_long_bayes_r22 0.035951899069923 0.0501976457090499 0.0395250287495428 0.0428369110004783 0.00997271818057225 0.0286226966903363 0.0204425444387153 0.0165517788023998 0.0337491233629505 0.0357857875934389 0.0339905931104122 0.0365223594010572 0.0251066906130261 0.0206626845163164 0.0257917282883293 0.0249553708273818 0.0102113103592093 0.015920111827405 0.00971648421824306 0.0126709227085091
tso_wide_bayes_r22 NA NA NA NA NA NA NA NA NA NA NA NA NA NA NA NA NA NA NA NA
tso_long_bayes_r22 0.0364114003565463 0.0374128830258456 0.0362229664517623 0.0383425677235093 0.00826012243959502 0.00582490963324116 0.0083608628204239 0.00740885236150773 0.030480767175195 0.0324938769520159 0.0301951662620197 0.0324787798208629 0.0210730602476964 0.0168547806124382 0.0213614207069364 0.0203432214492414 0.0107164481753818 0.016269114578446 0.010094843462555 0.0130587500805039
msst_wide_bayes_r23 NA NA NA NA NA NA NA NA NA NA NA NA NA NA NA NA NA NA NA NA
msst_long_bayes_r23 NA NA NA NA NA NA NA NA 0.0278524895000877 0.0353935445372608 0.0281819302259363 0.0254356750664467 0.020510167470514 0.0201243536257355 0.0213717014830414 0.0178187480427203 0.0108011922945329 0.0162019712211288 0.0100892252107484 0.0122574479291802
cuts_wide_bayes_r23 NA NA NA NA NA NA NA NA NA NA NA NA NA NA NA NA NA NA NA NA
cuts_long_bayes_r23 0.0353886358418714 0.0407980044496981 0.0347003185441751 0.0416321920182395 0.0125911598035381 0.0153607196689024 0.0113131506050725 0.0253227571232301 0.0321967026606426 0.0354587656856657 0.0319781598171889 0.035083972135335 0.0241827818603548 0.0201354779435822 0.0249352578582119 0.0244427492030348 0.00982990077470329 0.0160752846927147 0.0088087539010799 0.0119703604727737
tso_wide_bayes_r23 NA NA NA NA NA NA NA NA NA NA NA NA NA NA NA NA NA NA NA NA
tso_long_bayes_r23 0.0347810501767809 0.0366665452231145 0.0345293301546033 0.0374581401615677 0.00933407608887331 0.00635817412976999 0.00955659170651744 0.00872117046329138 0.0281759828654446 0.0311848660215909 0.0278167705436568 0.0307126401323122 0.0194862524872214 0.0155421635505088 0.0200105966654715 0.0194016465379268 0.0101498514161525 0.0162585298659091 0.00929329613738977 0.0124032168599067
msst_wide_bayes_r24 NA NA NA NA NA NA NA NA NA NA NA NA NA NA NA NA NA NA NA NA
msst_long_bayes_r24 NA NA NA NA NA NA NA NA 0.0198006692631579 0.0364240444975566 0.0155481397027092 0.0281575027686751 0.0168770383804278 0.0198661581187674 0.0141582013129998 0.0200959360680776 0.00731527904525182 0.0180884448323913 0.00694025794370558 0.0109899078109068
cuts_wide_bayes_r24 NA NA NA NA NA NA NA NA NA NA NA NA NA NA NA NA NA NA NA NA
cuts_long_bayes_r24 0.0363706513161515 0.0520532243042211 0.0340514779783694 0.0418872106856155 0.00997806379444046 0.0352198977121242 0.00944667501457138 0.0187760185901368 0.0338665997450026 0.0358486394760096 0.0318599216398908 0.0355239887078772 0.0251365840982581 0.0206563056518799 0.0242200511528613 0.0248070537956551 0.0102686540430157 0.016068926943822 0.00948461135968819 0.0120076938240577
tso_wide_bayes_r24 NA NA NA NA NA NA NA NA NA NA NA NA NA NA NA NA NA NA NA NA
tso_long_bayes_r24 0.0362472664078096 0.0375386200740878 0.0343994011534656 0.0371763164931013 0.00851186424654731 0.00611096607027833 0.00882761553909306 0.0079599340750229 0.030041480989279 0.0324682763987638 0.0283964904433333 0.0311252803494613 0.0205831480266958 0.0166664699887124 0.0202372639235341 0.0199574399971728 0.0107278089502671 0.0165183575938044 0.00966000438506627 0.0122531599879704
msst_wide_bayes_r25 NA NA NA NA NA NA NA NA NA NA NA NA NA NA NA NA NA NA NA NA
msst_long_bayes_r25 NA NA NA NA NA NA NA NA 0.0302606854011056 0.0369815055374883 0.0161956212722184 0.022465920857787 0.0209061185074471 0.0218516013740549 0.0147372852640695 0.0177172458344561 0.0118732039682859 0.0164357824667834 0.00735465602295777 0.00896443888841599
cuts_wide_bayes_r25 NA NA NA NA NA NA NA NA NA NA NA NA NA NA NA NA NA NA NA NA
cuts_long_bayes_r25 0.0407434681311666 0.0546196243773206 0.0343842092552614 0.0436374811730549 0.0233116117488728 0.0372182239663389 0.017020005137088 0.0231783643199245 0.0329287398974574 0.0358958596083275 0.029676213714871 0.0350174055285394 0.0246718126645217 0.0211588212745038 0.0229322436371151 0.0244823276195924 0.00991799369883811 0.0156903550974292 0.00888648769457047 0.0119131778009997
tso_wide_bayes_r25 NA NA NA NA NA NA NA NA NA NA NA NA NA NA NA NA NA NA NA NA
tso_long_bayes_r25 0.0351363088363661 0.0377771961150718 0.0322042202025735 0.0370639132465717 0.00884675693693864 0.00662797018664573 0.00905318812992888 0.00827256198508358 0.0288674096151189 0.0322600943266367 0.0264204235202015 0.0308075116316484 0.0200109667557792 0.0168542590882421 0.0190407117653029 0.0196702128321549 0.0102784632379842 0.0161718520928324 0.00916813357525427 0.0122827092655211
msst_wide_bayes_r26 NA NA NA NA NA NA NA NA NA NA NA NA NA NA NA NA NA NA NA NA
msst_long_bayes_r26 NA NA NA NA NA NA NA NA 0.0232500751965604 0.0365729614882846 0.0299335317614515 0.0354522208381249 0.0184242495847885 0.0193332765968725 0.0240115567100128 0.024247534707404 0.00935006135727646 0.0183083216856212 0.00846270130684115 0.0128081603158146
cuts_wide_bayes_r26 NA NA NA NA NA NA NA NA NA NA NA NA NA NA NA NA NA NA NA NA
cuts_long_bayes_r26 0.0388058451483198 0.0482523680528504 0.0353554116447921 0.0408495368249596 0.0160416560871777 0.0245568071229555 0.00725389395192268 0.0124276160022331 0.0340963128154895 0.0359386835170069 0.03398955743925 0.0364771272163159 0.0249918167443058 0.0208245130871112 0.0261372587510155 0.0257159721055887 0.0106381379878064 0.0158527517126701 0.00937122758187128 0.0118242132624494
tso_wide_bayes_r26 NA NA NA NA NA NA NA NA NA NA NA NA NA NA NA NA NA NA NA NA
tso_long_bayes_r26 0.0363714029562057 0.0367381888838741 0.035932986805677 0.0379391124386925 0.00863954499143354 0.00607014066388838 0.00902135807027222 0.00801931413978858 0.0299916641861487 0.0315566260854236 0.0293260544583359 0.0314890251685907 0.0202686695588967 0.016191625575982 0.0211053353493018 0.0202583901522291 0.0109811994461732 0.0159845162360228 0.00949999762545503 0.0120913075895161
msst_wide_bayes_r27 NA NA NA NA NA NA NA NA NA NA NA NA NA NA NA NA NA NA NA NA
msst_long_bayes_r27 NA NA NA NA NA NA NA NA 0.029207167758572 0.0361531594486374 0.0276863545234331 0.0217833974875765 0.0228832275355491 0.0191040071366742 0.0219371934754458 0.0168795257804038 0.00905180304863734 0.0182464530437629 0.00874616245780939 0.0105855398885596
cuts_wide_bayes_r27 NA NA NA NA NA NA NA NA NA NA NA NA NA NA NA NA NA NA NA NA
cuts_long_bayes_r27 0.0375608948729827 0.0501112952238053 0.0362203200215063 0.0417458340420556 0.0104946101099545 0.0280620832944373 0.0102189133162796 0.0237706007182383 0.0349274504838019 0.0357134050172559 0.0337737205391781 0.0353964039261302 0.0258670007720574 0.0203749329830992 0.0260362923121663 0.0243787441255709 0.0104392527967723 0.0161363642825462 0.00930105913059996 0.0123564934051291
tso_wide_bayes_r27 NA NA NA NA NA NA NA NA NA NA NA NA NA NA NA NA NA NA NA NA
tso_long_bayes_r27 0.0375556368825922 0.0371434933724818 0.0364887455809579 0.0376299014996856 0.00884349960054395 0.00615150991331279 0.00917716724355497 0.00817892799120416 0.0307949784653858 0.0318889174756911 0.0297108911705896 0.03133082232082 0.0211037695500481 0.016086568055131 0.0213554545329036 0.0196045453108461 0.0107914517583248 0.0164308189191994 0.00962263101820486 0.0128262072049913
msst_wide_bayes_r28 NA NA NA NA NA NA NA NA NA NA NA NA NA NA NA NA NA NA NA NA
msst_long_bayes_r28 NA NA NA NA NA NA NA NA 0.0271109804551908 0.0357307935082097 0.0162980250735504 0.0240912910257076 0.0203517959526939 0.0197451448449151 0.0147999123202629 0.0179840770933433 0.0101387928936635 0.0171289379503677 0.00847121373519415 0.0106455449733532
cuts_wide_bayes_r28 NA NA NA NA NA NA NA NA NA NA NA NA NA NA NA NA NA NA NA NA
cuts_long_bayes_r28 0.0404113875959279 0.0535538997310675 0.0341848238970398 0.0448169928015835 0.0174370018250922 0.034040191670267 0.017132299643136 0.0239055399518867 0.0348609233830111 0.0353444158980304 0.0308697943898426 0.0361759814796671 0.0256574358879875 0.0203033768351364 0.0241119479345752 0.0253588993382297 0.0105891176181572 0.0157580866158728 0.00883722147638796 0.0119676886068737
tso_wide_bayes_r28 NA NA NA NA NA NA NA NA NA NA NA NA NA NA NA NA NA NA NA NA
tso_long_bayes_r28 0.036925968781471 0.0369883818281705 0.0328993205824583 0.0382272937661614 0.00887291974532704 0.00614279818206175 0.00929687129236651 0.00833125587498987 0.0302577263136607 0.0317020136880693 0.0268103709422181 0.0316303156507093 0.0205563531381342 0.0160152136585419 0.0195402041690152 0.0201900096315917 0.0108705272824756 0.0162812674724895 0.00896365521811814 0.0123957378459132
msst_wide_bayes_r29 NA NA NA NA NA NA NA NA NA NA NA NA NA NA NA NA NA NA NA NA
msst_long_bayes_r29 NA NA NA NA NA NA NA NA 0.0267666455699725 0.0359612149519258 0.0162553253181135 0.0217661861235197 0.0195299526515415 0.0204995800766552 0.0150587157753959 0.0168347737752389 0.0108757036857502 0.0166491503462364 0.00938618455562835 0.0111488720409599
cuts_wide_bayes_r29 NA NA NA NA NA NA NA NA NA NA NA NA NA NA NA NA NA NA NA NA
cuts_long_bayes_r29 0.0397703371746168 0.0516346759624895 0.0301240812046347 0.0448106163487775 0.0202872735632889 0.0313503443431656 0.0157287039082044 0.0294895559164656 0.0333294987448551 0.0360293617066434 0.0277780082366843 0.0355838234120897 0.0245665993987672 0.0207327610386191 0.0216100555725789 0.0250910571245794 0.0103702431189675 0.016104667425274 0.00865103524259479 0.0118128349432968
tso_wide_bayes_r29 NA NA NA NA NA NA NA NA NA NA NA NA NA NA NA NA NA NA NA NA
tso_long_bayes_r29 0.0359663945980551 0.0371464194435754 0.0304257322932435 0.037901221788272 0.00842396197965703 0.00593150291711755 0.00867063347656299 0.00801680961953316 0.0299170845154559 0.0321291619445244 0.0253054402772132 0.0317430103704908 0.0205157909464403 0.0164182443001365 0.0183254000441624 0.0206473121364051 0.0107166039770816 0.0163683797647989 0.00898393687964224 0.0121772685940025
msst_wide_bayes_r30 NA NA NA NA NA NA NA NA NA NA NA NA NA NA NA NA NA NA NA NA
msst_long_bayes_r30 NA NA NA NA NA NA NA NA 0.0292438937800651 0.033707402839891 0.0255408459694272 0.0297541734890703 0.0236652644930406 0.0183525503080581 0.0199012154680258 0.0206631846592194 0.00817040530451278 0.0161846353474625 0.00899981940271458 0.0119268954389689
cuts_wide_bayes_r30 NA NA NA NA NA NA NA NA NA NA NA NA NA NA NA NA NA NA NA NA
cuts_long_bayes_r30 0.0352950391668708 0.0513130410526463 0.0348764256105326 0.0410763017093503 0.00222879605061821 0.0310853467707387 0.00841666173300847 0.0123061930807243 0.0351174453325679 0.0332726260256297 0.0327272063234577 0.0362279030062939 0.0257699800839452 0.0196290208571418 0.025129283050938 0.0248998081752047 0.0106409475712848 0.0142051917184843 0.0092983365935252 0.0124026094468126
tso_wide_bayes_r30 NA NA NA NA NA NA NA NA NA NA NA NA NA NA NA NA NA NA NA NA
tso_long_bayes_r30 0.0372694117391888 0.0343029605212729 0.0348559787246471 0.0382972048079517 0.00864227672675553 0.00568816376489295 0.00902255054195138 0.0079044321412995 0.0306465154854634 0.0293106407467737 0.0284907247917563 0.0319157317412851 0.0208592477716622 0.0153827053533945 0.0204405256842755 0.0199481407941931 0.0108843616765136 0.0143918372744909 0.00950512362818846 0.0128408133244846
msst_wide_bayes_r31 NA NA NA NA NA NA NA NA NA NA NA NA NA NA NA NA NA NA NA NA
msst_long_bayes_r31 NA NA NA NA NA NA NA NA 0.0330846019534827 0.0359504013915063 0.0166702972023708 0.0200727015505615 0.0223860127837033 0.0216622700691585 0.0151250796415529 0.0166127030637817 0.0126527251324679 0.0154349619581272 0.00616377831156104 0.00833233404802462
cuts_wide_bayes_r31 NA NA NA NA NA NA NA NA NA NA NA NA NA NA NA NA NA NA NA NA
cuts_long_bayes_r31 0.0451047657222869 0.0580155931315042 0.0360344510248497 0.0432920461688581 0.0259890062403255 0.0413982566070238 0.0128233128767404 0.0189761869166483 0.0352638814841324 0.0349826891327707 0.0330960139735999 0.0364531069139098 0.0256024700171316 0.0204007295934087 0.0254837895764214 0.0249307684411888 0.0109439991565358 0.0153003710894081 0.00930889843152721 0.0125325537487714
tso_wide_bayes_r31 NA NA NA NA NA NA NA NA NA NA NA NA NA NA NA NA NA NA NA NA
tso_long_bayes_r31 0.0372841410574734 0.0361970971069228 0.035609014714877 0.0383281845839094 0.00842772149490293 0.0059886199361291 0.00894624342033722 0.00784773744336556 0.0307490352942246 0.0310311434633042 0.0291837805795736 0.0319113314992808 0.0204987593628477 0.0159921740490152 0.0207104969904194 0.0199566441283156 0.0113167990373883 0.0156135718168734 0.00987388239819774 0.0127727737508672
msst_wide_bayes_r32 NA NA NA NA NA NA NA NA NA NA NA NA NA NA NA NA NA NA NA NA
msst_long_bayes_r32 NA NA NA NA NA NA NA NA 0.0282321158855374 0.0354691714390948 0.0249952045014162 0.0263547494315201 0.020833739768521 0.0190722197842612 0.0196334334430021 0.0195432720683646 0.0109028808807066 0.017664671593632 0.00952180497685523 0.0111741390419745
cuts_wide_bayes_r32 NA NA NA NA NA NA NA NA NA NA NA NA NA NA NA NA NA NA NA NA
cuts_long_bayes_r32 0.0421676345655414 0.0516184882015145 0.0379326676328736 0.0463891054223528 0.0196078190163211 0.030877639651294 0.0161903621250162 0.0240338802128939 0.0353258477004297 0.0352967760553847 0.0333505167098257 0.0367271358522569 0.0258060220555245 0.0204378173157968 0.0254282426804335 0.0251345470733198 0.0108601699969977 0.0156072953244616 0.00958007058401793 0.0126576472672283
tso_wide_bayes_r32 NA NA NA NA NA NA NA NA NA NA NA NA NA NA NA NA NA NA NA NA
tso_long_bayes_r32 0.0377341468733623 0.0370753966522089 0.035762862230089 0.0382046419347796 0.00844277410616135 0.00593821977245819 0.00877764674813434 0.0076788473430833 0.031259214139734 0.0320054343813882 0.0294991607927664 0.0320463637786662 0.0212234031289238 0.016371189615529 0.0209808491520524 0.0200261360907739 0.0111219602359608 0.0162519290909126 0.00990517472581096 0.0129085634438578
msst_wide_bayes_r33 NA NA NA NA NA NA NA NA NA NA NA NA NA NA NA NA NA NA NA NA
msst_long_bayes_r33 NA NA NA NA NA NA NA NA 0.0287262983896065 0.0365868968586839 0.0157023472488381 0.0264145447992406 0.0210730678922702 0.0206851096015794 0.0143676619976 0.0189334462416772 0.0101719890758206 0.0172202707006344 0.00719016438581739 0.0107243388705976
cuts_wide_bayes_r33 NA NA NA NA NA NA NA NA NA NA NA NA NA NA NA NA NA NA NA NA
cuts_long_bayes_r33 0.0349197520976581 0.0446755934022439 0.0301808468630763 0.0401800658255789 0.0107841959670292 0.0198513916285916 0.0117282680357349 0.0192776528917267 0.0323152432385939 0.0361560353470744 0.0280999338871897 0.0340011842617859 0.0239822493809486 0.0212071368454128 0.0217272413521268 0.0239032092450242 0.0101070917634779 0.0159568674244763 0.0088465876577239 0.0115971231400618
tso_wide_bayes_r33 NA NA NA NA NA NA NA NA NA NA NA NA NA NA NA NA NA NA NA NA
tso_long_bayes_r33 0.0350704695496244 0.0381923697244708 0.0302839253936487 0.0368102364113197 0.00907970434782271 0.00693485902790579 0.00920875786992529 0.0086687996932801 0.0286357458195239 0.0324963523437675 0.024818294039271 0.0303288999088849 0.0194530832289843 0.0167985571088218 0.0177165536611079 0.0193796642574354 0.0106087491767612 0.0165319077668637 0.00911537186478552 0.0121703976518142
msst_wide_bayes_r34 NA NA NA NA NA NA NA NA NA NA NA NA NA NA NA NA NA NA NA NA
msst_long_bayes_r34 NA NA NA NA NA NA NA NA 0.0237575498665726 0.0367001900910512 0.00542914609513171 0.00896053159908044 0.0190417930987691 0.0233385512365357 0.0077044911329231 0.00989168135378355 0.00770804606619681 0.014757401244835 0.00612956960024187 0.00635536945175661
cuts_wide_bayes_r34 NA NA NA NA NA NA NA NA NA NA NA NA NA NA NA NA NA NA NA NA
cuts_long_bayes_r34 0.0333091465649092 0.0462758159340451 0.0346203476422666 0.0401865789365689 0.00386332160055829 0.0212310342155624 0.0186204004701189 0.0164511950584793 0.0329598663149141 0.0360349632094863 0.0319089973056514 0.0350063866371999 0.0247052268090691 0.0211126155677311 0.0245057140431838 0.0244713445276645 0.00989231327907497 0.0157611350513656 0.0092767787826486 0.0118625469167626
tso_wide_bayes_r34 NA NA NA NA NA NA NA NA NA NA NA NA NA NA NA NA NA NA NA NA
tso_long_bayes_r34 0.0354373793020742 0.0376401958514766 0.0339551698525435 0.0376384019213032 0.00915064177373134 0.00666509837496741 0.00935352119515716 0.00858602871830637 0.0288579494320248 0.0320038549677792 0.027560516476675 0.0309885622316204 0.0199406882269553 0.0164909219686111 0.0196097836293896 0.019712251549916 0.0102829529883734 0.0162126959910169 0.00948921647661108 0.0123519792892764
msst_wide_bayes_r35 NA NA NA NA NA NA NA NA NA NA NA NA NA NA NA NA NA NA NA NA
msst_long_bayes_r35 NA NA NA NA NA NA NA NA 0.0312328696947372 0.0358727977330253 0.0223865319803858 0.0357828277535122 0.0219343786259078 0.0209446104002852 0.0190933282991189 0.0246670821327462 0.0115205895663334 0.0158154547532914 0.00792074755087947 0.0125083574427446
cuts_wide_bayes_r35 NA NA NA NA NA NA NA NA NA NA NA NA NA NA NA NA NA NA NA NA
cuts_long_bayes_r35 0.0374021046447187 0.0368511843150583 0.0393585016259392 0.0390864065101846 0.0101417164689622 0.00793047729299597 0.0204764297171975 0.00859088850170809 0.0345659638303995 0.0350019966243339 0.0340948178181067 0.0361452108628255 0.0254719665207392 0.0201643762538702 0.0263437549186978 0.0250949246204651 0.0105428435495427 0.0155722465320234 0.00925199960311885 0.0120852507922884
tso_wide_bayes_r35 NA NA NA NA NA NA NA NA NA NA NA NA NA NA NA NA NA NA NA NA
tso_long_bayes_r35 0.0368096065287646 0.0365324133708139 0.0362064618786451 0.03794339942028 0.0092422266981388 0.0063429053578609 0.00965943993289214 0.00841799762877987 0.0298564686480288 0.0310845598468362 0.0290176953580418 0.0311639971645491 0.0202972013961105 0.0156545520539918 0.020821508022005 0.0195759688546362 0.0107277842243512 0.0160211669565007 0.00942913101139975 0.0124742473233205
msst_wide_bayes_r36 NA NA NA NA NA NA NA NA NA NA NA NA NA NA NA NA NA NA NA NA
msst_long_bayes_r36 NA NA NA NA NA NA NA NA 0.0297699392597934 0.0359183896788197 0.0294691782115618 0.0351589772421856 0.0214722937064028 0.0170444061848852 0.0226151498161697 0.0252398644609842 0.0116091962909587 0.0200873995943508 0.00991986574547379 0.0116947601618599
cuts_wide_bayes_r36 NA NA NA NA NA NA NA NA NA NA NA NA NA NA NA NA NA NA NA NA
cuts_long_bayes_r36 0.0417705414751217 0.0499236425849425 0.0362327288026591 0.0385647264428068 0.0172837492001207 0.0285208904983736 0.00896211275612157 0.00904234106104466 0.035662143129669 0.0357422886691925 0.0339639818017446 0.0364747524799076 0.0262266801132411 0.0205906548848333 0.0257711115023264 0.025018888371042 0.0106550895929183 0.0159564478993718 0.00975111750762865 0.0124645947017668
tso_wide_bayes_r36 NA NA NA NA NA NA NA NA NA NA NA NA NA NA NA NA NA NA NA NA
tso_long_bayes_r36 0.0376229572250615 0.0373371067691355 0.0365053720121552 0.0387298377838872 0.00867388955386205 0.0062999683347343 0.00906814962048026 0.00802191872636052 0.0308591705349348 0.0319655944864456 0.0298019280738386 0.0321528841203899 0.0209901133236757 0.0162509514490076 0.0209517836240187 0.0200954926710346 0.0108949361409823 0.0163687582352731 0.010130954999527 0.0128742141853669
msst_wide_bayes_r37 NA NA NA NA NA NA NA NA NA NA NA NA NA NA NA NA NA NA NA NA
msst_long_bayes_r37 NA NA NA NA NA NA NA NA 0.0316625558016101 0.0373632531609354 0.0157478080227743 0.0330950532032529 0.0207203603715604 0.02353644578139 0.0158492129686973 0.021391210830204 0.0133983470442433 0.0149512629590707 0.00850408148917715 0.0139239405517913
cuts_wide_bayes_r37 NA NA NA NA NA NA NA NA NA NA NA NA NA NA NA NA NA NA NA NA
cuts_long_bayes_r37 0.0374986010697147 0.0367036592920736 0.0336000386235548 0.0392461620441641 0.0116005184845879 0.0048453391954489 0.0179369821826733 0.0133890923574069 0.0344379051716149 0.0360500968617777 0.0313909847249923 0.0350721170446713 0.0251411648973189 0.0213669504256253 0.0242915177172254 0.0243293936177602 0.0108304881821847 0.0155594684307582 0.00900116204506015 0.012126156084707
tso_wide_bayes_r37 NA NA NA NA NA NA NA NA NA NA NA NA NA NA NA NA NA NA NA NA
tso_long_bayes_r37 0.0364082869365961 0.0377661881391452 0.0334711359356865 0.0375768892623977 0.00894332475537906 0.00671351296406083 0.00921361740547136 0.00846604094523636 0.0298176676770815 0.032115895564488 0.0272712628096019 0.0311094942260526 0.0200894639704334 0.0168158243281742 0.019647195199334 0.0195914503471646 0.0109959225283175 0.0159966500694477 0.00924464118236934 0.012658919293577
msst_wide_bayes_r38 NA NA NA NA NA NA NA NA NA NA NA NA NA NA NA NA NA NA NA NA
msst_long_bayes_r38 NA NA NA NA NA NA NA NA 0.0327584205563185 0.0346859460355979 0.015180336621733 0.0324541064205509 0.0223667960705356 0.0194021657025718 0.0141927866407123 0.0243579008361712 0.0123398796602057 0.0161573722177775 0.00712909266819179 0.0098632480386038
cuts_wide_bayes_r38 NA NA NA NA NA NA NA NA NA NA NA NA NA NA NA NA NA NA NA NA
cuts_long_bayes_r38 0.0392941995038488 0.0457743836809548 0.036069012450373 0.0364771004049849 0.0112751790998129 0.0211682149580586 0.0119450460003922 0.00300706397604198 0.0355396832020996 0.0337072679395024 0.0331397004050718 0.0362169631636169 0.0260055586891453 0.0188543484505447 0.0254771445339417 0.0249149710399882 0.0108828211511471 0.015505733327743 0.00936209643069008 0.0124248921120786
tso_wide_bayes_r38 NA NA NA NA NA NA NA NA NA NA NA NA NA NA NA NA NA NA NA NA
tso_long_bayes_r38 0.0372544724389707 0.0350427648997091 0.0355127646872851 0.0382490986039776 0.00813712778421343 0.0052745266051988 0.00859576776712141 0.00755993978679795 0.0310903012511768 0.0304755060757127 0.029397896515105 0.0322191966382147 0.0210921918782195 0.01527093890953 0.0209978233479106 0.0203320519631388 0.0111279790064707 0.0157184972596967 0.00981816336360779 0.012790428205164
msst_wide_bayes_r39 NA NA NA NA NA NA NA NA NA NA NA NA NA NA NA NA NA NA NA NA
msst_long_bayes_r39 NA NA NA NA NA NA NA NA 0.0309531463247271 0.0366572274180455 0.0237360781432551 0.0328934110425807 0.0240388656872768 0.0185916746494435 0.0202438826639844 0.0223998735708859 0.00920873415967424 0.0193957325274612 0.00758676464546606 0.0127062807384515
cuts_wide_bayes_r39 NA NA NA NA NA NA NA NA NA NA NA NA NA NA NA NA NA NA NA NA
cuts_long_bayes_r39 0.0366104828082099 0.0494002834053169 0.0381305765749066 0.0440633854088788 0.00815379961167067 0.0268399235543849 0.0108993274316751 0.0197118894023262 0.0351088149456875 0.0360783787622747 0.034710398631931 0.0363150754429216 0.0260912155675134 0.0210065331239806 0.0263722014456869 0.0250275982099838 0.0103419788251466 0.0159079998226377 0.00974719518567242 0.0123048880751882
tso_wide_bayes_r39 NA NA NA NA NA NA NA NA NA NA NA NA NA NA NA NA NA NA NA NA
tso_long_bayes_r39 0.0372432145594681 0.0372306745372246 0.036855971639853 0.0382303697866464 0.00875696187080101 0.00632208131358526 0.00895914702745048 0.00789888371865447 0.0305353796713719 0.0318896684100316 0.0301260092417402 0.0318110584143392 0.0210729931531406 0.0165045773253218 0.0213091853455208 0.0199546841579192 0.0105726230199006 0.0160538133956315 0.0100094039433088 0.0127055551183682
msst_wide_bayes_r40 NA NA NA NA NA NA NA NA NA NA NA NA NA NA NA NA NA NA NA NA
msst_long_bayes_r40 NA NA NA NA NA NA NA NA 0.0336608977958888 0.0350890066632395 0.0296448184257985 0.0364034495550326 0.0238823505804579 0.020262516422391 0.0221881334372081 0.0236220068612843 0.0118470645050027 0.0156233105432442 0.0105298139248398 0.0141174071310193
cuts_wide_bayes_r40 NA NA NA NA NA NA NA NA NA NA NA NA NA NA NA NA NA NA NA NA
cuts_long_bayes_r40 0.0389464309296222 0.036980694765049 0.0365497780039207 0.0400387395357005 0.0116006982864404 0.00841320128689145 0.0103021599855351 0.00948686172431125 0.0351427526773487 0.0347042082299192 0.0338194233261987 0.0366404934405974 0.0258368834406323 0.020154269230549 0.0255063527412067 0.025053765353611 0.0105918668001343 0.0152523641740187 0.00990420277353436 0.0126066652787559
tso_wide_bayes_r40 NA NA NA NA NA NA NA NA NA NA NA NA NA NA NA NA NA NA NA NA
tso_long_bayes_r40 0.037712322347259 0.0358492155250119 0.0360923974522479 0.0384562896300634 0.0084669167157199 0.00583360191347212 0.00885267184911696 0.00775709383873358 0.0311361968138058 0.0308105011125981 0.0296736206860112 0.0321357726066855 0.0210639660419095 0.0158895434488592 0.0208912306915915 0.0200495048261732 0.0111179660448219 0.0154730449730374 0.0100951106238268 0.0129071229276984
msst_wide_bayes_r41 NA NA NA NA NA NA NA NA NA NA NA NA NA NA NA NA NA NA NA NA
msst_long_bayes_r41 NA NA NA NA NA NA NA NA 0.0325706022193642 0.0356862242608981 0.0189340199830294 0.0265926919431136 0.0225713033284925 0.0212524110151881 0.0163569601688753 0.0195606577823244 0.0119710249845069 0.0153215833457024 0.00749207418937043 0.0101210430969306
cuts_wide_bayes_r41 NA NA NA NA NA NA NA NA NA NA NA NA NA NA NA NA NA NA NA NA
cuts_long_bayes_r41 0.0389205726201777 0.0465502101165082 0.0341552265696949 0.040865883868715 0.0152824839136079 0.024500104634655 0.0160144319503386 0.0197707046177223 0.0343403387809046 0.0349993025706328 0.0302120153640777 0.0343427626812423 0.0255355657723568 0.0208431302733586 0.0229647085510673 0.02384094462433 0.0102463358940758 0.0148681894617758 0.00928646626922091 0.0119260981706774
tso_wide_bayes_r41 NA NA NA NA NA NA NA NA NA NA NA NA NA NA NA NA NA NA NA NA
tso_long_bayes_r41 0.0367631517109387 0.0362999056138685 0.0326844529945451 0.0374421178275016 0.00890621276392302 0.00626471812746702 0.00896053308490217 0.00834127157504313 0.0300750744994683 0.0309012009792598 0.0268156949256621 0.0310716874850567 0.0206553834169411 0.0163072892686935 0.0189480832909406 0.0196121395345289 0.0106019097002515 0.015172966641673 0.00958397803559254 0.0126198415441639
msst_wide_bayes_r42 NA NA NA NA NA NA NA NA NA NA NA NA NA NA NA NA NA NA NA NA
msst_long_bayes_r42 NA NA NA NA NA NA NA NA 0.02761754231371 0.0361864421142427 0.0257446711144719 0.0337915691120505 0.0219770937985404 0.0199181741190615 0.0200623590586881 0.0230960910879954 0.00894074235863447 0.0173228040199246 0.00923473744079828 0.0126466469768314
cuts_wide_bayes_r42 NA NA NA NA NA NA NA NA NA NA NA NA NA NA NA NA NA NA NA NA
cuts_long_bayes_r42 0.0384268405207637 0.0480593601077212 0.0331811464283655 0.0411117984206514 0.0139112632346491 0.0260767079390909 0.0124011125793829 0.0165070126459416 0.0341553650172472 0.0359134528428787 0.0303775744870642 0.0356069080591793 0.0255149915661061 0.0210641965744411 0.0239203544358249 0.0249200280747958 0.0100999736980618 0.0156806465489816 0.00851041162819486 0.0118999567152262
tso_wide_bayes_r42 NA NA NA NA NA NA NA NA NA NA NA NA NA NA NA NA NA NA NA NA
tso_long_bayes_r42 0.0362797676662143 0.0375624066423364 0.0322597658557848 0.0377799500260175 0.00934315754945894 0.00678860011368698 0.00953117204602443 0.00868988004535388 0.0293101780742176 0.031798166695856 0.026097870686997 0.0309496797961361 0.020197342840111 0.0164197017042518 0.0189486810156775 0.0196596662149401 0.0103071384966271 0.0160416340111835 0.00883727648143082 0.0123033579670226
msst_wide_bayes_r43 NA NA NA NA NA NA NA NA NA NA NA NA NA NA NA NA NA NA NA NA
msst_long_bayes_r43 NA NA NA NA NA NA NA NA 0.029192669400072 0.0354810717527646 0.0158052748134107 0.0264914028831513 0.0217119591149319 0.0196980879132937 0.0144185874143241 0.0206617837260672 0.00984233096693574 0.0168805652523878 0.00675834342711644 0.0086198707574611
cuts_wide_bayes_r43 NA NA NA NA NA NA NA NA NA NA NA NA NA NA NA NA NA NA NA NA
cuts_long_bayes_r43 0.0366758585938589 0.0535524519811641 0.0357314692056158 0.0371853250013751 0.0114268435281754 0.0342919476118432 0.00889630693988876 0.00666574497622512 0.0333370122255545 0.035245957300333 0.0334298557493161 0.0360525626223287 0.0249932029597617 0.0199986587062419 0.0251911868565701 0.0250913230010445 0.0099649663236301 0.0159549917844521 0.00984733670562329 0.0121270823407967
tso_wide_bayes_r43 NA NA NA NA NA NA NA NA NA NA NA NA NA NA NA NA NA NA NA NA
tso_long_bayes_r43 0.0360102897235942 0.0361503294647825 0.0357843232498156 0.0382304709280324 0.00886335882694129 0.00588005927996184 0.00896941325419993 0.00815010500329402 0.0295749754098825 0.0310989264131855 0.0293286460925165 0.0317483898384977 0.0205257742890845 0.0155753083260299 0.020554295525791 0.0201453586148797 0.0103480639451774 0.0160909262354656 0.0101222804006251 0.0125365612534024
msst_wide_bayes_r44 NA NA NA NA NA NA NA NA NA NA NA NA NA NA NA NA NA NA NA NA
msst_long_bayes_r44 NA NA NA NA NA NA NA NA 0.0237621903526162 0.0349909172914511 0.0216546600540995 0.0287079781526825 0.0189413216707879 0.0193844277759068 0.0175707590347621 0.020308228941696 0.00894364382471425 0.0166612710993776 0.00879823958767505 0.011378472731316
cuts_wide_bayes_r44 NA NA NA NA NA NA NA NA NA NA NA NA NA NA NA NA NA NA NA NA
cuts_long_bayes_r44 0.0392148476010739 0.0537696841205084 0.0376537270842429 0.0439154484294694 0.01629591010633 0.0336756002527604 0.016268860627938 0.0200952017890636 0.0341496925193763 0.0348272030870425 0.0331836198119124 0.0360255643716793 0.0255317251925186 0.0202396465663438 0.0254496022496555 0.0250501147730932 0.0100660491335991 0.0152426597875204 0.00941490859552173 0.0120980896847328
tso_wide_bayes_r44 NA NA NA NA NA NA NA NA NA NA NA NA NA NA NA NA NA NA NA NA
tso_long_bayes_r44 0.036616305112448 0.0357297168231173 0.0354605671751397 0.0383655466983101 0.00910705392108848 0.00608034501768307 0.00936372276056483 0.00839449191893796 0.0297637946912394 0.0304586100888135 0.0287408726905414 0.031607384466208 0.0203832121809271 0.0155649564000604 0.0205481893654461 0.0199773051434057 0.0105833065952119 0.0154354373007359 0.00957122564970198 0.0125318508470406
msst_wide_bayes_r45 NA NA NA NA NA NA NA NA NA NA NA NA NA NA NA NA NA NA NA NA
msst_long_bayes_r45 NA NA NA NA NA NA NA NA 0.0320045442917214 0.0367652018671399 0.024016181649906 0.031487930209693 0.0215524656899747 0.0213573908648809 0.0199559143588361 0.0187687928551706 0.0128827454094614 0.0164082460797835 0.00855393891721333 0.0155768848957356
cuts_wide_bayes_r45 NA NA NA NA NA NA NA NA NA NA NA NA NA NA NA NA NA NA NA NA
cuts_long_bayes_r45 0.0383671961836615 0.0398357566107123 0.031537211437432 0.043843358045131 0.0133073267976432 0.0133723557626546 0.0102454371341591 0.024820923981941 0.0340462070938743 0.0357963060342658 0.0294794395721386 0.0358809317460007 0.0249728791728158 0.0210573439184772 0.0229330990000868 0.0248392107795888 0.0105457648045165 0.0155933148778215 0.0087070082721126 0.0122859321121448
tso_wide_bayes_r45 NA NA NA NA NA NA NA NA NA NA NA NA NA NA NA NA NA NA NA NA
tso_long_bayes_r45 0.0362408440495881 0.0371708690811435 0.0315355650827859 0.0380372436423963 0.00847234850474643 0.00618661387279756 0.00885375705216004 0.00794284382465436 0.0301005524527203 0.0320141837023778 0.0261111819352057 0.0318871688869359 0.0204869476380323 0.0167620349325449 0.019104437135013 0.0201332230583934 0.0108239730782944 0.0159460794753876 0.00890659292031172 0.0127553857601691
msst_wide_bayes_r46 NA NA NA NA NA NA NA NA NA NA NA NA NA NA NA NA NA NA NA NA
msst_long_bayes_r46 NA NA NA NA NA NA NA NA 0.032471953039625 0.0359895517471999 0.0283730640384914 0.0325977366032138 0.0247364208607418 0.0192123707976395 0.0211178271924926 0.0222532927211797 0.010231422071786 0.017772338142258 0.0107832758664532 0.0131224150269479
cuts_wide_bayes_r46 NA NA NA NA NA NA NA NA NA NA NA NA NA NA NA NA NA NA NA NA
cuts_long_bayes_r46 0.037946727319735 0.049351735941318 0.0363579561034565 0.0418257253697707 0.0107853294504169 0.0266839023869079 0.0151205187149764 0.0154274111702819 0.0351923477602261 0.0357534602870978 0.0326173555632819 0.0363621705052649 0.0258848294302971 0.0207891514120867 0.0251533132684101 0.0252224151168345 0.0105893545043046 0.0156885260475539 0.00920122727374121 0.0122735260095265
tso_wide_bayes_r46 NA NA NA NA NA NA NA NA NA NA NA NA NA NA NA NA NA NA NA NA
tso_long_bayes_r46 0.0373175352048724 0.0367853854091921 0.0346398932565342 0.0383487391647975 0.00920855185358114 0.00650164274463422 0.00951906800703376 0.00861632032776186 0.0302421573303869 0.0312050746308647 0.0279450606877858 0.0314521363598872 0.0204727564737788 0.0158435207181599 0.0198699258845143 0.0197856576863831 0.0108743852612618 0.0159700975154468 0.00953773940851166 0.0125958618314184
msst_wide_bayes_r47 NA NA NA NA NA NA NA NA NA NA NA NA NA NA NA NA NA NA NA NA
msst_long_bayes_r47 NA NA NA NA NA NA NA NA 0.0216284416556526 0.0362990507967792 0.0268228569158124 0.031746191851168 0.0176281125974031 0.0198479621339417 0.0218626855768347 0.0213103721734415 0.00850218427864627 0.0175263285300947 0.00780861364589228 0.0127118276317507
cuts_wide_bayes_r47 NA NA NA NA NA NA NA NA NA NA NA NA NA NA NA NA NA NA NA NA
cuts_long_bayes_r47 0.0357299230855354 0.0445278905413339 0.0305852958441231 0.0394004937366132 0.00996314031279827 0.0181603291521147 0.00135908116131456 0.012814792959387 0.0332022683191909 0.0357790929093738 0.0305027669937209 0.0352067023575311 0.0248932377785115 0.020678205060775 0.0235713981914057 0.0244983894909149 0.00999520381380052 0.0158932324544034 0.00893339719501505 0.0119707457480123
tso_wide_bayes_r47 NA NA NA NA NA NA NA NA NA NA NA NA NA NA NA NA NA NA NA NA
tso_long_bayes_r47 0.035136833883285 0.0369866282205341 0.0325942514426313 0.0372775523050344 0.00874825856556822 0.00607725201383863 0.00890875727482604 0.00807675812894841 0.0289809596311416 0.0318711178917366 0.0268624831358268 0.0310836000550052 0.020091806761311 0.0162941537579501 0.0193914746635638 0.019795134043433 0.010279725902651 0.0162290680597712 0.00916530451918119 0.0123539987215253
msst_wide_bayes_r48 NA NA NA NA NA NA NA NA NA NA NA NA NA NA NA NA NA NA NA NA
msst_long_bayes_r48 NA NA NA NA NA NA NA NA 0.0314811342474444 0.0355753937144263 0.0215510914552354 0.0251125317844692 0.0233424369654875 0.0207630692450509 0.0174453427060005 0.0188706570285841 0.0103718946105779 0.015716101090538 0.00895086274068634 0.0101106638244901
cuts_wide_bayes_r48 NA NA NA NA NA NA NA NA NA NA NA NA NA NA NA NA NA NA NA NA
cuts_long_bayes_r48 0.0335305099380487 0.0426086309043646 0.0335565395223658 0.0391914788354028 0.0038020846154592 0.0156294454509588 0.0165111569460667 0.0138551705670871 0.0331189401806784 0.0346317334542459 0.0309606218816625 0.0349294683475114 0.0243635822081338 0.0205726515340473 0.0237915280374996 0.0242685677165309 0.0104165305941127 0.0147590244962816 0.00913558965182654 0.0120231077338713
tso_wide_bayes_r48 NA NA NA NA NA NA NA NA NA NA NA NA NA NA NA NA NA NA NA NA
tso_long_bayes_r48 0.0359658373102249 0.0362810164085784 0.0335294348288891 0.037258511933057 0.00865310816144013 0.00608532765867602 0.00888091020692902 0.0081064869981581 0.0297351693966336 0.0310384242120939 0.0276640212497171 0.0311134528733644 0.0201678403004405 0.0163822335097495 0.0197044125453516 0.0197102750886904 0.0108986246830134 0.0152219564620031 0.00957029916914651 0.0125262802414121
msst_wide_bayes_r49 NA NA NA NA NA NA NA NA NA NA NA NA NA NA NA NA NA NA NA NA
msst_long_bayes_r49 NA NA NA NA NA NA NA NA 0.0356138750461821 0.0341900368002095 0.0274659736970831 0.0318205890423031 0.0239553906245942 0.0192676418601995 0.0213436305172422 0.0211685852740781 0.0132925323676031 0.0157221463285098 0.0102923605553267 0.0135587808697367
cuts_wide_bayes_r49 NA NA NA NA NA NA NA NA NA NA NA NA NA NA NA NA NA NA NA NA
cuts_long_bayes_r49 0.0406804161372816 0.0389566399961695 0.0385269029795624 0.0468891541800508 0.0121747459648947 0.0143229000609178 0.0159245278463946 0.0256820961655497 0.0362025858911334 0.0338932918684829 0.0342601302069571 0.0366629888220447 0.0270306698499014 0.0192750054932004 0.0257587306104812 0.0253406203748761 0.0102599675633462 0.0152272305062683 0.00997732845383139 0.0122866678589699
tso_wide_bayes_r49 NA NA NA NA NA NA NA NA NA NA NA NA NA NA NA NA NA NA NA NA
tso_long_bayes_r49 0.038756325957945 0.0350683126936114 0.0363383265150267 0.0386148186730032 0.00846653732903892 0.00541089521013015 0.0086036022437398 0.00768117027179193 0.0319652375894395 0.0303387857840346 0.0300050345030697 0.0323595497815154 0.0222254738232725 0.0153256839517465 0.0210339792919758 0.0204398189625379 0.0106290897969994 0.0154978576569571 0.0102017188157029 0.0127347034796286
msst_wide_bayes_r50 NA NA NA NA NA NA NA NA NA NA NA NA NA NA NA NA NA NA NA NA
msst_long_bayes_r50 NA NA NA NA NA NA NA NA 0.0173889000968559 0.0358506758629631 0.01782338814719 0.0199383311938932 0.0149950114017978 0.0199818272322014 0.0156557776207291 0.0152861356078068 0.0077489494680106 0.0172580987260574 0.00695699479359879 0.00986445636625308
cuts_wide_bayes_r50 NA NA NA NA NA NA NA NA NA NA NA NA NA NA NA NA NA NA NA NA
cuts_long_bayes_r50 0.0376565311018476 0.0527911560200381 0.0317106991265977 0.0429425729522635 0.0120305684156971 0.0352605175648554 0.00546020803127616 0.0224856598444878 0.0342251890451852 0.0358961126687112 0.0310148050444987 0.0359945152996438 0.0251506224107094 0.020530186572888 0.0238191837876796 0.0248392631927633 0.0105862573798341 0.0161499786033492 0.00922605492252549 0.0124087376121344
tso_wide_bayes_r50 NA NA NA NA NA NA NA NA NA NA NA NA NA NA NA NA NA NA NA NA
tso_long_bayes_r50 0.0362707416685487 0.037350643420163 0.0331811345322586 0.0375669566685172 0.00827850876177841 0.00590422539104445 0.00852798236405935 0.00762823913639594 0.0302748576937049 0.0323492190466497 0.0276200490273641 0.03166174907256 0.0206673356182482 0.016605554335859 0.0197903943880343 0.0198775036012948 0.0108440894626279 0.0163957042701204 0.00953415180477876 0.0128457025194849
