ccon_pred_y1 ccon_pred_y2 ccon_pred_y3 ccon_pred_y4 ucon_upred_y1 ucon_upred_y2 ucon_upred_y3 ucon_upred_y4 tcon_con_y1 tcon_con_y2 tcon_con_y3 tcon_con_y4 spe_y1 spe_y2 spe_y3 spe_y4 rel_y1 rel_y2 rel_y3 rel_y4
msst_wide_bayes_r1 NA NA NA NA NA NA NA NA NA NA NA NA NA NA NA NA NA NA NA NA
msst_long_bayes_r1 NA NA NA NA NA NA NA NA 0.0360433900688268 0.035972559283439 0.0351896128949587 0.0368853008587436 0.0252041281949599 0.0192267495470358 0.0251391146759186 0.0235407753824781 0.0128140247202883 0.017920694406791 0.0122424196850985 0.0149961971160208
cuts_wide_bayes_r1 NA NA NA NA NA NA NA NA NA NA NA NA NA NA NA NA NA NA NA NA
cuts_long_bayes_r1 0.0360035856182688 0.0359807080750906 0.0350301498070791 0.0366258054307638 0.000500140395384678 0.000394059978293907 0.000575935553966043 0.000412459038033215 0.0359669410014718 0.0359507345890638 0.0349902738112184 0.0365892571627595 0.0250731971155193 0.0191733446576943 0.024975754088736 0.0233062312772478 0.0128375653428965 0.0179598192831958 0.0121648148177478 0.0149278995335561
tso_wide_bayes_r1 NA NA NA NA NA NA NA NA NA NA NA NA NA NA NA NA NA NA NA NA
tso_long_bayes_r1 0.0374182838015254 0.0366504068721728 0.0367049030369724 0.0379978703147463 0.000169786220935273 9.36986110875949e-05 0.000182755043409445 0.000142201724990653 0.0374097176299956 0.0366441619902985 0.0366963969625693 0.0379901098135678 0.0259410939489914 0.0194906258299938 0.0260787261907779 0.0241465682166713 0.0132287545208369 0.0182171405823413 0.0126007674711337 0.0153556181291318
msst_wide_bayes_r2 NA NA NA NA NA NA NA NA NA NA NA NA NA NA NA NA NA NA NA NA
msst_long_bayes_r2 NA NA NA NA NA NA NA NA 0.0359384440889875 0.0362988888442282 0.0348179933934564 0.0367695660671187 0.0247227371022168 0.0191414628855477 0.0254236554732046 0.0232959119430903 0.0131906915089699 0.0184157987020569 0.0116903728295783 0.0151912600735705
cuts_wide_bayes_r2 NA NA NA NA NA NA NA NA NA NA NA NA NA NA NA NA NA NA NA NA
cuts_long_bayes_r2 0.0359033971570741 0.0363845951066593 0.0348008118146033 0.0367660695685815 0.000385974452615099 0.000612512056143729 0.000511715732449862 0.000535937935708551 0.035876897377927 0.0363315108299059 0.0347627499953859 0.0367125300450947 0.024585314786905 0.0191098470033567 0.0252477479100197 0.0232350217647212 0.0132791721253858 0.0184663784689399 0.0117512628207996 0.0151756348015956
tso_wide_bayes_r2 NA NA NA NA NA NA NA NA NA NA NA NA NA NA NA NA NA NA NA NA
tso_long_bayes_r2 0.0374483058678421 0.0370298608052933 0.0364010984356312 0.0380021936096037 0.000287642047809433 0.000163455953472924 0.000327330993561949 0.00024584541360703 0.0374293635101069 0.0370156431460945 0.0363815047623922 0.0379840779966384 0.0255018341762381 0.0194217627682536 0.0264249092171392 0.0240152576026698 0.0137108629989326 0.0187341853277221 0.0120449545816668 0.0155275073383155
msst_wide_bayes_r3 NA NA NA NA NA NA NA NA NA NA NA NA NA NA NA NA NA NA NA NA
msst_long_bayes_r3 NA NA NA NA NA NA NA NA 0.0346438387473888 0.0365453119921094 0.0336104493543409 0.0359150992954539 0.0245994349277881 0.0191012308452464 0.0243841714661944 0.0232258558032151 0.012398420330476 0.0188132426946134 0.0118077828560646 0.0146886934958775
cuts_wide_bayes_r3 NA NA NA NA NA NA NA NA NA NA NA NA NA NA NA NA NA NA NA NA
cuts_long_bayes_r3 0.0347460106134725 0.0368153907194761 0.0336067088118755 0.0358749915734633 0.000686255820056046 0.00103959045451547 0.000601786395656359 0.000421162489440858 0.0346977273422187 0.0367034631538582 0.033569368616734 0.0358395153397379 0.0244274042839667 0.0191160892466157 0.024308740790791 0.0231363492557938 0.0124833978105983 0.0189465477444064 0.0117345097309996 0.0147078003686374
tso_wide_bayes_r3 NA NA NA NA NA NA NA NA NA NA NA NA NA NA NA NA NA NA NA NA
tso_long_bayes_r3 0.0361165887271705 0.0372715173474989 0.0350943115177101 0.0370415001844285 0.000135219601210036 7.25481601891177e-05 0.000144645705531186 0.00011526986966941 0.0361098600840445 0.0372666026216737 0.0350879147113238 0.0370356646378511 0.0254605182602614 0.0194000544858944 0.02533931421194 0.0238030862582798 0.0127420271184956 0.0191298767398139 0.0120836113483437 0.0150701215345998
msst_wide_bayes_r4 NA NA NA NA NA NA NA NA NA NA NA NA NA NA NA NA NA NA NA NA
msst_long_bayes_r4 NA NA NA NA NA NA NA NA 0.0364585840271835 0.0352732711240485 0.0356954907483629 0.0368576186963041 0.0248820831858941 0.0187402847912544 0.0260494778043543 0.0242862540540921 0.0133321712164499 0.0175972481531326 0.0116034846780093 0.0140894458005664
cuts_wide_bayes_r4 NA NA NA NA NA NA NA NA NA NA NA NA NA NA NA NA NA NA NA NA
cuts_long_bayes_r4 0.0365323976939048 0.0354053957644871 0.0357247355147413 0.0368253678140697 0.000378918011898534 0.000767875836766553 0.000511849504793642 0.000339513480868123 0.0365056588531824 0.0353151788120293 0.0356897566608192 0.0367950258603211 0.0248534709419306 0.0186884776131048 0.0259703258044026 0.0242224708345261 0.0133652460329037 0.0176672944096828 0.011629004009239 0.0140748299220296
tso_wide_bayes_r4 NA NA NA NA NA NA NA NA NA NA NA NA NA NA NA NA NA NA NA NA
tso_long_bayes_r4 0.0378843100032682 0.0358483577427623 0.0372963740458845 0.038052658223763 0.000137098264939239 7.5541329603029e-05 0.00015674416833581 0.000123231639528003 0.0378769076908042 0.0358430564869322 0.0372885423902656 0.0380455089756253 0.0256535510979047 0.0189724345647037 0.0271341459706555 0.0249231531401984 0.0137940253190539 0.0178159681868231 0.0119249586425617 0.0144897921953753
msst_wide_bayes_r5 NA NA NA NA NA NA NA NA NA NA NA NA NA NA NA NA NA NA NA NA
msst_long_bayes_r5 NA NA NA NA NA NA NA NA 0.0344727960216821 0.0367415959733151 0.0334604967497172 0.0359279710925736 0.0242104002603301 0.0186770876910073 0.0244961350910844 0.0234944839263546 0.012625383112722 0.019531139591261 0.0116093133412535 0.0144681892563819
cuts_wide_bayes_r5 NA NA NA NA NA NA NA NA NA NA NA NA NA NA NA NA NA NA NA NA
cuts_long_bayes_r5 0.0344580600875277 0.0369896152829204 0.0334716006468857 0.0358146537214639 0.000398142076875785 0.00119939577230587 0.000898129841153635 0.000801440315625489 0.0344306545117246 0.0368504912793097 0.0334044145891797 0.0357398482975189 0.0241200870985341 0.018719960635423 0.0243686169884139 0.023296601364648 0.0126580790177867 0.0195713680614114 0.011613944888318 0.0144845723005839
tso_wide_bayes_r5 NA NA NA NA NA NA NA NA NA NA NA NA NA NA NA NA NA NA NA NA
tso_long_bayes_r5 0.0358392928006228 0.0373659012284846 0.0348855482993131 0.0368845261552963 0.000270123177014041 0.000144028330760806 0.0002940551422941 0.000236074852761279 0.0358288234893993 0.0373562252834453 0.0348752321413 0.0368734514304986 0.0249862129411033 0.018941097314569 0.0254269749631765 0.0240113340390908 0.0129865115271456 0.0197529900790839 0.0118217419329571 0.0147567468578809
msst_wide_bayes_r6 NA NA NA NA NA NA NA NA NA NA NA NA NA NA NA NA NA NA NA NA
msst_long_bayes_r6 NA NA NA NA NA NA NA NA 0.036007151324721 0.0362926764846549 0.035289835548707 0.0365271363986996 0.0256084371551971 0.0194041902893876 0.0255596463210688 0.0233858070402429 0.0123152406600818 0.0181031863006193 0.0118499078941956 0.0149073231289675
cuts_wide_bayes_r6 NA NA NA NA NA NA NA NA NA NA NA NA NA NA NA NA NA NA NA NA
cuts_long_bayes_r6 0.0360749426968556 0.0364084322939606 0.0352978258380571 0.0366070968809596 0.000465520966717691 0.000960129515437531 0.000754342430733975 0.000680845810977623 0.0360426233617119 0.0362965699154215 0.0352377176017694 0.0365411759503994 0.025568374085615 0.0193689006234858 0.0253987334582348 0.0233907882109549 0.0123524763051049 0.0181449243796494 0.0118804751889825 0.0149556308418811
tso_wide_bayes_r6 NA NA NA NA NA NA NA NA NA NA NA NA NA NA NA NA NA NA NA NA
tso_long_bayes_r6 0.0371920510545748 0.0367049310116846 0.0364553396089974 0.0375957786089477 0.000201417270261849 0.000111168088798598 0.000214852356573924 0.000172071972325807 0.0371821325902376 0.0366973028852212 0.0364453074358697 0.0375867567632201 0.0263058550862829 0.019533844304014 0.0262860772220867 0.0239570615239212 0.0126023156218781 0.0182587408145358 0.0120834424445929 0.0152838259658076
msst_wide_bayes_r7 NA NA NA NA NA NA NA NA NA NA NA NA NA NA NA NA NA NA NA NA
msst_long_bayes_r7 NA NA NA NA NA NA NA NA 0.0359420986428027 0.0363657628376381 0.0346141852810376 0.0364859170509449 0.025384777514073 0.0194273630072715 0.0245923622907195 0.0230527240663527 0.0125212989571304 0.0181872193312848 0.0124009566572144 0.015266341734704
cuts_wide_bayes_r7 NA NA NA NA NA NA NA NA NA NA NA NA NA NA NA NA NA NA NA NA
cuts_long_bayes_r7 0.0360722930981905 0.0363877746894537 0.0345408826411403 0.0364716671190269 0.000551767650985803 0.000685187667686925 0.000525788598816487 0.000378363157606813 0.0360296314103394 0.0363246431648382 0.0345069012924008 0.0364411991593008 0.0254899148168683 0.0193496246394304 0.0244393921319734 0.0230286673685939 0.0125139182872825 0.0182425967325172 0.012384106999066 0.0152323480804485
tso_wide_bayes_r7 NA NA NA NA NA NA NA NA NA NA NA NA NA NA NA NA NA NA NA NA
tso_long_bayes_r7 0.0373800157306612 0.0370163979540853 0.0360964570516413 0.0377406774350148 0.000157548598545967 8.8007198962762e-05 0.000169319391745631 0.000133179965719557 0.0373721020742184 0.0370107399505384 0.0360891314653182 0.0377339112537715 0.0263177779156548 0.0196827751844237 0.0254923199317534 0.0237192952259707 0.0128610542071781 0.0184648128961804 0.0127705219674164 0.015706806520985
msst_wide_bayes_r8 NA NA NA NA NA NA NA NA NA NA NA NA NA NA NA NA NA NA NA NA
msst_long_bayes_r8 NA NA NA NA NA NA NA NA 0.0348670039774178 0.036753530637016 0.0335154960627155 0.0355979847751377 0.0242812823307948 0.020273389923652 0.024805300455495 0.0230243324389856 0.0128034857101313 0.0179364763265152 0.0112105472916014 0.0146452004669077
cuts_wide_bayes_r8 NA NA NA NA NA NA NA NA NA NA NA NA NA NA NA NA NA NA NA NA
cuts_long_bayes_r8 0.0348995861039293 0.0369249376254386 0.0335205168619278 0.0355225037870271 0.000435035655506559 0.000942630271668268 0.000473680729550254 0.000426651949128395 0.0348705560859675 0.0368372038299565 0.0334943015364719 0.0354878278229483 0.0242630204237073 0.0202705831514972 0.0246120788941745 0.0229845005942264 0.0127802928997848 0.018005997628503 0.0113468935906874 0.014582972069498
tso_wide_bayes_r8 NA NA NA NA NA NA NA NA NA NA NA NA NA NA NA NA NA NA NA NA
tso_long_bayes_r8 0.0362512154146153 0.0374726093526038 0.0349811050094831 0.0367758765809263 0.000146666493664279 8.88268671751975e-05 0.000163972166606274 0.000130627955630334 0.0362448636263508 0.0374676157128195 0.0349744717325402 0.0367698453162483 0.0251553720258862 0.0205691533431436 0.0257020775869028 0.0236931502666572 0.0130697407044021 0.0182090235813233 0.0115237483771647 0.0149935993033688
msst_wide_bayes_r9 NA NA NA NA NA NA NA NA NA NA NA NA NA NA NA NA NA NA NA NA
msst_long_bayes_r9 NA NA NA NA NA NA NA NA 0.0358533388544349 0.0360478614748918 0.0348447372008808 0.0365877961230918 0.0248179173283659 0.0186213986028949 0.0251154778150661 0.0238940946689347 0.0130015985975504 0.0186478800869435 0.0120304196738654 0.0144543036060745
cuts_wide_bayes_r9 NA NA NA NA NA NA NA NA NA NA NA NA NA NA NA NA NA NA NA NA
cuts_long_bayes_r9 0.0359312875396499 0.0362517257482503 0.0348949643788544 0.0365793292416453 0.00058551066853719 0.000918761725188254 0.000705613599891837 0.000516243677186668 0.0358892885786952 0.0361534531864248 0.0348421452616004 0.0365294061395534 0.0247451857194166 0.0186331040602055 0.0250109416349383 0.0238181567617871 0.0131260678935719 0.018744643687963 0.0120326946522542 0.0144446593856409
tso_wide_bayes_r9 NA NA NA NA NA NA NA NA NA NA NA NA NA NA NA NA NA NA NA NA
tso_long_bayes_r9 0.0372955283513103 0.0366935725007764 0.0364354037039712 0.0378486742818767 0.000167851011949637 8.96707619592926e-05 0.000185482271821057 0.000149267938259607 0.0372867886577695 0.0366875552047857 0.0364268569177804 0.0378404140544029 0.0256267272471724 0.0188679994822133 0.026126896638402 0.0245659085443257 0.0134969208233553 0.0189129759157165 0.012362184328423 0.0148888935763868
msst_wide_bayes_r10 NA NA NA NA NA NA NA NA NA NA NA NA NA NA NA NA NA NA NA NA
msst_long_bayes_r10 NA NA NA NA NA NA NA NA 0.0357389953763259 0.0359567876427227 0.03502177851918 0.0365730650697004 0.0249808227016058 0.0186695827450857 0.025294313288665 0.0231955960354643 0.0127677221302223 0.018492075909593 0.0119310272190338 0.015118874237545
cuts_wide_bayes_r10 NA NA NA NA NA NA NA NA NA NA NA NA NA NA NA NA NA NA NA NA
cuts_long_bayes_r10 0.0356862768521252 0.0360280181745257 0.0350192850848034 0.0364914785318571 0.000427202545820648 0.000650195825838136 0.000606387832987114 0.000452677777641706 0.035657988836605 0.0359741398337249 0.0349730489130741 0.0364505941832053 0.024878615215678 0.0186215328077255 0.0252355459139139 0.0231066943960711 0.0127725382510771 0.0185633071599795 0.0119253897979503 0.0151154930418372
tso_wide_bayes_r10 NA NA NA NA NA NA NA NA NA NA NA NA NA NA NA NA NA NA NA NA
tso_long_bayes_r10 0.0371363023452749 0.0365703553956441 0.0365352458629904 0.0377968982024078 0.000137738089942796 7.24918002239563e-05 0.000148147334645178 0.000115396418212023 0.0371293540706564 0.0365655195944052 0.0365281880338144 0.0377908571349599 0.0258146988769539 0.0189321552093632 0.0263086028208823 0.0238236881559621 0.0131760229240728 0.0187284343261998 0.0122376150554975 0.0155711927145923
msst_wide_bayes_r11 NA NA NA NA NA NA NA NA NA NA NA NA NA NA NA NA NA NA NA NA
msst_long_bayes_r11 NA NA NA NA NA NA NA NA 0.0359317511032077 0.0360975534201144 0.035110039477894 0.0368351058963401 0.0251098546727277 0.0196102239931911 0.0258157920137859 0.0243799995291062 0.0126751765816105 0.0176566809306471 0.0114189343939726 0.0140677156231943
cuts_wide_bayes_r11 NA NA NA NA NA NA NA NA NA NA NA NA NA NA NA NA NA NA NA NA
cuts_long_bayes_r11 0.0360579828708337 0.0362340619021714 0.0352508197526977 0.0368277282611976 0.000464013308918786 0.000719996396277072 0.000696634910060571 0.000421672520251879 0.0360241008101796 0.0361648855808203 0.0351929116390677 0.0367880543979749 0.025110197568441 0.0195774357323035 0.025844084569273 0.0242808727741224 0.012750838891899 0.017753131866755 0.0114100416954665 0.0140558243482915
tso_wide_bayes_r11 NA NA NA NA NA NA NA NA NA NA NA NA NA NA NA NA NA NA NA NA
tso_long_bayes_r11 0.0374680771992605 0.036815565713081 0.0367295628780613 0.0380479997459165 0.000160239479662675 9.02291486319386e-05 0.000177707619252188 0.000139627871332397 0.0374599953739484 0.0368094856946689 0.0367209078559674 0.0380399640135053 0.026061759931542 0.0199022690993904 0.0268631059943276 0.0250836041627614 0.0130922879390252 0.0179572608643674 0.0117429221411969 0.0143926632104638
msst_wide_bayes_r12 NA NA NA NA NA NA NA NA NA NA NA NA NA NA NA NA NA NA NA NA
msst_long_bayes_r12 NA NA NA NA NA NA NA NA 0.0367392701395471 0.0347116676853059 0.0363120830846009 0.0369928025772472 0.0252505430205833 0.0182133344073176 0.0256485673059364 0.0234494712969467 0.0131154415062039 0.0175139656655668 0.0125337945852374 0.0149394314327743
cuts_wide_bayes_r12 NA NA NA NA NA NA NA NA NA NA NA NA NA NA NA NA NA NA NA NA
cuts_long_bayes_r12 0.0367373793319188 0.0347244576844288 0.0361879354301349 0.0368415974629584 0.000443847596013905 0.000477883219678379 0.000422140894862536 0.000311163029484141 0.036702125939114 0.0346809929994163 0.0361573994827619 0.0368140688813413 0.0251027489372609 0.0181424659110502 0.0254887166195363 0.0233636222677534 0.0132042573982811 0.0175565573934575 0.0125112654801281 0.0148517184898392
tso_wide_bayes_r12 NA NA NA NA NA NA NA NA NA NA NA NA NA NA NA NA NA NA NA NA
tso_long_bayes_r12 0.0380315839428592 0.0351283032974893 0.0376925973917756 0.0378801327713008 0.000164421499657601 8.83794836313131e-05 0.000181201391748682 0.000139241005063219 0.038022769334471 0.035122011909747 0.0376836345614425 0.0378718924443488 0.0259805994679523 0.0183145243242141 0.0265536310347214 0.0239114011367746 0.013525529709193 0.0177080090820309 0.0128271321325446 0.0152499474239595
msst_wide_bayes_r13 NA NA NA NA NA NA NA NA NA NA NA NA NA NA NA NA NA NA NA NA
msst_long_bayes_r13 NA NA NA NA NA NA NA NA 0.0361235522411433 0.0357858626229945 0.0354066008404439 0.0368080991677702 0.0251564582287768 0.0187353949969593 0.0251802703819799 0.0240774579215644 0.0128828678149873 0.018223015414039 0.0123512958359311 0.01444142937715
cuts_wide_bayes_r13 NA NA NA NA NA NA NA NA NA NA NA NA NA NA NA NA NA NA NA NA
cuts_long_bayes_r13 0.0360181402323523 0.0359340212764905 0.03528983332065 0.0367721422188118 0.000498233324329999 0.00109588608230039 0.000439353750576147 0.000781078306991061 0.0359889116140071 0.0357785993213626 0.0352680816752172 0.0366979243568046 0.0251009356359966 0.0187206340308543 0.0250923806619127 0.0239330385083669 0.0127844926097761 0.0181961697968565 0.0123157359343862 0.0144205283090848
tso_wide_bayes_r13 NA NA NA NA NA NA NA NA NA NA NA NA NA NA NA NA NA NA NA NA
tso_long_bayes_r13 0.0373825517512585 0.0362384625188588 0.0367980944391663 0.0378142787722078 0.000125077869068148 6.6491607447162e-05 0.000133774531103384 0.00010904833587987 0.0373766019489177 0.0362340445046478 0.0367919590516713 0.0378086594563734 0.025886717920687 0.0189032158208709 0.0261120819800351 0.0245765559145779 0.0132305203735564 0.0183793071608835 0.0126004426069814 0.0147800817011795
msst_wide_bayes_r14 NA NA NA NA NA NA NA NA NA NA NA NA NA NA NA NA NA NA NA NA
msst_long_bayes_r14 NA NA NA NA NA NA NA NA 0.0366627897454533 0.0351117762042072 0.0361226051480509 0.0370110146764783 0.0253292544653419 0.0180536761610955 0.0256284399502629 0.0236343718450691 0.0130891904880971 0.0181208253969626 0.0124588029228329 0.0148553048889414
cuts_wide_bayes_r14 NA NA NA NA NA NA NA NA NA NA NA NA NA NA NA NA NA NA NA NA
cuts_long_bayes_r14 0.0366339749241509 0.0351353218240042 0.0361501775813931 0.0369729485459231 0.000489453914303339 0.000520959898744226 0.000558944252498749 0.000501120631496529 0.0365956233423423 0.0350858240312872 0.0361080808248679 0.0369225548137872 0.0252012717816199 0.0179521976167036 0.0255316146648524 0.0235513706867051 0.013118312327796 0.0181747066426006 0.0124775670388497 0.0148226605397767
tso_wide_bayes_r14 NA NA NA NA NA NA NA NA NA NA NA NA NA NA NA NA NA NA NA NA
tso_long_bayes_r14 0.037897197042021 0.0355539141644617 0.0375292116339195 0.0380374509174581 0.000123746476681005 6.4073936796273e-05 0.000133103749215992 0.000103645793244197 0.0378910695726802 0.0355497135029928 0.0375228037775117 0.0380317918683358 0.0260283915182387 0.0181833036071371 0.0264788243959754 0.0241699922269363 0.0134696051851343 0.0183147127797265 0.0127970590731217 0.0152057584794328
msst_wide_bayes_r15 NA NA NA NA NA NA NA NA NA NA NA NA NA NA NA NA NA NA NA NA
msst_long_bayes_r15 NA NA NA NA NA NA NA NA 0.0360307302755788 0.0358479433931376 0.0351584998841323 0.0368695948824624 0.025183245996504 0.0178320970709394 0.0246357427249193 0.023367917032352 0.0129054770756454 0.0192342488100698 0.0128273219988671 0.0152571307191747
cuts_wide_bayes_r15 NA NA NA NA NA NA NA NA NA NA NA NA NA NA NA NA NA NA NA NA
cuts_long_bayes_r15 0.0359088394680925 0.0359146340164 0.0350605172705492 0.0367331394923485 0.000475291084419758 0.000546138241098467 0.000498592200352155 0.000485367697619838 0.0358770108842495 0.0358668558632294 0.0350261019901286 0.0366921160317454 0.0249371441377613 0.017836524112392 0.0245322435209737 0.023173103450621 0.0129773857755515 0.0192379310654479 0.0127755638123849 0.0152401002612487
tso_wide_bayes_r15 NA NA NA NA NA NA NA NA NA NA NA NA NA NA NA NA NA NA NA NA
tso_long_bayes_r15 0.0371313815848514 0.0361552786539347 0.0363938407187598 0.037659991368591 0.00015572440058231 7.742475459575e-05 0.000163583092554972 0.000129014905514443 0.0371259319850868 0.0361508640576614 0.0363884707031754 0.0376546606784425 0.0258010588487231 0.0178918714476554 0.0254331500745678 0.0237010220899274 0.0131934327324785 0.0193715614925419 0.0130441568673287 0.0155681503372535
msst_wide_bayes_r16 NA NA NA NA NA NA NA NA NA NA NA NA NA NA NA NA NA NA NA NA
msst_long_bayes_r16 NA NA NA NA NA NA NA NA 0.0359011818678235 0.0361286292850755 0.0348662179051766 0.0364839202564672 0.0249110367226643 0.01940443083028 0.02521322961203 0.0238868231989308 0.0129599603401825 0.0179362634661951 0.0118449595628974 0.01435695669235
cuts_wide_bayes_r16 NA NA NA NA NA NA NA NA NA NA NA NA NA NA NA NA NA NA NA NA
cuts_long_bayes_r16 0.0359361469609217 0.0362965240611295 0.0348385024778755 0.0365720503857202 0.000676051695737124 0.00126165863867379 0.000346555471950749 0.000834510643041964 0.0358907524428399 0.0360898703657016 0.0348215161070915 0.0364902128508607 0.0249196264157353 0.0194370433978987 0.0251382164439724 0.0239007762857709 0.0129217102880762 0.0178445716952345 0.011891095775618 0.0143221381190169
tso_wide_bayes_r16 NA NA NA NA NA NA NA NA NA NA NA NA NA NA NA NA NA NA NA NA
tso_long_bayes_r16 0.0371586562481967 0.0365946497199237 0.0361902825735568 0.0376468264189078 0.000157754135732795 8.89914207031979e-05 0.000174682922506399 0.000141551210250786 0.0371515261481452 0.0365887504016723 0.0361826937971877 0.0376399136790281 0.0255524291710608 0.0195962955206257 0.0260910243873799 0.0245523050180724 0.0133679742370201 0.0180703453590117 0.0121146807864088 0.0147154545254236
msst_wide_bayes_r17 NA NA NA NA NA NA NA NA NA NA NA NA NA NA NA NA NA NA NA NA
msst_long_bayes_r17 NA NA NA NA NA NA NA NA 0.0365369565891025 0.0354491572451232 0.0361411934133769 0.0370243025190711 0.0258994160170371 0.0189417479423757 0.0262155910822119 0.0237191127310141 0.0123470956353909 0.0175651342512661 0.0117965347267856 0.0147983534271668
cuts_wide_bayes_r17 NA NA NA NA NA NA NA NA NA NA NA NA NA NA NA NA NA NA NA NA
cuts_long_bayes_r17 0.036417596540877 0.03546564462958 0.0360009832014401 0.0368969734469824 0.000756321886212462 0.000644185362548832 0.000466456236551569 0.000673351784318378 0.0363431311259334 0.0354045152662165 0.0359643270907164 0.0368168935591227 0.0256836680999029 0.018886698800697 0.0260035687609615 0.0235488151135585 0.012375146356062 0.0175704133840369 0.0117802617347961 0.0147715247054167
tso_wide_bayes_r17 NA NA NA NA NA NA NA NA NA NA NA NA NA NA NA NA NA NA NA NA
tso_long_bayes_r17 0.0378375012744021 0.0359202168934298 0.0375202540320642 0.0380743661084541 0.000189844947284921 0.00010082438014428 0.000201238019281729 0.000157814251906119 0.0378260191125124 0.0359123428749735 0.0375086571629712 0.0380639667150729 0.0266804189196725 0.0191214716231508 0.027075684140257 0.0242901268136992 0.0127185182274537 0.017741536506989 0.0120960504565081 0.0151450136436697
msst_wide_bayes_r18 NA NA NA NA NA NA NA NA NA NA NA NA NA NA NA NA NA NA NA NA
msst_long_bayes_r18 NA NA NA NA NA NA NA NA 0.0365423587702794 0.0359501819054386 0.0355703258448274 0.0368477975046283 0.0253574166798601 0.018682513242434 0.0250238275433947 0.023643871856935 0.0130327468857068 0.018475157318358 0.0127063240426604 0.0149020371998948
cuts_wide_bayes_r18 NA NA NA NA NA NA NA NA NA NA NA NA NA NA NA NA NA NA NA NA
cuts_long_bayes_r18 0.0363228810765178 0.0359352051000273 0.0353471315709037 0.0367562660121737 0.000525785343956005 0.000433774844510644 0.0006037051943624 0.000759623751578181 0.0362849193820164 0.0359030151434631 0.035307140800313 0.0366720966711513 0.0250438638081152 0.018588197858094 0.0247699448420251 0.0235420362356654 0.01306716463652 0.0185198700493767 0.0126678588823828 0.0148315683299296
tso_wide_bayes_r18 NA NA NA NA NA NA NA NA NA NA NA NA NA NA NA NA NA NA NA NA
tso_long_bayes_r18 0.0376522667493371 0.0364487342778921 0.0368281770697636 0.0378368785495992 0.000165259809718379 9.12073587698668e-05 0.000180054135329335 0.000146338254685332 0.0376450671864499 0.0364431544921308 0.0368212066792368 0.0378302126386023 0.0259169966069298 0.0188538470539633 0.0258165199701754 0.02420541660073 0.0133997951298388 0.0186747453776343 0.0129588538374678 0.0152029452019885
msst_wide_bayes_r19 NA NA NA NA NA NA NA NA NA NA NA NA NA NA NA NA NA NA NA NA
msst_long_bayes_r19 NA NA NA NA NA NA NA NA 0.0347637770438769 0.0369099126385507 0.0336924868197567 0.0358211611342184 0.0242442304027547 0.0197049346667452 0.0246493514099735 0.0235007613586534 0.0127658450494945 0.0186705605971119 0.0115916658451331 0.0143657947643634
cuts_wide_bayes_r19 NA NA NA NA NA NA NA NA NA NA NA NA NA NA NA NA NA NA NA NA
cuts_long_bayes_r19 0.0347752958347308 0.0371157017784288 0.033752920569328 0.0357357372199875 0.000597269199501212 0.000961161542646885 0.000880021394946378 0.000450066792815605 0.0347346255311302 0.0370195560262852 0.033687076797333 0.0356985366023117 0.0242109259979668 0.0197787996282493 0.0245436337556713 0.0233180232849586 0.0127771818135747 0.0187071043846029 0.0116362096940641 0.0144089930684632
tso_wide_bayes_r19 NA NA NA NA NA NA NA NA NA NA NA NA NA NA NA NA NA NA NA NA
tso_long_bayes_r19 0.0360771861205259 0.03755470982379 0.0350732951116314 0.0368670404457864 0.000336528790292292 0.000196210445486882 0.000368957595457958 0.000299799395164405 0.0360547058343011 0.0375370346516189 0.0350488945730093 0.0368455040205109 0.0250405754171841 0.0200132259962832 0.0255548035135193 0.0240006316206679 0.0131316587997559 0.0188812444064812 0.0117863313337411 0.0147394976172555
msst_wide_bayes_r20 NA NA NA NA NA NA NA NA NA NA NA NA NA NA NA NA NA NA NA NA
msst_long_bayes_r20 NA NA NA NA NA NA NA NA 0.0369342683866444 0.0342193667134134 0.0365835294816074 0.0369027405946959 0.0251788746070514 0.0176637328715259 0.0262851916558735 0.0233035776505334 0.0132888494703287 0.0175226285166268 0.0120397685805864 0.0149595352013597
cuts_wide_bayes_r20 NA NA NA NA NA NA NA NA NA NA NA NA NA NA NA NA NA NA NA NA
cuts_long_bayes_r20 0.0370815092776207 0.0342982447792259 0.0365875291486627 0.0370255362350979 0.000516261790480812 0.000600255652087844 0.000377105203608173 0.000506337272961448 0.0370449237656468 0.0342329904999531 0.0365623582051393 0.0369757832067292 0.0252896497228941 0.0176430656344473 0.0262136130551793 0.0233788125703669 0.0133176154096824 0.017538984523018 0.0121200000465452 0.014934907684934
tso_wide_bayes_r20 NA NA NA NA NA NA NA NA NA NA NA NA NA NA NA NA NA NA NA NA
tso_long_bayes_r20 0.0380869204197261 0.0346096525774358 0.0379217094867293 0.0378792727359275 0.000303763646754033 0.000160030923311747 0.00034122475304563 0.000260326011693206 0.0380627730494483 0.0345928328160136 0.0378960426584931 0.0378568068270493 0.0258163404318681 0.0177702766093885 0.0270901416246208 0.0238260210773694 0.0136489217708112 0.0176808397880654 0.0123993526879763 0.0152597388556028
msst_wide_bayes_r21 NA NA NA NA NA NA NA NA NA NA NA NA NA NA NA NA NA NA NA NA
msst_long_bayes_r21 NA NA NA NA NA NA NA NA 0.0362756833432004 0.0358459625878194 0.0356522138918781 0.0368623392112965 0.0253694115854453 0.0191976550049224 0.0255566043181127 0.0239372013469047 0.0127155614673618 0.0178078586416668 0.0120942266815852 0.0145320569612874
cuts_wide_bayes_r21 NA NA NA NA NA NA NA NA NA NA NA NA NA NA NA NA NA NA NA NA
cuts_long_bayes_r21 0.036218223397 0.0359891060687872 0.0355760767089075 0.0367612161915644 0.000476632180416771 0.000930670836966643 0.000478491141711088 0.000319135141488752 0.0361871634439304 0.035876497220409 0.0355415607011693 0.0367354134401534 0.0252961042782089 0.0190946594028827 0.0254443537165213 0.0238000454439527 0.0126703268618489 0.0179289064401805 0.012071096999378 0.0145388122867917
tso_wide_bayes_r21 NA NA NA NA NA NA NA NA NA NA NA NA NA NA NA NA NA NA NA NA
tso_long_bayes_r21 0.0377649624296229 0.0365649709636384 0.0372871911017012 0.0380674571041143 0.000424417154884016 0.000236853145570433 0.000456012722430122 0.00036816675898729 0.0377256653960909 0.0365364264351311 0.0372470617455922 0.0380306361904501 0.026259658866081 0.0194170099197133 0.0266083010421511 0.0245922590387756 0.0130870500187671 0.0181582601029286 0.0124359317930055 0.0148940339220776
msst_wide_bayes_r22 NA NA NA NA NA NA NA NA NA NA NA NA NA NA NA NA NA NA NA NA
msst_long_bayes_r22 NA NA NA NA NA NA NA NA 0.0364868443714026 0.0356064620816702 0.0357724869886618 0.0370218313227685 0.0253734072721379 0.0182585354892527 0.0257963029460003 0.0228860380263765 0.0130110021247337 0.018475231072539 0.0120857490021502 0.0157761172312206
cuts_wide_bayes_r22 NA NA NA NA NA NA NA NA NA NA NA NA NA NA NA NA NA NA NA NA
cuts_long_bayes_r22 0.0363947018669426 0.035487529705435 0.0355498689719638 0.0368682259058808 0.000510259221942271 0.000468476691662926 0.000325417997962329 0.000328583581380046 0.0363607164809218 0.0354434582515708 0.03553124194305 0.036843552543382 0.0252031747219582 0.0181214346090221 0.0255716866739025 0.0227312600445837 0.0130180292803842 0.0184360640575087 0.012056279284078 0.015705454061174
tso_wide_bayes_r22 NA NA NA NA NA NA NA NA NA NA NA NA NA NA NA NA NA NA NA NA
tso_long_bayes_r22 0.037660301089641 0.0359913932242529 0.0370436223787019 0.0379821421821318 0.000272089298617713 0.000140918001822256 0.000298985585307764 0.000222050244004321 0.0376417372794677 0.0359785938666211 0.0370247498393981 0.0379660584554225 0.0259635335272989 0.0183212819079464 0.0265816458912934 0.0233679573041249 0.0133879526660232 0.0186728323965417 0.0123572967115592 0.0160698018649403
msst_wide_bayes_r23 NA NA NA NA NA NA NA NA NA NA NA NA NA NA NA NA NA NA NA NA
msst_long_bayes_r23 NA NA NA NA NA NA NA NA 0.0361345161357937 0.0361840102116081 0.0355924412079553 0.0368454491713552 0.0245048119468399 0.0186419525165909 0.0252520201332995 0.0234948852718667 0.0135613896116281 0.0188204330756855 0.0124821017966887 0.015072636712035
cuts_wide_bayes_r23 NA NA NA NA NA NA NA NA NA NA NA NA NA NA NA NA NA NA NA NA
cuts_long_bayes_r23 0.0363001478922509 0.0362418110823343 0.0356327785879005 0.0367700643120911 0.000396327961941149 0.000622996357924005 0.00059183416319117 0.000564858716118951 0.0362686256854575 0.036187033058296 0.035589373116035 0.0367161700363591 0.0245980468415276 0.0185671017637536 0.0251743468006655 0.0233215765159135 0.0136304940791156 0.0188954441461958 0.0125240901454029 0.0151210362549995
tso_wide_bayes_r23 NA NA NA NA NA NA NA NA NA NA NA NA NA NA NA NA NA NA NA NA
tso_long_bayes_r23 0.0376657245653374 0.0368921599933172 0.0371544360411475 0.0380059079901374 0.000212827677992705 0.000120412808887513 0.000233304770173156 0.000188384429495637 0.0376519841104994 0.0368824772049252 0.0371404052210704 0.0379926988061075 0.0253834757128181 0.0188891092637533 0.0262118069651059 0.0241270361358554 0.0140350502999601 0.0191366109667433 0.0128765027717527 0.0154443570395939
msst_wide_bayes_r24 NA NA NA NA NA NA NA NA NA NA NA NA NA NA NA NA NA NA NA NA
msst_long_bayes_r24 NA NA NA NA NA NA NA NA 0.0367024730321028 0.0357916499310305 0.0362180215129723 0.0369632377354047 0.0248450159834711 0.0186396393429073 0.0256181289113163 0.0233524580535676 0.0136335941525929 0.0183154789635062 0.0126023174071038 0.0152805465918256
cuts_wide_bayes_r24 NA NA NA NA NA NA NA NA NA NA NA NA NA NA NA NA NA NA NA NA
cuts_long_bayes_r24 0.0365855667798591 0.0358762622255199 0.0360418889396905 0.0369281263290231 0.000514913116896954 0.00075579730047602 0.000407120233693452 0.000447643476262888 0.0365478092856947 0.0357922550092538 0.0360103842330648 0.0368865704627425 0.0246611053885536 0.0185980772497474 0.0254193052768936 0.02324501527643 0.0136383836347096 0.0183649438423758 0.0125522053675922 0.0153107518591354
tso_wide_bayes_r24 NA NA NA NA NA NA NA NA NA NA NA NA NA NA NA NA NA NA NA NA
tso_long_bayes_r24 0.0379403383992436 0.0363689089178765 0.0375089572474622 0.0380533363744171 0.000137973398698626 7.82138739153352e-05 0.000151840221859299 0.000122533366117481 0.0379327379274308 0.0363634516123317 0.0375008759565685 0.0380462700470129 0.0255746727185487 0.0188282217924215 0.0264390345623437 0.0238896015372465 0.0139917201611524 0.0185870323266916 0.0128774123029948 0.0156797047753973
msst_wide_bayes_r25 NA NA NA NA NA NA NA NA NA NA NA NA NA NA NA NA NA NA NA NA
msst_long_bayes_r25 NA NA NA NA NA NA NA NA 0.0362112255525626 0.0358747702853751 0.0354403842158302 0.0368195310662775 0.0249109301894799 0.0188712704411712 0.0264048726781765 0.0236897921336301 0.013189513918315 0.0181581014078179 0.0111855724975836 0.0148614209170806
cuts_wide_bayes_r25 NA NA NA NA NA NA NA NA NA NA NA NA NA NA NA NA NA NA NA NA
cuts_long_bayes_r25 0.0361019930306716 0.0360012439169499 0.0352897769229096 0.0367375425757989 0.000573178017914833 0.00116386315806648 0.000718610940707147 0.000818689559257786 0.0360549561938166 0.0358474335650945 0.0352359492242002 0.0366456688817468 0.0246092913132517 0.0188234729728592 0.0261706908104877 0.0235781784222265 0.0132656101278398 0.018164023185696 0.0111559246077927 0.0148159797207502
tso_wide_bayes_r25 NA NA NA NA NA NA NA NA NA NA NA NA NA NA NA NA NA NA NA NA
tso_long_bayes_r25 0.0373593957913765 0.036255685808464 0.0366371289803063 0.0377278426719307 0.000171555102134821 9.27871522502977e-05 0.000196706145589987 0.000152987559102411 0.0373515860488563 0.0362495963981355 0.0366289545077408 0.0377205291468588 0.0254902307262934 0.0190177228175847 0.0272047404936944 0.0242026121579135 0.013598604609619 0.0182570469607951 0.0113582746135705 0.0151302838200569
msst_wide_bayes_r26 NA NA NA NA NA NA NA NA NA NA NA NA NA NA NA NA NA NA NA NA
msst_long_bayes_r26 NA NA NA NA NA NA NA NA 0.0358785305248487 0.0360481133196862 0.0351428274440694 0.0366826373906601 0.0247533895028635 0.0189701495342538 0.0249045561127467 0.0236240937694955 0.0131300863475036 0.0183029399804763 0.0124976226439133 0.0148468313330108
cuts_wide_bayes_r26 NA NA NA NA NA NA NA NA NA NA NA NA NA NA NA NA NA NA NA NA
cuts_long_bayes_r26 0.0358498183722792 0.0362567901069951 0.0350877147247772 0.0366396343158501 0.000471919248949762 0.00113355935735082 0.00067093255823255 0.000379334873204634 0.0358211390236092 0.0360957652663761 0.0350408742896802 0.0366080423323252 0.0247028724608449 0.0189631930732196 0.0247064897765598 0.0235476645026984 0.0131432670170382 0.0183356209923837 0.012535810261028 0.0148215275463306
tso_wide_bayes_r26 NA NA NA NA NA NA NA NA NA NA NA NA NA NA NA NA NA NA NA NA
tso_long_bayes_r26 0.0373533717879932 0.0367570939373251 0.0366800618447029 0.037939167011555 0.000201320288656317 0.000109918792657323 0.000215590945477769 0.000174780616226518 0.0373425694580135 0.0367492197755417 0.036669043279436 0.0379288213329685 0.0256419506730904 0.0192374723489183 0.0258473416635147 0.0242831019555737 0.013574761242472 0.0185989954885892 0.0128674458516116 0.0152484696598027
msst_wide_bayes_r27 NA NA NA NA NA NA NA NA NA NA NA NA NA NA NA NA NA NA NA NA
msst_long_bayes_r27 NA NA NA NA NA NA NA NA 0.0360553013012287 0.03576327086474 0.0351735505129114 0.0368115596906452 0.0251322398236283 0.0188855694312568 0.0246214462382012 0.0236091652449029 0.0129019985794312 0.0180610008940435 0.0128080487985961 0.0148568271591837
cuts_wide_bayes_r27 NA NA NA NA NA NA NA NA NA NA NA NA NA NA NA NA NA NA NA NA
cuts_long_bayes_r27 0.0361387190323262 0.0358700200168502 0.0353448662241264 0.0368662424163558 0.000348311122597135 0.000543287933759767 0.000871248297274752 0.000631341522789039 0.0361143346416672 0.0358235704291913 0.0352704910646019 0.0368056035628472 0.0250212300211048 0.0187889201262195 0.0246189535420788 0.0236915311935075 0.0130137919937918 0.018182089323997 0.012846074324052 0.0148098190528096
tso_wide_bayes_r27 NA NA NA NA NA NA NA NA NA NA NA NA NA NA NA NA NA NA NA NA
tso_long_bayes_r27 0.0374457546295503 0.0362848263063564 0.0366447689362517 0.0378984030122703 0.000151365922844744 8.12639727764319e-05 0.000160781258313537 0.000129350397933046 0.0374373561057722 0.0362789994270349 0.0366365518619135 0.0378908639416409 0.0258824479497912 0.0190273452252365 0.02555628814543 0.0242778371216899 0.0133578712957741 0.0183092042768631 0.0130884236119621 0.0151594960579915
msst_wide_bayes_r28 NA NA NA NA NA NA NA NA NA NA NA NA NA NA NA NA NA NA NA NA
msst_long_bayes_r28 NA NA NA NA NA NA NA NA 0.0367822387941041 0.0349185816031228 0.0363642845012183 0.0370216179742489 0.0257311461743937 0.0181722257706492 0.0263652679845612 0.0239133336400384 0.012729499035481 0.0177641384035593 0.0118218504600768 0.0145135357283564
cuts_wide_bayes_r28 NA NA NA NA NA NA NA NA NA NA NA NA NA NA NA NA NA NA NA NA
cuts_long_bayes_r28 0.036689980965565 0.0349738658472604 0.0362555700060025 0.0369603932445824 0.000519558342667762 0.00048008332355215 0.000485655628318929 0.000416822617268044 0.0366501063586293 0.0349355188000937 0.0362192692553629 0.0369203410401631 0.0255162673570716 0.0181362387433642 0.0261886746377126 0.0238197131912329 0.0127995788067461 0.0177977896257727 0.0118437430583321 0.0145161244983553
tso_wide_bayes_r28 NA NA NA NA NA NA NA NA NA NA NA NA NA NA NA NA NA NA NA NA
tso_long_bayes_r28 0.0379668867751385 0.0353388896528415 0.0376694317896553 0.0380345502828298 0.000250321870327681 0.000129271278250284 0.000273157627843663 0.000210409797437472 0.0379499497643791 0.0353274028821235 0.0376520051909384 0.0380188427507595 0.026312707458966 0.0183195335564314 0.0272284431663436 0.0244589648558584 0.0131575279971116 0.0179135048508544 0.012071665004731 0.0148364425210751
msst_wide_bayes_r29 NA NA NA NA NA NA NA NA NA NA NA NA NA NA NA NA NA NA NA NA
msst_long_bayes_r29 NA NA NA NA NA NA NA NA 0.0366143745881287 0.0342009157981392 0.0363833629521973 0.0368368931626924 0.0256406183205751 0.0175077733603352 0.0259622062842033 0.0231725291859431 0.0126045430722486 0.0176586928161635 0.0122137792786188 0.0150838499711977
cuts_wide_bayes_r29 NA NA NA NA NA NA NA NA NA NA NA NA NA NA NA NA NA NA NA NA
cuts_long_bayes_r29 0.0367075720295069 0.0343925973682164 0.0363572578568851 0.0369746971411599 0.000326296109082685 0.000754433359625243 0.000506188617099923 0.0008842586216509 0.0366824014814759 0.0343072028776191 0.0363168868751852 0.0368377267207736 0.0256693835370915 0.0175167179466965 0.0258677820949857 0.0231567323863077 0.0126416460562594 0.0177460618548822 0.0122097210614503 0.0150861488266556
tso_wide_bayes_r29 NA NA NA NA NA NA NA NA NA NA NA NA NA NA NA NA NA NA NA NA
tso_long_bayes_r29 0.0380344304065417 0.034587428485464 0.0378650425177657 0.0378799438775066 0.000142689814112696 6.98906479179267e-05 0.0001514447033712 0.000115266997568564 0.0380261131945092 0.0345822211371325 0.0378566699491697 0.0378725981836331 0.0265322289480119 0.0176301393030962 0.0269231571884575 0.0237599053779226 0.0129757306326367 0.0178129970020005 0.0125536518235849 0.0153700496718297
msst_wide_bayes_r30 NA NA NA NA NA NA NA NA NA NA NA NA NA NA NA NA NA NA NA NA
msst_long_bayes_r30 NA NA NA NA NA NA NA NA 0.0368031897222611 0.0342477517881132 0.0364330543310646 0.0369367000277975 0.0252659881317456 0.018010651396846 0.0260602881834408 0.0237819896893582 0.0130788756202481 0.0171818594488518 0.0121829841741581 0.0146008640267755
cuts_wide_bayes_r30 NA NA NA NA NA NA NA NA NA NA NA NA NA NA NA NA NA NA NA NA
cuts_long_bayes_r30 0.0367834413816919 0.0342334058342188 0.0363258963224564 0.0368488166670631 0.000447689960379846 0.000625784844118074 0.000399633656865017 0.000311213835721159 0.0367511137298146 0.0341697438872084 0.0362982184833032 0.0368200175703466 0.025237810094858 0.0179141739635194 0.025908975414082 0.023662626928016 0.0130641416063391 0.0172072343339503 0.012156854065272 0.014590671857702
tso_wide_bayes_r30 NA NA NA NA NA NA NA NA NA NA NA NA NA NA NA NA NA NA NA NA
tso_long_bayes_r30 0.0380744666532662 0.0345884991332056 0.0377593284436977 0.0379936711985339 0.00019060126661654 0.000100981711167507 0.000212989448554322 0.000169417063536007 0.0380624711565957 0.0345803055345197 0.0377468497618875 0.0379822478550481 0.0260310247429581 0.0181046516834524 0.026900625177246 0.0243374093562126 0.013436235923121 0.0173260269345073 0.01245807667038 0.014943417971629
msst_wide_bayes_r31 NA NA NA NA NA NA NA NA NA NA NA NA NA NA NA NA NA NA NA NA
msst_long_bayes_r31 NA NA NA NA NA NA NA NA 0.0368539056516432 0.0340575749395823 0.0367546061817784 0.0369009885799569 0.0251160037808089 0.0173245679719855 0.0262915541974413 0.0241459186842864 0.0132758796452494 0.0176660134175452 0.0121337470842734 0.014033043958838
cuts_wide_bayes_r31 NA NA NA NA NA NA NA NA NA NA NA NA NA NA NA NA NA NA NA NA
cuts_long_bayes_r31 0.037123992410577 0.0343125650752502 0.0368902991834147 0.0370447735668795 0.000380247291001541 0.000925783126811607 0.00036041713495983 0.000551650979430872 0.0370973513600594 0.0341593230043206 0.0368664860974136 0.0369892563758707 0.025254412918554 0.0173973530884402 0.0263095458841007 0.0241984640749006 0.013357795357892 0.0176895919587475 0.0122195059932681 0.0140426496792488
tso_wide_bayes_r31 NA NA NA NA NA NA NA NA NA NA NA NA NA NA NA NA NA NA NA NA
tso_long_bayes_r31 0.0380333027559656 0.0343796917229648 0.037955835658455 0.0377378548761707 0.000190791441814333 9.79555505951557e-05 0.00020928085903362 0.000166359673350062 0.0380204554361991 0.0343713195306658 0.0379424447328893 0.0377255974957159 0.0258039553138564 0.0174706281827496 0.0269981778567774 0.0245667503663336 0.013599369690841 0.017744327047079 0.0124486128672112 0.0143261023232922
msst_wide_bayes_r32 NA NA NA NA NA NA NA NA NA NA NA NA NA NA NA NA NA NA NA NA
msst_long_bayes_r32 NA NA NA NA NA NA NA NA 0.0367207693535004 0.0351104581711727 0.036227031156054 0.0370112341020969 0.0250937031131037 0.0183422727043957 0.0260306215013332 0.0239534611585779 0.0132843810873548 0.0178084645057278 0.0120211861152281 0.014514707284293
cuts_wide_bayes_r32 NA NA NA NA NA NA NA NA NA NA NA NA NA NA NA NA NA NA NA NA
cuts_long_bayes_r32 0.0366263569468497 0.0349905915515487 0.0361043543753744 0.0369001442330562 0.000245462618880228 0.000422452502207638 0.000471024539032542 0.0003988720371442 0.0366102305580139 0.0349509331465146 0.0360733283800825 0.0368656404245069 0.0250367613002647 0.0182272742735694 0.0258952603621872 0.0238745408989208 0.0132269450774869 0.0177687920398271 0.0120643009168321 0.0144472389200721
tso_wide_bayes_r32 NA NA NA NA NA NA NA NA NA NA NA NA NA NA NA NA NA NA NA NA
tso_long_bayes_r32 0.0380673369107528 0.0356025768895793 0.0377086884842222 0.0380561379629051 0.000142130965964284 7.75976545627163e-05 0.000158916228003427 0.000125525693075001 0.0380592042469654 0.0355968908505254 0.0377001971998308 0.0380486080879561 0.025863047428588 0.0185506889644545 0.0269826181058522 0.0245283026958043 0.0136798864810667 0.0179826670752224 0.0123834543215629 0.0148346469344709
msst_wide_bayes_r33 NA NA NA NA NA NA NA NA NA NA NA NA NA NA NA NA NA NA NA NA
msst_long_bayes_r33 NA NA NA NA NA NA NA NA 0.0346473678173123 0.0369443750866758 0.0333775080799654 0.0357330576451718 0.0241746140051597 0.0198833682499518 0.0244485769726069 0.0233918737556196 0.0128062306839884 0.0185232200469557 0.0115357679358225 0.0144049593901681
cuts_wide_bayes_r33 NA NA NA NA NA NA NA NA NA NA NA NA NA NA NA NA NA NA NA NA
cuts_long_bayes_r33 0.0346310505981253 0.0369371482362163 0.0333301261452694 0.035595987511315 0.000808049778544372 0.000806325810895419 0.000464660364341682 0.000476650536044532 0.0345770444149191 0.036870080056174 0.0333005658118292 0.0355590885209464 0.0240818263260257 0.0197787291936006 0.0242635261991372 0.0232107340101901 0.01276952090439 0.0185171374048112 0.0115883863609505 0.0144269864990669
tso_wide_bayes_r33 NA NA NA NA NA NA NA NA NA NA NA NA NA NA NA NA NA NA NA NA
tso_long_bayes_r33 0.035987463198396 0.0374903067681765 0.0347129751376106 0.0367267285124475 0.000243042533479408 0.000141661168349143 0.000267843226128577 0.000216758773347048 0.0359782396858509 0.0374814082926481 0.0347033020853354 0.0367169497929374 0.0249645985425275 0.0201236362806745 0.0252452237946431 0.0238445962291194 0.0131179126113816 0.0186968464784942 0.0118558389367244 0.014783797691569
msst_wide_bayes_r34 NA NA NA NA NA NA NA NA NA NA NA NA NA NA NA NA NA NA NA NA
msst_long_bayes_r34 NA NA NA NA NA NA NA NA 0.0360147354591135 0.0362196263342096 0.03516580091992 0.0366824234317585 0.0245701623611282 0.0186073756953444 0.0254420173894597 0.0234243416574668 0.0134015651350957 0.0188642212425801 0.0119961918023524 0.0149976444387431
cuts_wide_bayes_r34 NA NA NA NA NA NA NA NA NA NA NA NA NA NA NA NA NA NA NA NA
cuts_long_bayes_r34 0.0361759837387955 0.0363612826585112 0.0352833303893761 0.0366540108704219 0.000801143720919333 0.0006109922858165 0.000598849844030525 0.000373871889091518 0.0361039908090647 0.0363102700115063 0.0352378890263327 0.0366222599788352 0.0246680712394505 0.018621359225187 0.0253424335895747 0.0233923947704748 0.013414744826119 0.0189341642058685 0.0121175583163667 0.0149811126334337
tso_wide_bayes_r34 NA NA NA NA NA NA NA NA NA NA NA NA NA NA NA NA NA NA NA NA
tso_long_bayes_r34 0.0374974846348093 0.036960262623975 0.0368007217578221 0.0379448837710189 0.000126946383234998 7.00546645483454e-05 0.00014152331692354 0.000111488926558641 0.0374914663526487 0.0369558818104907 0.0367945827545613 0.0379392492057538 0.025523083068778 0.0188922908212939 0.0264777052765129 0.0241479240284869 0.0137863893037341 0.0191983922843845 0.0123496555361524 0.0154020490878498
msst_wide_bayes_r35 NA NA NA NA NA NA NA NA NA NA NA NA NA NA NA NA NA NA NA NA
msst_long_bayes_r35 NA NA NA NA NA NA NA NA 0.0360920796245802 0.0360178667357115 0.0354273128280168 0.0367321323632244 0.0249496309784257 0.0194185541502239 0.0251831531039077 0.0239721488519969 0.0130627026275546 0.0177743186335636 0.0123233789436032 0.0144760176871435
cuts_wide_bayes_r35 NA NA NA NA NA NA NA NA NA NA NA NA NA NA NA NA NA NA NA NA
cuts_long_bayes_r35 0.03615834119676 0.0361193750435564 0.035461977552574 0.0366078716017636 0.000638908571811643 0.000785819778114493 0.000657213006928125 0.000253895234913403 0.0361102337383996 0.0360352526182899 0.0354143890723534 0.0365863560471542 0.024833258717166 0.0194053565871834 0.0250927603225303 0.0237891498430416 0.0131476522882058 0.0177999484223477 0.0124257459964661 0.0144970142265231
tso_wide_bayes_r35 NA NA NA NA NA NA NA NA NA NA NA NA NA NA NA NA NA NA NA NA
tso_long_bayes_r35 0.0374971676025605 0.0366642359242241 0.0369200683917403 0.0379500280874381 0.000125953767523833 7.11818138532708e-05 0.000135387539621725 0.000112482412232218 0.0374907275166581 0.0366594451206486 0.0369136111676266 0.0379438315868085 0.0257452520307298 0.0196611655533521 0.026108106560774 0.0246255373022662 0.0134893386702444 0.0180538847778957 0.012714591758375 0.0148849898132239
msst_wide_bayes_r36 NA NA NA NA NA NA NA NA NA NA NA NA NA NA NA NA NA NA NA NA
msst_long_bayes_r36 NA NA NA NA NA NA NA NA 0.0356939502560055 0.0361764594766264 0.034663942763875 0.0365597970886734 0.0252160250170949 0.0189613605323435 0.025113235413785 0.0238848737048851 0.0124812035636923 0.0184401616042984 0.0118163635329933 0.0143764500495551
cuts_wide_bayes_r36 NA NA NA NA NA NA NA NA NA NA NA NA NA NA NA NA NA NA NA NA
cuts_long_bayes_r36 0.0358554354052957 0.0362625010740792 0.0347144350391942 0.0365314206223365 0.000884532301889596 0.000535159913485915 0.000616497341755779 0.000511415743172191 0.0357655577244136 0.0362234094562631 0.0346704670665529 0.0364836902205743 0.0252079796417545 0.0190065487543423 0.0250402110724472 0.0238284122766866 0.0125048758920262 0.0184363062052886 0.0118287752839014 0.0143572527995631
tso_wide_bayes_r36 NA NA NA NA NA NA NA NA NA NA NA NA NA NA NA NA NA NA NA NA
tso_long_bayes_r36 0.0372768727289468 0.0369252990697421 0.0363233910029337 0.0378937882850446 0.000206723596792987 0.000111116991535555 0.000224386428151791 0.000178209170035024 0.0372667712330755 0.0369176146333917 0.0363132572755074 0.0378841249210067 0.026178716839279 0.0192716471619178 0.0261828242623732 0.0246726883241218 0.0129000010807941 0.0187588756376593 0.0121659049399577 0.0147610743454009
msst_wide_bayes_r37 NA NA NA NA NA NA NA NA NA NA NA NA NA NA NA NA NA NA NA NA
msst_long_bayes_r37 NA NA NA NA NA NA NA NA 0.0358250499174157 0.0361291765319843 0.0349225968057815 0.0365730409772371 0.0249911852167575 0.0189399167256979 0.0250208302696019 0.0239646398813944 0.012841615125153 0.0184276927586768 0.0121186309315394 0.0143538347409487
cuts_wide_bayes_r37 NA NA NA NA NA NA NA NA NA NA NA NA NA NA NA NA NA NA NA NA
cuts_long_bayes_r37 0.0359812720223478 0.0363607998846157 0.0352101250112638 0.0365628037459772 0.000649956652684475 0.000861754820142679 0.0010110703172451 0.000336422158748214 0.0359297532195247 0.0362687009894707 0.0350979130793946 0.0365350299871725 0.025017251451395 0.0189867811934139 0.0251139255055302 0.0238919768993877 0.0128903742854384 0.0185109610934089 0.0121443922433922 0.0143722922528339
tso_wide_bayes_r37 NA NA NA NA NA NA NA NA NA NA NA NA NA NA NA NA NA NA NA NA
tso_long_bayes_r37 0.0374292315475959 0.0369502277402211 0.0367048136841662 0.0379721726780561 0.000217238849868714 0.00011848788308676 0.000235216545982476 0.000191879297244519 0.0374177964570283 0.0369418186439583 0.0366933111484502 0.0379611389742902 0.0259252730061046 0.0192748073050137 0.0262417018702564 0.0247243576012541 0.0132972641698389 0.0187786617942086 0.0124503130025143 0.0148411092453592
msst_wide_bayes_r38 NA NA NA NA NA NA NA NA NA NA NA NA NA NA NA NA NA NA NA NA
msst_long_bayes_r38 NA NA NA NA NA NA NA NA 0.0361196068878453 0.0357485825046617 0.0353207616945317 0.0368568981486896 0.0251237724765371 0.0183277530479017 0.0248771895466159 0.023230810186534 0.0129808383600335 0.0186220241384851 0.0126487608126734 0.0152773030555568
cuts_wide_bayes_r38 NA NA NA NA NA NA NA NA NA NA NA NA NA NA NA NA NA NA NA NA
cuts_long_bayes_r38 0.0362395795302393 0.0358678540715104 0.0353432841466534 0.0368838200285326 0.000470300864233535 0.000572392063258345 0.000443416268794872 0.000575779502035878 0.0362065086587428 0.0358158139220311 0.0353113711081356 0.0368311297887384 0.0251198711602299 0.0182530987634029 0.0248971482020966 0.0232491443899621 0.0130429926057851 0.0187451082894463 0.0125793379666329 0.0152152243297607
tso_wide_bayes_r38 NA NA NA NA NA NA NA NA NA NA NA NA NA NA NA NA NA NA NA NA
tso_long_bayes_r38 0.0376011924977317 0.0363793134299892 0.0368478483402582 0.0380041474771296 0.00039074749485265 0.000205241153434088 0.000418510416059001 0.000325049582199249 0.0375721996711823 0.0363577314601739 0.0368192166662857 0.037977160726254 0.0259421572494881 0.018480967919354 0.0258157467697809 0.0238181280563049 0.0133921950605268 0.0189503168551412 0.0130074293817456 0.0156633340480221
msst_wide_bayes_r39 NA NA NA NA NA NA NA NA NA NA NA NA NA NA NA NA NA NA NA NA
msst_long_bayes_r39 NA NA NA NA NA NA NA NA 0.0362639924114286 0.0357492347633522 0.0357049115183711 0.0367530134432529 0.0250135942743153 0.018629746283894 0.0256926327908984 0.0233479780159187 0.013090322875198 0.0183298513232043 0.01204871094299 0.0150645016861223
cuts_wide_bayes_r39 NA NA NA NA NA NA NA NA NA NA NA NA NA NA NA NA NA NA NA NA
cuts_long_bayes_r39 0.0364333504003652 0.0359986264334206 0.0357881798368704 0.0368542110865171 0.000646310008201159 0.000686175857991886 0.000574550831927047 0.000546397026079207 0.0363769630065733 0.0359376603913232 0.0357422194997097 0.0368048876572022 0.025061674840443 0.0186414649839953 0.0256918354056981 0.023395800266282 0.0131323794191641 0.0184875512986263 0.0120634794929023 0.0150763111549591
tso_wide_bayes_r39 NA NA NA NA NA NA NA NA NA NA NA NA NA NA NA NA NA NA NA NA
tso_long_bayes_r39 0.0377450290284805 0.0365404680938231 0.0372470825444087 0.038027002775026 0.000371030386290638 0.000204322700774833 0.000407326326763441 0.000323125729041166 0.0377166991627589 0.0365193224208426 0.0372177744537084 0.0380006112121499 0.0258547193464092 0.0188892753446443 0.0267269629611346 0.0240448089300699 0.0135406683172776 0.0186972702156651 0.012365539267583 0.0154818823633631
msst_wide_bayes_r40 NA NA NA NA NA NA NA NA NA NA NA NA NA NA NA NA NA NA NA NA
msst_long_bayes_r40 NA NA NA NA NA NA NA NA 0.0365595859156708 0.0354613222224097 0.036011954363839 0.0368838571182181 0.0250689576453957 0.0186631084061704 0.0257226470273359 0.0237606557360894 0.0132205049857632 0.0179207392836004 0.0122189503312809 0.0146828894536364
cuts_wide_bayes_r40 NA NA NA NA NA NA NA NA NA NA NA NA NA NA NA NA NA NA NA NA
cuts_long_bayes_r40 0.0366909921257841 0.0355288490297595 0.036119109692479 0.0369922562800512 0.000444581234160051 0.000601456973433938 0.000363796079423789 0.000648876325506649 0.036661704769764 0.0354676315959874 0.036096427504531 0.0369325182704289 0.025125584529636 0.0186661438997276 0.0256931745851257 0.0237566518990736 0.0131974709850505 0.0178951744021469 0.012296056531046 0.0147108821659206
tso_wide_bayes_r40 NA NA NA NA NA NA NA NA NA NA NA NA NA NA NA NA NA NA NA NA
tso_long_bayes_r40 0.0378657403371008 0.0360429467745782 0.0375072329864548 0.0380218730373549 0.000298881472584832 0.000167419173236293 0.000328089646969314 0.000262721123147971 0.0378426066042688 0.0360263869259327 0.0374834337796595 0.0380000799927493 0.0258220489555476 0.0188916255064735 0.0266592605904641 0.0243284430641985 0.0135641999254063 0.0181288243871234 0.0125483919653729 0.0150564989178356
msst_wide_bayes_r41 NA NA NA NA NA NA NA NA NA NA NA NA NA NA NA NA NA NA NA NA
msst_long_bayes_r41 NA NA NA NA NA NA NA NA 0.0362814663367599 0.0358372899698736 0.035302583745514 0.0367999505548128 0.0250339915132302 0.0175803272823403 0.0253480754144044 0.0231514757122386 0.0131781481516482 0.0195243569105889 0.0122067728624208 0.0153945618991596
cuts_wide_bayes_r41 NA NA NA NA NA NA NA NA NA NA NA NA NA NA NA NA NA NA NA NA
cuts_long_bayes_r41 0.0362137649693218 0.0358724146762684 0.035180553274956 0.0367103927716641 0.000273930427592811 0.000485952778399735 0.000446510637338976 0.000338479469326213 0.0361972482911683 0.0358261940061988 0.0351523385138079 0.0366816062457307 0.0250231790412546 0.0174840560442264 0.025208130696086 0.0230096510689388 0.0130715893986194 0.019577063913403 0.0121813984687286 0.0153883390924529
tso_wide_bayes_r41 NA NA NA NA NA NA NA NA NA NA NA NA NA NA NA NA NA NA NA NA
tso_long_bayes_r41 0.0372999095664382 0.0362420724955932 0.0364838429245906 0.0376513202204005 0.000205450045940624 0.000104465187345583 0.000226955877636044 0.000174489302426244 0.0372919039576048 0.0362358068953992 0.0364757301314103 0.0376435503912928 0.0256256323355858 0.0176641108009689 0.0260612700645847 0.0235348364300259 0.0134170674640235 0.0196862922577894 0.012432691526592 0.0156989172013192
msst_wide_bayes_r42 NA NA NA NA NA NA NA NA NA NA NA NA NA NA NA NA NA NA NA NA
msst_long_bayes_r42 NA NA NA NA NA NA NA NA 0.0370117311571615 0.0335711369887932 0.0369065259739538 0.0368746966210214 0.0253102115115294 0.0172410883432399 0.0257719483942091 0.0239128165240731 0.0131470830085076 0.0172239396598717 0.0127232320431781 0.014251053791418
cuts_wide_bayes_r42 NA NA NA NA NA NA NA NA NA NA NA NA NA NA NA NA NA NA NA NA
cuts_long_bayes_r42 0.0370662621566783 0.0335383296293505 0.0367623663929006 0.0367373216889229 0.00034277673711468 0.000390778778714219 0.0002649313922625 0.000299746076462832 0.0370420480397102 0.0334978920933539 0.0367464243735506 0.0367130611017976 0.0254270549184039 0.0172082172727745 0.0255874205691744 0.0238293720894751 0.0130854462316493 0.0171671448540361 0.0127476114155884 0.0141470855145127
tso_wide_bayes_r42 NA NA NA NA NA NA NA NA NA NA NA NA NA NA NA NA NA NA NA NA
tso_long_bayes_r42 0.0380760097177271 0.0338612717409498 0.0380663079788183 0.0377151232319599 0.000112433389659199 5.80385771654701e-05 0.000120330767614126 9.92291973131272e-05 0.0380694315655035 0.0338570155953515 0.038059518967432 0.037708986236769 0.0259464465029968 0.0173436043056894 0.0264713359631255 0.0243809434131516 0.0134315020357609 0.0173146355204462 0.0130166101149214 0.0144839631278741
msst_wide_bayes_r43 NA NA NA NA NA NA NA NA NA NA NA NA NA NA NA NA NA NA NA NA
msst_long_bayes_r43 NA NA NA NA NA NA NA NA 0.0355166396768486 0.0364802417675374 0.0342219868148405 0.0364930127385318 0.0244604128398729 0.0189936207338832 0.0246515437845139 0.0234680516826409 0.0131777574655198 0.0188121189188335 0.0120315791502043 0.0148922972581385
cuts_wide_bayes_r43 NA NA NA NA NA NA NA NA NA NA NA NA NA NA NA NA NA NA NA NA
cuts_long_bayes_r43 0.0355283222836099 0.0365192531890165 0.0342773153097285 0.036465184613554 0.000496593217917689 0.000656004999929348 0.000694600405941855 0.00063211826579427 0.0354948856381812 0.0364600338802859 0.0342313377429899 0.036406855598512 0.0243919484406328 0.0189369611502797 0.0245917589876105 0.0233482754528363 0.0132265822362315 0.0188440883908422 0.0120690196769765 0.0149200858907044
tso_wide_bayes_r43 NA NA NA NA NA NA NA NA NA NA NA NA NA NA NA NA NA NA NA NA
tso_long_bayes_r43 0.0368981979818113 0.0370056451501468 0.0356978944889594 0.0376183448670623 0.000293638838986332 0.000163531845039814 0.000327366943617344 0.000256576105914867 0.0368753038673375 0.0369895930881273 0.0356745694106852 0.0375969929991392 0.0251938662920476 0.0191776322770229 0.0255991994020882 0.0240794974029742 0.0136278261818146 0.0190105792971249 0.0122909383440775 0.0152425485946983
msst_wide_bayes_r44 NA NA NA NA NA NA NA NA NA NA NA NA NA NA NA NA NA NA NA NA
msst_long_bayes_r44 NA NA NA NA NA NA NA NA 0.035140568594053 0.0364940099729269 0.0337739115738866 0.0360979844701702 0.0243930819394228 0.0189637015465851 0.0243424682602446 0.0225947215846743 0.0130079366287922 0.0189153583098739 0.0120424397958119 0.015534772079546
cuts_wide_bayes_r44 NA NA NA NA NA NA NA NA NA NA NA NA NA NA NA NA NA NA NA NA
cuts_long_bayes_r44 0.0352132213844183 0.0367065272812958 0.0338587266315716 0.0361639382655638 0.000579663130517808 0.000909423321335868 0.00061422393396712 0.000571757262951744 0.0351764170398357 0.0366207446168396 0.0338215306114397 0.0361116556554876 0.0243447152402607 0.018953929266972 0.0242479237433241 0.0226235857729015 0.013102629937131 0.0190089002483929 0.0121367103827526 0.0155321579305235
tso_wide_bayes_r44 NA NA NA NA NA NA NA NA NA NA NA NA NA NA NA NA NA NA NA NA
tso_long_bayes_r44 0.036583989225152 0.0371473712903135 0.0353724944142687 0.0372666092651187 0.00034391285474194 0.000189018725269682 0.000378590529373962 0.00029161443182412 0.0365571842169282 0.0371282797723554 0.0353445636836697 0.0372424265331853 0.0252663544631628 0.0192034021776218 0.0253709626167587 0.023146210170799 0.0133630346164879 0.0191630312221603 0.0123289450438764 0.0159774127931411
msst_wide_bayes_r45 NA NA NA NA NA NA NA NA NA NA NA NA NA NA NA NA NA NA NA NA
msst_long_bayes_r45 NA NA NA NA NA NA NA NA 0.0356324510520392 0.0363232065698187 0.0350871734674039 0.0365628907988848 0.0245674156271754 0.0191625181777933 0.0254181633217762 0.0235530089004352 0.0131034815261319 0.018440964133739 0.0118807176699227 0.0148197123763603
cuts_wide_bayes_r45 NA NA NA NA NA NA NA NA NA NA NA NA NA NA NA NA NA NA NA NA
cuts_long_bayes_r45 0.0356710709766923 0.0365328243158264 0.0351631764707957 0.0365754765327894 0.000503608082473455 0.000987671979570398 0.000645052003173999 0.000719583231399689 0.0356388752695156 0.0364219028934313 0.0351138846048128 0.036501527161267 0.0245566815071451 0.0191804749263238 0.0253089885175271 0.0235052934735487 0.013108684457858 0.0185221424311349 0.0119310814066977 0.0148034824772184
tso_wide_bayes_r45 NA NA NA NA NA NA NA NA NA NA NA NA NA NA NA NA NA NA NA NA
tso_long_bayes_r45 0.0369685372202531 0.0369638027823563 0.0365340765254044 0.037688885038234 0.000180816265564866 0.000100600304401135 0.00019608386354167 0.000157159777620981 0.0369619155458375 0.0369580900527986 0.0365274728102273 0.0376825416566628 0.0253203790905671 0.0194413528082932 0.0263719028770945 0.0241576489443013 0.0135394334760278 0.0186738694164134 0.0121724485714586 0.01519558593546
msst_wide_bayes_r46 NA NA NA NA NA NA NA NA NA NA NA NA NA NA NA NA NA NA NA NA
msst_long_bayes_r46 NA NA NA NA NA NA NA NA 0.0363139973923216 0.0357336772675987 0.0355278216766653 0.0369204679693392 0.0254130357091659 0.018428661469671 0.0259067353835928 0.0236082510789731 0.0126949265633232 0.0184669619746898 0.0117094370439522 0.0149265971767891
cuts_wide_bayes_r46 NA NA NA NA NA NA NA NA NA NA NA NA NA NA NA NA NA NA NA NA
cuts_long_bayes_r46 0.0364120651908336 0.0357350000928406 0.0355159491309044 0.0368468418835199 0.000266488749005616 0.000739974807352468 0.000315168436854858 0.000288734651255393 0.0363974754727619 0.0356420578562502 0.0354999165668393 0.0368251612505601 0.025478728651288 0.0183095654811843 0.0258795466479491 0.023531110555888 0.0127154078477768 0.0184575219020954 0.0117234780451755 0.0148572508950064
tso_wide_bayes_r46 NA NA NA NA NA NA NA NA NA NA NA NA NA NA NA NA NA NA NA NA
tso_long_bayes_r46 0.0374291240313734 0.036074606204295 0.0367676044961996 0.0376746406853072 0.000145992870644814 7.6883392673626e-05 0.000160565589352096 0.000123623575751903 0.0374201900492877 0.0360688092202038 0.0367585130164484 0.0376672046277808 0.0260810131828252 0.0185133101870636 0.0267035051122129 0.0239327128247051 0.0130076170937463 0.0186052554159352 0.0119478543518847 0.015214145149404
msst_wide_bayes_r47 NA NA NA NA NA NA NA NA NA NA NA NA NA NA NA NA NA NA NA NA
msst_long_bayes_r47 NA NA NA NA NA NA NA NA 0.0346333042288856 0.0369759509363538 0.0329049158114965 0.0358161925168419 0.0245466710223627 0.019345096845622 0.0236332260965005 0.0230439729391942 0.012484843903035 0.0192067243133124 0.012080652954543 0.0148948097343001
cuts_wide_bayes_r47 NA NA NA NA NA NA NA NA NA NA NA NA NA NA NA NA NA NA NA NA
cuts_long_bayes_r47 0.0344365266621021 0.0370531538779234 0.0328528826017685 0.0357842423425518 0.000372232882071631 0.000551730723436248 0.000962724496262374 0.000789686761375886 0.0344171627971445 0.0370161438874345 0.0327842783114398 0.0357120391256677 0.0242753888509845 0.019309648953142 0.0234505494318369 0.0229395858270265 0.0125215053973859 0.0192662533118289 0.012117275401583 0.0148960762337032
tso_wide_bayes_r47 NA NA NA NA NA NA NA NA NA NA NA NA NA NA NA NA NA NA NA NA
tso_long_bayes_r47 0.0358201376461775 0.0376553455027512 0.0343321838948792 0.0368098525498271 0.000199559002881005 0.000112596202065493 0.000213153171271435 0.000170298544091776 0.035809562414391 0.0376476519531289 0.0343216064528324 0.0368003257050622 0.0252329307160027 0.0195996664370565 0.0245015102288195 0.0235544414981782 0.0127974483410949 0.0194891464892423 0.0123707891417225 0.0152004048659429
msst_wide_bayes_r48 NA NA NA NA NA NA NA NA NA NA NA NA NA NA NA NA NA NA NA NA
msst_long_bayes_r48 NA NA NA NA NA NA NA NA 0.0342740705687006 0.0368989651425126 0.0334715250748219 0.0356282332164912 0.0241396838606243 0.0192225328487616 0.0243755696856399 0.0230524977076022 0.0125553334739958 0.0192943408499934 0.0117400617325895 0.0147038088342395
cuts_wide_bayes_r48 NA NA NA NA NA NA NA NA NA NA NA NA NA NA NA NA NA NA NA NA
cuts_long_bayes_r48 0.0342708878798675 0.0369484020751908 0.0333648202213102 0.0355593881480481 0.000356158649263693 0.000569417229695155 0.000508985012354437 0.000659094762949042 0.0342501113863121 0.0369087371628607 0.033333914613926 0.035507439055657 0.0241063214298879 0.0191873587200994 0.0241290970703966 0.0229130077591629 0.0125708875958207 0.0192887069228153 0.0118368251069328 0.0147025246351521
tso_wide_bayes_r48 NA NA NA NA NA NA NA NA NA NA NA NA NA NA NA NA NA NA NA NA
tso_long_bayes_r48 0.0358658980780073 0.0378087977674302 0.0350721274566407 0.0369777734599212 0.000379181939777521 0.000215243277743087 0.000404972136046779 0.000327455521709806 0.0358383724480239 0.037788545792998 0.0350444869999672 0.0369525541889757 0.0250535786744861 0.0196088414614629 0.0252803097441587 0.0237853731918313 0.0129998972550808 0.0196164028590903 0.0121357039788121 0.015122819723741
msst_wide_bayes_r49 NA NA NA NA NA NA NA NA NA NA NA NA NA NA NA NA NA NA NA NA
msst_long_bayes_r49 NA NA NA NA NA NA NA NA 0.0358882827991901 0.0363360130944749 0.0347937527555109 0.0366299120110864 0.025046336475671 0.0193236891326034 0.025525278930607 0.0238842506777635 0.0127794303966054 0.0182728214825262 0.0114728990968075 0.014443566104034
cuts_wide_bayes_r49 NA NA NA NA NA NA NA NA NA NA NA NA NA NA NA NA NA NA NA NA
cuts_long_bayes_r49 0.0360531169119054 0.0364820910295856 0.0348309952437721 0.0366545656724633 0.000703351199301701 0.000882042201081769 0.00044965852611153 0.000607357568185724 0.035992317908267 0.0363902943072363 0.0348010073628219 0.0365934316318295 0.0250567994604862 0.0192842186271653 0.0254757204230051 0.0238157064580854 0.01282352581843 0.0183508950000515 0.0115024441315397 0.0144892717570115
tso_wide_bayes_r49 NA NA NA NA NA NA NA NA NA NA NA NA NA NA NA NA NA NA NA NA
tso_long_bayes_r49 0.0371850353532078 0.0369429186723175 0.036170141452976 0.0377518077921376 0.000282998225254428 0.000158911988131361 0.000316846060344415 0.000247399727629008 0.037168293281169 0.0369295995825056 0.0361528524619462 0.0377359095815195 0.0257876623844494 0.0195503900352675 0.0264335174653814 0.0244509778386786 0.0131490124186477 0.018512167889875 0.0117230884547365 0.0148565715596332
msst_wide_bayes_r50 NA NA NA NA NA NA NA NA NA NA NA NA NA NA NA NA NA NA NA NA
msst_long_bayes_r50 NA NA NA NA NA NA NA NA 0.0345434147242155 0.0367703180318996 0.0332491239567192 0.0353976658399612 0.0242983198715847 0.0186901936689164 0.0241281445674755 0.0228330674841819 0.0127072211882521 0.0196271848400491 0.0118632726977216 0.0147708872549055
cuts_wide_bayes_r50 NA NA NA NA NA NA NA NA NA NA NA NA NA NA NA NA NA NA NA NA
cuts_long_bayes_r50 0.0347169083023375 0.0370817084400134 0.0333099907772225 0.0355276929122928 0.000731908012655107 0.000987839800154406 0.000659046091600196 0.0007683908362221 0.034660999451307 0.0369950641848967 0.033268152564956 0.0354585374389686 0.0241976567936233 0.0187887778300477 0.0240470106725937 0.02283286718385 0.0128664991023883 0.0197443079845986 0.0118796195875156 0.0148120206543656
tso_wide_bayes_r50 NA NA NA NA NA NA NA NA NA NA NA NA NA NA NA NA NA NA NA NA
tso_long_bayes_r50 0.0359903384724861 0.0376251147247411 0.034832196184982 0.0366734794453086 0.000155383773375616 8.49088549782527e-05 0.000168622383975749 0.000136978605989734 0.0359821105784867 0.0376195183480268 0.0348240216908856 0.0366663089487111 0.0250594263653828 0.019017780590834 0.0251655879334881 0.0235105753714467 0.0131207240599448 0.0200046887602923 0.0120903960668833 0.0152108378521727
