ccon_pred_y1 ccon_pred_y2 ccon_pred_y3 ccon_pred_y4 ucon_upred_y1 ucon_upred_y2 ucon_upred_y3 ucon_upred_y4 tcon_con_y1 tcon_con_y2 tcon_con_y3 tcon_con_y4 spe_y1 spe_y2 spe_y3 spe_y4 rel_y1 rel_y2 rel_y3 rel_y4
msst_wide_bayes_r1 NA NA NA NA NA NA NA NA NA NA NA NA NA NA NA NA NA NA NA NA
msst_long_bayes_r1 NA NA NA NA NA NA NA NA 0.0362210713902553 0.035075904126938 0.0354087417355375 0.0365353115882913 0.0249244917466236 0.0185026625593022 0.026155915783428 0.0234611826445429 0.0133709295711761 0.0177600201533146 0.0116881951547589 0.0149450535996228
cuts_wide_bayes_r1 NA NA NA NA NA NA NA NA NA NA NA NA NA NA NA NA NA NA NA NA
cuts_long_bayes_r1 0.0364352965020841 0.0352283087429409 0.0356144119183072 0.0367453264191295 0.000612505757338418 0.000852508643507547 0.000659516223023718 0.000403172527931835 0.0363871865343115 0.0351374841654981 0.0355767039829471 0.0367147128502335 0.0249817449463373 0.0184537400095329 0.0265136107907125 0.0235840975889854 0.0134762325521837 0.0178948025235782 0.0115221377986445 0.0149553693034762
tso_wide_bayes_r1 NA NA NA NA NA NA NA NA NA NA NA NA NA NA NA NA NA NA NA NA
tso_long_bayes_r1 0.037777828813489 0.0357405629591803 0.0372051743114554 0.0381232227132624 0.000126067179898094 6.75181584963316e-05 0.000145717536826538 0.000110583635887355 0.0377737459683508 0.0357370627960194 0.0372008415904543 0.0381189428820672 0.0258596254098003 0.018713627911626 0.027421745634155 0.0243919311376733 0.0137933206420771 0.0181652395335399 0.0119713933527649 0.0153606521004148
msst_wide_bayes_r2 NA NA NA NA NA NA NA NA NA NA NA NA NA NA NA NA NA NA NA NA
msst_long_bayes_r2 NA NA NA NA NA NA NA NA 0.0357833266798608 0.0362985125209857 0.0342882718201048 0.0364235126109812 0.0253607223488684 0.0193313530092347 0.0257696871026591 0.0238356670770047 0.0125579035637797 0.0183676530405377 0.0112400431153562 0.01462869985889
cuts_wide_bayes_r2 NA NA NA NA NA NA NA NA NA NA NA NA NA NA NA NA NA NA NA NA
cuts_long_bayes_r2 0.0360248300960309 0.0365265494264492 0.0346337219291985 0.0367467529155586 0.000535060645743213 0.000591930684622192 0.000597819589528846 0.000722513955987236 0.0359809732229424 0.03647870305602 0.0345909887726029 0.0366870768674921 0.0256698645291506 0.019424730598079 0.0259420005792249 0.0240432999340479 0.0124979607994285 0.0184417669684675 0.0113175706207762 0.0147024190757445
tso_wide_bayes_r2 NA NA NA NA NA NA NA NA NA NA NA NA NA NA NA NA NA NA NA NA
tso_long_bayes_r2 0.0374590248129169 0.037179819426698 0.0361097183397106 0.0378779696256111 0.000136936271770513 7.59193232032917e-05 0.000156057148460685 0.000120076244062455 0.0374527788557274 0.0371752533664129 0.0361036315443877 0.0378722192864886 0.026536848865969 0.0196422389706962 0.0269346594116713 0.0247048280674567 0.012908540502748 0.0188428383972024 0.0116285423130318 0.015051871279428
msst_wide_bayes_r3 NA NA NA NA NA NA NA NA NA NA NA NA NA NA NA NA NA NA NA NA
msst_long_bayes_r3 NA NA NA NA NA NA NA NA 0.0363534305101455 0.0360966054080742 0.0352652270479942 0.0367109071235187 0.0250204523565567 0.0193896322011972 0.0252123487446271 0.0240053643095963 0.0134912479245825 0.0180550335679778 0.0125918073893431 0.0145905934460299
cuts_wide_bayes_r3 NA NA NA NA NA NA NA NA NA NA NA NA NA NA NA NA NA NA NA NA
cuts_long_bayes_r3 0.0357171814066815 0.0354612617820067 0.0346035607776978 0.036065460763567 0.000449692330502806 0.000836672744441169 0.000578621460872718 0.000438059872562838 0.0356830188603524 0.0353731089245371 0.0345649413018279 0.0360222989153652 0.0246062408788414 0.0190691480014945 0.0247208702423633 0.0235830345628042 0.0132530330178083 0.0176949615042226 0.0124061262863989 0.0143604994342817
tso_wide_bayes_r3 NA NA NA NA NA NA NA NA NA NA NA NA NA NA NA NA NA NA NA NA
tso_long_bayes_r3 0.0378078299224684 0.0368225046179262 0.0368557884974419 0.0380724639170656 0.000332904583682695 0.000195861493443173 0.000372422672277108 0.000297993748943833 0.0377842980871747 0.0368049297734523 0.0368316093777545 0.0380501532548916 0.0259496305770607 0.0196784090639811 0.026204610656173 0.0247801107814269 0.0138309842697329 0.0183621259557407 0.0129297959319241 0.0149941242441094
msst_wide_bayes_r4 NA NA NA NA NA NA NA NA NA NA NA NA NA NA NA NA NA NA NA NA
msst_long_bayes_r4 NA NA NA NA NA NA NA NA 0.0362966631712315 0.0355619488327085 0.0360876737658479 0.036644700128666 0.0250880336165515 0.0190776830941263 0.0259199185300568 0.0237469264929416 0.0132881974901232 0.0177637068869865 0.0124124768686515 0.0147322329679791
cuts_wide_bayes_r4 NA NA NA NA NA NA NA NA NA NA NA NA NA NA NA NA NA NA NA NA
cuts_long_bayes_r4 0.036337369900661 0.0355958172605434 0.0360405877002529 0.0366687292768552 0.000458545986924247 0.000515644244107237 0.000576397823872377 0.000766111285287719 0.0363031054301187 0.0355454201735192 0.0359988091756188 0.0365894118710754 0.0251441168192266 0.0190714035072594 0.0259368942471133 0.0236562768627991 0.0131867811520405 0.0177467127562613 0.0122594998390419 0.0147687690748706
tso_wide_bayes_r4 NA NA NA NA NA NA NA NA NA NA NA NA NA NA NA NA NA NA NA NA
tso_long_bayes_r4 0.0375780269986058 0.0359867448963805 0.0371760666813374 0.0377167924271712 0.000175478382822351 9.80452526019402e-05 0.000189205418850093 0.00015408926339409 0.0375688103154378 0.0359799751073265 0.0371666302082307 0.03770809086956 0.0259172176916854 0.0191386650732965 0.0265837559916794 0.0243447174409011 0.0135539569364109 0.0180100686090632 0.0126838730404797 0.0150654933558526
msst_wide_bayes_r5 NA NA NA NA NA NA NA NA NA NA NA NA NA NA NA NA NA NA NA NA
msst_long_bayes_r5 NA NA NA NA NA NA NA NA 0.0368107368045084 0.0364779859308214 0.035706355749462 0.0371651714208145 0.0246823364674891 0.019042322738585 0.0258051885067798 0.0238585806820287 0.0143125302962803 0.0188345130496661 0.0125760263417989 0.0153702489501271
cuts_wide_bayes_r5 NA NA NA NA NA NA NA NA NA NA NA NA NA NA NA NA NA NA NA NA
cuts_long_bayes_r5 0.0364162063292503 0.0362501425568829 0.0352707245404111 0.0368207915508298 0.000529564045422165 0.000385003218682517 0.000594828691287151 0.00043735963343869 0.0363768021183937 0.0362196735696587 0.0352312517390926 0.0367903547915347 0.0243850023236602 0.0188882053613557 0.0254299320641865 0.0237275032700171 0.0142098913876817 0.0187208692071442 0.0124326430779757 0.0151842368696763
tso_wide_bayes_r5 NA NA NA NA NA NA NA NA NA NA NA NA NA NA NA NA NA NA NA NA
tso_long_bayes_r5 0.0376072243288583 0.0367033643170676 0.03661274650045 0.0378297556901695 0.000129332332420185 7.46608968476385e-05 0.000149715474679355 0.000118720707841349 0.0376017868384211 0.036699080075884 0.0366070066888945 0.0378244678181432 0.0251297778344555 0.0191293670237647 0.02632057613928 0.0242264643139072 0.0145165130748202 0.0188286882765804 0.0127546798581977 0.0154932646178358
msst_wide_bayes_r6 NA NA NA NA NA NA NA NA NA NA NA NA NA NA NA NA NA NA NA NA
msst_long_bayes_r6 NA NA NA NA NA NA NA NA 0.0365654011364617 0.0358975109787553 0.0355652126809371 0.0367867067000814 0.0252559291515042 0.0197422559603439 0.0253776636399969 0.0240851194729962 0.0134052328251518 0.0174637432284221 0.0126185369507668 0.0146880621445484
cuts_wide_bayes_r6 NA NA NA NA NA NA NA NA NA NA NA NA NA NA NA NA NA NA NA NA
cuts_long_bayes_r6 0.0362544837701538 0.0357064461561321 0.0353215468749205 0.036466344440127 0.000704608427194836 0.000844832531464855 0.000636530078770165 0.000575484764435518 0.0361853770460039 0.0356318355114143 0.0352780281908645 0.0364222650786025 0.0250697785694342 0.0196395859468727 0.0251705353116844 0.0237704690070728 0.0132852726781359 0.0173039128658228 0.0125369665905747 0.0146139466735752
tso_wide_bayes_r6 NA NA NA NA NA NA NA NA NA NA NA NA NA NA NA NA NA NA NA NA
tso_long_bayes_r6 0.0376780952277095 0.0364572175707707 0.0367511992251296 0.0378731289449233 0.000139071535016144 8.16646180664987e-05 0.000153861390280851 0.000125137398030177 0.0376719917457061 0.0364523791318489 0.0367450368513025 0.037867538858613 0.0258856886863999 0.0199963431887887 0.0261205223621934 0.0246343062357743 0.0136929037715555 0.0176382920788416 0.0128960182247843 0.0149973064551129
msst_wide_bayes_r7 NA NA NA NA NA NA NA NA NA NA NA NA NA NA NA NA NA NA NA NA
msst_long_bayes_r7 NA NA NA NA NA NA NA NA 0.0352064164785214 0.0368319832999087 0.0341660008767499 0.0358847741192214 0.0242712099263718 0.0191147964033606 0.0251443857250636 0.023067817278595 0.0135691457184577 0.0193383755485287 0.0119796280497175 0.0152087986935551
cuts_wide_bayes_r7 NA NA NA NA NA NA NA NA NA NA NA NA NA NA NA NA NA NA NA NA
cuts_long_bayes_r7 0.0347610540283877 0.0362675517481167 0.0338352491539389 0.0354587364070764 0.000929766493434835 0.000572173295267196 0.000670792312091599 0.000353558777628264 0.0346910741419899 0.0362160875207163 0.0337947411107681 0.0354438238026328 0.023996955575349 0.0189046999582789 0.0250066687653933 0.022671473998668 0.0133385986242812 0.0190045095422036 0.0117692390702429 0.0151801004456214
tso_wide_bayes_r7 NA NA NA NA NA NA NA NA NA NA NA NA NA NA NA NA NA NA NA NA
tso_long_bayes_r7 0.0366779802707231 0.0375406962733492 0.0357876632202888 0.0371897512828714 0.000257276143070213 0.000144818165810798 0.000287157596333775 0.000227955069143096 0.0366652990605226 0.0375306819950769 0.0357752631849766 0.0371778888174016 0.0252232747631197 0.0195002370037895 0.0260870766228015 0.0237102221846554 0.0138759196093382 0.0195227746565041 0.0123981263785866 0.0157086614135299
msst_wide_bayes_r8 NA NA NA NA NA NA NA NA NA NA NA NA NA NA NA NA NA NA NA NA
msst_long_bayes_r8 NA NA NA NA NA NA NA NA 0.0355851784069273 0.0356656020498827 0.034382040820492 0.0363504130589995 0.0249021130351971 0.0182268210516957 0.0251799789812908 0.0236645050690503 0.0131001961520347 0.0188434699741592 0.0119924205632996 0.0147283506592677
cuts_wide_bayes_r8 NA NA NA NA NA NA NA NA NA NA NA NA NA NA NA NA NA NA NA NA
cuts_long_bayes_r8 0.036042296924631 0.0364317842041651 0.034900224082899 0.0368250655677708 0.000596138426310395 0.000972077948527084 0.000706003106125473 0.000688578778367863 0.0360039370367419 0.0363035480706861 0.0348672437302576 0.0367877829768531 0.025037654800976 0.0185731833430037 0.0256362797925097 0.0238392194095396 0.0133080712204362 0.019144251484797 0.0119580980485131 0.0149067942172437
tso_wide_bayes_r8 NA NA NA NA NA NA NA NA NA NA NA NA NA NA NA NA NA NA NA NA
tso_long_bayes_r8 0.0373853784343446 0.0369311223634503 0.0362625305317016 0.0379053441632815 0.000174209194049347 9.22959890768374e-05 0.000194592974443599 0.000149728809155948 0.0373763139621697 0.0369250475144282 0.036252751601367 0.0378969626365813 0.0259351077814432 0.0189231192562865 0.026499856891234 0.0245736942381326 0.0135877307749214 0.0193057287805436 0.0123089238136227 0.0151738370804875
msst_wide_bayes_r9 NA NA NA NA NA NA NA NA NA NA NA NA NA NA NA NA NA NA NA NA
msst_long_bayes_r9 NA NA NA NA NA NA NA NA 0.0358500172397242 0.0365564429060515 0.0348451295972535 0.0367466532347587 0.0254180599484014 0.018966884828056 0.025728194828864 0.0230678038945721 0.0128599456008568 0.018983680902242 0.0118105450012696 0.0157887195186701
cuts_wide_bayes_r9 NA NA NA NA NA NA NA NA NA NA NA NA NA NA NA NA NA NA NA NA
cuts_long_bayes_r9 0.0351825607535665 0.0358403763094721 0.0344604489832055 0.0361652848981817 0.000527109175636205 0.000835892506786263 0.000333940398469724 0.00056949823107211 0.0351493309422225 0.0357488749732825 0.0344430633517706 0.0361290406574804 0.0248601236788924 0.0186611254841484 0.0254566702587804 0.0228451263730632 0.0127747935689626 0.0185189288100291 0.0117282009841542 0.0154004040343744
tso_wide_bayes_r9 NA NA NA NA NA NA NA NA NA NA NA NA NA NA NA NA NA NA NA NA
tso_long_bayes_r9 0.0369477102901908 0.0369203499951792 0.0361789609104332 0.0378924976780761 0.000183295483996527 9.65935239377926e-05 0.000201473512095867 0.000151010157154312 0.036938931824596 0.0369137260248082 0.0361703041301161 0.0378842731015736 0.025937588059253 0.0191656526231907 0.0265561059054053 0.0237664494412226 0.0132953359942966 0.019051070669773 0.0121097555218123 0.0160438304618229
msst_wide_bayes_r10 NA NA NA NA NA NA NA NA NA NA NA NA NA NA NA NA NA NA NA NA
msst_long_bayes_r10 NA NA NA NA NA NA NA NA 0.0368987094706611 0.0348088703540074 0.0362181786687869 0.0368335509384167 0.0259994926722517 0.0179001178192539 0.0256578139461423 0.0232473722004065 0.0127660627482836 0.0180866584995658 0.0127305699216377 0.0152960423844039
cuts_wide_bayes_r10 NA NA NA NA NA NA NA NA NA NA NA NA NA NA NA NA NA NA NA NA
cuts_long_bayes_r10 0.0369938037468279 0.0349910642739061 0.0365333883084544 0.0370639019365678 0.000425893382651745 0.000595040021951482 0.000488834874546958 0.000553993806838577 0.0369621337883717 0.0349252142108313 0.0365104890047119 0.0370149803133641 0.0260926626935157 0.0180250890102828 0.0259587292830713 0.0233486633917326 0.0127174915071982 0.0180619322009898 0.0127597153498378 0.0153855829517844
tso_wide_bayes_r10 NA NA NA NA NA NA NA NA NA NA NA NA NA NA NA NA NA NA NA NA
tso_long_bayes_r10 0.0382468306804425 0.0356269981243282 0.0380251403115162 0.038263931681079 0.000199134545766513 0.000103801415567671 0.000213708285424322 0.000167233024107273 0.038234701464105 0.0356185686618121 0.0380131438873557 0.0382528395711998 0.0268730672582225 0.0182743573588127 0.0267815038884067 0.0240468201307516 0.0130414417338374 0.0183975782308094 0.0131953237446568 0.0157142714603829
msst_wide_bayes_r11 NA NA NA NA NA NA NA NA NA NA NA NA NA NA NA NA NA NA NA NA
msst_long_bayes_r11 NA NA NA NA NA NA NA NA 0.0358450623659148 0.0365189165152269 0.0349604474630806 0.0367387717900398 0.0254312781960567 0.0189072827743852 0.0256404270121422 0.0236160880995135 0.0127234061606585 0.0190610803702806 0.0118996243994627 0.0151624978419462
cuts_wide_bayes_r11 NA NA NA NA NA NA NA NA NA NA NA NA NA NA NA NA NA NA NA NA
cuts_long_bayes_r11 0.0359287332958613 0.0365452798111941 0.0350930056457918 0.0367227139554546 0.000783784352894606 0.00102170664422117 0.000564238472534809 0.000558477627718287 0.0358605295069641 0.0364341403196735 0.0350659888051639 0.036674456003418 0.0255650463414574 0.0189772674927771 0.0259439614323185 0.0236299508562435 0.0125996978447503 0.0188918956354431 0.0117612808371575 0.0150811688960066
tso_wide_bayes_r11 NA NA NA NA NA NA NA NA NA NA NA NA NA NA NA NA NA NA NA NA
tso_long_bayes_r11 0.0374114674822021 0.0373139658610086 0.0366712050045993 0.038004757856393 0.000153493315478415 8.2226334125057e-05 0.00016627566640228 0.00012824771370206 0.037403188567409 0.0373082689475732 0.0366626997704464 0.0379971362047714 0.0264595522789055 0.019334424427712 0.0268758825531451 0.0242812149629694 0.0130606719692969 0.0192975408140142 0.0121752267946108 0.0155805305078313
msst_wide_bayes_r12 NA NA NA NA NA NA NA NA NA NA NA NA NA NA NA NA NA NA NA NA
msst_long_bayes_r12 NA NA NA NA NA NA NA NA 0.0361904063560249 0.0366843954037094 0.0352059407727295 0.0370362903888003 0.0252282780440491 0.0196346570351009 0.0254346397616028 0.0239246109462317 0.0132574219383549 0.018441447387484 0.0123603582260396 0.0151421117317586
cuts_wide_bayes_r12 NA NA NA NA NA NA NA NA NA NA NA NA NA NA NA NA NA NA NA NA
cuts_long_bayes_r12 0.0361914030895265 0.0365542490636819 0.0351226912352443 0.0368071249008349 0.000657252458388199 0.000537693804306022 0.00065234988684706 0.000733830910506005 0.0361483631695509 0.0365037046947917 0.035084050192848 0.0367414689820063 0.0251673956592057 0.0196762108684418 0.0254852184365452 0.0238879608638552 0.0133223282009891 0.0182518190188739 0.0123035017413396 0.0149471214789802
tso_wide_bayes_r12 NA NA NA NA NA NA NA NA NA NA NA NA NA NA NA NA NA NA NA NA
tso_long_bayes_r12 0.0374792170896425 0.0371875957758656 0.0366795911082298 0.0380523156741901 0.000275890962267496 0.000155215658680787 0.000299944469958328 0.000237961148310063 0.0374615899036485 0.0371744615592465 0.0366618265918253 0.0380363422591202 0.026046646800863 0.0198243036787017 0.0263768693813764 0.0245073968938152 0.0135505179011438 0.0186290316937662 0.0127058520060373 0.0153908373918742
msst_wide_bayes_r13 NA NA NA NA NA NA NA NA NA NA NA NA NA NA NA NA NA NA NA NA
msst_long_bayes_r13 NA NA NA NA NA NA NA NA 0.0365552624523438 0.0358903916907712 0.0360881172725301 0.0369944821550189 0.0256750154810893 0.0188088829996655 0.0260875788165946 0.0242121692625333 0.0129287295830502 0.0183790212354533 0.012295477306797 0.0146629626908202
cuts_wide_bayes_r13 NA NA NA NA NA NA NA NA NA NA NA NA NA NA NA NA NA NA NA NA
cuts_long_bayes_r13 0.0362824503577745 0.0356283738028567 0.0356629809238542 0.0365940878717157 0.000644800454997977 0.000856512216391237 0.000471752032978212 0.000351636562539478 0.0362467857783672 0.0355242268400871 0.0356363329807641 0.0365678249085818 0.0255639568554261 0.0186212034679935 0.0256071493468155 0.0239483027866747 0.0128215393097798 0.0181689091981495 0.0123552249890561 0.0145478883950791
tso_wide_bayes_r13 NA NA NA NA NA NA NA NA NA NA NA NA NA NA NA NA NA NA NA NA
tso_long_bayes_r13 0.0377807589192322 0.0363636994735179 0.0372710054106262 0.0380524860937557 0.000143409011625362 7.63057827920746e-05 0.000152066584290625 0.000124733251922319 0.0377732330699122 0.0363583184668784 0.0372636165097514 0.0380458324115853 0.0265270844565325 0.018968814114161 0.0267251216543258 0.0247618353536938 0.0131938299020942 0.0185519082382577 0.0126756588182522 0.0150472767104457
msst_wide_bayes_r14 NA NA NA NA NA NA NA NA NA NA NA NA NA NA NA NA NA NA NA NA
msst_long_bayes_r14 NA NA NA NA NA NA NA NA 0.0341428246383084 0.0365210866579613 0.0326459928841858 0.0351771418076783 0.023958762897369 0.0191550360175043 0.0237718379782642 0.0228711532944158 0.0130953098119746 0.0191479859427864 0.0122445391095189 0.0148731027496489
cuts_wide_bayes_r14 NA NA NA NA NA NA NA NA NA NA NA NA NA NA NA NA NA NA NA NA
cuts_long_bayes_r14 0.0334529501488471 0.0360932396925856 0.0320900570742258 0.034759622678378 0.000561301753626646 0.000907524216101143 0.000709477785120885 0.000675065010115567 0.0334314310028046 0.0360005527290213 0.0320551921053044 0.0347192961280755 0.0236215753121107 0.018924526973106 0.0233286473975509 0.0226989143186818 0.0127981459103912 0.0188483636889066 0.0121690510821609 0.0145337841871123
tso_wide_bayes_r14 NA NA NA NA NA NA NA NA NA NA NA NA NA NA NA NA NA NA NA NA
tso_long_bayes_r14 0.0362338286928505 0.0378926238476339 0.034777908353348 0.037135805531113 0.000227863889694873 0.00012664558564143 0.000247356023089605 0.000198245810822122 0.0362265347980593 0.0378854222563585 0.0347710189204387 0.0371283879394632 0.0253064952356752 0.0196540677276049 0.0250908393997342 0.0238788711739136 0.0135324160503293 0.019811329312478 0.0127043598476503 0.0155718739721732
msst_wide_bayes_r15 NA NA NA NA NA NA NA NA NA NA NA NA NA NA NA NA NA NA NA NA
msst_long_bayes_r15 NA NA NA NA NA NA NA NA 0.0362868662617703 0.035471634136268 0.0352918051138648 0.0364668984366973 0.0246554501402976 0.0185368547968259 0.0251982184435124 0.0226729212257541 0.0139001964058113 0.0182719595914791 0.0126850571889755 0.0158211161425947
cuts_wide_bayes_r15 NA NA NA NA NA NA NA NA NA NA NA NA NA NA NA NA NA NA NA NA
cuts_long_bayes_r15 0.0365558117138295 0.0356705885081689 0.0353972347797377 0.0368395688360677 0.000621090740544272 0.000685285687563137 0.000724130885220789 0.00104530938134582 0.0365153458718147 0.0355952627345947 0.0353543582607241 0.0367349087854171 0.024796436101456 0.0187145778518348 0.0252838423571921 0.0228498087866217 0.0139114910273848 0.0182481095398523 0.0127277557830993 0.0159527700459357
tso_wide_bayes_r15 NA NA NA NA NA NA NA NA NA NA NA NA NA NA NA NA NA NA NA NA
tso_long_bayes_r15 0.0377102305468469 0.0363199357791757 0.0368855375599208 0.037819634114472 0.000127115168720382 7.22568319499549e-05 0.000144738959875225 0.00011124777548796 0.0377037773580842 0.0363150859925379 0.0368788576140877 0.0378138960451786 0.0253583331835541 0.0189017823875843 0.0261461427500445 0.0233674047909152 0.0143642700483307 0.0186466010020779 0.0131707528450269 0.0163146888626796
msst_wide_bayes_r16 NA NA NA NA NA NA NA NA NA NA NA NA NA NA NA NA NA NA NA NA
msst_long_bayes_r16 NA NA NA NA NA NA NA NA 0.0349295797886189 0.0368581647795518 0.0336308165589399 0.035918639442632 0.0243558772006931 0.019994438948938 0.0247602557265048 0.0236247727752097 0.0132429465094307 0.0184839869955504 0.0118439789586931 0.0145085779165526
cuts_wide_bayes_r16 NA NA NA NA NA NA NA NA NA NA NA NA NA NA NA NA NA NA NA NA
cuts_long_bayes_r16 0.0348166214266967 0.036754867234306 0.0334919655580108 0.0359164490143522 0.00043941383491908 0.000615277476399012 0.000576187582962663 0.00053238444000659 0.0347966504962711 0.0367012763612873 0.0334677183382541 0.0358830840309218 0.0242413464263867 0.0197871183023088 0.0246541766953515 0.0236341682386544 0.0131328034021026 0.0185371980294281 0.0118379706870665 0.0145262801298186
tso_wide_bayes_r16 NA NA NA NA NA NA NA NA NA NA NA NA NA NA NA NA NA NA NA NA
tso_long_bayes_r16 0.0362687787049168 0.0375635408130735 0.0349928602982906 0.0371690426111026 0.000227847559150293 0.000132615153111763 0.000253977677605471 0.000201408714752865 0.036258433147641 0.0375549091767036 0.0349822652435328 0.0371590418890116 0.0251986791069197 0.0202115215150254 0.0256274840610668 0.0244344866751002 0.0135122251234659 0.0188366427178077 0.0121559722456378 0.0148078422750133
msst_wide_bayes_r17 NA NA NA NA NA NA NA NA NA NA NA NA NA NA NA NA NA NA NA NA
msst_long_bayes_r17 NA NA NA NA NA NA NA NA 0.0353006545976375 0.0358373456550951 0.0346883187398655 0.036032017607038 0.0247216377536662 0.018497318165486 0.0249686242693098 0.0229430835874964 0.0130411534208681 0.0187623087469245 0.0124476256553072 0.0152991618091698
cuts_wide_bayes_r17 NA NA NA NA NA NA NA NA NA NA NA NA NA NA NA NA NA NA NA NA
cuts_long_bayes_r17 0.0358836192350931 0.0362071655474072 0.0352634865725363 0.0365933145726078 0.000470746017761966 0.000601631089466006 0.00033413422242714 0.000564482802407182 0.0358553035171191 0.0361588222986732 0.0352463332374262 0.0365532146022892 0.024952844579173 0.0185978595765169 0.0254906395213242 0.0231806964186405 0.0133628001830328 0.0190023567839973 0.0124934189240395 0.0155184899339028
tso_wide_bayes_r17 NA NA NA NA NA NA NA NA NA NA NA NA NA NA NA NA NA NA NA NA
tso_long_bayes_r17 0.0377683547452209 0.0372895019006707 0.0372285862953444 0.0383492047174551 0.000259715503135473 0.000136460826376303 0.000280419922684007 0.000222318304377791 0.0377553259121689 0.0372792606782496 0.0372154147551988 0.0383368060813222 0.0261515544553809 0.0190768909634373 0.0267544402159205 0.0241600953392922 0.0137717263838802 0.0194811686104616 0.0129218254754411 0.0161644608185335
msst_wide_bayes_r18 NA NA NA NA NA NA NA NA NA NA NA NA NA NA NA NA NA NA NA NA
msst_long_bayes_r18 NA NA NA NA NA NA NA NA 0.034791013177932 0.036346151409129 0.0339141267424356 0.0357052954681508 0.02413502636897 0.0196007023966247 0.023967990597828 0.0233386534181897 0.0134287802548011 0.0183105631963071 0.0128897647328017 0.0147323489945471
cuts_wide_bayes_r18 NA NA NA NA NA NA NA NA NA NA NA NA NA NA NA NA NA NA NA NA
cuts_long_bayes_r18 0.0346986087721073 0.0362921344802502 0.034099132649941 0.0357917656037849 0.000430219593071765 0.000660824840167147 0.000686406433423932 0.000882123416000015 0.0346708399810872 0.0362345905916049 0.0340603025116576 0.0357181115915478 0.0239845030835559 0.0195381925161236 0.0240900910523028 0.0234665167153125 0.0134853456385187 0.0182425971104341 0.0129767437755421 0.0147067593655256
tso_wide_bayes_r18 NA NA NA NA NA NA NA NA NA NA NA NA NA NA NA NA NA NA NA NA
tso_long_bayes_r18 0.036621783959721 0.0374287120139288 0.0360097439205659 0.0375677800072093 0.00027360383166523 0.000154250970567645 0.000286402491488483 0.000242891419029423 0.0366067211892018 0.0374168480344495 0.0359944901126001 0.0375531950957928 0.0252655710335618 0.0200055909323364 0.0252884806987613 0.0243972047863923 0.0138352990547609 0.0188148916625743 0.0134361012505584 0.0153154782787459
msst_wide_bayes_r19 NA NA NA NA NA NA NA NA NA NA NA NA NA NA NA NA NA NA NA NA
msst_long_bayes_r19 NA NA NA NA NA NA NA NA 0.0366935771427432 0.0349039708316401 0.0360848948255405 0.0371338899746229 0.0257784342837192 0.017806388468253 0.0260742856366123 0.023474389518307 0.012956869776129 0.0182630220471205 0.0124361796628741 0.0154216420171985
cuts_wide_bayes_r19 NA NA NA NA NA NA NA NA NA NA NA NA NA NA NA NA NA NA NA NA
cuts_long_bayes_r19 0.0364872462818722 0.0346920526056982 0.0359373837789874 0.0368613926261873 0.000803732314701553 0.00057458349761828 0.000635845233730595 0.000646972772697832 0.0364146760437553 0.03463780436453 0.0358941579603595 0.0367965961277142 0.0254674846152988 0.0176837893208807 0.0259529047002709 0.023204760446616 0.0129856563038791 0.0181257573926753 0.0123351927343885 0.0153532344685607
tso_wide_bayes_r19 NA NA NA NA NA NA NA NA NA NA NA NA NA NA NA NA NA NA NA NA
tso_long_bayes_r19 0.0376089488696467 0.035091235184559 0.0371134915677573 0.0377271600416324 0.000125011214474288 6.20980913610256e-05 0.000135851309330475 0.000101984747638939 0.0376029441778417 0.0350871072696558 0.037107326767801 0.0377217847282202 0.0262305002535764 0.0178480543827483 0.0266520105433371 0.0236725637531895 0.0133042749518592 0.0182928358269349 0.0125736208712209 0.0156924539662673
msst_wide_bayes_r20 NA NA NA NA NA NA NA NA NA NA NA NA NA NA NA NA NA NA NA NA
msst_long_bayes_r20 NA NA NA NA NA NA NA NA 0.0356527068945098 0.0356074176820984 0.0348960759974989 0.0362115029922427 0.0250064932079097 0.0194432358693276 0.0256793440054937 0.023692756891982 0.0128673958974382 0.0174531081500601 0.0116645803737625 0.0144023799956271
cuts_wide_bayes_r20 NA NA NA NA NA NA NA NA NA NA NA NA NA NA NA NA NA NA NA NA
cuts_long_bayes_r20 0.0363504776090921 0.0362288406197908 0.0355091285119082 0.0368120913970601 0.000710725075133656 0.0011152330207219 0.000588601752773706 0.000603338438869429 0.0363000588396554 0.0360872004693891 0.0354796757021718 0.0367678210460312 0.0253096045130946 0.0196788706581081 0.0260459135339601 0.0239814159698414 0.013141058729367 0.0177075030408922 0.0118528938965873 0.0146594915969024
tso_wide_bayes_r20 NA NA NA NA NA NA NA NA NA NA NA NA NA NA NA NA NA NA NA NA
tso_long_bayes_r20 0.0371914609052956 0.0361958461337787 0.0363799148016991 0.0375230001459641 0.000522763503267423 0.000296277010226054 0.000580491462236459 0.000456339008105954 0.0371376508158257 0.0361545394321252 0.0363261243123494 0.0374721887678735 0.0258040060368002 0.0196602203070899 0.0265512161203843 0.024372635715788 0.0133386799234293 0.0177235614756402 0.0120603331483151 0.0148030713338608
msst_wide_bayes_r21 NA NA NA NA NA NA NA NA NA NA NA NA NA NA NA NA NA NA NA NA
msst_long_bayes_r21 NA NA NA NA NA NA NA NA 0.03621936596024 0.0353215264809044 0.035331504027806 0.0367057520445077 0.0251946567453358 0.0182459720611854 0.0256480559070201 0.0236015434965575 0.0132282552392587 0.0183764264460451 0.0122099130379328 0.0150292859383861
cuts_wide_bayes_r21 NA NA NA NA NA NA NA NA NA NA NA NA NA NA NA NA NA NA NA NA
cuts_long_bayes_r21 0.0365914013710162 0.0357577997619445 0.0357716526953162 0.0370200048091709 0.000567876320705055 0.000777713681752154 0.000742217881119276 0.000404382620514824 0.0365476885070644 0.0356712863065798 0.0357243458613605 0.0369898480889567 0.025401981098797 0.0184824233960383 0.0258748253477636 0.0237318631640061 0.0133026813446399 0.0184442864855603 0.0122909652446202 0.0151691757790763
tso_wide_bayes_r21 NA NA NA NA NA NA NA NA NA NA NA NA NA NA NA NA NA NA NA NA
tso_long_bayes_r21 0.0378628082822686 0.0361857092542594 0.0371927196728906 0.038098898716011 0.000155161395503133 8.11861321065915e-05 0.000172032538632018 0.000133213638240065 0.037855753429424 0.0361806418930795 0.0371861174445895 0.0380926342865221 0.0263901047618442 0.0186607596555033 0.0268469624304788 0.0242250165388273 0.0134575300887265 0.0186798216767493 0.0126289903989632 0.0155886385681595
msst_wide_bayes_r22 NA NA NA NA NA NA NA NA NA NA NA NA NA NA NA NA NA NA NA NA
msst_long_bayes_r22 NA NA NA NA NA NA NA NA 0.0366612697735723 0.0358556913311291 0.0361403303214214 0.0372124342224328 0.0250651858422753 0.0191710712003566 0.0257553792310545 0.0240512881391769 0.0137853384979835 0.0179598083068465 0.0126833428615917 0.0148722487824552
cuts_wide_bayes_r22 NA NA NA NA NA NA NA NA NA NA NA NA NA NA NA NA NA NA NA NA
cuts_long_bayes_r22 0.0362878274458223 0.0356022277874258 0.0358630847882468 0.0368910114774112 0.00073323120566479 0.00108490248171724 0.000980034280826307 0.000799859719813585 0.0362333561893057 0.0354487470131944 0.0357726967294704 0.0368209537945967 0.024791302237 0.0190247822813893 0.0255059299784883 0.0237531647191048 0.0136180501584636 0.0176870326899868 0.0126243146433486 0.0147860756186947
tso_wide_bayes_r22 NA NA NA NA NA NA NA NA NA NA NA NA NA NA NA NA NA NA NA NA
tso_long_bayes_r22 0.0373870143542776 0.0358522009130925 0.0370801883093272 0.03761603088792 0.000211393211549323 0.00011982959482278 0.000229532859138279 0.000181283065552076 0.0373765735882465 0.0358434723410052 0.037069401466394 0.0376052245216391 0.0256066245801183 0.0191197968442152 0.0264360588855844 0.0241919861172769 0.0137217072407479 0.0179120475479656 0.0127886065298643 0.0150488710819252
msst_wide_bayes_r23 NA NA NA NA NA NA NA NA NA NA NA NA NA NA NA NA NA NA NA NA
msst_long_bayes_r23 NA NA NA NA NA NA NA NA 0.0368069585432114 0.0341095427664044 0.0363587798903258 0.0367930875911417 0.0252401650101997 0.0176231215245881 0.0266682967151699 0.0229385300353304 0.0133554034238376 0.0175864474331431 0.011788451816995 0.0154954096246214
cuts_wide_bayes_r23 NA NA NA NA NA NA NA NA NA NA NA NA NA NA NA NA NA NA NA NA
cuts_long_bayes_r23 0.0365790019436879 0.0341356363017871 0.0363425912886737 0.0365621795255734 0.000279864112924784 0.000759766865434534 0.00046661875793093 0.000501799282462746 0.0365559236203178 0.0340318372413965 0.0363125367891709 0.0365136669220796 0.025146621405526 0.0174998905800234 0.0267289279939082 0.0226272072149457 0.0132288364431046 0.0176000391053089 0.0117156679738079 0.0155379518786891
tso_wide_bayes_r23 NA NA NA NA NA NA NA NA NA NA NA NA NA NA NA NA NA NA NA NA
tso_long_bayes_r23 0.0380278659683688 0.0347243857739272 0.0378732386903349 0.0378439277195352 0.000148200213509562 7.84656899449227e-05 0.000169489082879983 0.000124744938903302 0.0380171463102585 0.0347174353404782 0.0378619206232466 0.0378345854742647 0.0260075563716608 0.0178201648672497 0.0277529651154049 0.0233865386446352 0.0136700759371874 0.0178890210420921 0.0120305040313864 0.0159109956204109
msst_wide_bayes_r24 NA NA NA NA NA NA NA NA NA NA NA NA NA NA NA NA NA NA NA NA
msst_long_bayes_r24 NA NA NA NA NA NA NA NA 0.0360096643730858 0.0355566063176115 0.0352933138665055 0.0367202055309934 0.0250185454172957 0.0185233548411586 0.0258321834093884 0.0237912809197381 0.0131329271405612 0.018343398616367 0.0119413759672602 0.0148183539581024
cuts_wide_bayes_r24 NA NA NA NA NA NA NA NA NA NA NA NA NA NA NA NA NA NA NA NA
cuts_long_bayes_r24 0.0363453404529378 0.0358111876582681 0.0354559384772595 0.0368233895329799 0.000590792334741805 0.000509186724778551 0.000593022800480571 0.000988406587153708 0.0363061315751999 0.0357597592053866 0.0354212304037384 0.0367181994915955 0.0252403685507333 0.0185458415091007 0.0258021601766916 0.0237646323507632 0.0132022325652362 0.0185030941579323 0.0120981408571981 0.0147948152946792
tso_wide_bayes_r24 NA NA NA NA NA NA NA NA NA NA NA NA NA NA NA NA NA NA NA NA
tso_long_bayes_r24 0.0377390693258044 0.0364262038166966 0.0369764025216823 0.0380666991091398 0.000210154035239324 0.000111486799489161 0.000232134929941627 0.000181045473209308 0.0377250444606626 0.0364167023147573 0.0369614680120506 0.0380530992242489 0.0262090230146554 0.0188843842747519 0.0268243393417288 0.0245481518104277 0.0135086860255391 0.01870899958116 0.0123741629271716 0.015211829278894
msst_wide_bayes_r25 NA NA NA NA NA NA NA NA NA NA NA NA NA NA NA NA NA NA NA NA
msst_long_bayes_r25 NA NA NA NA NA NA NA NA 0.0355717724683766 0.0366823670430399 0.0344104529476683 0.0364303649022586 0.0245394532795082 0.0194762032961526 0.0254222255322328 0.0237936192795553 0.0135303827667892 0.0187079612456234 0.0118621710299594 0.0148751330457947
cuts_wide_bayes_r25 NA NA NA NA NA NA NA NA NA NA NA NA NA NA NA NA NA NA NA NA
cuts_long_bayes_r25 0.0354425051384412 0.0365859196645268 0.034254708916391 0.0362885744324889 0.000509668144051656 0.000892341497991198 0.000516913859335266 0.000895788095714545 0.0353998614271632 0.0364897099870331 0.0342265103570717 0.0362124324017521 0.0243520091536033 0.0193433310509235 0.0253266145389435 0.0236080495321648 0.0135101189690756 0.0186629260005637 0.0117542222885458 0.0147457010683171
tso_wide_bayes_r25 NA NA NA NA NA NA NA NA NA NA NA NA NA NA NA NA NA NA NA NA
tso_long_bayes_r25 0.036892426580288 0.0372656993838599 0.0359154922064621 0.0376286121942992 0.00030417927318684 0.000173298504897201 0.000345248002064706 0.000274145426104326 0.0368754341583913 0.0372516832653798 0.0358977887067111 0.0376115086861091 0.0252590989494328 0.0197112311579577 0.0263591457125771 0.0245489267624926 0.0138369181226344 0.0189041304291197 0.0121223726946574 0.0150635955422308
msst_wide_bayes_r26 NA NA NA NA NA NA NA NA NA NA NA NA NA NA NA NA NA NA NA NA
msst_long_bayes_r26 NA NA NA NA NA NA NA NA 0.0358364815932663 0.0366498980607001 0.0347074849350182 0.0365441937663957 0.0253644782843972 0.0193514193565542 0.0254507372338058 0.0235117179701883 0.0128777742429583 0.0187125139284388 0.0120423972141614 0.015190742870724
cuts_wide_bayes_r26 NA NA NA NA NA NA NA NA NA NA NA NA NA NA NA NA NA NA NA NA
cuts_long_bayes_r26 0.0355033251301256 0.0362787628224615 0.0343336415605254 0.0360938682002496 0.000668805956869346 0.000545447988925988 0.000361753718517157 0.000399730507488438 0.0354592482162191 0.0362316133466881 0.0343211152583057 0.0360703620440093 0.025283887215911 0.0192294612499334 0.0250941512693573 0.0232287048515884 0.0125423163265839 0.0184637106286221 0.0119857882063405 0.0150677689815535
tso_wide_bayes_r26 NA NA NA NA NA NA NA NA NA NA NA NA NA NA NA NA NA NA NA NA
tso_long_bayes_r26 0.0371267707455813 0.0371205333995411 0.0361510548239519 0.0376110483351252 0.000145179535317281 7.96898607946146e-05 0.000157371939847421 0.000124202161295091 0.0371217251914324 0.0371163919990471 0.0361462260504838 0.0376065399406791 0.0261870275555494 0.0195569457758902 0.0263493263658445 0.0240340619857482 0.0131453456900124 0.018878720205662 0.0123468770694851 0.0155526865078072
msst_wide_bayes_r27 NA NA NA NA NA NA NA NA NA NA NA NA NA NA NA NA NA NA NA NA
msst_long_bayes_r27 NA NA NA NA NA NA NA NA 0.0333146344945199 0.0371674722639998 0.0323144875322365 0.0349117958192485 0.0241772215682476 0.0209124609434701 0.0236972742821192 0.0231168691693345 0.0121424985830248 0.017906892571804 0.0118335728745285 0.014456820482476
cuts_wide_bayes_r27 NA NA NA NA NA NA NA NA NA NA NA NA NA NA NA NA NA NA NA NA
cuts_long_bayes_r27 0.033385277411256 0.037222660278161 0.0325189960554525 0.0349411421982767 0.00102283398635404 0.000622140477109782 0.000719779107965912 0.000719367793626442 0.0332949018526593 0.0371736603729489 0.0325013150981592 0.0348958536060398 0.0241298963211451 0.0209248053951216 0.02385865557029 0.0230288562172786 0.0121960699788014 0.0179454723626346 0.0118805965470502 0.014532192924133
tso_wide_bayes_r27 NA NA NA NA NA NA NA NA NA NA NA NA NA NA NA NA NA NA NA NA
tso_long_bayes_r27 0.034955238932576 0.0379089290633867 0.0338896663011592 0.0362985318539794 0.0001522879052855 8.64057402927843e-05 0.000156791727851537 0.000129379904360056 0.0349487150679158 0.0379037139190178 0.0338837891410619 0.0362922740640779 0.0253624746891538 0.0212801108751258 0.0246498206429131 0.0238751948244081 0.0123705561043563 0.0181580427044075 0.0122440418036891 0.0148550059217388
msst_wide_bayes_r28 NA NA NA NA NA NA NA NA NA NA NA NA NA NA NA NA NA NA NA NA
msst_long_bayes_r28 NA NA NA NA NA NA NA NA 0.0358934428281547 0.0360807353555073 0.034890854934643 0.0364886832824792 0.0249110170294067 0.0190809475948093 0.0251044417120414 0.0237698821901914 0.0133088607324726 0.0183943846456624 0.0124464565164268 0.0147284733260049
cuts_wide_bayes_r28 NA NA NA NA NA NA NA NA NA NA NA NA NA NA NA NA NA NA NA NA
cuts_long_bayes_r28 0.035309764317212 0.0354995334351147 0.0343298137624527 0.0358000901030169 0.000517965538899464 0.00093082846142573 0.000520565970123089 0.000536506531745545 0.035270020041844 0.035389680736219 0.0342944793037857 0.0357516072188767 0.0245046558257172 0.0188739019818392 0.0246712395159991 0.0232981315318048 0.0131306478091402 0.0179687177983564 0.0123123388689526 0.0144685898628689
tso_wide_bayes_r28 NA NA NA NA NA NA NA NA NA NA NA NA NA NA NA NA NA NA NA NA
tso_long_bayes_r28 0.0373950678751485 0.0367950109129345 0.0365758112156427 0.0379093317939985 0.000134814277847417 7.56079362797784e-05 0.000147865520348014 0.000119061799566086 0.0373874624427568 0.0367898408245626 0.0365682557190045 0.0379022874372838 0.0257582121291193 0.0194092714985751 0.0261146136507309 0.0246048026150161 0.0137388974860212 0.0186587521241426 0.012855074876821 0.0151473965649456
msst_wide_bayes_r29 NA NA NA NA NA NA NA NA NA NA NA NA NA NA NA NA NA NA NA NA
msst_long_bayes_r29 NA NA NA NA NA NA NA NA 0.0336814169226234 0.0368823867479175 0.0326595302123085 0.0349834546284398 0.0239475419270314 0.0202270302896036 0.0239095551066933 0.0227571142885131 0.0127356618392522 0.018493168320989 0.0120391465841224 0.0148260940088585
cuts_wide_bayes_r29 NA NA NA NA NA NA NA NA NA NA NA NA NA NA NA NA NA NA NA NA
cuts_long_bayes_r29 0.0332011334303977 0.0365544982539193 0.0324150395597697 0.0346401688504533 0.000418502827343633 0.000878923652974358 0.000566052708409628 0.000541793832020235 0.033174009585213 0.0364835848517992 0.0323853806603023 0.0346047178284866 0.0234344042407381 0.0201660938988207 0.0236769707943305 0.0224923953199768 0.0127902945563159 0.0182340746958849 0.0120534963897034 0.0147503540360421
tso_wide_bayes_r29 NA NA NA NA NA NA NA NA NA NA NA NA NA NA NA NA NA NA NA NA
tso_long_bayes_r29 0.035503824501816 0.0380651632356171 0.0345948212459867 0.0366457402435232 0.000151122137356532 9.08369538450937e-05 0.000161235684784512 0.000130899471974933 0.0354988058210404 0.0380609564511133 0.0345896325760395 0.036640960023788 0.025013521529304 0.0208810115021218 0.0252630582405986 0.0237526100305866 0.0132045431335174 0.0188859240326135 0.0123184953276248 0.0152833870675102
msst_wide_bayes_r30 NA NA NA NA NA NA NA NA NA NA NA NA NA NA NA NA NA NA NA NA
msst_long_bayes_r30 NA NA NA NA NA NA NA NA 0.0346530301249037 0.0364775292376574 0.0335885139854138 0.0356350062011469 0.0245807160490284 0.0193364712033813 0.0248735034644367 0.0230866161660265 0.0127613500766369 0.0187328813466787 0.0116909164803397 0.0148384419675914
cuts_wide_bayes_r30 NA NA NA NA NA NA NA NA NA NA NA NA NA NA NA NA NA NA NA NA
cuts_long_bayes_r30 0.0344428479407221 0.0363572250053756 0.033366813850142 0.0355358140770807 0.00044216097182579 0.000751160399087708 0.000579746458176352 0.000734446751481338 0.0344304237234147 0.0362955204656483 0.0333379132448472 0.0354793444623275 0.024412863483466 0.0192496307655633 0.0247978191195283 0.0230874623185865 0.0127169450523139 0.0186274095591119 0.0115656223406909 0.0146706273748587
tso_wide_bayes_r30 NA NA NA NA NA NA NA NA NA NA NA NA NA NA NA NA NA NA NA NA
tso_long_bayes_r30 0.0362019887598796 0.0374362458065379 0.0352772233553077 0.037398789144632 0.000149196270864596 8.15516274167072e-05 0.000163034468608022 0.000128274323485747 0.0361944585469053 0.0374307756359554 0.0352692289335417 0.037391459979991 0.0255088927317311 0.019777247061024 0.0259960172079441 0.0241893969104329 0.0131194462513953 0.0191039089404173 0.0119297418071189 0.0152684077673823
msst_wide_bayes_r31 NA NA NA NA NA NA NA NA NA NA NA NA NA NA NA NA NA NA NA NA
msst_long_bayes_r31 NA NA NA NA NA NA NA NA 0.0343738361860544 0.0364760575117823 0.0335332429354478 0.0354075679894828 0.0244035120696315 0.019814833615139 0.0245438998902673 0.0232218171916303 0.0126342116443177 0.0183544828896755 0.0119570982437057 0.0145795872877808
cuts_wide_bayes_r31 NA NA NA NA NA NA NA NA NA NA NA NA NA NA NA NA NA NA NA NA
cuts_long_bayes_r31 0.0347173976367905 0.0368752114530809 0.0339017590128872 0.0359394861944797 0.0003659278004772 0.000624121303449523 0.000476122103964816 0.000909657439753902 0.0347018448053146 0.036821860970807 0.0338773481106668 0.0358761830670827 0.0245012074553062 0.0199482054248562 0.0247675057759415 0.023436168419887 0.0128931806684533 0.0185060625911002 0.0120037375057245 0.0147911643187008
tso_wide_bayes_r31 NA NA NA NA NA NA NA NA NA NA NA NA NA NA NA NA NA NA NA NA
tso_long_bayes_r31 0.0368325119409601 0.0383720970468058 0.0360104059943987 0.0378755810257717 0.000163340881489539 9.46734382939607e-05 0.000174221197768692 0.000141390432405965 0.0368270073882726 0.0383673364358916 0.0360047867272276 0.0378699700620768 0.0259234021936776 0.0206824234099295 0.026089865588911 0.0245443045070267 0.0133191862437244 0.019158525956029 0.01252813113415 0.0154926294987577
msst_wide_bayes_r32 NA NA NA NA NA NA NA NA NA NA NA NA NA NA NA NA NA NA NA NA
msst_long_bayes_r32 NA NA NA NA NA NA NA NA 0.0310789450302168 0.0367967813569903 0.029521945524839 0.0331924136023912 0.0227183353630038 0.019538500381991 0.0225499819257633 0.0220527688481861 0.0120570695717178 0.0193874390164375 0.0108650758131221 0.0142360878509491
cuts_wide_bayes_r32 NA NA NA NA NA NA NA NA NA NA NA NA NA NA NA NA NA NA NA NA
cuts_long_bayes_r32 0.0311872680582572 0.0368240586270574 0.0296557757690864 0.0331783991461501 0.00097667360754478 0.00105679308002915 0.000477215079273977 0.000791792349277504 0.0311325663679864 0.0367439530102475 0.0296359223395369 0.033131950864985 0.0227180330393447 0.0196456700924441 0.0227903754747982 0.0221887343076758 0.0119898099486692 0.0192476810721002 0.0108719663383647 0.0140622603520096
tso_wide_bayes_r32 NA NA NA NA NA NA NA NA NA NA NA NA NA NA NA NA NA NA NA NA
tso_long_bayes_r32 0.0331639314873325 0.0382430874385436 0.0316242515892013 0.0352133115153167 0.000161329092126814 9.04370120827858e-05 0.000175913585510023 0.000139324212933238 0.0331583156028053 0.0382384508707922 0.031618061851858 0.0352076616806357 0.0238332751663536 0.0201748403705827 0.0239614158949271 0.0233745297684244 0.0125954186618042 0.0199633309890425 0.0113358588618454 0.0146627357158078
msst_wide_bayes_r33 NA NA NA NA NA NA NA NA NA NA NA NA NA NA NA NA NA NA NA NA
msst_long_bayes_r33 NA NA NA NA NA NA NA NA 0.0350825450757713 0.0364409234793948 0.0343380372174786 0.0363180194339484 0.0251552477550738 0.0182533725610422 0.0249243107186695 0.0231700514572682 0.0125641622122391 0.0197809773681353 0.0123252844616675 0.0153168729702373
cuts_wide_bayes_r33 NA NA NA NA NA NA NA NA NA NA NA NA NA NA NA NA NA NA NA NA
cuts_long_bayes_r33 0.0352278974178476 0.0365417675252074 0.0343399228173665 0.0362696905500434 0.000611896702062303 0.000918766874404838 0.000788761203862189 0.000465663139362177 0.035189329117571 0.0364454814426665 0.0342775869779555 0.0362376467794832 0.02516056264712 0.0182290138258888 0.0247389134438231 0.0230310940976366 0.0126404126861229 0.0198466325110496 0.0124062109825522 0.01542022791808
tso_wide_bayes_r33 NA NA NA NA NA NA NA NA NA NA NA NA NA NA NA NA NA NA NA NA
tso_long_bayes_r33 0.0369110007754587 0.0374666665494986 0.0361822814654602 0.0378205871239754 0.000242013586098063 0.000124199850457585 0.000253559573666272 0.000198750119574775 0.0369006272105117 0.0374584591903701 0.0361713145511547 0.0378104084290394 0.0263226136241565 0.0186868305799172 0.02592909617515 0.0239437243137087 0.0129618016089788 0.0202394941342118 0.0129054202766167 0.0158769968606178
msst_wide_bayes_r34 NA NA NA NA NA NA NA NA NA NA NA NA NA NA NA NA NA NA NA NA
msst_long_bayes_r34 NA NA NA NA NA NA NA NA 0.0363557267912904 0.0343735510169471 0.035800966746118 0.0365755489227252 0.0256301341933654 0.0187248648318145 0.0256682731522192 0.0232492686668645 0.0127140765018062 0.0167483162058249 0.0123783840563737 0.0149801886510216
cuts_wide_bayes_r34 NA NA NA NA NA NA NA NA NA NA NA NA NA NA NA NA NA NA NA NA
cuts_long_bayes_r34 0.0363982529566097 0.0343309741215348 0.035850097403705 0.0366568971737373 0.000387722482560904 0.000674119525140949 0.000331766513593432 0.000562158458031597 0.0363721120023172 0.0342579522503573 0.0358333678640179 0.0366130268274567 0.0255372958035965 0.0185624303331281 0.0256456822694333 0.0232675329259812 0.0128460278576832 0.0168176210759007 0.0124335659445447 0.015026976995594
tso_wide_bayes_r34 NA NA NA NA NA NA NA NA NA NA NA NA NA NA NA NA NA NA NA NA
tso_long_bayes_r34 0.0380355099170925 0.0350656197260823 0.0376691603016919 0.0380563728137477 0.000124375861360481 6.55799375178229e-05 0.000133537434936933 0.000102196047716154 0.0380295594837604 0.0350612751385848 0.0376628496083312 0.0380506456532544 0.0265825798809478 0.0189535271176352 0.0269045625167684 0.0240846551471726 0.0132696334806048 0.0171067730151688 0.012781365060464 0.0154674082021915
msst_wide_bayes_r35 NA NA NA NA NA NA NA NA NA NA NA NA NA NA NA NA NA NA NA NA
msst_long_bayes_r35 NA NA NA NA NA NA NA NA 0.0362415880772934 0.0347676432240154 0.0356581144496476 0.0367184280766458 0.0255157298617654 0.0187872245567489 0.0256216895357109 0.0237773500362853 0.0128374180138186 0.0171227801763991 0.0123209139687844 0.0147500916410214
cuts_wide_bayes_r35 NA NA NA NA NA NA NA NA NA NA NA NA NA NA NA NA NA NA NA NA
cuts_long_bayes_r35 0.0365675863478685 0.0352317005233655 0.0361571724009489 0.0370797651338602 0.000349343767612189 0.00131459767773632 0.000627955942428175 0.000491778978842847 0.0365483532625036 0.0349998929848669 0.0361053125641478 0.0370451151988288 0.0257847553362261 0.0189618004888694 0.0258921400648992 0.0239677753343791 0.0128955472262745 0.0171737531369789 0.0124179481678825 0.0149283830226465
tso_wide_bayes_r35 NA NA NA NA NA NA NA NA NA NA NA NA NA NA NA NA NA NA NA NA
tso_long_bayes_r35 0.0377274859924816 0.0353644360411513 0.0374125951176632 0.0380106965807794 0.000144638367761333 7.52785519357444e-05 0.000152902959454372 0.000122713262815134 0.0377197320845123 0.0353587585845269 0.0374044953089725 0.0380034668241044 0.0265344491909526 0.0190711652518838 0.0267384651208016 0.0244242759871671 0.0131108352763861 0.017326330627047 0.0127479079948758 0.0152247779324614
msst_wide_bayes_r36 NA NA NA NA NA NA NA NA NA NA NA NA NA NA NA NA NA NA NA NA
msst_long_bayes_r36 NA NA NA NA NA NA NA NA 0.0366054902388229 0.0356783958381122 0.0356751484240963 0.0370054069598938 0.0253057848261294 0.018829422869858 0.0260248713470057 0.0238939281603272 0.0133987203557101 0.0180418515957315 0.0120256489965775 0.014954911610989
cuts_wide_bayes_r36 NA NA NA NA NA NA NA NA NA NA NA NA NA NA NA NA NA NA NA NA
cuts_long_bayes_r36 0.0365538844575178 0.0354977009890015 0.0356240928253931 0.037020362019653 0.000548693022946386 0.000733236156843536 0.000379926836795879 0.000708125770109724 0.0365148603162444 0.0354250513697757 0.0356033018584424 0.03695119411462 0.0253311448619511 0.0187657501794231 0.0260825252182242 0.0239578819173589 0.0132292605892119 0.0178754271768999 0.0119593574206278 0.0148549028048622
tso_wide_bayes_r36 NA NA NA NA NA NA NA NA NA NA NA NA NA NA NA NA NA NA NA NA
tso_long_bayes_r36 0.0379161746807129 0.0361906590598545 0.0372078281163879 0.038178325255667 0.000364908648404916 0.000198676907172593 0.000412596404886923 0.000321166891753401 0.037888050556984 0.036169389030026 0.0371789796499101 0.0381514999119307 0.0260384477951593 0.0190467712664582 0.0270625722609791 0.0245671622509985 0.0137479361564873 0.0182430259279942 0.0123089582582018 0.0153050336367229
msst_wide_bayes_r37 NA NA NA NA NA NA NA NA NA NA NA NA NA NA NA NA NA NA NA NA
msst_long_bayes_r37 NA NA NA NA NA NA NA NA 0.0354686391157406 0.0363392169332474 0.0346941675705666 0.0366441262040979 0.024954848543884 0.0194779806134727 0.0251166378234305 0.0241392725467568 0.0129676149082691 0.0182996892571496 0.0123114490103266 0.0145269312821536
cuts_wide_bayes_r37 NA NA NA NA NA NA NA NA NA NA NA NA NA NA NA NA NA NA NA NA
cuts_long_bayes_r37 0.0355862307288177 0.0364308481257223 0.0347405653368438 0.0366683958070309 0.000911654390035843 0.000464170693083148 0.000481487719676232 0.000502905629886939 0.0355152897439238 0.0363900059205721 0.0347106145653599 0.0366339159763854 0.0249640553233135 0.0195927731558538 0.0251398827307113 0.0241287289004087 0.0130475136679702 0.0182431836141743 0.012282928026721 0.0145498854048719
tso_wide_bayes_r37 NA NA NA NA NA NA NA NA NA NA NA NA NA NA NA NA NA NA NA NA
tso_long_bayes_r37 0.037242076432276 0.0373701494339168 0.0365194341631761 0.0380336868124039 0.000466565376088505 0.000257922711919603 0.000497365001503519 0.000401604623085386 0.037206439763325 0.0373425439938513 0.0364845147118003 0.0379992910325467 0.0260552049034997 0.01998647916078 0.0263284287412845 0.0249163841490156 0.0134192464938968 0.0186446156521684 0.012654519554417 0.0149649597804094
msst_wide_bayes_r38 NA NA NA NA NA NA NA NA NA NA NA NA NA NA NA NA NA NA NA NA
msst_long_bayes_r38 NA NA NA NA NA NA NA NA 0.0357487740392341 0.0361272388224578 0.0349453800991754 0.0366592515618005 0.0244909002972306 0.0184136897111716 0.024917740835585 0.023806376414699 0.01369712541021 0.0191459528452231 0.0127616694926593 0.0149980392474754
cuts_wide_bayes_r38 NA NA NA NA NA NA NA NA NA NA NA NA NA NA NA NA NA NA NA NA
cuts_long_bayes_r38 0.0355543801567091 0.0359350210357381 0.0349426542480553 0.0364652187656418 0.000641127980210542 0.000790625305422832 0.000994206707575177 0.000723003963172397 0.0355155144385983 0.0358627484510585 0.0348630488974151 0.0364104052305388 0.0243088972438281 0.0183406905401652 0.0249214019746693 0.0236578281175766 0.0136591904724976 0.0189589169682255 0.0127453941253005 0.0149279306957426
tso_wide_bayes_r38 NA NA NA NA NA NA NA NA NA NA NA NA NA NA NA NA NA NA NA NA
tso_long_bayes_r38 0.0372637373634971 0.0368156590269402 0.0367543820948375 0.0379943112254609 0.000162538824274379 8.65171043590484e-05 0.000176952170778993 0.000143085763224282 0.037253091982427 0.0368079530116217 0.0367427594639142 0.0379835896247494 0.025320831417589 0.0187116128288839 0.0259877214966396 0.0245252435171698 0.0141763160333476 0.0193877508598334 0.0132873675631159 0.0153385994907691
msst_wide_bayes_r39 NA NA NA NA NA NA NA NA NA NA NA NA NA NA NA NA NA NA NA NA
msst_long_bayes_r39 NA NA NA NA NA NA NA NA 0.0345571717992629 0.0370128418024932 0.0332078777345201 0.0359124288781455 0.0240582520950539 0.0199952603823954 0.0241042840652145 0.0234926968372278 0.0133249567953499 0.0187604570237946 0.0123017857354081 0.0147982313528531
cuts_wide_bayes_r39 NA NA NA NA NA NA NA NA NA NA NA NA NA NA NA NA NA NA NA NA
cuts_long_bayes_r39 0.0347488122504969 0.0371824663539559 0.0333847102975289 0.0357984101732833 0.000630547605599047 0.000865082630440882 0.000864096045846911 0.000535343560730669 0.0347092696802563 0.0371061136588055 0.0333262634043123 0.0357645333226615 0.0242826997540956 0.0200258939440444 0.02422215275535 0.0231969411474222 0.0132746943100675 0.0187563318724225 0.0122817788177837 0.0149874820037035
tso_wide_bayes_r39 NA NA NA NA NA NA NA NA NA NA NA NA NA NA NA NA NA NA NA NA
tso_long_bayes_r39 0.0362298086111478 0.0380839028173365 0.0350209855301675 0.0372868520403985 0.000207126460615749 0.000120798084676858 0.000225105196933354 0.000180413473237106 0.0362212597002012 0.0380765523867567 0.0350129495689754 0.0372776137139528 0.0253229301701782 0.0204260338383 0.0251636697179738 0.0241060550497807 0.0135142714244086 0.0191919698910911 0.0127649254086508 0.0153232386462611
msst_wide_bayes_r40 NA NA NA NA NA NA NA NA NA NA NA NA NA NA NA NA NA NA NA NA
msst_long_bayes_r40 NA NA NA NA NA NA NA NA 0.0369809030350882 0.0350322343962568 0.0367344391757633 0.0371677607154126 0.0258675752807339 0.0183257630402247 0.0261491616595669 0.0234314276749152 0.0130431918575861 0.0178429094353129 0.0127356519022918 0.0154447557907488
cuts_wide_bayes_r40 NA NA NA NA NA NA NA NA NA NA NA NA NA NA NA NA NA NA NA NA
cuts_long_bayes_r40 0.03639512368353 0.0345143036693261 0.0361452115792436 0.0365249634925395 0.000375139394770383 0.000699822050050036 0.000452488880499756 0.000452189490483739 0.0363681449317754 0.0344454371115077 0.0361134025903586 0.0364928009425626 0.0254708481071757 0.0180804456420508 0.0257072567726974 0.0230940482961855 0.0129190139720618 0.0175507968872783 0.0125627412072222 0.0151164901799478
tso_wide_bayes_r40 NA NA NA NA NA NA NA NA NA NA NA NA NA NA NA NA NA NA NA NA
tso_long_bayes_r40 0.0378833099422702 0.0352830801761145 0.0378373446655154 0.038004964561663 0.000128808923552148 6.75630355748325e-05 0.000135957069786282 0.00010733567676351 0.0378772679420175 0.0352787828880585 0.037831102567615 0.0379994632827422 0.0264243950648653 0.0184845565791109 0.0268384466996003 0.0239572467619159 0.013267744376878 0.0178482007351182 0.012935157906963 0.0155946690749749
msst_wide_bayes_r41 NA NA NA NA NA NA NA NA NA NA NA NA NA NA NA NA NA NA NA NA
msst_long_bayes_r41 NA NA NA NA NA NA NA NA 0.0348290831123992 0.0358357049988833 0.0341247862339956 0.0358014868175735 0.0248305483058947 0.0190157462572395 0.0245700546314814 0.0232978163582282 0.0125505470164829 0.0183140407849812 0.0123482954405901 0.0147515804596038
cuts_wide_bayes_r41 NA NA NA NA NA NA NA NA NA NA NA NA NA NA NA NA NA NA NA NA
cuts_long_bayes_r41 0.0355161642816175 0.0367055983225436 0.034857247414444 0.0365939936865166 0.000495626522811515 0.00058103189310652 0.000507047503386548 0.00070265458077094 0.0354864518069982 0.0366561519799896 0.0348181351103733 0.0365287644511408 0.0252639346565846 0.0193718266365566 0.0251062327887438 0.0238481975342314 0.0127575614613403 0.0187695714279595 0.0125071007548067 0.0148871275047554
tso_wide_bayes_r41 NA NA NA NA NA NA NA NA NA NA NA NA NA NA NA NA NA NA NA NA
tso_long_bayes_r41 0.0365715273993465 0.0370457383388874 0.0360408518536862 0.0373875581812835 0.000144456101412801 7.74401787237686e-05 0.000150258477013128 0.000122784750072341 0.0365646910529128 0.0370407042503769 0.03603443007454 0.0373813095099208 0.0258335520579431 0.0193858578132591 0.0258973545524834 0.024235389262431 0.0130620357019749 0.0190275295628587 0.0126320363342687 0.0151894611764402
msst_wide_bayes_r42 NA NA NA NA NA NA NA NA NA NA NA NA NA NA NA NA NA NA NA NA
msst_long_bayes_r42 NA NA NA NA NA NA NA NA 0.0373241291774853 0.0345805935533099 0.0367182296100329 0.0372177053752871 0.0258139750353461 0.0175856594679196 0.0265498296208285 0.0234677822729977 0.0133722258411122 0.0181108147919875 0.0123404750862288 0.0153632173638298
cuts_wide_bayes_r42 NA NA NA NA NA NA NA NA NA NA NA NA NA NA NA NA NA NA NA NA
cuts_long_bayes_r42 0.0364266830259291 0.0339681022319985 0.0358996561526384 0.0364296399719299 0.000485932186954404 0.000771197739619792 0.00059342779655079 0.000359775105832587 0.0363912486554616 0.0338782431133182 0.0358584381712202 0.0363974159400907 0.0251412116259255 0.0172175602921359 0.0260333767065678 0.0230001290031533 0.0131710545629702 0.0177828851710459 0.0120485688820043 0.0150255424443777
tso_wide_bayes_r42 NA NA NA NA NA NA NA NA NA NA NA NA NA NA NA NA NA NA NA NA
tso_long_bayes_r42 0.0376256173949906 0.0343229477983953 0.0373260346381111 0.0374725998955773 0.000123231638996368 6.20409820941496e-05 0.000139953230552403 0.000103479659278633 0.0376191465407211 0.0343186001803743 0.0373194958655772 0.037466369736478 0.0258996496861829 0.0173405801976992 0.02690687473113 0.0235969915619918 0.0134899232274407 0.0179716691244453 0.0124520514797559 0.0154027798642324
msst_wide_bayes_r43 NA NA NA NA NA NA NA NA NA NA NA NA NA NA NA NA NA NA NA NA
msst_long_bayes_r43 NA NA NA NA NA NA NA NA 0.0328269712645495 0.0366686218408929 0.0315741684806019 0.0340657678073971 0.0228329736532848 0.020038191282955 0.0236767249607099 0.022836044586246 0.0132668399696616 0.0186033794007544 0.0114289231664728 0.0140983586773919
cuts_wide_bayes_r43 NA NA NA NA NA NA NA NA NA NA NA NA NA NA NA NA NA NA NA NA
cuts_long_bayes_r43 0.0329468518532929 0.0367113602305936 0.0318809757037909 0.034036009844264 0.000840048734299283 0.000874390476346509 0.000963552566638494 0.00072737868820937 0.0329020943717888 0.0366265203134984 0.0318159949842805 0.0339865341932657 0.0228887064759522 0.0199678253654194 0.0237429680449397 0.0227662674668617 0.0132050491991226 0.0186164535084515 0.0115752465971326 0.0141409230581182
tso_wide_bayes_r43 NA NA NA NA NA NA NA NA NA NA NA NA NA NA NA NA NA NA NA NA
tso_long_bayes_r43 0.0345936790400065 0.0380059373154773 0.033572848807322 0.0356930011388622 0.000146821698440457 9.05123714198338e-05 0.000164444676111347 0.000136298564768068 0.0345877891841622 0.0380008529946372 0.0335664521490465 0.0356872784968413 0.0238288327001699 0.0205890483032281 0.0248170012445526 0.0237121370225622 0.0136849013930826 0.0192329976829304 0.0119549691418268 0.0146148492772532
msst_wide_bayes_r44 NA NA NA NA NA NA NA NA NA NA NA NA NA NA NA NA NA NA NA NA
msst_long_bayes_r44 NA NA NA NA NA NA NA NA 0.0360458174869145 0.0356899996711094 0.0353630536119309 0.036653416001082 0.0247803129429167 0.0183713450680097 0.0259720604640834 0.0237771864279769 0.0134925449356951 0.0186433920958499 0.0119113268292823 0.0148070925229857
cuts_wide_bayes_r44 NA NA NA NA NA NA NA NA NA NA NA NA NA NA NA NA NA NA NA NA
cuts_long_bayes_r44 0.0365609153606088 0.036113902216811 0.0358715712887429 0.037076520105459 0.000370977999205288 0.00092697868650372 0.000587348225220633 0.000544787111512763 0.0365336599741241 0.0360006224170516 0.0358420300197626 0.0370361540894358 0.025046122550788 0.0185689660128506 0.0261468133267436 0.0240104884004582 0.0136362902885102 0.0187521344644685 0.0121668981415331 0.0148981855170364
tso_wide_bayes_r44 NA NA NA NA NA NA NA NA NA NA NA NA NA NA NA NA NA NA NA NA
tso_long_bayes_r44 0.0378236766456263 0.036549465341757 0.0371721022532058 0.0382064355924929 0.000254438174135161 0.000136734383917929 0.000287179404477591 0.000226213464731389 0.0378100006497557 0.0365394220736678 0.0371587485518985 0.0381932094861795 0.0258048762940329 0.0186887209675002 0.0270430306277405 0.0245833937297267 0.0139888832973748 0.0190432698655949 0.0123939381123953 0.0153518527680057
msst_wide_bayes_r45 NA NA NA NA NA NA NA NA NA NA NA NA NA NA NA NA NA NA NA NA
msst_long_bayes_r45 NA NA NA NA NA NA NA NA 0.0357671361278632 0.0360987377331558 0.034539851292094 0.036329677311235 0.0252329423484007 0.0194855161736524 0.0254566910578289 0.0229854963283209 0.0128476497288781 0.0180163073954172 0.0117902173957486 0.0154926612380128
cuts_wide_bayes_r45 NA NA NA NA NA NA NA NA NA NA NA NA NA NA NA NA NA NA NA NA
cuts_long_bayes_r45 0.0358806103743459 0.0361652710238853 0.0347172716396692 0.0364414351293177 0.000489689874109286 0.000556741337561287 0.000731569715342191 0.000452723515967511 0.0358467056139174 0.0361182617853226 0.0346769242625788 0.0364129166943121 0.025239248015046 0.0194802961608648 0.0255318053200236 0.0229774210383751 0.0129232424462459 0.0180725841317258 0.0118685042539371 0.015541492174147
tso_wide_bayes_r45 NA NA NA NA NA NA NA NA NA NA NA NA NA NA NA NA NA NA NA NA
tso_long_bayes_r45 0.0375439163333273 0.0372264299163365 0.0365564268973385 0.0379758893906837 0.00015150564740374 8.5360225728442e-05 0.00016919036253864 0.000128765511486248 0.0375368141980656 0.0372209960543064 0.0365492428933454 0.0379694295715548 0.0262904122197774 0.019956345756714 0.0268083600815335 0.023797290009046 0.0133402746170957 0.0185525950964104 0.0121849938683021 0.0160868081515818
msst_wide_bayes_r46 NA NA NA NA NA NA NA NA NA NA NA NA NA NA NA NA NA NA NA NA
msst_long_bayes_r46 NA NA NA NA NA NA NA NA 0.0359577717086156 0.0361660513582404 0.0350338812173628 0.0364500156023657 0.0250895504978284 0.0191915783264731 0.0254321151328602 0.0237549266828766 0.013131407142795 0.0183910280055286 0.0121626563910537 0.0147020085739181
cuts_wide_bayes_r46 NA NA NA NA NA NA NA NA NA NA NA NA NA NA NA NA NA NA NA NA
cuts_long_bayes_r46 0.0353997103222605 0.0355321074746205 0.0347536432468354 0.0360669139758769 0.000516737554091947 0.000820290656992121 0.00110678577196477 0.000592764907092131 0.0353708165307588 0.0354503613160133 0.0346658202970998 0.0360235652736929 0.0247752554710172 0.0188783585285517 0.0252136325080273 0.0235332694545425 0.0128798573109728 0.0179860293659229 0.0119899665555321 0.0144893423639581
tso_wide_bayes_r46 NA NA NA NA NA NA NA NA NA NA NA NA NA NA NA NA NA NA NA NA
tso_long_bayes_r46 0.0375157655760254 0.0367158641598877 0.0366904991356781 0.0378625010001948 0.000197175983416763 0.000108938472698442 0.000215446347839971 0.000172788690850016 0.0375084258672598 0.0367095790974373 0.0366835284411263 0.0378555005033621 0.0260014025558258 0.0193043695058707 0.0265011499728314 0.0245815299161659 0.0135438865190622 0.0186758857214618 0.0125332912918983 0.015119172590065
msst_wide_bayes_r47 NA NA NA NA NA NA NA NA NA NA NA NA NA NA NA NA NA NA NA NA
msst_long_bayes_r47 NA NA NA NA NA NA NA NA 0.0353316127240275 0.0362273615349799 0.0344406845085181 0.0360977001795397 0.0248717137736824 0.0187321075374418 0.0246809901271484 0.0235440179004655 0.0129595948705502 0.019008531810646 0.012546697719695 0.0147835764050421
cuts_wide_bayes_r47 NA NA NA NA NA NA NA NA NA NA NA NA NA NA NA NA NA NA NA NA
cuts_long_bayes_r47 0.035466437981723 0.0364938824168623 0.0345291324655296 0.0362522258122388 0.000427081073822563 0.00108209256583394 0.000585948654831133 0.000656991050830803 0.0354374637748351 0.0363642539388563 0.0344838848959008 0.0362015014218129 0.0249120549444857 0.01894882967492 0.0247714945620085 0.0236876987046129 0.0130594125384628 0.0189192891350702 0.0124445058947103 0.0147601858207333
tso_wide_bayes_r47 NA NA NA NA NA NA NA NA NA NA NA NA NA NA NA NA NA NA NA NA
tso_long_bayes_r47 0.0371051895600131 0.0372220422601477 0.0361826371437157 0.0377265588726614 0.000136763090566413 7.34789175734951e-05 0.000145940109963505 0.000120506911041191 0.037098721448404 0.0372175731163326 0.0361762561374265 0.0377205683213557 0.0258718839358127 0.0192459540307075 0.0257955241781749 0.0244958481712073 0.0134852269149912 0.0193337398513164 0.0129520648406807 0.0152464468571031
msst_wide_bayes_r48 NA NA NA NA NA NA NA NA NA NA NA NA NA NA NA NA NA NA NA NA
msst_long_bayes_r48 NA NA NA NA NA NA NA NA 0.0360733768721615 0.0359922093613965 0.035364316822849 0.0366474362696648 0.0250780416473012 0.0195444552954448 0.0258902778679777 0.0240048066433928 0.0131457246051772 0.017748582822222 0.0119229084811453 0.0145415693367135
cuts_wide_bayes_r48 NA NA NA NA NA NA NA NA NA NA NA NA NA NA NA NA NA NA NA NA
cuts_long_bayes_r48 0.0361699247588538 0.0360418152354627 0.0352814323227826 0.0367070406404994 0.000651670102203518 0.000915653748104677 0.000604388377696618 0.000477990599962976 0.0361293044429073 0.0359348858640569 0.0352479786200071 0.0366703285647113 0.0250419151889832 0.0194914005819721 0.025770908019695 0.0241069716513188 0.0131823244489639 0.0177736886681297 0.0119095761815387 0.014420137357095
tso_wide_bayes_r48 NA NA NA NA NA NA NA NA NA NA NA NA NA NA NA NA NA NA NA NA
tso_long_bayes_r48 0.0373616119188036 0.0367270150157015 0.0366410260065864 0.0377778244358253 0.000155349047368878 8.96188505022194e-05 0.00017304196502807 0.000136370225445647 0.0373547738647017 0.036721669883312 0.0366341569554355 0.0377711859749327 0.0258781857047214 0.0198776993544276 0.0265643163125429 0.0247833138473881 0.01349974764678 0.0180655749387453 0.01229305418908 0.0146831204199737
msst_wide_bayes_r49 NA NA NA NA NA NA NA NA NA NA NA NA NA NA NA NA NA NA NA NA
msst_long_bayes_r49 NA NA NA NA NA NA NA NA 0.0339891398023127 0.0374447015935666 0.0330057814098366 0.0355102323873973 0.0242780974967838 0.0190134477558868 0.0245428480198654 0.0234879719619693 0.0126177270324583 0.0202585043178545 0.0116768945206365 0.0145343035434987
cuts_wide_bayes_r49 NA NA NA NA NA NA NA NA NA NA NA NA NA NA NA NA NA NA NA NA
cuts_long_bayes_r49 0.033664835017542 0.0369334606274402 0.0325881727972585 0.0352118400590672 0.000999627374845566 0.000944097442010695 0.000724902317111057 0.000885804372411542 0.0336049218198536 0.036860022665247 0.0325424015141579 0.0351391372675579 0.0242272733970093 0.0188349975835081 0.0241916004700357 0.0233933880092347 0.0124547189631486 0.0198578351873731 0.0115851025295413 0.0142956451077952
tso_wide_bayes_r49 NA NA NA NA NA NA NA NA NA NA NA NA NA NA NA NA NA NA NA NA
tso_long_bayes_r49 0.0353257739614593 0.0380945705927367 0.0342963428494261 0.0368507072178999 0.000235133427914207 0.000123398928483514 0.000251406661195418 0.000202093767082428 0.0353172554019062 0.0380876235788797 0.0342885817281407 0.0368421956053045 0.0252053051811436 0.0192442340306156 0.0253255552907509 0.0243647648082087 0.0128648653911745 0.0204874971917854 0.0120188599040785 0.014842104039224
msst_wide_bayes_r50 NA NA NA NA NA NA NA NA NA NA NA NA NA NA NA NA NA NA NA NA
msst_long_bayes_r50 NA NA NA NA NA NA NA NA 0.036164260847721 0.0358132730552681 0.0350815827750363 0.0365438924218951 0.0251319460259685 0.0192648541075442 0.025353701907238 0.0236946268546908 0.0132734401448609 0.0178778956213525 0.0121975620252647 0.0147607258257559
cuts_wide_bayes_r50 NA NA NA NA NA NA NA NA NA NA NA NA NA NA NA NA NA NA NA NA
cuts_long_bayes_r50 0.0361253357693169 0.0359800448939799 0.0354186322752594 0.0368302130919268 0.000610332805844631 0.000525197830097542 0.000479567982319353 0.00069371146874582 0.0360728537918662 0.0359352544103401 0.0353853623861048 0.0367729731038161 0.0249868696993971 0.0192817785813271 0.0256814250301774 0.0237940025815673 0.0132150260978097 0.0179504905324611 0.0122355934882598 0.01488073726456
tso_wide_bayes_r50 NA NA NA NA NA NA NA NA NA NA NA NA NA NA NA NA NA NA NA NA
tso_long_bayes_r50 0.037587370890348 0.0364647464114802 0.0367524290055603 0.0379459337129618 0.000288408401767781 0.000162456876370193 0.000320353733726405 0.000251760327076949 0.0375671092844101 0.0364502866798867 0.0367319791350885 0.0379279499769801 0.0259220549247214 0.0194986700416412 0.0264705260035251 0.024444963719708 0.0136186050765297 0.0181659405369188 0.0125585981800468 0.0152676627934573
