w_loading1 w_loading2 w_loading3 w_loading4 common_state_var unique_state_error_var1 unique_state_error_var2 unique_state_error_var3 unique_state_error_var4 ar_effect b_loading1 b_loading2 b_loading3 b_loading4 intercept1 intercept2 intercept3 intercept4 common_trait_var trait_mean unique_indicator_trait_var1 unique_indicator_trait_var2 unique_indicator_trait_var3 unique_indicator_trait_var4 cov12 cov13 cov23 cov14 cov24 cov34
true 1 0.5 1.3 0.8 2 1 0.5 1.5 0.8 NA 1 0.8 1.2 0.9 2 2.5 3 3.5 1.5 NA 0.5 1 0.3 0.8 NA NA NA NA NA NA
msst_wide_ml_r1 -999 -999 -999 -999 -999 -999 -999 -999 -999 -999 -999 -999 -999 -999 -999 -999 -999 -999 -999 -999 -999 -999 -999 -999 -999 -999 -999 -999 -999 -999
msst_long_ml_r1 1 0.445 1.253 0.895 3.144 1.548 0.553 1.809 1.356 NA 1 4.089 1.757 1.52 0 -5.793 -0.626 0.454 0.1 2.035 NA NA NA NA NA NA NA NA NA NA
msst_wide_bayes_r1 1 0.447 1.254 0.896 3.148 1.554 0.552 1.818 1.36 NA 1 4.331 1.811 1.576 0 -6.289 -0.74 0.343 0.092 2.036 NA NA NA NA NA NA NA NA NA NA
msst_long_bayes_r1 1 0.443 1.254 0.891 3.134 1.519 0.556 1.794 1.322 NA 1 3.923 1.733 1.502 0 -5.49 -0.583 0.486 0.112 2.037 NA NA NA NA NA NA NA NA NA NA
cuts_wide_ml_r1 -999 -999 -999 -999 -999 -999 -999 -999 -999 -999 -999 -999 -999 -999 -999 -999 -999 -999 -999 -999 -999 -999 -999 -999 -999 -999 -999 -999 -999 -999
cuts_long_ml_r1 1 0.513 1.306 0.827 1.961 1.035 0.54 1.497 0.801 NA 1 0.757 1.284 1.128 2.029 2.528 2.952 3.543 1.176 NA 0.633 1.129 0.26 0.451 NA NA NA NA NA NA
cuts_wide_bayes_r1 1 0.513 1.305 0.827 1.963 1.038 0.541 1.501 0.803 NA 1 0.764 1.309 1.15 2.024 2.533 2.947 3.538 1.17 NA 0.68 1.194 0.277 0.481 NA NA NA NA NA NA
cuts_long_bayes_r1 1 0.513 1.306 0.827 1.962 1.038 0.541 1.5 0.803 NA 1 0.77 1.306 1.146 2.03 2.528 2.954 3.544 1.172 NA 0.681 1.191 0.28 0.482 NA NA NA NA NA NA
tso_wide_ml_r1 -999 -999 -999 -999 -999 -999 -999 -999 -999 -999 -999 -999 -999 -999 -999 -999 -999 -999 -999 -999 -999 -999 -999 -999 -999 -999 -999 -999 -999 -999
tso_wide_bayes_r1 1 0.513 1.307 0.827 1.964 1.038 0.541 1.499 0.802 0.023 NA NA NA NA 2.031 2.538 2.959 3.544 NA NA 2.014 2 2.448 2.16 0.915 1.677 1.279 1.485 1.12 1.881
tso_long_bayes_r1 1 0.513 1.306 0.827 1.963 1.038 0.542 1.499 0.802 0.023 NA NA NA NA 2.025 2.526 2.93 3.515 NA NA 2.01 1.992 2.443 2.16 0.911 1.675 1.281 1.482 1.118 1.877
msst_wide_ml_r2 1 0.427 1.219 0.807 3.324 1.494 0.526 1.844 1.52 NA 1 2.691 1.348 0.924 0 -2.526 0.45 1.664 0.3 1.892 NA NA NA NA NA NA NA NA NA NA
msst_long_ml_r2 1 0.427 1.219 0.807 3.323 1.492 0.526 1.843 1.518 NA 1 2.689 1.348 0.925 0 -2.524 0.45 1.664 0.3 1.892 NA NA NA NA NA NA NA NA NA NA
msst_wide_bayes_r2 1 0.428 1.219 0.807 3.326 1.498 0.526 1.848 1.525 NA 1 2.727 1.355 0.929 0 -2.596 0.435 1.654 0.302 1.893 NA NA NA NA NA NA NA NA NA NA
msst_long_bayes_r2 1 0.427 1.22 0.807 3.305 1.465 0.529 1.826 1.473 NA 1 2.651 1.349 0.927 0 -2.465 0.444 1.657 0.322 1.898 NA NA NA NA NA NA NA NA NA NA
cuts_wide_ml_r2 1 0.485 1.275 0.788 2.179 0.973 0.524 1.475 0.768 NA 1 0.859 1.198 0.871 1.89 2.566 2.998 3.421 1.407 NA 0.565 1.231 0.276 0.773 NA NA NA NA NA NA
cuts_long_ml_r2 1 0.485 1.275 0.788 2.179 0.974 0.524 1.475 0.768 NA 1 0.859 1.198 0.871 1.89 2.566 2.998 3.421 1.407 NA 0.565 1.231 0.276 0.773 NA NA NA NA NA NA
cuts_wide_bayes_r2 1 0.485 1.276 0.789 2.18 0.976 0.525 1.477 0.77 NA 1 0.878 1.219 0.886 1.906 2.58 3.012 3.435 1.406 NA 0.607 1.297 0.294 0.817 NA NA NA NA NA NA
cuts_long_bayes_r2 1 0.485 1.275 0.789 2.178 0.976 0.525 1.479 0.769 NA 1 0.866 1.21 0.88 1.888 2.563 2.995 3.419 1.426 NA 0.603 1.298 0.302 0.818 NA NA NA NA NA NA
tso_wide_ml_r2 1 0.485 1.275 0.788 2.179 0.974 0.524 1.474 0.768 0.005 NA NA NA NA 1.89 2.566 2.998 3.421 NA NA 1.972 2.269 2.292 1.841 1.172 1.686 1.462 1.246 1.06 1.457
tso_wide_bayes_r2 1 0.485 1.275 0.788 2.18 0.976 0.525 1.475 0.769 0.005 NA NA NA NA 1.894 2.574 3.004 3.432 NA NA 2.194 2.513 2.558 2.034 1.296 1.871 1.622 1.38 1.168 1.618
tso_long_bayes_r2 1 0.485 1.275 0.789 2.18 0.976 0.525 1.479 0.769 0.005 NA NA NA NA 1.872 2.524 2.965 3.38 NA NA 2.195 2.502 2.554 2.045 1.292 1.87 1.609 1.382 1.169 1.616
msst_wide_ml_r3 -999 -999 -999 -999 -999 -999 -999 -999 -999 -999 -999 -999 -999 -999 -999 -999 -999 -999 -999 -999 -999 -999 -999 -999 -999 -999 -999 -999 -999 -999
msst_long_ml_r3 1 0.46 1.255 0.86 3.13 1.411 0.5 1.915 1.389 NA 1 2.387 1.235 0.7 0 -2.242 0.413 1.932 0.377 1.981 NA NA NA NA NA NA NA NA NA NA
msst_wide_bayes_r3 1 0.461 1.255 0.86 3.135 1.417 0.5 1.923 1.393 NA 1 2.411 1.24 0.701 0 -2.294 0.401 1.93 0.38 1.983 NA NA NA NA NA NA NA NA NA NA
msst_long_bayes_r3 1 0.459 1.256 0.857 3.118 1.383 0.502 1.895 1.354 NA 1 2.367 1.239 0.708 0 -2.199 0.406 1.916 0.394 1.979 NA NA NA NA NA NA NA NA NA NA
cuts_wide_ml_r3 -999 -999 -999 -999 -999 -999 -999 -999 -999 -999 -999 -999 -999 -999 -999 -999 -999 -999 -999 -999 -999 -999 -999 -999 -999 -999 -999 -999 -999 -999
cuts_long_ml_r3 1 0.511 1.302 0.772 2.093 0.974 0.497 1.445 0.803 NA 1 0.884 1.21 0.93 1.98 2.487 2.86 3.311 1.403 NA 0.44 1.167 0.398 0.611 NA NA NA NA NA NA
cuts_wide_bayes_r3 1 0.511 1.303 0.772 2.092 0.976 0.498 1.449 0.804 NA 1 0.897 1.225 0.938 1.996 2.51 2.881 3.332 1.418 NA 0.476 1.233 0.423 0.65 NA NA NA NA NA NA
cuts_long_bayes_r3 1 0.511 1.302 0.772 2.092 0.976 0.498 1.447 0.805 NA 1 0.891 1.221 0.937 1.981 2.488 2.859 3.312 1.422 NA 0.472 1.232 0.426 0.649 NA NA NA NA NA NA
tso_wide_ml_r3 -999 -999 -999 -999 -999 -999 -999 -999 -999 -999 -999 -999 -999 -999 -999 -999 -999 -999 -999 -999 -999 -999 -999 -999 -999 -999 -999 -999 -999 -999
tso_wide_bayes_r3 1 0.511 1.302 0.772 2.093 0.975 0.498 1.45 0.805 -0.012 NA NA NA NA 1.988 2.493 2.866 3.32 NA NA 2.047 2.518 2.731 2.031 1.412 1.861 1.705 1.474 1.144 1.769
tso_long_bayes_r3 1 0.511 1.302 0.772 2.091 0.976 0.499 1.448 0.804 -0.012 NA NA NA NA 1.914 2.438 2.806 3.259 NA NA 2.048 2.514 2.731 2.03 1.416 1.858 1.71 1.476 1.149 1.771
msst_wide_ml_r4 -999 -999 -999 -999 -999 -999 -999 -999 -999 -999 -999 -999 -999 -999 -999 -999 -999 -999 -999 -999 -999 -999 -999 -999 -999 -999 -999 -999 -999 -999
msst_long_ml_r4 1 0.434 1.297 0.789 2.96 1.543 0.515 1.8 1.417 NA 1 2.437 1.337 1.128 0 -2.03 0.462 1.31 0.36 1.798 NA NA NA NA NA NA NA NA NA NA
msst_wide_bayes_r4 1 0.435 1.297 0.789 2.964 1.549 0.515 1.804 1.424 NA 1 2.463 1.342 1.135 0 -2.075 0.453 1.298 0.362 1.798 NA NA NA NA NA NA NA NA NA NA
msst_long_bayes_r4 1 0.434 1.298 0.788 2.946 1.516 0.517 1.786 1.376 NA 1 2.443 1.343 1.14 0 -2.043 0.45 1.283 0.369 1.805 NA NA NA NA NA NA NA NA NA NA
cuts_wide_ml_r4 -999 -999 -999 -999 -999 -999 -999 -999 -999 -999 -999 -999 -999 -999 -999 -999 -999 -999 -999 -999 -999 -999 -999 -999 -999 -999 -999 -999 -999 -999
cuts_long_ml_r4 1 0.504 1.295 0.791 1.966 1.022 0.495 1.532 0.799 NA 1 0.892 1.294 0.894 1.797 2.352 2.871 3.335 1.367 NA 0.512 1.125 0.304 0.6 NA NA NA NA NA NA
cuts_wide_bayes_r4 1 0.504 1.296 0.791 1.967 1.023 0.496 1.535 0.8 NA 1 0.896 1.312 0.907 1.802 2.358 2.877 3.342 1.375 NA 0.552 1.181 0.326 0.633 NA NA NA NA NA NA
cuts_long_bayes_r4 1 0.504 1.295 0.791 1.966 1.023 0.496 1.535 0.8 NA 1 0.904 1.314 0.907 1.795 2.352 2.87 3.332 1.371 NA 0.552 1.185 0.329 0.634 NA NA NA NA NA NA
tso_wide_ml_r4 -999 -999 -999 -999 -999 -999 -999 -999 -999 -999 -999 -999 -999 -999 -999 -999 -999 -999 -999 -999 -999 -999 -999 -999 -999 -999 -999 -999 -999 -999
tso_wide_bayes_r4 1 0.504 1.295 0.791 1.965 1.024 0.496 1.536 0.8 0.005 NA NA NA NA 1.803 2.359 2.88 3.344 NA NA 2.096 2.457 2.886 1.873 1.323 1.989 1.697 1.307 1.338 1.744
tso_long_bayes_r4 1 0.504 1.296 0.791 1.966 1.024 0.496 1.535 0.8 0.005 NA NA NA NA 1.779 2.37 2.851 3.338 NA NA 2.082 2.437 2.878 1.868 1.309 1.979 1.683 1.296 1.325 1.732
msst_wide_ml_r5 1 0.427 1.277 0.843 3.167 1.336 0.553 1.752 1.592 NA 1 2.037 1.332 0.911 0 -1.548 0.264 1.642 0.568 1.932 NA NA NA NA NA NA NA NA NA NA
msst_long_ml_r5 1 0.427 1.277 0.843 3.165 1.335 0.553 1.751 1.59 NA 1 2.035 1.332 0.911 0 -1.544 0.264 1.642 0.569 1.932 NA NA NA NA NA NA NA NA NA NA
msst_wide_bayes_r5 1 0.428 1.278 0.843 3.168 1.339 0.554 1.761 1.596 NA 1 2.053 1.334 0.913 0 -1.582 0.257 1.636 0.578 1.932 NA NA NA NA NA NA NA NA NA NA
msst_long_bayes_r5 1 0.427 1.279 0.842 3.137 1.311 0.557 1.738 1.546 NA 1 2 1.328 0.91 0 -1.469 0.27 1.641 0.612 1.929 NA NA NA NA NA NA NA NA NA NA
cuts_wide_ml_r5 1 0.513 1.339 0.806 2.044 0.942 0.522 1.501 0.81 NA 1 0.901 1.251 0.921 1.942 2.389 2.832 3.398 1.635 NA 0.445 1.1 0.178 0.778 NA NA NA NA NA NA
cuts_long_ml_r5 1 0.513 1.339 0.806 2.044 0.942 0.522 1.501 0.81 NA 1 0.901 1.251 0.921 1.942 2.389 2.832 3.398 1.635 NA 0.445 1.1 0.178 0.778 NA NA NA NA NA NA
cuts_wide_bayes_r5 1 0.513 1.34 0.807 2.042 0.945 0.524 1.502 0.811 NA 1 0.913 1.261 0.928 1.917 2.357 2.805 3.371 1.662 NA 0.475 1.162 0.195 0.824 NA NA NA NA NA NA
cuts_long_bayes_r5 1 0.513 1.339 0.806 2.043 0.944 0.523 1.504 0.811 NA 1 0.907 1.26 0.926 1.94 2.39 2.83 3.395 1.662 NA 0.471 1.159 0.2 0.823 NA NA NA NA NA NA
tso_wide_ml_r5 1 0.513 1.338 0.806 2.047 0.941 0.522 1.504 0.809 0.031 NA NA NA NA 1.942 2.389 2.832 3.398 NA NA 2.076 2.425 2.728 2.163 1.449 2.038 1.852 1.524 1.339 1.873
tso_wide_bayes_r5 1 0.514 1.339 0.806 2.045 0.944 0.523 1.506 0.811 0.031 NA NA NA NA 1.944 2.396 2.835 3.402 NA NA 2.312 2.697 3.044 2.404 1.602 2.271 2.059 1.69 1.484 2.075
tso_long_bayes_r5 1 0.513 1.339 0.806 2.048 0.944 0.523 1.508 0.811 0.031 NA NA NA NA 1.964 2.408 2.866 3.413 NA NA 2.307 2.68 3.029 2.398 1.595 2.254 2.038 1.687 1.474 2.074
msst_wide_ml_r6 -999 -999 -999 -999 -999 -999 -999 -999 -999 -999 -999 -999 -999 -999 -999 -999 -999 -999 -999 -999 -999 -999 -999 -999 -999 -999 -999 -999 -999 -999
msst_long_ml_r6 1 0.426 1.283 0.8 3.292 1.355 0.524 1.723 1.722 NA 1 2.92 1.595 1.308 0 -3.514 -0.06 0.955 0.187 2.054 NA NA NA NA NA NA NA NA NA NA
msst_wide_bayes_r6 1 0.428 1.283 0.8 3.298 1.36 0.523 1.731 1.727 NA 1 3.012 1.62 1.334 0 -3.702 -0.111 0.902 0.181 2.056 NA NA NA NA NA NA NA NA NA NA
msst_long_bayes_r6 1 0.425 1.285 0.799 3.263 1.336 0.528 1.71 1.672 NA 1 2.805 1.583 1.298 0 -3.282 -0.037 0.97 0.212 2.053 NA NA NA NA NA NA NA NA NA NA
cuts_wide_ml_r6 -999 -999 -999 -999 -999 -999 -999 -999 -999 -999 -999 -999 -999 -999 -999 -999 -999 -999 -999 -999 -999 -999 -999 -999 -999 -999 -999 -999 -999 -999
cuts_long_ml_r6 1 0.515 1.33 0.819 1.959 0.986 0.496 1.539 0.819 NA 1 0.698 1.329 0.878 2.061 2.483 3.214 3.641 1.43 NA 0.441 1.011 0.1 0.932 NA NA NA NA NA NA
cuts_wide_bayes_r6 1 0.515 1.33 0.819 1.959 0.988 0.497 1.542 0.82 NA 1 0.694 1.317 0.881 2.05 2.478 3.2 3.632 1.484 NA 0.453 1.057 0.146 0.973 NA NA NA NA NA NA
cuts_long_bayes_r6 1 0.515 1.331 0.819 1.959 0.988 0.497 1.54 0.82 NA 1 0.704 1.323 0.885 2.063 2.485 3.216 3.642 1.471 NA 0.453 1.055 0.145 0.97 NA NA NA NA NA NA
tso_wide_ml_r6 -999 -999 -999 -999 -999 -999 -999 -999 -999 -999 -999 -999 -999 -999 -999 -999 -999 -999 -999 -999 -999 -999 -999 -999 -999 -999 -999 -999 -999 -999
tso_wide_bayes_r6 1 0.515 1.331 0.819 1.96 0.988 0.497 1.543 0.82 0.002 NA NA NA NA 2.051 2.48 3.204 3.632 NA NA 2.083 1.891 2.923 2.264 1.04 2.116 1.462 1.393 1.113 1.838
tso_long_bayes_r6 1 0.516 1.331 0.819 1.96 0.989 0.497 1.542 0.821 0.003 NA NA NA NA 2.064 2.507 3.21 3.649 NA NA 2.075 1.891 2.918 2.255 1.043 2.109 1.464 1.382 1.109 1.83
msst_wide_ml_r7 -999 -999 -999 -999 -999 -999 -999 -999 -999 -999 -999 -999 -999 -999 -999 -999 -999 -999 -999 -999 -999 -999 -999 -999 -999 -999 -999 -999 -999 -999
msst_long_ml_r7 1 0.451 1.249 0.81 2.835 1.243 0.489 1.91 1.411 NA 1 2.28 1.423 0.753 0 -2.552 0.018 1.896 0.368 2.254 NA NA NA NA NA NA NA NA NA NA
msst_wide_bayes_r7 1 0.451 1.249 0.81 2.838 1.247 0.49 1.916 1.417 NA 1 2.304 1.429 0.754 0 -2.602 0.001 1.892 0.372 2.253 NA NA NA NA NA NA NA NA NA NA
msst_long_bayes_r7 1 0.451 1.25 0.81 2.823 1.224 0.492 1.892 1.377 NA 1 2.262 1.428 0.752 0 -2.515 0.003 1.895 0.384 2.255 NA NA NA NA NA NA NA NA NA NA
cuts_wide_ml_r7 -999 -999 -999 -999 -999 -999 -999 -999 -999 -999 -999 -999 -999 -999 -999 -999 -999 -999 -999 -999 -999 -999 -999 -999 -999 -999 -999 -999 -999 -999
cuts_long_ml_r7 1 0.505 1.285 0.78 2.027 0.981 0.477 1.498 0.853 NA 1 0.978 1.291 0.846 2.256 2.586 3.216 3.592 1.134 NA 0.31 0.895 0.328 0.603 NA NA NA NA NA NA
cuts_wide_bayes_r7 1 0.506 1.285 0.78 2.027 0.984 0.478 1.501 0.854 NA 1 0.974 1.305 0.854 2.258 2.589 3.222 3.592 1.153 NA 0.334 0.948 0.351 0.639 NA NA NA NA NA NA
cuts_long_bayes_r7 1 0.506 1.286 0.781 2.025 0.984 0.478 1.501 0.853 NA 1 0.983 1.305 0.851 2.255 2.585 3.214 3.592 1.153 NA 0.335 0.95 0.347 0.642 NA NA NA NA NA NA
tso_wide_ml_r7 -999 -999 -999 -999 -999 -999 -999 -999 -999 -999 -999 -999 -999 -999 -999 -999 -999 -999 -999 -999 -999 -999 -999 -999 -999 -999 -999 -999 -999 -999
tso_wide_bayes_r7 1 0.506 1.286 0.781 2.02 0.985 0.478 1.499 0.854 -0.032 NA NA NA NA 2.252 2.581 3.207 3.584 NA NA 1.614 2.193 2.48 1.575 1.21 1.625 1.635 1.11 0.965 1.365
tso_long_bayes_r7 1 0.506 1.286 0.781 2.02 0.985 0.478 1.498 0.854 -0.032 NA NA NA NA 2.228 2.566 3.175 3.582 NA NA 1.604 2.189 2.46 1.571 1.202 1.61 1.623 1.104 0.964 1.359
msst_wide_ml_r8 -999 -999 -999 -999 -999 -999 -999 -999 -999 -999 -999 -999 -999 -999 -999 -999 -999 -999 -999 -999 -999 -999 -999 -999 -999 -999 -999 -999 -999 -999
msst_long_ml_r8 1 0.393 1.268 0.819 3.079 1.403 0.572 1.836 1.602 NA 1 2.073 1.507 1.321 0 -0.863 0.206 1.213 0.398 1.567 NA NA NA NA NA NA NA NA NA NA
msst_wide_bayes_r8 1 0.394 1.269 0.819 3.083 1.409 0.573 1.841 1.609 NA 1 2.094 1.513 1.328 0 -0.891 0.198 1.204 0.404 1.564 NA NA NA NA NA NA NA NA NA NA
msst_long_bayes_r8 1 0.392 1.268 0.815 3.044 1.379 0.578 1.822 1.554 NA 1 2.012 1.498 1.322 0 -0.769 0.222 1.214 0.44 1.57 NA NA NA NA NA NA NA NA NA NA
cuts_wide_ml_r8 -999 -999 -999 -999 -999 -999 -999 -999 -999 -999 -999 -999 -999 -999 -999 -999 -999 -999 -999 -999 -999 -999 -999 -999 -999 -999 -999 -999 -999 -999
cuts_long_ml_r8 1 0.499 1.296 0.81 1.991 0.982 0.51 1.552 0.826 NA 1 0.81 1.358 1.043 1.564 2.384 2.563 3.287 1.373 NA 0.525 0.853 0.258 0.721 NA NA NA NA NA NA
cuts_wide_bayes_r8 1 0.499 1.295 0.81 1.99 0.984 0.51 1.557 0.828 NA 1 0.818 1.371 1.057 1.559 2.381 2.559 3.277 1.391 NA 0.563 0.902 0.283 0.762 NA NA NA NA NA NA
cuts_long_bayes_r8 1 0.5 1.296 0.811 1.989 0.984 0.51 1.555 0.828 NA 1 0.819 1.373 1.054 1.57 2.385 2.568 3.288 1.385 NA 0.561 0.902 0.282 0.762 NA NA NA NA NA NA
tso_wide_ml_r8 -999 -999 -999 -999 -999 -999 -999 -999 -999 -999 -999 -999 -999 -999 -999 -999 -999 -999 -999 -999 -999 -999 -999 -999 -999 -999 -999 -999 -999 -999
tso_wide_bayes_r8 1 0.5 1.297 0.811 1.991 0.985 0.511 1.556 0.828 0.022 NA NA NA NA 1.548 2.365 2.538 3.267 NA NA 2.112 1.95 3.106 2.45 1.182 2.084 1.66 1.561 1.373 2.137
tso_long_bayes_r8 1 0.5 1.296 0.811 1.992 0.984 0.51 1.556 0.828 0.023 NA NA NA NA 1.505 2.326 2.478 3.218 NA NA 2.12 1.946 3.12 2.462 1.19 2.093 1.667 1.576 1.377 2.152
msst_wide_ml_r9 -999 -999 -999 -999 -999 -999 -999 -999 -999 -999 -999 -999 -999 -999 -999 -999 -999 -999 -999 -999 -999 -999 -999 -999 -999 -999 -999 -999 -999 -999
msst_long_ml_r9 1 0.424 1.277 0.842 2.578 1.52 0.549 1.878 1.47 NA 1 1.548 0.86 0.686 0 -0.547 1.368 2.249 0.814 1.923 NA NA NA NA NA NA NA NA NA NA
msst_wide_bayes_r9 1 0.424 1.277 0.842 2.581 1.528 0.55 1.885 1.476 NA 1 1.554 0.862 0.687 0 -0.56 1.363 2.246 0.838 1.924 NA NA NA NA NA NA NA NA NA NA
msst_long_bayes_r9 1 0.425 1.281 0.842 2.557 1.487 0.552 1.863 1.431 NA 1 1.535 0.858 0.687 0 -0.527 1.371 2.247 0.858 1.925 NA NA NA NA NA NA NA NA NA NA
cuts_wide_ml_r9 -999 -999 -999 -999 -999 -999 -999 -999 -999 -999 -999 -999 -999 -999 -999 -999 -999 -999 -999 -999 -999 -999 -999 -999 -999 -999 -999 -999 -999 -999
cuts_long_ml_r9 1 0.491 1.296 0.797 1.919 0.968 0.517 1.555 0.803 NA 1 0.855 0.969 0.782 1.928 2.432 3.024 3.573 1.585 NA 0.462 0.826 0.438 0.669 NA NA NA NA NA NA
cuts_wide_bayes_r9 1 0.491 1.297 0.798 1.917 0.971 0.518 1.558 0.805 NA 1 0.865 0.978 0.789 1.929 2.433 3.027 3.576 1.6 NA 0.503 0.872 0.467 0.708 NA NA NA NA NA NA
cuts_long_bayes_r9 1 0.491 1.297 0.798 1.919 0.97 0.518 1.558 0.805 NA 1 0.861 0.978 0.789 1.926 2.429 3.019 3.572 1.607 NA 0.501 0.874 0.468 0.707 NA NA NA NA NA NA
tso_wide_ml_r9 -999 -999 -999 -999 -999 -999 -999 -999 -999 -999 -999 -999 -999 -999 -999 -999 -999 -999 -999 -999 -999 -999 -999 -999 -999 -999 -999 -999 -999 -999
tso_wide_bayes_r9 1 0.491 1.297 0.797 1.919 0.97 0.518 1.558 0.805 0.001 NA NA NA NA 1.932 2.443 3.031 3.577 NA NA 2.27 2.201 2.153 1.827 1.55 1.691 1.423 1.351 1.135 1.391
tso_long_bayes_r9 1 0.491 1.297 0.797 1.919 0.97 0.518 1.558 0.805 0.001 NA NA NA NA 1.902 2.419 2.989 3.563 NA NA 2.276 2.204 2.164 1.831 1.555 1.699 1.429 1.352 1.135 1.395
msst_wide_ml_r10 -999 -999 -999 -999 -999 -999 -999 -999 -999 -999 -999 -999 -999 -999 -999 -999 -999 -999 -999 -999 -999 -999 -999 -999 -999 -999 -999 -999 -999 -999
msst_long_ml_r10 1 0.469 1.266 0.896 3.079 1.515 0.48 1.783 1.407 NA 1 2.875 1.092 0.715 0 -3.328 0.596 1.963 0.294 1.993 NA NA NA NA NA NA NA NA NA NA
msst_wide_bayes_r10 1 0.47 1.266 0.896 3.082 1.521 0.481 1.792 1.411 NA 1 2.91 1.095 0.717 0 -3.4 0.59 1.961 0.296 1.993 NA NA NA NA NA NA NA NA NA NA
msst_long_bayes_r10 1 0.468 1.266 0.892 3.077 1.487 0.483 1.766 1.37 NA 1 2.861 1.097 0.72 0 -3.279 0.592 1.956 0.304 1.981 NA NA NA NA NA NA NA NA NA NA
cuts_wide_ml_r10 -999 -999 -999 -999 -999 -999 -999 -999 -999 -999 -999 -999 -999 -999 -999 -999 -999 -999 -999 -999 -999 -999 -999 -999 -999 -999 -999 -999 -999 -999
cuts_long_ml_r10 1 0.502 1.259 0.788 2.099 1.008 0.484 1.429 0.804 NA 1 0.899 1.274 1.023 1.999 2.401 2.775 3.38 1.252 NA 0.518 1.565 0.31 0.597 NA NA NA NA NA NA
cuts_wide_bayes_r10 1 0.502 1.26 0.788 2.099 1.011 0.485 1.431 0.804 NA 1 0.924 1.302 1.042 1.991 2.386 2.767 3.371 1.243 NA 0.558 1.652 0.329 0.636 NA NA NA NA NA NA
cuts_long_bayes_r10 1 0.502 1.26 0.788 2.097 1.011 0.485 1.43 0.805 NA 1 0.91 1.291 1.035 1.998 2.398 2.775 3.378 1.26 NA 0.553 1.647 0.335 0.634 NA NA NA NA NA NA
tso_wide_ml_r10 -999 -999 -999 -999 -999 -999 -999 -999 -999 -999 -999 -999 -999 -999 -999 -999 -999 -999 -999 -999 -999 -999 -999 -999 -999 -999 -999 -999 -999 -999
tso_wide_bayes_r10 1 0.502 1.259 0.788 2.097 1.01 0.485 1.431 0.805 -0.018 NA NA NA NA 1.999 2.398 2.772 3.373 NA NA 1.968 2.858 2.604 2.122 1.36 1.749 1.57 1.411 1.176 1.834
tso_long_bayes_r10 1 0.502 1.259 0.788 2.097 1.011 0.485 1.433 0.805 -0.019 NA NA NA NA 2.037 2.449 2.829 3.416 NA NA 1.964 2.854 2.609 2.117 1.363 1.753 1.571 1.409 1.181 1.831
msst_wide_ml_r11 -999 -999 -999 -999 -999 -999 -999 -999 -999 -999 -999 -999 -999 -999 -999 -999 -999 -999 -999 -999 -999 -999 -999 -999 -999 -999 -999 -999 -999 -999
msst_long_ml_r11 1 0.389 1.245 0.862 3.109 1.375 0.554 1.842 1.674 NA 1 1.511 1.013 0.734 0 -0.557 1.011 1.98 0.924 1.957 NA NA NA NA NA NA NA NA NA NA
msst_wide_bayes_r11 1 0.389 1.245 0.862 3.114 1.381 0.555 1.848 1.682 NA 1 1.518 1.014 0.735 0 -0.569 1.009 1.977 0.954 1.955 NA NA NA NA NA NA NA NA NA NA
msst_long_bayes_r11 1 0.388 1.25 0.861 3.062 1.348 0.559 1.821 1.631 NA 1 1.474 1.01 0.74 0 -0.489 1.013 1.966 1.014 1.958 NA NA NA NA NA NA NA NA NA NA
cuts_wide_ml_r11 -999 -999 -999 -999 -999 -999 -999 -999 -999 -999 -999 -999 -999 -999 -999 -999 -999 -999 -999 -999 -999 -999 -999 -999 -999 -999 -999 -999 -999 -999
cuts_long_ml_r11 1 0.486 1.305 0.798 1.989 0.941 0.507 1.496 0.796 NA 1 0.764 1.057 0.874 1.954 2.402 2.998 3.422 2.08 NA 0.398 0.949 0.385 0.857 NA NA NA NA NA NA
cuts_wide_bayes_r11 1 0.487 1.305 0.798 1.989 0.943 0.507 1.497 0.798 NA 1 0.769 1.066 0.876 1.956 2.398 3.001 3.421 2.119 NA 0.432 1.002 0.408 0.908 NA NA NA NA NA NA
cuts_long_bayes_r11 1 0.486 1.306 0.798 1.988 0.943 0.508 1.499 0.798 NA 1 0.767 1.063 0.876 1.948 2.398 2.993 3.418 2.121 NA 0.428 1.003 0.413 0.909 NA NA NA NA NA NA
tso_wide_ml_r11 -999 -999 -999 -999 -999 -999 -999 -999 -999 -999 -999 -999 -999 -999 -999 -999 -999 -999 -999 -999 -999 -999 -999 -999 -999 -999 -999 -999 -999 -999
tso_wide_bayes_r11 1 0.486 1.304 0.798 1.995 0.942 0.508 1.502 0.798 0.034 NA NA NA NA 1.968 2.409 3.014 3.439 NA NA 2.744 2.387 3.01 2.72 1.793 2.415 1.854 2.015 1.43 2.157
tso_long_bayes_r11 1 0.486 1.304 0.798 1.994 0.942 0.508 1.501 0.797 0.034 NA NA NA NA 1.961 2.399 3.008 3.422 NA NA 2.735 2.387 2.982 2.696 1.785 2.398 1.843 2 1.42 2.146
msst_wide_ml_r12 -999 -999 -999 -999 -999 -999 -999 -999 -999 -999 -999 -999 -999 -999 -999 -999 -999 -999 -999 -999 -999 -999 -999 -999 -999 -999 -999 -999 -999 -999
msst_long_ml_r12 1 0.429 1.305 0.874 2.892 1.505 0.51 1.697 1.432 NA 1 2.143 1.44 0.876 0 -1.993 0.108 1.644 0.477 2.202 NA NA NA NA NA NA NA NA NA NA
msst_wide_bayes_r12 1 0.429 1.306 0.874 2.895 1.51 0.511 1.702 1.439 NA 1 2.162 1.445 0.879 0 -2.036 0.095 1.639 0.487 2.203 NA NA NA NA NA NA NA NA NA NA
msst_long_bayes_r12 1 0.428 1.305 0.872 2.874 1.479 0.514 1.678 1.395 NA 1 2.114 1.44 0.882 0 -1.917 0.11 1.631 0.512 2.199 NA NA NA NA NA NA NA NA NA NA
cuts_wide_ml_r12 -999 -999 -999 -999 -999 -999 -999 -999 -999 -999 -999 -999 -999 -999 -999 -999 -999 -999 -999 -999 -999 -999 -999 -999 -999 -999 -999 -999 -999 -999
cuts_long_ml_r12 1 0.489 1.303 0.797 2.008 1.074 0.491 1.3 0.802 NA 1 0.959 1.39 0.987 2.206 2.724 3.278 3.562 1.339 NA 0.455 1.03 0.325 0.636 NA NA NA NA NA NA
cuts_wide_bayes_r12 1 0.49 1.304 0.797 2.008 1.076 0.492 1.305 0.804 NA 1 0.978 1.409 0.999 2.199 2.721 3.266 3.554 1.349 NA 0.49 1.085 0.35 0.674 NA NA NA NA NA NA
cuts_long_bayes_r12 1 0.49 1.304 0.797 2.008 1.076 0.492 1.303 0.804 NA 1 0.967 1.407 0.997 2.206 2.722 3.278 3.563 1.348 NA 0.49 1.091 0.345 0.677 NA NA NA NA NA NA
tso_wide_ml_r12 -999 -999 -999 -999 -999 -999 -999 -999 -999 -999 -999 -999 -999 -999 -999 -999 -999 -999 -999 -999 -999 -999 -999 -999 -999 -999 -999 -999 -999 -999
tso_wide_bayes_r12 1 0.49 1.304 0.797 2.004 1.077 0.492 1.3 0.804 -0.02 NA NA NA NA 2.199 2.714 3.264 3.554 NA NA 1.993 2.511 3.234 2.157 1.431 2.049 1.996 1.491 1.333 2.041
tso_long_bayes_r12 1 0.489 1.305 0.797 2.005 1.077 0.492 1.301 0.804 -0.02 NA NA NA NA 2.114 2.598 3.136 3.454 NA NA 2.005 2.522 3.243 2.164 1.439 2.058 2.007 1.503 1.337 2.05
msst_wide_ml_r13 -999 -999 -999 -999 -999 -999 -999 -999 -999 -999 -999 -999 -999 -999 -999 -999 -999 -999 -999 -999 -999 -999 -999 -999 -999 -999 -999 -999 -999 -999
msst_long_ml_r13 1 0.44 1.237 0.749 3.235 1.347 0.494 1.788 1.737 NA 1 5.3 2.49 1.534 0 -7.688 -1.815 0.608 0.056 1.907 NA NA NA NA NA NA NA NA NA NA
msst_wide_bayes_r13 1 0.442 1.237 0.749 3.242 1.35 0.493 1.798 1.744 NA 1 5.877 2.667 1.64 0 -8.78 -2.158 0.402 0.047 1.909 NA NA NA NA NA NA NA NA NA NA
msst_long_bayes_r13 1 0.441 1.238 0.75 3.224 1.328 0.495 1.771 1.687 NA 1 5.755 2.661 1.645 0 -8.574 -2.145 0.395 0.048 1.912 NA NA NA NA NA NA NA NA NA NA
cuts_wide_ml_r13 -999 -999 -999 -999 -999 -999 -999 -999 -999 -999 -999 -999 -999 -999 -999 -999 -999 -999 -999 -999 -999 -999 -999 -999 -999 -999 -999 -999 -999 -999
cuts_long_ml_r13 1 0.501 1.282 0.794 2.001 1.067 0.493 1.381 0.81 NA 1 0.759 1.446 0.749 1.91 2.421 2.932 3.536 1.082 NA 0.478 1.071 0.138 0.987 NA NA NA NA NA NA
cuts_wide_bayes_r13 1 0.501 1.282 0.794 2.001 1.069 0.493 1.383 0.811 NA 1 0.769 1.44 0.761 1.909 2.414 2.929 3.532 1.104 NA 0.494 1.126 0.194 1.025 NA NA NA NA NA NA
cuts_long_bayes_r13 1 0.501 1.282 0.794 2.003 1.068 0.494 1.384 0.812 NA 1 0.76 1.433 0.756 1.909 2.421 2.93 3.536 1.12 NA 0.49 1.123 0.193 1.023 NA NA NA NA NA NA
tso_wide_ml_r13 -999 -999 -999 -999 -999 -999 -999 -999 -999 -999 -999 -999 -999 -999 -999 -999 -999 -999 -999 -999 -999 -999 -999 -999 -999 -999 -999 -999 -999 -999
tso_wide_bayes_r13 1 0.501 1.283 0.794 1.994 1.069 0.494 1.382 0.811 -0.038 NA NA NA NA 1.916 2.424 2.942 3.544 NA NA 1.743 1.882 2.682 1.77 0.795 1.747 1.334 0.963 0.818 1.275
tso_long_bayes_r13 1 0.501 1.283 0.794 1.994 1.069 0.494 1.381 0.812 -0.038 NA NA NA NA 1.858 2.376 2.866 3.478 NA NA 1.738 1.881 2.666 1.771 0.792 1.743 1.328 0.961 0.819 1.272
msst_wide_ml_r14 1 0.45 1.24 0.888 3.231 1.369 0.48 1.969 1.499 NA 1 2.568 1.167 0.515 0 -2.758 0.75 2.488 0.338 2.068 NA NA NA NA NA NA NA NA NA NA
msst_long_ml_r14 1 0.449 1.24 0.888 3.23 1.368 0.48 1.968 1.497 NA 1 2.566 1.167 0.515 0 -2.752 0.751 2.488 0.339 2.068 NA NA NA NA NA NA NA NA NA NA
msst_wide_bayes_r14 1 0.45 1.241 0.889 3.231 1.374 0.481 1.975 1.501 NA 1 2.589 1.17 0.514 0 -2.799 0.743 2.489 0.345 2.066 NA NA NA NA NA NA NA NA NA NA
msst_long_bayes_r14 1 0.449 1.242 0.887 3.217 1.346 0.482 1.955 1.456 NA 1 2.533 1.162 0.517 0 -2.676 0.759 2.487 0.359 2.065 NA NA NA NA NA NA NA NA NA NA
cuts_wide_ml_r14 1 0.497 1.293 0.798 2.037 1.01 0.481 1.604 0.798 NA 1 0.815 1.175 0.892 2.071 2.551 3.157 3.558 1.535 NA 0.352 1.355 0.298 0.783 NA NA NA NA NA NA
cuts_long_ml_r14 1 0.497 1.293 0.798 2.037 1.01 0.481 1.604 0.798 NA 1 0.815 1.175 0.892 2.071 2.551 3.157 3.558 1.535 NA 0.352 1.355 0.298 0.783 NA NA NA NA NA NA
cuts_wide_bayes_r14 1 0.498 1.293 0.799 2.036 1.012 0.482 1.607 0.8 NA 1 0.835 1.19 0.904 2.065 2.537 3.15 3.552 1.544 NA 0.382 1.427 0.319 0.833 NA NA NA NA NA NA
cuts_long_bayes_r14 1 0.498 1.294 0.798 2.036 1.012 0.482 1.607 0.8 NA 1 0.818 1.182 0.895 2.078 2.554 3.163 3.561 1.563 NA 0.378 1.434 0.321 0.835 NA NA NA NA NA NA
tso_wide_ml_r14 1 0.497 1.293 0.798 2.039 1.01 0.481 1.604 0.799 0.01 NA NA NA NA 2.071 2.551 3.157 3.558 NA NA 1.883 2.377 2.412 2.01 1.296 1.785 1.497 1.389 0.938 1.63
tso_wide_bayes_r14 1 0.498 1.293 0.798 2.039 1.012 0.482 1.607 0.8 0.01 NA NA NA NA 2.051 2.53 3.133 3.541 NA NA 2.093 2.638 2.693 2.235 1.431 1.979 1.655 1.538 1.035 1.807
tso_long_bayes_r14 1 0.498 1.293 0.798 2.039 1.012 0.482 1.607 0.8 0.01 NA NA NA NA 2.088 2.567 3.176 3.573 NA NA 2.095 2.634 2.692 2.238 1.434 1.984 1.661 1.541 1.036 1.811
msst_wide_ml_r15 -999 -999 -999 -999 -999 -999 -999 -999 -999 -999 -999 -999 -999 -999 -999 -999 -999 -999 -999 -999 -999 -999 -999 -999 -999 -999 -999 -999 -999 -999
msst_long_ml_r15 1 0.398 1.18 0.889 3.311 1.349 0.537 1.796 1.541 NA 1 3.39 2.732 1.533 0 -3.988 -2.315 0.612 0.162 1.905 NA NA NA NA NA NA NA NA NA NA
msst_wide_bayes_r15 1 0.399 1.18 0.889 3.315 1.353 0.538 1.803 1.546 NA 1 3.476 2.785 1.554 0 -4.136 -2.411 0.574 0.16 1.903 NA NA NA NA NA NA NA NA NA NA
msst_long_bayes_r15 1 0.395 1.179 0.883 3.286 1.324 0.542 1.776 1.503 NA 1 3.187 2.629 1.51 0 -3.598 -2.115 0.656 0.19 1.906 NA NA NA NA NA NA NA NA NA NA
cuts_wide_ml_r15 -999 -999 -999 -999 -999 -999 -999 -999 -999 -999 -999 -999 -999 -999 -999 -999 -999 -999 -999 -999 -999 -999 -999 -999 -999 -999 -999 -999 -999 -999
cuts_long_ml_r15 1 0.496 1.307 0.801 1.849 0.969 0.503 1.415 0.797 NA 1 0.965 1.583 1.159 1.909 2.472 2.896 3.533 1.21 NA 0.799 0.842 0.007 0.896 NA NA NA NA NA NA
cuts_wide_bayes_r15 1 0.496 1.307 0.802 1.85 0.971 0.504 1.418 0.799 NA 1 0.946 1.541 1.174 1.92 2.49 2.915 3.545 1.278 NA 0.79 0.896 0.113 0.871 NA NA NA NA NA NA
cuts_long_bayes_r15 1 0.496 1.307 0.801 1.85 0.971 0.505 1.417 0.799 NA 1 0.951 1.541 1.176 1.902 2.467 2.885 3.526 1.276 NA 0.789 0.898 0.118 0.867 NA NA NA NA NA NA
tso_wide_ml_r15 -999 -999 -999 -999 -999 -999 -999 -999 -999 -999 -999 -999 -999 -999 -999 -999 -999 -999 -999 -999 -999 -999 -999 -999 -999 -999 -999 -999 -999 -999
tso_wide_bayes_r15 1 0.496 1.308 0.802 1.85 0.971 0.505 1.416 0.799 0.012 NA NA NA NA 1.904 2.478 2.891 3.523 NA NA 2.225 2.183 3.368 2.805 1.065 2.11 2.057 1.878 1.363 2.453
tso_long_bayes_r15 1 0.496 1.308 0.802 1.849 0.971 0.504 1.417 0.798 0.012 NA NA NA NA 1.92 2.479 2.915 3.542 NA NA 2.232 2.179 3.376 2.807 1.069 2.118 2.058 1.88 1.366 2.46
msst_wide_ml_r16 -999 -999 -999 -999 -999 -999 -999 -999 -999 -999 -999 -999 -999 -999 -999 -999 -999 -999 -999 -999 -999 -999 -999 -999 -999 -999 -999 -999 -999 -999
msst_long_ml_r16 1 0.399 1.354 0.86 3.113 1.565 0.558 1.528 1.57 NA 1 1.635 1.16 0.942 0 -0.796 0.618 1.614 0.839 2.008 NA NA NA NA NA NA NA NA NA NA
msst_wide_bayes_r16 1 0.399 1.354 0.861 3.116 1.571 0.558 1.534 1.576 NA 1 1.645 1.162 0.944 0 -0.816 0.614 1.609 0.858 2.01 NA NA NA NA NA NA NA NA NA NA
msst_long_bayes_r16 1 0.399 1.354 0.857 3.081 1.535 0.56 1.526 1.527 NA 1 1.621 1.166 0.95 0 -0.768 0.608 1.596 0.891 2.007 NA NA NA NA NA NA NA NA NA NA
cuts_wide_ml_r16 -999 -999 -999 -999 -999 -999 -999 -999 -999 -999 -999 -999 -999 -999 -999 -999 -999 -999 -999 -999 -999 -999 -999 -999 -999 -999 -999 -999 -999 -999
cuts_long_ml_r16 1 0.489 1.294 0.791 2.11 1.008 0.498 1.485 0.795 NA 1 0.798 1.289 0.976 2.012 2.487 2.95 3.506 1.9 NA 0.505 1.085 0.193 0.706 NA NA NA NA NA NA
cuts_wide_bayes_r16 1 0.489 1.295 0.791 2.111 1.011 0.499 1.487 0.796 NA 1 0.811 1.296 0.979 2.011 2.483 2.95 3.506 1.933 NA 0.534 1.139 0.217 0.748 NA NA NA NA NA NA
cuts_long_bayes_r16 1 0.489 1.295 0.791 2.109 1.01 0.499 1.488 0.796 NA 1 0.803 1.296 0.98 2.018 2.497 2.959 3.512 1.943 NA 0.536 1.139 0.214 0.748 NA NA NA NA NA NA
tso_wide_ml_r16 -999 -999 -999 -999 -999 -999 -999 -999 -999 -999 -999 -999 -999 -999 -999 -999 -999 -999 -999 -999 -999 -999 -999 -999 -999 -999 -999 -999 -999 -999
tso_wide_bayes_r16 1 0.49 1.294 0.791 2.108 1.011 0.499 1.488 0.796 -0.013 NA NA NA NA 2.01 2.484 2.951 3.51 NA NA 2.672 2.538 3.728 2.793 1.777 2.72 2.111 1.98 1.683 2.663
tso_long_bayes_r16 1 0.489 1.294 0.791 2.11 1.011 0.499 1.489 0.796 -0.013 NA NA NA NA 2.012 2.491 2.929 3.509 NA NA 2.656 2.53 3.714 2.781 1.768 2.706 2.105 1.971 1.677 2.657
msst_wide_ml_r17 -999 -999 -999 -999 -999 -999 -999 -999 -999 -999 -999 -999 -999 -999 -999 -999 -999 -999 -999 -999 -999 -999 -999 -999 -999 -999 -999 -999 -999 -999
msst_long_ml_r17 1 0.372 1.236 0.818 3.114 1.485 0.552 1.832 1.8 NA 1 1.61 1.121 0.823 0 -0.932 0.861 1.912 0.924 2.121 NA NA NA NA NA NA NA NA NA NA
msst_wide_bayes_r17 1 0.372 1.236 0.818 3.119 1.49 0.553 1.839 1.807 NA 1 1.617 1.122 0.824 0 -0.947 0.86 1.907 0.951 2.121 NA NA NA NA NA NA NA NA NA NA
msst_long_bayes_r17 1 0.372 1.239 0.818 3.07 1.457 0.556 1.817 1.752 NA 1 1.581 1.121 0.825 0 -0.864 0.864 1.906 0.999 2.123 NA NA NA NA NA NA NA NA NA NA
cuts_wide_ml_r17 -999 -999 -999 -999 -999 -999 -999 -999 -999 -999 -999 -999 -999 -999 -999 -999 -999 -999 -999 -999 -999 -999 -999 -999 -999 -999 -999 -999 -999 -999
cuts_long_ml_r17 1 0.487 1.303 0.797 1.873 0.987 0.5 1.554 0.807 NA 1 0.778 1.124 0.83 2.123 2.483 3.242 3.663 2.212 NA 0.471 1.09 0.252 0.999 NA NA NA NA NA NA
cuts_wide_bayes_r17 1 0.487 1.303 0.798 1.871 0.989 0.501 1.556 0.808 NA 1 0.781 1.131 0.832 2.125 2.482 3.245 3.659 2.258 NA 0.504 1.152 0.273 1.057 NA NA NA NA NA NA
cuts_long_bayes_r17 1 0.487 1.303 0.798 1.873 0.99 0.501 1.558 0.808 NA 1 0.779 1.13 0.833 2.127 2.487 3.246 3.668 2.266 NA 0.504 1.155 0.272 1.056 NA NA NA NA NA NA
tso_wide_ml_r17 -999 -999 -999 -999 -999 -999 -999 -999 -999 -999 -999 -999 -999 -999 -999 -999 -999 -999 -999 -999 -999 -999 -999 -999 -999 -999 -999 -999 -999 -999
tso_wide_bayes_r17 1 0.487 1.301 0.797 1.879 0.986 0.501 1.56 0.81 0.056 NA NA NA NA 2.084 2.437 3.2 3.633 NA NA 2.979 2.691 3.381 2.805 1.913 2.754 2.129 2.022 1.579 2.286
tso_long_bayes_r17 1 0.487 1.302 0.797 1.878 0.986 0.501 1.56 0.809 0.056 NA NA NA NA 2.078 2.46 3.2 3.646 NA NA 2.941 2.678 3.357 2.779 1.9 2.725 2.118 1.997 1.567 2.27
msst_wide_ml_r18 -999 -999 -999 -999 -999 -999 -999 -999 -999 -999 -999 -999 -999 -999 -999 -999 -999 -999 -999 -999 -999 -999 -999 -999 -999 -999 -999 -999 -999 -999
msst_long_ml_r18 1 0.429 1.196 0.863 3.389 1.413 0.517 1.969 1.403 NA 1 3.381 1.453 1.44 0 -4.446 0.132 0.484 0.121 2.121 NA NA NA NA NA NA NA NA NA NA
msst_wide_bayes_r18 1 0.432 1.195 0.864 3.399 1.417 0.516 1.981 1.407 NA 1 3.607 1.502 1.496 0 -4.923 0.025 0.367 0.109 2.122 NA NA NA NA NA NA NA NA NA NA
msst_long_bayes_r18 1 0.426 1.199 0.86 3.366 1.392 0.522 1.949 1.365 NA 1 3.275 1.428 1.439 0 -4.219 0.193 0.494 0.135 2.115 NA NA NA NA NA NA NA NA NA NA
cuts_wide_ml_r18 -999 -999 -999 -999 -999 -999 -999 -999 -999 -999 -999 -999 -999 -999 -999 -999 -999 -999 -999 -999 -999 -999 -999 -999 -999 -999 -999 -999 -999 -999
cuts_long_ml_r18 1 0.517 1.317 0.815 1.946 1.052 0.5 1.538 0.794 NA 1 0.632 1.106 1.027 2.121 2.726 3.212 3.541 1.47 NA 0.443 0.924 0.376 0.532 NA NA NA NA NA NA
cuts_wide_bayes_r18 1 0.517 1.318 0.816 1.945 1.055 0.501 1.54 0.796 NA 1 0.647 1.121 1.041 2.114 2.722 3.204 3.535 1.475 NA 0.483 0.971 0.404 0.564 NA NA NA NA NA NA
cuts_long_bayes_r18 1 0.517 1.317 0.815 1.946 1.055 0.5 1.54 0.796 NA 1 0.639 1.116 1.037 2.122 2.726 3.214 3.541 1.495 NA 0.478 0.972 0.404 0.565 NA NA NA NA NA NA
tso_wide_ml_r18 -999 -999 -999 -999 -999 -999 -999 -999 -999 -999 -999 -999 -999 -999 -999 -999 -999 -999 -999 -999 -999 -999 -999 -999 -999 -999 -999 -999 -999 -999
tso_wide_bayes_r18 1 0.516 1.317 0.816 1.948 1.054 0.501 1.541 0.796 0.003 NA NA NA NA 2.103 2.716 3.201 3.523 NA NA 2.129 1.678 2.424 2.313 0.954 1.813 1.163 1.682 1.103 1.83
tso_long_bayes_r18 1 0.517 1.318 0.816 1.947 1.055 0.501 1.54 0.796 0.003 NA NA NA NA 2.053 2.677 3.166 3.439 NA NA 2.124 1.672 2.422 2.325 0.953 1.814 1.16 1.684 1.109 1.83
msst_wide_ml_r19 -999 -999 -999 -999 -999 -999 -999 -999 -999 -999 -999 -999 -999 -999 -999 -999 -999 -999 -999 -999 -999 -999 -999 -999 -999 -999 -999 -999 -999 -999
msst_long_ml_r19 1 0.4 1.305 0.765 3.061 1.539 0.553 1.542 1.716 NA 1 1.681 1.226 1.181 0 -1.076 0.327 0.959 0.726 2.318 NA NA NA NA NA NA NA NA NA NA
msst_wide_bayes_r19 1 0.4 1.306 0.765 3.065 1.545 0.554 1.546 1.723 NA 1 1.691 1.229 1.186 0 -1.1 0.319 0.951 0.742 2.318 NA NA NA NA NA NA NA NA NA NA
msst_long_bayes_r19 1 0.401 1.306 0.762 3.026 1.509 0.556 1.538 1.664 NA 1 1.667 1.228 1.19 0 -1.047 0.319 0.935 0.766 2.322 NA NA NA NA NA NA NA NA NA NA
cuts_wide_ml_r19 -999 -999 -999 -999 -999 -999 -999 -999 -999 -999 -999 -999 -999 -999 -999 -999 -999 -999 -999 -999 -999 -999 -999 -999 -999 -999 -999 -999 -999 -999
cuts_long_ml_r19 1 0.508 1.338 0.804 1.989 0.986 0.49 1.473 0.843 NA 1 0.815 1.208 0.923 2.324 2.82 3.174 3.701 1.808 NA 0.513 0.894 0.194 0.872 NA NA NA NA NA NA
cuts_wide_bayes_r19 1 0.508 1.338 0.804 1.99 0.987 0.491 1.477 0.845 NA 1 0.828 1.216 0.93 2.307 2.797 3.155 3.684 1.843 NA 0.549 0.935 0.219 0.919 NA NA NA NA NA NA
cuts_long_bayes_r19 1 0.508 1.338 0.804 1.989 0.989 0.491 1.475 0.845 NA 1 0.82 1.213 0.929 2.328 2.821 3.175 3.701 1.842 NA 0.545 0.939 0.222 0.916 NA NA NA NA NA NA
tso_wide_ml_r19 -999 -999 -999 -999 -999 -999 -999 -999 -999 -999 -999 -999 -999 -999 -999 -999 -999 -999 -999 -999 -999 -999 -999 -999 -999 -999 -999 -999 -999 -999
tso_wide_bayes_r19 1 0.508 1.339 0.804 1.988 0.989 0.491 1.476 0.845 0 NA NA NA NA 2.312 2.806 3.159 3.687 NA NA 2.589 2.322 3.165 2.673 1.602 2.458 1.942 1.775 1.699 2.226
tso_long_bayes_r19 1 0.508 1.339 0.804 1.988 0.988 0.491 1.475 0.845 -0.001 NA NA NA NA 2.345 2.827 3.2 3.726 NA NA 2.581 2.313 3.144 2.667 1.6 2.446 1.934 1.766 1.688 2.21
msst_wide_ml_r20 1 0.418 1.204 0.835 3.107 1.34 0.52 2.001 1.585 NA 1 1.934 1.278 1.113 0 -1.548 0.344 1.196 0.512 2.081 NA NA NA NA NA NA NA NA NA NA
msst_long_ml_r20 1 0.418 1.205 0.835 3.105 1.338 0.52 2 1.582 NA 1 1.932 1.277 1.113 0 -1.543 0.345 1.195 0.514 2.081 NA NA NA NA NA NA NA NA NA NA
msst_wide_bayes_r20 1 0.419 1.204 0.835 3.108 1.344 0.521 2.006 1.59 NA 1 1.945 1.28 1.116 0 -1.57 0.339 1.188 0.524 2.081 NA NA NA NA NA NA NA NA NA NA
msst_long_bayes_r20 1 0.418 1.209 0.83 3.072 1.318 0.524 1.98 1.536 NA 1 1.905 1.272 1.12 0 -1.482 0.36 1.183 0.55 2.076 NA NA NA NA NA NA NA NA NA NA
cuts_wide_ml_r20 1 0.507 1.298 0.779 2.076 1.009 0.479 1.559 0.747 NA 1 0.876 1.151 1.039 2.088 2.478 3.004 3.51 1.463 NA 0.419 0.84 0.371 0.77 NA NA NA NA NA NA
cuts_long_ml_r20 1 0.507 1.298 0.779 2.076 1.009 0.479 1.559 0.747 NA 1 0.876 1.151 1.039 2.088 2.478 3.004 3.51 1.463 NA 0.419 0.84 0.371 0.77 NA NA NA NA NA NA
cuts_wide_bayes_r20 1 0.507 1.298 0.78 2.076 1.011 0.48 1.563 0.749 NA 1 0.888 1.165 1.049 2.078 2.467 2.987 3.493 1.476 NA 0.452 0.889 0.395 0.816 NA NA NA NA NA NA
cuts_long_bayes_r20 1 0.508 1.3 0.78 2.074 1.013 0.48 1.56 0.748 NA 1 0.883 1.163 1.048 2.089 2.481 3.006 3.512 1.48 NA 0.454 0.891 0.395 0.817 NA NA NA NA NA NA
tso_wide_ml_r20 1 0.507 1.298 0.78 2.077 1.01 0.479 1.559 0.747 0.007 NA NA NA NA 2.088 2.478 3.004 3.51 NA NA 1.881 1.965 2.307 2.35 1.243 1.678 1.52 1.561 1.313 1.724
tso_wide_bayes_r20 1 0.508 1.299 0.779 2.077 1.012 0.48 1.563 0.749 0.007 NA NA NA NA 2.087 2.476 3.005 3.508 NA NA 2.096 2.179 2.575 2.618 1.375 1.863 1.685 1.738 1.452 1.921
tso_long_bayes_r20 1 0.508 1.298 0.78 2.076 1.013 0.48 1.561 0.749 0.007 NA NA NA NA 2.052 2.431 2.964 3.461 NA NA 2.091 2.174 2.572 2.604 1.375 1.863 1.683 1.726 1.45 1.912
msst_wide_ml_r21 -999 -999 -999 -999 -999 -999 -999 -999 -999 -999 -999 -999 -999 -999 -999 -999 -999 -999 -999 -999 -999 -999 -999 -999 -999 -999 -999 -999 -999 -999
msst_long_ml_r21 1 0.445 1.215 0.857 3.038 1.431 0.507 1.882 1.639 NA 1 1.919 1.232 0.621 0 -1.242 0.681 2.49 0.6 1.982 NA NA NA NA NA NA NA NA NA NA
msst_wide_bayes_r21 1 0.445 1.216 0.857 3.04 1.436 0.508 1.888 1.645 NA 1 1.926 1.233 0.622 0 -1.257 0.678 2.488 0.617 1.981 NA NA NA NA NA NA NA NA NA NA
msst_long_bayes_r21 1 0.446 1.218 0.858 3.012 1.408 0.51 1.868 1.596 NA 1 1.898 1.232 0.622 0 -1.19 0.683 2.486 0.637 1.984 NA NA NA NA NA NA NA NA NA NA
cuts_wide_ml_r21 -999 -999 -999 -999 -999 -999 -999 -999 -999 -999 -999 -999 -999 -999 -999 -999 -999 -999 -999 -999 -999 -999 -999 -999 -999 -999 -999 -999 -999 -999
cuts_long_ml_r21 1 0.52 1.302 0.807 1.968 1.03 0.493 1.551 0.824 NA 1 0.901 1.163 0.817 1.975 2.561 3.124 3.725 1.62 NA 0.432 0.975 0.191 0.928 NA NA NA NA NA NA
cuts_wide_bayes_r21 1 0.52 1.303 0.808 1.967 1.033 0.494 1.555 0.825 NA 1 0.906 1.177 0.824 1.977 2.56 3.126 3.72 1.64 NA 0.462 1.031 0.207 0.979 NA NA NA NA NA NA
cuts_long_bayes_r21 1 0.52 1.303 0.807 1.968 1.032 0.494 1.555 0.825 NA 1 0.906 1.17 0.823 1.979 2.565 3.128 3.729 1.651 NA 0.46 1.037 0.209 0.979 NA NA NA NA NA NA
tso_wide_ml_r21 -999 -999 -999 -999 -999 -999 -999 -999 -999 -999 -999 -999 -999 -999 -999 -999 -999 -999 -999 -999 -999 -999 -999 -999 -999 -999 -999 -999 -999 -999
tso_wide_bayes_r21 1 0.52 1.302 0.808 1.958 1.033 0.494 1.56 0.823 -0.048 NA NA NA NA 1.942 2.517 3.086 3.702 NA NA 2.291 2.541 2.664 2.243 1.61 2.087 1.917 1.549 1.181 1.714
tso_long_bayes_r21 1 0.521 1.302 0.808 1.958 1.032 0.494 1.559 0.824 -0.049 NA NA NA NA 1.942 2.54 3.089 3.712 NA NA 2.266 2.53 2.644 2.228 1.592 2.068 1.902 1.53 1.17 1.698
msst_wide_ml_r22 -999 -999 -999 -999 -999 -999 -999 -999 -999 -999 -999 -999 -999 -999 -999 -999 -999 -999 -999 -999 -999 -999 -999 -999 -999 -999 -999 -999 -999 -999
msst_long_ml_r22 1 0.384 1.225 0.776 3.009 1.339 0.582 1.873 1.474 NA 1 1.369 1.05 0.757 0 -0.389 0.866 1.958 1.111 2.045 NA NA NA NA NA NA NA NA NA NA
msst_wide_bayes_r22 1 0.384 1.225 0.776 3.016 1.345 0.583 1.88 1.479 NA 1 1.374 1.051 0.758 0 -0.398 0.865 1.957 1.144 2.044 NA NA NA NA NA NA NA NA NA NA
msst_long_bayes_r22 1 0.385 1.23 0.779 2.958 1.315 0.584 1.859 1.436 NA 1 1.346 1.046 0.755 0 -0.34 0.872 1.964 1.197 2.043 NA NA NA NA NA NA NA NA NA NA
cuts_wide_ml_r22 -999 -999 -999 -999 -999 -999 -999 -999 -999 -999 -999 -999 -999 -999 -999 -999 -999 -999 -999 -999 -999 -999 -999 -999 -999 -999 -999 -999 -999 -999
cuts_long_ml_r22 1 0.499 1.29 0.831 1.943 0.92 0.521 1.605 0.852 NA 1 0.752 1.024 0.7 2.046 2.413 3.015 3.514 2.272 NA 0.33 0.814 0.353 0.629 NA NA NA NA NA NA
cuts_wide_bayes_r22 1 0.499 1.291 0.831 1.941 0.923 0.522 1.608 0.854 NA 1 0.758 1.033 0.707 2.035 2.404 3.003 3.504 2.311 NA 0.361 0.861 0.377 0.666 NA NA NA NA NA NA
cuts_long_bayes_r22 1 0.499 1.29 0.831 1.943 0.922 0.521 1.607 0.854 NA 1 0.754 1.03 0.704 2.044 2.413 3.017 3.514 2.329 NA 0.357 0.861 0.379 0.667 NA NA NA NA NA NA
tso_wide_ml_r22 -999 -999 -999 -999 -999 -999 -999 -999 -999 -999 -999 -999 -999 -999 -999 -999 -999 -999 -999 -999 -999 -999 -999 -999 -999 -999 -999 -999 -999 -999
tso_wide_bayes_r22 1 0.499 1.291 0.832 1.939 0.923 0.521 1.61 0.853 -0.015 NA NA NA NA 2.051 2.418 3.024 3.519 NA NA 2.895 2.337 3.058 1.939 1.861 2.594 1.954 1.775 1.382 1.779
tso_long_bayes_r22 1 0.499 1.291 0.832 1.938 0.924 0.522 1.609 0.853 -0.016 NA NA NA NA 2.107 2.456 3.09 3.561 NA NA 2.884 2.322 3.047 1.928 1.856 2.589 1.951 1.763 1.374 1.77
msst_wide_ml_r23 -999 -999 -999 -999 -999 -999 -999 -999 -999 -999 -999 -999 -999 -999 -999 -999 -999 -999 -999 -999 -999 -999 -999 -999 -999 -999 -999 -999 -999 -999
msst_long_ml_r23 1 0.436 1.268 0.864 2.97 1.432 0.49 2.036 1.576 NA 1 4.446 2.317 1.662 0 -7.484 -2.001 -0.252 0.101 2.243 NA NA NA NA NA NA NA NA NA NA
msst_wide_bayes_r23 1 0.437 1.268 0.864 2.978 1.435 0.491 2.044 1.583 NA 1 4.564 2.36 1.695 0 -7.749 -2.101 -0.327 0.099 2.244 NA NA NA NA NA NA NA NA NA NA
msst_long_bayes_r23 1 0.435 1.27 0.863 2.955 1.408 0.494 2.016 1.532 NA 1 4.339 2.292 1.654 0 -7.226 -1.947 -0.237 0.11 2.245 NA NA NA NA NA NA NA NA NA NA
cuts_wide_ml_r23 -999 -999 -999 -999 -999 -999 -999 -999 -999 -999 -999 -999 -999 -999 -999 -999 -999 -999 -999 -999 -999 -999 -999 -999 -999 -999 -999 -999 -999 -999
cuts_long_ml_r23 1 0.497 1.348 0.829 1.891 1.014 0.488 1.568 0.79 NA 1 0.951 1.42 1.103 2.244 2.486 3.198 3.471 1.006 NA 0.601 1.201 0.303 0.768 NA NA NA NA NA NA
cuts_wide_bayes_r23 1 0.497 1.349 0.829 1.889 1.018 0.489 1.569 0.791 NA 1 0.972 1.451 1.128 2.252 2.492 3.211 3.476 0.988 NA 0.648 1.27 0.327 0.816 NA NA NA NA NA NA
cuts_long_bayes_r23 1 0.497 1.348 0.829 1.891 1.016 0.49 1.57 0.792 NA 1 0.965 1.442 1.12 2.245 2.486 3.197 3.472 1.008 NA 0.645 1.265 0.33 0.811 NA NA NA NA NA NA
tso_wide_ml_r23 -999 -999 -999 -999 -999 -999 -999 -999 -999 -999 -999 -999 -999 -999 -999 -999 -999 -999 -999 -999 -999 -999 -999 -999 -999 -999 -999 -999 -999 -999
tso_wide_bayes_r23 1 0.496 1.347 0.829 1.883 1.014 0.489 1.574 0.791 -0.042 NA NA NA NA 2.231 2.471 3.179 3.456 NA NA 1.797 2.352 2.603 2.224 0.917 1.595 1.558 1.311 1.181 1.724
tso_long_bayes_r23 1 0.496 1.347 0.828 1.883 1.015 0.489 1.574 0.791 -0.043 NA NA NA NA 2.212 2.461 3.167 3.426 NA NA 1.802 2.34 2.608 2.218 0.916 1.6 1.555 1.315 1.175 1.721
msst_wide_ml_r24 1 0.378 1.211 0.813 3.461 1.437 0.55 1.809 1.607 NA 1 1.874 1.287 0.965 0 -1.094 0.366 1.542 0.712 2.023 NA NA NA NA NA NA NA NA NA NA
msst_long_ml_r24 1 0.378 1.211 0.813 3.458 1.435 0.55 1.808 1.604 NA 1 1.871 1.286 0.965 0 -1.089 0.367 1.542 0.714 2.023 NA NA NA NA NA NA NA NA NA NA
msst_wide_bayes_r24 1 0.379 1.212 0.814 3.46 1.442 0.551 1.813 1.612 NA 1 1.884 1.289 0.968 0 -1.11 0.362 1.538 0.729 2.021 NA NA NA NA NA NA NA NA NA NA
msst_long_bayes_r24 1 0.377 1.214 0.812 3.409 1.409 0.555 1.793 1.558 NA 1 1.821 1.272 0.96 0 -0.988 0.389 1.551 0.781 2.023 NA NA NA NA NA NA NA NA NA NA
cuts_wide_ml_r24 1 0.503 1.318 0.804 1.914 0.983 0.496 1.515 0.8 NA 1 0.784 1.15 0.87 2.025 2.695 2.964 3.5 2.245 NA 0.493 1.184 0.237 0.813 NA NA NA NA NA NA
cuts_long_ml_r24 1 0.503 1.318 0.804 1.913 0.983 0.496 1.515 0.8 NA 1 0.784 1.15 0.87 2.025 2.695 2.964 3.5 2.245 NA 0.493 1.184 0.237 0.813 NA NA NA NA NA NA
cuts_wide_bayes_r24 1 0.504 1.319 0.805 1.914 0.985 0.497 1.519 0.802 NA 1 0.786 1.154 0.871 2.012 2.681 2.95 3.492 2.301 NA 0.526 1.249 0.255 0.863 NA NA NA NA NA NA
cuts_long_bayes_r24 1 0.504 1.319 0.805 1.914 0.986 0.497 1.517 0.801 NA 1 0.786 1.154 0.876 2.022 2.69 2.959 3.5 2.298 NA 0.523 1.247 0.263 0.861 NA NA NA NA NA NA
tso_wide_ml_r24 1 0.504 1.318 0.804 1.915 0.983 0.496 1.515 0.8 0.02 NA NA NA NA 2.025 2.695 2.964 3.5 NA NA 2.737 2.564 3.201 2.511 1.691 2.582 2.05 1.987 1.557 2.222
tso_wide_bayes_r24 1 0.504 1.319 0.804 1.916 0.985 0.497 1.518 0.802 0.02 NA NA NA NA 2.007 2.682 2.94 3.488 NA NA 3.035 2.84 3.569 2.782 1.865 2.863 2.273 2.193 1.715 2.462
tso_long_bayes_r24 1 0.504 1.319 0.804 1.916 0.986 0.497 1.518 0.802 0.02 NA NA NA NA 2.015 2.689 2.955 3.49 NA NA 3.032 2.845 3.557 2.78 1.867 2.859 2.264 2.193 1.715 2.456
msst_wide_ml_r25 -999 -999 -999 -999 -999 -999 -999 -999 -999 -999 -999 -999 -999 -999 -999 -999 -999 -999 -999 -999 -999 -999 -999 -999 -999 -999 -999 -999 -999 -999
msst_long_ml_r25 1 0.418 1.181 0.786 2.979 1.339 0.513 1.92 1.405 NA 1 2.548 1.557 1.031 0 -2.67 -0.311 1.421 0.3 2.031 NA NA NA NA NA NA NA NA NA NA
msst_wide_bayes_r25 1 0.418 1.181 0.787 2.985 1.344 0.513 1.927 1.411 NA 1 2.585 1.57 1.037 0 -2.751 -0.34 1.404 0.302 2.032 NA NA NA NA NA NA NA NA NA NA
msst_long_bayes_r25 1 0.419 1.185 0.789 2.951 1.322 0.514 1.905 1.366 NA 1 2.557 1.563 1.036 0 -2.705 -0.329 1.411 0.31 2.037 NA NA NA NA NA NA NA NA NA NA
cuts_wide_ml_r25 -999 -999 -999 -999 -999 -999 -999 -999 -999 -999 -999 -999 -999 -999 -999 -999 -999 -999 -999 -999 -999 -999 -999 -999 -999 -999 -999 -999 -999 -999
cuts_long_ml_r25 1 0.496 1.261 0.817 1.921 1.005 0.494 1.58 0.816 NA 1 0.908 1.24 0.823 2.032 2.504 2.854 3.525 1.274 NA 0.421 0.967 0.229 0.624 NA NA NA NA NA NA
cuts_wide_bayes_r25 1 0.496 1.262 0.818 1.919 1.009 0.495 1.582 0.817 NA 1 0.918 1.25 0.83 2.024 2.491 2.846 3.516 1.295 NA 0.45 1.022 0.252 0.659 NA NA NA NA NA NA
cuts_long_bayes_r25 1 0.496 1.262 0.817 1.92 1.009 0.496 1.583 0.817 NA 1 0.915 1.249 0.83 2.034 2.505 2.857 3.525 1.293 NA 0.45 1.02 0.257 0.657 NA NA NA NA NA NA
tso_wide_ml_r25 -999 -999 -999 -999 -999 -999 -999 -999 -999 -999 -999 -999 -999 -999 -999 -999 -999 -999 -999 -999 -999 -999 -999 -999 -999 -999 -999 -999 -999 -999
tso_wide_bayes_r25 1 0.496 1.262 0.818 1.92 1.007 0.495 1.585 0.818 0.011 NA NA NA NA 2.032 2.495 2.851 3.522 NA NA 1.883 2.23 2.433 1.646 1.163 1.756 1.627 1.219 1.094 1.391
tso_long_bayes_r25 1 0.496 1.263 0.818 1.921 1.007 0.495 1.583 0.818 0.011 NA NA NA NA 1.945 2.431 2.745 3.474 NA NA 1.892 2.245 2.447 1.656 1.174 1.773 1.638 1.228 1.104 1.405
msst_wide_ml_r26 -999 -999 -999 -999 -999 -999 -999 -999 -999 -999 -999 -999 -999 -999 -999 -999 -999 -999 -999 -999 -999 -999 -999 -999 -999 -999 -999 -999 -999 -999
msst_long_ml_r26 1 0.406 1.248 0.768 3.06 1.444 0.57 1.78 1.657 NA 1 2.168 1.453 1.283 0 -1.655 0.077 0.947 0.394 1.84 NA NA NA NA NA NA NA NA NA NA
msst_wide_bayes_r26 1 0.407 1.248 0.768 3.064 1.45 0.571 1.785 1.664 NA 1 2.188 1.461 1.292 0 -1.695 0.063 0.933 0.4 1.84 NA NA NA NA NA NA NA NA NA NA
msst_long_bayes_r26 1 0.406 1.25 0.766 3.032 1.419 0.575 1.76 1.607 NA 1 2.122 1.443 1.29 0 -1.555 0.097 0.94 0.426 1.835 NA NA NA NA NA NA NA NA NA NA
cuts_wide_ml_r26 -999 -999 -999 -999 -999 -999 -999 -999 -999 -999 -999 -999 -999 -999 -999 -999 -999 -999 -999 -999 -999 -999 -999 -999 -999 -999 -999 -999 -999 -999
cuts_long_ml_r26 1 0.488 1.282 0.781 2.099 0.994 0.531 1.431 0.795 NA 1 0.907 1.306 0.994 1.848 2.335 2.757 3.313 1.261 NA 0.563 0.863 0.334 0.806 NA NA NA NA NA NA
cuts_wide_bayes_r26 1 0.488 1.283 0.782 2.098 0.997 0.532 1.433 0.797 NA 1 0.926 1.332 1.022 1.845 2.33 2.751 3.308 1.246 NA 0.609 0.911 0.365 0.848 NA NA NA NA NA NA
cuts_long_bayes_r26 1 0.488 1.282 0.782 2.098 0.996 0.532 1.433 0.797 NA 1 0.917 1.322 1.009 1.845 2.334 2.756 3.313 1.268 NA 0.605 0.911 0.363 0.849 NA NA NA NA NA NA
tso_wide_ml_r26 -999 -999 -999 -999 -999 -999 -999 -999 -999 -999 -999 -999 -999 -999 -999 -999 -999 -999 -999 -999 -999 -999 -999 -999 -999 -999 -999 -999 -999 -999
tso_wide_bayes_r26 1 0.488 1.283 0.782 2.085 0.997 0.532 1.43 0.797 -0.058 NA NA NA NA 1.843 2.322 2.749 3.305 NA NA 2.053 2.107 2.794 2.289 1.209 1.878 1.654 1.388 1.369 1.804
tso_long_bayes_r26 1 0.488 1.283 0.781 2.084 0.996 0.532 1.431 0.798 -0.059 NA NA NA NA 1.828 2.315 2.725 3.285 NA NA 2.038 2.106 2.773 2.274 1.206 1.863 1.648 1.374 1.363 1.785
msst_wide_ml_r27 -999 -999 -999 -999 -999 -999 -999 -999 -999 -999 -999 -999 -999 -999 -999 -999 -999 -999 -999 -999 -999 -999 -999 -999 -999 -999 -999 -999 -999 -999
msst_long_ml_r27 1 0.421 1.303 0.845 2.738 1.566 0.567 1.757 1.549 NA 1 1.48 1.182 0.757 0 -0.392 0.664 2.153 0.823 1.834 NA NA NA NA NA NA NA NA NA NA
msst_wide_bayes_r27 1 0.421 1.305 0.846 2.739 1.573 0.569 1.761 1.554 NA 1 1.484 1.183 0.757 0 -0.398 0.664 2.152 0.848 1.832 NA NA NA NA NA NA NA NA NA NA
msst_long_bayes_r27 1 0.422 1.307 0.846 2.693 1.535 0.571 1.743 1.505 NA 1 1.449 1.18 0.759 0 -0.336 0.671 2.15 0.892 1.836 NA NA NA NA NA NA NA NA NA NA
cuts_wide_ml_r27 -999 -999 -999 -999 -999 -999 -999 -999 -999 -999 -999 -999 -999 -999 -999 -999 -999 -999 -999 -999 -999 -999 -999 -999 -999 -999 -999 -999 -999 -999
cuts_long_ml_r27 1 0.526 1.309 0.814 1.879 0.965 0.503 1.522 0.78 NA 1 0.791 1.221 0.834 1.831 2.323 2.825 3.536 1.713 NA 0.583 0.753 0.259 0.775 NA NA NA NA NA NA
cuts_wide_bayes_r27 1 0.525 1.31 0.813 1.879 0.967 0.504 1.525 0.781 NA 1 0.799 1.237 0.84 1.825 2.322 2.82 3.529 1.734 NA 0.624 0.8 0.277 0.823 NA NA NA NA NA NA
cuts_long_bayes_r27 1 0.526 1.31 0.814 1.879 0.966 0.504 1.525 0.782 NA 1 0.798 1.233 0.841 1.837 2.326 2.829 3.537 1.733 NA 0.623 0.797 0.28 0.82 NA NA NA NA NA NA
tso_wide_ml_r27 -999 -999 -999 -999 -999 -999 -999 -999 -999 -999 -999 -999 -999 -999 -999 -999 -999 -999 -999 -999 -999 -999 -999 -999 -999 -999 -999 -999 -999 -999
tso_wide_bayes_r27 1 0.526 1.31 0.814 1.881 0.967 0.504 1.525 0.782 0.023 NA NA NA NA 1.812 2.304 2.8 3.518 NA NA 2.543 2.029 3.124 2.185 1.539 2.307 1.822 1.562 1.219 1.948
tso_long_bayes_r27 1 0.526 1.31 0.814 1.881 0.966 0.504 1.525 0.782 0.023 NA NA NA NA 1.754 2.257 2.73 3.469 NA NA 2.565 2.029 3.139 2.19 1.548 2.331 1.83 1.574 1.223 1.964
msst_wide_ml_r28 -999 -999 -999 -999 -999 -999 -999 -999 -999 -999 -999 -999 -999 -999 -999 -999 -999 -999 -999 -999 -999 -999 -999 -999 -999 -999 -999 -999 -999 -999
msst_long_ml_r28 1 0.415 1.278 0.802 2.999 1.462 0.535 1.625 1.552 NA 1 2.154 1.261 1.082 0 -1.849 0.366 1.35 0.462 1.957 NA NA NA NA NA NA NA NA NA NA
msst_wide_bayes_r28 1 0.415 1.279 0.802 3.001 1.47 0.536 1.628 1.558 NA 1 2.169 1.263 1.085 0 -1.872 0.363 1.347 0.472 1.956 NA NA NA NA NA NA NA NA NA NA
msst_long_bayes_r28 1 0.415 1.278 0.801 2.979 1.436 0.537 1.62 1.506 NA 1 2.162 1.271 1.093 0 -1.86 0.346 1.333 0.476 1.955 NA NA NA NA NA NA NA NA NA NA
cuts_wide_ml_r28 -999 -999 -999 -999 -999 -999 -999 -999 -999 -999 -999 -999 -999 -999 -999 -999 -999 -999 -999 -999 -999 -999 -999 -999 -999 -999 -999 -999 -999 -999
cuts_long_ml_r28 1 0.498 1.285 0.81 1.977 0.979 0.503 1.547 0.793 NA 1 0.864 1.259 0.912 1.959 2.366 2.838 3.461 1.455 NA 0.485 1.114 0.125 0.727 NA NA NA NA NA NA
cuts_wide_bayes_r28 1 0.498 1.285 0.81 1.978 0.981 0.503 1.55 0.794 NA 1 0.863 1.261 0.919 1.939 2.343 2.818 3.445 1.49 NA 0.509 1.166 0.158 0.762 NA NA NA NA NA NA
cuts_long_bayes_r28 1 0.498 1.286 0.811 1.975 0.982 0.503 1.549 0.794 NA 1 0.873 1.261 0.92 1.959 2.368 2.84 3.462 1.481 NA 0.509 1.161 0.156 0.761 NA NA NA NA NA NA
tso_wide_ml_r28 -999 -999 -999 -999 -999 -999 -999 -999 -999 -999 -999 -999 -999 -999 -999 -999 -999 -999 -999 -999 -999 -999 -999 -999 -999 -999 -999 -999 -999 -999
tso_wide_bayes_r28 1 0.498 1.285 0.81 1.978 0.982 0.503 1.55 0.795 0.006 NA NA NA NA 1.951 2.362 2.831 3.456 NA NA 2.154 2.445 2.716 2.153 1.399 2.05 1.733 1.41 1.41 1.86
tso_long_bayes_r28 1 0.498 1.285 0.81 1.978 0.982 0.504 1.549 0.795 0.006 NA NA NA NA 1.951 2.352 2.821 3.442 NA NA 2.156 2.435 2.715 2.152 1.394 2.046 1.725 1.408 1.407 1.856
msst_wide_ml_r29 -999 -999 -999 -999 -999 -999 -999 -999 -999 -999 -999 -999 -999 -999 -999 -999 -999 -999 -999 -999 -999 -999 -999 -999 -999 -999 -999 -999 -999 -999
msst_long_ml_r29 1 0.413 1.232 0.85 2.99 1.436 0.532 1.775 1.593 NA 1 2.23 1.202 1.064 0 -1.971 0.686 1.427 0.275 1.914 NA NA NA NA NA NA NA NA NA NA
msst_wide_bayes_r29 1 0.414 1.232 0.851 2.996 1.44 0.532 1.782 1.598 NA 1 2.266 1.209 1.07 0 -2.037 0.675 1.419 0.274 1.912 NA NA NA NA NA NA NA NA NA NA
msst_long_bayes_r29 1 0.411 1.237 0.848 2.957 1.413 0.538 1.755 1.545 NA 1 2.16 1.197 1.073 0 -1.822 0.698 1.411 0.305 1.909 NA NA NA NA NA NA NA NA NA NA
cuts_wide_ml_r29 -999 -999 -999 -999 -999 -999 -999 -999 -999 -999 -999 -999 -999 -999 -999 -999 -999 -999 -999 -999 -999 -999 -999 -999 -999 -999 -999 -999 -999 -999
cuts_long_ml_r29 1 0.492 1.314 0.811 1.952 1.035 0.51 1.491 0.747 NA 1 0.7 1.121 0.993 1.912 2.296 2.982 3.459 1.286 NA 0.418 0.801 0.242 0.788 NA NA NA NA NA NA
cuts_wide_bayes_r29 1 0.493 1.314 0.811 1.952 1.038 0.51 1.496 0.748 NA 1 0.711 1.136 1.007 1.906 2.297 2.976 3.453 1.288 NA 0.453 0.841 0.26 0.838 NA NA NA NA NA NA
cuts_long_bayes_r29 1 0.493 1.315 0.811 1.951 1.038 0.511 1.494 0.749 NA 1 0.705 1.133 1.001 1.91 2.294 2.98 3.456 1.297 NA 0.452 0.847 0.261 0.837 NA NA NA NA NA NA
tso_wide_ml_r29 -999 -999 -999 -999 -999 -999 -999 -999 -999 -999 -999 -999 -999 -999 -999 -999 -999 -999 -999 -999 -999 -999 -999 -999 -999 -999 -999 -999 -999 -999
tso_wide_bayes_r29 1 0.492 1.315 0.811 1.954 1.036 0.511 1.495 0.749 0.018 NA NA NA NA 1.91 2.298 2.98 3.456 NA NA 1.895 1.585 2.065 2.28 0.978 1.598 1.121 1.425 0.988 1.578
tso_long_bayes_r29 1 0.493 1.315 0.811 1.953 1.038 0.511 1.493 0.748 0.019 NA NA NA NA 1.875 2.255 2.936 3.425 NA NA 1.891 1.586 2.07 2.29 0.979 1.598 1.124 1.422 0.991 1.582
msst_wide_ml_r30 -999 -999 -999 -999 -999 -999 -999 -999 -999 -999 -999 -999 -999 -999 -999 -999 -999 -999 -999 -999 -999 -999 -999 -999 -999 -999 -999 -999 -999 -999
msst_long_ml_r30 1 0.431 1.265 0.9 2.906 1.554 0.529 1.822 1.596 NA 1 1.659 1.105 0.52 0 -0.887 0.737 2.46 0.545 2.06 NA NA NA NA NA NA NA NA NA NA
msst_wide_bayes_r30 1 0.432 1.265 0.901 2.91 1.561 0.529 1.828 1.601 NA 1 1.672 1.108 0.519 0 -0.913 0.73 2.462 0.556 2.059 NA NA NA NA NA NA NA NA NA NA
msst_long_bayes_r30 1 0.431 1.27 0.9 2.87 1.525 0.533 1.805 1.557 NA 1 1.62 1.099 0.527 0 -0.811 0.745 2.445 0.595 2.057 NA NA NA NA NA NA NA NA NA NA
cuts_wide_ml_r30 -999 -999 -999 -999 -999 -999 -999 -999 -999 -999 -999 -999 -999 -999 -999 -999 -999 -999 -999 -999 -999 -999 -999 -999 -999 -999 -999 -999 -999 -999
cuts_long_ml_r30 1 0.496 1.311 0.802 1.962 1.002 0.508 1.529 0.819 NA 1 0.731 1.142 0.845 2.059 2.531 3.015 3.526 1.542 NA 0.545 0.753 0.196 0.887 NA NA NA NA NA NA
cuts_wide_bayes_r30 1 0.496 1.313 0.803 1.96 1.005 0.508 1.529 0.821 NA 1 0.737 1.15 0.851 2.069 2.538 3.028 3.531 1.566 NA 0.581 0.796 0.215 0.941 NA NA NA NA NA NA
cuts_long_bayes_r30 1 0.496 1.312 0.802 1.962 1.004 0.509 1.532 0.821 NA 1 0.737 1.147 0.848 2.059 2.531 3.015 3.526 1.573 NA 0.578 0.794 0.221 0.937 NA NA NA NA NA NA
tso_wide_ml_r30 -999 -999 -999 -999 -999 -999 -999 -999 -999 -999 -999 -999 -999 -999 -999 -999 -999 -999 -999 -999 -999 -999 -999 -999 -999 -999 -999 -999 -999 -999
tso_wide_bayes_r30 1 0.496 1.313 0.803 1.961 1.004 0.508 1.532 0.82 -0.001 NA NA NA NA 2.045 2.519 2.997 3.511 NA NA 2.314 1.756 2.454 2.221 1.289 1.935 1.436 1.472 0.932 1.671
tso_long_bayes_r30 1 0.496 1.312 0.802 1.961 1.004 0.508 1.533 0.821 -0.001 NA NA NA NA 2.022 2.51 2.978 3.478 NA NA 2.318 1.75 2.46 2.217 1.291 1.94 1.437 1.473 0.927 1.672
msst_wide_ml_r31 -999 -999 -999 -999 -999 -999 -999 -999 -999 -999 -999 -999 -999 -999 -999 -999 -999 -999 -999 -999 -999 -999 -999 -999 -999 -999 -999 -999 -999 -999
msst_long_ml_r31 1 0.411 1.269 0.799 3.114 1.667 0.514 1.609 1.437 NA 1 2.339 1.368 0.883 0 -2.272 0.207 1.717 0.418 1.988 NA NA NA NA NA NA NA NA NA NA
msst_wide_bayes_r31 1 0.411 1.269 0.799 3.117 1.674 0.514 1.614 1.442 NA 1 2.361 1.375 0.886 0 -2.317 0.193 1.711 0.425 1.985 NA NA NA NA NA NA NA NA NA NA
msst_long_bayes_r31 1 0.411 1.27 0.798 3.095 1.636 0.516 1.601 1.399 NA 1 2.332 1.374 0.888 0 -2.277 0.191 1.702 0.436 1.994 NA NA NA NA NA NA NA NA NA NA
cuts_wide_ml_r31 -999 -999 -999 -999 -999 -999 -999 -999 -999 -999 -999 -999 -999 -999 -999 -999 -999 -999 -999 -999 -999 -999 -999 -999 -999 -999 -999 -999 -999 -999
cuts_long_ml_r31 1 0.496 1.311 0.793 1.9 1.051 0.491 1.468 0.793 NA 1 0.837 1.288 0.831 1.975 2.379 2.929 3.471 1.59 NA 0.651 1.251 0.042 0.665 NA NA NA NA NA NA
cuts_wide_bayes_r31 1 0.496 1.313 0.794 1.898 1.054 0.492 1.47 0.795 NA 1 0.845 1.272 0.84 1.987 2.389 2.943 3.485 1.642 NA 0.661 1.298 0.101 0.684 NA NA NA NA NA NA
cuts_long_bayes_r31 1 0.496 1.312 0.793 1.9 1.054 0.492 1.471 0.795 NA 1 0.845 1.274 0.839 1.969 2.376 2.921 3.465 1.645 NA 0.658 1.296 0.111 0.683 NA NA NA NA NA NA
tso_wide_ml_r31 -999 -999 -999 -999 -999 -999 -999 -999 -999 -999 -999 -999 -999 -999 -999 -999 -999 -999 -999 -999 -999 -999 -999 -999 -999 -999 -999 -999 -999 -999
tso_wide_bayes_r31 1 0.497 1.313 0.794 1.9 1.053 0.492 1.471 0.795 0.014 NA NA NA NA 1.962 2.371 2.92 3.466 NA NA 2.491 2.624 2.977 1.955 1.465 2.273 1.893 1.445 1.251 1.884
tso_long_bayes_r31 1 0.496 1.311 0.793 1.9 1.054 0.492 1.471 0.793 0.015 NA NA NA NA 1.975 2.384 2.925 3.49 NA NA 2.472 2.614 2.961 1.948 1.459 2.255 1.883 1.438 1.252 1.874
msst_wide_ml_r32 -999 -999 -999 -999 -999 -999 -999 -999 -999 -999 -999 -999 -999 -999 -999 -999 -999 -999 -999 -999 -999 -999 -999 -999 -999 -999 -999 -999 -999 -999
msst_long_ml_r32 1 0.449 1.214 0.847 2.951 1.431 0.499 1.964 1.586 NA 1 2.214 1.351 0.544 0 -2.021 0.359 2.357 0.325 1.999 NA NA NA NA NA NA NA NA NA NA
msst_wide_bayes_r32 1 0.45 1.215 0.847 2.951 1.439 0.499 1.969 1.59 NA 1 2.248 1.362 0.543 0 -2.083 0.337 2.358 0.325 1.996 NA NA NA NA NA NA NA NA NA NA
msst_long_bayes_r32 1 0.449 1.216 0.847 2.937 1.404 0.501 1.949 1.538 NA 1 2.203 1.349 0.545 0 -1.992 0.368 2.356 0.34 1.996 NA NA NA NA NA NA NA NA NA NA
cuts_wide_ml_r32 -999 -999 -999 -999 -999 -999 -999 -999 -999 -999 -999 -999 -999 -999 -999 -999 -999 -999 -999 -999 -999 -999 -999 -999 -999 -999 -999 -999 -999 -999
cuts_long_ml_r32 1 0.494 1.276 0.789 2.056 0.985 0.501 1.54 0.77 NA 1 0.86 1.235 0.804 1.994 2.403 3.065 3.44 1.191 NA 0.463 0.799 0.246 0.967 NA NA NA NA NA NA
cuts_wide_bayes_r32 1 0.494 1.276 0.789 2.055 0.987 0.501 1.543 0.772 NA 1 0.861 1.241 0.807 1.997 2.41 3.069 3.447 1.217 NA 0.489 0.848 0.274 1.02 NA NA NA NA NA NA
cuts_long_bayes_r32 1 0.494 1.276 0.789 2.058 0.988 0.501 1.542 0.771 NA 1 0.863 1.245 0.811 1.996 2.402 3.064 3.442 1.209 NA 0.492 0.85 0.272 1.02 NA NA NA NA NA NA
tso_wide_ml_r32 -999 -999 -999 -999 -999 -999 -999 -999 -999 -999 -999 -999 -999 -999 -999 -999 -999 -999 -999 -999 -999 -999 -999 -999 -999 -999 -999 -999 -999 -999
tso_wide_bayes_r32 1 0.495 1.276 0.789 2.046 0.988 0.501 1.543 0.772 -0.041 NA NA NA NA 2.004 2.416 3.075 3.447 NA NA 1.84 1.862 2.306 1.936 1.127 1.625 1.42 1.127 0.812 1.312
tso_long_bayes_r32 1 0.495 1.277 0.789 2.046 0.99 0.501 1.542 0.772 -0.041 NA NA NA NA 1.955 2.389 3.034 3.385 NA NA 1.844 1.858 2.307 1.942 1.129 1.628 1.424 1.13 0.81 1.318
msst_wide_ml_r33 -999 -999 -999 -999 -999 -999 -999 -999 -999 -999 -999 -999 -999 -999 -999 -999 -999 -999 -999 -999 -999 -999 -999 -999 -999 -999 -999 -999 -999 -999
msst_long_ml_r33 1 0.397 1.126 0.794 3.636 1.286 0.514 2.145 1.723 NA 1 2.865 1.688 1.003 0 -2.85 -0.326 1.585 0.176 1.87 NA NA NA NA NA NA NA NA NA NA
msst_wide_bayes_r33 1 0.398 1.126 0.794 3.643 1.29 0.513 2.154 1.729 NA 1 2.963 1.72 1.015 0 -3.038 -0.387 1.559 0.17 1.868 NA NA NA NA NA NA NA NA NA NA
msst_long_bayes_r33 1 0.396 1.13 0.794 3.605 1.267 0.517 2.121 1.674 NA 1 2.757 1.666 1 0 -2.646 -0.285 1.593 0.196 1.869 NA NA NA NA NA NA NA NA NA NA
cuts_wide_ml_r33 -999 -999 -999 -999 -999 -999 -999 -999 -999 -999 -999 -999 -999 -999 -999 -999 -999 -999 -999 -999 -999 -999 -999 -999 -999 -999 -999 -999 -999 -999
cuts_long_ml_r33 1 0.476 1.278 0.775 2.074 0.971 0.507 1.562 0.77 NA 1 0.654 1.116 0.875 1.869 2.507 2.823 3.448 1.583 NA 0.472 0.876 0.376 0.971 NA NA NA NA NA NA
cuts_wide_bayes_r33 1 0.477 1.279 0.775 2.073 0.973 0.508 1.564 0.772 NA 1 0.658 1.131 0.881 1.849 2.496 2.802 3.432 1.596 NA 0.513 0.923 0.398 1.03 NA NA NA NA NA NA
cuts_long_bayes_r33 1 0.477 1.279 0.775 2.073 0.974 0.508 1.564 0.772 NA 1 0.66 1.128 0.882 1.87 2.508 2.821 3.447 1.599 NA 0.513 0.925 0.404 1.03 NA NA NA NA NA NA
tso_wide_ml_r33 -999 -999 -999 -999 -999 -999 -999 -999 -999 -999 -999 -999 -999 -999 -999 -999 -999 -999 -999 -999 -999 -999 -999 -999 -999 -999 -999 -999 -999 -999
tso_wide_bayes_r33 1 0.477 1.278 0.775 2.073 0.974 0.508 1.564 0.771 0.005 NA NA NA NA 1.873 2.512 2.833 3.455 NA NA 2.286 1.724 2.612 2.42 1.037 1.956 1.365 1.629 0.975 1.645
tso_long_bayes_r33 1 0.476 1.278 0.775 2.074 0.973 0.508 1.566 0.771 0.005 NA NA NA NA 1.893 2.511 2.862 3.477 NA NA 2.283 1.717 2.6 2.416 1.039 1.951 1.365 1.628 0.974 1.64
msst_wide_ml_r34 -999 -999 -999 -999 -999 -999 -999 -999 -999 -999 -999 -999 -999 -999 -999 -999 -999 -999 -999 -999 -999 -999 -999 -999 -999 -999 -999 -999 -999 -999
msst_long_ml_r34 1 0.456 1.141 0.803 4.052 1.265 0.481 1.951 1.305 NA 1 77.517 19.345 -3.469 0 -142.642 -33.474 9.9 0 1.87 NA NA NA NA NA NA NA NA NA NA
msst_wide_bayes_r34 -999 -999 -999 -999 -999 -999 -999 -999 -999 -999 -999 -999 -999 -999 -999 -999 -999 -999 -999 -999 -999 -999 -999 -999 -999 -999 -999 -999 -999 -999
msst_long_bayes_r34 1 0.455 1.128 0.823 3.892 1.277 0.497 2.05 1.338 NA 1 19.751 4.88 -0.526 0 -33.665 -6.182 4.338 0.003 1.822 NA NA NA NA NA NA NA NA NA NA
cuts_wide_ml_r34 -999 -999 -999 -999 -999 -999 -999 -999 -999 -999 -999 -999 -999 -999 -999 -999 -999 -999 -999 -999 -999 -999 -999 -999 -999 -999 -999 -999 -999 -999
cuts_long_ml_r34 1 0.489 1.302 0.765 2.126 0.888 0.505 1.505 0.792 NA 1 0.474 1.023 0.855 1.873 2.341 2.704 3.401 1.838 NA 0.457 0.888 0.277 0.538 NA NA NA NA NA NA
cuts_wide_bayes_r34 1 0.489 1.302 0.766 2.126 0.89 0.506 1.508 0.794 NA 1 0.477 1.037 0.861 1.851 2.328 2.684 3.383 1.866 NA 0.495 0.934 0.292 0.58 NA NA NA NA NA NA
cuts_long_bayes_r34 1 0.489 1.304 0.765 2.125 0.891 0.506 1.507 0.794 NA 1 0.481 1.035 0.862 1.872 2.341 2.704 3.401 1.863 NA 0.499 0.934 0.292 0.576 NA NA NA NA NA NA
tso_wide_ml_r34 -999 -999 -999 -999 -999 -999 -999 -999 -999 -999 -999 -999 -999 -999 -999 -999 -999 -999 -999 -999 -999 -999 -999 -999 -999 -999 -999 -999 -999 -999
tso_wide_bayes_r34 1 0.489 1.303 0.766 2.124 0.89 0.506 1.508 0.794 -0.008 NA NA NA NA 1.848 2.324 2.679 3.379 NA NA 2.539 1.448 2.458 2.084 0.889 2.071 1.093 1.785 0.736 1.765
tso_long_bayes_r34 1 0.489 1.303 0.766 2.123 0.89 0.507 1.508 0.793 -0.008 NA NA NA NA 1.878 2.363 2.73 3.393 NA NA 2.553 1.453 2.469 2.098 0.895 2.084 1.1 1.795 0.74 1.773
msst_wide_ml_r35 -999 -999 -999 -999 -999 -999 -999 -999 -999 -999 -999 -999 -999 -999 -999 -999 -999 -999 -999 -999 -999 -999 -999 -999 -999 -999 -999 -999 -999 -999
msst_long_ml_r35 1 0.472 1.313 0.923 2.724 1.721 0.504 1.923 1.615 NA 1 1.836 1.022 0.409 0 -1.339 1.002 2.709 0.495 2.219 NA NA NA NA NA NA NA NA NA NA
msst_wide_bayes_r35 1 0.473 1.314 0.923 2.728 1.729 0.505 1.93 1.62 NA 1 1.855 1.025 0.406 0 -1.383 0.996 2.716 0.501 2.219 NA NA NA NA NA NA NA NA NA NA
msst_long_bayes_r35 1 0.472 1.313 0.923 2.709 1.684 0.508 1.919 1.57 NA 1 1.812 1.032 0.409 0 -1.278 0.977 2.706 0.527 2.216 NA NA NA NA NA NA NA NA NA NA
cuts_wide_ml_r35 -999 -999 -999 -999 -999 -999 -999 -999 -999 -999 -999 -999 -999 -999 -999 -999 -999 -999 -999 -999 -999 -999 -999 -999 -999 -999 -999 -999 -999 -999
cuts_long_ml_r35 1 0.502 1.258 0.808 1.993 1.012 0.501 1.668 0.819 NA 1 0.81 1.289 0.868 2.215 2.735 3.27 3.62 1.279 NA 0.662 0.937 0.182 0.909 NA NA NA NA NA NA
cuts_wide_bayes_r35 1 0.503 1.26 0.809 1.99 1.015 0.501 1.669 0.821 NA 1 0.823 1.301 0.886 2.216 2.731 3.273 3.621 1.28 NA 0.696 0.983 0.215 0.958 NA NA NA NA NA NA
cuts_long_bayes_r35 1 0.502 1.259 0.808 1.994 1.014 0.501 1.671 0.821 NA 1 0.821 1.297 0.875 2.219 2.739 3.272 3.623 1.291 NA 0.69 0.979 0.218 0.961 NA NA NA NA NA NA
tso_wide_ml_r35 -999 -999 -999 -999 -999 -999 -999 -999 -999 -999 -999 -999 -999 -999 -999 -999 -999 -999 -999 -999 -999 -999 -999 -999 -999 -999 -999 -999 -999 -999
tso_wide_bayes_r35 1 0.501 1.257 0.807 1.998 1.01 0.502 1.671 0.822 0.053 NA NA NA NA 2.215 2.736 3.266 3.618 NA NA 2.147 1.97 2.559 2.076 1.295 1.802 1.453 1.151 0.871 1.616
tso_long_bayes_r35 1 0.502 1.258 0.807 1.998 1.011 0.502 1.673 0.823 0.054 NA NA NA NA 2.258 2.779 3.323 3.652 NA NA 2.143 1.964 2.552 2.077 1.292 1.799 1.447 1.148 0.867 1.617
msst_wide_ml_r36 -999 -999 -999 -999 -999 -999 -999 -999 -999 -999 -999 -999 -999 -999 -999 -999 -999 -999 -999 -999 -999 -999 -999 -999 -999 -999 -999 -999 -999 -999
msst_long_ml_r36 1 0.449 1.258 0.839 3.31 1.465 0.515 1.853 1.799 NA 1 2.426 1.293 0.623 0 -2.669 0.266 2.039 0.319 2.121 NA NA NA NA NA NA NA NA NA NA
msst_wide_bayes_r36 1 0.45 1.258 0.84 3.315 1.472 0.515 1.862 1.804 NA 1 2.475 1.302 0.623 0 -2.771 0.245 2.04 0.316 2.123 NA NA NA NA NA NA NA NA NA NA
msst_long_bayes_r36 1 0.45 1.261 0.84 3.286 1.442 0.518 1.838 1.745 NA 1 2.423 1.289 0.628 0 -2.652 0.277 2.029 0.336 2.116 NA NA NA NA NA NA NA NA NA NA
cuts_wide_ml_r36 -999 -999 -999 -999 -999 -999 -999 -999 -999 -999 -999 -999 -999 -999 -999 -999 -999 -999 -999 -999 -999 -999 -999 -999 -999 -999 -999 -999 -999 -999
cuts_long_ml_r36 1 0.521 1.347 0.801 1.99 1 0.512 1.479 0.778 NA 1 0.743 1.172 0.826 2.126 2.477 3.003 3.359 1.649 NA 0.463 1.101 0.259 1.102 NA NA NA NA NA NA
cuts_wide_bayes_r36 1 0.521 1.347 0.801 1.99 1.003 0.513 1.482 0.779 NA 1 0.741 1.177 0.826 2.114 2.47 2.988 3.351 1.688 NA 0.492 1.163 0.284 1.167 NA NA NA NA NA NA
cuts_long_bayes_r36 1 0.521 1.348 0.802 1.99 1.002 0.513 1.483 0.779 NA 1 0.744 1.182 0.83 2.126 2.478 3.004 3.359 1.676 NA 0.495 1.162 0.283 1.17 NA NA NA NA NA NA
tso_wide_ml_r36 -999 -999 -999 -999 -999 -999 -999 -999 -999 -999 -999 -999 -999 -999 -999 -999 -999 -999 -999 -999 -999 -999 -999 -999 -999 -999 -999 -999 -999 -999
tso_wide_bayes_r36 1 0.521 1.348 0.801 1.993 1.002 0.513 1.482 0.78 0.011 NA NA NA NA 2.116 2.473 2.993 3.35 NA NA 2.348 2.226 2.803 2.479 1.336 2.136 1.606 1.548 1.048 1.763
tso_long_bayes_r36 1 0.521 1.348 0.802 1.991 1.002 0.513 1.482 0.779 0.011 NA NA NA NA 2.07 2.445 2.938 3.278 NA NA 2.344 2.23 2.795 2.476 1.338 2.133 1.605 1.544 1.046 1.753
msst_wide_ml_r37 1 0.382 1.181 0.84 3.121 1.388 0.539 1.839 1.551 NA 1 1.878 1.346 1.203 0 -1.25 0.32 1.107 0.577 2.097 NA NA NA NA NA NA NA NA NA NA
msst_long_ml_r37 1 0.382 1.182 0.84 3.118 1.387 0.539 1.838 1.548 NA 1 1.876 1.346 1.203 0 -1.245 0.321 1.107 0.578 2.097 NA NA NA NA NA NA NA NA NA NA
msst_wide_bayes_r37 1 0.383 1.182 0.841 3.123 1.391 0.54 1.846 1.555 NA 1 1.891 1.351 1.209 0 -1.277 0.311 1.095 0.589 2.097 NA NA NA NA NA NA NA NA NA NA
msst_long_bayes_r37 1 0.382 1.186 0.837 3.077 1.365 0.543 1.819 1.504 NA 1 1.835 1.337 1.207 0 -1.173 0.337 1.096 0.625 2.099 NA NA NA NA NA NA NA NA NA NA
cuts_wide_ml_r37 1 0.488 1.322 0.823 1.97 0.98 0.489 1.492 0.796 NA 1 0.893 1.16 1.063 2.095 2.689 3.143 3.633 1.544 NA 0.558 0.833 0.219 0.71 NA NA NA NA NA NA
cuts_long_ml_r37 1 0.488 1.322 0.823 1.97 0.98 0.489 1.492 0.796 NA 1 0.893 1.161 1.063 2.095 2.689 3.143 3.633 1.544 NA 0.558 0.833 0.219 0.71 NA NA NA NA NA NA
cuts_wide_bayes_r37 1 0.489 1.323 0.824 1.969 0.983 0.489 1.495 0.797 NA 1 0.899 1.168 1.072 2.105 2.701 3.154 3.64 1.563 NA 0.592 0.883 0.239 0.754 NA NA NA NA NA NA
cuts_long_bayes_r37 1 0.489 1.323 0.824 1.969 0.983 0.489 1.495 0.798 NA 1 0.903 1.171 1.073 2.098 2.692 3.146 3.634 1.559 NA 0.594 0.879 0.241 0.751 NA NA NA NA NA NA
tso_wide_ml_r37 1 0.488 1.322 0.824 1.967 0.98 0.489 1.492 0.796 -0.018 NA NA NA NA 2.095 2.689 3.143 3.633 NA NA 2.106 2.067 2.3 2.455 1.3 1.793 1.639 1.708 1.46 1.88
tso_wide_bayes_r37 1 0.488 1.322 0.824 1.968 0.982 0.49 1.494 0.798 -0.018 NA NA NA NA 2.104 2.711 3.154 3.641 NA NA 2.341 2.299 2.567 2.736 1.438 1.994 1.823 1.899 1.619 2.095
tso_long_bayes_r37 1 0.489 1.323 0.824 1.967 0.982 0.49 1.494 0.798 -0.019 NA NA NA NA 2.197 2.777 3.272 3.734 NA NA 2.341 2.298 2.574 2.73 1.442 1.997 1.822 1.896 1.622 2.091
msst_wide_ml_r38 -999 -999 -999 -999 -999 -999 -999 -999 -999 -999 -999 -999 -999 -999 -999 -999 -999 -999 -999 -999 -999 -999 -999 -999 -999 -999 -999 -999 -999 -999
msst_long_ml_r38 1 0.446 1.234 0.901 2.776 1.471 0.508 1.963 1.504 NA 1 2.304 1.569 0.864 0 -1.984 -0.238 1.669 0.383 1.944 NA NA NA NA NA NA NA NA NA NA
msst_wide_bayes_r38 1 0.447 1.234 0.902 2.778 1.475 0.509 1.971 1.51 NA 1 2.321 1.575 0.865 0 -2.014 -0.25 1.669 0.391 1.944 NA NA NA NA NA NA NA NA NA NA
msst_long_bayes_r38 1 0.446 1.234 0.899 2.763 1.443 0.511 1.943 1.462 NA 1 2.285 1.573 0.873 0 -1.969 -0.259 1.648 0.403 1.949 NA NA NA NA NA NA NA NA NA NA
cuts_wide_ml_r38 -999 -999 -999 -999 -999 -999 -999 -999 -999 -999 -999 -999 -999 -999 -999 -999 -999 -999 -999 -999 -999 -999 -999 -999 -999 -999 -999 -999 -999 -999
cuts_long_ml_r38 1 0.491 1.296 0.821 2.029 0.992 0.507 1.485 0.758 NA 1 1.135 1.423 1.027 1.942 2.495 2.805 3.355 0.985 NA 0.592 0.828 0.262 0.831 NA NA NA NA NA NA
cuts_wide_bayes_r38 1 0.491 1.297 0.822 2.028 0.994 0.507 1.49 0.76 NA 1 1.153 1.441 1.041 1.939 2.488 2.801 3.351 0.986 NA 0.628 0.879 0.287 0.879 NA NA NA NA NA NA
cuts_long_bayes_r38 1 0.491 1.296 0.821 2.03 0.994 0.508 1.488 0.76 NA 1 1.155 1.45 1.047 1.944 2.494 2.806 3.358 0.984 NA 0.63 0.881 0.286 0.875 NA NA NA NA NA NA
tso_wide_ml_r38 -999 -999 -999 -999 -999 -999 -999 -999 -999 -999 -999 -999 -999 -999 -999 -999 -999 -999 -999 -999 -999 -999 -999 -999 -999 -999 -999 -999 -999 -999
tso_wide_bayes_r38 1 0.491 1.296 0.821 2.029 0.993 0.508 1.488 0.761 -0.018 NA NA NA NA 1.943 2.489 2.802 3.357 NA NA 1.761 2.332 2.517 2.09 1.233 1.534 1.794 1.235 1.158 1.598
tso_long_bayes_r38 1 0.491 1.296 0.821 2.026 0.993 0.508 1.487 0.76 -0.018 NA NA NA NA 1.937 2.472 2.8 3.347 NA NA 1.748 2.315 2.509 2.086 1.226 1.524 1.787 1.23 1.146 1.597
msst_wide_ml_r39 1 0.471 1.214 0.835 3.287 1.379 0.502 1.843 1.545 NA 1 3.092 1.419 0.695 0 -4.071 0.146 2.305 0.178 2.205 NA NA NA NA NA NA NA NA NA NA
msst_long_ml_r39 1 0.471 1.214 0.835 3.286 1.377 0.502 1.841 1.542 NA 1 3.088 1.419 0.695 0 -4.064 0.146 2.304 0.179 2.205 NA NA NA NA NA NA NA NA NA NA
msst_wide_bayes_r39 1 0.472 1.213 0.835 3.292 1.382 0.502 1.85 1.548 NA 1 3.141 1.431 0.696 0 -4.169 0.12 2.302 0.178 2.205 NA NA NA NA NA NA NA NA NA NA
msst_long_bayes_r39 1 0.47 1.215 0.835 3.266 1.357 0.506 1.823 1.498 NA 1 3.004 1.406 0.692 0 -3.892 0.172 2.31 0.197 2.206 NA NA NA NA NA NA NA NA NA NA
cuts_wide_ml_r39 1 0.527 1.239 0.787 2.067 1.017 0.502 1.462 0.774 NA 1 0.754 1.254 0.885 2.2 2.746 3.282 3.837 1.347 NA 0.415 1.097 0.266 0.807 NA NA NA NA NA NA
cuts_long_ml_r39 1 0.527 1.238 0.787 2.067 1.017 0.502 1.462 0.775 NA 1 0.754 1.254 0.885 2.2 2.746 3.282 3.837 1.347 NA 0.415 1.097 0.266 0.807 NA NA NA NA NA NA
cuts_wide_bayes_r39 1 0.527 1.239 0.787 2.068 1.019 0.503 1.464 0.775 NA 1 0.762 1.262 0.883 2.203 2.75 3.283 3.838 1.37 NA 0.447 1.156 0.287 0.856 NA NA NA NA NA NA
cuts_long_bayes_r39 1 0.527 1.24 0.787 2.066 1.019 0.503 1.466 0.776 NA 1 0.76 1.267 0.89 2.2 2.746 3.286 3.837 1.362 NA 0.449 1.158 0.282 0.858 NA NA NA NA NA NA
tso_wide_ml_r39 1 0.527 1.239 0.787 2.067 1.017 0.502 1.462 0.775 0.005 NA NA NA NA 2.2 2.746 3.282 3.837 NA NA 1.762 1.862 2.381 1.863 0.994 1.683 1.299 1.223 0.845 1.487
tso_wide_bayes_r39 1 0.528 1.24 0.787 2.065 1.02 0.503 1.464 0.777 0.005 NA NA NA NA 2.18 2.726 3.254 3.82 NA NA 1.97 2.067 2.657 2.075 1.104 1.876 1.442 1.359 0.937 1.654
tso_long_bayes_r39 1 0.528 1.239 0.788 2.066 1.02 0.503 1.465 0.775 0.005 NA NA NA NA 2.151 2.741 3.226 3.798 NA NA 1.95 2.059 2.635 2.064 1.092 1.859 1.428 1.348 0.926 1.639
msst_wide_ml_r40 -999 -999 -999 -999 -999 -999 -999 -999 -999 -999 -999 -999 -999 -999 -999 -999 -999 -999 -999 -999 -999 -999 -999 -999 -999 -999 -999 -999 -999 -999
msst_long_ml_r40 1 0.441 1.255 0.876 3.153 1.378 0.513 1.791 1.705 NA 1 2.232 1.157 0.745 0 -1.541 0.74 2.125 0.36 1.952 NA NA NA NA NA NA NA NA NA NA
msst_wide_bayes_r40 1 0.442 1.256 0.877 3.156 1.385 0.513 1.796 1.712 NA 1 2.266 1.16 0.746 0 -1.609 0.732 2.123 0.361 1.953 NA NA NA NA NA NA NA NA NA NA
msst_long_bayes_r40 1 0.441 1.255 0.874 3.14 1.354 0.515 1.775 1.661 NA 1 2.233 1.151 0.75 0 -1.539 0.754 2.118 0.376 1.952 NA NA NA NA NA NA NA NA NA NA
cuts_wide_ml_r40 -999 -999 -999 -999 -999 -999 -999 -999 -999 -999 -999 -999 -999 -999 -999 -999 -999 -999 -999 -999 -999 -999 -999 -999 -999 -999 -999 -999 -999 -999
cuts_long_ml_r40 1 0.487 1.245 0.773 2.213 0.99 0.504 1.461 0.821 NA 1 0.813 1.227 1.01 1.951 2.815 2.999 3.571 1.322 NA 0.37 1.016 0.336 0.861 NA NA NA NA NA NA
cuts_wide_bayes_r40 1 0.487 1.245 0.773 2.214 0.993 0.505 1.463 0.822 NA 1 0.821 1.235 1.013 1.954 2.819 3 3.574 1.347 NA 0.399 1.077 0.361 0.916 NA NA NA NA NA NA
cuts_long_bayes_r40 1 0.487 1.245 0.773 2.214 0.991 0.505 1.465 0.822 NA 1 0.819 1.239 1.016 1.948 2.816 2.995 3.566 1.342 NA 0.398 1.072 0.361 0.914 NA NA NA NA NA NA
tso_wide_ml_r40 -999 -999 -999 -999 -999 -999 -999 -999 -999 -999 -999 -999 -999 -999 -999 -999 -999 -999 -999 -999 -999 -999 -999 -999 -999 -999 -999 -999 -999 -999
tso_wide_bayes_r40 1 0.487 1.246 0.773 2.216 0.992 0.505 1.465 0.822 0.005 NA NA NA NA 1.924 2.794 2.966 3.542 NA NA 1.883 2.097 2.596 2.459 1.246 1.789 1.462 1.481 1.103 1.852
tso_long_bayes_r40 1 0.487 1.245 0.773 2.214 0.993 0.505 1.464 0.822 0.005 NA NA NA NA 1.954 2.805 3.003 3.576 NA NA 1.885 2.096 2.591 2.466 1.246 1.789 1.46 1.479 1.101 1.85
msst_wide_ml_r41 -999 -999 -999 -999 -999 -999 -999 -999 -999 -999 -999 -999 -999 -999 -999 -999 -999 -999 -999 -999 -999 -999 -999 -999 -999 -999 -999 -999 -999 -999
msst_long_ml_r41 1 0.389 1.211 0.831 3.329 1.481 0.549 1.982 1.483 NA 1 1.787 1.261 0.829 0 -1.361 0.449 1.829 0.462 1.926 NA NA NA NA NA NA NA NA NA NA
msst_wide_bayes_r41 1 0.389 1.211 0.832 3.335 1.487 0.549 1.99 1.49 NA 1 1.803 1.264 0.831 0 -1.392 0.442 1.824 0.468 1.928 NA NA NA NA NA NA NA NA NA NA
msst_long_bayes_r41 1 0.387 1.213 0.83 3.286 1.451 0.554 1.959 1.443 NA 1 1.739 1.263 0.835 0 -1.271 0.446 1.815 0.504 1.929 NA NA NA NA NA NA NA NA NA NA
cuts_wide_ml_r41 -999 -999 -999 -999 -999 -999 -999 -999 -999 -999 -999 -999 -999 -999 -999 -999 -999 -999 -999 -999 -999 -999 -999 -999 -999 -999 -999 -999 -999 -999
cuts_long_ml_r41 1 0.486 1.266 0.818 2.026 0.956 0.512 1.486 0.797 NA 1 0.658 1.181 0.859 1.924 2.081 2.879 3.421 1.729 NA 0.549 0.789 0.439 0.687 NA NA NA NA NA NA
cuts_wide_bayes_r41 1 0.486 1.267 0.818 2.026 0.958 0.513 1.487 0.799 NA 1 0.661 1.192 0.862 1.928 2.079 2.884 3.427 1.758 NA 0.588 0.832 0.47 0.732 NA NA NA NA NA NA
cuts_long_bayes_r41 1 0.486 1.267 0.819 2.024 0.958 0.513 1.489 0.798 NA 1 0.663 1.194 0.865 1.925 2.083 2.88 3.424 1.745 NA 0.591 0.836 0.464 0.734 NA NA NA NA NA NA
tso_wide_ml_r41 -999 -999 -999 -999 -999 -999 -999 -999 -999 -999 -999 -999 -999 -999 -999 -999 -999 -999 -999 -999 -999 -999 -999 -999 -999 -999 -999 -999 -999 -999
tso_wide_bayes_r41 1 0.486 1.267 0.818 2.022 0.958 0.513 1.486 0.798 -0.011 NA NA NA NA 1.935 2.086 2.894 3.432 NA NA 2.534 1.704 3.17 2.181 1.244 2.263 1.508 1.666 1.051 1.945
tso_long_bayes_r41 1 0.486 1.267 0.818 2.026 0.959 0.513 1.489 0.798 -0.011 NA NA NA NA 1.922 2.085 2.864 3.429 NA NA 2.532 1.702 3.178 2.186 1.246 2.261 1.507 1.672 1.053 1.942
msst_wide_ml_r42 -999 -999 -999 -999 -999 -999 -999 -999 -999 -999 -999 -999 -999 -999 -999 -999 -999 -999 -999 -999 -999 -999 -999 -999 -999 -999 -999 -999 -999 -999
msst_long_ml_r42 1 0.461 1.367 0.768 2.717 1.536 0.485 1.587 1.651 NA 1 1.714 0.729 0.776 0 -0.814 1.507 2.086 0.701 1.787 NA NA NA NA NA NA NA NA NA NA
msst_wide_bayes_r42 1 0.461 1.367 0.769 2.72 1.543 0.485 1.594 1.656 NA 1 1.724 0.728 0.777 0 -0.831 1.51 2.083 0.717 1.787 NA NA NA NA NA NA NA NA NA NA
msst_long_bayes_r42 1 0.462 1.369 0.769 2.696 1.507 0.487 1.579 1.607 NA 1 1.696 0.734 0.778 0 -0.788 1.497 2.077 0.743 1.791 NA NA NA NA NA NA NA NA NA NA
cuts_wide_ml_r42 -999 -999 -999 -999 -999 -999 -999 -999 -999 -999 -999 -999 -999 -999 -999 -999 -999 -999 -999 -999 -999 -999 -999 -999 -999 -999 -999 -999 -999 -999
cuts_long_ml_r42 1 0.528 1.316 0.782 1.891 1.003 0.458 1.441 0.859 NA 1 0.828 1.001 0.725 1.783 2.25 2.807 3.475 1.703 NA 0.358 0.969 0.591 0.803 NA NA NA NA NA NA
cuts_wide_bayes_r42 1 0.528 1.316 0.782 1.892 1.005 0.459 1.445 0.86 NA 1 0.841 1.013 0.736 1.773 2.244 2.798 3.467 1.72 NA 0.396 1.024 0.63 0.844 NA NA NA NA NA NA
cuts_long_bayes_r42 1 0.528 1.316 0.783 1.891 1.004 0.458 1.445 0.86 NA 1 0.833 1.008 0.732 1.782 2.247 2.807 3.474 1.735 NA 0.391 1.025 0.631 0.847 NA NA NA NA NA NA
tso_wide_ml_r42 -999 -999 -999 -999 -999 -999 -999 -999 -999 -999 -999 -999 -999 -999 -999 -999 -999 -999 -999 -999 -999 -999 -999 -999 -999 -999 -999 -999 -999 -999
tso_wide_bayes_r42 1 0.528 1.316 0.783 1.892 1.005 0.458 1.446 0.86 0.015 NA NA NA NA 1.772 2.244 2.797 3.469 NA NA 2.29 2.359 2.559 1.883 1.608 1.916 1.393 1.265 1.252 1.456
tso_long_bayes_r42 1 0.528 1.316 0.783 1.891 1.005 0.459 1.446 0.86 0.015 NA NA NA NA 1.654 2.155 2.652 3.368 NA NA 2.31 2.374 2.581 1.898 1.622 1.938 1.407 1.284 1.263 1.472
msst_wide_ml_r43 -999 -999 -999 -999 -999 -999 -999 -999 -999 -999 -999 -999 -999 -999 -999 -999 -999 -999 -999 -999 -999 -999 -999 -999 -999 -999 -999 -999 -999 -999
msst_long_ml_r43 1 0.468 1.307 0.908 2.889 1.346 0.534 1.894 1.485 NA 1 4.822 2.635 0.806 0 -7.699 -2.399 1.717 0.056 2.129 NA NA NA NA NA NA NA NA NA NA
msst_wide_bayes_r43 1 0.471 1.308 0.908 2.897 1.351 0.533 1.902 1.489 NA 1 5.412 2.867 0.815 0 -8.958 -2.889 1.698 0.045 2.128 NA NA NA NA NA NA NA NA NA NA
msst_long_bayes_r43 1 0.468 1.306 0.906 2.887 1.319 0.536 1.876 1.444 NA 1 5.022 2.718 0.813 0 -8.061 -2.559 1.705 0.053 2.118 NA NA NA NA NA NA NA NA NA NA
cuts_wide_ml_r43 -999 -999 -999 -999 -999 -999 -999 -999 -999 -999 -999 -999 -999 -999 -999 -999 -999 -999 -999 -999 -999 -999 -999 -999 -999 -999 -999 -999 -999 -999
cuts_long_ml_r43 1 0.505 1.321 0.815 1.916 0.929 0.537 1.476 0.802 NA 1 0.794 1.531 1.04 2.134 2.57 3.215 3.432 0.921 NA 0.527 0.852 0.203 0.819 NA NA NA NA NA NA
cuts_wide_bayes_r43 1 0.506 1.322 0.816 1.914 0.933 0.538 1.479 0.803 NA 1 0.796 1.538 1.055 2.132 2.565 3.212 3.428 0.931 NA 0.55 0.902 0.245 0.853 NA NA NA NA NA NA
cuts_long_bayes_r43 1 0.505 1.322 0.816 1.916 0.931 0.539 1.478 0.804 NA 1 0.802 1.535 1.055 2.134 2.569 3.214 3.43 0.935 NA 0.549 0.9 0.247 0.853 NA NA NA NA NA NA
tso_wide_ml_r43 -999 -999 -999 -999 -999 -999 -999 -999 -999 -999 -999 -999 -999 -999 -999 -999 -999 -999 -999 -999 -999 -999 -999 -999 -999 -999 -999 -999 -999 -999
tso_wide_bayes_r43 1 0.505 1.322 0.815 1.916 0.931 0.538 1.479 0.803 -0.008 NA NA NA NA 2.134 2.567 3.215 3.435 NA NA 1.619 1.592 2.634 2.024 0.742 1.562 1.284 1.176 0.731 1.612
tso_long_bayes_r43 1 0.505 1.321 0.815 1.914 0.931 0.538 1.48 0.803 -0.008 NA NA NA NA 2.127 2.546 3.204 3.421 NA NA 1.608 1.582 2.625 2.019 0.735 1.547 1.279 1.171 0.722 1.609
msst_wide_ml_r44 -999 -999 -999 -999 -999 -999 -999 -999 -999 -999 -999 -999 -999 -999 -999 -999 -999 -999 -999 -999 -999 -999 -999 -999 -999 -999 -999 -999 -999 -999
msst_long_ml_r44 1 0.425 1.208 0.86 3.502 1.475 0.532 1.881 1.391 NA 1 1.647 1 0.523 0 -0.472 0.854 2.476 0.708 1.828 NA NA NA NA NA NA NA NA NA NA
msst_wide_bayes_r44 1 0.425 1.208 0.86 3.506 1.481 0.533 1.887 1.397 NA 1 1.652 1 0.523 0 -0.479 0.854 2.476 0.731 1.825 NA NA NA NA NA NA NA NA NA NA
msst_long_bayes_r44 1 0.425 1.211 0.86 3.463 1.441 0.536 1.862 1.353 NA 1 1.607 1.001 0.528 0 -0.405 0.85 2.466 0.773 1.829 NA NA NA NA NA NA NA NA NA NA
cuts_wide_ml_r44 -999 -999 -999 -999 -999 -999 -999 -999 -999 -999 -999 -999 -999 -999 -999 -999 -999 -999 -999 -999 -999 -999 -999 -999 -999 -999 -999 -999 -999 -999
cuts_long_ml_r44 1 0.505 1.281 0.809 2.168 0.938 0.504 1.505 0.76 NA 1 0.709 1.055 0.777 1.84 2.538 2.683 3.427 2.086 NA 0.487 0.973 0.335 0.739 NA NA NA NA NA NA
cuts_wide_bayes_r44 1 0.505 1.28 0.809 2.168 0.941 0.505 1.508 0.762 NA 1 0.716 1.063 0.783 1.819 2.519 2.665 3.416 2.114 NA 0.524 1.027 0.356 0.784 NA NA NA NA NA NA
cuts_long_bayes_r44 1 0.505 1.281 0.809 2.168 0.94 0.504 1.509 0.762 NA 1 0.714 1.061 0.78 1.841 2.534 2.682 3.426 2.132 NA 0.523 1.027 0.358 0.787 NA NA NA NA NA NA
tso_wide_ml_r44 -999 -999 -999 -999 -999 -999 -999 -999 -999 -999 -999 -999 -999 -999 -999 -999 -999 -999 -999 -999 -999 -999 -999 -999 -999 -999 -999 -999 -999 -999
tso_wide_bayes_r44 1 0.506 1.281 0.809 2.17 0.94 0.504 1.506 0.763 0.008 NA NA NA NA 1.841 2.539 2.685 3.423 NA NA 2.845 2.236 2.94 2.222 1.684 2.404 1.735 1.803 1.125 1.916
tso_long_bayes_r44 1 0.506 1.281 0.809 2.169 0.941 0.504 1.506 0.762 0.008 NA NA NA NA 1.864 2.523 2.718 3.482 NA NA 2.86 2.251 2.962 2.226 1.7 2.424 1.749 1.809 1.138 1.929
msst_wide_ml_r45 -999 -999 -999 -999 -999 -999 -999 -999 -999 -999 -999 -999 -999 -999 -999 -999 -999 -999 -999 -999 -999 -999 -999 -999 -999 -999 -999 -999 -999 -999
msst_long_ml_r45 1 0.402 1.32 0.798 2.623 1.661 0.61 1.455 1.948 NA 1 1.237 1.101 0.889 0 -0.132 0.801 1.665 1.057 1.963 NA NA NA NA NA NA NA NA NA NA
msst_wide_bayes_r45 1 0.402 1.319 0.798 2.627 1.667 0.611 1.464 1.956 NA 1 1.242 1.103 0.891 0 -0.141 0.797 1.661 1.085 1.963 NA NA NA NA NA NA NA NA NA NA
msst_long_bayes_r45 1 0.405 1.328 0.794 2.558 1.629 0.617 1.436 1.894 NA 1 1.205 1.098 0.897 0 -0.064 0.809 1.652 1.155 1.962 NA NA NA NA NA NA NA NA NA NA
cuts_wide_ml_r45 -999 -999 -999 -999 -999 -999 -999 -999 -999 -999 -999 -999 -999 -999 -999 -999 -999 -999 -999 -999 -999 -999 -999 -999 -999 -999 -999 -999 -999 -999
cuts_long_ml_r45 1 0.519 1.339 0.814 1.906 1.018 0.513 1.343 0.862 NA 1 0.755 1.131 0.86 1.957 2.293 2.963 3.417 1.795 NA 0.6 0.604 0.243 1.03 NA NA NA NA NA NA
cuts_wide_bayes_r45 1 0.52 1.34 0.815 1.907 1.02 0.514 1.345 0.863 NA 1 0.757 1.135 0.863 1.95 2.287 2.962 3.42 1.834 NA 0.638 0.641 0.268 1.087 NA NA NA NA NA NA
cuts_long_bayes_r45 1 0.519 1.339 0.815 1.905 1.02 0.513 1.346 0.864 NA 1 0.763 1.143 0.868 1.961 2.296 2.969 3.418 1.814 NA 0.641 0.64 0.261 1.093 NA NA NA NA NA NA
tso_wide_ml_r45 -999 -999 -999 -999 -999 -999 -999 -999 -999 -999 -999 -999 -999 -999 -999 -999 -999 -999 -999 -999 -999 -999 -999 -999 -999 -999 -999 -999 -999 -999
tso_wide_bayes_r45 1 0.519 1.34 0.815 1.907 1.02 0.514 1.344 0.864 0.004 NA NA NA NA 1.966 2.298 2.973 3.42 NA NA 2.657 1.798 2.82 2.615 1.497 2.246 1.686 1.692 1.296 1.932
tso_long_bayes_r45 1 0.519 1.34 0.815 1.905 1.02 0.513 1.347 0.863 0.003 NA NA NA NA 2.012 2.336 3.01 3.464 NA NA 2.665 1.805 2.835 2.611 1.511 2.261 1.699 1.69 1.298 1.935
msst_wide_ml_r46 -999 -999 -999 -999 -999 -999 -999 -999 -999 -999 -999 -999 -999 -999 -999 -999 -999 -999 -999 -999 -999 -999 -999 -999 -999 -999 -999 -999 -999 -999
msst_long_ml_r46 1 0.366 1.203 0.784 3.078 1.343 0.569 1.907 1.436 NA 1 1.457 1.294 1.138 0 -0.386 0.397 1.203 0.824 2.006 NA NA NA NA NA NA NA NA NA NA
msst_wide_bayes_r46 1 0.366 1.203 0.784 3.083 1.348 0.57 1.912 1.442 NA 1 1.464 1.295 1.14 0 -0.4 0.393 1.196 0.846 2.006 NA NA NA NA NA NA NA NA NA NA
msst_long_bayes_r46 1 0.368 1.209 0.781 3.013 1.329 0.573 1.882 1.391 NA 1 1.424 1.286 1.14 0 -0.326 0.406 1.197 0.892 2.01 NA NA NA NA NA NA NA NA NA NA
cuts_wide_ml_r46 -999 -999 -999 -999 -999 -999 -999 -999 -999 -999 -999 -999 -999 -999 -999 -999 -999 -999 -999 -999 -999 -999 -999 -999 -999 -999 -999 -999 -999 -999
cuts_long_ml_r46 1 0.495 1.281 0.801 1.995 1.014 0.475 1.505 0.783 NA 1 0.769 1.178 0.976 2.011 2.536 2.994 3.489 1.821 NA 0.41 0.689 0.427 0.599 NA NA NA NA NA NA
cuts_wide_bayes_r46 1 0.495 1.281 0.802 1.994 1.017 0.476 1.509 0.784 NA 1 0.779 1.187 0.987 2 2.525 2.983 3.479 1.849 NA 0.441 0.727 0.459 0.633 NA NA NA NA NA NA
cuts_long_bayes_r46 1 0.495 1.281 0.802 1.994 1.016 0.476 1.509 0.784 NA 1 0.775 1.187 0.983 2.013 2.537 2.997 3.487 1.856 NA 0.443 0.727 0.458 0.634 NA NA NA NA NA NA
tso_wide_ml_r46 -999 -999 -999 -999 -999 -999 -999 -999 -999 -999 -999 -999 -999 -999 -999 -999 -999 -999 -999 -999 -999 -999 -999 -999 -999 -999 -999 -999 -999 -999
tso_wide_bayes_r46 1 0.495 1.281 0.802 1.994 1.016 0.476 1.509 0.785 -0.012 NA NA NA NA 2.01 2.53 2.989 3.482 NA NA 2.473 1.953 3.285 2.589 1.476 2.39 1.854 1.992 1.552 2.268
tso_long_bayes_r46 1 0.495 1.282 0.802 1.991 1.017 0.476 1.509 0.784 -0.013 NA NA NA NA 1.898 2.466 2.855 3.405 NA NA 2.491 1.965 3.315 2.594 1.483 2.415 1.871 2.002 1.563 2.286
msst_wide_ml_r47 1 0.436 1.286 0.792 3.06 1.547 0.509 1.679 1.54 NA 1 3.233 1.565 1.356 0 -4.43 -0.231 0.734 0.184 2.14 NA NA NA NA NA NA NA NA NA NA
msst_long_ml_r47 1 0.436 1.286 0.792 3.059 1.546 0.509 1.678 1.537 NA 1 3.231 1.565 1.356 0 -4.425 -0.231 0.733 0.184 2.14 NA NA NA NA NA NA NA NA NA NA
msst_wide_bayes_r47 1 0.437 1.287 0.793 3.064 1.551 0.509 1.685 1.544 NA 1 3.325 1.583 1.381 0 -4.627 -0.27 0.679 0.18 2.14 NA NA NA NA NA NA NA NA NA NA
msst_long_bayes_r47 1 0.436 1.285 0.792 3.049 1.519 0.511 1.668 1.492 NA 1 3.263 1.583 1.377 0 -4.415 -0.26 0.705 0.189 2.126 NA NA NA NA NA NA NA NA NA NA
cuts_wide_ml_r47 1 0.495 1.282 0.812 2.047 1.067 0.498 1.425 0.788 NA 1 0.878 1.403 0.92 2.136 2.49 3.12 3.632 1.104 NA 0.55 1.167 0.223 0.737 NA NA NA NA NA NA
cuts_long_ml_r47 1 0.495 1.282 0.812 2.047 1.067 0.498 1.425 0.788 NA 1 0.878 1.403 0.92 2.136 2.49 3.12 3.632 1.104 NA 0.55 1.167 0.223 0.737 NA NA NA NA NA NA
cuts_wide_bayes_r47 1 0.495 1.282 0.812 2.047 1.07 0.499 1.429 0.789 NA 1 0.878 1.411 0.925 2.133 2.489 3.112 3.631 1.12 NA 0.584 1.228 0.253 0.776 NA NA NA NA NA NA
cuts_long_bayes_r47 1 0.495 1.283 0.812 2.046 1.07 0.499 1.427 0.79 NA 1 0.891 1.419 0.933 2.139 2.495 3.127 3.635 1.107 NA 0.588 1.225 0.251 0.774 NA NA NA NA NA NA
tso_wide_ml_r47 1 0.495 1.282 0.812 2.048 1.067 0.498 1.426 0.788 0.012 NA NA NA NA 2.136 2.49 3.12 3.632 NA NA 1.654 2.017 2.396 1.666 0.932 1.565 1.335 0.966 1.045 1.413
tso_wide_bayes_r47 1 0.495 1.283 0.813 2.048 1.07 0.498 1.428 0.789 0.012 NA NA NA NA 2.119 2.469 3.097 3.618 NA NA 1.842 2.237 2.66 1.852 1.034 1.732 1.474 1.074 1.157 1.569
tso_long_bayes_r47 1 0.495 1.283 0.812 2.048 1.07 0.499 1.428 0.79 0.012 NA NA NA NA 2.115 2.475 3.078 3.601 NA NA 1.839 2.236 2.667 1.847 1.031 1.737 1.475 1.07 1.153 1.568
msst_wide_ml_r48 1 0.373 1.25 0.815 2.796 1.445 0.555 1.627 1.672 NA 1 1.523 1.248 0.935 0 -0.591 0.445 1.602 0.61 1.949 NA NA NA NA NA NA NA NA NA NA
msst_long_ml_r48 1 0.373 1.25 0.815 2.794 1.443 0.556 1.626 1.669 NA 1 1.521 1.248 0.935 0 -0.587 0.446 1.602 0.612 1.949 NA NA NA NA NA NA NA NA NA NA
msst_wide_bayes_r48 1 0.373 1.251 0.815 2.796 1.449 0.556 1.632 1.675 NA 1 1.53 1.25 0.937 0 -0.607 0.439 1.598 0.625 1.949 NA NA NA NA NA NA NA NA NA NA
msst_long_bayes_r48 1 0.374 1.254 0.813 2.753 1.417 0.559 1.613 1.621 NA 1 1.485 1.24 0.941 0 -0.52 0.461 1.591 0.664 1.952 NA NA NA NA NA NA NA NA NA NA
cuts_wide_ml_r48 1 0.464 1.277 0.818 1.968 0.936 0.502 1.482 0.824 NA 1 0.742 1.209 0.863 1.952 2.377 2.874 3.423 1.447 NA 0.52 0.635 0.143 0.817 NA NA NA NA NA NA
cuts_long_ml_r48 1 0.464 1.277 0.818 1.967 0.936 0.502 1.482 0.824 NA 1 0.742 1.209 0.863 1.952 2.377 2.874 3.423 1.447 NA 0.52 0.635 0.143 0.817 NA NA NA NA NA NA
cuts_wide_bayes_r48 1 0.464 1.277 0.818 1.967 0.938 0.503 1.485 0.826 NA 1 0.75 1.215 0.871 1.948 2.372 2.87 3.418 1.465 NA 0.549 0.667 0.168 0.861 NA NA NA NA NA NA
cuts_long_bayes_r48 1 0.464 1.278 0.818 1.965 0.939 0.503 1.486 0.826 NA 1 0.746 1.211 0.869 1.954 2.376 2.875 3.423 1.479 NA 0.548 0.665 0.169 0.863 NA NA NA NA NA NA
tso_wide_ml_r48 1 0.464 1.276 0.818 1.962 0.936 0.502 1.484 0.823 -0.03 NA NA NA NA 1.952 2.377 2.874 3.423 NA NA 1.971 1.432 2.268 1.897 1.076 1.759 1.295 1.232 0.956 1.514
tso_wide_bayes_r48 1 0.465 1.277 0.818 1.961 0.939 0.503 1.486 0.824 -0.03 NA NA NA NA 1.934 2.362 2.854 3.406 NA NA 2.204 1.59 2.531 2.117 1.195 1.959 1.428 1.369 1.06 1.679
tso_long_bayes_r48 1 0.465 1.276 0.818 1.963 0.939 0.502 1.487 0.825 -0.031 NA NA NA NA 1.939 2.368 2.856 3.431 NA NA 2.191 1.59 2.534 2.106 1.195 1.955 1.441 1.366 1.062 1.682
msst_wide_ml_r49 -999 -999 -999 -999 -999 -999 -999 -999 -999 -999 -999 -999 -999 -999 -999 -999 -999 -999 -999 -999 -999 -999 -999 -999 -999 -999 -999 -999 -999 -999
msst_long_ml_r49 1 0.41 1.241 0.818 3.163 1.334 0.541 1.783 1.436 NA 1 2.149 1.306 1.006 0 -1.732 0.325 1.474 0.343 1.943 NA NA NA NA NA NA NA NA NA NA
msst_wide_bayes_r49 1 0.41 1.241 0.818 3.168 1.339 0.542 1.79 1.442 NA 1 2.168 1.31 1.009 0 -1.769 0.318 1.467 0.349 1.943 NA NA NA NA NA NA NA NA NA NA
msst_long_bayes_r49 1 0.409 1.243 0.816 3.129 1.309 0.545 1.775 1.398 NA 1 2.103 1.305 1.013 0 -1.656 0.317 1.454 0.375 1.947 NA NA NA NA NA NA NA NA NA NA
cuts_wide_ml_r49 -999 -999 -999 -999 -999 -999 -999 -999 -999 -999 -999 -999 -999 -999 -999 -999 -999 -999 -999 -999 -999 -999 -999 -999 -999 -999 -999 -999 -999 -999
cuts_long_ml_r49 1 0.495 1.279 0.783 2.04 0.918 0.507 1.606 0.793 NA 1 0.743 1.232 0.939 1.934 2.444 2.853 3.421 1.402 NA 0.456 0.874 0.164 0.619 NA NA NA NA NA NA
cuts_wide_bayes_r49 1 0.495 1.279 0.784 2.04 0.919 0.508 1.61 0.794 NA 1 0.742 1.241 0.944 1.926 2.437 2.843 3.41 1.435 NA 0.484 0.921 0.184 0.656 NA NA NA NA NA NA
cuts_long_bayes_r49 1 0.495 1.28 0.784 2.04 0.92 0.508 1.608 0.794 NA 1 0.748 1.239 0.946 1.933 2.444 2.849 3.42 1.43 NA 0.484 0.922 0.185 0.652 NA NA NA NA NA NA
tso_wide_ml_r49 -999 -999 -999 -999 -999 -999 -999 -999 -999 -999 -999 -999 -999 -999 -999 -999 -999 -999 -999 -999 -999 -999 -999 -999 -999 -999 -999 -999 -999 -999
tso_wide_bayes_r49 1 0.495 1.281 0.785 2.028 0.922 0.508 1.608 0.793 -0.044 NA NA NA NA 1.948 2.451 2.867 3.435 NA NA 2.071 1.831 2.56 2.063 1.152 1.928 1.422 1.456 1.092 1.804
tso_long_bayes_r49 1 0.495 1.281 0.784 2.028 0.922 0.508 1.608 0.793 -0.044 NA NA NA NA 1.928 2.438 2.843 3.405 NA NA 2.069 1.827 2.548 2.054 1.145 1.919 1.414 1.454 1.089 1.788
msst_wide_ml_r50 -999 -999 -999 -999 -999 -999 -999 -999 -999 -999 -999 -999 -999 -999 -999 -999 -999 -999 -999 -999 -999 -999 -999 -999 -999 -999 -999 -999 -999 -999
msst_long_ml_r50 1 0.468 1.304 0.873 2.786 1.194 0.529 1.711 1.746 NA 1 2.45 1.294 0.951 0 -2.521 0.319 1.314 0.331 2.135 NA NA NA NA NA NA NA NA NA NA
msst_wide_bayes_r50 1 0.468 1.303 0.873 2.788 1.199 0.529 1.717 1.752 NA 1 2.471 1.299 0.953 0 -2.563 0.308 1.307 0.338 2.137 NA NA NA NA NA NA NA NA NA NA
msst_long_bayes_r50 1 0.468 1.306 0.872 2.771 1.178 0.532 1.694 1.699 NA 1 2.462 1.299 0.966 0 -2.551 0.304 1.282 0.34 2.139 NA NA NA NA NA NA NA NA NA NA
cuts_wide_ml_r50 -999 -999 -999 -999 -999 -999 -999 -999 -999 -999 -999 -999 -999 -999 -999 -999 -999 -999 -999 -999 -999 -999 -999 -999 -999 -999 -999 -999 -999 -999
cuts_long_ml_r50 1 0.524 1.347 0.817 1.979 0.979 0.518 1.37 0.82 NA 1 0.964 1.253 0.996 2.138 2.708 3.077 3.346 1.118 NA 0.233 1.025 0.314 0.931 NA NA NA NA NA NA
cuts_wide_bayes_r50 1 0.525 1.348 0.817 1.978 0.982 0.519 1.373 0.821 NA 1 0.974 1.266 1.005 2.127 2.691 3.061 3.33 1.141 NA 0.254 1.083 0.336 0.98 NA NA NA NA NA NA
cuts_long_bayes_r50 1 0.524 1.348 0.818 1.978 0.982 0.519 1.371 0.821 NA 1 0.967 1.259 0.999 2.14 2.71 3.075 3.347 1.147 NA 0.252 1.085 0.338 0.986 NA NA NA NA NA NA
tso_wide_ml_r50 -999 -999 -999 -999 -999 -999 -999 -999 -999 -999 -999 -999 -999 -999 -999 -999 -999 -999 -999 -999 -999 -999 -999 -999 -999 -999 -999 -999 -999 -999
tso_wide_bayes_r50 1 0.524 1.348 0.817 1.981 0.983 0.518 1.372 0.822 0.009 NA NA NA NA 2.134 2.695 3.071 3.339 NA NA 1.508 2.286 2.307 2.272 1.18 1.553 1.51 1.251 1.158 1.539
tso_long_bayes_r50 1 0.524 1.348 0.817 1.98 0.983 0.519 1.373 0.82 0.009 NA NA NA NA 2.066 2.647 2.98 3.249 NA NA 1.505 2.288 2.299 2.271 1.183 1.553 1.513 1.252 1.164 1.54
