1	1	0	3	0	1
1	2	-1	3	1	1
1	3	3	4	4	3
1	4	0	3	1	2
1	5	0	3	0	1
1	6	1	4	2	1
1	7	0	3	-1	0
1	8	-2	2	-4	0
1	9	1	4	2	3
1	10	-1	4	0	3
1	11	1	4	2	1
1	12	1	3	2	4
1	13	2	6	5	3
1	14	1	3	4	3
1	15	1	3	1	0
1	16	0	4	0	2
1	17	1	4	0	3
1	18	1	3	1	3
1	19	0	2	-1	3
1	20	0	4	2	3
1	21	2	6	2	4
1	22	0	5	1	2
1	23	0	5	1	2
1	24	0	4	2	2
1	25	2	5	5	4
1	26	4	4	2	2
1	27	4	5	4	4
1	28	1	3	1	2
1	29	0	3	2	2
1	30	0	4	-1	2
1	31	1	4	1	2
1	32	-1	4	1	1
1	33	-1	1	0	1
1	34	0	1	2	1
1	35	3	5	3	3
1	36	1	3	3	5
1	37	3	4	6	4
1	38	3	4	4	2
1	39	1	3	0	3
1	40	1	4	0	1
2	1	1	2	3	2
2	2	1	2	1	1
2	3	4	3	2	3
2	4	1	3	-2	1
2	5	2	3	3	3
2	6	4	4	2	3
2	7	0	2	-1	1
2	8	1	3	4	2
2	9	6	5	7	5
2	10	1	3	1	0
2	11	3	5	4	1
2	12	1	3	0	0
2	13	3	4	4	3
2	14	1	4	3	2
2	15	4	4	5	5
2	16	-1	2	2	1
2	17	1	3	1	1
2	18	0	3	2	2
2	19	0	3	0	2
2	20	1	3	4	2
2	21	0	1	0	1
2	22	3	3	1	3
2	23	0	3	0	0
2	24	2	4	5	3
2	25	0	2	-1	0
2	26	1	4	1	0
2	27	2	4	3	3
2	28	2	4	3	3
2	29	1	3	1	1
2	30	1	3	1	1
2	31	3	5	3	1
2	32	1	2	-1	0
2	33	-1	1	2	1
2	34	2	3	2	3
2	35	2	3	0	1
2	36	2	3	5	3
2	37	4	3	4	4
2	38	1	4	2	2
2	39	0	4	0	0
2	40	3	4	1	1
3	1	4	3	5	4
3	2	4	4	3	5
3	3	0	3	3	3
3	4	3	5	4	5
3	5	2	2	4	4
3	6	2	4	4	4
3	7	3	5	4	4
3	8	4	1	2	3
3	9	4	4	6	4
3	10	1	3	2	2
3	11	0	2	-2	3
3	12	2	4	7	4
3	13	3	3	6	5
3	14	3	3	2	4
3	15	4	3	6	4
3	16	0	1	2	4
3	17	1	3	5	3
3	18	2	2	2	3
3	19	5	4	4	6
3	20	6	5	8	8
3	21	6	4	6	5
3	22	4	4	4	4
3	23	2	3	4	5
3	24	2	2	2	1
3	25	3	3	6	5
3	26	2	2	5	4
3	27	3	2	1	3
3	28	2	3	1	3
3	29	3	4	4	4
3	30	3	2	3	3
3	31	2	2	5	4
3	32	0	2	2	3
3	33	4	4	9	6
3	34	4	3	2	3
3	35	4	5	6	5
3	36	0	0	0	2
3	37	4	3	2	3
3	38	2	4	5	2
3	39	2	2	1	3
3	40	5	4	8	4
4	1	0	2	1	1
4	2	2	3	5	5
4	3	2	3	4	3
4	4	3	1	2	2
4	5	1	2	-2	2
4	6	2	3	4	4
4	7	2	3	2	3
4	8	2	2	1	2
4	9	0	2	1	2
4	10	4	5	4	7
4	11	2	1	1	3
4	12	-1	2	-2	2
4	13	4	3	4	3
4	14	1	2	3	2
4	15	0	0	0	1
4	16	0	1	-1	0
4	17	2	3	4	4
4	18	6	3	2	4
4	19	3	4	5	4
4	20	1	1	4	4
4	21	0	3	1	2
4	22	2	3	2	2
4	23	0	4	2	4
4	24	2	4	3	2
4	25	2	3	1	4
4	26	2	4	4	6
4	27	0	3	2	0
4	28	1	3	2	2
4	29	2	3	4	4
4	30	3	5	4	4
4	31	-2	0	0	1
4	32	1	2	4	3
4	33	2	5	2	3
4	34	0	1	0	1
4	35	2	4	3	4
4	36	0	3	0	2
4	37	4	3	3	4
4	38	3	3	3	4
4	39	1	3	1	4
4	40	2	3	2	2
5	1	1	2	2	6
5	2	2	2	5	5
5	3	4	4	5	6
5	4	2	1	2	4
5	5	-1	0	-2	1
5	6	0	1	1	3
5	7	2	2	4	3
5	8	2	1	2	5
5	9	1	2	4	4
5	10	3	2	6	5
5	11	0	1	2	3
5	12	2	1	2	3
5	13	2	2	2	4
5	14	1	2	2	2
5	15	2	1	4	3
5	16	-1	0	0	1
5	17	0	1	0	3
5	18	-1	0	1	4
5	19	-1	1	-1	4
5	20	0	2	0	2
5	21	2	2	3	5
5	22	2	2	7	5
5	23	0	0	0	3
5	24	0	1	0	2
5	25	0	1	0	2
5	26	1	2	1	3
5	27	0	2	2	4
5	28	1	2	4	5
5	29	0	1	1	4
5	30	-1	0	0	1
5	31	0	2	2	2
5	32	3	2	3	4
5	33	4	3	3	5
5	34	0	1	1	2
5	35	1	0	0	2
5	36	3	3	7	8
5	37	0	1	4	1
5	38	1	1	4	4
5	39	2	1	4	4
5	40	0	0	-1	2
6	1	4	2	3	2
6	2	3	2	4	1
6	3	1	1	5	4
6	4	3	2	4	4
6	5	0	3	4	2
6	6	3	3	5	3
6	7	4	4	8	4
6	8	3	3	3	1
6	9	3	3	6	4
6	10	5	5	8	4
6	11	4	5	9	6
6	12	4	4	5	3
6	13	4	4	6	4
6	14	3	5	4	5
6	15	5	4	8	6
6	16	5	3	7	5
6	17	5	5	7	4
6	18	3	3	3	2
6	19	4	4	7	4
6	20	3	5	7	4
6	21	2	3	5	2
6	22	1	1	2	0
6	23	4	5	9	4
6	24	1	3	2	2
6	25	2	3	6	3
6	26	5	3	4	4
6	27	7	4	7	6
6	28	3	2	6	2
6	29	3	1	2	2
6	30	7	3	7	5
6	31	6	4	9	6
6	32	4	3	7	4
6	33	1	0	2	0
6	34	5	5	7	5
6	35	3	3	3	3
6	36	4	4	8	3
6	37	3	2	6	3
6	38	4	4	7	4
6	39	3	3	3	2
6	40	7	5	10	5
7	1	0	2	2	5
7	2	4	3	4	4
7	3	4	4	7	6
7	4	2	2	4	4
7	5	1	2	2	4
7	6	0	1	-4	0
7	7	7	4	7	5
7	8	1	1	0	2
7	9	4	3	3	7
7	10	4	1	2	6
7	11	4	3	5	6
7	12	2	1	1	4
7	13	2	1	3	2
7	14	2	3	3	2
7	15	1	0	0	3
7	16	0	3	3	3
7	17	4	3	4	4
7	18	2	3	5	4
7	19	0	1	0	1
7	20	2	1	4	1
7	21	1	3	3	4
7	22	3	2	3	3
7	23	3	2	4	4
7	24	0	0	0	2
7	25	2	2	1	3
7	26	2	3	5	5
7	27	3	3	5	4
7	28	2	2	2	2
7	29	2	0	1	3
7	30	5	2	4	5
7	31	0	0	-1	4
7	32	0	0	0	1
7	33	4	3	0	4
7	34	-1	2	1	3
7	35	2	1	4	3
7	36	5	4	4	5
7	37	0	2	2	4
7	38	0	1	1	3
7	39	3	3	3	4
7	40	3	1	1	4
8	1	0	2	3	3
8	2	0	1	2	3
8	3	-1	0	1	1
8	4	0	0	0	1
8	5	-3	0	0	0
8	6	-2	0	0	1
8	7	0	1	3	4
8	8	-4	0	-5	1
8	9	-3	0	-2	0
8	10	-1	0	1	1
8	11	0	1	2	1
8	12	-1	0	1	1
8	13	0	1	2	4
8	14	0	0	0	3
8	15	-4	0	0	2
8	16	1	0	2	3
8	17	0	0	0	1
8	18	-1	0	1	2
8	19	0	1	2	1
8	20	-1	2	2	2
8	21	0	0	3	3
8	22	-1	0	0	2
8	23	-1	2	2	3
8	24	0	1	1	4
8	25	0	0	0	2
8	26	0	1	0	3
8	27	-2	0	0	1
8	28	3	2	5	4
8	29	-1	1	0	3
8	30	-2	2	-1	1
8	31	-4	0	-4	0
8	32	-1	0	0	0
8	33	0	0	0	3
8	34	0	0	1	2
8	35	0	0	1	4
8	36	0	0	1	3
8	37	0	1	0	2
8	38	1	1	2	3
8	39	0	0	-1	1
8	40	-3	0	0	3
9	1	-1	2	0	2
9	2	2	3	4	2
9	3	1	3	2	2
9	4	1	4	3	3
9	5	1	3	2	3
9	6	0	3	1	1
9	7	0	2	1	3
9	8	0	2	0	0
9	9	-2	1	1	0
9	10	0	2	0	0
9	11	3	4	4	2
9	12	0	2	1	1
9	13	2	4	4	3
9	14	2	5	6	4
9	15	0	3	0	3
9	16	1	4	2	1
9	17	-1	1	-2	2
9	18	-1	2	0	1
9	19	0	4	3	2
9	20	0	4	2	1
9	21	0	2	0	0
9	22	5	5	7	4
9	23	0	4	1	1
9	24	0	3	2	1
9	25	1	3	3	1
9	26	0	3	1	3
9	27	0	2	2	0
9	28	2	4	2	2
9	29	3	4	5	3
9	30	0	3	3	3
9	31	1	4	3	2
9	32	0	3	2	3
9	33	2	4	4	3
9	34	0	2	0	1
9	35	3	4	6	4
9	36	-2	3	0	0
9	37	-2	3	2	-1
9	38	0	1	2	1
9	39	2	5	2	1
9	40	3	4	4	4
10	1	4	3	6	3
10	2	2	1	3	3
10	3	-1	0	1	0
10	4	1	1	2	1
10	5	1	0	4	1
10	6	5	5	8	7
10	7	0	0	0	0
10	8	3	3	5	3
10	9	1	1	3	2
10	10	6	2	6	4
10	11	2	2	0	1
10	12	1	2	4	4
10	13	0	2	0	0
10	14	4	2	3	4
10	15	5	2	8	4
10	16	3	2	6	5
10	17	4	3	4	4
10	18	4	2	9	3
10	19	3	4	7	3
10	20	2	1	0	2
10	21	0	1	4	5
10	22	0	0	-1	1
10	23	0	2	2	2
10	24	1	2	5	5
10	25	3	0	4	6
10	26	3	2	2	5
10	27	1	2	1	3
10	28	1	1	2	2
10	29	0	2	0	1
10	30	1	1	3	3
10	31	1	1	0	3
10	32	4	2	1	4
10	33	1	1	1	1
10	34	4	1	6	4
10	35	2	2	2	3
10	36	2	2	2	1
10	37	0	1	5	6
10	38	2	2	3	3
10	39	2	1	4	2
10	40	1	1	3	2
11	1	2	2	3	5
11	2	0	3	4	4
11	3	3	3	5	5
11	4	5	3	9	5
11	5	4	4	7	6
11	6	0	2	5	5
11	7	4	3	9	7
11	8	2	5	5	5
11	9	2	4	5	4
11	10	2	4	7	5
11	11	5	4	9	8
11	12	0	1	4	3
11	13	4	4	5	4
11	14	1	2	2	2
11	15	4	5	6	7
11	16	6	5	7	7
11	17	6	3	10	6
11	18	1	3	1	1
11	19	2	3	6	5
11	20	6	4	9	6
11	21	2	3	5	3
11	22	2	3	5	5
11	23	3	3	5	4
11	24	3	4	7	6
11	25	3	4	7	5
11	26	5	3	9	5
11	27	2	5	4	5
11	28	2	4	8	5
11	29	6	5	12	7
11	30	2	2	5	5
11	31	3	4	5	5
11	32	1	4	2	1
11	33	2	3	7	4
11	34	3	3	5	4
11	35	1	2	5	4
11	36	2	3	3	4
11	37	3	3	6	5
11	38	2	2	5	4
11	39	5	2	5	5
11	40	4	4	10	5
12	1	3	3	6	6
12	2	2	2	2	3
12	3	-1	1	-2	1
12	4	2	1	1	2
12	5	1	1	0	4
12	6	3	3	1	2
12	7	1	2	0	1
12	8	3	5	6	4
12	9	2	3	3	4
12	10	0	2	0	2
12	11	3	3	3	4
12	12	-1	1	0	3
12	13	2	1	5	6
12	14	2	3	2	5
12	15	4	3	5	4
12	16	0	1	0	2
12	17	4	1	2	4
12	18	2	2	5	5
12	19	0	3	3	4
12	20	5	2	5	6
12	21	3	3	6	5
12	22	7	4	8	5
12	23	4	4	4	2
12	24	4	3	3	3
12	25	0	4	3	4
12	26	2	3	3	3
12	27	-1	0	0	0
12	28	1	1	0	2
12	29	3	3	4	3
12	30	1	2	2	3
12	31	2	2	1	6
12	32	-1	1	-3	0
12	33	1	0	-1	1
12	34	2	0	0	4
12	35	2	3	5	4
12	36	0	2	2	2
12	37	2	3	0	2
12	38	4	1	1	2
12	39	2	2	3	5
12	40	3	2	4	3
13	1	3	5	5	7
13	2	0	4	0	2
13	3	0	5	1	4
13	4	2	3	3	3
13	5	3	5	5	7
13	6	-2	2	0	6
13	7	1	6	3	3
13	8	1	4	5	5
13	9	0	3	1	2
13	10	2	5	6	6
13	11	2	3	2	5
13	12	0	3	1	4
13	13	1	3	2	6
13	14	0	4	2	4
13	15	0	4	3	5
13	16	0	3	2	3
13	17	4	3	3	6
13	18	0	3	0	2
13	19	1	3	0	3
13	20	1	4	3	3
13	21	0	4	0	4
13	22	1	2	-1	3
13	23	0	3	3	3
13	24	2	3	1	3
13	25	-1	4	-2	2
13	26	3	4	6	3
13	27	2	5	0	5
13	28	4	4	5	8
13	29	1	5	3	6
13	30	0	4	2	4
13	31	4	5	9	6
13	32	6	6	9	7
13	33	0	4	0	1
13	34	1	5	4	4
13	35	0	4	2	4
13	36	1	3	4	5
13	37	0	3	3	5
13	38	-1	2	0	3
13	39	3	3	3	4
13	40	2	5	6	6
14	1	0	1	3	3
14	2	1	2	2	2
14	3	3	3	4	3
14	4	2	3	3	3
14	5	0	2	-1	2
14	6	1	1	1	5
14	7	5	3	5	4
14	8	4	2	3	4
14	9	3	3	0	3
14	10	1	2	6	4
14	11	0	1	1	1
14	12	3	1	3	3
14	13	0	1	1	2
14	14	1	1	2	3
14	15	2	2	4	5
14	16	0	1	0	2
14	17	2	1	4	4
14	18	1	2	4	2
14	19	2	1	5	2
14	20	6	2	7	4
14	21	1	2	3	1
14	22	3	2	4	2
14	23	1	2	4	4
14	24	2	2	2	2
14	25	1	2	3	4
14	26	0	1	1	2
14	27	0	0	2	0
14	28	0	1	2	3
14	29	6	3	7	6
14	30	0	2	0	3
14	31	0	1	3	3
14	32	1	1	2	3
14	33	2	4	3	3
14	34	0	2	1	2
14	35	3	2	6	5
14	36	1	2	4	4
14	37	1	1	1	1
14	38	3	1	3	3
14	39	2	3	4	6
14	40	3	2	5	2
15	1	3	3	3	5
15	2	0	0	3	2
15	3	4	2	2	2
15	4	3	1	3	3
15	5	3	0	2	1
15	6	0	0	2	0
15	7	1	0	0	1
15	8	1	0	3	3
15	9	1	0	1	2
15	10	3	2	6	4
15	11	2	1	1	3
15	12	1	0	1	2
15	13	0	0	1	0
15	14	1	0	2	3
15	15	1	1	3	2
15	16	0	1	1	1
15	17	3	2	1	4
15	18	2	0	3	1
15	19	1	0	0	2
15	20	1	0	1	1
15	21	5	2	4	4
15	22	2	0	2	2
15	23	1	1	1	3
15	24	0	0	-3	1
15	25	3	2	3	3
15	26	0	0	1	0
15	27	0	0	0	0
15	28	2	1	4	4
15	29	0	0	0	1
15	30	0	1	0	0
15	31	4	1	4	4
15	32	-1	-1	0	0
15	33	4	1	5	3
15	34	2	1	5	4
15	35	1	0	-1	0
15	36	2	0	2	2
15	37	3	0	2	2
15	38	3	2	5	3
15	39	2	0	2	4
15	40	1	0	1	1
16	1	5	6	7	3
16	2	5	7	7	3
16	3	3	5	4	0
16	4	3	5	3	2
16	5	4	6	7	3
16	6	3	5	4	3
16	7	4	4	6	1
16	8	4	5	7	3
16	9	2	4	3	1
16	10	3	5	5	3
16	11	3	6	4	2
16	12	6	7	7	4
16	13	6	7	11	5
16	14	1	5	4	1
16	15	6	6	6	4
16	16	4	6	9	4
16	17	5	6	5	1
16	18	2	4	4	0
16	19	5	6	6	5
16	20	1	4	0	2
16	21	3	4	3	2
16	22	2	5	3	1
16	23	6	6	10	5
16	24	4	5	5	2
16	25	2	5	5	2
16	26	9	7	11	7
16	27	3	7	8	2
16	28	2	5	5	4
16	29	4	7	7	3
16	30	2	4	3	0
16	31	4	6	5	4
16	32	2	6	5	4
16	33	4	6	6	3
16	34	1	4	5	2
16	35	3	5	3	1
16	36	4	5	4	2
16	37	5	4	5	1
16	38	5	6	8	4
16	39	6	6	8	4
16	40	4	6	5	2
17	1	2	1	4	2
17	2	1	1	2	3
17	3	3	1	4	4
17	4	2	1	5	4
17	5	4	3	4	4
17	6	0	2	0	5
17	7	1	1	3	3
17	8	4	2	7	3
17	9	1	2	3	3
17	10	2	4	4	5
17	11	1	3	4	5
17	12	1	1	0	3
17	13	4	2	4	5
17	14	1	3	3	4
17	15	4	4	8	6
17	16	2	1	5	2
17	17	3	1	4	2
17	18	5	3	3	3
17	19	1	1	2	2
17	20	1	0	0	2
17	21	4	2	5	4
17	22	1	3	3	3
17	23	2	2	4	3
17	24	3	3	3	5
17	25	1	1	3	3
17	26	0	1	2	1
17	27	3	3	2	3
17	28	3	2	5	4
17	29	2	1	2	2
17	30	4	3	5	5
17	31	4	2	5	4
17	32	4	2	8	5
17	33	2	1	3	3
17	34	3	1	4	6
17	35	1	3	5	2
17	36	4	2	5	5
17	37	1	2	2	2
17	38	3	3	3	4
17	39	0	0	1	1
17	40	2	1	3	3
18	1	0	0	-1	1
18	2	0	0	-1	0
18	3	0	0	-1	0
18	4	-2	-1	-1	0
18	5	0	0	0	4
18	6	0	1	0	3
18	7	0	-2	-2	0
18	8	-2	0	-2	3
18	9	0	1	1	4
18	10	-3	-2	-8	0
18	11	0	-1	-1	0
18	12	2	0	5	2
18	13	3	2	2	4
18	14	0	0	0	1
18	15	-3	0	-3	2
18	16	0	0	0	1
18	17	-2	0	-1	0
18	18	2	0	2	2
18	19	-1	0	-1	0
18	20	0	0	1	2
18	21	1	0	-1	0
18	22	-2	-2	-2	0
18	23	1	0	0	1
18	24	-4	0	-3	0
18	25	-1	0	0	3
18	26	0	1	2	2
18	27	-2	-1	-2	0
18	28	-1	1	0	1
18	29	-2	0	0	0
18	30	1	0	1	2
18	31	-1	0	-2	3
18	32	-1	0	-1	1
18	33	0	0	0	1
18	34	-2	0	-2	0
18	35	-1	0	0	3
18	36	0	1	1	1
18	37	-4	-2	-4	0
18	38	-5	-2	-2	-1
18	39	-2	-2	-1	1
18	40	-2	-2	-6	0
19	1	3	2	7	5
19	2	2	1	2	2
19	3	0	0	-1	1
19	4	1	2	5	1
19	5	0	1	4	3
19	6	3	3	8	4
19	7	0	2	2	3
19	8	5	2	8	5
19	9	2	2	3	4
19	10	3	2	6	4
19	11	1	1	1	2
19	12	3	4	9	7
19	13	2	2	4	4
19	14	-1	0	2	3
19	15	2	2	4	5
19	16	-1	0	0	2
19	17	1	1	4	6
19	18	2	0	4	3
19	19	3	1	4	5
19	20	3	2	6	6
19	21	0	1	3	4
19	22	3	3	9	4
19	23	4	3	7	5
19	24	2	1	1	4
19	25	0	0	3	3
19	26	3	2	5	5
19	27	4	1	4	4
19	28	1	1	6	5
19	29	4	2	7	7
19	30	3	1	5	6
19	31	3	2	7	6
19	32	2	3	5	4
19	33	1	3	6	6
19	34	1	2	7	5
19	35	3	2	7	7
19	36	2	2	0	2
19	37	0	1	3	2
19	38	4	2	3	5
19	39	1	2	2	4
19	40	2	0	4	5
20	1	1	1	5	3
20	2	2	1	3	3
20	3	0	1	2	1
20	4	1	0	1	2
20	5	0	0	2	3
20	6	3	2	6	3
20	7	1	1	2	2
20	8	2	1	5	4
20	9	0	0	1	1
20	10	1	1	4	3
20	11	1	1	4	2
20	12	1	1	5	2
20	13	2	0	2	4
20	14	1	0	1	1
20	15	0	0	3	3
20	16	0	1	2	1
20	17	2	0	3	3
20	18	0	0	5	2
20	19	0	0	3	0
20	20	0	0	0	2
20	21	0	0	3	1
20	22	0	0	0	2
20	23	0	0	4	2
20	24	0	0	0	2
20	25	-1	1	-1	1
20	26	0	1	2	3
20	27	0	1	3	3
20	28	-2	0	-1	1
20	29	-1	-1	-1	0
20	30	0	0	0	0
20	31	1	1	6	3
20	32	3	2	6	5
20	33	0	1	4	1
20	34	3	1	4	3
20	35	0	0	6	3
20	36	0	0	2	3
20	37	1	0	4	2
20	38	1	0	0	0
20	39	0	0	0	1
20	40	0	0	6	4
21	1	0	0	0	3
21	2	0	0	0	4
21	3	0	0	0	2
21	4	1	0	1	5
21	5	0	2	2	2
21	6	3	0	4	5
21	7	-1	0	-2	2
21	8	1	1	0	4
21	9	0	0	0	3
21	10	0	0	2	2
21	11	4	1	3	4
21	12	-1	0	0	2
21	13	0	1	3	4
21	14	0	0	1	3
21	15	-1	0	0	4
21	16	2	1	1	4
21	17	0	1	1	2
21	18	0	0	-2	3
21	19	3	1	4	6
21	20	0	1	2	4
21	21	0	0	1	2
21	22	-1	0	-2	1
21	23	4	1	4	6
21	24	4	3	7	8
21	25	0	0	0	6
21	26	0	1	2	5
21	27	2	1	4	5
21	28	0	0	0	2
21	29	2	1	0	3
21	30	-1	0	-1	1
21	31	0	0	1	4
21	32	1	1	4	4
21	33	0	0	1	2
21	34	0	2	0	3
21	35	0	1	3	3
21	36	-1	0	-2	2
21	37	-1	2	3	4
21	38	-2	0	-1	2
21	39	1	0	0	4
21	40	0	0	0	4
22	1	1	2	3	2
22	2	2	4	6	5
22	3	1	2	1	2
22	4	0	1	1	3
22	5	0	2	1	3
22	6	0	1	1	1
22	7	0	2	0	0
22	8	1	4	4	5
22	9	1	2	1	2
22	10	0	3	4	2
22	11	3	2	1	3
22	12	-1	2	1	1
22	13	0	1	2	1
22	14	1	4	5	4
22	15	3	3	4	3
22	16	4	3	9	6
22	17	1	2	5	2
22	18	0	2	0	2
22	19	0	2	1	3
22	20	2	1	5	3
22	21	2	2	6	6
22	22	1	2	3	2
22	23	3	3	4	3
22	24	0	3	4	4
22	25	-1	1	0	1
22	26	0	2	4	2
22	27	0	4	3	4
22	28	2	3	3	6
22	29	3	2	4	3
22	30	0	3	5	2
22	31	0	1	2	3
22	32	-1	1	1	1
22	33	2	4	7	3
22	34	0	1	1	1
22	35	0	2	3	0
22	36	1	2	3	2
22	37	1	2	1	0
22	38	0	3	0	3
22	39	-1	2	1	1
22	40	0	3	4	3
23	1	0	3	1	3
23	2	0	2	2	2
23	3	2	3	1	3
23	4	0	2	1	1
23	5	1	2	4	3
23	6	-4	1	0	0
23	7	0	2	0	2
23	8	0	2	2	2
23	9	0	3	3	3
23	10	-2	1	0	1
23	11	-1	2	0	0
23	12	0	2	0	0
23	13	2	3	4	3
23	14	2	3	1	2
23	15	2	3	2	4
23	16	-1	0	-1	0
23	17	2	3	3	3
23	18	1	3	3	2
23	19	1	3	0	4
23	20	-1	2	0	2
23	21	-1	1	-3	1
23	22	0	1	0	2
23	23	3	2	2	4
23	24	0	1	2	1
23	25	0	3	1	1
23	26	2	3	3	3
23	27	1	2	2	0
23	28	2	3	2	3
23	29	-1	2	-3	0
23	30	1	1	-1	1
23	31	0	3	1	2
23	32	0	3	2	2
23	33	0	1	-2	0
23	34	0	2	0	3
23	35	2	3	0	3
23	36	0	3	0	3
23	37	0	3	-1	3
23	38	0	1	0	3
23	39	3	3	3	3
23	40	0	4	1	4
24	1	0	2	3	3
24	2	2	3	3	4
24	3	2	3	3	3
24	4	1	2	2	3
24	5	0	1	0	3
24	6	4	3	5	6
24	7	0	2	2	3
24	8	2	2	4	5
24	9	0	2	0	3
24	10	0	2	1	2
24	11	4	2	2	4
24	12	-1	2	-1	1
24	13	2	2	2	4
24	14	0	1	2	2
24	15	-2	0	-1	0
24	16	1	0	2	4
24	17	-2	0	-2	1
24	18	2	3	2	4
24	19	-1	1	2	3
24	20	1	1	0	3
24	21	3	2	2	4
24	22	2	3	5	3
24	23	0	3	0	3
24	24	3	4	4	4
24	25	0	3	2	4
24	26	0	2	0	2
24	27	0	2	-3	1
24	28	-2	0	-2	1
24	29	2	3	5	6
24	30	1	1	1	4
24	31	3	3	7	7
24	32	2	2	3	3
24	33	1	2	3	3
24	34	3	3	4	4
24	35	0	2	0	3
24	36	0	2	2	4
24	37	2	1	5	5
24	38	3	4	3	4
24	39	2	3	4	4
24	40	0	1	2	3
25	1	0	0	0	2
25	2	2	3	1	2
25	3	1	3	3	2
25	4	4	3	4	3
25	5	1	1	2	2
25	6	2	2	1	3
25	7	2	2	0	0
25	8	2	1	4	4
25	9	2	2	2	2
25	10	1	1	1	0
25	11	3	2	3	0
25	12	3	0	-2	2
25	13	2	0	-1	0
25	14	3	1	2	1
25	15	1	0	0	0
25	16	1	0	-2	1
25	17	3	2	3	3
25	18	1	1	1	0
25	19	-1	0	-1	0
25	20	1	1	1	3
25	21	3	1	2	3
25	22	2	1	5	3
25	23	4	1	0	1
25	24	4	2	2	4
25	25	1	2	1	1
25	26	3	2	4	4
25	27	2	0	1	2
25	28	3	0	2	2
25	29	4	3	5	4
25	30	1	2	3	4
25	31	2	3	5	3
25	32	0	0	1	0
25	33	1	1	1	1
25	34	7	3	5	4
25	35	1	0	-2	0
25	36	3	0	0	3
25	37	4	2	5	0
25	38	3	0	3	2
25	39	3	2	3	3
25	40	1	0	1	2
26	1	-3	0	-2	0
26	2	-2	0	0	0
26	3	-3	0	-1	0
26	4	1	0	2	2
26	5	0	2	2	1
26	6	3	3	3	3
26	7	2	1	1	2
26	8	-1	0	-2	0
26	9	0	1	3	2
26	10	1	2	2	1
26	11	0	0	1	0
26	12	-3	-1	-1	0
26	13	0	1	1	1
26	14	1	2	0	2
26	15	-1	1	1	1
26	16	0	2	1	1
26	17	0	2	0	1
26	18	1	1	1	1
26	19	0	0	0	1
26	20	0	1	1	1
26	21	0	1	1	0
26	22	0	2	-1	0
26	23	-1	0	0	0
26	24	-1	0	1	0
26	25	0	1	1	0
26	26	-1	1	2	2
26	27	0	2	1	3
26	28	-2	0	-1	0
26	29	-2	0	1	1
26	30	0	0	2	2
26	31	2	1	4	3
26	32	0	0	2	1
26	33	0	0	2	2
26	34	-2	0	0	0
26	35	0	1	0	2
26	36	0	2	1	2
26	37	0	0	1	1
26	38	0	1	1	2
26	39	1	1	2	0
26	40	0	0	2	1
27	1	4	3	5	7
27	2	4	2	6	7
27	3	3	1	6	7
27	4	4	2	6	6
27	5	4	3	2	7
27	6	6	3	9	8
27	7	3	2	3	6
27	8	3	4	5	6
27	9	0	3	0	4
27	10	3	2	6	5
27	11	4	1	6	8
27	12	2	2	3	7
27	13	0	0	1	5
27	14	5	2	3	9
27	15	4	3	5	6
27	16	2	1	2	5
27	17	2	4	5	6
27	18	0	1	1	7
27	19	2	1	4	6
27	20	2	4	5	5
27	21	4	3	2	6
27	22	3	3	5	6
27	23	3	2	3	8
27	24	2	2	4	5
27	25	4	1	3	4
27	26	2	0	2	5
27	27	3	3	7	6
27	28	3	2	4	7
27	29	2	2	2	5
27	30	1	2	1	5
27	31	3	2	8	8
27	32	1	1	2	5
27	33	3	2	1	5
27	34	2	1	1	6
27	35	0	0	4	3
27	36	4	2	4	7
27	37	4	2	4	5
27	38	2	3	2	8
27	39	3	2	3	6
27	40	1	1	3	6
28	1	1	1	1	3
28	2	4	2	5	5
28	3	0	1	0	1
28	4	3	2	5	3
28	5	-1	1	2	2
28	6	2	1	6	4
28	7	1	0	3	3
28	8	1	1	2	3
28	9	5	2	8	5
28	10	2	3	4	3
28	11	0	0	0	0
28	12	1	0	3	3
28	13	0	0	0	2
28	14	2	1	0	2
28	15	3	0	2	1
28	16	3	2	3	4
28	17	2	1	3	2
28	18	4	2	7	5
28	19	0	0	0	1
28	20	4	1	7	7
28	21	0	0	3	3
28	22	2	2	5	5
28	23	0	0	2	4
28	24	1	1	4	3
28	25	-2	0	1	1
28	26	1	1	4	2
28	27	4	4	5	5
28	28	3	2	6	4
28	29	3	3	5	6
28	30	4	2	6	2
28	31	3	2	5	6
28	32	3	2	6	4
28	33	4	3	4	3
28	34	0	2	0	2
28	35	0	1	1	3
28	36	0	0	0	0
28	37	1	2	4	4
28	38	3	3	4	4
28	39	3	1	5	5
28	40	0	2	4	3
29	1	-1	0	0	2
29	2	5	4	6	7
29	3	0	3	5	4
29	4	2	3	3	5
29	5	0	2	1	2
29	6	1	2	1	3
29	7	0	2	1	3
29	8	2	4	4	4
29	9	-1	2	1	2
29	10	0	2	2	4
29	11	-4	0	0	2
29	12	0	2	0	2
29	13	-3	1	-2	2
29	14	2	3	5	6
29	15	0	2	1	1
29	16	-1	3	0	1
29	17	3	3	3	5
29	18	1	3	3	5
29	19	-1	1	-1	4
29	20	0	2	2	3
29	21	-1	0	2	2
29	22	0	1	-1	1
29	23	2	3	5	5
29	24	3	4	5	5
29	25	0	2	7	6
29	26	0	2	0	4
29	27	-2	0	-1	1
29	28	-1	1	0	3
29	29	1	4	3	4
29	30	0	1	0	4
29	31	-3	0	-1	0
29	32	0	1	4	4
29	33	1	3	5	4
29	34	2	3	4	3
29	35	-1	2	0	2
29	36	-3	1	0	2
29	37	0	3	0	3
29	38	0	2	2	4
29	39	2	2	2	5
29	40	-4	1	-1	1
30	1	5	4	6	5
30	2	3	3	5	2
30	3	6	3	6	4
30	4	2	1	3	1
30	5	3	2	3	2
30	6	2	1	6	2
30	7	5	3	6	3
30	8	5	4	6	5
30	9	2	2	6	4
30	10	6	4	7	5
30	11	3	1	4	3
30	12	4	4	6	7
30	13	5	3	3	5
30	14	3	1	4	2
30	15	4	2	5	4
30	16	6	3	6	5
30	17	5	3	5	3
30	18	2	1	4	3
30	19	0	2	1	3
30	20	5	2	4	4
30	21	4	2	6	4
30	22	5	4	8	5
30	23	3	3	4	3
30	24	5	3	7	4
30	25	3	0	4	3
30	26	4	3	4	3
30	27	1	1	2	2
30	28	0	1	0	0
30	29	1	1	4	2
30	30	3	3	5	1
30	31	2	3	7	5
30	32	1	1	4	1
30	33	2	1	0	2
30	34	5	4	7	4
30	35	3	1	1	1
30	36	3	3	5	4
30	37	2	1	2	2
30	38	3	1	5	1
30	39	4	2	4	5
30	40	2	2	4	4
31	1	2	5	3	3
31	2	3	3	4	4
31	3	-1	2	0	-1
31	4	5	6	7	6
31	5	7	5	8	5
31	6	2	4	0	2
31	7	2	5	2	4
31	8	4	6	7	5
31	9	5	4	3	5
31	10	4	5	7	4
31	11	2	4	2	2
31	12	8	5	9	5
31	13	1	3	2	2
31	14	5	5	5	4
31	15	2	5	3	3
31	16	1	4	2	2
31	17	3	4	4	3
31	18	3	3	2	2
31	19	5	7	3	5
31	20	3	4	2	3
31	21	4	5	5	4
31	22	3	4	4	3
31	23	1	3	5	4
31	24	1	3	1	1
31	25	3	5	6	3
31	26	0	4	0	3
31	27	2	3	0	2
31	28	2	4	1	3
31	29	2	4	1	4
31	30	5	5	2	4
31	31	6	4	7	5
31	32	2	3	3	2
31	33	3	5	5	5
31	34	5	5	5	3
31	35	0	3	1	2
31	36	4	6	5	3
31	37	6	4	6	5
31	38	5	4	2	2
31	39	3	4	4	5
31	40	4	4	5	3
32	1	0	2	0	3
32	2	0	0	0	3
32	3	1	1	2	2
32	4	4	3	3	5
32	5	3	1	3	5
32	6	0	1	-1	2
32	7	-1	1	-1	2
32	8	2	2	2	3
32	9	4	2	3	4
32	10	2	3	2	3
32	11	2	1	1	1
32	12	3	1	5	4
32	13	2	1	0	2
32	14	0	2	0	4
32	15	3	1	1	4
32	16	4	3	4	6
32	17	2	2	4	3
32	18	3	1	2	3
32	19	0	2	-1	3
32	20	0	1	1	4
32	21	0	1	0	2
32	22	0	0	-2	2
32	23	0	3	0	3
32	24	0	2	3	1
32	25	5	4	5	7
32	26	0	1	-1	1
32	27	3	1	2	2
32	28	3	2	4	4
32	29	3	2	3	5
32	30	2	1	1	3
32	31	1	2	2	2
32	32	2	2	1	4
32	33	3	2	4	7
32	34	1	2	3	4
32	35	0	1	0	1
32	36	1	3	3	5
32	37	0	2	4	2
32	38	2	1	1	2
32	39	1	1	1	2
32	40	1	2	2	4
33	1	4	3	6	5
33	2	3	3	1	4
33	3	4	4	3	4
33	4	1	2	1	4
33	5	3	2	3	6
33	6	4	3	4	5
33	7	1	4	5	5
33	8	3	5	6	5
33	9	2	3	1	3
33	10	3	2	4	4
33	11	2	4	6	5
33	12	2	2	2	4
33	13	5	4	7	6
33	14	1	2	2	3
33	15	3	3	3	2
33	16	3	4	4	4
33	17	2	5	5	4
33	18	2	3	2	3
33	19	3	3	5	5
33	20	2	2	0	4
33	21	2	4	0	1
33	22	2	2	2	4
33	23	4	2	4	2
33	24	5	4	8	5
33	25	5	6	6	7
33	26	4	4	2	5
33	27	3	3	5	4
33	28	3	4	1	2
33	29	5	2	3	5
33	30	0	2	2	3
33	31	4	4	3	6
33	32	2	2	4	5
33	33	2	3	2	4
33	34	3	3	0	4
33	35	2	2	4	3
33	36	2	2	4	4
33	37	4	3	5	2
33	38	2	5	6	6
33	39	3	3	4	5
33	40	3	2	5	4
34	1	0	1	2	1
34	2	5	4	9	5
34	3	4	2	4	2
34	4	0	2	3	1
34	5	4	2	4	3
34	6	3	1	7	3
34	7	1	1	1	2
34	8	4	4	8	6
34	9	3	2	1	3
34	10	4	3	7	4
34	11	2	2	5	3
34	12	1	1	5	5
34	13	0	1	0	1
34	14	0	2	1	1
34	15	2	1	7	3
34	16	4	2	4	4
34	17	0	1	3	1
34	18	5	2	6	5
34	19	3	2	8	5
34	20	1	1	3	1
34	21	4	2	5	4
34	22	1	2	2	1
34	23	2	2	4	2
34	24	3	2	5	5
34	25	2	4	7	5
34	26	0	1	4	2
34	27	2	4	3	2
34	28	1	1	3	3
34	29	1	3	6	4
34	30	1	1	1	3
34	31	0	1	0	0
34	32	2	3	9	6
34	33	7	4	6	4
34	34	3	2	4	3
34	35	2	2	8	3
34	36	1	2	4	3
34	37	5	3	6	5
34	38	3	1	7	4
34	39	1	2	6	2
34	40	0	0	0	1
35	1	6	3	7	5
35	2	1	1	2	3
35	3	0	2	1	2
35	4	0	2	4	3
35	5	1	1	5	4
35	6	1	4	6	6
35	7	0	1	1	3
35	8	0	1	4	3
35	9	5	4	7	6
35	10	3	3	8	5
35	11	3	3	5	5
35	12	2	5	9	5
35	13	2	3	4	4
35	14	0	2	5	4
35	15	1	3	4	3
35	16	2	3	5	5
35	17	4	5	9	5
35	18	-2	1	0	2
35	19	2	2	4	4
35	20	3	2	7	4
35	21	2	3	3	4
35	22	0	0	3	1
35	23	2	3	5	5
35	24	0	2	2	2
35	25	2	2	3	2
35	26	3	4	6	5
35	27	2	3	5	6
35	28	0	2	4	3
35	29	2	3	5	6
35	30	0	1	3	5
35	31	-1	2	2	4
35	32	3	3	7	6
35	33	4	3	5	5
35	34	1	2	2	5
35	35	1	4	7	5
35	36	1	1	3	2
35	37	0	2	6	4
35	38	0	1	4	4
35	39	0	1	5	3
35	40	1	1	7	4
36	1	6	2	6	3
36	2	3	2	2	3
36	3	3	1	1	2
36	4	6	2	6	3
36	5	3	1	3	1
36	6	-1	0	-1	0
36	7	5	2	3	5
36	8	1	1	0	1
36	9	2	1	1	2
36	10	5	2	5	4
36	11	6	3	7	4
36	12	3	1	1	1
36	13	5	2	4	3
36	14	4	1	4	3
36	15	3	1	2	3
36	16	4	3	4	5
36	17	4	2	5	3
36	18	1	1	1	3
36	19	3	1	2	3
36	20	7	2	3	3
36	21	0	1	-2	0
36	22	5	3	5	4
36	23	1	0	0	2
36	24	4	1	4	2
36	25	2	1	2	3
36	26	4	2	5	4
36	27	3	1	3	3
36	28	3	3	4	4
36	29	3	2	3	4
36	30	0	0	1	3
36	31	2	1	4	1
36	32	6	2	6	3
36	33	6	2	5	4
36	34	2	1	0	1
36	35	2	1	4	5
36	36	2	0	0	0
36	37	2	1	2	2
36	38	5	3	5	5
36	39	1	0	0	0
36	40	2	0	0	0
37	1	3	3	6	5
37	2	0	1	3	4
37	3	4	4	4	7
37	4	2	4	2	3
37	5	3	3	4	5
37	6	3	1	5	5
37	7	1	1	0	4
37	8	0	2	2	4
37	9	1	1	0	6
37	10	3	5	8	8
37	11	2	2	4	5
37	12	2	3	3	4
37	13	1	3	1	4
37	14	1	1	0	4
37	15	1	4	8	6
37	16	0	3	0	4
37	17	2	2	2	4
37	18	1	2	2	5
37	19	1	1	1	3
37	20	3	4	6	6
37	21	0	3	0	3
37	22	3	4	7	7
37	23	0	3	4	3
37	24	3	4	4	5
37	25	0	1	0	1
37	26	3	3	4	6
37	27	3	4	3	4
37	28	1	1	-1	3
37	29	0	1	0	4
37	30	2	3	2	6
37	31	2	3	7	5
37	32	1	1	0	2
37	33	0	2	1	4
37	34	3	3	7	8
37	35	1	1	0	3
37	36	4	5	5	6
37	37	2	3	1	4
37	38	-2	2	0	1
37	39	2	0	0	2
37	40	2	3	4	6
38	1	3	1	2	5
38	2	2	4	5	5
38	3	1	2	1	3
38	4	1	1	0	2
38	5	4	3	4	6
38	6	1	3	4	5
38	7	3	2	4	6
38	8	3	4	5	7
38	9	2	3	1	4
38	10	5	4	4	7
38	11	2	1	3	2
38	12	2	3	2	4
38	13	3	2	3	4
38	14	2	3	0	3
38	15	4	1	0	4
38	16	4	2	3	4
38	17	0	2	4	5
38	18	2	2	2	5
38	19	3	4	4	4
38	20	2	2	1	2
38	21	1	4	0	4
38	22	3	2	3	3
38	23	0	3	0	3
38	24	4	3	5	4
38	25	3	3	3	3
38	26	0	3	2	3
38	27	0	2	1	1
38	28	3	2	0	3
38	29	4	3	6	8
38	30	0	2	0	4
38	31	1	2	1	2
38	32	2	3	4	6
38	33	2	3	3	4
38	34	4	2	6	5
38	35	2	1	0	4
38	36	5	4	3	5
38	37	0	2	0	2
38	38	2	3	5	3
38	39	0	1	1	3
38	40	3	2	5	4
39	1	5	2	4	2
39	2	4	4	4	3
39	3	5	5	6	3
39	4	3	2	3	1
39	5	1	2	3	0
39	6	2	1	-1	0
39	7	2	2	4	2
39	8	2	2	2	0
39	9	6	2	6	3
39	10	1	1	1	0
39	11	1	1	1	0
39	12	2	1	3	0
39	13	5	1	4	1
39	14	3	5	6	3
39	15	2	1	1	0
39	16	3	2	3	0
39	17	2	2	3	1
39	18	4	4	4	2
39	19	4	3	4	2
39	20	2	2	2	0
39	21	4	3	1	1
39	22	3	2	4	2
39	23	2	0	0	-2
39	24	2	3	2	0
39	25	3	3	4	0
39	26	1	2	2	0
39	27	3	1	1	1
39	28	4	3	2	1
39	29	1	1	2	0
39	30	1	1	0	0
39	31	2	3	3	1
39	32	2	1	2	0
39	33	3	3	2	3
39	34	6	3	6	2
39	35	1	2	3	0
39	36	2	2	5	0
39	37	2	2	1	1
39	38	3	3	4	1
39	39	4	2	1	1
39	40	2	2	4	1
40	1	1	1	4	3
40	2	-1	0	0	2
40	3	4	3	3	7
40	4	2	0	2	4
40	5	0	1	3	4
40	6	0	0	-1	4
40	7	-1	2	3	3
40	8	0	1	3	5
40	9	-2	0	-1	2
40	10	-1	0	1	2
40	11	1	1	6	4
40	12	0	1	1	4
40	13	0	0	-1	2
40	14	0	0	0	3
40	15	2	1	2	4
40	16	-3	0	0	3
40	17	1	3	2	4
40	18	-2	-1	0	1
40	19	0	0	0	2
40	20	-1	0	0	2
40	21	-1	0	0	2
40	22	0	0	0	3
40	23	1	1	2	5
40	24	2	0	1	4
40	25	-2	0	3	3
40	26	0	0	-2	1
40	27	-3	-1	2	4
40	28	1	2	2	3
40	29	0	0	1	2
40	30	0	1	1	3
40	31	1	2	4	5
40	32	1	1	2	3
40	33	0	0	1	1
40	34	0	0	0	3
40	35	1	1	3	3
40	36	0	0	2	2
40	37	-2	0	2	3
40	38	0	1	3	4
40	39	1	1	7	5
40	40	1	0	1	4
41	1	0	0	3	0
41	2	1	1	3	3
41	3	1	1	2	3
41	4	0	1	1	1
41	5	0	1	1	3
41	6	0	0	1	0
41	7	-1	1	3	1
41	8	2	0	2	1
41	9	1	1	5	2
41	10	2	1	2	1
41	11	2	0	3	1
41	12	0	1	0	0
41	13	0	0	0	1
41	14	1	1	2	1
41	15	2	1	3	2
41	16	1	-1	1	0
41	17	0	0	0	0
41	18	2	1	3	1
41	19	0	2	1	0
41	20	1	1	3	2
41	21	0	0	2	1
41	22	-1	0	0	0
41	23	1	0	3	2
41	24	2	1	1	2
41	25	2	1	2	2
41	26	3	2	5	3
41	27	0	1	2	1
41	28	0	0	1	1
41	29	0	1	2	1
41	30	1	0	2	3
41	31	2	0	2	2
41	32	1	0	3	1
41	33	0	0	0	0
41	34	1	1	7	3
41	35	-2	-2	-1	-2
41	36	-1	0	1	1
41	37	3	1	0	1
41	38	0	0	0	0
41	39	3	1	4	2
41	40	-1	0	0	0
42	1	4	2	5	4
42	2	-1	1	0	1
42	3	0	0	-2	0
42	4	0	1	3	4
42	5	2	0	3	4
42	6	0	1	0	5
42	7	3	1	3	2
42	8	2	2	1	4
42	9	0	0	2	2
42	10	0	1	0	2
42	11	0	2	3	3
42	12	2	3	4	6
42	13	0	2	4	3
42	14	4	2	6	6
42	15	3	2	2	4
42	16	1	1	3	4
42	17	-3	0	1	0
42	18	0	2	-1	3
42	19	2	1	1	1
42	20	3	2	3	4
42	21	2	0	3	3
42	22	2	2	3	4
42	23	-3	0	0	1
42	24	1	2	2	4
42	25	2	2	1	4
42	26	0	1	1	2
42	27	1	2	2	2
42	28	0	1	1	3
42	29	1	2	3	4
42	30	1	2	2	4
42	31	0	2	1	2
42	32	-1	0	0	2
42	33	0	1	1	3
42	34	0	0	1	1
42	35	0	1	0	1
42	36	1	1	2	3
42	37	2	1	2	4
42	38	0	3	3	4
42	39	3	3	6	4
42	40	0	2	5	5
43	1	1	3	5	3
43	2	-1	1	0	0
43	3	-2	2	1	2
43	4	0	3	4	4
43	5	0	2	1	3
43	6	-3	0	-1	0
43	7	-3	0	1	1
43	8	1	2	5	2
43	9	0	2	2	2
43	10	0	2	1	2
43	11	1	2	3	1
43	12	-1	1	2	2
43	13	-2	2	2	1
43	14	0	3	3	1
43	15	0	2	0	2
43	16	1	2	2	3
43	17	0	3	2	3
43	18	0	2	0	1
43	19	0	3	3	3
43	20	0	3	3	3
43	21	3	5	4	4
43	22	-1	2	1	0
43	23	-1	3	0	3
43	24	0	3	3	5
43	25	0	3	2	4
43	26	-1	2	1	1
43	27	0	3	3	3
43	28	-2	3	2	3
43	29	-2	2	3	0
43	30	0	2	2	3
43	31	0	2	3	3
43	32	1	3	3	0
43	33	-2	1	-1	1
43	34	1	4	3	4
43	35	0	3	2	2
43	36	-2	3	0	0
43	37	1	3	3	3
43	38	-2	2	0	0
43	39	0	2	1	3
43	40	1	4	5	5
44	1	4	5	6	7
44	2	3	4	7	6
44	3	1	3	4	5
44	4	0	2	1	2
44	5	1	1	3	5
44	6	3	3	5	7
44	7	5	4	8	7
44	8	4	2	4	4
44	9	3	3	7	5
44	10	1	2	4	5
44	11	3	2	6	5
44	12	2	3	7	3
44	13	5	4	9	6
44	14	3	4	9	6
44	15	5	3	6	6
44	16	6	5	5	6
44	17	3	2	7	6
44	18	3	4	6	8
44	19	5	4	6	5
44	20	1	2	3	3
44	21	4	2	5	5
44	22	4	3	5	5
44	23	4	3	6	6
44	24	5	2	5	5
44	25	3	2	2	3
44	26	1	2	1	2
44	27	3	3	10	4
44	28	4	4	5	4
44	29	5	4	6	6
44	30	0	2	3	3
44	31	1	2	4	4
44	32	3	4	6	6
44	33	0	2	4	5
44	34	1	2	0	4
44	35	3	4	8	6
44	36	5	3	7	6
44	37	0	2	4	4
44	38	4	2	5	4
44	39	2	2	3	4
44	40	5	4	7	5
45	1	1	4	4	4
45	2	2	2	4	2
45	3	1	2	2	3
45	4	1	3	2	3
45	5	2	3	5	3
45	6	3	4	6	3
45	7	1	3	5	1
45	8	0	3	3	5
45	9	0	2	2	1
45	10	0	3	5	5
45	11	1	3	1	4
45	12	1	4	5	3
45	13	4	4	7	5
45	14	1	3	4	2
45	15	2	4	7	4
45	16	3	3	3	2
45	17	2	2	3	2
45	18	3	4	3	3
45	19	1	3	3	4
45	20	3	3	2	3
45	21	2	0	3	3
45	22	3	3	4	4
45	23	-2	1	1	1
45	24	1	5	3	3
45	25	3	3	5	5
45	26	0	3	3	3
45	27	3	4	4	6
45	28	3	3	8	5
45	29	3	4	5	5
45	30	3	4	6	5
45	31	1	2	1	1
45	32	1	3	6	4
45	33	5	4	7	6
45	34	2	1	3	2
45	35	1	3	5	3
45	36	0	3	6	3
45	37	4	4	5	6
45	38	1	3	3	3
45	39	3	3	3	5
45	40	2	2	5	3
46	1	0	3	0	1
46	2	-1	2	1	1
46	3	0	3	0	1
46	4	0	4	0	2
46	5	2	1	0	2
46	6	0	4	3	3
46	7	3	4	2	4
46	8	3	4	3	4
46	9	0	4	0	1
46	10	-2	0	0	0
46	11	0	4	-1	4
46	12	1	3	-2	3
46	13	0	3	2	5
46	14	-2	3	-1	1
46	15	0	3	-1	0
46	16	0	4	0	0
46	17	0	4	0	2
46	18	2	2	2	3
46	19	1	3	0	4
46	20	-2	2	-1	1
46	21	-2	2	-3	0
46	22	-1	1	-3	-1
46	23	0	3	1	3
46	24	2	3	0	4
46	25	0	2	1	0
46	26	-2	2	-2	0
46	27	2	4	4	3
46	28	-2	3	2	2
46	29	2	3	5	4
46	30	0	3	3	3
46	31	2	4	1	5
46	32	0	2	0	3
46	33	0	3	-2	4
46	34	0	2	0	0
46	35	1	1	-2	2
46	36	2	2	0	3
46	37	0	2	1	4
46	38	0	3	1	2
46	39	-1	4	2	2
46	40	0	3	1	1
47	1	0	1	1	3
47	2	0	1	0	4
47	3	-1	1	0	1
47	4	1	2	6	3
47	5	0	2	1	4
47	6	0	2	2	3
47	7	-1	1	0	0
47	8	0	1	0	2
47	9	-1	0	3	0
47	10	-2	0	-1	1
47	11	-1	0	0	1
47	12	3	2	4	4
47	13	0	3	2	4
47	14	0	2	0	2
47	15	2	3	4	6
47	16	1	2	4	5
47	17	1	2	3	4
47	18	0	2	0	3
47	19	0	1	1	3
47	20	0	1	2	3
47	21	1	2	3	3
47	22	2	1	4	5
47	23	2	4	7	4
47	24	-1	1	1	3
47	25	-2	1	0	2
47	26	1	1	3	3
47	27	4	3	7	6
47	28	0	2	4	3
47	29	2	3	1	5
47	30	0	2	1	3
47	31	0	1	0	2
47	32	0	1	1	2
47	33	-1	3	0	2
47	34	1	3	5	4
47	35	0	2	2	2
47	36	0	2	1	3
47	37	3	2	3	3
47	38	4	2	7	5
47	39	2	3	3	4
47	40	-1	0	0	0
48	1	1	0	0	3
48	2	-1	-1	-2	0
48	3	-4	0	-2	0
48	4	0	1	3	5
48	5	1	0	3	4
48	6	2	0	2	4
48	7	2	0	6	4
48	8	1	0	1	4
48	9	1	0	1	2
48	10	2	1	1	3
48	11	3	1	4	2
48	12	2	0	0	3
48	13	3	1	4	4
48	14	3	0	3	4
48	15	0	-1	0	4
48	16	0	0	0	3
48	17	2	0	6	4
48	18	4	2	7	5
48	19	4	1	5	5
48	20	1	1	3	5
48	21	0	1	0	3
48	22	1	0	0	2
48	23	0	0	0	1
48	24	2	1	2	3
48	25	2	1	3	5
48	26	0	2	0	5
48	27	0	0	0	1
48	28	0	0	-1	0
48	29	1	1	3	5
48	30	0	0	2	4
48	31	-1	0	-2	0
48	32	1	0	0	2
48	33	1	0	4	3
48	34	5	1	4	5
48	35	0	0	0	2
48	36	-1	0	0	1
48	37	1	0	-1	2
48	38	2	0	1	3
48	39	2	0	2	5
48	40	3	1	0	4
49	1	3	1	0	0
49	2	3	2	4	1
49	3	2	2	3	2
49	4	4	3	3	3
49	5	7	2	8	4
49	6	4	2	3	1
49	7	5	2	3	1
49	8	3	3	1	0
49	9	2	1	0	0
49	10	5	3	2	1
49	11	4	2	3	1
49	12	8	5	8	5
49	13	4	3	4	2
49	14	3	2	2	3
49	15	4	2	2	2
49	16	7	2	6	5
49	17	5	2	4	2
49	18	3	1	4	2
49	19	2	2	2	1
49	20	3	2	3	0
49	21	3	2	1	2
49	22	7	3	6	2
49	23	3	2	3	4
49	24	1	2	1	1
49	25	5	3	6	3
49	26	7	4	6	4
49	27	3	1	3	1
49	28	2	2	3	3
49	29	4	1	5	2
49	30	4	1	1	3
49	31	6	1	4	2
49	32	7	2	6	3
49	33	5	1	2	0
49	34	4	1	5	0
49	35	4	4	2	4
49	36	5	3	5	2
49	37	6	2	4	3
49	38	4	2	0	1
49	39	6	3	4	3
49	40	2	1	-2	1
50	1	2	2	3	2
50	2	1	2	3	2
50	3	-1	2	0	1
50	4	1	2	2	2
50	5	2	4	5	1
50	6	1	3	1	1
50	7	2	3	4	1
50	8	1	3	6	1
50	9	0	4	5	2
50	10	0	3	2	1
50	11	-1	0	0	0
50	12	1	2	0	2
50	13	2	4	4	3
50	14	0	1	3	1
50	15	0	1	0	0
50	16	1	3	5	3
50	17	0	2	2	0
50	18	1	3	0	1
50	19	2	2	4	1
50	20	1	3	6	2
50	21	2	2	3	3
50	22	0	2	2	0
50	23	1	2	0	0
50	24	0	1	0	1
50	25	0	2	0	2
50	26	4	5	5	3
50	27	2	3	4	3
50	28	0	2	2	2
50	29	0	2	3	1
50	30	-1	2	0	0
50	31	4	3	5	5
50	32	2	2	2	3
50	33	-1	2	3	1
50	34	3	4	3	2
50	35	0	2	0	1
50	36	1	2	1	4
50	37	3	3	5	4
50	38	0	3	3	0
50	39	2	4	4	3
50	40	1	2	3	2
51	1	2	2	2	3
51	2	3	2	5	5
51	3	3	2	2	4
51	4	3	1	3	3
51	5	3	2	5	5
51	6	3	2	4	3
51	7	4	4	3	4
51	8	3	3	7	5
51	9	2	0	2	3
51	10	6	4	6	7
51	11	6	3	10	7
51	12	4	2	6	8
51	13	2	2	6	5
51	14	4	2	1	4
51	15	2	1	5	4
51	16	1	1	3	4
51	17	3	2	4	5
51	18	1	2	3	3
51	19	5	3	4	4
51	20	3	3	5	7
51	21	4	2	6	9
51	22	5	4	7	7
51	23	2	1	3	4
51	24	7	3	4	6
51	25	0	2	0	3
51	26	3	0	1	5
51	27	5	3	4	5
51	28	2	0	2	2
51	29	2	1	3	6
51	30	1	1	4	4
51	31	1	3	3	4
51	32	1	1	5	4
51	33	1	1	3	4
51	34	0	0	0	2
51	35	4	3	4	5
51	36	2	3	5	5
51	37	3	2	2	4
51	38	2	2	2	4
51	39	3	3	6	6
51	40	4	3	6	6
52	1	0	0	-2	1
52	2	2	3	3	6
52	3	0	0	-3	1
52	4	2	0	1	4
52	5	0	0	-1	3
52	6	0	1	0	4
52	7	4	3	6	6
52	8	2	2	1	4
52	9	3	3	2	4
52	10	0	0	-2	2
52	11	2	3	4	4
52	12	4	3	3	5
52	13	3	3	2	3
52	14	1	1	1	3
52	15	4	2	3	5
52	16	1	0	-2	3
52	17	4	2	4	5
52	18	1	0	1	1
52	19	4	2	4	5
52	20	3	3	2	3
52	21	1	0	0	2
52	22	3	2	5	5
52	23	2	0	2	4
52	24	3	4	3	5
52	25	3	1	2	4
52	26	3	1	2	6
52	27	2	2	1	4
52	28	4	3	4	6
52	29	1	2	0	1
52	30	4	2	3	5
52	31	1	2	3	4
52	32	4	3	4	5
52	33	1	1	2	3
52	34	0	0	1	5
52	35	1	2	0	3
52	36	4	3	1	5
52	37	0	1	1	3
52	38	5	2	3	7
52	39	2	3	1	3
52	40	2	1	4	3
53	1	4	3	4	3
53	2	1	3	5	4
53	3	3	2	3	5
53	4	3	2	3	2
53	5	3	3	2	4
53	6	2	2	2	3
53	7	1	1	0	3
53	8	0	0	0	3
53	9	1	2	2	3
53	10	3	3	5	5
53	11	2	1	2	3
53	12	0	0	0	2
53	13	4	4	6	5
53	14	2	2	2	4
53	15	4	2	6	6
53	16	3	2	4	6
53	17	1	2	-1	3
53	18	0	2	0	4
53	19	-2	0	2	2
53	20	5	2	4	3
53	21	3	3	5	4
53	22	1	1	0	3
53	23	0	1	0	3
53	24	3	3	3	3
53	25	0	1	0	2
53	26	5	2	6	7
53	27	1	2	4	3
53	28	0	0	0	1
53	29	2	2	2	5
53	30	3	0	3	4
53	31	-1	2	-1	0
53	32	1	2	2	3
53	33	0	1	1	2
53	34	1	1	1	2
53	35	3	1	2	4
53	36	3	2	4	3
53	37	4	3	7	5
53	38	-1	0	-2	1
53	39	2	3	4	3
53	40	1	1	0	2
54	1	5	5	7	7
54	2	3	3	4	5
54	3	4	3	8	6
54	4	0	3	3	4
54	5	4	4	5	6
54	6	2	4	4	4
54	7	3	5	6	8
54	8	1	3	6	4
54	9	4	5	7	7
54	10	2	3	1	5
54	11	2	3	3	6
54	12	2	3	5	6
54	13	0	3	3	5
54	14	1	3	3	5
54	15	4	5	4	6
54	16	5	5	7	6
54	17	4	4	8	9
54	18	1	3	6	5
54	19	4	3	7	7
54	20	3	2	5	5
54	21	0	2	1	3
54	22	3	3	5	6
54	23	2	2	1	5
54	24	2	2	2	3
54	25	3	5	3	5
54	26	0	3	1	5
54	27	3	3	6	4
54	28	0	2	1	4
54	29	2	3	4	4
54	30	4	4	6	6
54	31	3	4	6	6
54	32	1	3	3	3
54	33	5	5	7	6
54	34	6	4	7	7
54	35	2	4	4	5
54	36	3	3	5	5
54	37	3	3	6	7
54	38	4	4	5	6
54	39	4	4	7	6
54	40	3	4	4	6
55	1	1	4	4	4
55	2	0	4	0	3
55	3	2	3	3	5
55	4	1	4	0	3
55	5	-2	3	0	1
55	6	1	3	0	4
55	7	1	3	1	3
55	8	5	3	4	4
55	9	2	4	-1	5
55	10	0	2	-1	2
55	11	1	3	0	3
55	12	1	2	1	3
55	13	0	2	0	4
55	14	0	3	0	0
55	15	-1	2	2	2
55	16	4	5	3	4
55	17	0	3	1	3
55	18	0	3	1	4
55	19	1	3	3	5
55	20	3	5	1	5
55	21	0	3	2	3
55	22	0	3	1	3
55	23	1	3	3	4
55	24	0	3	0	2
55	25	2	4	4	3
55	26	0	2	-1	0
55	27	0	3	3	3
55	28	0	1	-2	1
55	29	-2	3	-2	0
55	30	1	3	2	3
55	31	3	4	2	6
55	32	3	4	5	4
55	33	1	3	1	3
55	34	0	2	2	3
55	35	1	4	2	1
55	36	1	4	1	5
55	37	0	2	0	0
55	38	1	4	2	4
55	39	0	2	2	2
55	40	0	4	0	3
56	1	1	3	2	0
56	2	1	2	4	1
56	3	1	1	2	-1
56	4	3	4	4	2
56	5	1	3	3	2
56	6	3	2	6	2
56	7	4	6	6	5
56	8	2	2	3	0
56	9	1	2	3	0
56	10	3	3	4	1
56	11	3	3	2	0
56	12	3	2	4	1
56	13	1	3	3	1
56	14	2	4	4	2
56	15	2	4	4	1
56	16	2	3	4	2
56	17	7	4	8	3
56	18	1	5	4	4
56	19	4	6	9	3
56	20	1	2	2	1
56	21	5	6	5	4
56	22	4	3	6	4
56	23	2	2	2	0
56	24	5	4	6	2
56	25	0	2	2	1
56	26	5	3	5	2
56	27	1	2	6	2
56	28	4	4	4	0
56	29	1	1	5	1
56	30	2	3	4	0
56	31	5	4	7	3
56	32	5	4	7	4
56	33	4	4	7	3
56	34	2	4	5	2
56	35	5	4	5	2
56	36	7	3	5	3
56	37	5	5	8	4
56	38	4	4	7	3
56	39	2	4	5	1
56	40	2	4	6	3
57	1	0	1	0	2
57	2	0	2	0	1
57	3	1	1	0	3
57	4	2	3	1	3
57	5	-1	0	-2	1
57	6	0	2	-1	2
57	7	0	2	2	1
57	8	-2	1	-3	0
57	9	3	1	4	3
57	10	0	2	1	2
57	11	0	1	-2	1
57	12	0	0	-2	0
57	13	2	2	1	3
57	14	1	3	6	6
57	15	1	1	0	2
57	16	-1	2	1	2
57	17	0	0	-2	2
57	18	2	3	4	5
57	19	0	1	2	2
57	20	-1	0	-2	0
57	21	0	1	-1	0
57	22	-1	0	-1	1
57	23	0	1	0	2
57	24	0	2	1	2
57	25	-1	2	0	1
57	26	1	2	2	3
57	27	0	2	3	2
57	28	1	4	3	3
57	29	1	2	1	3
57	30	0	2	3	5
57	31	0	1	-2	1
57	32	-3	1	-3	1
57	33	0	1	1	3
57	34	2	2	2	4
57	35	0	2	1	2
57	36	1	2	4	3
57	37	1	2	4	4
57	38	0	2	4	2
57	39	0	4	2	2
57	40	-2	1	0	3
58	1	1	3	2	1
58	2	3	4	6	4
58	3	4	3	5	7
58	4	0	3	4	5
58	5	0	3	2	0
58	6	7	5	7	5
58	7	3	3	5	2
58	8	1	2	0	2
58	9	3	4	5	4
58	10	2	3	1	2
58	11	2	4	6	5
58	12	2	3	3	1
58	13	2	3	3	3
58	14	2	4	4	3
58	15	3	2	2	4
58	16	0	3	0	3
58	17	1	3	2	3
58	18	1	3	2	2
58	19	1	3	4	3
58	20	1	2	3	3
58	21	3	3	4	5
58	22	0	2	0	2
58	23	0	3	3	1
58	24	3	5	4	4
58	25	1	4	5	7
58	26	3	4	1	4
58	27	2	5	1	4
58	28	1	6	5	3
58	29	1	3	3	2
58	30	2	2	3	3
58	31	1	3	1	4
58	32	2	2	3	3
58	33	5	4	5	5
58	34	2	2	4	4
58	35	5	4	6	5
58	36	1	2	2	3
58	37	2	4	3	3
58	38	2	2	2	6
58	39	2	3	0	3
58	40	3	3	7	3
59	1	0	2	3	4
59	2	1	1	0	1
59	3	0	2	-1	3
59	4	0	2	0	1
59	5	4	4	4	6
59	6	4	4	6	6
59	7	1	1	-1	4
59	8	3	1	3	3
59	9	2	4	1	5
59	10	5	4	7	7
59	11	0	0	-2	1
59	12	1	2	0	2
59	13	1	0	0	1
59	14	1	2	4	3
59	15	1	1	3	1
59	16	2	0	1	3
59	17	5	4	2	5
59	18	4	2	0	4
59	19	7	4	6	6
59	20	3	3	3	4
59	21	1	1	0	5
59	22	0	2	0	3
59	23	3	2	2	4
59	24	0	2	0	1
59	25	3	2	3	3
59	26	2	3	5	4
59	27	3	3	1	4
59	28	2	1	0	3
59	29	0	2	-1	1
59	30	1	1	0	1
59	31	4	3	2	6
59	32	4	4	4	4
59	33	1	1	1	3
59	34	2	3	0	4
59	35	4	4	6	6
59	36	5	3	4	6
59	37	2	1	-1	3
59	38	3	3	3	4
59	39	2	2	1	1
59	40	3	2	3	4
60	1	3	1	4	4
60	2	2	1	4	4
60	3	0	0	4	2
60	4	4	3	10	4
60	5	2	0	5	3
60	6	1	0	3	2
60	7	2	0	5	1
60	8	3	0	4	2
60	9	3	2	7	6
60	10	1	0	2	2
60	11	4	2	8	6
60	12	2	0	3	2
60	13	2	1	6	2
60	14	-1	0	1	1
60	15	1	0	4	2
60	16	3	2	6	5
60	17	4	0	5	4
60	18	3	2	6	4
60	19	2	0	2	3
60	20	0	0	2	0
60	21	0	0	2	3
60	22	2	0	3	3
60	23	1	1	5	4
60	24	4	3	5	5
60	25	0	1	3	3
60	26	2	0	3	2
60	27	1	2	4	1
60	28	2	0	6	3
60	29	6	2	6	6
60	30	0	0	1	2
60	31	2	1	3	3
60	32	1	1	5	3
60	33	0	0	1	2
60	34	0	0	2	3
60	35	4	0	6	4
60	36	3	2	5	4
60	37	3	1	7	4
60	38	1	0	3	2
60	39	4	2	9	5
60	40	0	1	3	3
61	1	0	1	0	3
61	2	0	0	-1	2
61	3	4	3	4	7
61	4	2	4	6	5
61	5	2	1	4	4
61	6	2	1	4	4
61	7	7	4	6	7
61	8	4	3	4	7
61	9	2	1	1	3
61	10	0	1	2	4
61	11	5	2	6	5
61	12	6	3	3	5
61	13	2	2	3	2
61	14	3	1	4	4
61	15	-1	0	0	2
61	16	1	1	2	3
61	17	4	1	4	4
61	18	2	1	4	5
61	19	2	1	2	2
61	20	4	4	5	5
61	21	3	1	6	6
61	22	0	2	0	2
61	23	1	1	1	5
61	24	4	1	4	5
61	25	3	2	3	6
61	26	1	2	3	3
61	27	2	1	2	3
61	28	2	2	3	5
61	29	1	0	1	2
61	30	1	1	2	2
61	31	4	1	5	5
61	32	0	1	1	3
61	33	2	2	0	4
61	34	3	2	3	5
61	35	2	1	3	3
61	36	-1	0	0	2
61	37	4	3	5	6
61	38	2	1	4	2
61	39	3	0	4	3
61	40	3	1	1	4
62	1	0	1	3	2
62	2	0	0	3	2
62	3	0	2	5	4
62	4	3	2	4	5
62	5	0	2	3	3
62	6	0	1	4	3
62	7	1	2	4	4
62	8	1	0	6	2
62	9	1	1	5	5
62	10	2	2	1	3
62	11	0	1	2	1
62	12	4	2	5	3
62	13	0	2	0	0
62	14	4	2	3	4
62	15	0	2	0	2
62	16	3	2	5	3
62	17	0	0	0	2
62	18	-1	0	1	1
62	19	1	2	2	2
62	20	1	3	3	2
62	21	0	2	2	4
62	22	1	1	5	3
62	23	0	0	3	2
62	24	0	3	7	5
62	25	-1	0	-1	0
62	26	0	2	1	2
62	27	-1	0	-1	0
62	28	2	3	6	3
62	29	0	1	2	1
62	30	1	1	0	2
62	31	2	2	7	5
62	32	0	2	3	2
62	33	4	3	6	4
62	34	0	0	-1	0
62	35	2	2	5	4
62	36	0	1	3	2
62	37	0	0	4	1
62	38	0	0	2	1
62	39	4	2	3	3
62	40	3	2	6	4
63	1	-1	1	0	1
63	2	6	3	9	7
63	3	4	3	8	6
63	4	-1	2	1	2
63	5	1	2	3	4
63	6	0	1	2	1
63	7	0	3	1	4
63	8	3	4	3	5
63	9	1	2	1	4
63	10	2	2	2	4
63	11	3	4	6	4
63	12	-3	1	-2	0
63	13	0	2	0	3
63	14	-1	1	2	3
63	15	0	1	2	4
63	16	0	2	3	4
63	17	0	1	3	2
63	18	0	1	1	2
63	19	1	3	6	4
63	20	1	1	2	3
63	21	-1	2	0	5
63	22	0	1	1	1
63	23	0	1	-1	0
63	24	0	0	2	2
63	25	6	4	8	5
63	26	0	2	4	2
63	27	1	3	2	6
63	28	1	1	3	2
63	29	2	1	4	5
63	30	1	1	3	4
63	31	2	2	5	4
63	32	0	1	0	3
63	33	-1	1	0	0
63	34	2	2	4	4
63	35	1	2	2	2
63	36	2	3	4	5
63	37	0	2	3	4
63	38	4	3	6	4
63	39	0	3	3	5
63	40	0	2	2	4
64	1	2	4	5	2
64	2	1	3	-1	0
64	3	7	4	5	4
64	4	3	2	4	2
64	5	0	1	-2	0
64	6	2	2	0	3
64	7	0	1	0	0
64	8	0	0	-2	0
64	9	2	3	0	2
64	10	4	2	2	1
64	11	0	1	-2	2
64	12	1	1	-1	2
64	13	2	1	1	1
64	14	0	1	0	1
64	15	3	4	3	2
64	16	4	3	3	2
64	17	1	1	0	0
64	18	3	4	1	1
64	19	7	3	2	2
64	20	2	2	1	1
64	21	4	3	3	3
64	22	4	3	2	1
64	23	4	3	1	2
64	24	4	3	4	2
64	25	3	2	4	3
64	26	2	2	0	0
64	27	3	2	2	2
64	28	2	3	1	1
64	29	1	3	2	0
64	30	0	0	-1	0
64	31	3	2	1	0
64	32	6	4	4	4
64	33	2	3	0	2
64	34	0	2	1	0
64	35	5	2	1	1
64	36	2	2	3	0
64	37	2	3	4	4
64	38	6	4	4	6
64	39	3	1	-1	1
64	40	1	1	1	0
65	1	0	3	0	2
65	2	-2	1	-1	0
65	3	0	2	1	0
65	4	0	2	0	2
65	5	4	4	5	2
65	6	-4	3	-2	-3
65	7	2	5	5	3
65	8	2	5	2	1
65	9	1	3	5	0
65	10	1	2	3	0
65	11	-2	2	0	3
65	12	1	5	6	3
65	13	-1	3	-1	0
65	14	0	3	1	1
65	15	1	2	0	2
65	16	2	4	3	2
65	17	0	3	0	0
65	18	-2	3	1	0
65	19	0	3	3	2
65	20	0	2	2	2
65	21	2	5	4	3
65	22	0	3	2	1
65	23	-1	4	3	0
65	24	2	4	2	3
65	25	0	3	0	0
65	26	0	4	3	2
65	27	-2	3	0	2
65	28	0	3	2	2
65	29	-2	2	-1	0
65	30	1	4	2	2
65	31	-1	2	-1	0
65	32	0	2	0	1
65	33	-1	1	0	-1
65	34	-1	3	1	1
65	35	0	2	1	1
65	36	0	4	1	1
65	37	1	4	0	1
65	38	-1	4	0	0
65	39	2	4	2	2
65	40	2	4	5	4
66	1	4	5	6	6
66	2	0	2	1	3
66	3	3	5	5	7
66	4	0	4	0	3
66	5	4	3	1	3
66	6	3	5	4	6
66	7	3	4	5	5
66	8	1	4	2	5
66	9	2	4	2	6
66	10	3	4	2	6
66	11	2	5	3	4
66	12	0	3	-1	4
66	13	2	2	3	4
66	14	2	4	4	3
66	15	4	5	7	6
66	16	3	4	3	4
66	17	1	3	3	1
66	18	1	3	3	2
66	19	1	3	0	3
66	20	2	5	2	4
66	21	2	4	0	3
66	22	3	4	3	5
66	23	2	5	3	5
66	24	0	4	0	1
66	25	4	4	3	5
66	26	3	4	4	4
66	27	2	3	4	4
66	28	2	2	0	4
66	29	2	3	1	3
66	30	0	2	3	4
66	31	1	4	4	4
66	32	1	4	2	4
66	33	0	3	0	3
66	34	0	3	4	2
66	35	2	4	0	3
66	36	0	4	3	4
66	37	1	3	1	3
66	38	3	5	0	6
66	39	2	2	1	5
66	40	1	4	4	4
67	1	-1	1	1	3
67	2	3	3	3	3
67	3	3	2	5	5
67	4	0	2	1	3
67	5	0	1	4	2
67	6	5	4	8	5
67	7	1	2	4	4
67	8	2	2	2	4
67	9	3	1	3	4
67	10	2	3	3	5
67	11	2	2	2	5
67	12	2	1	1	4
67	13	2	2	1	5
67	14	0	2	2	4
67	15	4	1	3	4
67	16	2	2	3	3
67	17	5	3	7	6
67	18	2	2	3	3
67	19	1	3	4	2
67	20	3	3	6	5
67	21	4	3	6	5
67	22	1	3	5	3
67	23	3	3	4	4
67	24	2	1	0	5
67	25	3	2	3	4
67	26	0	3	0	2
67	27	2	1	1	3
67	28	2	4	4	4
67	29	3	3	4	5
67	30	2	2	2	4
67	31	3	2	4	4
67	32	0	2	0	0
67	33	3	1	5	3
67	34	3	4	5	6
67	35	2	3	1	3
67	36	0	2	1	2
67	37	1	2	4	4
67	38	4	1	6	5
67	39	5	3	5	7
67	40	5	5	9	8
68	1	3	1	5	5
68	2	2	1	3	7
68	3	5	3	6	7
68	4	1	1	1	4
68	5	0	0	2	5
68	6	1	0	2	6
68	7	0	0	1	4
68	8	-1	0	-1	3
68	9	2	2	5	5
68	10	0	1	2	5
68	11	1	0	4	5
68	12	1	0	1	2
68	13	3	0	5	4
68	14	3	1	3	6
68	15	1	1	2	3
68	16	1	0	2	5
68	17	2	2	7	5
68	18	2	1	2	6
68	19	0	1	4	6
68	20	1	0	2	5
68	21	1	0	1	4
68	22	2	1	2	4
68	23	0	0	0	4
68	24	3	2	5	6
68	25	-2	0	-2	1
68	26	2	1	3	4
68	27	0	0	2	4
68	28	4	2	6	8
68	29	1	0	2	5
68	30	2	2	3	6
68	31	2	0	1	4
68	32	3	1	3	5
68	33	2	1	3	4
68	34	5	2	7	7
68	35	2	1	4	5
68	36	1	2	2	6
68	37	4	2	7	7
68	38	3	0	3	4
68	39	3	0	3	3
68	40	3	1	3	7
69	1	4	3	6	4
69	2	3	4	6	5
69	3	3	2	5	3
69	4	2	2	5	5
69	5	4	2	4	4
69	6	3	3	7	3
69	7	6	4	7	6
69	8	4	3	2	3
69	9	2	2	5	4
69	10	6	5	6	6
69	11	4	3	5	4
69	12	7	3	5	3
69	13	3	1	4	3
69	14	4	3	2	5
69	15	3	2	3	3
69	16	2	1	2	3
69	17	3	2	4	3
69	18	3	2	3	3
69	19	5	3	6	4
69	20	2	3	3	4
69	21	5	3	4	5
69	22	2	1	4	4
69	23	2	2	6	6
69	24	2	1	1	2
69	25	-2	1	0	0
69	26	6	3	7	6
69	27	3	4	7	5
69	28	5	3	6	5
69	29	0	1	0	0
69	30	3	3	6	5
69	31	5	3	6	5
69	32	3	2	6	3
69	33	5	3	6	4
69	34	5	4	7	6
69	35	2	1	5	3
69	36	6	3	8	5
69	37	2	4	7	5
69	38	4	5	6	5
69	39	3	3	3	5
69	40	4	1	5	3
70	1	4	4	4	5
70	2	5	4	4	6
70	3	5	5	6	7
70	4	3	4	8	7
70	5	3	3	2	4
70	6	3	4	2	6
70	7	7	5	8	10
70	8	3	3	3	6
70	9	4	4	5	6
70	10	3	3	1	5
70	11	4	3	1	5
70	12	6	3	5	6
70	13	2	4	5	5
70	14	4	4	5	7
70	15	3	4	2	6
70	16	5	4	5	5
70	17	7	5	8	7
70	18	5	4	3	6
70	19	1	2	1	4
70	20	3	4	5	3
70	21	3	4	1	4
70	22	1	2	4	5
70	23	2	4	6	5
70	24	3	4	3	4
70	25	2	3	2	5
70	26	8	6	6	10
70	27	6	6	9	7
70	28	8	6	10	9
70	29	4	5	9	5
70	30	4	4	7	6
70	31	3	4	2	3
70	32	1	3	3	5
70	33	5	5	4	6
70	34	5	5	11	8
70	35	6	5	9	8
70	36	6	4	7	8
70	37	3	4	4	7
70	38	2	3	4	5
70	39	6	5	4	6
70	40	4	4	6	7
71	1	0	3	4	3
71	2	5	3	8	8
71	3	2	4	4	5
71	4	0	2	3	5
71	5	-1	1	0	3
71	6	0	1	3	4
71	7	2	3	5	6
71	8	3	3	5	6
71	9	1	2	4	3
71	10	2	4	6	7
71	11	2	2	2	4
71	12	1	3	4	4
71	13	2	2	3	2
71	14	2	3	7	5
71	15	1	2	3	4
71	16	3	3	5	6
71	17	-1	2	2	2
71	18	0	2	1	4
71	19	1	2	2	5
71	20	4	2	5	4
71	21	1	2	3	5
71	22	2	1	2	2
71	23	-2	0	-1	0
71	24	0	3	3	7
71	25	0	2	1	2
71	26	0	4	2	4
71	27	1	4	5	5
71	28	0	2	2	3
71	29	1	2	5	5
71	30	2	3	4	5
71	31	0	2	5	5
71	32	0	2	1	3
71	33	1	4	4	5
71	34	3	3	4	6
71	35	4	3	8	6
71	36	-1	2	2	3
71	37	1	3	3	5
71	38	0	3	2	4
71	39	0	3	3	5
71	40	1	2	4	5
72	1	-1	0	-1	1
72	2	0	2	-1	0
72	3	0	1	0	0
72	4	0	2	0	0
72	5	0	2	0	0
72	6	0	0	-2	-1
72	7	1	0	0	2
72	8	-1	0	-1	1
72	9	0	2	0	0
72	10	0	1	0	1
72	11	1	1	0	3
72	12	1	1	0	0
72	13	-2	0	0	1
72	14	-1	2	-1	0
72	15	-4	1	-1	0
72	16	0	1	-1	1
72	17	-1	0	-3	0
72	18	0	1	-3	0
72	19	-1	1	-4	0
72	20	-2	1	-1	1
72	21	-3	1	-2	0
72	22	0	0	0	1
72	23	0	1	0	1
72	24	-1	1	0	0
72	25	-2	1	-2	0
72	26	1	2	0	1
72	27	-4	0	-4	0
72	28	0	2	0	0
72	29	2	2	2	2
72	30	-2	1	-4	0
72	31	-1	2	-1	1
72	32	0	1	-2	0
72	33	-1	0	-1	0
72	34	2	1	1	1
72	35	-2	0	-4	0
72	36	-1	1	-1	0
72	37	0	1	0	1
72	38	-1	1	0	1
72	39	0	2	0	1
72	40	2	2	2	1
73	1	4	4	5	4
73	2	2	3	3	1
73	3	1	3	5	3
73	4	3	5	2	2
73	5	2	3	2	3
73	6	4	4	5	4
73	7	3	3	5	3
73	8	3	4	4	3
73	9	3	4	3	4
73	10	2	4	2	4
73	11	0	3	0	2
73	12	3	2	1	2
73	13	5	6	5	5
73	14	4	4	3	4
73	15	1	3	2	2
73	16	2	3	2	2
73	17	1	3	2	4
73	18	3	4	6	4
73	19	4	3	7	4
73	20	4	3	3	4
73	21	3	2	3	2
73	22	5	5	9	5
73	23	1	3	3	2
73	24	3	4	2	3
73	25	3	5	4	2
73	26	3	2	5	2
73	27	2	3	2	3
73	28	3	3	6	1
73	29	4	3	0	1
73	30	3	3	4	4
73	31	5	4	5	4
73	32	2	3	4	2
73	33	3	4	4	3
73	34	3	3	4	2
73	35	2	4	3	4
73	36	3	3	2	2
73	37	0	2	3	2
73	38	3	4	4	2
73	39	2	4	4	4
73	40	4	3	4	4
74	1	3	2	2	4
74	2	0	0	0	0
74	3	3	0	3	3
74	4	3	0	3	3
74	5	1	0	1	2
74	6	2	1	1	3
74	7	0	-1	1	1
74	8	3	0	2	3
74	9	0	-3	-2	-1
74	10	1	0	4	1
74	11	6	2	3	5
74	12	3	1	3	5
74	13	-1	-1	-1	0
74	14	2	0	5	2
74	15	3	0	1	0
74	16	2	1	3	1
74	17	0	-1	0	0
74	18	3	1	3	3
74	19	4	1	1	2
74	20	2	1	1	2
74	21	2	0	0	1
74	22	1	0	0	0
74	23	3	1	3	3
74	24	4	0	3	3
74	25	2	0	1	1
74	26	3	1	3	3
74	27	2	1	2	1
74	28	3	1	4	4
74	29	4	0	0	0
74	30	3	-1	0	0
74	31	3	1	3	3
74	32	2	0	6	4
74	33	5	1	2	3
74	34	3	0	3	1
74	35	3	1	5	4
74	36	0	1	0	4
74	37	3	2	7	2
74	38	5	1	5	4
74	39	2	0	2	2
74	40	4	0	4	1
75	1	3	2	3	4
75	2	3	4	4	3
75	3	0	1	-1	0
75	4	3	4	3	2
75	5	-2	2	-1	0
75	6	2	3	7	5
75	7	0	1	1	0
75	8	0	1	3	2
75	9	0	3	4	3
75	10	0	1	0	2
75	11	0	1	2	1
75	12	1	2	3	4
75	13	0	1	2	3
75	14	3	3	6	5
75	15	-1	2	-2	1
75	16	1	1	1	0
75	17	2	2	4	3
75	18	0	2	1	1
75	19	1	3	2	3
75	20	2	4	5	4
75	21	0	1	-1	0
75	22	0	2	0	1
75	23	-2	1	-1	1
75	24	0	3	2	3
75	25	0	1	1	1
75	26	2	3	3	2
75	27	-2	1	3	4
75	28	0	1	4	2
75	29	0	2	2	2
75	30	1	3	2	2
75	31	-2	0	0	0
75	32	0	2	3	1
75	33	2	3	1	2
75	34	3	5	7	3
75	35	0	3	0	2
75	36	0	1	1	3
75	37	0	3	3	3
75	38	0	1	3	2
75	39	-1	1	0	0
75	40	1	4	4	4
76	1	4	3	6	5
76	2	1	2	2	4
76	3	0	3	1	4
76	4	0	2	3	3
76	5	1	2	4	5
76	6	1	3	3	3
76	7	3	3	7	4
76	8	1	2	4	4
76	9	1	2	1	2
76	10	3	3	5	6
76	11	1	3	5	4
76	12	1	3	3	5
76	13	3	2	3	4
76	14	1	3	4	5
76	15	-2	2	0	1
76	16	4	2	6	4
76	17	3	4	7	5
76	18	2	2	2	6
76	19	1	2	3	3
76	20	0	4	4	5
76	21	0	2	2	2
76	22	2	4	4	6
76	23	2	2	3	3
76	24	3	4	6	6
76	25	2	0	2	5
76	26	0	0	4	2
76	27	3	3	2	3
76	28	-1	0	0	3
76	29	2	2	2	3
76	30	4	3	5	5
76	31	6	4	7	5
76	32	2	2	2	2
76	33	2	4	6	4
76	34	0	1	1	3
76	35	5	4	5	7
76	36	3	2	3	4
76	37	2	2	0	2
76	38	2	2	4	4
76	39	2	2	2	2
76	40	1	4	2	4
77	1	0	2	3	2
77	2	3	3	4	7
77	3	0	2	0	4
77	4	0	2	2	5
77	5	1	3	2	5
77	6	1	2	2	5
77	7	3	2	6	6
77	8	5	3	5	6
77	9	0	2	2	6
77	10	0	0	0	3
77	11	2	3	4	3
77	12	2	2	3	6
77	13	0	1	1	3
77	14	0	2	3	2
77	15	0	2	0	3
77	16	0	2	4	4
77	17	3	3	4	4
77	18	0	1	-1	2
77	19	-1	1	0	0
77	20	1	1	1	4
77	21	0	2	0	3
77	22	0	3	1	5
77	23	3	3	4	5
77	24	1	2	0	4
77	25	3	2	1	3
77	26	1	2	2	5
77	27	0	0	0	4
77	28	2	2	3	7
77	29	2	3	2	3
77	30	3	3	2	5
77	31	1	1	0	5
77	32	0	1	0	2
77	33	1	3	4	5
77	34	2	2	3	4
77	35	5	4	6	6
77	36	4	3	6	6
77	37	0	2	0	4
77	38	0	2	1	4
77	39	4	3	3	4
77	40	3	3	3	7
78	1	0	0	0	0
78	2	0	0	0	0
78	3	1	1	3	3
78	4	2	1	5	2
78	5	2	1	2	2
78	6	0	0	0	1
78	7	-1	1	2	0
78	8	3	2	4	4
78	9	4	2	3	4
78	10	2	1	2	1
78	11	-1	1	0	2
78	12	2	0	0	1
78	13	1	0	1	1
78	14	-2	1	-1	1
78	15	0	2	1	2
78	16	3	3	2	3
78	17	1	1	1	2
78	18	0	0	0	3
78	19	1	0	0	3
78	20	0	1	3	2
78	21	1	1	0	2
78	22	2	2	3	3
78	23	2	1	3	2
78	24	0	0	0	0
78	25	2	2	4	4
78	26	1	2	3	2
78	27	0	2	1	1
78	28	-2	-1	-2	-2
78	29	3	3	4	2
78	30	0	0	-1	0
78	31	0	1	0	0
78	32	3	3	3	3
78	33	-1	0	-4	-1
78	34	0	1	-1	0
78	35	-1	0	0	0
78	36	-3	0	-2	0
78	37	0	3	4	4
78	38	3	2	3	3
78	39	0	1	1	1
78	40	0	0	0	1
79	1	2	2	2	2
79	2	1	3	1	5
79	3	2	1	3	3
79	4	3	3	3	5
79	5	5	4	5	4
79	6	1	2	4	4
79	7	2	5	2	4
79	8	-1	1	-1	0
79	9	3	2	4	3
79	10	1	1	3	3
79	11	5	4	5	5
79	12	2	3	3	5
79	13	-1	1	-1	2
79	14	3	3	3	3
79	15	2	3	1	3
79	16	2	3	3	3
79	17	3	3	4	4
79	18	3	4	7	4
79	19	0	1	1	3
79	20	5	3	2	4
79	21	1	1	2	3
79	22	4	4	4	4
79	23	0	2	1	2
79	24	2	3	5	5
79	25	5	3	4	6
79	26	-2	1	-1	1
79	27	3	3	4	4
79	28	2	2	2	4
79	29	1	3	4	6
79	30	3	3	3	3
79	31	3	2	5	5
79	32	4	3	4	4
79	33	1	4	4	4
79	34	2	3	3	4
79	35	1	3	0	4
79	36	0	3	2	3
79	37	3	3	2	2
79	38	3	3	3	3
79	39	1	2	2	2
79	40	3	2	3	3
80	1	0	1	-1	3
80	2	0	0	0	3
80	3	2	1	1	4
80	4	3	3	1	3
80	5	2	2	3	3
80	6	3	1	2	5
80	7	1	1	1	3
80	8	4	2	2	3
80	9	0	0	0	1
80	10	0	1	0	0
80	11	0	1	0	0
80	12	0	1	1	2
80	13	0	3	0	2
80	14	2	2	2	4
80	15	3	3	3	5
80	16	1	2	3	2
80	17	1	0	2	2
80	18	1	2	1	1
80	19	3	2	2	2
80	20	0	2	0	3
80	21	1	2	4	2
80	22	1	2	0	2
80	23	0	1	0	1
80	24	1	1	0	1
80	25	3	2	3	5
80	26	1	4	4	4
80	27	1	1	2	1
80	28	-1	0	-3	1
80	29	2	3	0	1
80	30	0	2	0	2
80	31	0	1	1	3
80	32	0	2	1	3
80	33	3	2	3	3
80	34	1	2	1	1
80	35	1	2	2	3
80	36	7	3	4	4
80	37	2	2	1	4
80	38	3	2	1	2
80	39	1	0	-1	2
80	40	3	3	4	5
81	1	-1	0	-1	1
81	2	4	0	2	3
81	3	0	2	3	3
81	4	0	0	2	1
81	5	1	0	2	2
81	6	0	0	2	3
81	7	1	1	3	3
81	8	0	0	2	3
81	9	1	0	3	2
81	10	3	0	4	2
81	11	2	0	3	3
81	12	3	2	5	4
81	13	1	0	1	3
81	14	2	2	4	5
81	15	-1	0	-3	2
81	16	0	0	3	3
81	17	0	-1	0	0
81	18	0	1	5	2
81	19	1	1	5	3
81	20	0	0	-1	1
81	21	0	0	3	2
81	22	0	1	0	1
81	23	2	1	5	4
81	24	-2	0	0	2
81	25	2	1	4	5
81	26	0	0	2	3
81	27	0	0	1	1
81	28	1	0	0	4
81	29	1	1	2	2
81	30	0	0	2	3
81	31	-2	0	2	1
81	32	2	0	2	3
81	33	0	0	2	2
81	34	-1	0	0	0
81	35	1	0	3	4
81	36	3	1	5	4
81	37	1	1	4	2
81	38	-1	0	0	1
81	39	0	0	2	3
81	40	0	0	1	2
82	1	3	3	3	4
82	2	3	2	3	4
82	3	3	2	2	3
82	4	2	2	1	2
82	5	5	3	4	6
82	6	1	2	1	2
82	7	2	4	3	4
82	8	1	5	4	5
82	9	5	2	4	4
82	10	2	3	4	7
82	11	2	2	0	2
82	12	4	5	4	5
82	13	6	2	4	6
82	14	2	3	3	3
82	15	1	4	4	3
82	16	4	4	3	3
82	17	5	4	3	4
82	18	0	2	0	1
82	19	5	5	6	5
82	20	1	2	1	3
82	21	0	3	0	2
82	22	4	3	5	5
82	23	1	2	-1	2
82	24	5	4	4	2
82	25	2	2	2	4
82	26	2	3	0	2
82	27	2	1	3	2
82	28	3	3	6	6
82	29	3	3	4	5
82	30	3	2	3	4
82	31	5	4	4	4
82	32	3	2	2	3
82	33	3	3	4	2
82	34	3	4	1	5
82	35	3	4	5	4
82	36	1	1	2	2
82	37	2	3	3	4
82	38	3	2	4	4
82	39	2	2	2	3
82	40	3	3	5	5
83	1	0	2	0	4
83	2	0	1	0	2
83	3	0	2	0	3
83	4	1	3	3	6
83	5	-2	0	-3	2
83	6	1	2	0	3
83	7	2	3	2	3
83	8	0	1	-1	2
83	9	0	3	3	4
83	10	2	3	4	4
83	11	-2	1	-2	3
83	12	1	0	0	4
83	13	4	4	5	6
83	14	1	0	-1	3
83	15	1	0	1	3
83	16	0	2	0	3
83	17	0	2	0	3
83	18	1	2	2	4
83	19	0	3	0	2
83	20	1	3	1	5
83	21	3	2	4	5
83	22	1	1	3	4
83	23	2	4	4	5
83	24	0	1	1	3
83	25	2	2	1	2
83	26	2	3	2	5
83	27	0	2	3	3
83	28	1	2	1	4
83	29	2	2	1	2
83	30	1	3	1	3
83	31	1	1	4	2
83	32	0	0	-1	3
83	33	2	1	4	6
83	34	0	2	3	4
83	35	5	2	5	5
83	36	-1	2	2	3
83	37	1	2	1	5
83	38	0	0	-1	0
83	39	0	1	2	3
83	40	2	2	0	3
84	1	3	4	7	4
84	2	0	2	5	5
84	3	1	1	4	4
84	4	2	3	3	5
84	5	1	3	2	3
84	6	2	3	4	4
84	7	5	3	7	6
84	8	2	3	3	6
84	9	2	3	4	6
84	10	0	3	2	2
84	11	1	3	3	5
84	12	2	2	3	5
84	13	1	2	2	4
84	14	1	1	3	3
84	15	3	5	8	6
84	16	0	3	1	4
84	17	2	3	2	5
84	18	1	0	3	3
84	19	2	3	2	4
84	20	0	2	0	4
84	21	3	4	4	5
84	22	0	1	0	3
84	23	3	2	2	3
84	24	4	4	5	6
84	25	4	3	2	4
84	26	1	2	1	5
84	27	2	4	6	5
84	28	6	4	8	6
84	29	5	5	8	7
84	30	3	2	3	3
84	31	0	2	2	1
84	32	5	3	4	4
84	33	4	2	3	4
84	34	3	4	4	5
84	35	3	2	2	3
84	36	2	3	3	4
84	37	6	2	3	5
84	38	1	3	3	5
84	39	3	3	3	4
84	40	1	2	6	6
85	1	1	1	4	3
85	2	0	0	1	3
85	3	2	2	2	3
85	4	-1	0	-2	1
85	5	2	3	3	4
85	6	0	0	0	2
85	7	-1	2	2	4
85	8	2	2	1	3
85	9	2	2	5	5
85	10	1	3	3	3
85	11	1	4	4	5
85	12	1	2	2	3
85	13	4	3	5	5
85	14	2	2	3	3
85	15	1	2	3	4
85	16	3	2	4	5
85	17	0	1	0	1
85	18	1	1	3	4
85	19	1	1	0	3
85	20	2	1	1	3
85	21	0	1	3	3
85	22	1	1	2	4
85	23	3	1	5	4
85	24	-1	0	0	2
85	25	0	3	1	2
85	26	0	2	1	2
85	27	3	3	2	4
85	28	0	0	1	0
85	29	2	0	5	2
85	30	1	2	3	3
85	31	1	3	3	3
85	32	-1	1	0	1
85	33	0	2	3	3
85	34	2	3	2	5
85	35	2	2	4	4
85	36	0	1	3	4
85	37	2	2	5	5
85	38	-1	2	-1	1
85	39	1	2	3	4
85	40	0	1	4	5
86	1	0	0	0	2
86	2	1	3	3	3
86	3	1	4	6	5
86	4	3	4	4	4
86	5	1	2	1	3
86	6	4	4	7	4
86	7	0	3	3	3
86	8	2	2	4	4
86	9	4	3	8	5
86	10	1	3	4	6
86	11	2	3	4	3
86	12	5	3	3	3
86	13	3	4	7	4
86	14	0	3	1	2
86	15	-1	2	2	5
86	16	1	3	6	7
86	17	2	2	4	2
86	18	-3	2	1	3
86	19	1	2	2	5
86	20	2	2	4	4
86	21	0	2	0	1
86	22	1	1	4	3
86	23	3	3	5	5
86	24	2	3	4	4
86	25	3	3	7	6
86	26	4	4	8	6
86	27	4	2	2	5
86	28	2	3	4	5
86	29	2	3	5	4
86	30	-1	2	2	2
86	31	3	3	5	6
86	32	3	3	3	4
86	33	3	2	6	5
86	34	0	2	3	3
86	35	0	2	1	3
86	36	1	4	6	4
86	37	3	4	4	6
86	38	0	2	2	3
86	39	0	0	0	0
86	40	5	4	6	7
87	1	5	4	2	5
87	2	3	3	6	6
87	3	3	3	5	6
87	4	7	5	7	6
87	5	4	1	4	6
87	6	2	4	4	5
87	7	7	4	9	5
87	8	6	5	10	6
87	9	4	4	4	5
87	10	4	5	4	5
87	11	5	3	6	5
87	12	3	2	5	5
87	13	5	4	6	5
87	14	3	1	3	4
87	15	4	3	3	4
87	16	4	4	8	6
87	17	1	3	2	4
87	18	5	4	5	6
87	19	5	4	4	5
87	20	7	4	7	6
87	21	6	5	11	6
87	22	3	4	5	4
87	23	4	4	5	4
87	24	6	5	7	7
87	25	5	4	3	6
87	26	4	5	3	3
87	27	1	2	4	5
87	28	5	4	7	6
87	29	7	5	9	8
87	30	3	3	3	3
87	31	3	3	4	3
87	32	2	2	1	4
87	33	5	3	5	5
87	34	4	4	2	5
87	35	5	3	5	7
87	36	8	6	8	8
87	37	2	3	5	5
87	38	3	2	5	6
87	39	7	6	6	8
87	40	1	3	2	4
88	1	0	3	2	3
88	2	3	5	0	2
88	3	3	5	4	4
88	4	2	4	1	2
88	5	0	3	0	2
88	6	2	4	4	3
88	7	-1	2	-1	0
88	8	0	3	0	2
88	9	2	6	5	4
88	10	3	5	5	2
88	11	0	2	0	0
88	12	4	5	4	3
88	13	1	3	0	1
88	14	0	4	3	3
88	15	2	5	2	2
88	16	0	3	0	1
88	17	3	5	5	4
88	18	3	4	5	5
88	19	2	3	1	4
88	20	4	5	6	5
88	21	3	4	2	2
88	22	5	5	2	4
88	23	1	4	5	2
88	24	1	3	1	0
88	25	0	3	-1	0
88	26	5	6	7	4
88	27	2	3	3	3
88	28	2	5	4	5
88	29	1	3	0	1
88	30	3	5	3	5
88	31	4	5	8	6
88	32	5	5	6	6
88	33	0	4	0	0
88	34	2	4	2	1
88	35	2	4	2	5
88	36	3	5	5	5
88	37	0	3	1	2
88	38	2	4	0	2
88	39	3	4	5	3
88	40	2	4	0	1
89	1	4	2	6	7
89	2	1	0	-2	1
89	3	2	3	4	4
89	4	0	0	0	1
89	5	1	2	0	4
89	6	4	4	2	4
89	7	3	3	5	4
89	8	0	1	-1	3
89	9	0	1	0	3
89	10	1	1	0	2
89	11	0	0	3	4
89	12	2	3	2	6
89	13	0	0	1	4
89	14	0	1	-2	3
89	15	1	2	3	3
89	16	1	0	0	3
89	17	2	3	3	5
89	18	2	1	-2	4
89	19	2	1	1	5
89	20	3	2	4	5
89	21	5	3	4	6
89	22	2	2	2	5
89	23	1	2	0	3
89	24	2	3	4	6
89	25	2	0	1	5
89	26	0	1	0	4
89	27	5	2	3	5
89	28	0	0	0	3
89	29	0	1	3	4
89	30	0	1	2	4
89	31	0	1	0	4
89	32	-2	0	-2	0
89	33	0	0	1	1
89	34	4	4	4	4
89	35	1	1	3	4
89	36	1	1	0	3
89	37	2	2	0	5
89	38	0	0	0	2
89	39	3	2	2	4
89	40	1	3	2	3
90	1	4	4	7	6
90	2	0	1	4	2
90	3	3	3	7	5
90	4	1	3	5	5
90	5	4	4	4	4
90	6	1	3	2	3
90	7	4	3	3	4
90	8	0	2	1	4
90	9	2	2	7	4
90	10	1	2	4	4
90	11	2	4	2	4
90	12	-1	1	1	2
90	13	3	4	8	5
90	14	5	4	6	7
90	15	5	3	6	6
90	16	5	5	7	6
90	17	1	3	2	0
90	18	4	4	3	4
90	19	2	3	3	4
90	20	4	5	6	5
90	21	3	3	3	4
90	22	5	3	6	4
90	23	5	4	8	7
90	24	3	4	7	5
90	25	1	2	1	2
90	26	1	4	5	3
90	27	0	2	5	3
90	28	8	5	10	8
90	29	1	3	3	4
90	30	3	3	6	5
90	31	2	3	7	4
90	32	2	2	4	2
90	33	4	4	6	6
90	34	2	3	3	4
90	35	6	4	5	5
90	36	5	4	5	5
90	37	-1	1	2	2
90	38	2	2	1	3
90	39	1	3	3	5
90	40	3	3	4	2
91	1	3	6	5	4
91	2	4	5	7	6
91	3	2	3	2	3
91	4	4	4	3	4
91	5	0	5	2	4
91	6	2	4	3	4
91	7	1	4	4	5
91	8	3	4	5	3
91	9	1	4	1	2
91	10	2	2	-1	3
91	11	4	4	5	3
91	12	2	5	4	2
91	13	4	4	5	4
91	14	3	4	2	3
91	15	4	4	6	3
91	16	0	2	3	1
91	17	0	3	1	4
91	18	4	5	3	3
91	19	1	4	5	2
91	20	3	5	1	3
91	21	2	4	3	3
91	22	4	4	5	3
91	23	5	6	5	6
91	24	3	5	5	3
91	25	0	2	0	3
91	26	0	4	2	1
91	27	1	4	3	2
91	28	3	2	0	4
91	29	5	4	4	5
91	30	8	5	8	7
91	31	3	5	6	5
91	32	2	5	2	3
91	33	4	4	4	5
91	34	6	5	7	7
91	35	1	4	3	3
91	36	3	4	4	6
91	37	5	6	3	3
91	38	3	4	3	4
91	39	1	4	5	6
91	40	5	4	7	5
92	1	2	4	2	3
92	2	1	5	0	6
92	3	1	3	0	3
92	4	3	3	2	5
92	5	2	3	2	6
92	6	2	3	1	4
92	7	4	4	2	5
92	8	1	2	3	3
92	9	0	3	0	5
92	10	4	3	4	7
92	11	-1	2	1	4
92	12	2	4	3	5
92	13	0	2	1	3
92	14	1	4	5	4
92	15	2	3	2	5
92	16	4	3	0	3
92	17	2	4	5	5
92	18	1	3	1	5
92	19	1	3	1	4
92	20	2	4	4	5
92	21	5	3	2	4
92	22	1	4	1	5
92	23	0	2	0	1
92	24	2	3	3	5
92	25	2	3	1	3
92	26	2	4	1	5
92	27	0	2	0	2
92	28	1	2	1	3
92	29	1	5	4	6
92	30	3	4	8	5
92	31	2	4	3	3
92	32	2	2	0	5
92	33	2	2	2	5
92	34	4	4	3	6
92	35	2	4	4	5
92	36	4	4	4	4
92	37	4	4	5	7
92	38	2	5	4	5
92	39	4	4	5	4
92	40	0	3	0	4
93	1	2	4	5	5
93	2	2	3	3	4
93	3	3	4	2	5
93	4	3	5	6	6
93	5	3	4	3	6
93	6	0	3	3	4
93	7	1	5	5	5
93	8	0	3	0	3
93	9	2	3	2	4
93	10	2	3	1	5
93	11	3	5	3	5
93	12	2	3	2	4
93	13	3	5	2	6
93	14	3	4	5	5
93	15	0	3	3	5
93	16	5	3	6	5
93	17	1	4	4	5
93	18	0	5	3	4
93	19	2	4	3	5
93	20	1	3	2	4
93	21	2	4	5	5
93	22	0	5	1	2
93	23	3	6	7	6
93	24	-1	2	1	3
93	25	1	3	0	3
93	26	2	4	4	3
93	27	1	4	0	4
93	28	3	4	5	5
93	29	3	2	2	4
93	30	3	3	5	5
93	31	1	2	6	6
93	32	2	3	4	4
93	33	3	4	4	3
93	34	2	4	5	5
93	35	3	3	5	4
93	36	0	1	0	3
93	37	1	3	2	2
93	38	0	2	0	1
93	39	1	4	3	4
93	40	3	5	8	5
94	1	0	1	1	0
94	2	0	1	4	2
94	3	1	1	3	1
94	4	0	3	3	2
94	5	0	1	0	1
94	6	-1	2	2	0
94	7	0	1	0	2
94	8	0	0	3	1
94	9	5	2	3	3
94	10	0	0	-1	1
94	11	0	2	0	2
94	12	2	1	1	0
94	13	3	1	0	1
94	14	1	0	2	0
94	15	1	3	4	2
94	16	0	0	-3	0
94	17	2	3	5	3
94	18	1	0	3	0
94	19	-1	1	0	0
94	20	-3	-1	-2	0
94	21	1	0	0	0
94	22	0	2	2	2
94	23	1	2	2	3
94	24	0	1	2	1
94	25	2	2	0	1
94	26	1	2	1	2
94	27	0	1	0	1
94	28	0	1	2	2
94	29	0	1	1	2
94	30	0	0	0	0
94	31	0	1	0	2
94	32	1	0	1	2
94	33	1	1	3	2
94	34	0	1	3	3
94	35	1	1	1	1
94	36	1	1	3	0
94	37	1	0	-1	0
94	38	2	1	1	3
94	39	0	0	0	0
94	40	2	1	0	1
95	1	1	4	5	2
95	2	5	8	8	6
95	3	1	4	4	3
95	4	0	2	-1	0
95	5	2	6	5	4
95	6	2	5	4	3
95	7	3	6	5	5
95	8	3	3	5	3
95	9	5	6	6	7
95	10	0	3	2	3
95	11	1	4	1	3
95	12	4	6	6	5
95	13	1	5	2	4
95	14	0	4	3	3
95	15	4	5	4	6
95	16	1	6	5	3
95	17	6	7	8	8
95	18	3	6	6	4
95	19	0	4	4	3
95	20	3	4	1	0
95	21	7	6	5	4
95	22	2	5	1	2
95	23	3	6	5	5
95	24	2	4	5	4
95	25	3	5	3	3
95	26	5	6	7	5
95	27	2	4	3	4
95	28	2	5	3	3
95	29	4	6	4	5
95	30	7	7	7	7
95	31	3	6	7	4
95	32	5	8	5	6
95	33	1	5	0	3
95	34	0	4	0	2
95	35	2	5	6	6
95	36	0	5	1	2
95	37	1	4	1	3
95	38	3	6	5	4
95	39	3	5	5	4
95	40	3	7	4	5
96	1	4	3	5	2
96	2	3	4	4	2
96	3	3	1	2	2
96	4	4	3	4	0
96	5	4	1	4	3
96	6	6	2	5	3
96	7	4	1	2	2
96	8	4	1	6	2
96	9	3	0	1	1
96	10	1	2	0	0
96	11	0	0	0	0
96	12	4	2	4	2
96	13	0	0	0	0
96	14	2	2	4	1
96	15	3	1	1	0
96	16	3	2	4	2
96	17	3	2	0	-1
96	18	2	2	1	0
96	19	0	1	-1	0
96	20	4	1	2	1
96	21	2	3	4	4
96	22	3	2	0	0
96	23	3	2	5	3
96	24	2	0	3	2
96	25	1	2	0	0
96	26	4	3	0	0
96	27	4	2	3	2
96	28	1	1	0	0
96	29	0	1	-1	0
96	30	2	0	5	1
96	31	4	2	3	3
96	32	-1	0	0	0
96	33	0	1	0	-1
96	34	2	1	3	3
96	35	3	2	4	4
96	36	2	1	1	1
96	37	6	2	4	3
96	38	0	2	0	0
96	39	1	0	1	0
96	40	3	2	5	3
97	1	6	5	5	4
97	2	6	6	5	6
97	3	2	6	4	5
97	4	4	7	5	6
97	5	3	5	3	5
97	6	0	5	2	4
97	7	4	4	3	5
97	8	4	4	5	7
97	9	3	5	5	6
97	10	6	7	7	8
97	11	5	5	5	5
97	12	5	6	8	7
97	13	6	6	5	7
97	14	7	9	10	9
97	15	4	5	5	5
97	16	8	6	7	6
97	17	5	6	5	6
97	18	5	5	5	6
97	19	2	4	2	3
97	20	4	5	3	6
97	21	2	5	3	6
97	22	4	4	4	5
97	23	4	6	4	4
97	24	6	5	4	5
97	25	5	6	8	6
97	26	2	6	4	6
97	27	5	6	5	5
97	28	4	6	5	6
97	29	7	6	6	6
97	30	3	6	4	6
97	31	5	7	5	8
97	32	4	7	7	5
97	33	7	6	7	7
97	34	7	7	7	7
97	35	5	6	6	6
97	36	8	8	11	11
97	37	5	6	4	5
97	38	9	7	10	9
97	39	3	6	6	6
97	40	4	5	4	4
98	1	1	2	2	3
98	2	0	1	5	3
98	3	5	4	7	7
98	4	6	2	9	7
98	5	4	1	3	5
98	6	3	3	6	6
98	7	4	2	6	4
98	8	1	1	2	5
98	9	2	1	3	4
98	10	2	1	6	4
98	11	3	1	4	5
98	12	2	1	6	3
98	13	3	2	7	6
98	14	3	2	9	6
98	15	4	3	8	6
98	16	0	0	0	4
98	17	4	2	4	5
98	18	2	1	3	6
98	19	3	3	4	5
98	20	0	2	3	2
98	21	3	2	5	5
98	22	1	3	5	3
98	23	4	2	8	6
98	24	0	0	4	4
98	25	9	4	12	9
98	26	1	2	2	6
98	27	1	2	6	2
98	28	0	2	5	3
98	29	0	2	4	5
98	30	5	2	9	6
98	31	2	1	6	6
98	32	3	4	6	6
98	33	1	2	2	5
98	34	3	3	7	7
98	35	4	2	8	4
98	36	1	2	6	4
98	37	3	1	5	4
98	38	4	3	5	6
98	39	4	3	4	7
98	40	0	1	3	5
99	1	3	2	2	4
99	2	1	2	5	5
99	3	5	3	3	3
99	4	3	1	2	4
99	5	0	1	2	4
99	6	1	3	1	2
99	7	4	2	2	5
99	8	0	2	3	2
99	9	4	1	1	5
99	10	3	3	4	3
99	11	2	2	0	4
99	12	1	2	2	3
99	13	3	1	0	3
99	14	2	3	4	3
99	15	1	1	1	0
99	16	0	3	3	4
99	17	2	3	0	4
99	18	-1	1	-3	3
99	19	2	3	3	5
99	20	0	2	-1	1
99	21	4	2	4	4
99	22	0	2	1	3
99	23	0	1	0	3
99	24	1	2	4	4
99	25	0	1	2	3
99	26	-1	1	-1	0
99	27	3	3	6	6
99	28	-2	0	-2	1
99	29	0	2	1	3
99	30	-2	0	0	4
99	31	0	2	0	1
99	32	1	2	1	3
99	33	0	2	0	3
99	34	0	1	0	1
99	35	0	1	2	2
99	36	1	2	1	2
99	37	1	1	0	4
99	38	0	1	-1	0
99	39	-1	3	0	2
99	40	-1	0	-2	3
100	1	-1	2	2	4
100	2	1	3	4	4
100	3	0	2	0	2
100	4	0	1	0	1
100	5	-1	2	0	1
100	6	0	2	0	2
100	7	0	3	0	4
100	8	0	3	0	2
100	9	1	2	1	3
100	10	0	2	2	2
100	11	0	3	2	2
100	12	-2	1	1	2
100	13	0	1	0	3
100	14	-2	2	0	1
100	15	-2	1	-1	1
100	16	-4	0	-1	4
100	17	1	4	3	4
100	18	-1	1	0	1
100	19	-1	1	0	3
100	20	2	4	4	3
100	21	0	1	3	4
100	22	1	2	1	5
100	23	0	3	3	3
100	24	0	1	1	3
100	25	-2	1	0	0
100	26	0	2	2	2
100	27	-1	1	0	0
100	28	0	2	2	1
100	29	2	3	4	5
100	30	0	2	0	3
100	31	0	1	0	3
100	32	1	3	1	4
100	33	0	2	2	4
100	34	1	2	0	4
100	35	1	2	0	3
100	36	0	2	0	3
100	37	0	0	1	3
100	38	0	3	3	1
100	39	1	4	1	2
100	40	-1	2	0	1
