1	1	1	4	0	2
1	2	-2	3	0	3
1	3	0	6	2	4
1	4	1	5	2	2
1	5	0	2	0	1
1	6	0	5	3	3
1	7	0	4	0	0
1	8	-2	2	-2	-1
1	9	0	5	1	2
1	10	2	5	2	2
1	11	0	4	1	3
1	12	0	4	0	3
1	13	1	4	3	5
1	14	1	5	3	4
1	15	-2	3	1	2
1	16	0	3	2	1
1	17	1	4	4	1
1	18	1	4	3	2
1	19	-1	4	0	0
1	20	0	3	3	3
1	21	0	4	4	3
1	22	1	4	4	2
1	23	0	4	0	2
1	24	1	6	1	3
1	25	1	4	4	4
1	26	0	5	3	3
1	27	2	5	4	4
1	28	0	5	3	2
1	29	0	3	0	3
1	30	0	4	0	0
2	1	4	3	2	1
2	2	0	1	0	2
2	3	0	1	0	0
2	4	0	2	1	2
2	5	6	6	6	3
2	6	3	3	5	3
2	7	2	5	3	5
2	8	2	4	3	3
2	9	0	2	1	1
2	10	1	3	0	1
2	11	1	3	2	3
2	12	2	2	0	1
2	13	2	4	2	2
2	14	0	2	-2	0
2	15	3	4	5	2
2	16	4	3	3	2
2	17	2	2	0	0
2	18	4	3	5	3
2	19	6	5	9	5
2	20	0	3	0	2
2	21	4	4	2	3
2	22	1	3	0	0
2	23	2	3	2	3
2	24	1	3	1	3
2	25	2	5	5	4
2	26	0	3	-1	2
2	27	1	3	4	1
2	28	0	3	1	2
2	29	0	4	2	0
2	30	1	3	3	3
3	1	1	3	5	2
3	2	4	3	5	4
3	3	3	3	2	2
3	4	5	4	6	6
3	5	2	3	1	2
3	6	4	3	3	4
3	7	3	3	6	5
3	8	5	4	5	5
3	9	4	3	4	4
3	10	5	4	4	3
3	11	4	3	4	5
3	12	0	3	0	2
3	13	3	3	4	5
3	14	4	2	4	4
3	15	5	3	2	3
3	16	7	5	5	6
3	17	4	3	5	6
3	18	2	3	5	4
3	19	2	1	1	3
3	20	5	3	4	4
3	21	2	4	4	5
3	22	2	3	4	3
3	23	3	3	3	4
3	24	6	4	5	4
3	25	2	3	2	4
3	26	1	4	3	4
3	27	3	4	4	4
3	28	3	3	3	3
3	29	6	4	4	5
3	30	1	2	4	3
4	1	-2	1	-2	-1
4	2	2	2	1	5
4	3	3	3	2	4
4	4	0	2	2	1
4	5	3	3	0	4
4	6	1	2	1	1
4	7	1	2	2	4
4	8	0	1	-1	1
4	9	3	2	3	3
4	10	4	5	4	6
4	11	3	3	3	4
4	12	2	3	2	3
4	13	2	2	0	3
4	14	0	2	0	2
4	15	3	3	3	4
4	16	2	3	2	3
4	17	0	1	1	1
4	18	-2	2	0	1
4	19	3	2	2	3
4	20	0	3	1	2
4	21	0	2	1	4
4	22	1	1	0	2
4	23	2	3	7	6
4	24	0	3	4	2
4	25	2	4	5	4
4	26	-3	1	-3	0
4	27	2	2	2	2
4	28	2	2	2	4
4	29	0	1	-1	1
4	30	3	4	6	5
5	1	0	1	-1	3
5	2	1	2	3	6
5	3	2	2	6	5
5	4	2	2	3	4
5	5	1	1	2	1
5	6	2	1	4	5
5	7	2	1	2	4
5	8	-2	0	2	3
5	9	0	1	0	4
5	10	3	3	6	5
5	11	1	1	0	3
5	12	0	0	0	1
5	13	0	1	3	5
5	14	2	1	4	4
5	15	0	1	1	3
5	16	-1	1	1	1
5	17	2	2	2	5
5	18	3	2	5	4
5	19	1	3	3	5
5	20	1	1	1	5
5	21	0	1	-1	3
5	22	3	2	1	4
5	23	0	2	4	4
5	24	3	3	6	4
5	25	2	1	0	3
5	26	0	2	5	5
5	27	0	2	0	4
5	28	0	1	3	4
5	29	2	2	6	5
5	30	2	3	3	5
6	1	2	1	0	2
6	2	5	3	5	5
6	3	5	4	7	4
6	4	1	3	4	2
6	5	4	3	7	4
6	6	2	3	4	2
6	7	5	4	11	4
6	8	5	5	7	4
6	9	4	4	6	3
6	10	4	3	6	4
6	11	4	3	8	3
6	12	4	3	8	5
6	13	7	4	9	5
6	14	4	3	5	3
6	15	1	1	2	0
6	16	4	3	5	3
6	17	4	3	5	5
6	18	4	4	6	3
6	19	3	4	6	4
6	20	4	4	8	5
6	21	2	2	3	3
6	22	3	4	6	3
6	23	5	3	7	3
6	24	4	3	4	3
6	25	5	2	3	5
6	26	1	3	2	2
6	27	2	2	3	2
6	28	1	2	1	3
6	29	3	3	4	0
6	30	3	3	1	2
7	1	2	2	2	4
7	2	2	3	6	6
7	3	0	2	2	1
7	4	0	0	0	1
7	5	2	1	-2	2
7	6	1	2	1	2
7	7	1	1	0	3
7	8	1	3	3	4
7	9	1	1	2	2
7	10	-1	0	0	1
7	11	1	2	2	3
7	12	3	2	4	4
7	13	4	3	4	3
7	14	0	1	1	3
7	15	0	1	-1	1
7	16	7	2	7	6
7	17	2	2	1	4
7	18	2	1	0	4
7	19	1	1	3	4
7	20	0	0	0	0
7	21	0	2	1	2
7	22	0	0	-2	3
7	23	1	1	1	4
7	24	1	1	3	2
7	25	0	0	-1	2
7	26	3	2	4	3
7	27	2	2	4	5
7	28	0	1	1	2
7	29	2	1	1	4
7	30	3	3	3	5
8	1	1	1	3	5
8	2	0	1	0	2
8	3	-1	0	0	3
8	4	0	0	1	2
8	5	0	1	5	4
8	6	0	0	3	3
8	7	0	2	2	4
8	8	0	-1	0	1
8	9	0	0	4	3
8	10	-1	0	1	4
8	11	-2	0	0	2
8	12	-4	0	-3	0
8	13	0	1	1	5
8	14	-4	0	-2	0
8	15	0	0	1	3
8	16	0	1	2	1
8	17	0	0	2	3
8	18	0	1	2	3
8	19	-2	0	0	0
8	20	0	1	3	3
8	21	0	1	2	5
8	22	0	1	2	4
8	23	-3	0	-2	0
8	24	0	0	3	3
8	25	0	0	0	1
8	26	1	3	4	4
8	27	0	1	1	3
8	28	-1	0	0	3
8	29	-1	0	0	0
8	30	0	1	2	5
9	1	2	4	4	2
9	2	2	3	1	3
9	3	3	6	6	5
9	4	0	4	3	3
9	5	1	4	1	1
9	6	-3	2	-1	-2
9	7	5	4	7	5
9	8	0	2	2	0
9	9	4	5	6	2
9	10	2	3	6	2
9	11	1	4	5	4
9	12	1	3	0	1
9	13	2	4	2	2
9	14	0	2	4	2
9	15	0	3	1	0
9	16	1	2	2	3
9	17	2	4	4	3
9	18	-1	3	1	4
9	19	0	1	0	1
9	20	0	4	0	3
9	21	0	4	3	2
9	22	2	2	3	2
9	23	0	5	5	3
9	24	-1	2	0	0
9	25	0	3	4	1
9	26	0	4	4	4
9	27	2	3	3	4
9	28	1	3	2	2
9	29	0	3	0	1
9	30	2	2	3	3
10	1	0	0	1	0
10	2	1	1	2	1
10	3	2	2	2	1
10	4	0	1	0	3
10	5	2	2	4	4
10	6	3	2	7	4
10	7	2	1	2	3
10	8	1	1	1	2
10	9	2	1	4	3
10	10	2	0	4	2
10	11	2	2	4	4
10	12	2	3	6	4
10	13	0	2	4	3
10	14	1	0	0	2
10	15	-2	0	-1	2
10	16	0	2	1	2
10	17	3	3	5	4
10	18	-2	1	2	-1
10	19	0	0	1	0
10	20	1	1	1	3
10	21	0	1	4	3
10	22	0	1	1	3
10	23	5	2	4	3
10	24	1	2	2	2
10	25	0	2	2	2
10	26	2	0	5	4
10	27	2	2	6	2
10	28	1	1	3	3
10	29	1	1	2	3
10	30	3	2	3	3
11	1	4	4	8	6
11	2	2	2	3	4
11	3	5	4	6	5
11	4	3	3	7	5
11	5	3	3	8	4
11	6	3	5	6	4
11	7	3	4	5	4
11	8	6	4	10	7
11	9	3	3	4	4
11	10	3	3	5	3
11	11	0	1	1	1
11	12	0	3	1	4
11	13	3	5	4	4
11	14	2	3	6	5
11	15	4	4	4	5
11	16	3	5	4	5
11	17	2	3	4	4
11	18	2	5	10	6
11	19	1	4	2	3
11	20	0	3	1	4
11	21	2	1	3	3
11	22	3	4	8	6
11	23	3	2	4	5
11	24	4	3	7	5
11	25	2	3	4	5
11	26	2	1	2	4
11	27	4	3	4	4
11	28	1	3	2	4
11	29	2	2	3	4
11	30	0	1	3	3
12	1	4	3	4	5
12	2	2	2	1	3
12	3	3	3	5	5
12	4	5	3	8	6
12	5	4	2	1	2
12	6	2	3	3	4
12	7	0	2	0	0
12	8	0	3	0	2
12	9	3	3	2	4
12	10	2	2	4	4
12	11	2	3	1	2
12	12	5	4	9	7
12	13	2	2	2	3
12	14	4	1	2	4
12	15	3	3	8	4
12	16	2	2	3	3
12	17	3	2	5	4
12	18	6	4	4	3
12	19	7	3	7	5
12	20	2	3	3	4
12	21	2	4	6	4
12	22	3	3	2	3
12	23	4	2	5	5
12	24	2	1	2	2
12	25	6	3	7	6
12	26	2	2	1	2
12	27	2	1	1	4
12	28	2	3	1	3
12	29	3	3	3	3
12	30	5	3	6	5
13	1	2	5	4	6
13	2	1	3	0	4
13	3	0	2	0	3
13	4	-1	4	0	3
13	5	2	4	1	5
13	6	3	6	8	7
13	7	-1	3	0	2
13	8	2	5	2	5
13	9	1	3	3	4
13	10	3	6	4	6
13	11	0	2	0	2
13	12	1	5	4	5
13	13	1	3	1	2
13	14	3	4	4	4
13	15	3	5	5	8
13	16	4	5	5	6
13	17	0	5	5	5
13	18	3	5	6	8
13	19	3	5	4	7
13	20	0	4	1	2
13	21	2	4	4	4
13	22	0	4	0	1
13	23	1	3	3	3
13	24	1	5	5	5
13	25	2	3	2	4
13	26	1	5	4	3
13	27	0	3	0	2
13	28	-1	3	3	3
13	29	0	4	1	2
13	30	1	3	1	4
14	1	1	2	1	1
14	2	1	2	2	1
14	3	0	1	0	2
14	4	5	3	6	5
14	5	3	3	4	2
14	6	1	2	0	3
14	7	2	2	3	4
14	8	0	1	0	3
14	9	3	2	0	4
14	10	2	1	0	3
14	11	-1	0	0	2
14	12	0	1	2	3
14	13	3	2	2	3
14	14	5	2	4	6
14	15	2	2	4	4
14	16	2	1	0	3
14	17	2	3	5	6
14	18	2	1	2	3
14	19	3	3	4	3
14	20	2	2	2	4
14	21	5	4	7	5
14	22	1	2	0	2
14	23	3	2	3	3
14	24	-1	0	0	1
14	25	2	1	3	4
14	26	4	2	5	4
14	27	3	3	5	6
14	28	-2	0	0	1
14	29	2	2	3	3
14	30	5	3	6	5
15	1	0	0	3	2
15	2	1	0	3	2
15	3	2	0	1	2
15	4	2	1	2	3
15	5	3	1	2	3
15	6	5	1	4	4
15	7	2	0	1	1
15	8	2	0	4	4
15	9	5	3	6	6
15	10	1	0	2	2
15	11	2	0	2	2
15	12	0	0	0	0
15	13	2	1	2	3
15	14	1	1	2	2
15	15	0	0	0	2
15	16	1	0	0	1
15	17	1	0	0	3
15	18	0	0	1	2
15	19	0	1	1	2
15	20	5	2	5	5
15	21	2	1	3	3
15	22	2	0	0	1
15	23	0	-1	0	-1
15	24	2	0	3	0
15	25	0	0	1	0
15	26	1	0	-1	0
15	27	2	0	0	0
15	28	6	2	5	4
15	29	1	0	0	2
15	30	0	1	0	0
16	1	4	5	5	3
16	2	2	6	5	0
16	3	5	6	7	4
16	4	3	7	4	2
16	5	4	6	7	4
16	6	2	4	4	1
16	7	3	5	5	2
16	8	5	5	5	3
16	9	2	4	1	2
16	10	7	6	8	3
16	11	7	6	10	4
16	12	7	7	10	5
16	13	5	5	7	3
16	14	6	3	7	2
16	15	4	5	6	2
16	16	3	6	6	2
16	17	0	4	5	1
16	18	3	4	2	0
16	19	6	5	4	3
16	20	2	6	6	2
16	21	4	5	5	1
16	22	0	4	0	-1
16	23	2	5	2	0
16	24	2	5	2	0
16	25	5	6	6	3
16	26	5	5	6	2
16	27	1	4	4	1
16	28	4	6	6	1
16	29	5	6	2	3
16	30	3	6	6	3
17	1	5	4	5	5
17	2	1	2	2	2
17	3	3	2	4	3
17	4	1	1	2	4
17	5	3	4	5	5
17	6	1	2	3	2
17	7	0	2	2	4
17	8	2	4	5	5
17	9	2	2	2	3
17	10	5	4	7	6
17	11	1	3	4	3
17	12	1	1	1	3
17	13	1	2	3	3
17	14	1	1	4	3
17	15	3	2	3	4
17	16	1	1	2	3
17	17	5	3	5	4
17	18	1	1	0	1
17	19	1	1	4	2
17	20	3	2	2	4
17	21	1	0	4	1
17	22	1	2	1	1
17	23	3	3	4	4
17	24	1	2	2	3
17	25	-2	1	0	0
17	26	6	3	6	6
17	27	3	2	5	1
17	28	6	5	7	5
17	29	2	3	2	4
17	30	3	2	2	4
18	1	4	1	4	5
18	2	4	1	4	6
18	3	-4	0	-1	0
18	4	-1	0	0	2
18	5	-1	0	-2	1
18	6	0	0	0	3
18	7	-1	0	0	2
18	8	-3	0	-2	0
18	9	0	0	-1	2
18	10	0	1	1	4
18	11	0	-1	-1	2
18	12	-2	0	1	1
18	13	1	2	4	2
18	14	-1	0	1	1
18	15	-3	0	-2	-1
18	16	0	0	0	0
18	17	2	0	1	3
18	18	0	1	1	2
18	19	-1	0	-1	0
18	20	0	0	0	4
18	21	-3	-1	-2	1
18	22	0	0	-1	2
18	23	-3	0	-4	0
18	24	-3	0	2	1
18	25	0	0	0	3
18	26	-3	0	-2	0
18	27	0	0	0	2
18	28	0	1	2	2
18	29	0	1	0	3
18	30	3	1	3	4
19	1	2	2	3	5
19	2	3	2	5	6
19	3	2	1	4	6
19	4	3	1	5	4
19	5	2	1	7	5
19	6	0	1	3	3
19	7	1	1	0	4
19	8	0	1	5	4
19	9	4	2	7	7
19	10	1	2	4	2
19	11	2	2	7	4
19	12	0	3	2	4
19	13	2	1	6	5
19	14	2	1	3	3
19	15	3	3	7	6
19	16	2	2	6	6
19	17	0	0	3	3
19	18	1	2	5	5
19	19	3	4	5	5
19	20	3	1	6	6
19	21	5	2	6	5
19	22	0	1	4	5
19	23	4	2	8	4
19	24	3	2	5	5
19	25	2	2	4	4
19	26	0	0	2	5
19	27	0	1	4	3
19	28	1	2	5	5
19	29	2	1	6	4
19	30	3	3	8	7
20	1	1	0	3	1
20	2	-1	0	3	2
20	3	0	0	0	2
20	4	0	0	1	2
20	5	1	1	2	3
20	6	1	1	3	2
20	7	0	1	6	2
20	8	0	0	0	3
20	9	0	0	1	1
20	10	0	0	0	2
20	11	3	1	4	3
20	12	0	0	3	2
20	13	2	0	3	2
20	14	0	0	0	0
20	15	0	1	3	3
20	16	-1	0	1	2
20	17	-1	0	-1	1
20	18	4	0	6	3
20	19	0	0	2	1
20	20	0	0	0	2
20	21	3	2	5	3
20	22	-2	-1	-1	0
20	23	2	1	3	4
20	24	1	0	3	4
20	25	0	1	2	0
20	26	1	0	3	2
20	27	0	2	2	2
20	28	1	0	5	4
20	29	0	1	2	2
20	30	0	0	0	2
21	1	3	1	3	4
21	2	3	0	2	4
21	3	-1	0	0	3
21	4	0	0	0	2
21	5	0	2	2	4
21	6	0	0	0	3
21	7	0	0	0	4
21	8	0	0	1	5
21	9	-1	0	0	2
21	10	0	0	1	3
21	11	0	0	0	3
21	12	2	1	4	5
21	13	4	2	6	7
21	14	-1	0	0	2
21	15	2	2	2	3
21	16	0	2	0	6
21	17	0	0	0	3
21	18	0	0	0	2
21	19	2	2	6	3
21	20	-2	0	-2	0
21	21	0	0	-2	2
21	22	-1	0	-1	2
21	23	3	1	2	6
21	24	0	0	1	3
21	25	-1	1	0	3
21	26	4	3	8	7
21	27	0	1	2	5
21	28	0	0	0	3
21	29	1	1	3	4
21	30	1	-1	-2	2
22	1	2	3	4	3
22	2	0	1	2	3
22	3	2	2	1	3
22	4	1	1	1	3
22	5	0	3	-1	1
22	6	0	1	0	2
22	7	0	2	2	3
22	8	2	4	6	5
22	9	3	4	7	4
22	10	1	2	2	3
22	11	0	1	3	4
22	12	0	3	4	2
22	13	0	2	2	4
22	14	1	2	4	4
22	15	1	2	1	4
22	16	0	1	1	1
22	17	0	1	1	3
22	18	1	3	6	6
22	19	0	3	1	3
22	20	2	2	3	4
22	21	0	2	3	3
22	22	0	2	2	1
22	23	0	3	5	4
22	24	1	1	3	3
22	25	3	4	6	6
22	26	0	3	3	4
22	27	1	3	1	3
22	28	1	2	6	3
22	29	0	1	1	2
22	30	0	2	2	1
23	1	1	3	0	3
23	2	0	1	0	2
23	3	-1	2	0	2
23	4	0	2	1	2
23	5	-1	2	0	2
23	6	-2	0	-3	1
23	7	0	3	1	1
23	8	0	3	2	3
23	9	-1	1	0	1
23	10	3	4	4	3
23	11	1	3	2	3
23	12	1	3	1	5
23	13	-1	2	-1	2
23	14	1	2	0	3
23	15	0	3	2	3
23	16	2	2	1	3
23	17	0	1	-1	1
23	18	0	3	3	2
23	19	-1	1	0	1
23	20	-1	1	0	2
23	21	0	3	1	1
23	22	0	1	-1	2
23	23	0	2	1	2
23	24	1	2	0	2
23	25	1	2	1	2
23	26	1	3	1	3
23	27	-1	2	-3	1
23	28	0	2	-1	0
23	29	2	2	4	3
23	30	-3	0	-4	-2
24	1	1	2	0	3
24	2	3	4	4	7
24	3	4	4	6	5
24	4	1	3	3	4
24	5	0	1	0	2
24	6	2	2	1	4
24	7	0	1	1	3
24	8	2	4	5	5
24	9	0	1	2	3
24	10	0	2	2	5
24	11	2	3	4	3
24	12	-1	2	0	2
24	13	3	3	5	4
24	14	-2	1	1	1
24	15	0	2	2	4
24	16	2	3	4	5
24	17	-1	1	0	2
24	18	3	3	6	4
24	19	0	2	2	4
24	20	1	2	2	5
24	21	1	3	2	2
24	22	0	3	2	3
24	23	2	2	0	3
24	24	0	2	0	2
24	25	1	1	2	3
24	26	0	3	5	5
24	27	-3	0	0	1
24	28	-3	1	0	2
24	29	0	1	0	3
24	30	0	1	0	0
25	1	2	2	5	4
25	2	1	0	0	0
25	3	0	0	-1	-2
25	4	1	0	2	2
25	5	1	1	0	1
25	6	3	2	3	4
25	7	0	0	0	0
25	8	4	3	2	4
25	9	4	1	1	1
25	10	2	2	1	3
25	11	1	1	0	0
25	12	5	4	6	5
25	13	3	2	2	1
25	14	0	0	-1	0
25	15	2	1	1	2
25	16	-1	0	0	-1
25	17	2	1	0	1
25	18	2	1	1	1
25	19	2	2	3	2
25	20	1	2	3	2
25	21	1	2	0	1
25	22	4	2	3	5
25	23	4	1	4	3
25	24	1	1	0	0
25	25	1	0	0	1
25	26	3	2	3	2
25	27	2	1	2	1
25	28	3	2	4	3
25	29	4	2	5	4
25	30	2	1	3	2
26	1	1	2	2	3
26	2	0	1	3	1
26	3	0	1	1	1
26	4	0	1	2	3
26	5	1	1	3	3
26	6	-1	0	-1	-1
26	7	-2	-1	0	0
26	8	0	1	1	0
26	9	-1	1	0	0
26	10	0	1	3	0
26	11	0	1	3	3
26	12	2	1	1	1
26	13	-1	1	0	1
26	14	-3	0	1	0
26	15	0	0	1	0
26	16	0	1	3	3
26	17	0	1	1	1
26	18	1	1	4	2
26	19	0	1	1	0
26	20	0	1	2	2
26	21	0	2	3	2
26	22	1	2	3	2
26	23	0	0	2	0
26	24	-2	1	2	0
26	25	0	0	0	2
26	26	0	2	1	0
26	27	1	1	0	1
26	28	1	2	3	3
26	29	-1	0	0	1
26	30	-1	0	0	0
27	1	4	3	0	7
27	2	1	1	4	5
27	3	3	1	3	7
27	4	0	0	3	4
27	5	0	1	0	3
27	6	4	3	5	6
27	7	2	2	4	6
27	8	1	1	1	3
27	9	0	0	1	4
27	10	5	2	4	5
27	11	4	3	5	8
27	12	7	2	6	9
27	13	2	3	3	7
27	14	3	3	4	7
27	15	4	2	4	8
27	16	1	2	4	6
27	17	2	2	6	7
27	18	2	1	3	5
27	19	3	3	5	5
27	20	5	3	4	8
27	21	3	1	3	5
27	22	3	3	2	5
27	23	1	2	2	5
27	24	4	2	6	6
27	25	3	3	3	7
27	26	5	2	5	8
27	27	1	1	1	4
27	28	4	4	5	5
27	29	0	1	4	5
27	30	3	2	1	6
28	1	2	3	7	4
28	2	1	2	1	2
28	3	1	3	4	4
28	4	1	1	3	3
28	5	1	1	4	2
28	6	3	2	6	3
28	7	0	0	4	3
28	8	0	0	-2	1
28	9	2	3	5	5
28	10	3	3	3	4
28	11	2	2	3	3
28	12	0	1	-1	1
28	13	6	3	6	5
28	14	6	3	9	6
28	15	1	1	1	2
28	16	3	1	5	4
28	17	4	1	5	5
28	18	0	1	3	3
28	19	0	1	1	3
28	20	0	1	0	1
28	21	1	0	3	4
28	22	0	2	2	5
28	23	0	1	3	3
28	24	2	2	3	3
28	25	2	2	1	4
28	26	0	0	0	1
28	27	4	2	4	4
28	28	0	0	1	1
28	29	1	1	5	2
28	30	2	1	3	2
29	1	0	1	0	4
29	2	2	2	4	5
29	3	-1	1	1	2
29	4	-1	1	0	2
29	5	-2	1	0	2
29	6	-3	1	0	2
29	7	-2	2	0	2
29	8	0	1	1	4
29	9	-1	1	0	2
29	10	1	1	1	4
29	11	0	2	1	2
29	12	-2	2	0	2
29	13	0	0	3	3
29	14	3	2	5	5
29	15	1	1	5	4
29	16	3	4	6	7
29	17	0	2	1	5
29	18	-2	1	0	1
29	19	-3	1	0	2
29	20	0	1	1	5
29	21	2	2	5	5
29	22	-1	2	1	4
29	23	0	3	7	4
29	24	0	2	3	4
29	25	0	0	0	2
29	26	-1	2	0	4
29	27	1	2	2	3
29	28	0	2	4	3
29	29	1	3	3	4
29	30	0	1	4	5
30	1	2	1	2	3
30	2	1	3	1	2
30	3	6	3	10	6
30	4	2	2	3	2
30	5	2	1	3	3
30	6	7	3	5	3
30	7	1	2	1	2
30	8	5	1	2	1
30	9	1	1	3	2
30	10	2	4	5	4
30	11	2	3	5	3
30	12	3	3	4	4
30	13	5	1	7	4
30	14	5	3	6	3
30	15	4	2	5	6
30	16	1	1	1	3
30	17	2	2	3	2
30	18	2	2	4	4
30	19	3	3	5	5
30	20	0	0	3	2
30	21	2	1	4	3
30	22	1	2	3	3
30	23	5	3	6	6
30	24	6	3	6	3
30	25	6	3	2	4
30	26	0	2	3	2
30	27	4	3	4	5
30	28	4	3	9	5
30	29	3	3	4	2
30	30	1	3	3	3
31	1	1	4	3	1
31	2	1	5	2	3
31	3	4	4	6	5
31	4	1	4	4	4
31	5	7	4	4	4
31	6	4	6	8	5
31	7	4	5	4	4
31	8	4	6	7	4
31	9	0	5	1	1
31	10	5	4	3	2
31	11	3	5	5	4
31	12	4	4	5	4
31	13	0	3	1	1
31	14	6	6	5	3
31	15	4	5	5	3
31	16	3	5	3	3
31	17	4	4	3	2
31	18	2	4	2	3
31	19	5	4	5	5
31	20	3	5	6	4
31	21	3	4	4	4
31	22	6	5	6	4
31	23	5	4	5	4
31	24	4	5	6	3
31	25	3	4	1	1
31	26	6	5	6	5
31	27	4	5	3	4
31	28	5	6	7	5
31	29	4	5	3	2
31	30	3	3	3	2
32	1	3	3	4	3
32	2	0	0	0	1
32	3	2	2	3	3
32	4	3	1	2	3
32	5	-2	1	-2	1
32	6	2	2	0	3
32	7	-1	0	-3	0
32	8	1	2	1	3
32	9	2	3	2	3
32	10	0	1	1	2
32	11	3	2	3	3
32	12	2	3	5	5
32	13	0	1	0	1
32	14	3	3	3	5
32	15	2	2	3	3
32	16	-1	1	1	2
32	17	0	1	-2	0
32	18	-3	0	-1	0
32	19	2	3	1	5
32	20	0	3	0	2
32	21	4	2	3	6
32	22	2	1	0	4
32	23	2	4	2	4
32	24	3	3	2	5
32	25	1	0	3	1
32	26	2	1	3	3
32	27	2	2	3	5
32	28	1	3	3	4
32	29	2	2	5	4
32	30	0	3	3	3
33	1	2	4	1	3
33	2	6	4	5	4
33	3	2	3	4	6
33	4	3	4	4	6
33	5	2	3	7	5
33	6	3	2	4	4
33	7	3	3	4	3
33	8	4	3	4	6
33	9	4	3	6	5
33	10	2	3	3	4
33	11	3	2	1	6
33	12	0	3	0	2
33	13	1	2	4	2
33	14	2	3	1	5
33	15	0	2	0	3
33	16	0	3	0	1
33	17	5	4	4	5
33	18	1	3	4	4
33	19	0	3	0	2
33	20	3	2	3	4
33	21	5	5	4	5
33	22	4	4	5	7
33	23	4	2	4	3
33	24	4	4	5	5
33	25	0	2	2	4
33	26	3	5	6	6
33	27	0	1	2	4
33	28	2	3	3	5
33	29	8	4	8	6
33	30	4	4	6	5
34	1	3	3	4	6
34	2	2	2	1	3
34	3	2	2	3	3
34	4	5	4	10	5
34	5	1	3	3	0
34	6	2	2	4	2
34	7	3	2	6	6
34	8	4	4	8	4
34	9	4	2	8	4
34	10	1	1	3	3
34	11	2	2	4	1
34	12	1	2	3	3
34	13	2	1	4	2
34	14	2	1	6	4
34	15	5	2	6	4
34	16	7	3	9	4
34	17	4	2	8	3
34	18	1	1	3	1
34	19	4	4	6	5
34	20	1	2	8	4
34	21	2	2	4	4
34	22	0	0	2	1
34	23	4	4	5	4
34	24	4	2	7	2
34	25	3	1	2	3
34	26	3	3	4	4
34	27	3	2	5	3
34	28	3	2	8	4
34	29	3	2	5	3
34	30	1	0	5	3
35	1	2	3	2	4
35	2	0	2	4	2
35	3	1	3	2	4
35	4	0	2	3	4
35	5	2	3	6	4
35	6	4	3	2	5
35	7	5	4	8	4
35	8	0	0	0	2
35	9	0	3	2	4
35	10	2	3	5	5
35	11	3	4	9	6
35	12	0	2	4	5
35	13	1	1	3	5
35	14	0	2	3	3
35	15	2	3	6	4
35	16	2	4	7	5
35	17	1	3	3	4
35	18	3	2	5	4
35	19	3	4	5	5
35	20	3	2	5	5
35	21	3	1	6	4
35	22	2	3	6	6
35	23	2	2	3	6
35	24	4	2	5	5
35	25	1	2	4	3
35	26	4	2	7	7
35	27	0	2	5	4
35	28	1	4	6	5
35	29	0	0	3	1
35	30	1	2	3	5
36	1	3	1	5	4
36	2	3	0	3	2
36	3	1	1	2	1
36	4	4	2	5	2
36	5	5	2	4	3
36	6	0	0	-1	2
36	7	3	3	1	4
36	8	1	1	0	1
36	9	0	0	1	3
36	10	4	2	5	4
36	11	1	1	0	2
36	12	6	2	5	4
36	13	3	1	0	2
36	14	3	2	6	3
36	15	3	2	1	2
36	16	1	0	-1	1
36	17	4	3	5	5
36	18	4	1	4	3
36	19	2	1	3	2
36	20	3	1	4	1
36	21	6	3	5	5
36	22	4	1	3	2
36	23	0	0	1	1
36	24	2	1	0	1
36	25	2	0	2	3
36	26	3	2	5	3
36	27	5	1	4	3
36	28	3	1	1	1
36	29	4	3	3	3
36	30	4	1	1	3
37	1	1	2	2	3
37	2	4	4	7	5
37	3	-2	0	0	2
37	4	0	2	4	6
37	5	1	3	3	3
37	6	1	3	4	6
37	7	0	1	1	4
37	8	2	3	1	4
37	9	4	4	7	7
37	10	2	4	5	5
37	11	-1	0	-1	2
37	12	0	3	1	4
37	13	0	2	2	1
37	14	0	0	0	3
37	15	2	2	2	3
37	16	0	3	3	4
37	17	0	3	3	4
37	18	5	3	7	7
37	19	-1	1	-1	2
37	20	3	2	3	7
37	21	2	3	2	4
37	22	3	3	3	6
37	23	0	3	2	4
37	24	2	2	2	5
37	25	-2	2	1	3
37	26	0	2	0	5
37	27	5	3	8	5
37	28	3	4	4	6
37	29	4	4	6	5
37	30	3	3	2	6
38	1	3	3	8	5
38	2	2	3	4	6
38	3	1	3	3	5
38	4	2	2	2	1
38	5	1	1	0	2
38	6	0	0	0	2
38	7	3	1	3	5
38	8	3	4	4	5
38	9	4	2	5	5
38	10	1	3	2	4
38	11	2	3	2	3
38	12	7	5	8	7
38	13	2	3	1	6
38	14	5	4	5	5
38	15	2	3	2	3
38	16	1	2	3	3
38	17	3	2	5	4
38	18	7	3	5	5
38	19	1	3	3	3
38	20	3	3	4	4
38	21	0	2	-1	3
38	22	0	1	1	3
38	23	3	1	1	1
38	24	3	3	4	6
38	25	1	3	3	4
38	26	1	3	2	3
38	27	5	3	4	5
38	28	7	3	4	5
38	29	1	1	0	1
38	30	3	4	1	4
39	1	0	1	0	1
39	2	2	2	0	-1
39	3	2	3	4	3
39	4	4	2	4	3
39	5	6	3	6	4
39	6	1	0	1	0
39	7	0	0	-1	-1
39	8	1	1	0	0
39	9	4	2	4	2
39	10	2	3	3	0
39	11	-1	0	0	-1
39	12	2	2	3	2
39	13	4	2	6	3
39	14	4	2	2	2
39	15	2	1	1	0
39	16	0	0	0	0
39	17	2	2	1	0
39	18	4	2	4	1
39	19	2	3	4	1
39	20	0	1	0	-1
39	21	3	3	5	1
39	22	2	3	3	1
39	23	4	3	2	2
39	24	1	2	0	0
39	25	2	1	2	0
39	26	1	2	1	2
39	27	5	3	4	2
39	28	5	4	2	2
39	29	2	2	4	2
39	30	5	3	5	2
40	1	-1	0	0	3
40	2	3	0	3	5
40	3	0	0	0	3
40	4	0	0	2	3
40	5	2	2	3	4
40	6	2	1	5	5
40	7	2	2	3	4
40	8	-1	1	1	3
40	9	-1	2	0	1
40	10	1	0	6	3
40	11	1	2	2	5
40	12	1	2	4	6
40	13	0	1	2	4
40	14	3	3	5	5
40	15	-1	0	0	4
40	16	2	1	4	3
40	17	-1	1	0	2
40	18	-3	0	-4	1
40	19	-2	1	1	4
40	20	0	0	2	4
40	21	0	1	3	5
40	22	-1	0	-1	4
40	23	0	1	0	1
40	24	3	2	3	6
40	25	1	1	3	1
40	26	0	3	3	4
40	27	0	0	1	2
40	28	0	2	2	4
40	29	1	1	0	3
40	30	0	1	4	3
41	1	3	0	4	1
41	2	2	2	0	1
41	3	-4	-2	-4	0
41	4	3	1	6	3
41	5	2	3	6	4
41	6	0	0	-2	0
41	7	1	1	5	0
41	8	3	0	3	3
41	9	2	2	3	0
41	10	3	3	4	3
41	11	0	0	0	0
41	12	5	3	6	4
41	13	0	0	0	0
41	14	2	1	5	2
41	15	0	0	4	1
41	16	0	0	0	0
41	17	1	1	1	1
41	18	0	0	2	0
41	19	3	2	7	0
41	20	0	1	1	0
41	21	1	0	5	2
41	22	1	1	1	1
41	23	0	0	0	2
41	24	0	0	0	0
41	25	0	1	2	3
41	26	0	-1	-3	0
41	27	1	0	-1	-1
41	28	0	0	1	0
41	29	0	0	-2	0
41	30	3	0	3	0
42	1	3	2	4	5
42	2	0	1	0	3
42	3	2	0	3	4
42	4	1	1	6	4
42	5	0	0	0	2
42	6	0	1	2	4
42	7	1	1	5	5
42	8	1	0	2	2
42	9	1	1	3	4
42	10	4	1	5	4
42	11	-1	1	2	3
42	12	1	1	3	2
42	13	0	2	2	4
42	14	3	3	7	4
42	15	1	3	4	4
42	16	0	0	3	1
42	17	1	0	2	1
42	18	1	0	2	3
42	19	2	3	2	4
42	20	3	0	5	4
42	21	0	1	1	3
42	22	2	2	3	5
42	23	1	3	3	2
42	24	0	0	1	1
42	25	2	0	3	3
42	26	2	3	7	5
42	27	3	2	2	5
42	28	2	1	3	3
42	29	0	1	0	1
42	30	3	2	4	3
43	1	-3	2	0	1
43	2	-1	1	-2	0
43	3	0	2	1	1
43	4	0	4	2	4
43	5	2	5	7	4
43	6	-3	3	0	0
43	7	0	2	1	3
43	8	1	3	6	4
43	9	1	3	3	3
43	10	0	3	0	2
43	11	-1	3	0	3
43	12	-1	3	3	2
43	13	3	3	5	4
43	14	-1	3	3	3
43	15	-3	1	0	1
43	16	1	3	4	3
43	17	-1	2	2	4
43	18	-2	2	1	2
43	19	0	2	5	2
43	20	0	1	0	3
43	21	-1	2	2	4
43	22	-2	2	2	1
43	23	-1	2	1	2
43	24	0	1	0	1
43	25	-1	2	3	2
43	26	0	4	4	2
43	27	0	3	2	3
43	28	0	3	3	4
43	29	-2	1	0	1
43	30	0	2	1	2
44	1	4	3	8	7
44	2	2	3	3	4
44	3	5	4	8	8
44	4	2	3	6	4
44	5	0	4	4	5
44	6	4	3	6	6
44	7	3	3	6	6
44	8	2	3	5	4
44	9	4	2	6	6
44	10	0	2	3	3
44	11	1	3	3	3
44	12	2	3	4	5
44	13	1	3	7	6
44	14	5	4	9	8
44	15	5	5	10	7
44	16	3	4	7	4
44	17	2	3	9	6
44	18	4	3	9	4
44	19	2	4	5	5
44	20	0	2	1	4
44	21	3	3	7	5
44	22	4	2	4	6
44	23	4	4	7	4
44	24	3	3	4	2
44	25	2	4	5	6
44	26	3	1	4	6
44	27	3	3	7	6
44	28	5	4	7	7
44	29	5	3	7	5
44	30	3	5	5	6
45	1	0	2	2	2
45	2	4	3	6	7
45	3	3	3	5	3
45	4	0	2	4	2
45	5	3	3	7	3
45	6	3	4	6	5
45	7	0	3	0	1
45	8	5	4	6	6
45	9	0	3	6	1
45	10	4	4	6	5
45	11	3	2	4	4
45	12	1	3	4	4
45	13	0	2	0	1
45	14	0	1	2	1
45	15	2	2	3	5
45	16	3	4	3	3
45	17	0	1	1	3
45	18	3	4	6	4
45	19	4	4	7	6
45	20	0	2	3	3
45	21	2	4	5	4
45	22	1	2	4	2
45	23	1	4	3	3
45	24	3	4	6	4
45	25	3	5	5	5
45	26	0	2	4	3
45	27	2	1	5	3
45	28	0	3	1	3
45	29	2	3	6	5
45	30	0	3	2	2
46	1	-3	0	-3	0
46	2	1	6	5	5
46	3	3	5	3	3
46	4	0	2	0	2
46	5	0	4	2	4
46	6	-1	3	0	1
46	7	1	5	2	3
46	8	0	3	1	3
46	9	1	3	1	3
46	10	-2	1	-4	0
46	11	3	4	2	4
46	12	0	2	0	1
46	13	-3	3	-2	0
46	14	0	2	1	2
46	15	0	2	0	2
46	16	1	4	2	4
46	17	-1	1	-3	0
46	18	0	3	-1	2
46	19	2	3	2	4
46	20	4	4	2	5
46	21	3	3	1	3
46	22	1	4	3	5
46	23	0	4	0	2
46	24	0	3	-1	3
46	25	2	3	0	2
46	26	0	4	3	3
46	27	5	4	3	5
46	28	-3	2	-2	0
46	29	0	3	0	2
46	30	1	5	2	4
47	1	-1	0	0	2
47	2	-1	1	0	3
47	3	0	3	4	4
47	4	-2	0	3	2
47	5	1	1	4	2
47	6	2	1	3	4
47	7	3	2	7	4
47	8	-1	1	-2	3
47	9	1	3	4	4
47	10	-1	1	1	2
47	11	0	0	1	2
47	12	3	2	5	5
47	13	2	2	4	3
47	14	0	1	1	1
47	15	1	2	2	5
47	16	0	0	2	3
47	17	-2	2	2	4
47	18	1	1	1	3
47	19	0	0	3	3
47	20	0	1	4	5
47	21	3	3	5	5
47	22	-1	1	0	3
47	23	0	0	2	2
47	24	2	3	8	5
47	25	0	2	0	3
47	26	-5	0	-3	0
47	27	1	1	4	3
47	28	-1	1	1	1
47	29	-1	2	1	2
47	30	1	1	5	5
48	1	4	3	6	6
48	2	0	1	0	3
48	3	4	0	4	4
48	4	2	0	0	4
48	5	2	-1	0	3
48	6	5	0	4	5
48	7	3	1	0	5
48	8	1	-1	0	3
48	9	0	0	1	3
48	10	4	0	6	3
48	11	-1	-1	-5	0
48	12	3	1	5	5
48	13	0	0	-1	2
48	14	2	0	0	5
48	15	1	0	0	3
48	16	4	1	5	5
48	17	1	1	2	3
48	18	1	0	2	5
48	19	2	1	2	4
48	20	0	-1	0	3
48	21	1	0	0	4
48	22	3	1	5	5
48	23	2	1	4	5
48	24	0	-1	0	1
48	25	0	0	1	4
48	26	0	-1	0	1
48	27	1	0	1	3
48	28	4	0	4	5
48	29	0	-1	-4	1
48	30	-1	0	-3	2
49	1	5	4	5	4
49	2	3	0	0	2
49	3	4	2	6	3
49	4	5	3	2	1
49	5	3	2	5	3
49	6	6	2	4	4
49	7	3	2	4	0
49	8	1	1	0	2
49	9	4	2	1	0
49	10	7	4	9	5
49	11	5	3	4	3
49	12	2	3	4	3
49	13	3	2	4	1
49	14	3	2	2	0
49	15	7	4	9	5
49	16	3	2	2	0
49	17	5	1	2	1
49	18	4	3	4	2
49	19	3	2	3	1
49	20	8	4	8	4
49	21	1	0	2	0
49	22	9	4	6	5
49	23	4	2	0	3
49	24	7	4	6	3
49	25	0	1	0	0
49	26	5	3	7	3
49	27	4	2	5	2
49	28	3	1	3	0
49	29	4	1	1	0
49	30	4	3	3	1
50	1	2	3	4	4
50	2	-1	2	3	0
50	3	1	3	3	1
50	4	4	4	4	5
50	5	-2	2	0	0
50	6	0	3	3	3
50	7	2	3	0	0
50	8	0	1	0	0
50	9	0	2	0	0
50	10	2	2	3	2
50	11	0	2	4	1
50	12	3	4	3	3
50	13	0	1	1	1
50	14	0	1	0	0
50	15	2	2	4	2
50	16	-3	2	0	3
50	17	1	1	4	3
50	18	2	4	9	3
50	19	1	1	2	1
50	20	1	4	5	3
50	21	0	2	2	3
50	22	2	4	5	1
50	23	1	4	3	2
50	24	-2	1	0	0
50	25	-2	1	0	0
50	26	0	2	1	2
50	27	2	2	2	3
50	28	1	2	2	1
50	29	3	3	4	2
50	30	0	2	0	1
51	1	1	2	3	3
51	2	4	3	3	5
51	3	0	0	3	3
51	4	6	3	4	6
51	5	4	2	5	5
51	6	2	1	3	4
51	7	0	0	1	4
51	8	2	1	1	3
51	9	5	4	6	7
51	10	1	1	0	3
51	11	1	1	1	4
51	12	5	3	4	5
51	13	4	3	4	5
51	14	3	4	5	7
51	15	1	1	4	3
51	16	4	3	6	5
51	17	0	0	1	2
51	18	1	3	4	6
51	19	3	2	4	4
51	20	2	3	5	6
51	21	2	1	5	6
51	22	3	4	7	6
51	23	5	3	8	6
51	24	1	3	4	5
51	25	1	1	3	5
51	26	0	2	2	1
51	27	3	2	3	5
51	28	2	1	3	4
51	29	6	3	8	6
51	30	0	1	0	4
52	1	0	0	0	3
52	2	2	1	0	5
52	3	3	1	2	5
52	4	3	2	3	6
52	5	0	1	3	3
52	6	2	2	3	5
52	7	2	1	0	4
52	8	3	3	7	4
52	9	4	2	3	5
52	10	3	1	1	4
52	11	3	2	3	3
52	12	3	2	4	5
52	13	0	0	0	3
52	14	2	0	0	4
52	15	2	2	1	5
52	16	2	1	2	4
52	17	2	3	1	3
52	18	0	2	2	4
52	19	3	0	1	4
52	20	0	0	-2	2
52	21	0	0	1	4
52	22	2	0	2	4
52	23	3	1	4	3
52	24	4	3	6	6
52	25	2	2	1	5
52	26	1	2	2	6
52	27	3	2	1	3
52	28	4	2	2	5
52	29	1	3	1	3
52	30	3	1	1	5
53	1	3	2	4	5
53	2	0	0	0	2
53	3	5	2	3	4
53	4	2	1	2	3
53	5	4	2	1	4
53	6	1	1	4	0
53	7	3	2	2	4
53	8	2	1	4	4
53	9	0	0	-1	1
53	10	1	1	0	3
53	11	3	1	3	6
53	12	2	0	3	3
53	13	1	1	2	1
53	14	1	2	0	1
53	15	1	3	0	4
53	16	0	1	0	2
53	17	4	3	3	3
53	18	0	1	0	1
53	19	1	1	1	2
53	20	1	1	0	2
53	21	1	1	1	3
53	22	1	3	0	2
53	23	2	2	3	3
53	24	1	1	2	3
53	25	2	2	1	4
53	26	-1	0	-1	0
53	27	0	0	0	4
53	28	1	2	1	3
53	29	0	0	0	3
53	30	1	0	2	3
54	1	5	4	6	6
54	2	3	3	3	5
54	3	3	3	1	5
54	4	2	3	5	3
54	5	3	5	3	6
54	6	2	4	4	6
54	7	2	1	5	5
54	8	3	4	6	6
54	9	3	4	6	9
54	10	3	4	5	5
54	11	2	3	5	6
54	12	3	3	5	6
54	13	4	4	6	5
54	14	3	4	6	4
54	15	3	3	5	4
54	16	0	2	4	5
54	17	3	2	5	6
54	18	2	4	5	6
54	19	2	3	6	7
54	20	2	5	5	5
54	21	3	4	5	6
54	22	2	2	4	4
54	23	0	3	0	4
54	24	2	4	5	5
54	25	5	5	8	6
54	26	1	2	4	5
54	27	3	2	4	4
54	28	2	4	6	6
54	29	0	3	3	4
54	30	3	4	6	6
55	1	2	3	2	4
55	2	0	3	0	2
55	3	2	5	4	5
55	4	3	5	5	3
55	5	2	3	3	4
55	6	3	3	3	6
55	7	0	3	0	4
55	8	0	4	-1	3
55	9	2	4	2	3
55	10	2	5	1	4
55	11	0	2	3	3
55	12	0	3	1	5
55	13	0	3	0	2
55	14	1	5	3	7
55	15	-1	0	-1	2
55	16	1	2	2	3
55	17	3	5	1	2
55	18	0	3	2	3
55	19	1	2	0	5
55	20	-1	3	-1	2
55	21	3	4	4	5
55	22	-1	2	0	1
55	23	0	2	-3	0
55	24	0	3	1	4
55	25	2	4	1	4
55	26	0	3	1	2
55	27	0	4	0	4
55	28	2	4	1	3
55	29	0	2	-1	3
55	30	1	3	3	2
56	1	3	2	6	3
56	2	6	4	6	3
56	3	5	3	6	3
56	4	5	4	7	4
56	5	4	3	4	2
56	6	3	6	5	3
56	7	1	1	0	1
56	8	3	2	2	0
56	9	3	3	6	1
56	10	4	4	6	2
56	11	4	6	5	3
56	12	3	4	8	2
56	13	2	3	3	0
56	14	4	3	3	1
56	15	4	4	6	1
56	16	2	3	6	1
56	17	4	4	4	2
56	18	2	3	7	1
56	19	6	3	6	2
56	20	3	3	5	1
56	21	4	3	5	1
56	22	0	3	3	0
56	23	4	3	2	1
56	24	2	2	4	1
56	25	0	2	4	0
56	26	3	4	6	2
56	27	3	4	5	2
56	28	4	3	2	2
56	29	5	5	7	4
56	30	4	4	6	4
57	1	1	2	3	5
57	2	0	2	0	1
57	3	0	2	2	2
57	4	0	2	3	4
57	5	0	2	0	2
57	6	-2	0	-2	0
57	7	0	1	-1	2
57	8	0	2	4	5
57	9	-2	1	0	3
57	10	1	2	3	2
57	11	1	1	-1	3
57	12	0	2	0	3
57	13	1	1	-2	3
57	14	1	2	2	3
57	15	0	1	2	0
57	16	3	3	2	2
57	17	0	1	1	3
57	18	0	1	0	1
57	19	1	2	2	4
57	20	1	2	1	3
57	21	4	3	4	4
57	22	0	1	1	2
57	23	1	1	0	1
57	24	0	1	4	3
57	25	1	3	4	3
57	26	0	1	1	2
57	27	0	2	0	3
57	28	-2	0	0	2
57	29	-1	1	0	3
57	30	2	2	3	3
58	1	1	2	2	4
58	2	3	3	4	4
58	3	1	3	3	1
58	4	5	4	7	4
58	5	3	4	4	3
58	6	1	3	5	2
58	7	3	5	5	4
58	8	-1	2	0	2
58	9	2	3	0	3
58	10	4	3	6	5
58	11	2	3	4	4
58	12	5	4	6	4
58	13	2	3	3	2
58	14	0	1	0	0
58	15	0	2	1	2
58	16	2	2	5	3
58	17	2	5	6	5
58	18	3	3	4	2
58	19	2	5	3	4
58	20	1	2	4	2
58	21	1	2	2	4
58	22	0	4	2	4
58	23	4	6	4	5
58	24	2	5	6	5
58	25	3	4	4	3
58	26	3	5	5	3
58	27	1	4	1	4
58	28	3	5	5	3
58	29	3	3	3	3
58	30	0	2	3	1
59	1	0	2	0	3
59	2	3	1	0	3
59	3	3	2	1	4
59	4	3	1	1	3
59	5	0	3	0	1
59	6	0	1	-2	0
59	7	5	3	4	6
59	8	1	2	0	3
59	9	3	2	2	3
59	10	1	1	0	1
59	11	0	1	0	2
59	12	1	2	0	3
59	13	0	1	0	2
59	14	-1	0	0	0
59	15	3	3	1	5
59	16	5	3	2	4
59	17	1	2	1	2
59	18	4	3	3	3
59	19	0	2	0	2
59	20	3	3	0	4
59	21	2	2	2	3
59	22	1	1	0	3
59	23	1	1	1	2
59	24	2	2	0	2
59	25	3	1	1	4
59	26	4	3	2	4
59	27	3	2	2	4
59	28	1	2	0	3
59	29	0	1	0	2
59	30	2	1	2	4
60	1	1	1	4	0
60	2	1	1	3	3
60	3	4	1	7	5
60	4	1	0	2	3
60	5	2	2	8	5
60	6	0	0	3	2
60	7	2	0	2	2
60	8	0	1	4	2
60	9	2	0	4	2
60	10	1	2	6	2
60	11	0	2	5	2
60	12	0	1	3	3
60	13	-1	0	0	1
60	14	3	0	4	2
60	15	2	2	5	4
60	16	1	1	4	2
60	17	3	2	6	3
60	18	1	1	5	5
60	19	3	2	5	3
60	20	3	2	6	4
60	21	0	0	2	1
60	22	2	1	3	4
60	23	3	2	9	4
60	24	2	0	3	2
60	25	0	0	6	3
60	26	1	0	4	4
60	27	3	1	5	3
60	28	3	1	4	2
60	29	0	1	3	2
60	30	0	0	5	4
61	1	3	2	4	5
61	2	2	1	2	5
61	3	4	2	4	4
61	4	3	3	3	4
61	5	1	2	2	4
61	6	6	4	3	6
61	7	5	5	7	6
61	8	6	3	6	6
61	9	3	3	2	3
61	10	0	0	1	4
61	11	4	2	3	3
61	12	3	3	6	2
61	13	3	2	4	5
61	14	2	1	1	3
61	15	0	2	0	3
61	16	4	2	4	3
61	17	4	3	5	4
61	18	5	3	5	5
61	19	5	2	4	4
61	20	1	2	0	3
61	21	0	0	1	2
61	22	1	1	-1	2
61	23	4	2	3	5
61	24	3	3	6	4
61	25	2	2	4	5
61	26	0	2	3	2
61	27	5	3	7	7
61	28	2	2	2	6
61	29	8	3	5	8
61	30	4	2	5	6
62	1	2	3	3	3
62	2	0	1	4	2
62	3	0	0	5	0
62	4	-1	0	0	2
62	5	-1	1	0	0
62	6	0	1	3	2
62	7	-2	3	2	3
62	8	0	0	3	3
62	9	1	0	3	4
62	10	1	1	2	3
62	11	0	2	0	2
62	12	0	2	3	1
62	13	0	0	0	0
62	14	1	1	5	5
62	15	1	1	3	2
62	16	0	0	0	2
62	17	0	1	-1	1
62	18	0	1	1	1
62	19	0	0	2	3
62	20	-1	0	0	0
62	21	0	0	-1	1
62	22	1	2	3	3
62	23	0	1	0	2
62	24	-1	0	2	1
62	25	3	1	5	3
62	26	1	2	4	3
62	27	2	1	2	3
62	28	1	1	3	1
62	29	0	1	2	1
62	30	1	1	3	2
63	1	0	1	4	4
63	2	1	3	4	5
63	3	3	4	6	6
63	4	-1	3	1	2
63	5	-1	0	2	1
63	6	0	1	3	4
63	7	2	4	9	6
63	8	0	1	2	4
63	9	3	3	4	2
63	10	-1	0	2	2
63	11	-1	2	3	2
63	12	0	1	1	3
63	13	0	2	1	1
63	14	3	4	5	5
63	15	1	2	2	3
63	16	1	1	4	3
63	17	4	3	4	3
63	18	3	3	5	6
63	19	0	1	5	4
63	20	-2	2	0	1
63	21	0	1	1	2
63	22	-2	0	0	0
63	23	-2	0	-4	0
63	24	2	3	8	4
63	25	0	2	0	4
63	26	0	2	3	3
63	27	2	4	4	6
63	28	0	1	2	3
63	29	0	2	3	3
63	30	0	2	2	3
64	1	2	3	2	3
64	2	2	2	-1	0
64	3	4	3	5	3
64	4	4	3	2	2
64	5	4	1	1	0
64	6	0	2	0	0
64	7	5	3	2	5
64	8	4	3	4	5
64	9	6	4	2	4
64	10	3	3	3	2
64	11	1	2	0	1
64	12	3	1	2	0
64	13	3	3	0	1
64	14	2	1	1	2
64	15	3	4	5	3
64	16	4	2	0	0
64	17	0	0	-1	1
64	18	0	0	-1	0
64	19	3	1	2	3
64	20	4	2	1	2
64	21	-1	1	-2	-1
64	22	1	1	0	0
64	23	3	2	2	3
64	24	2	2	4	3
64	25	1	2	-1	0
64	26	0	1	0	1
64	27	0	2	0	0
64	28	3	4	2	1
64	29	5	3	2	2
64	30	1	1	0	0
65	1	-3	3	1	-1
65	2	0	2	2	2
65	3	0	5	0	1
65	4	0	4	1	1
65	5	3	3	3	4
65	6	0	2	1	1
65	7	-1	4	0	1
65	8	0	2	1	0
65	9	-1	4	-2	-1
65	10	1	5	1	0
65	11	1	3	2	1
65	12	4	5	6	4
65	13	1	4	1	1
65	14	0	3	1	0
65	15	0	4	1	0
65	16	2	4	6	3
65	17	1	4	2	1
65	18	0	2	2	1
65	19	-2	2	1	1
65	20	0	2	1	1
65	21	1	4	0	0
65	22	1	4	4	3
65	23	0	3	2	1
65	24	1	2	0	0
65	25	0	3	2	3
65	26	2	4	4	3
65	27	1	3	2	1
65	28	-1	3	0	1
65	29	1	3	2	2
65	30	0	2	0	0
66	1	2	4	5	5
66	2	5	5	5	6
66	3	2	4	3	4
66	4	2	4	1	6
66	5	2	3	3	4
66	6	0	4	5	6
66	7	4	6	6	5
66	8	3	5	1	2
66	9	3	3	5	5
66	10	0	3	0	1
66	11	2	2	2	5
66	12	0	3	3	5
66	13	0	4	0	3
66	14	3	4	4	4
66	15	1	4	5	6
66	16	3	4	1	4
66	17	3	4	3	5
66	18	2	4	3	7
66	19	3	5	5	6
66	20	1	3	1	4
66	21	1	2	0	2
66	22	4	3	2	3
66	23	6	5	4	5
66	24	4	3	2	5
66	25	1	2	1	3
66	26	4	3	2	6
66	27	2	4	1	4
66	28	2	4	4	3
66	29	1	4	5	5
66	30	3	5	7	7
67	1	3	3	5	5
67	2	1	2	4	4
67	3	4	2	3	3
67	4	1	1	1	2
67	5	2	3	1	2
67	6	5	4	8	5
67	7	6	4	4	5
67	8	3	2	2	4
67	9	1	2	0	5
67	10	0	1	2	3
67	11	4	5	5	6
67	12	2	2	4	4
67	13	2	2	3	5
67	14	6	4	7	4
67	15	2	3	4	3
67	16	4	2	3	3
67	17	5	3	7	6
67	18	2	2	1	5
67	19	3	4	6	5
67	20	3	3	6	5
67	21	0	2	1	3
67	22	2	3	5	5
67	23	0	2	4	3
67	24	3	1	3	4
67	25	2	3	4	5
67	26	2	2	3	5
67	27	5	2	2	4
67	28	4	3	5	6
67	29	1	2	2	3
67	30	6	4	5	6
68	1	4	2	8	9
68	2	1	0	4	6
68	3	0	2	3	6
68	4	1	0	2	3
68	5	1	0	5	5
68	6	1	0	0	5
68	7	2	1	3	5
68	8	2	0	0	4
68	9	3	0	3	5
68	10	3	1	5	6
68	11	3	3	5	7
68	12	5	3	8	7
68	13	0	1	2	4
68	14	2	2	5	5
68	15	0	0	-3	1
68	16	0	0	0	3
68	17	1	1	4	5
68	18	0	0	-1	4
68	19	0	0	2	4
68	20	0	1	0	5
68	21	1	0	2	4
68	22	0	1	2	6
68	23	0	0	2	4
68	24	-2	-3	-1	3
68	25	3	0	3	5
68	26	2	0	1	6
68	27	3	0	3	3
68	28	1	0	0	4
68	29	4	1	5	6
68	30	3	1	7	6
69	1	0	0	0	1
69	2	6	3	7	5
69	3	1	1	3	0
69	4	2	3	4	4
69	5	2	1	4	2
69	6	3	3	2	2
69	7	5	3	4	7
69	8	3	2	6	4
69	9	4	3	5	4
69	10	1	2	0	1
69	11	4	3	5	6
69	12	4	3	4	5
69	13	3	3	5	4
69	14	2	3	4	4
69	15	4	3	7	5
69	16	2	1	2	2
69	17	4	4	9	6
69	18	1	2	4	4
69	19	5	3	6	6
69	20	2	3	3	5
69	21	4	1	4	3
69	22	4	3	8	6
69	23	3	3	5	5
69	24	2	3	6	5
69	25	6	2	5	5
69	26	5	4	6	4
69	27	3	3	3	4
69	28	5	3	5	5
69	29	2	2	5	3
69	30	2	3	5	5
70	1	4	5	6	7
70	2	5	5	8	8
70	3	5	2	6	7
70	4	5	4	5	6
70	5	3	4	4	5
70	6	5	4	6	6
70	7	4	3	4	6
70	8	6	7	10	7
70	9	6	6	8	6
70	10	3	5	6	8
70	11	7	5	7	8
70	12	5	5	4	8
70	13	5	5	4	7
70	14	5	6	5	7
70	15	3	4	6	6
70	16	4	4	2	7
70	17	3	5	4	5
70	18	2	1	3	5
70	19	5	4	3	6
70	20	4	6	7	8
70	21	5	4	6	6
70	22	2	4	2	4
70	23	6	5	7	9
70	24	7	4	7	6
70	25	8	5	10	8
70	26	7	4	10	7
70	27	4	4	5	3
70	28	3	4	3	5
70	29	3	3	1	6
70	30	7	5	6	8
71	1	1	3	7	6
71	2	-1	3	2	3
71	3	-1	2	1	3
71	4	3	3	4	4
71	5	-3	1	1	3
71	6	3	3	8	7
71	7	0	2	5	5
71	8	-1	1	-1	3
71	9	0	3	5	4
71	10	2	2	2	4
71	11	-2	0	0	2
71	12	0	2	4	4
71	13	1	1	1	3
71	14	0	2	3	3
71	15	0	3	3	4
71	16	1	1	5	5
71	17	3	4	9	7
71	18	-2	1	-1	1
71	19	1	2	4	5
71	20	-1	2	1	2
71	21	2	4	5	5
71	22	2	3	5	4
71	23	1	4	4	6
71	24	0	0	0	4
71	25	2	2	5	5
71	26	3	2	4	4
71	27	2	4	8	5
71	28	1	2	3	5
71	29	1	4	4	5
71	30	0	3	1	2
72	1	-2	0	0	0
72	2	0	1	-2	1
72	3	-3	0	-3	0
72	4	0	0	-2	0
72	5	0	0	2	0
72	6	0	2	2	2
72	7	2	2	0	3
72	8	-1	0	0	1
72	9	0	2	-2	2
72	10	0	0	-1	1
72	11	-1	1	-5	-1
72	12	1	1	0	0
72	13	-1	1	-1	-1
72	14	-1	1	-2	-1
72	15	-2	1	-1	0
72	16	-1	0	-3	-1
72	17	0	2	-2	1
72	18	-1	1	-3	-1
72	19	0	1	-1	0
72	20	0	2	0	1
72	21	0	0	-1	1
72	22	-1	0	-3	0
72	23	0	3	2	1
72	24	2	1	2	2
72	25	0	2	0	0
72	26	-1	1	0	0
72	27	0	0	0	1
72	28	0	1	0	0
72	29	0	1	-1	2
72	30	-1	1	-2	0
73	1	4	4	4	4
73	2	2	3	2	2
73	3	6	5	4	3
73	4	4	3	5	1
73	5	1	2	0	2
73	6	2	3	1	1
73	7	4	4	3	2
73	8	5	4	5	4
73	9	1	4	1	0
73	10	1	2	1	0
73	11	4	4	4	1
73	12	1	2	0	3
73	13	4	3	4	2
73	14	2	3	1	2
73	15	1	2	2	3
73	16	5	4	5	4
73	17	2	3	0	3
73	18	2	2	3	2
73	19	0	4	4	4
73	20	4	5	5	2
73	21	2	3	3	3
73	22	2	3	3	3
73	23	2	3	2	4
73	24	1	3	1	1
73	25	6	5	3	4
73	26	0	3	3	0
73	27	1	3	1	4
73	28	0	2	0	0
73	29	0	1	2	0
73	30	2	4	4	3
74	1	2	1	3	2
74	2	5	1	6	4
74	3	2	0	0	2
74	4	0	0	0	2
74	5	2	0	2	3
74	6	3	0	2	1
74	7	-1	-1	-3	1
74	8	3	0	2	2
74	9	2	0	0	3
74	10	1	0	1	1
74	11	0	-1	-3	0
74	12	2	0	1	2
74	13	0	-2	1	0
74	14	1	0	3	1
74	15	2	0	0	1
74	16	2	0	1	3
74	17	2	0	4	2
74	18	0	0	0	1
74	19	1	0	0	1
74	20	1	0	0	2
74	21	1	0	0	0
74	22	1	0	0	1
74	23	1	0	0	1
74	24	3	1	3	1
74	25	1	0	2	2
74	26	1	0	3	1
74	27	4	2	3	4
74	28	4	0	3	2
74	29	4	1	5	5
74	30	1	1	2	0
75	1	3	4	3	2
75	2	1	2	5	3
75	3	-2	2	0	0
75	4	0	3	1	2
75	5	-1	1	0	0
75	6	0	2	4	2
75	7	0	2	1	3
75	8	0	1	0	1
75	9	0	0	2	2
75	10	0	1	0	2
75	11	4	3	4	3
75	12	3	2	4	3
75	13	1	1	2	3
75	14	1	3	2	2
75	15	0	2	2	2
75	16	2	3	2	2
75	17	4	2	5	4
75	18	3	3	5	3
75	19	0	1	0	3
75	20	1	3	0	3
75	21	-1	2	0	1
75	22	-1	2	0	2
75	23	0	2	1	2
75	24	2	3	4	2
75	25	-2	1	-2	0
75	26	-1	3	0	1
75	27	0	2	2	3
75	28	0	1	3	0
75	29	3	3	2	4
75	30	0	1	0	3
76	1	2	2	2	2
76	2	1	1	4	2
76	3	4	2	3	5
76	4	4	5	7	8
76	5	2	1	5	4
76	6	3	4	5	5
76	7	1	2	2	2
76	8	5	5	6	6
76	9	3	3	6	6
76	10	-2	1	0	2
76	11	1	3	5	3
76	12	2	2	3	3
76	13	0	1	1	3
76	14	0	2	4	5
76	15	0	1	2	4
76	16	3	3	6	5
76	17	4	3	2	6
76	18	3	3	5	6
76	19	3	2	4	4
76	20	5	3	6	6
76	21	2	1	4	2
76	22	0	0	-1	1
76	23	1	4	4	5
76	24	2	4	6	5
76	25	2	2	4	4
76	26	2	4	4	7
76	27	1	3	5	6
76	28	3	3	3	7
76	29	2	3	3	5
76	30	1	2	2	3
77	1	2	3	2	3
77	2	3	2	1	6
77	3	4	2	4	5
77	4	1	2	1	5
77	5	0	1	0	3
77	6	5	3	6	6
77	7	0	2	4	6
77	8	0	1	0	2
77	9	3	3	4	5
77	10	2	2	2	3
77	11	1	3	3	6
77	12	3	1	0	4
77	13	2	2	3	4
77	14	1	2	0	5
77	15	2	2	1	3
77	16	0	1	1	2
77	17	0	1	1	4
77	18	1	2	2	4
77	19	1	2	4	5
77	20	1	3	2	4
77	21	3	2	1	5
77	22	0	1	-1	2
77	23	1	2	1	4
77	24	4	3	5	5
77	25	2	2	2	5
77	26	1	2	2	3
77	27	1	2	1	3
77	28	3	3	2	5
77	29	3	2	0	4
77	30	1	4	3	4
78	1	1	2	0	0
78	2	0	1	-2	1
78	3	0	2	1	3
78	4	2	1	1	2
78	5	3	2	2	3
78	6	-1	0	0	1
78	7	2	1	1	1
78	8	-1	1	-1	1
78	9	0	1	-1	0
78	10	1	1	4	4
78	11	0	1	1	3
78	12	-1	0	-1	1
78	13	1	0	-1	0
78	14	-2	0	0	1
78	15	3	2	4	3
78	16	3	3	7	4
78	17	0	0	0	0
78	18	0	1	2	2
78	19	1	0	2	1
78	20	4	3	7	5
78	21	-3	0	-1	0
78	22	-1	0	-1	0
78	23	-1	1	0	1
78	24	0	1	-1	3
78	25	0	1	2	2
78	26	0	1	1	1
78	27	3	2	4	2
78	28	2	0	0	0
78	29	2	4	6	4
78	30	2	2	3	2
79	1	1	1	2	2
79	2	1	2	1	3
79	3	2	4	3	4
79	4	1	2	3	3
79	5	1	3	4	4
79	6	2	3	3	6
79	7	3	2	4	3
79	8	2	3	3	3
79	9	0	3	2	1
79	10	1	2	1	2
79	11	3	3	4	4
79	12	1	3	5	5
79	13	4	3	2	4
79	14	4	3	6	2
79	15	4	4	6	6
79	16	4	4	7	5
79	17	2	3	0	1
79	18	3	2	4	5
79	19	0	4	1	4
79	20	2	3	3	5
79	21	5	3	1	4
79	22	3	3	1	3
79	23	2	2	1	4
79	24	3	3	3	7
79	25	2	1	2	4
79	26	0	4	1	2
79	27	2	3	4	4
79	28	2	3	4	3
79	29	7	3	5	5
79	30	0	1	2	2
80	1	4	5	8	5
80	2	0	2	1	2
80	3	1	3	2	4
80	4	-2	0	-2	1
80	5	0	0	0	2
80	6	2	2	3	3
80	7	1	3	3	3
80	8	1	1	1	4
80	9	1	3	0	1
80	10	0	0	-2	2
80	11	0	0	0	1
80	12	1	1	1	2
80	13	2	3	1	3
80	14	1	2	1	3
80	15	1	0	3	2
80	16	2	2	2	2
80	17	0	3	1	3
80	18	2	2	0	4
80	19	3	4	1	4
80	20	0	1	1	0
80	21	0	2	2	2
80	22	1	2	2	3
80	23	0	2	0	1
80	24	0	0	1	1
80	25	0	2	2	4
80	26	3	3	0	3
80	27	2	2	3	4
80	28	0	3	2	2
80	29	2	3	3	6
80	30	0	1	-1	2
81	1	0	-1	-2	1
81	2	-1	0	0	0
81	3	2	0	5	4
81	4	2	0	4	5
81	5	1	0	3	4
81	6	0	0	3	4
81	7	4	1	7	5
81	8	1	3	4	4
81	9	0	0	0	2
81	10	0	0	1	3
81	11	1	0	7	5
81	12	3	0	4	3
81	13	0	1	3	3
81	14	2	1	4	4
81	15	-1	0	-1	1
81	16	0	1	1	2
81	17	2	0	4	4
81	18	0	1	3	4
81	19	0	0	0	3
81	20	5	1	3	4
81	21	3	1	5	5
81	22	0	0	0	1
81	23	1	0	2	1
81	24	3	1	5	3
81	25	1	1	4	3
81	26	0	0	2	3
81	27	0	1	0	3
81	28	1	2	4	3
81	29	-2	0	0	2
81	30	-1	-1	2	2
82	1	3	4	5	5
82	2	2	3	0	3
82	3	3	1	0	2
82	4	3	3	2	4
82	5	1	2	3	4
82	6	1	2	2	1
82	7	3	4	4	5
82	8	2	1	1	5
82	9	3	2	1	5
82	10	4	3	2	3
82	11	4	3	6	4
82	12	2	3	1	4
82	13	3	3	2	6
82	14	6	3	7	4
82	15	4	2	0	5
82	16	5	4	6	5
82	17	4	4	4	5
82	18	3	5	4	6
82	19	5	4	6	5
82	20	1	3	6	3
82	21	4	4	2	4
82	22	6	4	6	6
82	23	3	1	3	2
82	24	5	4	4	4
82	25	0	2	2	2
82	26	5	4	7	5
82	27	3	1	2	2
82	28	1	2	2	3
82	29	5	5	6	4
82	30	3	3	4	4
83	1	2	2	3	4
83	2	1	2	4	6
83	3	0	3	3	4
83	4	4	4	6	7
83	5	0	2	0	1
83	6	0	2	3	3
83	7	0	0	0	1
83	8	4	3	4	7
83	9	0	2	2	4
83	10	1	1	3	2
83	11	3	3	5	7
83	12	1	2	1	4
83	13	2	2	5	6
83	14	0	0	1	1
83	15	4	2	4	5
83	16	3	3	3	4
83	17	0	3	3	5
83	18	-1	0	0	4
83	19	4	3	6	4
83	20	3	3	6	6
83	21	0	0	0	3
83	22	4	5	9	8
83	23	4	5	6	8
83	24	2	1	1	3
83	25	1	2	1	4
83	26	0	0	1	4
83	27	2	4	2	3
83	28	0	3	3	4
83	29	1	3	4	3
83	30	2	2	4	4
84	1	5	3	5	6
84	2	-1	1	0	1
84	3	1	1	3	2
84	4	3	3	4	4
84	5	4	2	2	4
84	6	5	2	4	4
84	7	0	1	2	4
84	8	1	2	1	3
84	9	4	3	5	6
84	10	4	3	4	3
84	11	1	4	2	2
84	12	2	2	3	3
84	13	0	1	0	1
84	14	1	1	2	4
84	15	6	6	8	7
84	16	1	2	4	5
84	17	3	4	3	4
84	18	3	1	3	4
84	19	2	4	4	5
84	20	0	3	2	4
84	21	4	3	6	6
84	22	0	2	1	2
84	23	0	2	2	2
84	24	3	4	5	5
84	25	2	2	2	4
84	26	5	3	5	5
84	27	1	1	2	5
84	28	3	3	6	6
84	29	2	2	2	4
84	30	1	3	2	4
85	1	4	2	1	6
85	2	0	2	1	1
85	3	3	4	7	5
85	4	2	3	2	5
85	5	-2	2	0	1
85	6	1	1	4	2
85	7	0	1	1	2
85	8	-2	0	0	0
85	9	2	3	4	2
85	10	2	2	2	4
85	11	0	1	0	0
85	12	0	1	2	1
85	13	2	1	1	3
85	14	-1	1	1	2
85	15	3	2	4	4
85	16	2	3	2	4
85	17	0	0	0	2
85	18	0	2	1	3
85	19	2	2	4	3
85	20	1	1	1	3
85	21	2	3	4	4
85	22	1	2	4	3
85	23	4	2	4	3
85	24	3	4	6	5
85	25	2	3	2	5
85	26	-1	1	0	2
85	27	1	1	1	4
85	28	3	2	2	3
85	29	1	2	1	4
85	30	-1	1	-1	2
86	1	1	1	1	3
86	2	3	3	4	6
86	3	1	5	2	3
86	4	1	2	3	4
86	5	1	2	5	4
86	6	1	2	4	5
86	7	2	3	7	6
86	8	4	3	6	5
86	9	1	2	1	2
86	10	0	2	4	3
86	11	1	3	3	3
86	12	-1	1	-1	2
86	13	3	3	3	4
86	14	2	2	2	3
86	15	4	3	8	6
86	16	-1	0	0	2
86	17	3	4	7	6
86	18	2	2	5	4
86	19	2	2	2	6
86	20	1	3	4	5
86	21	1	2	3	3
86	22	3	3	5	7
86	23	1	2	2	2
86	24	4	2	5	3
86	25	4	3	3	2
86	26	1	4	8	5
86	27	1	3	3	3
86	28	1	1	4	4
86	29	3	2	4	6
86	30	2	3	6	5
87	1	6	4	6	6
87	2	6	3	5	5
87	3	4	4	3	6
87	4	7	4	5	5
87	5	1	4	3	4
87	6	7	3	7	6
87	7	0	3	2	3
87	8	5	3	4	5
87	9	2	1	1	3
87	10	4	5	3	6
87	11	1	1	0	3
87	12	4	3	2	3
87	13	1	2	3	5
87	14	3	3	3	5
87	15	4	3	3	5
87	16	5	3	5	5
87	17	1	2	2	3
87	18	3	3	2	4
87	19	5	4	8	6
87	20	7	5	8	8
87	21	4	4	7	7
87	22	1	3	2	4
87	23	4	5	7	6
87	24	0	3	2	3
87	25	2	4	7	4
87	26	5	4	5	6
87	27	1	3	4	7
87	28	5	3	4	5
87	29	3	3	5	5
87	30	4	3	3	4
88	1	4	5	3	3
88	2	0	4	0	0
88	3	2	4	1	3
88	4	2	4	4	3
88	5	2	4	2	6
88	6	2	3	0	3
88	7	1	4	0	3
88	8	0	2	1	4
88	9	0	3	2	1
88	10	1	4	5	2
88	11	0	3	1	1
88	12	1	5	3	3
88	13	1	4	4	3
88	14	0	3	1	0
88	15	1	4	1	3
88	16	3	4	3	4
88	17	2	5	2	4
88	18	2	4	0	1
88	19	0	5	1	1
88	20	1	4	1	3
88	21	2	3	1	4
88	22	3	5	4	2
88	23	0	4	0	1
88	24	0	3	2	4
88	25	0	3	0	1
88	26	-1	4	1	3
88	27	3	3	4	1
88	28	1	3	1	0
88	29	2	3	1	2
88	30	2	4	2	4
89	1	1	0	0	2
89	2	1	1	5	4
89	3	3	1	2	5
89	4	0	0	-1	3
89	5	0	1	0	5
89	6	3	4	5	7
89	7	4	1	2	5
89	8	2	1	0	3
89	9	1	1	2	4
89	10	1	3	0	3
89	11	0	3	1	3
89	12	0	1	0	3
89	13	0	1	0	3
89	14	1	3	2	3
89	15	2	2	0	4
89	16	1	0	0	4
89	17	1	1	4	7
89	18	2	2	1	4
89	19	2	1	0	5
89	20	3	0	4	6
89	21	4	2	2	6
89	22	2	2	3	5
89	23	0	2	1	5
89	24	1	1	-1	1
89	25	2	1	2	4
89	26	0	1	0	2
89	27	0	1	0	3
89	28	0	1	0	5
89	29	1	2	4	4
89	30	1	1	0	3
90	1	2	2	4	5
90	2	0	1	0	1
90	3	0	3	0	5
90	4	4	3	6	5
90	5	1	3	2	2
90	6	1	2	3	2
90	7	3	3	3	4
90	8	1	5	7	5
90	9	4	4	7	5
90	10	5	5	10	7
90	11	4	4	6	6
90	12	4	4	6	4
90	13	4	5	8	6
90	14	2	2	5	3
90	15	4	3	4	4
90	16	2	4	4	4
90	17	0	0	5	4
90	18	1	3	2	2
90	19	6	5	7	6
90	20	1	2	4	4
90	21	4	2	5	5
90	22	1	2	2	3
90	23	1	4	6	6
90	24	3	4	6	4
90	25	2	3	3	4
90	26	3	3	2	4
90	27	4	5	7	7
90	28	4	3	8	4
90	29	2	3	5	6
90	30	3	3	4	4
91	1	3	3	3	3
91	2	3	3	7	4
91	3	1	3	4	2
91	4	5	7	7	6
91	5	-1	2	0	1
91	6	3	5	6	5
91	7	3	4	4	4
91	8	5	7	7	6
91	9	2	4	2	4
91	10	2	4	4	5
91	11	3	4	1	3
91	12	5	4	4	5
91	13	3	4	4	5
91	14	5	6	7	7
91	15	4	5	3	6
91	16	2	5	2	4
91	17	6	5	8	7
91	18	3	3	4	4
91	19	5	3	6	4
91	20	5	3	7	4
91	21	4	5	6	5
91	22	2	5	4	5
91	23	1	4	3	5
91	24	3	5	7	4
91	25	3	4	4	4
91	26	2	5	4	6
91	27	6	7	9	5
91	28	4	4	2	2
91	29	2	4	4	5
91	30	4	6	4	5
92	1	4	4	4	6
92	2	4	5	5	5
92	3	1	4	0	5
92	4	1	3	2	3
92	5	2	4	4	4
92	6	2	3	1	3
92	7	2	3	4	5
92	8	0	2	0	4
92	9	5	3	5	6
92	10	1	3	0	4
92	11	4	4	2	5
92	12	1	4	2	5
92	13	3	4	3	6
92	14	2	2	0	3
92	15	0	0	-1	3
92	16	5	5	8	7
92	17	2	4	4	7
92	18	4	3	3	6
92	19	0	1	-1	2
92	20	2	4	3	6
92	21	2	4	3	6
92	22	2	4	0	6
92	23	1	6	3	6
92	24	4	5	3	6
92	25	0	3	2	5
92	26	5	6	5	7
92	27	2	5	3	7
92	28	5	5	4	6
92	29	2	4	2	4
92	30	4	2	1	6
93	1	0	3	0	3
93	2	3	4	5	4
93	3	2	4	3	5
93	4	2	3	1	6
93	5	0	3	2	2
93	6	2	4	3	2
93	7	4	5	7	6
93	8	0	2	-1	3
93	9	2	2	2	5
93	10	-2	2	-2	1
93	11	0	3	0	2
93	12	1	4	3	4
93	13	2	2	4	4
93	14	1	3	3	5
93	15	0	3	1	2
93	16	3	3	3	4
93	17	5	4	6	6
93	18	3	3	3	3
93	19	0	1	0	2
93	20	2	2	0	4
93	21	0	1	0	1
93	22	1	2	1	4
93	23	0	2	3	5
93	24	0	3	0	3
93	25	0	4	2	2
93	26	3	6	6	5
93	27	4	5	6	7
93	28	6	5	7	7
93	29	3	3	5	7
93	30	2	2	3	6
94	1	0	1	0	0
94	2	-1	1	1	0
94	3	0	1	0	1
94	4	3	1	4	5
94	5	0	1	2	4
94	6	0	0	4	2
94	7	1	1	0	0
94	8	-1	0	-1	1
94	9	3	0	1	1
94	10	0	0	2	2
94	11	0	1	1	2
94	12	1	3	8	4
94	13	1	2	2	2
94	14	-1	0	2	1
94	15	0	1	-2	0
94	16	-1	0	0	1
94	17	2	2	2	3
94	18	2	2	1	3
94	19	0	0	1	2
94	20	2	1	4	3
94	21	0	1	0	0
94	22	0	0	1	2
94	23	0	0	0	1
94	24	0	1	4	4
94	25	0	1	0	1
94	26	0	2	2	3
94	27	-2	1	1	1
94	28	0	0	0	0
94	29	0	1	2	1
94	30	0	1	1	3
95	1	1	5	5	4
95	2	2	5	4	3
95	3	-2	3	-2	1
95	4	4	6	3	4
95	5	1	4	4	2
95	6	1	6	7	3
95	7	5	6	7	5
95	8	0	4	4	3
95	9	3	7	7	5
95	10	2	5	2	4
95	11	3	5	5	5
95	12	1	5	2	2
95	13	3	5	6	4
95	14	5	8	6	4
95	15	6	7	8	7
95	16	2	4	2	3
95	17	2	7	5	3
95	18	1	5	5	3
95	19	2	5	3	3
95	20	2	4	4	5
95	21	2	5	3	3
95	22	3	6	5	3
95	23	3	6	7	5
95	24	2	5	7	4
95	25	2	6	4	4
95	26	2	5	6	3
95	27	2	6	2	4
95	28	2	6	1	4
95	29	3	6	5	5
95	30	2	6	6	4
96	1	5	1	3	2
96	2	6	2	4	2
96	3	2	1	1	2
96	4	3	2	4	1
96	5	1	0	-1	1
96	6	2	0	1	1
96	7	1	0	0	0
96	8	2	2	1	0
96	9	2	1	1	0
96	10	1	0	1	1
96	11	1	0	0	1
96	12	2	1	0	3
96	13	2	1	4	2
96	14	1	2	1	2
96	15	0	1	1	1
96	16	4	2	6	2
96	17	0	1	0	0
96	18	2	2	3	1
96	19	5	2	5	3
96	20	1	2	1	0
96	21	3	0	5	1
96	22	2	1	4	0
96	23	0	2	1	1
96	24	2	2	4	3
96	25	0	1	0	0
96	26	0	0	1	1
96	27	4	2	3	2
96	28	4	2	2	3
96	29	4	2	4	2
96	30	4	2	5	4
97	1	7	7	7	6
97	2	2	5	2	5
97	3	3	6	6	7
97	4	1	5	3	4
97	5	5	6	3	4
97	6	6	7	8	6
97	7	4	6	7	6
97	8	5	6	5	6
97	9	4	7	4	5
97	10	5	6	6	4
97	11	4	6	2	3
97	12	5	6	4	4
97	13	8	7	8	6
97	14	6	6	5	5
97	15	2	6	3	4
97	16	3	4	2	4
97	17	3	6	3	4
97	18	6	6	5	7
97	19	6	7	7	8
97	20	2	5	6	5
97	21	3	6	4	5
97	22	6	6	9	9
97	23	3	6	5	5
97	24	6	5	3	4
97	25	5	7	5	6
97	26	2	6	6	6
97	27	3	5	4	4
97	28	4	6	6	7
97	29	2	6	3	3
97	30	4	6	4	6
98	1	4	3	6	5
98	2	4	2	8	5
98	3	3	2	8	5
98	4	3	1	4	5
98	5	4	3	4	5
98	6	1	3	6	3
98	7	1	2	1	5
98	8	3	2	7	5
98	9	3	2	7	5
98	10	5	4	6	5
98	11	5	4	7	5
98	12	0	2	1	3
98	13	2	4	7	5
98	14	4	2	5	5
98	15	3	2	3	4
98	16	5	2	7	4
98	17	2	1	3	4
98	18	3	2	6	5
98	19	-1	0	-1	2
98	20	3	2	6	7
98	21	6	3	9	5
98	22	5	5	8	5
98	23	-1	0	0	2
98	24	2	1	8	7
98	25	2	2	4	5
98	26	2	0	7	6
98	27	0	0	3	3
98	28	3	3	6	5
98	29	1	1	4	5
98	30	4	2	8	4
99	1	0	2	0	2
99	2	1	1	1	2
99	3	0	3	3	4
99	4	0	4	2	4
99	5	1	2	0	2
99	6	2	3	4	3
99	7	0	3	2	3
99	8	1	3	4	5
99	9	0	2	1	2
99	10	0	0	0	1
99	11	4	2	4	4
99	12	3	2	3	6
99	13	3	2	3	3
99	14	2	2	2	4
99	15	2	3	3	5
99	16	0	1	0	2
99	17	4	1	3	6
99	18	4	4	6	5
99	19	2	2	4	3
99	20	2	1	2	4
99	21	3	2	2	4
99	22	4	4	3	5
99	23	0	2	1	1
99	24	4	4	3	4
99	25	0	0	0	1
99	26	4	4	4	6
99	27	0	2	1	2
99	28	0	1	1	4
99	29	0	2	1	4
99	30	0	1	-1	2
100	1	0	3	1	3
100	2	1	2	0	3
100	3	0	2	0	2
100	4	2	4	5	5
100	5	-1	0	-2	0
100	6	0	3	-1	2
100	7	0	3	4	4
100	8	0	2	0	2
100	9	1	2	0	3
100	10	1	4	6	5
100	11	-3	0	-4	0
100	12	-1	2	-1	0
100	13	-1	1	0	0
100	14	1	3	0	2
100	15	0	3	0	2
100	16	1	3	1	3
100	17	-1	1	0	3
100	18	0	1	0	4
100	19	1	3	1	2
100	20	0	3	0	2
100	21	-2	2	-3	1
100	22	0	1	0	4
100	23	0	3	1	2
100	24	3	4	4	6
100	25	-1	1	0	1
100	26	-1	1	0	2
100	27	0	3	-2	3
100	28	-1	0	0	3
100	29	-3	2	1	1
100	30	2	2	5	4
