1	1	3	1	3	3
1	2	2	2	5	4
1	3	4	1	4	3
1	4	1	1	4	2
1	5	1	0	3	4
1	6	3	2	4	3
1	7	1	0	1	2
1	8	0	2	0	1
1	9	2	2	2	3
1	10	4	3	5	3
1	11	2	3	4	2
1	12	2	3	6	4
1	13	0	1	1	0
1	14	3	2	4	4
1	15	4	2	5	3
1	16	3	3	4	2
1	17	2	2	5	2
1	18	0	2	1	3
1	19	1	1	1	3
1	20	1	1	3	4
1	21	2	1	3	3
1	22	2	0	3	2
1	23	2	1	3	3
1	24	1	2	4	4
1	25	6	3	7	4
1	26	2	2	2	2
1	27	3	2	6	3
1	28	3	2	3	2
1	29	1	0	5	2
1	30	2	2	4	2
2	1	4	4	7	5
2	2	4	3	6	5
2	3	2	2	5	3
2	4	2	1	2	3
2	5	0	1	0	1
2	6	4	1	7	4
2	7	1	3	0	3
2	8	4	3	4	4
2	9	5	5	7	6
2	10	1	1	2	1
2	11	3	5	5	5
2	12	3	2	3	5
2	13	2	2	0	1
2	14	0	2	0	1
2	15	0	2	2	1
2	16	5	1	4	2
2	17	1	3	0	2
2	18	4	3	4	3
2	19	6	4	8	6
2	20	2	1	4	0
2	21	4	2	8	4
2	22	4	2	5	4
2	23	3	2	4	3
2	24	1	2	5	3
2	25	3	3	6	2
2	26	2	3	2	3
2	27	5	2	4	4
2	28	3	2	5	2
2	29	4	4	6	4
2	30	3	3	0	4
3	1	8	7	9	6
3	2	4	4	7	5
3	3	4	1	5	3
3	4	9	7	14	8
3	5	5	5	6	6
3	6	5	4	8	6
3	7	5	5	10	6
3	8	5	4	6	4
3	9	7	5	8	8
3	10	5	5	8	6
3	11	5	4	6	5
3	12	4	4	6	5
3	13	5	4	7	3
3	14	10	6	10	7
3	15	4	5	7	4
3	16	3	4	4	5
3	17	6	6	7	5
3	18	7	3	10	7
3	19	8	5	8	6
3	20	8	3	6	6
3	21	5	4	6	5
3	22	8	6	10	7
3	23	7	4	7	5
3	24	4	4	5	6
3	25	5	5	6	6
3	26	6	4	8	5
3	27	6	4	6	9
3	28	4	5	9	7
3	29	9	6	9	6
3	30	4	4	5	5
4	1	3	4	3	5
4	2	2	3	3	3
4	3	4	2	6	5
4	4	3	2	4	3
4	5	2	2	2	2
4	6	6	5	9	5
4	7	5	4	7	5
4	8	2	3	2	5
4	9	2	3	3	4
4	10	2	3	2	3
4	11	6	5	9	7
4	12	6	4	5	8
4	13	2	2	4	5
4	14	6	3	9	5
4	15	1	2	4	3
4	16	3	3	5	4
4	17	2	3	3	4
4	18	5	2	6	3
4	19	6	4	9	5
4	20	4	2	5	3
4	21	4	3	5	1
4	22	4	4	5	4
4	23	6	3	6	5
4	24	5	2	5	3
4	25	3	2	3	1
4	26	6	3	9	4
4	27	5	3	3	4
4	28	3	2	2	3
4	29	3	3	0	3
4	30	3	3	0	3
5	1	3	3	5	5
5	2	5	2	6	4
5	3	5	3	8	5
5	4	5	4	7	7
5	5	3	3	3	4
5	6	3	3	7	5
5	7	5	2	6	4
5	8	2	4	4	2
5	9	5	3	6	5
5	10	4	2	4	1
5	11	6	6	10	8
5	12	5	3	6	4
5	13	3	3	6	4
5	14	3	2	3	3
5	15	3	3	4	5
5	16	1	3	2	3
5	17	3	3	3	6
5	18	4	3	4	4
5	19	5	4	4	5
5	20	2	2	3	2
5	21	2	4	4	3
5	22	2	3	5	5
5	23	6	4	8	6
5	24	0	4	3	3
5	25	0	4	2	5
5	26	8	5	8	8
5	27	4	2	4	4
5	28	2	3	1	2
5	29	1	3	2	3
5	30	5	3	5	5
6	1	6	4	6	5
6	2	5	4	8	4
6	3	6	3	10	5
6	4	7	5	8	5
6	5	8	5	10	8
6	6	8	5	10	5
6	7	8	5	10	6
6	8	8	6	9	6
6	9	5	5	9	6
6	10	4	5	3	4
6	11	4	4	7	4
6	12	6	5	7	6
6	13	6	5	9	5
6	14	8	6	9	5
6	15	8	6	11	8
6	16	8	6	12	7
6	17	8	4	8	6
6	18	3	3	3	1
6	19	5	5	6	5
6	20	5	3	7	3
6	21	6	5	10	6
6	22	7	5	10	7
6	23	7	6	7	8
6	24	3	4	6	5
6	25	6	4	10	6
6	26	5	6	7	6
6	27	7	6	8	6
6	28	6	6	7	6
6	29	5	4	6	5
6	30	5	6	7	5
7	1	0	3	1	2
7	2	3	5	7	5
7	3	4	3	4	6
7	4	3	3	5	2
7	5	3	4	9	5
7	6	6	3	7	4
7	7	6	3	7	4
7	8	9	5	8	6
7	9	5	3	4	4
7	10	4	4	4	4
7	11	5	5	8	6
7	12	5	4	8	7
7	13	5	5	9	5
7	14	5	4	4	4
7	15	8	4	9	6
7	16	5	2	4	5
7	17	7	5	9	6
7	18	1	2	2	3
7	19	5	5	4	4
7	20	6	5	6	6
7	21	3	3	4	4
7	22	5	2	4	5
7	23	4	2	5	3
7	24	2	2	1	4
7	25	2	5	7	3
7	26	4	3	5	4
7	27	2	2	2	1
7	28	5	5	7	4
7	29	6	4	7	5
7	30	8	5	8	7
8	1	3	2	5	3
8	2	2	2	2	3
8	3	0	0	0	0
8	4	2	1	0	2
8	5	1	2	2	1
8	6	3	1	5	3
8	7	0	0	4	3
8	8	0	1	0	2
8	9	4	3	6	5
8	10	4	1	4	2
8	11	2	1	3	4
8	12	3	3	5	4
8	13	-2	0	0	0
8	14	3	2	4	2
8	15	0	1	1	3
8	16	3	1	4	4
8	17	3	2	2	2
8	18	2	0	2	3
8	19	4	2	6	5
8	20	2	1	3	1
8	21	4	2	4	3
8	22	0	1	1	1
8	23	1	1	0	2
8	24	5	4	8	3
8	25	4	3	4	3
8	26	-1	1	-1	0
8	27	0	0	1	0
8	28	1	1	2	3
8	29	3	1	3	2
8	30	1	1	1	2
9	1	3	3	5	3
9	2	5	3	6	3
9	3	6	3	7	6
9	4	3	2	2	4
9	5	3	2	4	2
9	6	0	0	0	1
9	7	3	2	4	1
9	8	2	1	4	0
9	9	2	1	2	1
9	10	3	1	4	3
9	11	5	4	4	3
9	12	1	2	0	0
9	13	2	1	1	1
9	14	3	3	5	4
9	15	0	2	1	0
9	16	3	2	3	3
9	17	2	2	3	3
9	18	2	2	4	2
9	19	0	0	0	0
9	20	6	3	6	5
9	21	1	2	0	2
9	22	3	3	4	2
9	23	3	2	3	4
9	24	4	2	5	3
9	25	3	2	4	3
9	26	3	2	3	4
9	27	1	2	5	3
9	28	2	1	3	2
9	29	5	3	5	4
9	30	1	1	3	2
10	1	7	4	6	7
10	2	0	1	0	3
10	3	2	1	3	2
10	4	5	2	5	4
10	5	3	2	6	3
10	6	1	1	1	2
10	7	2	3	3	2
10	8	3	3	5	2
10	9	4	3	4	3
10	10	2	1	1	2
10	11	4	3	5	4
10	12	2	2	4	3
10	13	3	1	5	4
10	14	1	0	1	1
10	15	4	3	4	2
10	16	6	3	7	6
10	17	4	2	4	4
10	18	1	2	1	1
10	19	2	2	4	2
10	20	4	2	5	3
10	21	1	3	3	1
10	22	0	2	1	0
10	23	6	4	5	4
10	24	2	2	2	1
10	25	1	1	4	2
10	26	4	3	5	4
10	27	1	2	3	2
10	28	5	3	6	3
10	29	2	2	4	3
10	30	2	1	3	4
11	1	5	3	7	5
11	2	5	3	3	5
11	3	4	3	5	4
11	4	5	5	5	4
11	5	7	5	9	5
11	6	3	1	4	4
11	7	4	4	6	5
11	8	6	5	8	7
11	9	3	3	7	5
11	10	6	4	6	4
11	11	7	5	8	4
11	12	6	5	7	7
11	13	7	4	7	7
11	14	4	5	5	5
11	15	5	5	8	4
11	16	1	2	4	3
11	17	4	5	8	4
11	18	6	5	6	7
11	19	6	5	7	6
11	20	5	5	8	4
11	21	9	6	11	7
11	22	4	4	8	5
11	23	6	3	9	6
11	24	8	5	8	6
11	25	4	4	5	3
11	26	5	5	5	5
11	27	7	7	11	8
11	28	5	4	5	6
11	29	4	6	10	6
11	30	4	4	4	4
12	1	5	4	4	5
12	2	6	4	8	5
12	3	2	3	6	3
12	4	3	2	1	4
12	5	4	3	5	4
12	6	2	3	0	4
12	7	3	4	6	6
12	8	6	4	8	6
12	9	0	1	1	2
12	10	6	5	8	7
12	11	2	2	3	2
12	12	4	5	6	5
12	13	5	3	8	5
12	14	4	2	7	4
12	15	3	3	5	2
12	16	5	4	7	5
12	17	4	4	9	5
12	18	7	3	7	5
12	19	1	1	2	2
12	20	1	2	0	1
12	21	7	5	8	6
12	22	7	5	7	5
12	23	5	4	6	5
12	24	5	4	7	5
12	25	7	3	7	4
12	26	0	2	0	1
12	27	7	5	4	5
12	28	5	3	6	4
12	29	4	4	7	6
12	30	4	3	3	4
13	1	6	5	7	5
13	2	5	4	6	4
13	3	4	3	9	5
13	4	4	4	8	4
13	5	1	3	3	3
13	6	8	5	9	5
13	7	5	4	8	6
13	8	6	4	8	6
13	9	4	3	6	3
13	10	4	4	8	5
13	11	7	5	11	7
13	12	4	4	5	3
13	13	2	2	3	2
13	14	6	3	6	4
13	15	2	4	4	4
13	16	4	3	6	3
13	17	8	4	8	7
13	18	3	4	5	3
13	19	4	5	6	4
13	20	6	3	5	5
13	21	2	3	5	2
13	22	4	3	6	4
13	23	5	4	7	6
13	24	5	4	6	2
13	25	4	4	9	6
13	26	6	5	8	5
13	27	5	3	6	5
13	28	3	3	3	4
13	29	7	5	8	5
13	30	4	3	6	3
14	1	2	3	6	3
14	2	5	5	6	5
14	3	6	3	7	5
14	4	4	3	3	2
14	5	1	2	3	3
14	6	2	1	1	2
14	7	4	3	6	2
14	8	3	3	3	5
14	9	3	3	6	6
14	10	6	3	4	5
14	11	4	3	3	3
14	12	1	2	3	4
14	13	3	5	6	5
14	14	4	5	6	4
14	15	2	1	3	3
14	16	3	4	6	4
14	17	4	3	3	2
14	18	0	1	0	0
14	19	3	4	4	4
14	20	5	4	6	3
14	21	3	3	4	4
14	22	4	4	3	4
14	23	5	3	7	6
14	24	4	4	6	6
14	25	0	2	4	4
14	26	3	2	6	2
14	27	4	3	8	2
14	28	5	3	6	4
14	29	2	3	3	2
14	30	3	2	6	4
15	1	3	3	6	3
15	2	3	2	6	3
15	3	1	2	3	3
15	4	4	4	3	4
15	5	3	2	7	5
15	6	1	3	5	4
15	7	5	4	7	5
15	8	1	3	6	3
15	9	2	2	3	4
15	10	3	2	2	1
15	11	5	2	4	2
15	12	2	1	2	3
15	13	2	1	1	1
15	14	2	2	3	3
15	15	7	5	8	4
15	16	4	2	7	4
15	17	4	4	5	6
15	18	4	3	5	5
15	19	1	1	3	2
15	20	2	3	2	2
15	21	2	2	4	4
15	22	3	1	2	3
15	23	3	3	4	3
15	24	1	1	0	0
15	25	4	3	7	4
15	26	5	2	5	3
15	27	3	1	1	0
15	28	5	2	7	4
15	29	7	4	11	6
15	30	0	2	2	3
16	1	8	5	8	7
16	2	6	5	6	4
16	3	7	5	8	8
16	4	6	5	7	7
16	5	7	7	11	8
16	6	4	5	4	6
16	7	6	5	10	5
16	8	4	5	7	6
16	9	4	6	8	4
16	10	5	5	9	8
16	11	4	5	8	4
16	12	7	5	8	5
16	13	5	4	6	4
16	14	8	6	9	8
16	15	4	4	5	4
16	16	7	5	6	6
16	17	6	5	10	7
16	18	8	5	9	6
16	19	7	4	8	6
16	20	7	6	8	5
16	21	7	5	8	7
16	22	3	5	4	4
16	23	5	4	7	7
16	24	7	4	7	6
16	25	8	4	5	5
16	26	10	7	8	8
16	27	7	4	8	7
16	28	5	5	8	6
16	29	5	3	5	5
16	30	8	5	7	5
17	1	3	4	5	5
17	2	3	3	5	3
17	3	4	3	5	4
17	4	7	4	7	4
17	5	3	4	3	4
17	6	2	4	5	4
17	7	4	4	5	4
17	8	4	3	4	3
17	9	7	4	5	5
17	10	2	3	5	3
17	11	0	2	1	0
17	12	5	3	4	6
17	13	6	4	6	5
17	14	3	3	6	2
17	15	6	3	4	5
17	16	4	2	4	3
17	17	4	3	6	5
17	18	2	2	1	3
17	19	6	3	7	4
17	20	7	6	7	7
17	21	6	4	6	5
17	22	5	4	5	4
17	23	4	3	4	4
17	24	2	3	2	3
17	25	6	4	6	5
17	26	5	4	5	5
17	27	3	2	5	2
17	28	0	3	3	2
17	29	5	3	6	4
17	30	2	4	4	3
18	1	0	0	0	2
18	2	1	0	0	0
18	3	1	1	6	4
18	4	0	1	3	0
18	5	1	2	4	2
18	6	-3	0	-4	-1
18	7	1	0	1	0
18	8	1	0	2	2
18	9	0	0	-1	0
18	10	2	2	6	3
18	11	-1	0	-2	0
18	12	1	1	2	3
18	13	1	1	5	3
18	14	1	1	2	1
18	15	0	0	1	-1
18	16	2	0	3	2
18	17	1	0	1	1
18	18	-2	0	1	1
18	19	0	0	0	1
18	20	3	2	5	2
18	21	1	0	0	1
18	22	0	0	-1	-1
18	23	0	0	2	3
18	24	2	0	3	2
18	25	-1	0	0	0
18	26	-1	0	0	0
18	27	1	1	1	2
18	28	3	1	4	1
18	29	1	2	2	3
18	30	0	0	0	3
19	1	3	3	1	4
19	2	6	4	5	5
19	3	3	4	7	4
19	4	6	5	9	5
19	5	5	3	3	4
19	6	3	3	8	6
19	7	4	4	4	5
19	8	4	3	6	5
19	9	6	4	9	6
19	10	6	5	7	6
19	11	2	2	0	4
19	12	6	4	6	6
19	13	6	4	8	5
19	14	2	4	4	3
19	15	5	3	7	5
19	16	3	4	4	3
19	17	6	4	12	5
19	18	5	5	8	5
19	19	5	5	7	4
19	20	5	4	6	5
19	21	5	4	8	4
19	22	5	4	9	6
19	23	8	4	9	6
19	24	5	3	6	4
19	25	2	1	2	1
19	26	5	4	5	4
19	27	5	3	6	6
19	28	5	5	7	4
19	29	4	5	6	5
19	30	5	5	9	7
20	1	1	2	2	3
20	2	2	4	4	3
20	3	4	2	6	3
20	4	3	2	2	3
20	5	4	1	2	4
20	6	0	2	1	1
20	7	1	2	2	1
20	8	0	1	0	2
20	9	2	2	3	0
20	10	2	3	0	2
20	11	3	3	4	4
20	12	4	3	8	6
20	13	1	3	4	1
20	14	0	1	2	1
20	15	3	1	0	1
20	16	2	3	3	2
20	17	2	1	2	3
20	18	2	4	5	4
20	19	3	1	3	2
20	20	0	1	1	1
20	21	3	2	3	3
20	22	4	3	6	4
20	23	5	3	5	3
20	24	2	2	3	2
20	25	0	2	0	1
20	26	9	3	9	6
20	27	4	3	2	4
20	28	3	2	2	4
20	29	3	2	5	4
20	30	2	0	0	0
21	1	0	2	2	1
21	2	0	0	-1	2
21	3	2	1	2	3
21	4	2	1	4	1
21	5	0	0	0	2
21	6	3	2	5	2
21	7	3	2	4	4
21	8	0	1	2	1
21	9	2	1	2	3
21	10	3	3	4	4
21	11	4	3	5	5
21	12	3	3	1	2
21	13	1	1	2	3
21	14	3	1	3	2
21	15	3	2	7	4
21	16	3	2	5	3
21	17	2	4	4	4
21	18	2	0	2	1
21	19	3	1	6	3
21	20	1	1	3	4
21	21	1	1	2	2
21	22	0	0	-1	0
21	23	3	3	3	5
21	24	-1	2	0	0
21	25	3	1	3	3
21	26	2	2	4	1
21	27	2	1	4	3
21	28	2	2	4	3
21	29	1	1	1	0
21	30	3	3	5	3
22	1	4	3	6	6
22	2	4	3	6	5
22	3	0	1	1	1
22	4	4	3	7	4
22	5	3	3	3	2
22	6	5	5	7	5
22	7	5	3	4	4
22	8	2	2	4	4
22	9	2	2	3	2
22	10	4	3	6	6
22	11	5	3	6	3
22	12	5	3	3	4
22	13	6	5	8	7
22	14	3	4	5	4
22	15	4	3	3	3
22	16	0	2	0	0
22	17	7	4	10	7
22	18	3	2	4	2
22	19	7	5	8	3
22	20	5	3	8	3
22	21	4	4	7	6
22	22	4	3	2	3
22	23	5	4	5	4
22	24	3	2	6	4
22	25	3	3	3	2
22	26	4	1	4	4
22	27	5	3	6	5
22	28	1	3	3	6
22	29	2	1	2	2
22	30	2	4	2	5
23	1	1	2	4	3
23	2	4	1	4	3
23	3	1	3	6	3
23	4	0	1	0	1
23	5	1	2	5	2
23	6	2	3	5	4
23	7	3	2	4	4
23	8	2	2	3	2
23	9	2	2	1	2
23	10	4	1	4	3
23	11	0	0	1	0
23	12	1	1	2	1
23	13	3	2	2	1
23	14	0	1	0	2
23	15	3	2	4	4
23	16	4	2	7	4
23	17	2	2	2	2
23	18	1	1	1	2
23	19	2	1	4	3
23	20	2	0	4	2
23	21	3	2	4	4
23	22	2	3	6	3
23	23	1	2	4	3
23	24	1	0	0	2
23	25	-1	0	-1	1
23	26	1	2	1	2
23	27	3	3	5	4
23	28	-1	1	2	-1
23	29	0	0	1	0
23	30	2	1	1	3
24	1	1	2	4	3
24	2	0	1	1	3
24	3	5	3	4	3
24	4	2	2	3	2
24	5	1	2	2	2
24	6	3	1	6	4
24	7	3	3	6	2
24	8	2	2	3	3
24	9	2	1	2	3
24	10	4	2	4	3
24	11	4	2	7	4
24	12	2	1	2	2
24	13	4	3	4	3
24	14	3	2	5	3
24	15	3	2	7	2
24	16	3	3	4	2
24	17	2	3	3	2
24	18	6	2	9	5
24	19	3	2	2	2
24	20	2	2	3	1
24	21	0	0	0	0
24	22	0	2	0	2
24	23	3	4	3	2
24	24	2	2	4	3
24	25	4	3	2	3
24	26	3	3	2	3
24	27	2	2	3	2
24	28	2	3	8	4
24	29	1	2	1	1
24	30	0	1	0	2
25	1	2	0	1	1
25	2	4	3	7	4
25	3	3	1	2	3
25	4	4	2	6	4
25	5	2	2	3	3
25	6	2	0	0	2
25	7	4	2	3	2
25	8	1	2	1	2
25	9	2	1	1	2
25	10	0	0	1	1
25	11	4	3	5	4
25	12	2	1	2	2
25	13	3	3	5	4
25	14	5	3	8	6
25	15	4	2	2	2
25	16	2	3	3	3
25	17	1	1	0	0
25	18	0	2	1	2
25	19	3	3	2	3
25	20	2	2	4	3
25	21	2	2	2	1
25	22	5	3	9	6
25	23	2	2	2	2
25	24	4	1	2	3
25	25	3	3	8	3
25	26	2	1	3	2
25	27	3	2	5	3
25	28	6	3	4	2
25	29	7	2	7	5
25	30	2	3	3	3
26	1	1	2	4	2
26	2	2	1	1	1
26	3	3	1	4	3
26	4	1	0	0	0
26	5	5	2	6	4
26	6	0	0	0	0
26	7	1	0	0	2
26	8	1	1	0	1
26	9	2	2	2	1
26	10	4	2	4	2
26	11	2	2	4	3
26	12	1	1	0	2
26	13	0	0	0	0
26	14	-1	1	0	1
26	15	2	1	0	2
26	16	3	3	8	5
26	17	-1	0	-1	0
26	18	2	3	2	3
26	19	2	0	3	2
26	20	4	3	4	4
26	21	0	0	0	0
26	22	1	2	4	2
26	23	1	0	1	0
26	24	3	1	4	1
26	25	4	2	5	5
26	26	5	3	5	4
26	27	1	3	4	2
26	28	4	3	5	5
26	29	3	3	3	4
26	30	0	1	1	0
27	1	5	4	8	5
27	2	3	4	3	2
27	3	5	3	7	4
27	4	5	5	9	6
27	5	6	4	6	5
27	6	5	5	8	4
27	7	4	3	4	3
27	8	2	3	7	4
27	9	4	5	5	3
27	10	5	4	5	5
27	11	4	4	5	3
27	12	4	4	6	3
27	13	3	3	4	3
27	14	8	5	10	7
27	15	6	6	8	4
27	16	4	4	4	4
27	17	5	4	7	6
27	18	3	4	4	5
27	19	6	4	4	5
27	20	5	3	4	5
27	21	1	2	3	3
27	22	3	3	6	4
27	23	6	4	6	5
27	24	8	4	8	7
27	25	6	4	8	6
27	26	5	3	4	5
27	27	5	6	8	8
27	28	5	4	6	5
27	29	6	5	8	5
27	30	5	4	5	6
28	1	7	5	10	6
28	2	3	4	3	3
28	3	5	3	6	4
28	4	0	1	2	2
28	5	4	2	5	5
28	6	6	3	8	5
28	7	5	5	8	7
28	8	0	1	1	1
28	9	4	4	5	4
28	10	7	4	9	6
28	11	2	2	6	4
28	12	3	2	6	4
28	13	5	2	4	4
28	14	4	3	5	5
28	15	5	3	6	5
28	16	7	3	8	6
28	17	4	3	4	3
28	18	5	2	7	6
28	19	8	6	9	8
28	20	3	3	5	4
28	21	5	3	5	4
28	22	2	1	2	2
28	23	4	3	6	5
28	24	3	3	5	4
28	25	2	3	3	4
28	26	3	1	3	3
28	27	4	3	3	5
28	28	2	3	5	4
28	29	2	3	5	4
28	30	7	5	8	7
29	1	3	2	5	4
29	2	3	1	2	1
29	3	0	0	0	-1
29	4	2	2	4	0
29	5	1	1	2	0
29	6	2	1	0	0
29	7	3	1	0	0
29	8	7	3	6	4
29	9	2	1	0	2
29	10	0	2	1	0
29	11	2	1	2	2
29	12	0	2	2	0
29	13	3	2	4	4
29	14	1	3	1	1
29	15	2	2	4	4
29	16	0	0	1	0
29	17	1	1	2	1
29	18	3	1	2	3
29	19	0	0	-1	2
29	20	5	2	6	3
29	21	5	2	7	4
29	22	5	4	7	5
29	23	3	1	4	3
29	24	4	0	4	2
29	25	2	2	3	2
29	26	1	2	3	2
29	27	-1	0	2	0
29	28	1	1	0	0
29	29	4	1	1	3
29	30	0	2	3	2
30	1	5	4	6	3
30	2	1	3	1	0
30	3	3	4	4	2
30	4	3	4	4	3
30	5	7	5	7	6
30	6	7	3	8	4
30	7	3	3	5	3
30	8	6	4	8	4
30	9	7	5	4	5
30	10	5	5	7	6
30	11	8	6	9	7
30	12	4	4	5	4
30	13	6	4	7	5
30	14	4	3	5	6
30	15	6	6	9	7
30	16	4	4	7	3
30	17	3	4	5	6
30	18	5	6	9	7
30	19	5	4	5	5
30	20	8	6	11	8
30	21	4	5	8	5
30	22	4	3	5	4
30	23	4	4	6	5
30	24	5	3	8	5
30	25	6	4	7	6
30	26	4	3	5	5
30	27	8	5	8	6
30	28	5	3	3	3
30	29	4	4	7	4
30	30	6	4	6	6
31	1	3	2	6	2
31	2	3	3	3	2
31	3	5	5	7	5
31	4	3	4	4	4
31	5	-1	3	1	1
31	6	8	4	9	7
31	7	5	3	8	2
31	8	8	6	10	6
31	9	4	4	5	5
31	10	5	4	4	4
31	11	10	5	10	8
31	12	10	5	11	9
31	13	0	3	5	3
31	14	4	4	5	5
31	15	4	4	3	5
31	16	5	3	7	6
31	17	4	3	6	5
31	18	1	4	4	3
31	19	5	3	4	5
31	20	6	5	8	7
31	21	6	2	5	5
31	22	2	3	8	4
31	23	7	6	10	5
31	24	3	4	7	4
31	25	1	3	4	1
31	26	6	4	5	3
31	27	8	4	8	6
31	28	5	5	8	5
31	29	3	3	4	2
31	30	5	4	7	7
32	1	0	1	2	3
32	2	4	3	3	4
32	3	1	2	1	3
32	4	1	2	7	3
32	5	4	3	5	5
32	6	0	2	3	2
32	7	5	3	4	4
32	8	3	4	7	4
32	9	3	5	4	5
32	10	7	4	8	6
32	11	3	3	3	4
32	12	4	3	5	5
32	13	3	3	3	5
32	14	4	2	5	3
32	15	4	2	7	4
32	16	1	3	3	3
32	17	2	2	0	3
32	18	1	2	4	3
32	19	5	3	7	6
32	20	3	3	4	2
32	21	3	4	6	3
32	22	0	4	2	3
32	23	3	3	6	4
32	24	3	2	3	3
32	25	4	5	7	6
32	26	3	3	6	5
32	27	1	1	2	2
32	28	2	3	4	4
32	29	4	5	5	4
32	30	4	2	6	5
33	1	8	5	8	6
33	2	2	3	5	6
33	3	7	5	10	5
33	4	6	4	7	5
33	5	5	4	5	5
33	6	2	3	4	6
33	7	3	3	6	3
33	8	4	5	7	6
33	9	5	4	7	4
33	10	6	6	9	8
33	11	6	3	6	4
33	12	2	3	7	5
33	13	4	3	4	5
33	14	5	2	5	5
33	15	6	4	6	6
33	16	5	4	7	5
33	17	4	4	10	5
33	18	4	3	4	6
33	19	5	4	5	4
33	20	4	2	4	5
33	21	7	5	8	6
33	22	5	3	7	5
33	23	7	3	7	4
33	24	3	3	3	1
33	25	4	5	7	6
33	26	3	2	5	5
33	27	3	2	2	4
33	28	9	4	10	6
33	29	4	3	6	4
33	30	3	4	4	4
34	1	7	5	9	6
34	2	1	2	2	3
34	3	6	5	7	7
34	4	6	4	7	7
34	5	5	5	6	3
34	6	6	4	7	5
34	7	4	5	6	5
34	8	6	4	9	7
34	9	5	4	6	5
34	10	4	3	3	5
34	11	7	5	8	6
34	12	7	4	8	6
34	13	2	2	5	4
34	14	3	2	5	3
34	15	4	5	8	6
34	16	4	4	5	4
34	17	4	4	5	5
34	18	5	3	6	6
34	19	2	3	4	3
34	20	4	4	6	4
34	21	4	3	4	4
34	22	6	4	9	6
34	23	9	6	11	8
34	24	3	3	5	4
34	25	7	5	7	5
34	26	5	6	4	7
34	27	4	4	5	4
34	28	5	4	6	3
34	29	6	5	12	5
34	30	1	2	2	1
35	1	4	4	2	3
35	2	3	3	3	3
35	3	8	4	7	8
35	4	4	4	6	4
35	5	2	4	5	4
35	6	9	6	13	8
35	7	4	4	7	6
35	8	3	3	4	4
35	9	5	4	8	6
35	10	5	1	2	3
35	11	6	4	7	4
35	12	4	3	5	5
35	13	6	4	4	5
35	14	5	2	4	5
35	15	3	4	2	3
35	16	4	3	3	4
35	17	4	3	5	4
35	18	6	6	9	7
35	19	7	6	10	6
35	20	5	3	5	4
35	21	4	2	6	5
35	22	4	4	7	4
35	23	4	4	6	5
35	24	5	3	7	6
35	25	5	4	5	5
35	26	3	3	4	2
35	27	4	2	5	5
35	28	6	4	9	8
35	29	3	4	4	4
35	30	6	3	6	5
36	1	4	3	6	5
36	2	3	3	5	2
36	3	4	4	8	5
36	4	4	2	6	4
36	5	7	6	9	8
36	6	4	4	6	6
36	7	5	4	4	5
36	8	5	3	9	4
36	9	2	3	4	4
36	10	4	3	5	2
36	11	5	5	5	6
36	12	3	3	5	5
36	13	3	3	6	5
36	14	4	4	7	4
36	15	3	4	5	5
36	16	2	2	2	4
36	17	3	5	7	3
36	18	5	4	8	6
36	19	3	3	5	4
36	20	8	5	10	5
36	21	5	5	7	6
36	22	5	4	7	8
36	23	3	4	4	5
36	24	6	3	6	5
36	25	5	4	8	6
36	26	6	4	7	6
36	27	5	3	4	4
36	28	5	4	8	4
36	29	3	3	5	3
36	30	2	2	4	5
37	1	5	4	6	4
37	2	3	3	3	4
37	3	4	4	6	4
37	4	5	4	4	4
37	5	6	3	7	4
37	6	5	4	7	5
37	7	3	3	2	4
37	8	3	3	3	3
37	9	6	3	9	5
37	10	1	2	0	0
37	11	5	4	4	4
37	12	7	6	8	8
37	13	8	6	9	6
37	14	5	4	7	5
37	15	3	3	4	3
37	16	6	3	5	5
37	17	3	3	5	4
37	18	6	5	8	6
37	19	3	3	6	4
37	20	4	4	6	6
37	21	6	5	8	4
37	22	2	3	4	3
37	23	7	4	8	5
37	24	1	3	4	2
37	25	4	3	6	5
37	26	5	4	8	6
37	27	2	2	4	3
37	28	7	4	10	5
37	29	4	3	6	5
37	30	5	3	6	6
38	1	4	3	5	2
38	2	3	4	5	3
38	3	5	3	3	4
38	4	2	2	3	2
38	5	4	2	5	3
38	6	3	3	8	5
38	7	0	1	1	1
38	8	0	2	3	3
38	9	2	2	3	3
38	10	3	2	3	0
38	11	3	3	8	6
38	12	2	2	3	2
38	13	1	1	2	0
38	14	3	1	5	4
38	15	3	3	2	3
38	16	4	4	6	6
38	17	1	2	2	2
38	18	5	5	6	6
38	19	5	3	4	3
38	20	3	4	4	5
38	21	2	3	2	2
38	22	6	6	9	7
38	23	4	4	5	3
38	24	1	2	1	2
38	25	4	3	4	3
38	26	0	2	3	0
38	27	4	3	2	3
38	28	3	3	4	3
38	29	3	4	7	3
38	30	3	3	7	4
39	1	2	3	2	3
39	2	5	3	6	7
39	3	5	3	7	5
39	4	2	3	2	1
39	5	2	1	3	3
39	6	4	3	6	4
39	7	3	2	5	3
39	8	4	4	7	5
39	9	5	4	8	5
39	10	3	2	6	4
39	11	5	4	5	5
39	12	4	3	6	4
39	13	4	3	5	4
39	14	4	3	6	5
39	15	5	3	7	5
39	16	2	2	2	0
39	17	1	0	2	3
39	18	4	3	5	2
39	19	2	3	4	2
39	20	4	3	6	3
39	21	4	3	7	5
39	22	6	3	5	4
39	23	2	3	3	3
39	24	0	2	5	2
39	25	5	2	4	3
39	26	4	3	7	6
39	27	4	3	5	3
39	28	5	4	8	5
39	29	4	3	5	2
39	30	4	4	6	5
40	1	3	4	7	4
40	2	5	4	6	5
40	3	3	2	5	3
40	4	1	3	5	2
40	5	4	2	3	4
40	6	3	4	4	3
40	7	5	3	4	4
40	8	5	4	7	5
40	9	2	2	4	4
40	10	2	2	4	1
40	11	4	3	0	4
40	12	2	2	4	2
40	13	3	2	4	4
40	14	0	1	3	1
40	15	0	1	0	0
40	16	4	3	5	3
40	17	2	2	4	4
40	18	1	1	2	0
40	19	1	0	1	1
40	20	5	2	4	2
40	21	5	3	5	6
40	22	7	3	7	6
40	23	2	3	3	5
40	24	3	3	4	4
40	25	4	3	4	6
40	26	1	3	4	3
40	27	2	2	6	4
40	28	2	1	3	2
40	29	3	3	5	2
40	30	5	3	4	6
41	1	3	1	3	2
41	2	3	3	2	2
41	3	1	2	2	1
41	4	4	2	6	3
41	5	3	3	3	4
41	6	5	2	5	5
41	7	1	1	1	0
41	8	3	4	4	1
41	9	0	1	4	2
41	10	3	2	1	3
41	11	2	4	7	4
41	12	2	2	2	2
41	13	2	4	5	4
41	14	1	2	3	3
41	15	2	2	5	2
41	16	4	3	6	2
41	17	1	1	4	3
41	18	0	1	-1	0
41	19	2	3	5	4
41	20	4	4	4	4
41	21	3	2	3	3
41	22	0	2	0	0
41	23	7	4	6	5
41	24	7	4	10	6
41	25	2	2	2	2
41	26	4	2	6	3
41	27	5	2	6	5
41	28	0	1	3	2
41	29	0	2	2	2
41	30	0	2	0	1
42	1	3	1	4	4
42	2	2	3	3	6
42	3	1	2	5	3
42	4	3	3	4	3
42	5	4	3	3	5
42	6	0	1	0	1
42	7	6	3	5	5
42	8	1	1	2	1
42	9	3	2	6	2
42	10	4	2	4	2
42	11	3	2	3	4
42	12	5	3	7	6
42	13	1	2	4	2
42	14	2	2	3	2
42	15	0	2	2	2
42	16	0	2	3	2
42	17	1	3	2	2
42	18	4	2	4	4
42	19	2	2	1	3
42	20	5	2	4	4
42	21	3	3	4	2
42	22	1	2	2	2
42	23	3	0	6	3
42	24	7	3	7	5
42	25	4	2	7	4
42	26	7	5	9	7
42	27	4	3	4	5
42	28	1	2	2	1
42	29	0	2	3	2
42	30	3	2	4	5
43	1	4	2	6	4
43	2	1	2	2	2
43	3	2	3	8	3
43	4	2	1	4	3
43	5	1	0	0	0
43	6	1	2	1	3
43	7	4	2	3	2
43	8	3	2	5	2
43	9	3	2	4	3
43	10	2	1	5	3
43	11	1	0	1	2
43	12	0	2	0	1
43	13	4	2	8	5
43	14	1	2	1	1
43	15	0	0	1	2
43	16	6	2	3	2
43	17	0	1	0	1
43	18	4	0	1	0
43	19	0	0	1	1
43	20	1	3	3	3
43	21	1	2	3	2
43	22	1	3	2	3
43	23	4	1	6	3
43	24	4	3	4	2
43	25	3	2	3	5
43	26	0	0	0	2
43	27	1	1	1	1
43	28	1	1	2	3
43	29	2	2	3	4
43	30	0	0	1	1
44	1	5	4	8	6
44	2	4	5	7	6
44	3	9	6	10	9
44	4	9	6	10	7
44	5	9	6	6	7
44	6	2	5	7	5
44	7	8	6	8	9
44	8	8	6	13	8
44	9	7	6	8	6
44	10	4	7	7	6
44	11	5	5	8	4
44	12	5	6	6	6
44	13	8	5	10	8
44	14	5	5	9	8
44	15	10	5	9	7
44	16	8	7	13	8
44	17	7	6	9	7
44	18	7	7	12	7
44	19	4	6	6	4
44	20	8	5	8	5
44	21	6	6	10	7
44	22	8	5	9	7
44	23	4	4	6	4
44	24	9	7	10	6
44	25	7	6	10	6
44	26	6	6	8	6
44	27	8	5	8	5
44	28	6	5	7	6
44	29	8	5	9	8
44	30	7	6	11	7
45	1	5	4	7	6
45	2	8	5	9	6
45	3	7	4	8	6
45	4	6	5	9	5
45	5	5	4	4	3
45	6	8	4	10	7
45	7	6	4	6	6
45	8	7	5	10	7
45	9	6	5	6	4
45	10	5	3	6	4
45	11	7	6	10	5
45	12	4	2	6	3
45	13	6	4	9	6
45	14	7	4	7	5
45	15	1	3	2	3
45	16	6	5	5	5
45	17	2	3	1	2
45	18	5	5	6	5
45	19	6	6	7	5
45	20	3	3	6	4
45	21	7	5	8	5
45	22	6	5	10	7
45	23	3	4	5	4
45	24	7	5	8	7
45	25	6	5	8	5
45	26	2	3	6	4
45	27	4	3	3	2
45	28	0	2	4	2
45	29	5	6	6	7
45	30	4	6	4	4
46	1	4	2	4	6
46	2	3	1	1	3
46	3	3	4	3	3
46	4	3	3	4	4
46	5	1	0	4	1
46	6	3	1	5	2
46	7	2	2	4	4
46	8	2	3	5	3
46	9	2	2	6	4
46	10	1	3	4	2
46	11	1	2	0	1
46	12	5	3	4	2
46	13	1	2	4	4
46	14	2	3	4	4
46	15	2	1	6	3
46	16	2	1	4	2
46	17	2	2	3	1
46	18	3	2	3	4
46	19	3	1	5	3
46	20	1	1	2	2
46	21	2	1	0	4
46	22	0	1	0	0
46	23	0	1	3	0
46	24	1	1	0	3
46	25	-1	0	0	1
46	26	-1	1	0	0
46	27	4	3	3	3
46	28	0	1	3	2
46	29	0	1	0	0
46	30	3	1	2	2
47	1	5	4	4	4
47	2	5	3	5	6
47	3	4	2	4	1
47	4	4	3	6	3
47	5	0	2	2	3
47	6	3	4	7	5
47	7	1	1	2	3
47	8	3	2	3	4
47	9	8	3	8	5
47	10	4	3	6	4
47	11	3	3	3	6
47	12	2	2	0	3
47	13	2	3	3	3
47	14	6	5	9	5
47	15	1	3	2	0
47	16	3	2	4	2
47	17	4	3	5	6
47	18	5	4	7	4
47	19	5	3	7	4
47	20	2	1	2	3
47	21	3	2	4	1
47	22	2	3	3	3
47	23	3	1	3	2
47	24	3	1	5	5
47	25	5	2	6	4
47	26	7	3	9	4
47	27	5	2	8	3
47	28	2	2	2	1
47	29	5	4	5	5
47	30	2	2	7	4
48	1	3	2	3	4
48	2	1	1	1	1
48	3	5	4	4	4
48	4	5	2	7	2
48	5	4	1	2	3
48	6	3	3	3	4
48	7	3	2	4	3
48	8	4	2	7	4
48	9	3	2	5	3
48	10	1	0	4	3
48	11	4	3	2	4
48	12	2	2	4	2
48	13	2	3	2	3
48	14	2	2	3	3
48	15	3	3	6	4
48	16	6	3	2	4
48	17	7	4	8	3
48	18	2	0	0	1
48	19	2	3	2	3
48	20	4	3	5	4
48	21	5	5	9	5
48	22	1	3	4	4
48	23	3	2	3	4
48	24	2	2	3	2
48	25	3	3	6	3
48	26	4	4	7	4
48	27	3	3	3	4
48	28	5	2	5	3
48	29	4	4	5	4
48	30	5	2	5	4
49	1	6	3	8	5
49	2	5	4	8	7
49	3	6	4	5	6
49	4	8	4	7	6
49	5	4	4	6	4
49	6	8	4	9	8
49	7	3	3	7	5
49	8	4	5	8	6
49	9	4	1	5	2
49	10	4	4	5	6
49	11	5	3	8	6
49	12	5	3	6	4
49	13	3	3	5	3
49	14	5	4	8	4
49	15	6	4	8	5
49	16	1	2	1	4
49	17	5	5	5	6
49	18	3	4	3	3
49	19	2	2	4	5
49	20	6	4	9	6
49	21	3	4	4	4
49	22	7	4	8	6
49	23	4	4	3	4
49	24	4	4	10	5
49	25	4	5	5	4
49	26	3	2	2	3
49	27	6	5	9	7
49	28	5	4	8	5
49	29	4	3	7	4
49	30	4	4	7	3
50	1	6	4	7	6
50	2	4	2	5	3
50	3	0	2	3	1
50	4	2	2	1	2
50	5	2	2	4	4
50	6	3	4	8	3
50	7	5	2	6	4
50	8	3	3	3	2
50	9	4	4	6	3
50	10	4	2	3	3
50	11	3	2	4	2
50	12	6	4	9	5
50	13	0	1	1	2
50	14	3	2	6	5
50	15	3	3	5	3
50	16	3	3	6	5
50	17	2	2	3	3
50	18	4	3	3	3
50	19	6	5	9	7
50	20	4	5	7	4
50	21	0	0	0	1
50	22	2	4	3	3
50	23	1	3	4	0
50	24	2	1	2	2
50	25	4	2	4	2
50	26	2	3	5	4
50	27	1	3	5	3
50	28	7	3	9	6
50	29	1	1	0	1
50	30	5	2	5	7
51	1	4	4	5	4
51	2	5	4	6	5
51	3	2	4	4	4
51	4	4	3	5	5
51	5	0	2	3	3
51	6	3	3	3	5
51	7	8	4	10	5
51	8	6	5	6	6
51	9	7	5	9	5
51	10	6	4	4	6
51	11	5	4	10	5
51	12	4	4	7	6
51	13	3	4	6	5
51	14	4	3	4	2
51	15	3	2	3	3
51	16	2	1	2	2
51	17	5	2	6	5
51	18	4	5	6	5
51	19	6	3	8	5
51	20	3	4	5	4
51	21	4	3	5	3
51	22	9	6	11	7
51	23	4	4	4	6
51	24	7	5	8	5
51	25	4	4	5	4
51	26	3	3	6	4
51	27	5	3	8	4
51	28	9	4	8	5
51	29	3	4	6	3
51	30	5	4	7	4
52	1	2	2	0	3
52	2	2	2	3	3
52	3	4	2	3	1
52	4	4	3	7	6
52	5	3	3	5	3
52	6	3	3	4	3
52	7	6	4	6	5
52	8	8	4	7	5
52	9	3	1	2	1
52	10	5	5	3	4
52	11	0	2	1	4
52	12	3	2	2	1
52	13	3	4	6	6
52	14	5	3	6	6
52	15	6	4	8	7
52	16	2	1	3	3
52	17	1	1	1	1
52	18	2	2	1	2
52	19	5	3	6	5
52	20	3	3	5	3
52	21	0	1	2	1
52	22	3	3	5	5
52	23	5	3	8	6
52	24	5	3	4	5
52	25	3	2	3	3
52	26	1	1	1	3
52	27	3	3	3	3
52	28	5	3	6	4
52	29	3	3	6	4
52	30	1	2	2	1
53	1	4	4	7	4
53	2	3	3	5	4
53	3	5	3	4	5
53	4	2	3	2	3
53	5	3	2	4	3
53	6	2	3	3	5
53	7	6	4	6	5
53	8	6	5	4	5
53	9	3	3	6	5
53	10	6	4	7	5
53	11	2	2	2	3
53	12	6	2	6	5
53	13	4	1	3	3
53	14	4	2	4	3
53	15	5	4	5	4
53	16	5	3	8	5
53	17	5	4	6	4
53	18	2	3	4	3
53	19	1	4	3	1
53	20	5	2	8	3
53	21	4	4	5	5
53	22	4	4	7	6
53	23	2	3	5	4
53	24	6	5	8	5
53	25	2	2	3	4
53	26	5	3	6	3
53	27	2	3	2	2
53	28	0	1	-2	1
53	29	1	3	3	4
53	30	3	2	5	4
54	1	6	5	8	7
54	2	3	3	3	5
54	3	5	4	5	3
54	4	8	6	8	7
54	5	7	5	8	3
54	6	5	6	8	5
54	7	4	3	6	4
54	8	6	5	7	6
54	9	6	5	5	5
54	10	6	4	9	5
54	11	7	3	9	5
54	12	6	6	4	6
54	13	0	1	0	3
54	14	8	5	11	7
54	15	7	7	11	8
54	16	3	3	2	3
54	17	5	5	10	4
54	18	8	4	8	8
54	19	6	5	9	5
54	20	8	7	9	8
54	21	3	4	5	5
54	22	9	7	11	9
54	23	4	4	5	4
54	24	6	4	10	6
54	25	5	4	9	5
54	26	4	4	5	4
54	27	5	4	6	6
54	28	4	3	7	4
54	29	7	6	12	5
54	30	4	5	6	4
55	1	3	2	7	5
55	2	3	3	3	4
55	3	2	3	3	4
55	4	1	1	2	2
55	5	2	3	5	5
55	6	1	0	-1	1
55	7	3	1	0	1
55	8	1	2	3	2
55	9	2	2	0	2
55	10	5	2	5	2
55	11	5	3	6	5
55	12	1	3	1	3
55	13	4	2	5	4
55	14	4	2	8	4
55	15	2	2	2	2
55	16	3	3	4	4
55	17	3	3	7	5
55	18	3	2	3	2
55	19	3	2	5	4
55	20	6	2	6	4
55	21	0	2	3	3
55	22	3	3	4	3
55	23	2	3	4	4
55	24	6	5	8	4
55	25	3	4	5	5
55	26	2	2	5	1
55	27	3	1	3	1
55	28	3	1	3	4
55	29	4	4	4	5
55	30	5	1	6	4
56	1	4	5	6	6
56	2	7	5	7	8
56	3	5	6	7	4
56	4	4	4	5	4
56	5	6	3	8	5
56	6	7	6	11	7
56	7	7	6	7	7
56	8	7	4	8	6
56	9	5	4	5	3
56	10	7	5	9	6
56	11	3	4	6	5
56	12	4	3	2	3
56	13	6	5	7	5
56	14	6	6	8	7
56	15	9	7	13	7
56	16	3	5	6	4
56	17	5	4	7	6
56	18	8	5	11	7
56	19	8	5	9	7
56	20	7	5	6	6
56	21	5	5	5	6
56	22	5	5	9	5
56	23	10	6	10	7
56	24	5	5	9	6
56	25	3	3	6	5
56	26	8	5	9	6
56	27	5	4	7	7
56	28	4	5	7	5
56	29	6	4	11	5
56	30	7	4	6	6
57	1	1	1	3	3
57	2	0	1	2	0
57	3	1	1	1	1
57	4	1	0	1	0
57	5	1	1	4	1
57	6	2	3	4	2
57	7	1	2	2	3
57	8	2	2	4	3
57	9	0	0	1	1
57	10	2	1	2	2
57	11	2	1	4	4
57	12	0	1	0	1
57	13	3	3	4	4
57	14	1	1	2	1
57	15	-1	2	1	1
57	16	3	2	3	2
57	17	2	1	2	3
57	18	1	1	2	1
57	19	2	1	3	3
57	20	0	0	0	0
57	21	0	1	0	0
57	22	0	1	0	1
57	23	0	1	3	2
57	24	3	2	6	5
57	25	4	3	6	3
57	26	1	2	4	1
57	27	1	1	5	3
57	28	2	1	5	0
57	29	0	2	2	1
57	30	-1	0	-2	1
58	1	4	4	7	4
58	2	5	3	4	5
58	3	5	5	7	3
58	4	4	3	4	2
58	5	3	5	5	5
58	6	4	2	4	5
58	7	4	3	7	6
58	8	7	5	7	6
58	9	6	4	7	5
58	10	4	5	5	5
58	11	2	3	4	2
58	12	7	4	8	7
58	13	5	3	7	4
58	14	3	3	6	3
58	15	5	4	8	4
58	16	5	4	8	6
58	17	2	4	2	2
58	18	8	4	8	6
58	19	2	3	8	2
58	20	6	4	8	6
58	21	5	3	5	5
58	22	4	3	6	5
58	23	2	2	1	2
58	24	2	2	3	2
58	25	4	3	5	6
58	26	6	4	4	4
58	27	2	2	3	4
58	28	5	5	8	5
58	29	6	4	9	6
58	30	2	3	5	3
59	1	4	4	6	4
59	2	3	2	4	2
59	3	3	4	4	3
59	4	5	4	7	4
59	5	5	5	5	5
59	6	2	2	5	3
59	7	4	1	5	3
59	8	2	3	2	3
59	9	4	3	6	5
59	10	1	3	3	2
59	11	0	0	1	1
59	12	5	6	10	7
59	13	7	6	8	4
59	14	4	3	4	4
59	15	4	4	7	6
59	16	1	3	5	3
59	17	5	5	7	5
59	18	4	3	6	5
59	19	5	3	6	5
59	20	1	1	0	1
59	21	7	4	7	6
59	22	4	2	4	3
59	23	0	3	2	2
59	24	4	3	6	4
59	25	3	3	4	4
59	26	5	5	7	5
59	27	2	1	1	2
59	28	3	3	3	4
59	29	5	4	7	6
59	30	8	4	7	7
60	1	7	3	6	5
60	2	5	5	9	8
60	3	4	4	5	4
60	4	4	3	3	5
60	5	6	3	5	4
60	6	4	4	8	5
60	7	9	5	8	7
60	8	0	2	2	1
60	9	4	3	5	4
60	10	5	5	7	6
60	11	2	2	3	3
60	12	1	2	2	4
60	13	3	5	7	5
60	14	1	2	6	3
60	15	5	2	7	3
60	16	5	3	6	5
60	17	7	4	10	5
60	18	2	3	1	4
60	19	5	4	8	5
60	20	2	3	4	3
60	21	3	2	4	3
60	22	7	4	8	6
60	23	6	4	7	4
60	24	4	3	4	2
60	25	5	4	5	6
60	26	4	1	5	4
60	27	1	3	5	5
60	28	5	3	4	4
60	29	3	2	6	4
60	30	4	2	7	6
61	1	7	5	9	7
61	2	2	2	2	4
61	3	4	2	6	3
61	4	7	4	12	6
61	5	4	3	3	4
61	6	0	2	0	2
61	7	5	3	8	4
61	8	2	3	4	2
61	9	2	3	4	4
61	10	5	3	8	6
61	11	6	6	9	7
61	12	2	4	4	4
61	13	7	4	8	5
61	14	5	3	4	5
61	15	5	1	3	4
61	16	7	3	8	5
61	17	6	4	3	6
61	18	4	1	3	3
61	19	2	3	4	4
61	20	6	3	10	4
61	21	1	2	-1	0
61	22	5	4	9	6
61	23	2	2	2	3
61	24	4	3	3	6
61	25	3	4	3	4
61	26	7	4	8	6
61	27	4	4	5	4
61	28	4	3	6	6
61	29	5	4	6	4
61	30	2	1	4	4
62	1	3	3	2	4
62	2	4	3	7	5
62	3	3	3	7	5
62	4	1	0	2	1
62	5	2	2	3	4
62	6	1	1	1	1
62	7	3	2	3	3
62	8	5	3	7	5
62	9	2	1	-2	1
62	10	0	2	0	2
62	11	4	5	5	5
62	12	2	0	0	3
62	13	3	2	7	4
62	14	4	3	3	2
62	15	2	3	6	4
62	16	4	2	5	5
62	17	2	2	4	1
62	18	0	1	0	3
62	19	2	2	2	1
62	20	6	5	10	6
62	21	4	3	4	4
62	22	1	3	4	4
62	23	2	2	5	2
62	24	1	2	3	1
62	25	6	4	10	6
62	26	2	2	3	1
62	27	4	2	3	2
62	28	3	3	4	3
62	29	2	2	4	2
62	30	7	4	9	5
63	1	0	1	3	1
63	2	8	4	7	6
63	3	4	2	1	4
63	4	6	4	7	4
63	5	-1	2	1	2
63	6	4	4	8	4
63	7	3	2	6	3
63	8	2	1	4	0
63	9	3	2	2	2
63	10	3	3	4	3
63	11	4	3	6	6
63	12	0	2	5	2
63	13	4	3	5	2
63	14	7	4	6	6
63	15	0	3	2	1
63	16	3	3	5	5
63	17	5	3	2	2
63	18	3	1	1	1
63	19	2	2	2	1
63	20	4	2	5	4
63	21	3	2	6	3
63	22	5	4	5	5
63	23	2	1	3	3
63	24	3	2	1	2
63	25	4	2	6	4
63	26	0	2	2	4
63	27	4	1	6	5
63	28	4	4	11	5
63	29	3	1	4	2
63	30	4	4	7	4
64	1	0	1	3	3
64	2	4	3	6	2
64	3	2	4	4	3
64	4	0	0	0	0
64	5	0	1	0	0
64	6	1	1	2	3
64	7	4	1	2	4
64	8	2	1	2	2
64	9	4	2	5	3
64	10	2	2	0	2
64	11	1	2	2	1
64	12	4	3	3	3
64	13	0	0	2	1
64	14	5	3	4	4
64	15	3	2	4	3
64	16	2	1	2	2
64	17	0	0	0	2
64	18	1	1	1	1
64	19	5	4	5	5
64	20	1	1	0	1
64	21	0	1	1	2
64	22	4	3	3	3
64	23	3	2	4	3
64	24	3	4	4	5
64	25	1	1	3	1
64	26	4	2	6	3
64	27	0	0	1	0
64	28	1	3	4	4
64	29	3	2	3	2
64	30	2	3	5	4
65	1	1	1	4	3
65	2	3	4	7	3
65	3	4	3	7	4
65	4	1	3	3	3
65	5	1	1	3	3
65	6	0	2	2	0
65	7	3	2	3	3
65	8	2	1	2	2
65	9	6	3	7	4
65	10	0	1	0	1
65	11	0	0	0	2
65	12	2	1	2	3
65	13	3	1	3	4
65	14	3	2	4	4
65	15	0	1	4	2
65	16	2	2	4	3
65	17	2	1	2	3
65	18	3	3	8	3
65	19	4	2	4	3
65	20	3	1	3	2
65	21	3	3	5	1
65	22	3	2	6	4
65	23	0	0	1	1
65	24	2	1	1	2
65	25	2	2	2	4
65	26	2	1	4	2
65	27	2	3	3	1
65	28	0	2	3	2
65	29	3	0	2	2
65	30	0	0	0	1
66	1	1	2	5	4
66	2	3	2	6	4
66	3	5	3	7	4
66	4	6	5	10	6
66	5	4	4	5	5
66	6	3	4	6	6
66	7	4	4	5	3
66	8	6	4	6	5
66	9	3	4	5	3
66	10	5	3	4	5
66	11	5	4	7	6
66	12	2	2	2	3
66	13	7	4	6	5
66	14	5	3	5	4
66	15	6	4	4	5
66	16	3	3	7	1
66	17	5	4	5	5
66	18	4	2	7	5
66	19	1	1	1	2
66	20	3	2	2	3
66	21	5	3	6	7
66	22	4	2	6	3
66	23	3	3	5	2
66	24	4	3	3	2
66	25	3	4	3	4
66	26	1	2	2	2
66	27	6	4	6	4
66	28	2	3	2	2
66	29	4	3	4	3
66	30	4	3	2	3
67	1	3	3	4	3
67	2	3	4	3	3
67	3	4	4	6	4
67	4	4	3	5	4
67	5	4	4	4	5
67	6	0	1	2	1
67	7	2	2	4	4
67	8	4	4	4	4
67	9	1	2	3	4
67	10	3	2	5	4
67	11	6	4	7	6
67	12	4	3	4	4
67	13	4	3	2	4
67	14	3	3	6	3
67	15	4	5	4	5
67	16	4	4	4	5
67	17	4	1	6	4
67	18	4	4	7	5
67	19	5	4	7	8
67	20	5	4	6	4
67	21	4	3	5	5
67	22	5	3	5	5
67	23	6	4	7	4
67	24	5	4	6	4
67	25	5	3	6	3
67	26	2	2	5	4
67	27	5	2	6	5
67	28	4	3	6	5
67	29	4	3	7	6
67	30	4	5	6	5
68	1	4	4	6	4
68	2	3	2	4	3
68	3	1	3	0	2
68	4	3	4	6	4
68	5	6	4	8	4
68	6	2	2	4	3
68	7	4	1	4	2
68	8	3	3	6	5
68	9	1	2	3	3
68	10	4	4	7	5
68	11	4	2	5	4
68	12	3	3	3	2
68	13	5	4	7	5
68	14	5	4	8	3
68	15	4	2	6	4
68	16	6	3	6	6
68	17	2	2	3	4
68	18	2	3	2	3
68	19	4	4	5	4
68	20	5	5	4	4
68	21	2	2	6	4
68	22	1	2	5	5
68	23	2	3	3	2
68	24	4	5	6	7
68	25	0	0	1	2
68	26	4	2	5	3
68	27	5	4	5	2
68	28	1	3	5	3
68	29	4	2	3	5
68	30	1	2	1	2
69	1	6	5	8	7
69	2	2	2	4	2
69	3	3	2	1	2
69	4	3	4	6	5
69	5	6	4	6	5
69	6	2	4	6	3
69	7	4	5	5	5
69	8	6	4	6	4
69	9	3	2	3	4
69	10	4	4	8	3
69	11	5	3	7	5
69	12	7	5	8	5
69	13	7	4	7	6
69	14	6	5	8	7
69	15	5	4	5	4
69	16	4	7	7	5
69	17	3	2	1	4
69	18	5	2	3	2
69	19	5	3	7	4
69	20	6	4	8	5
69	21	6	6	6	5
69	22	5	4	9	5
69	23	3	3	5	2
69	24	5	3	4	4
69	25	5	5	7	4
69	26	4	4	7	4
69	27	5	4	6	4
69	28	3	4	8	3
69	29	7	3	7	5
69	30	4	3	6	4
70	1	7	5	9	5
70	2	4	5	6	4
70	3	7	5	6	5
70	4	5	4	7	5
70	5	3	4	7	4
70	6	6	6	9	6
70	7	6	6	8	6
70	8	7	5	6	6
70	9	8	7	10	8
70	10	7	5	10	8
70	11	8	6	11	9
70	12	7	5	8	5
70	13	6	5	9	6
70	14	7	5	11	8
70	15	6	5	8	6
70	16	4	4	4	4
70	17	6	4	6	6
70	18	7	5	12	9
70	19	3	5	7	7
70	20	7	6	10	6
70	21	7	5	6	7
70	22	6	5	6	7
70	23	7	5	5	7
70	24	8	6	10	7
70	25	6	4	10	4
70	26	9	7	9	6
70	27	6	5	9	7
70	28	6	4	8	5
70	29	8	6	10	8
70	30	7	6	8	7
71	1	7	4	8	5
71	2	2	1	5	2
71	3	3	2	3	2
71	4	2	2	8	4
71	5	4	4	8	3
71	6	2	2	4	3
71	7	3	3	4	4
71	8	0	1	4	3
71	9	1	2	2	4
71	10	5	3	7	4
71	11	2	1	3	4
71	12	4	2	5	4
71	13	1	2	3	1
71	14	5	3	8	4
71	15	4	3	5	3
71	16	2	2	6	2
71	17	4	4	6	4
71	18	0	1	0	2
71	19	3	2	1	3
71	20	5	2	7	5
71	21	3	2	4	4
71	22	5	3	6	4
71	23	3	3	3	2
71	24	0	0	0	0
71	25	0	2	2	1
71	26	3	2	5	2
71	27	3	4	6	5
71	28	4	2	5	2
71	29	3	5	4	4
71	30	2	1	4	2
72	1	0	0	0	1
72	2	-1	1	0	2
72	3	3	3	2	3
72	4	0	2	4	3
72	5	2	1	2	1
72	6	1	2	2	0
72	7	0	1	0	1
72	8	2	2	2	1
72	9	1	0	1	1
72	10	0	0	0	0
72	11	-1	0	0	0
72	12	0	0	0	1
72	13	0	1	1	1
72	14	1	0	0	0
72	15	-1	1	0	-1
72	16	-2	0	-3	-1
72	17	3	1	3	3
72	18	0	0	0	1
72	19	1	0	2	1
72	20	-1	0	-1	0
72	21	-1	0	0	0
72	22	0	0	0	1
72	23	-2	0	-1	0
72	24	-3	-2	-1	-2
72	25	1	1	1	2
72	26	3	1	2	2
72	27	0	0	1	0
72	28	1	1	2	0
72	29	-1	0	0	0
72	30	1	1	-1	2
73	1	5	4	7	5
73	2	4	3	5	5
73	3	4	3	6	4
73	4	4	4	4	4
73	5	6	3	6	5
73	6	7	5	7	6
73	7	6	4	7	6
73	8	4	4	4	5
73	9	2	3	4	4
73	10	4	3	7	5
73	11	4	4	6	2
73	12	5	4	5	5
73	13	7	5	9	7
73	14	4	3	5	5
73	15	6	5	10	7
73	16	4	3	5	4
73	17	6	4	5	4
73	18	3	4	6	4
73	19	6	3	6	4
73	20	5	5	8	4
73	21	3	5	7	4
73	22	3	5	5	5
73	23	1	2	2	3
73	24	7	3	6	4
73	25	5	5	7	6
73	26	4	5	7	4
73	27	6	5	8	5
73	28	4	4	7	7
73	29	7	5	7	5
73	30	7	6	8	6
74	1	0	1	1	1
74	2	3	2	2	4
74	3	4	3	8	4
74	4	3	1	3	2
74	5	1	2	6	3
74	6	2	2	3	4
74	7	4	3	4	3
74	8	4	2	3	2
74	9	1	3	3	2
74	10	1	2	4	3
74	11	3	2	5	3
74	12	2	2	2	4
74	13	3	2	5	3
74	14	3	3	4	2
74	15	1	3	2	3
74	16	6	4	3	5
74	17	5	5	8	4
74	18	5	4	6	5
74	19	3	3	2	2
74	20	0	0	1	3
74	21	4	2	3	2
74	22	3	4	7	1
74	23	3	2	4	4
74	24	2	2	1	2
74	25	0	2	1	2
74	26	3	2	5	2
74	27	4	3	5	3
74	28	4	3	6	4
74	29	4	2	4	3
74	30	0	2	1	2
75	1	0	0	1	1
75	2	0	1	0	0
75	3	4	2	4	3
75	4	3	3	6	3
75	5	2	3	5	4
75	6	0	2	4	1
75	7	5	4	7	6
75	8	2	2	3	5
75	9	7	3	5	6
75	10	4	2	6	5
75	11	4	4	5	3
75	12	2	2	6	3
75	13	2	1	6	1
75	14	0	1	1	2
75	15	1	2	1	1
75	16	3	2	4	3
75	17	0	4	4	3
75	18	1	1	5	4
75	19	3	1	4	4
75	20	3	2	4	4
75	21	2	3	2	2
75	22	1	3	4	2
75	23	2	0	0	1
75	24	3	2	6	6
75	25	3	2	5	2
75	26	2	1	1	3
75	27	2	2	0	2
75	28	2	2	2	1
75	29	2	0	4	4
75	30	1	1	1	1
76	1	5	3	3	4
76	2	6	5	8	6
76	3	5	4	3	5
76	4	3	3	6	4
76	5	7	4	10	6
76	6	6	5	8	6
76	7	7	4	6	6
76	8	5	4	8	4
76	9	4	4	6	4
76	10	6	4	7	5
76	11	4	3	8	6
76	12	6	5	8	6
76	13	8	6	10	8
76	14	3	5	6	4
76	15	3	2	6	3
76	16	5	3	7	6
76	17	7	7	13	8
76	18	4	3	7	6
76	19	8	6	8	4
76	20	3	3	7	4
76	21	3	4	7	4
76	22	4	4	6	5
76	23	5	5	5	3
76	24	7	6	9	7
76	25	6	4	6	5
76	26	5	3	8	4
76	27	8	5	8	5
76	28	7	6	10	8
76	29	5	3	9	6
76	30	1	4	4	3
77	1	1	2	3	2
77	2	0	1	1	0
77	3	0	1	-2	1
77	4	5	4	10	5
77	5	2	3	2	5
77	6	2	3	5	4
77	7	5	5	6	6
77	8	2	2	4	3
77	9	2	3	5	3
77	10	3	3	4	3
77	11	3	3	4	5
77	12	3	3	1	2
77	13	5	3	7	5
77	14	5	3	4	4
77	15	4	2	3	2
77	16	1	2	3	2
77	17	5	4	5	6
77	18	5	3	6	7
77	19	6	4	4	6
77	20	3	3	5	4
77	21	2	3	2	2
77	22	3	2	4	2
77	23	4	3	3	2
77	24	2	1	4	4
77	25	4	5	8	4
77	26	4	3	1	2
77	27	0	0	0	3
77	28	0	1	1	1
77	29	3	1	5	4
77	30	4	3	3	4
78	1	-2	0	-1	0
78	2	0	0	0	1
78	3	2	1	3	4
78	4	2	2	5	4
78	5	0	1	0	1
78	6	0	1	0	1
78	7	0	1	0	0
78	8	2	3	3	2
78	9	4	2	3	2
78	10	1	0	1	1
78	11	-1	1	2	0
78	12	1	0	3	3
78	13	2	3	1	2
78	14	1	2	2	2
78	15	5	2	5	5
78	16	2	0	2	2
78	17	0	3	1	2
78	18	1	0	2	1
78	19	0	2	-1	0
78	20	3	3	3	1
78	21	3	1	3	2
78	22	6	3	8	5
78	23	3	3	2	2
78	24	1	2	3	1
78	25	2	2	2	1
78	26	4	2	7	4
78	27	2	3	4	3
78	28	2	1	3	3
78	29	0	0	3	2
78	30	2	1	3	2
79	1	5	3	3	3
79	2	5	4	7	6
79	3	4	3	6	4
79	4	5	2	3	3
79	5	4	3	5	6
79	6	6	4	8	6
79	7	5	3	5	4
79	8	2	3	4	4
79	9	5	3	6	5
79	10	4	2	3	2
79	11	4	4	7	5
79	12	7	4	7	6
79	13	3	3	5	3
79	14	4	3	3	5
79	15	4	2	5	3
79	16	2	3	8	5
79	17	5	5	9	5
79	18	5	4	4	2
79	19	4	2	7	5
79	20	1	2	1	0
79	21	3	2	5	4
79	22	2	2	5	4
79	23	1	3	3	3
79	24	4	3	6	4
79	25	2	3	7	6
79	26	4	3	3	3
79	27	4	4	5	5
79	28	4	3	6	6
79	29	5	4	8	5
79	30	3	2	4	4
80	1	3	1	1	1
80	2	5	2	4	2
80	3	7	4	6	4
80	4	5	2	3	4
80	5	3	1	3	2
80	6	5	1	4	5
80	7	3	3	3	3
80	8	3	3	5	2
80	9	2	3	7	4
80	10	4	4	9	6
80	11	4	4	6	4
80	12	2	3	5	3
80	13	5	2	4	2
80	14	2	1	2	2
80	15	3	3	2	1
80	16	6	5	9	5
80	17	6	4	5	5
80	18	4	3	3	3
80	19	1	2	1	4
80	20	0	1	3	2
80	21	5	6	6	5
80	22	3	3	5	3
80	23	2	2	5	4
80	24	6	5	8	3
80	25	2	3	5	2
80	26	5	3	4	2
80	27	6	4	8	5
80	28	3	2	2	4
80	29	4	4	7	5
80	30	3	3	7	4
81	1	1	3	3	3
81	2	3	3	6	5
81	3	1	2	6	3
81	4	4	2	4	4
81	5	3	4	5	5
81	6	3	3	5	4
81	7	6	3	4	3
81	8	5	3	6	6
81	9	2	2	4	3
81	10	7	4	7	5
81	11	6	5	10	8
81	12	4	3	7	5
81	13	3	5	5	5
81	14	3	2	5	2
81	15	4	3	7	5
81	16	3	3	2	4
81	17	4	3	6	4
81	18	4	1	2	3
81	19	5	3	6	4
81	20	6	4	8	5
81	21	5	5	8	6
81	22	7	6	11	6
81	23	2	4	4	3
81	24	5	4	8	4
81	25	2	2	0	1
81	26	2	2	2	2
81	27	4	4	7	4
81	28	2	2	1	3
81	29	3	2	5	3
81	30	2	3	2	4
82	1	4	3	5	4
82	2	3	4	5	5
82	3	3	2	5	4
82	4	0	0	1	2
82	5	5	3	6	4
82	6	4	3	5	5
82	7	6	3	6	3
82	8	3	3	3	3
82	9	7	4	8	6
82	10	6	4	11	6
82	11	0	1	1	1
82	12	7	3	8	5
82	13	2	2	4	0
82	14	3	4	5	4
82	15	3	2	5	2
82	16	4	4	3	3
82	17	6	4	6	7
82	18	4	3	7	4
82	19	5	4	6	5
82	20	2	2	1	1
82	21	5	4	6	6
82	22	5	4	5	5
82	23	4	4	6	5
82	24	3	4	5	4
82	25	6	4	8	5
82	26	3	2	3	2
82	27	5	4	10	6
82	28	2	3	5	4
82	29	6	4	7	6
82	30	3	4	4	5
83	1	4	1	4	2
83	2	4	3	8	5
83	3	3	3	4	4
83	4	2	3	5	5
83	5	5	2	5	4
83	6	5	4	6	3
83	7	2	3	2	3
83	8	5	3	5	5
83	9	2	2	5	2
83	10	2	3	5	5
83	11	2	4	4	4
83	12	3	3	6	5
83	13	3	1	4	4
83	14	4	3	3	3
83	15	2	2	3	2
83	16	4	2	5	3
83	17	3	2	3	3
83	18	4	5	9	4
83	19	5	5	7	3
83	20	2	3	4	5
83	21	5	3	6	5
83	22	4	3	3	5
83	23	3	3	3	4
83	24	4	4	4	4
83	25	1	2	5	3
83	26	2	3	1	4
83	27	2	3	2	2
83	28	1	0	2	2
83	29	4	3	2	3
83	30	3	4	6	5
84	1	5	4	6	4
84	2	2	3	2	2
84	3	6	5	7	7
84	4	8	4	8	4
84	5	8	4	11	7
84	6	7	3	11	5
84	7	4	4	5	2
84	8	4	3	3	3
84	9	3	3	2	4
84	10	7	4	7	6
84	11	5	4	10	6
84	12	2	4	4	3
84	13	2	3	3	3
84	14	6	4	6	5
84	15	0	2	4	3
84	16	7	4	10	7
84	17	4	4	8	6
84	18	2	3	1	3
84	19	3	5	8	5
84	20	6	3	4	5
84	21	1	1	2	2
84	22	4	3	7	4
84	23	5	2	4	4
84	24	2	3	5	3
84	25	3	5	6	4
84	26	5	2	8	6
84	27	6	5	12	7
84	28	1	3	1	2
84	29	5	4	6	5
84	30	2	3	4	3
85	1	5	4	6	5
85	2	4	3	6	3
85	3	4	4	6	5
85	4	2	0	1	3
85	5	5	3	6	4
85	6	5	3	5	3
85	7	4	4	9	4
85	8	3	3	4	4
85	9	4	4	6	5
85	10	2	3	2	1
85	11	2	1	5	3
85	12	4	3	3	4
85	13	0	2	3	3
85	14	3	1	3	2
85	15	4	2	8	3
85	16	4	4	8	5
85	17	6	4	6	6
85	18	3	2	5	4
85	19	4	4	3	5
85	20	4	2	4	4
85	21	2	3	0	1
85	22	5	3	5	4
85	23	2	3	4	1
85	24	3	2	3	2
85	25	2	3	5	2
85	26	3	2	3	1
85	27	3	3	3	4
85	28	2	3	2	1
85	29	3	3	4	3
85	30	3	4	6	5
86	1	4	3	5	5
86	2	4	2	3	4
86	3	6	6	9	5
86	4	7	4	9	6
86	5	4	5	7	3
86	6	3	4	7	4
86	7	6	3	6	5
86	8	4	3	7	4
86	9	6	3	5	6
86	10	3	3	4	4
86	11	5	3	5	5
86	12	3	2	4	3
86	13	8	5	5	5
86	14	5	3	6	3
86	15	2	2	1	3
86	16	3	3	3	3
86	17	6	4	5	4
86	18	6	3	6	5
86	19	3	4	3	2
86	20	2	2	2	2
86	21	5	3	6	3
86	22	2	2	1	4
86	23	5	3	5	3
86	24	3	3	3	3
86	25	2	2	3	4
86	26	7	4	7	5
86	27	3	3	1	4
86	28	3	2	5	4
86	29	1	3	5	5
86	30	5	5	6	3
87	1	4	3	6	5
87	2	5	4	5	5
87	3	5	3	5	6
87	4	4	3	4	4
87	5	8	5	6	6
87	6	2	3	6	3
87	7	3	4	4	6
87	8	3	3	3	2
87	9	2	2	5	2
87	10	5	4	7	5
87	11	5	5	8	5
87	12	8	5	10	7
87	13	5	4	5	5
87	14	3	4	5	5
87	15	5	3	7	6
87	16	6	4	7	4
87	17	1	2	1	4
87	18	6	3	7	5
87	19	5	3	4	6
87	20	3	3	5	4
87	21	1	2	1	3
87	22	5	4	5	5
87	23	2	2	6	4
87	24	4	3	7	5
87	25	5	4	5	4
87	26	5	4	5	6
87	27	5	5	8	6
87	28	3	4	4	4
87	29	4	3	4	4
87	30	4	5	4	5
88	1	3	3	3	3
88	2	3	4	4	4
88	3	3	3	3	3
88	4	5	5	7	4
88	5	3	3	5	4
88	6	3	3	6	4
88	7	6	5	6	6
88	8	6	3	6	4
88	9	6	5	8	7
88	10	3	4	5	2
88	11	7	5	7	4
88	12	5	3	9	5
88	13	1	4	4	3
88	14	4	4	5	5
88	15	2	2	3	3
88	16	4	4	7	4
88	17	4	3	5	5
88	18	4	2	3	3
88	19	4	1	5	4
88	20	4	2	3	4
88	21	8	5	8	5
88	22	7	3	8	5
88	23	5	2	6	6
88	24	5	4	5	5
88	25	4	3	6	4
88	26	6	4	6	4
88	27	8	3	9	7
88	28	7	5	8	5
88	29	4	3	4	5
88	30	5	4	4	5
89	1	1	2	2	2
89	2	1	2	1	3
89	3	3	3	3	3
89	4	5	3	7	3
89	5	0	1	0	2
89	6	1	3	2	2
89	7	2	3	5	4
89	8	2	2	5	0
89	9	6	4	4	5
89	10	3	2	2	4
89	11	3	2	2	1
89	12	2	1	4	1
89	13	5	2	4	4
89	14	5	5	7	7
89	15	3	1	5	3
89	16	4	4	5	4
89	17	2	2	3	1
89	18	6	5	7	5
89	19	4	3	6	5
89	20	-1	1	0	1
89	21	2	3	5	2
89	22	3	2	3	2
89	23	0	1	1	2
89	24	1	2	5	4
89	25	1	1	3	3
89	26	4	3	6	4
89	27	5	3	2	5
89	28	4	3	5	5
89	29	4	2	4	3
89	30	6	3	7	5
90	1	5	2	7	3
90	2	3	2	1	2
90	3	4	6	7	6
90	4	5	6	9	6
90	5	5	3	7	5
90	6	5	6	7	8
90	7	4	5	8	7
90	8	6	4	6	8
90	9	5	5	6	6
90	10	4	4	5	4
90	11	6	5	7	4
90	12	7	5	6	7
90	13	7	4	9	6
90	14	5	4	6	6
90	15	4	4	4	4
90	16	9	6	12	7
90	17	4	4	9	6
90	18	3	4	5	3
90	19	7	5	10	6
90	20	5	4	7	3
90	21	5	5	8	7
90	22	6	3	4	5
90	23	6	4	8	5
90	24	5	4	5	6
90	25	6	4	6	4
90	26	4	3	6	3
90	27	4	4	6	5
90	28	5	4	7	5
90	29	5	5	9	6
90	30	5	5	7	5
91	1	6	4	6	6
91	2	4	3	3	2
91	3	5	5	6	5
91	4	8	5	10	5
91	5	6	4	7	6
91	6	5	4	7	3
91	7	4	4	5	4
91	8	7	5	7	6
91	9	7	4	5	5
91	10	5	6	8	5
91	11	6	5	5	4
91	12	4	4	3	5
91	13	5	5	6	6
91	14	6	4	7	5
91	15	7	5	8	7
91	16	3	2	5	4
91	17	6	5	7	5
91	18	3	4	4	4
91	19	3	4	4	3
91	20	6	4	9	7
91	21	5	4	7	6
91	22	3	2	4	4
91	23	6	3	3	3
91	24	1	3	5	4
91	25	7	5	10	7
91	26	8	6	13	8
91	27	5	3	5	2
91	28	4	4	7	6
91	29	6	4	8	5
91	30	9	6	13	8
92	1	0	2	2	2
92	2	2	2	3	3
92	3	2	3	4	4
92	4	4	4	3	6
92	5	4	4	6	5
92	6	4	4	6	4
92	7	7	4	9	5
92	8	6	3	4	3
92	9	6	6	11	7
92	10	6	5	8	5
92	11	3	2	5	3
92	12	4	3	4	4
92	13	5	5	6	5
92	14	3	3	6	4
92	15	3	3	7	5
92	16	4	4	6	7
92	17	6	3	7	4
92	18	4	4	6	3
92	19	2	3	5	2
92	20	3	3	4	3
92	21	6	4	7	5
92	22	3	4	8	6
92	23	6	4	5	5
92	24	7	3	9	3
92	25	6	5	9	7
92	26	6	5	10	6
92	27	4	4	2	2
92	28	5	2	7	6
92	29	2	5	4	4
92	30	5	4	6	6
93	1	7	4	3	4
93	2	5	3	3	4
93	3	4	2	3	4
93	4	5	4	5	8
93	5	3	1	5	4
93	6	2	5	3	3
93	7	4	3	6	4
93	8	4	4	6	4
93	9	8	4	7	5
93	10	2	2	4	2
93	11	7	6	12	6
93	12	2	3	5	3
93	13	4	4	6	5
93	14	0	1	1	2
93	15	2	2	3	4
93	16	5	3	6	5
93	17	4	5	7	5
93	18	4	2	5	5
93	19	4	4	3	2
93	20	2	2	1	3
93	21	3	1	2	2
93	22	4	2	5	3
93	23	5	4	5	5
93	24	4	4	5	4
93	25	4	1	6	3
93	26	5	3	6	3
93	27	3	4	5	4
93	28	5	3	3	5
93	29	5	5	5	5
93	30	3	2	5	2
94	1	1	3	4	2
94	2	3	2	4	3
94	3	2	2	2	1
94	4	1	0	3	1
94	5	1	2	4	4
94	6	5	3	2	3
94	7	3	2	6	5
94	8	1	3	5	2
94	9	4	3	6	6
94	10	0	1	1	2
94	11	1	0	-1	1
94	12	0	1	0	0
94	13	4	2	7	3
94	14	4	1	5	5
94	15	3	2	4	4
94	16	1	1	4	4
94	17	6	3	8	5
94	18	3	4	5	4
94	19	1	2	1	2
94	20	0	2	2	2
94	21	3	2	8	5
94	22	5	1	5	3
94	23	2	3	4	3
94	24	4	3	6	4
94	25	0	2	0	1
94	26	1	2	3	2
94	27	4	1	5	4
94	28	2	3	4	4
94	29	2	1	1	2
94	30	6	3	4	4
95	1	7	5	10	8
95	2	5	3	3	4
95	3	6	4	6	4
95	4	8	5	10	6
95	5	5	5	8	5
95	6	4	3	6	6
95	7	4	5	4	5
95	8	6	6	8	6
95	9	2	3	4	4
95	10	2	3	7	5
95	11	6	6	9	7
95	12	5	5	4	4
95	13	6	3	4	4
95	14	6	4	6	6
95	15	3	3	7	5
95	16	4	3	6	3
95	17	6	5	8	7
95	18	4	3	4	6
95	19	6	4	5	7
95	20	7	4	6	4
95	21	7	5	10	6
95	22	5	4	5	6
95	23	6	4	6	7
95	24	9	4	10	6
95	25	7	4	4	6
95	26	7	5	10	7
95	27	6	5	8	7
95	28	5	6	8	8
95	29	7	6	10	7
95	30	4	4	10	5
96	1	4	3	3	3
96	2	6	3	6	5
96	3	3	0	3	1
96	4	5	3	4	3
96	5	0	2	3	2
96	6	4	3	7	4
96	7	3	0	3	1
96	8	1	1	2	2
96	9	5	4	6	3
96	10	3	2	5	3
96	11	4	3	5	3
96	12	2	2	5	5
96	13	2	4	5	3
96	14	5	4	8	6
96	15	2	3	1	0
96	16	1	2	5	2
96	17	1	0	1	0
96	18	6	3	5	6
96	19	2	2	4	3
96	20	3	2	5	1
96	21	4	3	7	6
96	22	3	2	3	4
96	23	4	2	6	5
96	24	1	0	3	0
96	25	6	3	6	5
96	26	4	3	5	3
96	27	2	3	4	4
96	28	0	0	1	3
96	29	6	3	8	3
96	30	4	3	7	5
97	1	5	4	5	5
97	2	10	8	15	11
97	3	10	9	12	10
97	4	7	5	7	6
97	5	7	5	7	7
97	6	6	4	8	6
97	7	7	7	8	6
97	8	6	6	9	7
97	9	7	6	10	5
97	10	7	6	11	6
97	11	10	6	10	9
97	12	3	4	5	3
97	13	6	4	8	5
97	14	7	6	10	6
97	15	9	5	8	6
97	16	10	5	10	7
97	17	4	4	8	7
97	18	6	5	7	6
97	19	8	6	10	9
97	20	9	6	9	6
97	21	6	7	8	5
97	22	7	5	9	6
97	23	4	4	4	4
97	24	6	4	8	7
97	25	11	9	13	10
97	26	6	5	10	8
97	27	8	7	8	6
97	28	8	4	9	7
97	29	7	7	10	8
97	30	5	6	8	7
98	1	8	5	10	8
98	2	4	4	6	4
98	3	3	4	6	4
98	4	7	6	9	6
98	5	6	5	7	6
98	6	9	5	10	7
98	7	5	4	7	6
98	8	7	5	10	8
98	9	6	4	7	6
98	10	5	5	7	5
98	11	9	5	6	8
98	12	5	5	6	3
98	13	8	6	12	8
98	14	6	5	7	7
98	15	2	4	4	3
98	16	6	4	9	4
98	17	3	3	6	4
98	18	2	3	4	2
98	19	6	6	8	4
98	20	6	5	7	6
98	21	4	4	5	3
98	22	4	3	7	3
98	23	6	4	6	5
98	24	3	4	6	5
98	25	8	4	9	6
98	26	7	6	7	6
98	27	3	3	5	4
98	28	4	5	6	5
98	29	7	5	9	5
98	30	5	4	6	5
99	1	4	3	6	4
99	2	3	3	6	3
99	3	6	3	6	3
99	4	5	4	7	5
99	5	4	4	3	5
99	6	1	2	2	2
99	7	3	2	3	4
99	8	5	3	4	3
99	9	3	2	3	4
99	10	0	2	0	2
99	11	2	1	2	3
99	12	5	3	5	5
99	13	3	5	3	2
99	14	2	3	4	3
99	15	2	2	5	3
99	16	2	2	4	4
99	17	4	3	7	5
99	18	6	4	7	5
99	19	2	2	2	1
99	20	2	2	5	3
99	21	3	4	3	2
99	22	0	1	0	1
99	23	5	3	4	3
99	24	4	2	2	2
99	25	5	3	9	5
99	26	0	0	0	1
99	27	4	4	7	5
99	28	4	2	6	3
99	29	4	2	3	6
99	30	3	3	4	5
100	1	1	2	2	2
100	2	3	2	4	5
100	3	1	1	2	0
100	4	4	1	5	2
100	5	4	2	2	1
100	6	1	3	7	3
100	7	1	2	3	1
100	8	2	0	3	3
100	9	4	2	3	4
100	10	2	2	5	3
100	11	4	3	5	4
100	12	4	1	4	2
100	13	2	2	2	3
100	14	5	3	4	3
100	15	0	2	2	2
100	16	6	2	6	3
100	17	-1	1	0	1
100	18	4	2	3	3
100	19	1	0	0	1
100	20	2	3	1	3
100	21	0	0	0	0
100	22	2	1	1	1
100	23	0	0	1	2
100	24	1	1	2	2
100	25	2	1	2	2
100	26	3	1	4	2
100	27	0	1	0	1
100	28	1	2	1	2
100	29	3	2	6	3
100	30	5	3	6	5
