1	1	4	1	1	4
1	2	0	3	4	5
1	3	5	1	3	3
1	4	0	1	2	2
1	5	1	0	2	5
1	6	4	3	3	3
1	7	1	0	0	2
1	8	0	1	0	1
1	9	2	2	1	3
1	10	5	4	2	3
1	11	3	3	3	2
1	12	1	4	4	6
1	13	0	1	1	0
1	14	3	2	2	6
1	15	4	2	3	3
1	16	3	4	2	1
1	17	2	3	3	2
1	18	0	2	0	5
1	19	0	1	0	4
1	20	1	1	2	6
1	21	2	1	1	4
1	22	2	0	2	1
1	23	3	0	2	5
1	24	0	2	2	5
1	25	6	5	4	4
1	26	3	2	1	2
1	27	3	3	5	4
1	28	3	2	2	1
1	29	1	0	4	2
1	30	2	2	2	2
2	1	3	6	4	7
2	2	5	4	4	7
2	3	1	3	3	3
2	4	2	0	0	4
2	5	0	0	0	0
2	6	3	2	4	6
2	7	0	3	0	5
2	8	3	4	2	5
2	9	5	7	4	8
2	10	1	1	1	1
2	11	1	6	2	6
2	12	3	2	1	8
2	13	2	2	-1	0
2	14	0	1	-1	0
2	15	-1	1	2	1
2	16	6	1	3	2
2	17	2	3	0	1
2	18	4	5	2	3
2	19	6	6	5	8
2	20	2	0	4	0
2	21	4	3	6	4
2	22	3	3	3	5
2	23	3	2	2	3
2	24	1	2	4	3
2	25	2	4	4	2
2	26	1	3	0	4
2	27	6	2	1	6
2	28	3	3	3	2
2	29	3	6	3	5
2	30	4	4	-1	5
3	1	8	9	5	8
3	2	4	4	5	7
3	3	5	0	2	4
3	4	9	11	9	10
3	5	5	5	2	8
3	6	4	4	4	8
3	7	5	6	6	9
3	8	4	4	3	4
3	9	7	6	4	11
3	10	5	7	4	8
3	11	5	5	2	7
3	12	3	5	3	6
3	13	5	4	3	3
3	14	11	9	5	10
3	15	3	5	4	5
3	16	2	4	1	6
3	17	5	7	3	6
3	18	7	4	6	10
3	19	8	6	3	8
3	20	10	3	2	7
3	21	6	4	3	6
3	22	9	8	5	10
3	23	9	4	3	7
3	24	4	4	1	8
3	25	5	7	2	7
3	26	6	5	4	6
3	27	5	5	1	13
3	28	3	7	5	9
3	29	10	8	5	8
3	30	4	4	1	7
4	1	3	6	0	7
4	2	1	3	1	4
4	3	4	2	4	7
4	4	3	2	2	5
4	5	1	2	1	1
4	6	6	7	5	5
4	7	6	5	5	8
4	8	2	3	1	7
4	9	2	3	2	6
4	10	2	2	1	3
4	11	5	8	5	9
4	12	6	5	1	12
4	13	2	2	2	8
4	14	7	4	6	7
4	15	0	2	2	4
4	16	4	3	3	6
4	17	2	3	1	6
4	18	6	2	4	4
4	19	6	5	5	6
4	20	4	2	2	4
4	21	4	4	2	0
4	22	4	5	2	4
4	23	6	5	3	6
4	24	6	2	3	4
4	25	4	2	2	0
4	26	6	5	6	5
4	27	6	4	1	6
4	28	4	2	0	3
4	29	3	3	-1	4
4	30	4	2	-1	4
5	1	3	4	3	7
5	2	6	3	3	5
5	3	5	4	5	7
5	4	5	5	5	11
5	5	3	3	1	5
5	6	3	3	5	8
5	7	6	2	5	6
5	8	2	4	2	2
5	9	4	5	3	7
5	10	5	1	2	1
5	11	6	8	6	11
5	12	6	4	4	5
5	13	3	4	4	4
5	14	3	1	2	3
5	15	2	4	2	7
5	16	0	3	1	3
5	17	3	4	1	8
5	18	3	3	1	4
5	19	6	6	1	7
5	20	2	2	1	2
5	21	2	4	2	3
5	22	2	3	3	6
5	23	6	6	4	9
5	24	0	4	1	4
5	25	-1	5	0	7
5	26	10	7	4	11
5	27	5	3	1	5
5	28	3	2	0	3
5	29	0	3	0	3
5	30	6	4	3	6
6	1	6	5	3	6
6	2	5	5	5	4
6	3	7	4	6	6
6	4	8	7	4	7
6	5	8	7	5	10
6	6	9	6	6	6
6	7	9	6	6	8
6	8	9	8	5	8
6	9	5	6	5	8
6	10	4	5	0	4
6	11	4	4	4	4
6	12	6	6	3	8
6	13	6	6	5	6
6	14	8	8	4	6
6	15	8	9	6	11
6	16	8	9	7	10
6	17	9	4	4	7
6	18	2	2	1	0
6	19	5	6	2	6
6	20	4	3	3	3
6	21	5	7	5	7
6	22	7	7	6	10
6	23	6	7	3	11
6	24	3	4	3	6
6	25	6	6	5	8
6	26	5	6	4	7
6	27	8	7	4	8
6	28	5	7	3	8
6	29	4	5	1	6
6	30	4	8	3	6
7	1	-1	3	0	2
7	2	2	6	4	7
7	3	3	3	1	8
7	4	2	4	3	1
7	5	2	4	6	6
7	6	8	3	5	5
7	7	7	4	4	5
7	8	11	7	4	7
7	9	5	4	2	5
7	10	4	5	1	5
7	11	4	7	5	8
7	12	4	5	5	10
7	13	5	7	5	7
7	14	6	4	1	5
7	15	8	6	5	8
7	16	6	2	1	7
7	17	6	8	5	7
7	18	0	2	0	3
7	19	5	7	1	4
7	20	6	6	3	9
7	21	3	3	2	5
7	22	7	1	2	8
7	23	4	2	3	3
7	24	2	1	0	6
7	25	0	6	5	4
7	26	4	3	2	5
7	27	3	2	1	1
7	28	5	6	4	4
7	29	6	6	3	7
7	30	9	7	4	10
8	1	3	3	3	3
8	2	2	3	1	5
8	3	0	0	0	-1
8	4	2	0	0	4
8	5	1	2	2	1
8	6	4	2	3	3
8	7	0	0	3	5
8	8	-1	1	0	2
8	9	4	5	3	7
8	10	4	2	3	2
8	11	1	2	2	5
8	12	2	5	3	6
8	13	-4	0	0	-1
8	14	3	4	3	2
8	15	0	1	0	4
8	16	3	2	2	6
8	17	4	2	1	3
8	18	2	0	1	4
8	19	5	3	5	8
8	20	1	2	2	0
8	21	4	4	2	4
8	22	-1	0	1	0
8	23	1	1	0	2
8	24	6	6	6	4
8	25	5	4	3	4
8	26	-2	1	0	0
8	27	1	-1	2	0
8	28	1	1	2	5
8	29	4	2	2	1
8	30	1	1	0	2
9	1	3	4	3	3
9	2	5	4	4	4
9	3	6	5	4	8
9	4	3	3	0	6
9	5	3	2	3	1
9	6	1	0	0	2
9	7	3	2	2	0
9	8	2	1	3	-1
9	9	3	1	1	0
9	10	4	1	3	4
9	11	5	5	2	3
9	12	2	1	0	0
9	13	3	1	0	0
9	14	2	4	3	6
9	15	0	1	0	0
9	16	2	3	1	3
9	17	2	3	1	3
9	18	2	3	3	2
9	19	-1	0	0	0
9	20	6	6	2	7
9	21	0	2	0	3
9	22	2	5	2	2
9	23	4	3	1	5
9	24	4	3	3	3
9	25	3	2	2	4
9	26	4	3	1	5
9	27	0	3	3	3
9	28	2	1	2	2
9	29	6	4	2	5
9	30	1	1	2	2
10	1	7	7	2	11
10	2	0	1	0	4
10	3	2	0	2	1
10	4	5	3	3	6
10	5	2	2	4	4
10	6	1	1	0	2
10	7	2	3	2	2
10	8	4	4	3	2
10	9	4	4	2	4
10	10	3	0	0	2
10	11	4	4	3	5
10	12	1	2	2	3
10	13	3	1	3	6
10	14	1	-1	0	0
10	15	4	4	2	2
10	16	6	5	4	8
10	17	4	3	2	6
10	18	2	2	0	1
10	19	2	2	3	2
10	20	4	3	3	4
10	21	0	3	2	1
10	22	0	1	1	0
10	23	7	5	3	5
10	24	3	2	1	1
10	25	0	1	3	2
10	26	3	5	1	5
10	27	0	2	2	2
10	28	5	4	3	4
10	29	2	2	3	3
10	30	1	1	2	6
11	1	4	4	4	5
11	2	5	3	0	8
11	3	4	3	2	5
11	4	5	6	2	4
11	5	7	6	5	7
11	6	3	0	2	5
11	7	3	4	2	6
11	8	6	6	5	10
11	9	3	3	5	6
11	10	6	4	3	4
11	11	8	6	5	5
11	12	6	7	4	10
11	13	8	6	3	10
11	14	4	6	1	7
11	15	4	6	5	5
11	16	1	0	3	3
11	17	3	6	5	4
11	18	6	6	2	9
11	19	7	6	3	8
11	20	6	6	5	5
11	21	10	9	6	9
11	22	3	5	5	6
11	23	6	4	6	8
11	24	8	7	3	7
11	25	4	4	2	3
11	26	6	6	2	7
11	27	6	10	5	11
11	28	6	5	2	7
11	29	2	8	5	7
11	30	4	3	1	5
12	1	7	5	1	6
12	2	7	5	6	6
12	3	0	4	3	4
12	4	4	1	-1	6
12	5	3	4	2	5
12	6	2	2	-1	5
12	7	1	5	3	9
12	8	6	5	5	8
12	9	0	0	0	2
12	10	6	7	4	10
12	11	2	2	2	2
12	12	3	6	3	7
12	13	6	4	5	7
12	14	5	2	5	4
12	15	3	3	3	1
12	16	5	5	4	7
12	17	4	4	7	7
12	18	7	4	4	7
12	19	0	0	1	3
12	20	1	1	0	1
12	21	8	7	4	8
12	22	7	7	3	6
12	23	6	5	3	6
12	24	5	6	4	6
12	25	8	5	4	5
12	26	-1	1	0	1
12	27	8	7	1	6
12	28	6	4	4	6
12	29	4	5	4	9
12	30	5	4	0	4
13	1	6	6	4	6
13	2	6	5	4	4
13	3	3	4	6	7
13	4	5	5	6	4
13	5	0	3	1	4
13	6	9	7	5	6
13	7	4	5	6	8
13	8	6	6	4	8
13	9	5	3	4	4
13	10	3	6	4	6
13	11	6	7	7	10
13	12	4	5	3	3
13	13	2	2	1	1
13	14	7	3	3	6
13	15	1	5	1	4
13	16	4	4	4	2
13	17	9	6	4	10
13	18	2	4	3	4
13	19	4	6	4	4
13	20	7	3	3	8
13	21	1	4	2	2
13	22	3	4	3	4
13	23	4	6	4	9
13	24	5	5	4	2
13	25	4	6	6	8
13	26	6	6	4	6
13	27	4	5	2	6
13	28	3	3	0	4
13	29	8	7	5	6
13	30	4	3	4	4
14	1	0	4	4	3
14	2	5	8	3	7
14	3	7	4	4	6
14	4	5	3	2	3
14	5	0	2	1	3
14	6	1	1	0	1
14	7	4	4	4	1
14	8	3	4	0	6
14	9	2	3	4	10
14	10	8	5	1	7
14	11	5	3	1	4
14	12	0	2	1	6
14	13	2	7	3	7
14	14	4	6	3	4
14	15	2	1	2	4
14	16	3	5	4	6
14	17	4	4	2	1
14	18	0	0	0	-1
14	19	2	5	2	5
14	20	6	5	4	4
14	21	3	4	2	5
14	22	3	5	1	5
14	23	4	4	4	9
14	24	4	6	4	8
14	25	0	2	3	5
14	26	4	2	4	2
14	27	5	4	6	2
14	28	5	4	4	4
14	29	1	4	1	1
14	30	4	3	4	6
15	1	2	4	4	4
15	2	3	3	5	4
15	3	0	2	2	4
15	4	5	5	2	5
15	5	3	3	5	7
15	6	0	5	3	4
15	7	5	6	4	6
15	8	0	4	4	3
15	9	2	2	1	5
15	10	3	2	1	0
15	11	7	3	2	2
15	12	2	0	0	4
15	13	2	0	1	1
15	14	1	2	2	4
15	15	8	7	5	5
15	16	4	3	5	6
15	17	3	6	2	10
15	18	4	4	3	7
15	19	0	1	2	2
15	20	3	3	1	2
15	21	3	3	2	6
15	22	4	1	0	3
15	23	3	5	1	4
15	24	0	1	-1	0
15	25	4	4	6	4
15	26	5	3	3	3
15	27	4	1	0	0
15	28	6	3	5	6
15	29	8	7	8	9
15	30	0	2	0	4
16	1	9	7	3	10
16	2	6	6	3	5
16	3	6	7	3	10
16	4	5	6	3	9
16	5	6	9	5	11
16	6	4	5	1	9
16	7	6	6	6	6
16	8	2	5	3	8
16	9	3	7	4	4
16	10	5	5	5	11
16	11	3	5	5	5
16	12	6	6	4	7
16	13	6	4	3	4
16	14	7	8	4	11
16	15	5	5	1	4
16	16	7	6	2	7
16	17	5	6	5	9
16	18	9	7	4	8
16	19	7	5	4	7
16	20	8	7	4	6
16	21	7	6	3	8
16	22	1	5	1	4
16	23	6	5	4	9
16	24	8	4	3	8
16	25	10	5	1	6
16	26	11	9	3	11
16	27	6	6	4	10
16	28	4	6	4	8
16	29	5	2	2	7
16	30	10	6	3	7
17	1	2	5	2	7
17	2	3	4	3	4
17	3	6	3	3	5
17	4	8	6	4	5
17	5	3	4	1	6
17	6	1	5	2	5
17	7	4	6	2	4
17	8	5	3	2	3
17	9	9	5	2	7
17	10	2	2	3	3
17	11	0	0	0	-1
17	12	5	4	1	9
17	13	6	5	2	7
17	14	2	3	4	2
17	15	6	4	0	8
17	16	5	2	3	3
17	17	4	4	3	6
17	18	3	0	0	3
17	19	6	4	3	5
17	20	8	9	3	10
17	21	5	5	2	6
17	22	6	5	2	5
17	23	5	3	1	6
17	24	1	2	1	3
17	25	6	5	3	7
17	26	6	4	3	6
17	27	3	1	3	2
17	28	-1	2	2	2
17	29	7	4	3	5
17	30	2	4	2	4
18	1	0	0	0	3
18	2	2	0	0	0
18	3	0	2	5	6
18	4	0	1	3	-1
18	5	1	3	3	3
18	6	-4	-2	-2	-2
18	7	2	0	1	0
18	8	2	0	2	3
18	9	0	-1	-1	-1
18	10	2	4	4	5
18	11	-1	0	-2	1
18	12	0	1	1	5
18	13	1	2	4	4
18	14	2	1	1	1
18	15	1	0	1	-3
18	16	1	1	2	3
18	17	2	0	0	1
18	18	-4	-1	2	1
18	19	0	0	0	2
18	20	2	4	3	2
18	21	2	0	0	0
18	22	0	-1	0	-2
18	23	-1	0	1	4
18	24	3	0	2	2
18	25	-1	0	1	0
18	26	-1	-1	2	-2
18	27	2	1	1	4
18	28	4	2	3	1
18	29	0	3	1	4
18	30	1	0	0	4
19	1	3	3	0	6
19	2	7	5	2	6
19	3	2	5	4	6
19	4	7	6	6	7
19	5	6	3	1	5
19	6	1	5	5	8
19	7	4	4	1	7
19	8	3	3	4	6
19	9	6	5	6	8
19	10	5	7	3	8
19	11	3	1	-1	5
19	12	6	4	3	8
19	13	6	6	5	6
19	14	2	3	3	4
19	15	4	4	4	6
19	16	3	4	2	3
19	17	6	6	8	7
19	18	6	7	5	7
19	19	4	7	3	4
19	20	6	5	3	6
19	21	4	5	5	4
19	22	4	5	5	8
19	23	8	6	5	8
19	24	5	4	3	5
19	25	3	0	1	1
19	26	6	4	2	4
19	27	5	4	3	8
19	28	5	6	4	5
19	29	4	6	3	7
19	30	4	6	5	9
20	1	0	2	0	3
20	2	2	4	3	4
20	3	5	3	4	3
20	4	4	2	1	4
20	5	6	1	0	6
20	6	1	1	0	1
20	7	1	1	1	1
20	8	0	0	-1	3
20	9	2	2	2	-1
20	10	2	3	0	2
20	11	3	4	2	5
20	12	3	5	6	9
20	13	0	3	2	1
20	14	0	0	1	1
20	15	4	1	-2	1
20	16	3	3	2	2
20	17	2	1	0	4
20	18	1	5	3	5
20	19	3	1	2	2
20	20	0	0	0	1
20	21	3	3	2	4
20	22	4	4	3	4
20	23	6	5	3	3
20	24	2	1	1	3
20	25	0	1	0	1
20	26	10	5	6	8
20	27	4	4	1	6
20	28	3	2	0	6
20	29	2	3	3	5
20	30	3	0	0	0
21	1	0	2	2	0
21	2	0	-1	-1	3
21	3	2	1	1	4
21	4	1	2	3	0
21	5	0	0	0	2
21	6	4	3	4	2
21	7	3	3	3	6
21	8	0	0	2	1
21	9	2	2	0	4
21	10	3	4	2	6
21	11	4	4	3	7
21	12	4	3	0	2
21	13	1	1	0	5
21	14	4	1	2	2
21	15	1	4	5	6
21	16	2	3	3	4
21	17	1	5	2	5
21	18	2	0	1	0
21	19	3	1	5	5
21	20	0	2	2	6
21	21	1	0	2	3
21	22	-1	0	-1	0
21	23	4	4	1	8
21	24	-2	1	0	0
21	25	3	1	2	3
21	26	2	3	3	1
21	27	1	1	2	4
21	28	2	3	3	4
21	29	0	0	1	0
21	30	3	4	3	5
22	1	3	5	2	8
22	2	3	5	3	7
22	3	0	0	0	1
22	4	3	4	4	5
22	5	4	4	1	2
22	6	6	7	5	8
22	7	5	4	2	5
22	8	2	3	2	6
22	9	2	3	1	1
22	10	4	4	3	10
22	11	5	4	4	4
22	12	5	4	0	6
22	13	5	8	5	10
22	14	2	5	3	6
22	15	4	4	1	3
22	16	-1	1	0	-3
22	17	8	6	6	9
22	18	3	2	2	2
22	19	8	7	4	3
22	20	6	3	6	4
22	21	3	6	4	8
22	22	5	3	0	3
22	23	5	5	2	5
22	24	3	2	4	5
22	25	3	4	1	1
22	26	4	1	2	6
22	27	6	5	3	6
22	28	0	3	1	9
22	29	3	0	2	3
22	30	0	4	0	7
23	1	0	3	2	3
23	2	5	2	2	3
23	3	0	5	4	5
23	4	0	0	0	0
23	5	0	2	4	1
23	6	0	4	3	6
23	7	3	3	2	6
23	8	3	2	2	3
23	9	2	2	0	2
23	10	3	2	2	4
23	11	0	0	2	0
23	12	1	1	2	1
23	13	3	3	0	0
23	14	0	1	0	4
23	15	3	3	3	5
23	16	3	4	4	4
23	17	3	2	1	3
23	18	1	1	0	2
23	19	2	2	2	3
23	20	3	0	3	2
23	21	2	3	2	6
23	22	2	4	4	4
23	23	0	2	3	3
23	24	2	0	0	2
23	25	-3	0	-1	2
23	26	0	2	0	2
23	27	3	4	4	5
23	28	-2	0	2	-4
23	29	0	0	1	0
23	30	2	1	0	4
24	1	0	2	3	5
24	2	0	1	0	4
24	3	7	4	2	4
24	4	2	3	1	2
24	5	1	3	1	2
24	6	2	1	4	5
24	7	2	3	5	2
24	8	2	2	2	5
24	9	2	2	1	4
24	10	4	3	2	4
24	11	4	3	5	6
24	12	2	1	1	3
24	13	5	4	2	4
24	14	3	3	3	2
24	15	3	2	6	2
24	16	4	5	3	3
24	17	2	3	1	3
24	18	6	4	6	8
24	19	3	3	0	2
24	20	3	2	2	0
24	21	0	-1	0	-1
24	22	-1	1	0	3
24	23	3	5	1	2
24	24	2	2	3	4
24	25	5	4	0	4
24	26	3	5	0	4
24	27	2	3	1	1
24	28	1	5	6	4
24	29	0	2	0	0
24	30	0	1	0	3
25	1	3	0	0	2
25	2	3	4	5	5
25	3	3	1	1	3
25	4	4	3	4	5
25	5	1	2	1	4
25	6	2	0	0	3
25	7	5	2	2	2
25	8	1	1	0	3
25	9	2	0	0	3
25	10	0	0	1	1
25	11	4	4	2	5
25	12	2	1	0	3
25	13	3	4	3	6
25	14	5	4	6	8
25	15	6	2	0	1
25	16	1	4	1	4
25	17	1	0	0	-1
25	18	0	3	0	1
25	19	3	4	0	4
25	20	1	3	2	4
25	21	3	2	0	1
25	22	4	6	6	8
25	23	2	2	1	2
25	24	5	1	0	4
25	25	3	4	6	4
25	26	2	2	1	2
25	27	4	2	5	5
25	28	8	5	2	2
25	29	9	4	5	6
25	30	2	4	1	4
26	1	0	3	3	2
26	2	2	1	0	1
26	3	3	2	2	4
26	4	2	-1	1	0
26	5	5	3	3	6
26	6	1	0	0	-1
26	7	2	0	0	2
26	8	1	1	-1	2
26	9	3	2	1	1
26	10	4	3	2	3
26	11	2	4	2	5
26	12	0	1	0	2
26	13	0	-1	1	0
26	14	-2	1	0	1
26	15	3	2	0	3
26	16	2	5	6	7
26	17	-2	0	0	0
26	18	2	5	0	4
26	19	2	0	3	2
26	20	4	5	2	5
26	21	1	0	0	0
26	22	1	3	4	3
26	23	2	0	1	0
26	24	3	3	2	1
26	25	4	4	3	8
26	26	5	5	3	5
26	27	0	4	3	3
26	28	4	5	4	8
26	29	3	4	2	7
26	30	0	2	0	-1
27	1	5	5	4	7
27	2	2	4	1	0
27	3	5	3	4	5
27	4	3	7	6	8
27	5	6	5	2	7
27	6	4	6	5	5
27	7	5	3	1	4
27	8	0	4	4	5
27	9	4	5	3	3
27	10	5	4	1	6
27	11	5	4	3	2
27	12	3	5	3	2
27	13	2	3	1	4
27	14	9	7	6	9
27	15	6	7	5	4
27	16	4	5	2	6
27	17	6	5	4	8
27	18	1	4	0	6
27	19	7	5	1	7
27	20	5	4	1	6
27	21	0	1	1	4
27	22	3	3	4	6
27	23	7	5	2	6
27	24	8	6	4	10
27	25	5	5	4	7
27	26	5	4	1	6
27	27	5	8	5	11
27	28	5	4	3	6
27	29	7	6	4	5
27	30	6	5	2	8
28	1	6	8	5	8
28	2	3	4	1	4
28	3	6	4	3	4
28	4	0	0	1	2
28	5	4	3	2	6
28	6	7	5	5	6
28	7	4	7	5	10
28	8	-1	0	0	1
28	9	3	5	2	6
28	10	8	6	6	9
28	11	1	2	5	5
28	12	3	1	4	5
28	13	5	3	2	5
28	14	4	4	3	7
28	15	6	4	3	7
28	16	8	5	4	9
28	17	5	4	2	4
28	18	5	3	5	9
28	19	8	9	5	12
28	20	2	4	2	4
28	21	5	4	3	5
28	22	3	1	1	1
28	23	4	4	4	7
28	24	4	4	3	5
28	25	1	3	0	5
28	26	3	1	1	3
28	27	5	3	1	7
28	28	2	3	3	6
28	29	0	4	2	5
28	30	9	7	5	10
29	1	2	3	3	5
29	2	3	1	1	1
29	3	1	-1	1	-3
29	4	4	2	4	0
29	5	1	1	1	0
29	6	2	1	-2	0
29	7	4	1	0	-2
29	8	8	5	4	5
29	9	2	1	0	3
29	10	0	2	1	0
29	11	3	1	1	3
29	12	0	2	2	0
29	13	3	3	3	5
29	14	1	4	0	1
29	15	2	3	3	5
29	16	1	0	1	0
29	17	1	2	1	1
29	18	4	1	1	4
29	19	1	0	-2	3
29	20	6	3	4	4
29	21	7	3	6	5
29	22	4	6	4	7
29	23	3	2	3	3
29	24	5	0	3	2
29	25	2	2	2	2
29	26	1	2	2	1
29	27	-1	0	3	0
29	28	2	0	0	-1
29	29	6	1	0	3
29	30	0	2	3	2
30	1	6	5	3	3
30	2	0	1	0	-1
30	3	3	4	1	1
30	4	3	5	1	3
30	5	7	6	3	8
30	6	9	3	5	6
30	7	2	3	2	3
30	8	6	5	4	3
30	9	8	6	0	7
30	10	4	6	4	7
30	11	7	9	3	9
30	12	4	4	3	5
30	13	7	4	4	6
30	14	4	3	2	9
30	15	6	8	4	9
30	16	4	4	4	4
30	17	2	4	2	8
30	18	4	8	5	10
30	19	6	4	3	7
30	20	8	9	6	11
30	21	2	7	4	6
30	22	5	3	2	6
30	23	2	6	3	6
30	24	4	3	4	6
30	25	6	5	3	7
30	26	3	3	2	7
30	27	9	7	4	7
30	28	5	3	1	3
30	29	3	4	4	5
30	30	7	5	2	8
31	1	3	1	5	1
31	2	4	3	1	1
31	3	5	6	4	7
31	4	2	4	2	4
31	5	-2	2	0	1
31	6	9	6	6	10
31	7	5	4	5	1
31	8	8	9	5	8
31	9	3	6	1	6
31	10	5	4	2	6
31	11	11	8	6	12
31	12	11	8	6	13
31	13	0	2	3	4
31	14	3	5	2	7
31	15	4	5	0	6
31	16	6	4	4	8
31	17	3	3	3	6
31	18	1	4	2	4
31	19	5	4	1	6
31	20	5	7	4	9
31	21	7	2	2	7
31	22	1	3	6	5
31	23	7	9	7	7
31	24	2	6	4	5
31	25	1	2	2	0
31	26	7	5	2	4
31	27	8	5	4	8
31	28	4	7	4	6
31	29	2	4	1	1
31	30	5	6	4	9
32	1	0	0	1	4
32	2	4	4	1	5
32	3	0	2	0	3
32	4	0	2	6	4
32	5	4	4	3	6
32	6	0	2	2	2
32	7	5	4	2	6
32	8	3	5	5	6
32	9	3	6	2	8
32	10	8	6	5	9
32	11	5	3	2	7
32	12	4	5	2	7
32	13	4	3	1	7
32	14	5	3	4	5
32	15	3	3	5	5
32	16	0	3	1	3
32	17	3	2	0	5
32	18	0	2	3	4
32	19	5	5	3	9
32	20	2	3	2	1
32	21	3	5	5	4
32	22	-1	5	0	5
32	23	3	3	4	4
32	24	4	2	2	3
32	25	4	7	4	8
32	26	3	4	3	7
32	27	1	1	1	3
32	28	2	4	3	6
32	29	4	7	3	6
32	30	5	3	3	8
33	1	9	6	4	7
33	2	1	4	3	9
33	3	7	6	6	5
33	4	6	6	3	7
33	5	5	5	2	7
33	6	2	2	1	8
33	7	3	3	4	4
33	8	3	6	3	8
33	9	6	5	4	5
33	10	6	8	5	11
33	11	6	4	3	5
33	12	1	3	4	7
33	13	4	3	1	7
33	14	6	2	2	7
33	15	7	5	3	8
33	16	6	5	4	6
33	17	3	5	7	5
33	18	4	2	1	8
33	19	4	4	2	5
33	20	5	2	1	6
33	21	7	7	3	8
33	22	5	4	4	7
33	23	8	3	4	5
33	24	4	3	1	0
33	25	3	6	3	8
33	26	3	2	3	6
33	27	2	2	0	5
33	28	11	5	6	8
33	29	3	3	3	4
33	30	4	3	2	6
34	1	7	8	5	8
34	2	2	0	0	4
34	3	6	6	3	10
34	4	6	5	3	10
34	5	5	5	4	2
34	6	6	5	4	7
34	7	2	7	2	7
34	8	5	5	5	10
34	9	5	5	2	6
34	10	4	4	0	6
34	11	8	6	4	8
34	12	8	5	4	8
34	13	2	2	3	5
34	14	4	1	3	4
34	15	3	7	5	8
34	16	3	4	2	5
34	17	4	4	3	8
34	18	5	4	3	8
34	19	2	2	2	4
34	20	3	5	3	5
34	21	3	3	1	5
34	22	6	6	6	8
34	23	9	9	6	11
34	24	2	2	3	5
34	25	7	7	3	6
34	26	4	8	0	10
34	27	4	4	2	5
34	28	5	4	3	4
34	29	6	7	8	5
34	30	1	1	1	0
35	1	4	4	0	3
35	2	3	2	1	3
35	3	8	6	3	11
35	4	4	4	4	5
35	5	1	5	2	6
35	6	8	10	8	11
35	7	3	5	4	9
35	8	2	4	1	6
35	9	6	6	5	8
35	10	7	0	0	4
35	11	7	5	3	5
35	12	4	3	2	6
35	13	6	5	1	6
35	14	6	2	1	7
35	15	3	4	0	3
35	16	5	3	0	5
35	17	5	3	2	6
35	18	6	8	5	9
35	19	7	8	6	8
35	20	6	4	2	5
35	21	4	2	3	8
35	22	4	5	4	5
35	23	4	4	3	7
35	24	5	4	4	8
35	25	5	4	1	7
35	26	3	2	2	2
35	27	4	2	2	6
35	28	5	5	5	11
35	29	2	5	1	6
35	30	7	4	3	7
36	1	3	4	3	7
36	2	4	3	3	2
36	3	4	6	5	7
36	4	4	3	3	5
36	5	7	8	5	11
36	6	3	5	4	9
36	7	5	5	2	7
36	8	5	4	7	5
36	9	2	2	2	5
36	10	4	3	3	2
36	11	5	6	2	8
36	12	3	3	2	6
36	13	2	4	3	7
36	14	4	5	4	5
36	15	2	4	3	6
36	16	2	0	0	5
36	17	2	6	4	4
36	18	4	5	4	8
36	19	3	2	3	5
36	20	8	7	6	6
36	21	5	6	4	8
36	22	5	6	3	11
36	23	2	4	1	7
36	24	7	4	3	7
36	25	5	5	5	9
36	26	7	5	4	8
36	27	5	3	1	4
36	28	5	5	6	5
36	29	4	2	3	4
36	30	2	2	2	6
37	1	5	5	4	4
37	2	3	3	0	5
37	3	5	5	4	5
37	4	6	4	2	5
37	5	6	4	3	5
37	6	5	6	3	6
37	7	3	3	0	4
37	8	2	3	1	3
37	9	6	4	6	7
37	10	0	0	-1	-3
37	11	5	4	2	5
37	12	6	8	4	12
37	13	9	9	5	8
37	14	6	5	4	6
37	15	2	3	1	3
37	16	7	4	2	7
37	17	3	3	3	5
37	18	5	7	5	9
37	19	3	2	4	5
37	20	3	5	3	8
37	21	6	6	5	4
37	22	2	3	1	4
37	23	8	6	5	7
37	24	0	3	2	2
37	25	3	4	3	7
37	26	5	6	4	8
37	27	2	2	2	3
37	28	8	6	7	7
37	29	3	3	4	8
37	30	5	4	3	8
38	1	5	4	3	2
38	2	3	4	3	3
38	3	5	4	1	5
38	4	2	2	1	3
38	5	4	2	3	4
38	6	2	5	5	7
38	7	-1	0	1	1
38	8	-2	2	2	4
38	9	1	2	2	5
38	10	4	1	2	-1
38	11	2	4	6	8
38	12	3	1	2	2
38	13	1	0	1	-2
38	14	3	1	3	6
38	15	2	4	0	4
38	16	4	5	3	8
38	17	1	2	1	2
38	18	5	7	3	8
38	19	6	3	2	2
38	20	3	5	2	6
38	21	2	3	1	1
38	22	6	9	6	10
38	23	5	4	3	4
38	24	0	1	0	2
38	25	4	4	2	4
38	26	-1	1	3	0
38	27	4	4	0	4
38	28	3	4	2	4
38	29	2	6	4	4
38	30	1	5	4	6
39	1	1	4	1	3
39	2	5	4	4	10
39	3	6	4	4	6
39	4	1	3	1	0
39	5	2	1	2	3
39	6	4	4	3	5
39	7	2	3	3	4
39	8	4	5	5	6
39	9	5	6	5	7
39	10	2	3	4	5
39	11	5	6	3	7
39	12	4	4	4	4
39	13	5	4	3	5
39	14	5	5	4	8
39	15	6	5	4	7
39	16	2	2	1	0
39	17	1	0	1	4
39	18	5	4	2	2
39	19	1	4	2	1
39	20	4	4	5	3
39	21	3	5	5	7
39	22	8	5	3	5
39	23	2	3	1	4
39	24	-1	2	4	3
39	25	6	3	2	3
39	26	4	4	4	8
39	27	5	4	3	4
39	28	5	5	6	6
39	29	5	3	3	2
39	30	3	5	3	6
40	1	2	6	4	5
40	2	6	6	4	7
40	3	2	2	3	3
40	4	0	3	4	2
40	5	4	2	2	6
40	6	3	5	2	3
40	7	7	4	2	5
40	8	5	6	5	7
40	9	2	2	2	5
40	10	2	3	2	0
40	11	5	4	-2	6
40	12	1	2	2	1
40	13	4	2	2	6
40	14	1	0	4	2
40	15	0	0	0	0
40	16	6	4	3	3
40	17	1	2	3	5
40	18	1	1	1	0
40	19	1	0	1	0
40	20	6	3	3	2
40	21	5	5	3	8
40	22	8	4	3	8
40	23	2	4	1	7
40	24	2	4	1	5
40	25	5	4	2	9
40	26	0	3	2	3
40	27	1	3	5	6
40	28	3	1	2	2
40	29	3	4	3	1
40	30	6	4	2	8
41	1	4	1	2	2
41	2	4	3	0	2
41	3	2	1	1	1
41	4	4	3	5	3
41	5	3	3	1	5
41	6	6	2	3	7
41	7	1	1	1	0
41	8	4	5	3	1
41	9	0	1	4	2
41	10	3	2	0	4
41	11	1	6	5	5
41	12	2	3	0	1
41	13	1	5	3	5
41	14	1	2	3	4
41	15	1	2	4	2
41	16	5	4	5	2
41	17	0	1	4	3
41	18	0	0	-2	0
41	19	1	5	3	6
41	20	4	5	2	5
41	21	4	3	2	3
41	22	0	1	-1	0
41	23	8	6	4	7
41	24	7	7	6	8
41	25	1	2	0	1
41	26	4	3	4	4
41	27	5	3	3	7
41	28	0	1	3	3
41	29	0	2	0	2
41	30	0	1	0	0
42	1	3	0	3	5
42	2	0	4	0	8
42	3	0	2	3	4
42	4	3	4	2	4
42	5	5	4	0	7
42	6	0	0	0	0
42	7	6	4	2	6
42	8	0	1	1	1
42	9	3	2	4	2
42	10	5	3	2	2
42	11	3	3	1	5
42	12	5	5	4	8
42	13	1	1	2	2
42	14	2	2	2	2
42	15	0	1	1	3
42	16	0	1	2	2
42	17	0	3	1	2
42	18	3	3	1	6
42	19	2	2	0	3
42	20	5	3	1	6
42	21	3	4	2	2
42	22	1	2	1	2
42	23	4	0	4	4
42	24	9	4	5	7
42	25	4	3	5	5
42	26	8	8	6	11
42	27	4	3	2	7
42	28	1	1	1	1
42	29	0	2	1	2
42	30	2	2	2	7
43	1	3	3	4	5
43	2	0	3	1	3
43	3	1	4	6	4
43	4	2	2	2	3
43	5	2	0	0	0
43	6	0	2	0	4
43	7	4	3	1	2
43	8	3	3	4	2
43	9	4	3	3	4
43	10	2	2	4	5
43	11	1	0	0	2
43	12	0	2	0	1
43	13	5	3	6	8
43	14	2	1	1	1
43	15	0	0	1	3
43	16	8	3	2	2
43	17	0	0	0	2
43	18	6	0	0	0
43	19	0	0	1	1
43	20	0	5	2	3
43	21	0	3	2	3
43	22	1	4	1	5
43	23	5	1	5	3
43	24	5	4	3	2
43	25	3	3	1	7
43	26	0	0	0	3
43	27	1	1	0	1
43	28	1	2	1	4
43	29	1	3	1	5
43	30	0	-1	1	1
44	1	5	5	5	8
44	2	4	5	4	9
44	3	9	8	5	13
44	4	10	8	5	8
44	5	10	7	0	9
44	6	1	6	4	6
44	7	8	7	3	12
44	8	8	8	8	12
44	9	6	7	4	7
44	10	3	8	4	8
44	11	5	5	4	4
44	12	4	6	2	8
44	13	8	7	5	11
44	14	4	6	5	11
44	15	13	6	5	9
44	16	7	9	8	12
44	17	7	7	4	10
44	18	6	9	7	10
44	19	4	6	3	5
44	20	10	5	4	6
44	21	6	7	6	9
44	22	8	6	4	10
44	23	3	4	2	5
44	24	10	9	5	8
44	25	8	7	5	7
44	26	6	7	3	8
44	27	8	6	3	5
44	28	6	6	2	8
44	29	9	7	4	12
44	30	6	8	6	10
45	1	6	4	4	8
45	2	9	6	5	8
45	3	8	5	5	7
45	4	7	6	6	7
45	5	5	4	0	3
45	6	8	6	5	10
45	7	7	5	3	8
45	8	7	7	6	9
45	9	6	7	3	4
45	10	6	3	3	5
45	11	7	8	6	6
45	12	4	2	4	3
45	13	6	6	5	7
45	14	8	4	4	6
45	15	1	2	1	3
45	16	6	6	1	7
45	17	2	2	0	2
45	18	4	7	2	7
45	19	7	7	4	7
45	20	2	3	4	4
45	21	7	5	5	7
45	22	5	7	6	10
45	23	3	4	2	4
45	24	7	7	5	10
45	25	6	6	5	7
45	26	0	3	4	6
45	27	5	3	0	1
45	28	-1	1	2	2
45	29	5	8	2	10
45	30	3	7	1	5
46	1	4	4	2	8
46	2	3	1	0	4
46	3	3	5	1	3
46	4	3	5	1	5
46	5	1	0	4	0
46	6	3	2	3	3
46	7	2	2	2	6
46	8	0	4	3	3
46	9	1	3	5	5
46	10	0	4	3	3
46	11	2	3	0	1
46	12	6	4	2	2
46	13	1	3	2	5
46	14	1	4	2	6
46	15	1	2	5	4
46	16	3	1	3	3
46	17	2	2	2	1
46	18	4	3	2	7
46	19	3	2	4	3
46	20	1	1	2	3
46	21	2	1	0	5
46	22	-1	1	0	-1
46	23	0	0	3	0
46	24	1	1	0	4
46	25	-2	0	0	1
46	26	-2	1	0	-1
46	27	5	4	1	4
46	28	0	2	3	3
46	29	0	0	0	0
46	30	3	1	1	2
47	1	5	6	1	4
47	2	5	4	3	8
47	3	4	2	2	1
47	4	4	4	3	4
47	5	-1	1	1	4
47	6	3	6	5	8
47	7	0	0	1	4
47	8	2	3	1	5
47	9	10	5	5	7
47	10	5	5	4	6
47	11	3	4	0	8
47	12	3	2	0	5
47	13	3	3	1	5
47	14	6	7	6	7
47	15	1	3	1	-1
47	16	3	2	2	2
47	17	4	4	3	9
47	18	5	6	5	5
47	19	5	4	5	6
47	20	2	1	0	4
47	21	3	2	3	1
47	22	1	3	1	3
47	23	4	1	2	2
47	24	2	1	3	6
47	25	6	4	3	6
47	26	8	5	5	5
47	27	6	3	6	4
47	28	1	1	1	1
47	29	6	6	2	7
47	30	1	3	5	5
48	1	3	2	1	5
48	2	0	0	0	2
48	3	5	6	2	5
48	4	5	3	4	2
48	5	5	1	0	5
48	6	3	5	1	5
48	7	4	3	3	3
48	8	4	3	5	5
48	9	4	2	3	4
48	10	0	0	3	5
48	11	4	3	0	5
48	12	2	2	2	1
48	13	3	3	0	4
48	14	1	2	2	5
48	15	4	4	4	5
48	16	8	3	0	6
48	17	8	6	5	3
48	18	3	0	-1	1
48	19	1	4	0	5
48	20	4	5	3	5
48	21	5	7	6	7
48	22	0	4	2	6
48	23	2	2	1	6
48	24	2	2	2	2
48	25	3	4	4	3
48	26	3	5	4	5
48	27	4	4	2	5
48	28	6	3	4	4
48	29	5	5	3	6
48	30	5	3	3	5
49	1	6	4	4	6
49	2	5	5	5	9
49	3	7	4	2	9
49	4	9	5	3	8
49	5	4	5	3	4
49	6	8	6	5	11
49	7	2	4	4	6
49	8	3	7	4	8
49	9	5	0	4	1
49	10	5	5	3	9
49	11	5	4	6	9
49	12	5	3	4	5
49	13	3	3	3	3
49	14	4	5	5	4
49	15	6	5	4	7
49	16	0	1	0	5
49	17	4	7	1	8
49	18	3	4	1	3
49	19	1	2	2	7
49	20	6	5	5	8
49	21	2	4	1	5
49	22	8	5	5	7
49	23	4	5	0	5
49	24	3	5	7	6
49	25	4	5	2	6
49	26	3	2	0	4
49	27	6	7	6	10
49	28	5	4	5	6
49	29	4	4	4	4
49	30	4	5	4	3
50	1	6	6	4	9
50	2	5	2	4	3
50	3	0	2	1	1
50	4	2	2	0	2
50	5	3	1	3	6
50	6	2	5	5	4
50	7	6	2	4	5
50	8	3	3	1	2
50	9	5	5	4	4
50	10	5	2	2	4
50	11	4	2	3	3
50	12	7	6	6	6
50	13	-1	0	0	2
50	14	2	3	4	7
50	15	3	3	3	3
50	16	2	4	4	8
50	17	1	1	2	5
50	18	5	4	1	3
50	19	6	7	5	9
50	20	4	6	4	6
50	21	0	0	0	1
50	22	1	5	0	4
50	23	0	3	3	0
50	24	1	0	1	2
50	25	4	3	2	2
50	26	1	4	3	5
50	27	0	4	3	4
50	28	8	5	5	9
50	29	1	0	0	1
50	30	5	3	2	10
51	1	5	4	2	5
51	2	6	5	3	7
51	3	1	5	2	4
51	4	5	3	3	7
51	5	0	2	2	4
51	6	3	3	0	7
51	7	8	7	6	6
51	8	6	6	3	8
51	9	7	7	5	7
51	10	7	6	1	8
51	11	4	6	8	7
51	12	3	6	4	8
51	13	3	5	3	7
51	14	4	3	2	1
51	15	2	2	1	3
51	16	2	0	1	1
51	17	6	2	3	7
51	18	4	6	3	6
51	19	7	4	5	7
51	20	3	5	2	6
51	21	4	4	3	4
51	22	9	9	6	9
51	23	3	5	1	9
51	24	8	7	5	6
51	25	5	5	2	4
51	26	2	4	4	4
51	27	5	4	5	5
51	28	11	6	5	7
51	29	2	4	4	4
51	30	5	5	4	5
52	1	3	1	0	4
52	2	1	1	1	3
52	3	6	1	2	0
52	4	4	5	4	8
52	5	2	4	3	4
52	6	3	4	2	3
52	7	7	5	3	6
52	8	11	5	4	6
52	9	3	1	0	0
52	10	5	6	0	5
52	11	0	1	0	6
52	12	3	3	0	0
52	13	2	6	3	9
52	14	5	5	3	8
52	15	8	6	5	11
52	16	2	1	1	3
52	17	1	0	0	1
52	18	2	2	0	2
52	19	5	3	3	6
52	20	3	4	4	3
52	21	-1	0	1	1
52	22	2	4	3	8
52	23	5	4	5	8
52	24	5	4	2	7
52	25	3	2	2	3
52	26	0	0	0	4
52	27	4	3	1	3
52	28	6	4	4	5
52	29	2	5	4	5
52	30	1	1	1	1
53	1	4	5	4	6
53	2	2	4	3	5
53	3	5	5	2	7
53	4	3	2	1	4
53	5	3	2	3	4
53	6	2	4	1	7
53	7	7	5	3	7
53	8	7	7	1	6
53	9	2	4	3	7
53	10	6	6	4	6
53	11	1	2	0	4
53	12	7	3	3	6
53	13	4	1	0	3
53	14	4	2	3	4
53	15	5	5	2	5
53	16	5	5	5	6
53	17	6	5	3	5
53	18	1	4	3	4
53	19	0	4	1	0
53	20	4	3	5	3
53	21	4	5	3	7
53	22	4	6	4	8
53	23	2	4	3	5
53	24	7	7	5	7
53	25	1	2	2	5
53	26	6	4	4	4
53	27	1	3	1	2
53	28	0	0	-2	0
53	29	0	2	2	5
53	30	3	3	3	6
54	1	5	6	3	10
54	2	4	2	0	8
54	3	6	4	2	3
54	4	8	8	3	10
54	5	8	5	5	3
54	6	3	8	4	7
54	7	3	3	3	5
54	8	6	6	4	8
54	9	7	6	1	6
54	10	6	5	6	6
54	11	8	4	6	7
54	12	8	7	1	8
54	13	0	0	-1	5
54	14	7	7	6	10
54	15	5	9	7	11
54	16	2	2	-1	3
54	17	6	5	7	4
54	18	8	6	4	10
54	19	5	7	4	5
54	20	8	9	5	10
54	21	3	4	2	6
54	22	10	10	5	12
54	23	4	4	2	5
54	24	6	6	6	9
54	25	4	5	6	6
54	26	4	4	1	5
54	27	6	5	2	8
54	28	3	3	5	5
54	29	7	8	7	5
54	30	4	6	2	4
55	1	3	3	5	6
55	2	3	3	1	5
55	3	1	3	1	6
55	4	1	0	1	1
55	5	2	3	2	8
55	6	2	0	-2	1
55	7	5	1	0	0
55	8	1	2	2	2
55	9	2	2	-1	1
55	10	6	2	3	1
55	11	5	4	2	7
55	12	0	3	0	4
55	13	5	2	3	6
55	14	3	4	5	5
55	15	1	1	1	2
55	16	2	3	2	6
55	17	3	4	4	7
55	18	4	1	1	2
55	19	3	3	3	5
55	20	7	2	4	6
55	21	-1	3	1	3
55	22	4	3	3	3
55	23	2	4	2	5
55	24	5	7	5	5
55	25	3	5	3	6
55	26	3	2	4	1
55	27	4	0	2	0
55	28	4	1	2	5
55	29	3	6	0	6
55	30	6	1	4	6
56	1	4	5	3	8
56	2	7	7	3	11
56	3	5	7	4	5
56	4	4	4	2	4
56	5	6	4	3	7
56	6	6	9	7	9
56	7	8	7	3	10
56	8	7	5	4	7
56	9	5	4	1	3
56	10	8	7	5	7
56	11	2	4	3	6
56	12	5	3	0	3
56	13	6	5	3	6
56	14	6	7	5	10
56	15	8	10	8	10
56	16	3	6	3	4
56	17	5	5	3	8
56	18	9	6	8	10
56	19	9	7	4	9
56	20	8	6	2	7
56	21	4	6	2	8
56	22	4	6	5	6
56	23	11	8	5	10
56	24	4	6	5	9
56	25	2	2	4	6
56	26	9	7	5	8
56	27	4	5	3	10
56	28	3	6	3	7
56	29	6	5	8	7
56	30	8	4	2	9
57	1	0	2	2	5
57	2	0	1	2	0
57	3	0	2	0	1
57	4	3	0	1	0
57	5	0	2	3	1
57	6	1	4	3	2
57	7	1	3	1	4
57	8	2	3	2	4
57	9	0	0	1	0
57	10	2	2	1	2
57	11	3	1	3	5
57	12	1	1	0	0
57	13	2	4	2	6
57	14	1	1	2	1
57	15	-3	3	0	2
57	16	3	2	2	3
57	17	2	1	1	4
57	18	0	1	1	1
57	19	3	1	2	4
57	20	-1	0	0	0
57	21	-1	1	0	0
57	22	1	1	0	1
57	23	0	2	3	3
57	24	3	3	4	7
57	25	3	5	4	4
57	26	1	3	3	0
57	27	0	1	5	4
57	28	3	1	5	0
57	29	0	3	1	2
57	30	-2	0	-2	1
58	1	4	5	4	5
58	2	6	3	1	7
58	3	5	6	4	3
58	4	4	4	1	0
58	5	3	6	3	8
58	6	4	2	1	7
58	7	5	4	5	8
58	8	7	7	3	8
58	9	7	4	5	6
58	10	4	7	2	7
58	11	2	2	2	2
58	12	7	6	4	11
58	13	6	4	4	5
58	14	3	3	4	4
58	15	6	5	6	5
58	16	5	6	4	8
58	17	2	4	0	1
58	18	8	6	4	8
58	19	1	4	6	1
58	20	6	6	4	8
58	21	6	3	2	7
58	22	3	4	3	7
58	23	3	2	0	1
58	24	2	1	1	1
58	25	5	3	2	9
58	26	6	5	0	4
58	27	2	1	1	5
58	28	4	7	4	6
58	29	6	6	5	9
58	30	1	2	3	4
59	1	4	5	3	6
59	2	4	1	3	2
59	3	3	4	1	4
59	4	5	5	4	5
59	5	5	7	2	7
59	6	2	2	3	4
59	7	5	1	3	4
59	8	2	3	0	4
59	9	4	4	4	6
59	10	0	3	1	2
59	11	0	0	1	0
59	12	5	9	7	10
59	13	8	9	4	5
59	14	5	3	2	5
59	15	4	6	5	9
59	16	0	4	2	4
59	17	4	8	4	6
59	18	3	4	4	7
59	19	6	4	4	7
59	20	1	0	0	1
59	21	8	5	4	9
59	22	4	2	2	3
59	23	0	3	1	1
59	24	4	3	5	6
59	25	2	3	1	6
59	26	5	6	4	8
59	27	2	0	0	1
59	28	3	4	1	6
59	29	5	5	4	8
59	30	9	6	4	10
60	1	8	4	3	6
60	2	5	7	5	11
60	3	4	5	3	6
60	4	5	3	1	8
60	5	7	4	2	4
60	6	4	6	5	6
60	7	10	7	4	9
60	8	0	1	2	1
60	9	4	4	3	5
60	10	5	7	4	9
60	11	0	2	0	3
60	12	1	2	1	5
60	13	1	7	4	6
60	14	0	2	4	4
60	15	5	3	5	4
60	16	6	4	3	7
60	17	7	6	7	6
60	18	2	3	0	7
60	19	4	6	4	6
60	20	1	3	2	4
60	21	3	1	3	3
60	22	8	5	5	8
60	23	7	6	4	5
60	24	4	3	2	2
60	25	5	5	2	8
60	26	5	1	3	5
60	27	0	4	2	8
60	28	5	3	2	6
60	29	3	2	4	6
60	30	3	3	5	9
61	1	8	7	5	9
61	2	2	2	0	5
61	3	5	2	3	4
61	4	7	6	8	8
61	5	4	4	0	6
61	6	-2	1	0	2
61	7	5	4	5	5
61	8	2	3	2	2
61	9	1	4	2	5
61	10	4	5	5	8
61	11	6	9	5	10
61	12	1	4	2	5
61	13	8	5	4	7
61	14	5	4	1	7
61	15	5	0	0	5
61	16	9	4	4	7
61	17	7	6	0	9
61	18	4	0	1	4
61	19	1	3	2	5
61	20	7	4	7	5
61	21	0	0	-2	0
61	22	5	5	5	8
61	23	2	1	0	3
61	24	4	4	0	8
61	25	3	4	1	4
61	26	7	6	5	8
61	27	3	5	3	5
61	28	3	3	3	8
61	29	5	5	3	6
61	30	2	1	2	5
62	1	3	3	0	6
62	2	4	5	5	7
62	3	3	5	5	6
62	4	2	0	2	1
62	5	1	3	1	6
62	6	1	0	0	0
62	7	4	2	2	4
62	8	6	4	4	7
62	9	3	0	-3	1
62	10	0	1	-1	2
62	11	3	7	3	8
62	12	2	0	0	5
62	13	2	3	5	5
62	14	5	4	1	3
62	15	2	4	4	6
62	16	5	3	3	7
62	17	1	3	3	1
62	18	-1	1	-1	3
62	19	3	2	1	1
62	20	5	8	7	9
62	21	5	4	3	6
62	22	0	4	2	5
62	23	2	3	4	1
62	24	1	3	1	1
62	25	7	6	7	10
62	26	1	2	2	0
62	27	4	2	1	3
62	28	3	4	2	3
62	29	2	3	3	3
62	30	8	7	6	7
63	1	0	0	2	1
63	2	9	7	3	9
63	3	4	2	0	6
63	4	7	6	5	5
63	5	-3	1	0	2
63	6	4	5	6	6
63	7	2	3	4	3
63	8	3	0	3	0
63	9	4	1	1	1
63	10	2	4	2	3
63	11	4	4	3	9
63	12	0	2	4	1
63	13	4	4	3	3
63	14	8	6	3	10
63	15	-1	3	1	0
63	16	1	5	2	6
63	17	6	4	0	2
63	18	4	0	0	0
63	19	3	3	1	0
63	20	5	3	2	6
63	21	2	2	4	4
63	22	6	6	2	7
63	23	1	1	1	3
63	24	4	1	1	2
63	25	4	3	4	5
63	26	-2	2	1	7
63	27	4	2	4	7
63	28	3	6	8	6
63	29	4	1	2	3
63	30	3	6	4	6
64	1	0	1	2	6
64	2	4	5	4	1
64	3	2	5	3	4
64	4	-1	0	0	0
64	5	-1	0	0	0
64	6	1	2	0	5
64	7	5	2	1	5
64	8	2	1	1	3
64	9	5	4	4	4
64	10	2	2	0	2
64	11	0	2	2	1
64	12	4	4	1	4
64	13	0	0	2	0
64	14	6	4	1	6
64	15	4	2	3	4
64	16	2	1	1	3
64	17	0	0	1	3
64	18	2	1	0	1
64	19	4	6	3	7
64	20	1	1	0	1
64	21	0	1	0	2
64	22	5	4	1	4
64	23	4	3	2	3
64	24	3	5	2	8
64	25	0	1	2	0
64	26	4	4	4	3
64	27	0	0	0	0
64	28	1	3	3	7
64	29	5	2	3	2
64	30	1	4	3	5
65	1	1	1	3	5
65	2	3	5	5	4
65	3	4	5	5	6
65	4	0	4	2	4
65	5	1	1	2	4
65	6	0	1	1	-2
65	7	4	2	2	5
65	8	2	1	1	2
65	9	6	5	5	5
65	10	-1	0	0	2
65	11	0	0	0	2
65	12	2	1	1	4
65	13	3	2	1	5
65	14	3	3	2	6
65	15	0	1	4	2
65	16	1	3	3	4
65	17	1	1	1	4
65	18	2	5	7	3
65	19	5	4	2	4
65	20	5	1	2	3
65	21	4	3	4	1
65	22	4	3	4	5
65	23	0	0	1	1
65	24	3	0	0	3
65	25	1	3	0	5
65	26	2	1	3	3
65	27	2	4	2	1
65	28	-1	3	2	3
65	29	4	-1	2	3
65	30	-1	0	-1	1
66	1	0	2	2	6
66	2	3	2	4	5
66	3	5	4	4	4
66	4	6	7	6	8
66	5	4	4	2	6
66	6	2	5	3	8
66	7	5	5	3	4
66	8	7	5	3	6
66	9	3	6	2	3
66	10	5	3	2	6
66	11	5	5	4	8
66	12	2	2	0	3
66	13	8	6	2	6
66	14	5	4	2	5
66	15	8	5	1	6
66	16	3	3	5	0
66	17	6	5	3	7
66	18	4	3	4	6
66	19	1	0	0	1
66	20	3	2	0	4
66	21	5	4	3	11
66	22	4	2	4	4
66	23	3	3	3	1
66	24	4	4	1	2
66	25	3	6	0	6
66	26	1	2	0	3
66	27	6	6	3	5
66	28	3	2	1	3
66	29	4	3	1	3
66	30	4	3	0	4
67	1	4	2	2	4
67	2	4	5	1	4
67	3	4	5	4	5
67	4	4	3	2	4
67	5	5	4	2	8
67	6	0	0	1	1
67	7	2	1	2	6
67	8	4	5	1	5
67	9	0	2	1	5
67	10	4	1	3	6
67	11	7	5	4	7
67	12	4	4	1	5
67	13	6	3	0	6
67	14	3	3	3	2
67	15	5	6	2	8
67	16	4	4	2	6
67	17	4	1	4	6
67	18	5	4	4	7
67	19	5	5	4	12
67	20	5	5	3	5
67	21	4	3	3	8
67	22	5	4	2	6
67	23	7	5	4	5
67	24	5	4	4	4
67	25	5	3	2	3
67	26	2	2	3	5
67	27	6	2	4	7
67	28	4	4	3	7
67	29	4	4	4	9
67	30	3	6	3	6
68	1	4	5	4	6
68	2	3	2	2	4
68	3	0	2	-1	3
68	4	2	5	3	4
68	5	6	6	5	5
68	6	1	1	2	4
68	7	5	1	2	2
68	8	2	4	4	6
68	9	0	2	1	4
68	10	4	5	5	7
68	11	4	3	3	5
68	12	3	3	1	2
68	13	5	6	5	6
68	14	5	6	5	3
68	15	4	3	3	4
68	16	6	4	3	8
68	17	1	2	1	6
68	18	2	4	0	3
68	19	4	5	3	4
68	20	5	6	1	5
68	21	2	2	4	5
68	22	0	2	3	7
68	23	1	3	1	2
68	24	2	7	3	11
68	25	0	-1	1	2
68	26	4	2	3	4
68	27	7	5	2	2
68	28	1	3	4	4
68	29	3	2	0	8
68	30	1	2	0	3
69	1	7	7	5	9
69	2	1	1	2	2
69	3	3	1	0	1
69	4	3	4	4	7
69	5	7	5	3	7
69	6	1	4	4	3
69	7	4	5	2	7
69	8	6	6	2	4
69	9	2	2	0	6
69	10	4	5	5	3
69	11	4	3	4	7
69	12	7	7	3	7
69	13	8	5	4	7
69	14	5	6	4	9
69	15	5	5	2	5
69	16	4	9	4	7
69	17	4	0	0	6
69	18	6	2	1	1
69	19	5	4	4	5
69	20	6	5	4	6
69	21	7	8	3	7
69	22	5	5	6	6
69	23	3	3	2	2
69	24	6	4	1	5
69	25	5	6	4	4
69	26	3	4	5	5
69	27	5	5	3	5
69	28	3	4	6	4
69	29	9	4	4	6
69	30	4	4	3	5
70	1	8	6	4	6
70	2	4	4	3	4
70	3	8	5	2	6
70	4	6	4	4	6
70	5	3	3	4	5
70	6	6	6	5	8
70	7	6	7	4	7
70	8	8	6	1	8
70	9	8	9	5	12
70	10	8	7	5	11
70	11	8	8	6	12
70	12	7	6	4	6
70	13	7	6	6	7
70	14	6	7	6	10
70	15	6	6	4	8
70	16	3	3	1	5
70	17	7	5	2	7
70	18	6	7	7	12
70	19	2	5	4	10
70	20	8	8	6	7
70	21	8	6	1	10
70	22	6	6	2	9
70	23	8	5	1	10
70	24	9	7	5	9
70	25	5	5	5	5
70	26	10	9	4	8
70	27	5	5	5	10
70	28	7	4	5	6
70	29	8	7	6	11
70	30	7	8	4	9
71	1	8	6	4	6
71	2	2	1	3	3
71	3	4	2	2	2
71	4	0	3	5	6
71	5	3	6	5	4
71	6	2	2	3	4
71	7	3	4	1	5
71	8	-2	1	3	5
71	9	0	2	1	6
71	10	6	4	5	4
71	11	1	1	1	5
71	12	4	3	3	5
71	13	1	2	2	0
71	14	5	5	5	4
71	15	3	4	2	4
71	16	2	3	4	3
71	17	4	5	4	6
71	18	-2	1	0	2
71	19	3	2	0	4
71	20	5	4	4	7
71	21	3	3	3	5
71	22	6	4	4	4
71	23	3	3	2	2
71	24	0	-1	0	0
71	25	0	1	1	1
71	26	3	2	4	3
71	27	2	6	3	6
71	28	5	2	4	2
71	29	3	6	2	5
71	30	2	1	4	3
72	1	0	-1	0	2
72	2	-2	1	0	3
72	3	3	5	0	5
72	4	0	4	4	4
72	5	2	2	1	0
72	6	1	3	1	0
72	7	-1	1	0	2
72	8	2	3	2	1
72	9	1	0	0	1
72	10	-1	-1	1	-2
72	11	-1	0	0	0
72	12	1	0	0	0
72	13	0	1	0	1
72	14	1	0	0	0
72	15	-1	1	0	-2
72	16	-2	-1	-1	-3
72	17	5	2	3	6
72	18	-1	0	0	1
72	19	2	1	1	1
72	20	0	-1	0	-1
72	21	-1	0	0	0
72	22	0	1	0	1
72	23	-3	0	0	0
72	24	-4	-4	0	-4
72	25	1	2	0	4
72	26	4	3	1	2
72	27	0	0	2	0
72	28	3	2	3	0
72	29	-1	0	0	-1
72	30	2	2	-1	2
73	1	5	4	4	6
73	2	4	3	2	7
73	3	4	3	3	4
73	4	5	5	2	5
73	5	6	3	2	7
73	6	7	6	3	8
73	7	6	5	3	8
73	8	4	4	1	6
73	9	2	3	2	4
73	10	3	4	4	7
73	11	4	5	3	1
73	12	4	5	2	7
73	13	8	6	5	10
73	14	5	3	2	7
73	15	5	7	6	9
73	16	4	3	2	6
73	17	7	4	2	5
73	18	2	4	3	5
73	19	6	4	2	4
73	20	5	6	5	4
73	21	3	5	5	6
73	22	2	5	2	6
73	23	1	0	1	4
73	24	9	3	3	5
73	25	5	7	4	7
73	26	4	5	3	5
73	27	6	7	4	5
73	28	4	5	3	11
73	29	7	7	4	7
73	30	7	8	5	8
74	1	0	0	1	1
74	2	3	3	1	6
74	3	4	5	6	6
74	4	3	1	2	2
74	5	0	2	4	4
74	6	2	2	1	5
74	7	4	4	2	3
74	8	5	2	2	2
74	9	0	3	2	2
74	10	1	2	3	5
74	11	3	3	3	4
74	12	2	2	1	5
74	13	4	3	3	4
74	14	3	4	2	3
74	15	0	3	2	4
74	16	7	6	1	7
74	17	5	8	5	5
74	18	6	6	4	7
74	19	3	4	1	2
74	20	0	0	1	5
74	21	5	3	1	1
74	22	2	5	5	0
74	23	2	4	2	5
74	24	3	1	1	2
74	25	-1	2	0	2
74	26	4	3	3	2
74	27	4	5	4	3
74	28	5	4	4	5
74	29	5	3	2	4
74	30	0	2	0	2
75	1	0	0	1	0
75	2	1	0	0	0
75	3	5	3	2	4
75	4	2	5	5	3
75	5	1	4	3	5
75	6	0	2	3	0
75	7	5	5	5	9
75	8	2	3	2	7
75	9	9	5	2	9
75	10	4	3	4	7
75	11	4	6	2	4
75	12	2	2	4	4
75	13	2	2	5	0
75	14	0	1	0	3
75	15	0	2	0	1
75	16	3	3	3	3
75	17	-2	5	2	4
75	18	0	1	3	5
75	19	4	1	3	7
75	20	3	2	2	5
75	21	3	3	0	3
75	22	1	3	3	2
75	23	3	0	0	1
75	24	3	3	4	9
75	25	4	2	3	2
75	26	2	1	0	3
75	27	2	2	-1	2
75	28	1	2	1	1
75	29	3	0	3	6
75	30	0	1	0	0
76	1	7	2	1	5
76	2	6	7	4	8
76	3	5	5	0	6
76	4	2	2	4	4
76	5	8	6	6	8
76	6	6	7	4	9
76	7	7	6	2	8
76	8	6	5	5	4
76	9	3	5	4	5
76	10	6	5	4	6
76	11	3	4	5	8
76	12	6	7	4	9
76	13	9	8	6	12
76	14	1	6	3	5
76	15	3	2	4	3
76	16	4	4	4	7
76	17	6	10	8	11
76	18	4	4	4	9
76	19	9	8	4	5
76	20	2	3	4	5
76	21	2	4	4	4
76	22	3	4	3	6
76	23	5	5	2	3
76	24	7	8	4	9
76	25	6	5	3	7
76	26	5	4	5	5
76	27	10	6	5	7
76	28	7	8	5	12
76	29	4	4	6	7
76	30	0	4	2	4
77	1	1	2	1	3
77	2	0	0	0	0
77	3	1	0	-2	0
77	4	5	6	8	6
77	5	3	3	1	7
77	6	1	3	3	4
77	7	4	7	3	9
77	8	2	2	3	5
77	9	0	3	3	4
77	10	2	4	2	3
77	11	2	4	2	7
77	12	3	3	0	1
77	13	5	4	5	8
77	14	5	4	2	5
77	15	5	2	1	1
77	16	1	2	2	2
77	17	6	5	2	10
77	18	5	5	3	11
77	19	7	6	1	8
77	20	2	5	3	5
77	21	1	3	0	3
77	22	4	2	3	2
77	23	5	3	1	3
77	24	2	1	2	5
77	25	4	6	5	6
77	26	5	3	0	2
77	27	0	0	0	4
77	28	0	0	0	0
77	29	4	1	3	6
77	30	5	3	1	5
78	1	-2	0	-1	-1
78	2	0	0	0	1
78	3	3	2	2	6
78	4	0	3	3	5
78	5	1	0	0	1
78	6	0	0	0	2
78	7	-1	1	0	0
78	8	2	4	2	2
78	9	6	3	2	3
78	10	0	0	0	0
78	11	-2	1	2	0
78	12	1	0	3	5
78	13	3	4	1	2
78	14	1	3	1	3
78	15	5	3	2	8
78	16	3	0	1	4
78	17	0	4	0	2
78	18	2	0	2	1
78	19	0	2	-2	-1
78	20	3	4	1	1
78	21	4	1	3	3
78	22	6	6	5	8
78	23	3	4	1	3
78	24	0	2	2	1
78	25	2	3	1	1
78	26	4	4	5	6
78	27	2	4	2	3
78	28	2	1	2	4
78	29	-1	0	3	3
78	30	3	0	3	3
79	1	7	4	1	3
79	2	5	6	4	8
79	3	4	3	4	6
79	4	6	2	1	3
79	5	3	4	2	8
79	6	6	6	5	8
79	7	7	3	4	6
79	8	2	3	2	5
79	9	6	4	3	7
79	10	5	2	0	2
79	11	4	5	5	7
79	12	7	6	4	7
79	13	3	4	3	4
79	14	5	3	1	7
79	15	4	2	2	4
79	16	1	4	6	7
79	17	6	7	6	6
79	18	5	5	1	1
79	19	5	3	4	6
79	20	0	1	0	-1
79	21	3	2	2	6
79	22	1	2	3	6
79	23	0	4	1	3
79	24	5	4	4	5
79	25	1	4	5	9
79	26	5	3	1	4
79	27	4	5	2	7
79	28	3	4	2	9
79	29	5	5	5	7
79	30	3	2	1	5
80	1	4	0	0	1
80	2	7	2	2	2
80	3	8	6	3	5
80	4	6	2	1	6
80	5	4	0	2	3
80	6	6	2	2	7
80	7	3	4	0	4
80	8	3	3	4	2
80	9	1	3	5	6
80	10	4	6	6	8
80	11	4	5	3	5
80	12	1	3	4	5
80	13	6	3	2	2
80	14	2	0	1	2
80	15	3	3	0	1
80	16	6	7	6	6
80	17	7	7	2	6
80	18	5	3	0	4
80	19	1	2	0	6
80	20	-1	0	3	3
80	21	4	9	2	7
80	22	3	4	3	4
80	23	2	2	3	6
80	24	7	7	6	4
80	25	3	3	4	2
80	26	6	4	1	2
80	27	7	6	5	7
80	28	3	3	0	5
80	29	3	7	4	6
80	30	3	4	4	5
81	1	0	3	1	3
81	2	2	4	3	6
81	3	0	2	4	4
81	4	4	2	2	5
81	5	2	5	2	6
81	6	4	3	3	6
81	7	8	4	1	4
81	8	5	5	3	8
81	9	1	2	2	3
81	10	7	6	3	7
81	11	6	8	7	12
81	12	3	3	5	7
81	13	2	6	3	8
81	14	3	2	3	2
81	15	3	4	5	6
81	16	3	3	0	5
81	17	4	4	4	5
81	18	5	1	0	4
81	19	6	4	3	4
81	20	6	5	5	6
81	21	5	8	5	8
81	22	8	8	7	7
81	23	2	4	3	4
81	24	5	6	5	5
81	25	2	2	-2	0
81	26	1	3	0	2
81	27	3	6	4	5
81	28	2	2	0	4
81	29	2	2	2	4
81	30	2	3	1	6
82	1	5	3	3	5
82	2	2	5	3	7
82	3	3	1	3	5
82	4	0	-2	0	3
82	5	6	4	3	5
82	6	4	3	2	8
82	7	7	4	4	3
82	8	3	4	1	4
82	9	9	5	5	8
82	10	6	6	8	8
82	11	0	0	0	1
82	12	7	5	5	6
82	13	2	1	2	0
82	14	3	4	3	5
82	15	4	1	3	2
82	16	4	4	1	2
82	17	7	5	2	11
82	18	4	3	4	5
82	19	5	5	3	6
82	20	3	1	0	0
82	21	6	5	3	8
82	22	5	6	2	7
82	23	4	5	2	6
82	24	4	4	3	5
82	25	6	5	5	7
82	26	4	2	1	1
82	27	4	6	7	8
82	28	2	3	3	5
82	29	6	5	4	8
82	30	2	5	1	7
83	1	6	0	3	3
83	2	3	4	6	8
83	3	4	3	3	5
83	4	1	4	3	6
83	5	7	3	3	5
83	6	5	6	3	3
83	7	2	4	0	3
83	8	5	5	2	6
83	9	1	3	4	3
83	10	1	4	3	7
83	11	2	5	2	6
83	12	3	5	4	8
83	13	4	0	3	5
83	14	4	3	1	3
83	15	2	2	2	1
83	16	4	3	2	3
83	17	4	2	2	4
83	18	4	7	6	5
83	19	5	7	5	2
83	20	1	4	3	7
83	21	6	4	3	6
83	22	5	4	1	8
83	23	3	5	0	5
83	24	5	6	1	5
83	25	0	3	3	3
83	26	3	3	0	5
83	27	2	4	1	2
83	28	1	-1	1	3
83	29	4	3	1	4
83	30	2	5	3	7
84	1	6	4	4	6
84	2	1	3	0	2
84	3	5	7	3	10
84	4	9	5	5	5
84	5	9	6	7	9
84	6	7	4	7	7
84	7	5	4	3	0
84	8	3	4	0	3
84	9	4	2	0	6
84	10	8	6	3	8
84	11	4	6	6	8
84	12	1	5	2	3
84	13	1	3	1	4
84	14	7	6	3	5
84	15	-1	1	2	3
84	16	7	6	6	9
84	17	3	4	5	8
84	18	1	2	0	4
84	19	2	6	5	6
84	20	7	4	1	6
84	21	0	0	1	2
84	22	4	4	5	6
84	23	6	2	1	4
84	24	2	3	3	4
84	25	2	6	3	5
84	26	5	3	4	8
84	27	6	7	8	11
84	28	1	2	0	1
84	29	5	5	3	7
84	30	1	3	1	3
85	1	5	6	3	6
85	2	5	4	4	4
85	3	3	6	2	7
85	4	3	0	0	4
85	5	5	4	4	5
85	6	6	3	3	4
85	7	4	6	7	6
85	8	4	3	2	6
85	9	3	6	3	6
85	10	2	3	0	0
85	11	1	1	4	3
85	12	5	4	1	5
85	13	0	2	1	3
85	14	4	1	1	2
85	15	4	3	5	3
85	16	4	6	5	7
85	17	7	5	4	8
85	18	3	2	4	6
85	19	4	5	1	8
85	20	4	2	2	5
85	21	3	3	0	1
85	22	6	4	3	5
85	23	2	3	3	0
85	24	4	2	2	1
85	25	0	5	2	2
85	26	3	3	1	0
85	27	4	4	1	6
85	28	2	3	1	0
85	29	3	4	2	4
85	30	3	6	4	7
86	1	4	4	2	7
86	2	4	1	1	5
86	3	5	8	6	7
86	4	8	5	6	8
86	5	4	6	4	4
86	6	2	5	5	5
86	7	7	4	3	7
86	8	4	4	4	6
86	9	7	4	2	9
86	10	2	4	1	5
86	11	6	4	2	8
86	12	3	2	1	3
86	13	9	6	2	6
86	14	6	4	4	2
86	15	2	1	0	4
86	16	3	3	0	2
86	17	6	5	2	4
86	18	7	5	2	7
86	19	2	4	0	0
86	20	3	0	1	2
86	21	5	4	3	2
86	22	2	2	0	6
86	23	7	2	4	4
86	24	4	3	1	4
86	25	2	2	1	6
86	26	7	5	3	6
86	27	4	2	-1	5
86	28	3	2	3	5
86	29	0	4	3	6
86	30	4	7	3	3
87	1	4	3	4	7
87	2	5	4	3	7
87	3	5	3	2	9
87	4	4	3	2	4
87	5	9	7	2	9
87	6	2	2	5	3
87	7	2	4	1	9
87	8	2	2	1	2
87	9	2	1	3	2
87	10	4	5	4	6
87	11	4	8	3	6
87	12	8	7	6	9
87	13	6	5	2	6
87	14	3	4	2	7
87	15	5	3	4	8
87	16	6	6	3	5
87	17	1	0	0	5
87	18	6	4	4	6
87	19	5	3	1	8
87	20	3	3	2	4
87	21	1	1	0	4
87	22	6	5	2	6
87	23	1	0	4	4
87	24	4	4	4	6
87	25	6	5	2	5
87	26	5	5	2	9
87	27	5	6	5	7
87	28	2	5	1	5
87	29	5	3	1	4
87	30	3	5	1	6
88	1	3	4	1	3
88	2	4	4	2	5
88	3	3	4	1	3
88	4	6	6	5	4
88	5	2	4	3	5
88	6	2	3	3	4
88	7	7	7	2	9
88	8	7	4	4	4
88	9	5	7	4	10
88	10	3	5	3	2
88	11	8	7	3	4
88	12	4	3	6	6
88	13	0	4	2	3
88	14	3	5	2	6
88	15	2	2	1	3
88	16	3	5	4	4
88	17	5	3	3	8
88	18	5	2	1	4
88	19	5	1	3	6
88	20	6	2	1	5
88	21	8	7	4	7
88	22	8	4	5	7
88	23	4	3	3	8
88	24	6	5	3	6
88	25	3	4	2	5
88	26	6	5	2	4
88	27	9	4	5	9
88	28	9	6	5	7
88	29	4	3	1	6
88	30	5	5	2	7
89	1	1	2	1	3
89	2	0	3	0	4
89	3	3	3	2	4
89	4	5	5	4	4
89	5	0	0	0	2
89	6	1	4	1	2
89	7	1	3	3	6
89	8	3	1	5	0
89	9	7	5	1	7
89	10	2	2	0	5
89	11	4	2	1	1
89	12	2	0	3	0
89	13	6	3	1	5
89	14	5	7	4	10
89	15	4	1	4	3
89	16	4	5	4	5
89	17	2	2	1	0
89	18	7	7	4	8
89	19	4	5	4	6
89	20	-3	0	0	1
89	21	2	4	4	2
89	22	4	3	1	1
89	23	-1	1	0	3
89	24	0	2	3	5
89	25	1	1	2	3
89	26	4	4	5	6
89	27	6	4	0	7
89	28	4	4	3	7
89	29	5	2	2	4
89	30	6	4	4	6
90	1	6	2	4	2
90	2	4	0	0	2
90	3	3	7	4	8
90	4	5	7	6	8
90	5	6	4	4	7
90	6	3	8	2	11
90	7	2	7	4	10
90	8	6	6	3	11
90	9	5	6	2	8
90	10	4	4	1	5
90	11	6	6	4	5
90	12	8	6	2	10
90	13	8	5	6	8
90	14	4	5	3	8
90	15	4	4	1	5
90	16	9	8	6	10
90	17	2	6	6	9
90	18	2	4	3	2
90	19	8	7	6	8
90	20	6	5	4	3
90	21	4	6	4	10
90	22	7	4	0	6
90	23	6	5	5	6
90	24	4	5	1	8
90	25	6	5	2	5
90	26	4	4	3	3
90	27	4	4	3	6
90	28	5	5	4	6
90	29	5	6	6	8
90	30	6	6	4	7
91	1	7	5	3	8
91	2	4	3	0	2
91	3	6	5	4	7
91	4	9	7	5	6
91	5	6	5	4	8
91	6	6	5	4	4
91	7	4	4	2	4
91	8	7	6	3	8
91	9	8	5	2	6
91	10	5	8	4	5
91	11	6	6	2	4
91	12	4	5	0	6
91	13	4	6	2	9
91	14	7	5	3	7
91	15	8	7	3	9
91	16	3	2	2	5
91	17	8	5	3	6
91	18	1	5	1	5
91	19	3	4	2	3
91	20	6	5	6	11
91	21	5	4	4	9
91	22	3	2	2	6
91	23	7	4	0	3
91	24	0	3	2	5
91	25	8	7	6	10
91	26	7	9	8	10
91	27	6	3	2	2
91	28	4	5	4	8
91	29	7	4	5	6
91	30	8	9	8	11
92	1	0	1	1	2
92	2	1	2	0	3
92	3	1	3	3	5
92	4	3	5	0	9
92	5	4	4	4	8
92	6	4	4	4	5
92	7	7	6	5	5
92	8	7	4	0	2
92	9	6	9	7	10
92	10	6	6	5	7
92	11	4	2	3	3
92	12	4	4	2	5
92	13	4	6	3	7
92	14	3	3	4	5
92	15	2	4	4	7
92	16	3	5	2	10
92	17	6	4	4	5
92	18	4	4	3	4
92	19	1	4	3	2
92	20	3	2	2	3
92	21	6	5	4	7
92	22	2	5	5	8
92	23	7	5	2	6
92	24	7	5	6	2
92	25	5	7	4	10
92	26	6	7	6	7
92	27	4	5	0	2
92	28	6	3	4	8
92	29	1	5	2	6
92	30	4	5	3	8
93	1	9	5	0	5
93	2	6	4	0	4
93	3	5	2	1	6
93	4	4	6	1	12
93	5	3	1	2	6
93	6	1	6	1	3
93	7	4	4	4	6
93	8	4	5	4	4
93	9	10	6	4	7
93	10	2	1	3	3
93	11	7	9	8	8
93	12	1	3	3	4
93	13	4	5	4	7
93	14	0	0	0	2
93	15	1	1	1	5
93	16	5	4	3	6
93	17	3	6	4	6
93	18	3	3	2	7
93	19	4	5	1	2
93	20	3	0	0	4
93	21	4	1	0	2
93	22	4	2	2	4
93	23	5	5	2	6
93	24	4	5	1	6
93	25	4	1	4	4
93	26	5	3	3	4
93	27	2	5	3	5
93	28	6	4	0	8
93	29	5	8	0	7
93	30	4	2	3	1
94	1	0	3	3	3
94	2	3	2	3	5
94	3	3	2	2	0
94	4	1	0	2	1
94	5	0	3	2	6
94	6	6	5	0	4
94	7	3	4	3	6
94	8	0	4	4	2
94	9	4	5	3	9
94	10	0	1	0	2
94	11	1	0	-1	1
94	12	0	0	0	-1
94	13	4	3	4	4
94	14	4	2	4	7
94	15	3	2	3	5
94	16	0	1	3	6
94	17	6	4	6	6
94	18	2	7	3	5
94	19	1	1	0	1
94	20	0	1	2	3
94	21	3	3	6	7
94	22	5	1	3	3
94	23	2	3	3	4
94	24	4	3	4	5
94	25	0	1	0	0
94	26	0	3	2	2
94	27	4	1	3	5
94	28	1	4	3	5
94	29	2	0	0	3
94	30	8	4	1	5
95	1	8	7	6	11
95	2	5	3	0	4
95	3	6	4	3	4
95	4	9	6	6	7
95	5	4	7	4	6
95	6	3	3	3	8
95	7	4	6	1	7
95	8	6	7	4	7
95	9	1	2	2	6
95	10	1	2	4	6
95	11	6	7	5	10
95	12	6	5	1	6
95	13	8	2	1	4
95	14	7	5	3	8
95	15	2	3	4	7
95	16	4	2	4	3
95	17	5	7	4	10
95	18	4	2	2	9
95	19	6	4	2	9
95	20	8	5	3	5
95	21	7	6	6	8
95	22	4	5	1	8
95	23	7	5	2	11
95	24	9	6	6	8
95	25	8	5	0	9
95	26	8	6	6	10
95	27	7	6	4	10
95	28	5	8	4	12
95	29	8	8	6	9
95	30	2	5	7	5
96	1	5	4	1	3
96	2	6	5	3	7
96	3	3	0	2	0
96	4	5	5	1	3
96	5	-1	1	1	2
96	6	4	5	4	6
96	7	3	0	2	1
96	8	1	0	1	3
96	9	6	6	4	3
96	10	2	3	3	4
96	11	4	4	3	4
96	12	2	3	4	7
96	13	2	5	3	4
96	14	5	6	5	9
96	15	4	3	1	0
96	16	2	2	4	2
96	17	1	0	0	-1
96	18	7	4	3	9
96	19	2	3	2	4
96	20	3	2	3	0
96	21	4	5	4	9
96	22	3	2	1	5
96	23	3	4	3	7
96	24	1	-1	2	0
96	25	6	4	3	6
96	26	5	4	3	4
96	27	2	3	3	7
96	28	-1	0	0	4
96	29	7	5	6	3
96	30	4	4	5	7
97	1	5	3	2	7
97	2	8	13	9	16
97	3	9	12	6	15
97	4	9	5	3	7
97	5	7	6	3	9
97	6	6	4	4	8
97	7	8	9	4	7
97	8	5	7	5	9
97	9	7	7	6	6
97	10	8	7	6	8
97	11	11	7	5	12
97	12	2	3	3	4
97	13	6	4	4	6
97	14	8	7	5	8
97	15	12	5	4	8
97	16	11	7	4	9
97	17	2	4	4	9
97	18	6	6	3	7
97	19	9	8	5	12
97	20	9	8	4	7
97	21	5	8	4	6
97	22	8	5	5	7
97	23	3	3	1	4
97	24	5	4	4	9
97	25	11	13	7	14
97	26	5	6	5	11
97	27	8	9	3	7
97	28	9	5	5	9
97	29	7	9	5	10
97	30	5	7	3	9
98	1	9	7	5	11
98	2	4	5	2	4
98	3	3	4	4	5
98	4	8	8	5	9
98	5	6	5	3	7
98	6	10	7	5	9
98	7	5	4	3	9
98	8	7	7	6	11
98	9	5	5	3	8
98	10	5	6	3	7
98	11	10	6	2	11
98	12	5	5	3	3
98	13	8	9	7	10
98	14	7	7	3	11
98	15	1	4	2	3
98	16	7	4	6	5
98	17	3	3	3	5
98	18	1	1	2	2
98	19	6	7	5	5
98	20	6	6	2	8
98	21	4	4	1	2
98	22	4	3	5	3
98	23	7	4	2	7
98	24	3	3	3	6
98	25	8	6	5	8
98	26	7	7	2	8
98	27	3	2	3	4
98	28	4	5	2	7
98	29	7	6	4	6
98	30	5	4	3	6
99	1	5	4	4	6
99	2	2	4	4	4
99	3	7	4	4	3
99	4	5	6	5	7
99	5	3	5	1	6
99	6	0	1	1	2
99	7	3	2	1	5
99	8	7	4	2	3
99	9	3	3	1	6
99	10	0	1	0	2
99	11	2	1	0	3
99	12	5	4	2	7
99	13	2	6	0	2
99	14	3	2	3	5
99	15	1	2	3	4
99	16	1	2	2	6
99	17	3	4	5	8
99	18	6	6	3	6
99	19	3	2	1	1
99	20	1	3	3	3
99	21	3	5	2	2
99	22	0	0	-1	1
99	23	6	4	1	4
99	24	5	3	1	2
99	25	4	5	6	7
99	26	0	-2	0	1
99	27	3	6	4	7
99	28	3	3	3	4
99	29	3	3	0	8
99	30	2	4	2	7
100	1	1	2	2	2
100	2	3	3	2	8
100	3	1	1	1	0
100	4	5	2	3	1
100	5	5	3	1	0
100	6	0	5	5	4
100	7	1	3	2	1
100	8	2	0	2	4
100	9	4	2	1	6
100	10	1	3	4	4
100	11	4	4	3	5
100	12	6	2	3	3
100	13	3	3	0	5
100	14	6	4	2	3
100	15	-2	3	1	2
100	16	7	3	4	4
100	17	-3	1	0	0
100	18	4	2	1	3
100	19	1	-1	0	0
100	20	2	5	0	4
100	21	0	0	-1	0
100	22	2	1	0	0
100	23	0	0	1	3
100	24	2	1	1	3
100	25	3	1	1	3
100	26	3	2	2	2
100	27	-1	1	0	0
100	28	2	2	0	2
100	29	3	3	4	3
100	30	6	5	4	7
