msst_wide_ml msst_long_ml msst_wide_bayes msst_long_bayes cuts_wide_ml cuts_long_ml cuts_wide_bayes cuts_long_bayes tso_wide_ml tso_wide_bayes tso_long_bayes
NA NA 37.13 98.83 NA NA 47.87 64.39 NA 46.21 86.87
NA NA 33.57 1156.33 NA NA 47.68 62.6 NA 46.93 76.48
NA NA 35.71 88.12 NA NA 48.73 63.84 NA 46.16 87.9
NA NA 35.89 84.16 NA NA 47.88 60.69 NA 46.55 88.91
NA NA 39.6 134.07 NA NA 48.01 45.04 NA 47.35 83.5
NA NA 36.94 133.33 NA NA 49.49 63.8 NA 46.98 90.59
NA NA 35.87 110.39 NA NA 48.03 40.18 NA 47.17 84.63
NA NA 35.64 102.81 NA NA 49.6 46.91 NA 45.82 86.9
NA NA 37.06 135.6 NA NA 49.15 51.39 NA 46.66 74.54
NA NA 35.9 83.39 NA NA 48.7 53.43 NA 45.91 87.17
NA NA 36.35 109.38 NA NA 48.23 55.6 NA 46.48 93.59
NA NA 36.95 76.31 NA NA 48.37 53.99 NA 46.84 91.88
NA NA 36.78 133.21 NA NA 49.75 64.96 NA 46.49 88.57
NA NA 36.63 118.4 NA NA 49.43 44.51 NA 46.1 71.45
NA NA 36.91 77.02 NA NA 49.99 49.86 NA 47.11 77.09
NA NA 36.57 88.75 NA NA 48.64 61.9 NA 46.83 86.96
NA NA 36.24 124.25 NA NA 48.14 62.15 NA 46.26 90.79
NA NA 36.62 95.64 NA NA 49.39 62.5 NA 46.62 77.05
NA NA 36.66 136.06 NA NA 47.46 63.53 NA 46.48 79.77
NA NA 36.81 121.61 NA NA 49.01 59.01 NA 46.74 75.3
NA NA 37.1 135.86 NA NA 49.13 41.6 NA 46.5 84.25
NA NA 36.38 123.63 NA NA 48.72 49.59 NA 46.98 76.25
NA NA 36.31 142.29 NA NA 48.88 61.58 NA 46.77 87.99
NA NA 36.26 136.12 NA NA 48.9 62.46 NA 45.95 87.25
NA NA 36.6 85.89 NA NA 48.7 60.67 NA 45.78 81.77
NA NA 36.59 133.86 NA NA 48.64 65.77 NA 46.52 80.42
NA NA 36.88 102.04 NA NA 48.89 63.95 NA 46.36 85.63
NA NA 36.98 132.17 NA NA 48.75 54.95 NA 47.33 90.78
NA NA 36.53 99.56 NA NA 48.47 40.56 NA 46.07 89.65
NA NA 36.3 96.03 NA NA 50.16 63 NA 46.89 79.06
NA NA 35.79 90.08 NA NA 49.73 51.87 NA 45.94 74.97
NA NA 36.16 131.14 NA NA 48.2 60.07 NA 46.2 86.7
NA NA 36.15 147.83 NA NA 47.88 59.5 NA 46.74 87.44
NA NA 37.06 133.48 NA NA 49.93 64.3 NA 45.81 78.39
NA NA 37.09 138.25 NA NA 49.45 56.11 NA 46.4 87.38
NA NA 37.12 87.23 NA NA 49.53 63 NA 46.81 86.29
NA NA 36.09 138.08 NA NA 49.17 47.79 NA 46.06 80.25
NA NA 109.14 131.73 NA NA 48.11 57.33 NA 46.33 85.45
NA NA 38.22 127.32 NA NA 49 66.98 NA 46.02 76.19
NA NA 37.02 101.58 NA NA 48.64 59.55 NA 46.88 78.81
NA NA 36.41 102.52 NA NA 48.36 55.62 NA 46.52 79.38
NA NA 36.07 98.47 NA NA 48.64 61.76 NA 46.67 86.71
NA NA 37.47 80.73 NA NA 48.83 41.08 NA 46.97 87.67
NA NA 154.05 137.25 NA NA 48.6 63.12 NA 46.02 73.79
NA NA 37.14 120.58 NA NA 50.07 63.34 NA 46.95 83.9
NA NA 36.56 82.37 NA NA 48.64 63.09 NA 46.58 89.35
NA NA 36.22 119.8 NA NA 47.96 63.72 NA 45.84 82.36
NA NA 36.41 111.47 NA NA 48.97 54.44 NA 46.62 84.98
NA NA 36.25 127.92 NA NA 48.01 63.03 NA 46.58 85.52
NA NA 36.51 139.29 NA NA 48.55 63.15 NA 48.77 71.8
NA NA 55.27 149.25 NA NA 48.46 66.8 NA 46.69 84.18
NA NA 36.5 93.19 NA NA 48.91 47.21 NA 46.36 89.3
NA NA 37.09 133.77 NA NA 48.2 39.45 NA 46.01 74.51
NA NA 36.77 105.01 NA NA 50.57 61.2 NA 47.03 85.57
NA NA 35.57 79.31 NA NA 47.64 40.74 NA 45.99 88.42
NA NA 36.51 133.62 NA NA 49.56 62.14 NA 46.05 86.02
NA NA 37.29 142.86 NA NA 49.24 43.21 NA 45.49 87.47
NA NA 36.19 87.51 NA NA 47.91 64.41 NA 46.27 87.02
NA NA 36.54 109.88 NA NA 48.24 53.87 NA 46.32 88.12
NA NA 36.24 133.21 NA NA 47.82 62.79 NA 46.95 88.69
NA NA 37.05 84.06 NA NA 48.49 43.72 NA 46.78 91.14
NA NA 36.9 125.47 NA NA 47.76 62.4 NA 47.72 88.32
NA NA 35.54 98.6 NA NA 47.85 44.61 NA 45.98 73.67
NA NA 36.03 135.82 NA NA 48.4 59.82 NA 46.67 90.15
NA NA 36.89 140.41 NA NA 49.76 64.66 NA 46.27 71.43
NA NA 37.15 102.54 NA NA 47.92 52.12 NA 46 89.15
NA NA 37.34 122.18 NA NA 47.79 62.82 NA 46.63 85.26
NA NA 36.34 134.82 NA NA 47.59 62.66 NA 46.38 85.75
NA NA 36.7 132.31 NA NA 49.23 58.54 NA 46.83 74.16
NA NA 35.84 132.53 NA NA 47.66 54.16 NA 46.9 84.6
NA NA 37.08 135.79 NA NA 49.81 63.76 NA 47.31 74.69
NA NA 35.94 91.56 NA NA 49.08 39.06 NA 46.28 72.12
NA NA 36.9 135.9 NA NA 50.31 41.67 NA 47.01 88.72
NA NA 37.51 80.67 NA NA 49.1 43.5 NA 46.89 87.89
NA NA 37.43 106.07 NA NA 49.35 41.36 NA 45.49 73.96
NA NA 36.65 95.48 NA NA 49.56 65.04 NA 47.15 75.11
NA NA 36.43 84.31 NA NA 48.25 49.98 NA 47.11 78.74
NA NA 36.82 109.5 NA NA 48.82 60.91 NA 46.1 83.97
NA NA 37.48 103.07 NA NA 51.31 54.63 NA 46.96 79.68
NA NA 37.4 138.71 NA NA 49.52 64.57 NA 46.53 79.7
NA NA 36.74 90.71 NA NA 48.43 61.24 NA 46.93 76.18
NA NA 36.56 125.26 NA NA 48.39 59.03 NA 46.46 88.34
NA NA 38.38 137.74 NA NA 48.8 62.07 NA 47.47 87.19
NA NA 36.48 137.81 NA NA 49.78 63.6 NA 45.98 88.54
NA NA 36.73 137.21 NA NA 49.23 41.23 NA 46.36 90.35
NA NA 37.4 134.34 NA NA 48.5 56.09 NA 46.18 85.54
NA NA 37.23 93.75 NA NA 48.96 41.26 NA 45.95 73.87
NA NA 35.88 138.87 NA NA 48.93 58.82 NA 45.8 85.34
NA NA 36.2 86.07 NA NA 49.59 58.03 NA 47.03 76.73
NA NA 36.81 94.36 NA NA 48.08 64.79 NA 46.3 88.66
NA NA 36.73 126.77 NA NA 48.71 61.3 NA 46.43 85.72
NA NA 36.59 132.86 NA NA 48.73 61.55 NA 46.38 82.02
NA NA 36.57 93.95 NA NA 48.92 64.08 NA 47.42 72.83
NA NA 37.39 137.97 NA NA 47.49 63.52 NA 46.56 84.37
NA NA 37.01 87.27 NA NA 47.64 58.7 NA 46.89 76.47
NA NA 43.68 844.34 NA NA 49.5 62.31 NA 47.67 86.06
NA NA 35.26 131.05 NA NA 49.8 60.15 NA 45.73 78.76
NA NA 35.7 89.5 NA NA 48.19 40.37 NA 45.94 85.85
NA NA 37.56 96.01 NA NA 49.04 56.15 NA 46.83 83.9
NA NA 37.63 90.64 NA NA 49.32 62.59 NA 46.62 85.7
