msst_wide_ml msst_long_ml msst_wide_bayes msst_long_bayes cuts_wide_ml cuts_long_ml cuts_wide_bayes cuts_long_bayes tso_wide_ml tso_wide_bayes tso_long_bayes
468.12 0.44 989.44 528.42 585.1 0.16 1023.79 225.77 183.01 996.23 515.95
463.71 0.36 1000.96 520.48 594.33 0.2 1039.46 435.79 192.56 1005.38 772.59
340.18 0.3 993.98 544.51 585.42 0.19 1045.05 320.46 142.08 983.71 607.38
470.68 0.35 995.98 765.36 395.04 0.18 1051.87 220.14 200.7 1003.48 594.47
468.02 0.29 992.51 495.86 591.94 0.17 1052.91 344.91 187.53 1005.59 663.5
460.76 0.3 991.78 537.12 578.7 0.15 1037.86 281.1 179.23 989.65 697.01
461.72 0.36 995.76 495.69 578.51 0.16 1030.89 231.24 142.39 1003.91 587.88
463.88 0.35 997.59 530.38 586.08 0.23 1033.76 326.7 184.65 1003.07 610.5
342.16 0.41 1003.63 657.64 574.49 0.2 1049.54 266.68 145.94 993.61 646.28
437.73 0.34 989.67 754.56 578.77 0.17 1042.71 326.79 177.86 990.46 535.63
354.44 0.3 988.68 497.24 409.25 0.23 1051.98 277.87 179.8 1003.28 782.68
461.62 0.31 998.7 501.24 576.4 0.18 1046.05 225.99 184.05 1006.98 617.84
472.79 0.34 998.94 762.07 597.99 0.22 1030.06 402.98 176.16 1132.24 439.53
466.66 0.35 999.82 529.34 585.84 0.22 1041.75 287.29 146.54 1077.54 776.26
460.12 0.36 1004.26 531.23 574.79 0.22 1039.36 258.11 162.26 1005.48 624.26
346.6 0.31 983.32 583.84 577.39 0.19 1071.37 260.88 182.91 1038.78 798.29
453.24 0.36 1004.72 758.65 387.18 0.41 1136.53 297.4 141.7 1000.62 599.65
468.27 0.32 991.91 758.07 568.72 0.19 1220.22 290.19 153.22 1075.11 611.75
437.92 0.56 1037.33 476.91 584.98 0.22 1066.68 287.42 140.01 1142.44 502.12
459.15 0.59 1038.05 532.18 385.69 0.31 1043.53 327.09 180.21 1070.26 613.94
328.42 0.37 987.57 657.68 589.62 0.27 1095.9 232.89 142.45 1010.3 602.07
463.36 0.35 1008.94 486.78 571.2 0.19 1035.26 283.46 172.93 993.88 582.93
449.79 0.6 1084.27 561.36 389.62 0.24 1044.85 268.64 150.57 1046.63 728.5
335.38 0.37 1042.91 564.3 574.75 0.34 1064.63 292.08 143.06 1141.28 558.31
438.38 0.6 1078.83 647.92 569.27 0.33 1097.87 437.12 141.24 1000.1 626.21
334.32 0.48 1098.78 620.11 583.96 0.24 1073.58 253.92 179.29 994.49 575.86
454.14 0.35 1000.62 496.32 390.12 0.23 1072.01 246.35 189.98 1089.95 671.46
362.29 0.36 1114.49 545.7 572.67 0.21 1047.76 226.95 142.66 1069.73 716.94
344.56 0.5 1090.8 624.72 391.56 0.28 1031.73 338.81 160.17 1014.49 606.35
460.89 0.66 1008.63 570.28 592.11 0.27 1132.17 242.05 149.64 1026.27 442.93
333.47 0.36 997.9 487.95 385.98 0.21 1032.67 233.69 178.97 1024.91 648.51
455.28 0.44 984.81 596.76 584.19 0.25 1039.58 321.25 143.42 974.72 583.01
343.28 0.4 983.6 489.73 589.37 0.25 1041.14 199.45 171.49 982.95 493.89
342.75 0.32 988.88 552.33 568.74 0.22 1035.95 304.24 177.44 980.31 431.03
443.35 0.36 978.07 523.76 381.65 0.18 1033.38 262.66 187.83 982.75 736.83
457.73 0.38 992 503.1 386.03 0.21 1043.97 206.16 147.13 981.14 579.16
329.06 0.34 979.49 740.47 379.9 0.2 1015.55 294.35 138.49 988.22 583.26
331.33 0.35 971.85 449.91 388.44 0.25 1021.57 237.64 175.52 980.91 613.65
328.75 0.37 986.51 642.28 580.62 0.27 1028.61 251.45 139.15 971.82 620.67
457.11 0.41 985.74 501.6 386.48 0.22 1027.53 377.58 171.48 982.3 438.74
456.39 0.36 976.74 542.97 561.7 0.2 1047.99 231.8 178.37 977.3 600.25
328.6 0.35 991.21 709.61 572.78 0.22 1032.19 331.06 143.72 974.48 644
345.01 0.39 977.19 538.04 577.47 0.21 1010.83 298.93 173.44 986.38 671.34
457.84 0.35 974.73 523.92 589.67 0.26 1011.5 384.65 175.68 982.75 701.76
327.99 0.39 973.45 722.25 586.45 0.21 1030.94 280.97 179.21 973.85 711.19
458.89 0.4 983.45 640.03 387.01 0.22 1024.97 230.21 179.98 981.67 796.76
327.58 0.35 973.61 699.66 590.21 0.23 1047.26 218.99 138.89 971.04 462.14
347.72 0.52 969.22 476.8 579.26 0.21 1024.08 226.73 173.69 983.17 527.06
470.01 0.35 972.54 452.68 580.88 0.21 1030.66 264.08 142.03 1030.75 734.63
465.79 0.41 975.99 612.17 388.16 0.41 1024.82 249.58 147.63 978.15 658.12
329.71 0.38 989.87 524.52 584.68 0.19 1031.65 255.26 182.7 973.47 629.23
457.64 0.37 980.17 574.08 570.17 0.21 1031 225.88 176.78 982.02 820.15
453.48 0.29 987.38 483.51 377.93 0.22 1027.23 380.75 176.17 983.31 457.16
464.77 0.36 984.36 473.31 572.23 0.18 1026.51 239.27 182.26 978.39 593.09
329.37 0.35 971.85 613.11 407.59 0.21 1014.49 284.88 181.46 993.47 689.23
335.3 0.33 977.6 700.43 582.96 0.2 1015.9 230.98 142.55 999.07 600.17
467.63 0.36 979.17 513.64 570.72 0.18 1012.38 235 141.71 968.93 627.74
450.98 0.38 988.3 611.75 590.07 0.2 1037.82 232.11 176.97 979.41 708.27
462.15 0.36 978.26 485.27 569.33 0.23 1055.64 227.38 179.54 985.08 441.34
328.68 0.39 991.09 690.68 565.98 0.2 1039.24 451.39 140.04 974.68 571.8
468.46 0.41 982.79 449.84 586.16 0.2 1011.01 313.89 139.69 980.87 635.76
473.34 0.35 979.41 493.93 389.43 0.2 1011.52 438.49 185.11 975.81 591.99
335.99 0.47 976.82 777.17 395.09 0.23 1023.56 236.91 158.85 984.26 632.41
468.76 0.33 985.21 528.79 579.55 0.23 1024.56 250 174.85 982.24 436.54
321.8 0.38 977.14 533.33 570.05 0.24 1026.33 239.04 138.77 990.35 747.99
330.84 0.32 978.5 779.03 598.29 0.17 1026.98 268.81 177.65 971.22 697.11
456.89 0.34 978.81 497.36 589.75 0.22 1023.24 263.7 185.72 981.24 618.19
462.65 0.34 977.58 478.67 587.43 0.21 1034.07 225.94 173.75 983.27 843.59
328.22 0.35 978.72 745.8 568.61 0.22 1029.34 414.11 179.95 985.96 710.39
461.1 0.37 985.14 496.5 573.07 0.14 1016.4 311.37 176.67 978.47 518.41
327.21 0.35 981.9 760.11 379.65 0.31 1033.29 468.66 142.82 987.86 818.75
328.55 0.28 974.29 822.56 585.28 0.18 1019.08 487.98 182.47 979.69 661.9
466.78 0.34 977.14 488.93 595.54 0.2 1020.73 223.85 145.12 986.1 658.83
464.61 0.3 988.53 741.98 570.98 0.22 1030.69 230.04 159.71 979.62 588.59
474.28 0.31 990.53 494.98 584.22 0.23 1020 211.78 172.22 975.84 428.55
465.44 0.34 987.62 667.4 387.78 0.23 1021.7 236.15 148.33 975.87 588.98
471 0.33 968.96 582.76 575.23 0.18 1024.88 366.72 144.6 970.55 624.9
455.49 0.3 971.9 636.43 397.81 0.22 1013.68 371.63 138.13 976.53 613.07
460.64 0.32 980.34 568.83 408.95 0.19 1089.33 321.04 179.46 984.53 644.66
344.43 0.37 982.52 527.12 394.07 0.2 1160.97 233.12 175.99 989.81 571.77
458.66 0.41 977.95 529.38 410.62 0.15 1148.19 432.77 183.91 992.64 717.57
327.27 0.32 1022.88 747.34 411.83 0.31 1096.72 222.43 138.64 983.81 574.95
334.74 0.59 987.32 569.36 415.14 0.15 1032.58 211.26 141.75 999.46 588.77
461.78 0.3 987.42 541.58 591.82 0.21 1025.47 275.81 176.62 969.29 622.53
332.61 0.29 967.2 497.23 384.01 0.17 1003.32 215.38 173.71 980.51 651.28
456.26 0.34 978.59 534.75 569.36 0.19 1021.7 236.97 181.38 979.33 751.69
464.37 0.36 988.21 518.3 580.25 0.2 1029.17 237.45 141.11 989.2 595.36
329.5 0.38 979.03 812.36 385.65 0.19 1019.31 251.38 176.93 987.69 672.27
452.48 0.3 971.76 487.85 549.93 0.2 1039.35 336.19 139.91 973.73 429.9
454.52 0.4 982.08 511.4 570.45 0.25 1010.49 242.56 143.14 976.53 449.44
435.2 0.32 981.35 515.97 403.53 0.2 1017.09 224.42 175.67 979.82 682.02
426.57 0.36 981.47 520.87 393.58 0.21 1013.63 237.24 176.92 996.36 587.92
323.13 0.38 983.19 807.66 601.67 0.23 1029.03 259.42 174.47 982.75 578.87
454.69 0.35 988.28 609.97 570.41 0.28 1048.76 272.48 172.96 1000.3 724.14
450.93 0.36 976.69 499.15 382.07 0.24 1038.37 252.69 147.85 979.89 593.66
337.41 0.31 973.35 495.12 390.43 0.24 1019.78 229.95 188.89 979.85 584.09
334.79 0.36 992.79 435.41 576.07 0.25 1024.58 379.04 173.39 977.37 576.42
330.21 0.35 976.24 547.33 585.8 0.21 1018.79 316.84 180.07 976.51 594.87
334.39 0.43 974.05 500.53 567.22 0.25 1033.77 232.54 178.4 977.49 506.42
450.91 0.37 977.09 559.06 589 0.18 1027.68 388.36 177.74 975.52 506.79
