msst_wide_ml msst_long_ml msst_wide_bayes msst_long_bayes cuts_wide_ml cuts_long_ml cuts_wide_bayes cuts_long_bayes tso_wide_ml tso_wide_bayes tso_long_bayes
NA NA 19.74 88.46 NA NA 28.33 40.33 NA 25.8 73.59
NA NA 20.64 62.31 NA NA 28.84 40.7 NA 24.93 71.32
NA NA 20.01 62.67 NA NA 29.08 43.76 NA 26.66 51.08
NA NA 20.63 67.49 NA NA 28.19 34.43 NA 25.58 71.66
NA NA 19.84 92.75 NA NA 27.71 35.24 NA 26.56 67.54
NA NA 20.05 66.94 NA NA 29.11 35.39 NA 26.83 77.47
NA NA 19.54 67.43 NA NA 29.11 30.77 NA 25.81 62.7
NA NA 21.07 66.93 NA NA 28.39 40.34 NA 25.73 73.81
NA NA 21.83 77.68 NA NA 29.68 40.22 NA 26.36 66.19
NA NA 22.02 99.92 NA NA 28.93 30.37 NA 27.4 64.31
NA NA 20.83 88.81 NA NA 28.17 34.25 NA 26.79 57.62
NA NA 20.78 90.43 NA NA 28.73 45.65 NA 25.98 63.88
NA NA 20.41 88.19 NA NA 28.04 39.25 NA 25.75 75.28
NA NA 21.29 69.6 NA NA 29.41 44.94 NA 26.17 58.3
NA NA 21.27 66.88 NA NA 27.99 45.26 NA 26.7 78.94
NA NA 20.56 70.82 NA NA 27.94 40.84 NA 26.03 60.94
NA NA 21.92 76.94 NA NA 29.3 39.08 NA 25.57 60.49
NA NA 20.98 70.44 NA NA 28.3 32.37 NA 26.59 72.34
NA NA 21.45 64.23 NA NA 27.75 32.11 NA 25.67 66.85
NA NA 20.93 68.36 NA NA 29.14 34.89 NA 25.27 54.66
NA NA 22.67 69.09 NA NA 28.61 37.01 NA 26.84 61.71
NA NA 21.47 97.01 NA NA 28.35 45.84 NA 26.12 67.98
NA NA 21.44 94.26 NA NA 28.38 31.67 NA 24.18 60.83
NA NA 21.85 87.92 NA NA 27.58 36.94 NA 24.85 73.66
NA NA 21.82 86.62 NA NA 28.9 42.11 NA 24.32 65.2
NA NA 21.5 95.15 NA NA 28.09 35.82 NA 23.81 66.34
NA NA 21.36 91.08 NA NA 27.89 41.34 NA 24.95 64.77
NA NA 21.17 69.37 NA NA 28.84 44.89 NA 24.4 77.59
NA NA 22.3 97.87 NA NA 28.51 37.56 NA 25.41 67.15
NA NA 20.51 94.79 NA NA 28.42 33.15 NA 26.18 65.6
NA NA 21.52 77.21 NA NA 28.03 43.3 NA 25.9 81.96
NA NA 22.02 65.95 NA NA 27.63 43.15 NA 25.78 63.41
NA NA 20.66 64.44 NA NA 28.29 35.9 NA 24.96 58.02
NA NA 20.23 82.89 NA NA 28.36 30.43 NA 25.84 75.79
NA NA 21.11 69.39 NA NA 28.87 43.21 NA 24 74.61
NA NA 21.73 90.37 NA NA 28.03 44.35 NA 23.63 53.63
NA NA 21.1 92.05 NA NA 27.7 34.54 NA 24.71 63.74
NA NA 21.41 68.31 NA NA 26.81 44.19 NA 24.21 80.58
NA NA 20.39 83.41 NA NA 28.15 41.01 NA 25.49 74.88
NA NA 21.31 94.23 NA NA 27.67 45.91 NA 24.51 63.18
NA NA 19.97 77.34 NA NA 28.04 45.7 NA 25.85 77.63
NA NA 21.6 91.43 NA NA 26.96 41.26 NA 26.4 73.29
NA NA 21.61 102.62 NA NA 29.28 39.47 NA 25.75 60.65
NA NA 21.36 65.5 NA NA 28.63 45.3 NA 26.37 78.25
NA NA 21.14 62.16 NA NA 28.97 44.6 NA 25.1 79.54
NA NA 20.47 97.53 NA NA 28.44 47.25 NA 25.53 68.97
NA NA 20.95 91.69 NA NA 28.02 32.03 NA 23.98 63.39
NA NA 20.55 85.92 NA NA 29.18 33.12 NA 24.25 62.91
NA NA 21.19 78.48 NA NA 28.16 45.44 NA 24 55.28
NA NA 21.01 64.62 NA NA 28.01 31.63 NA 24.32 65.55
NA NA 20.96 96.64 NA NA 28.76 44.04 NA 24.01 68.34
NA NA 20.21 100.38 NA NA 28.2 43.19 NA 24.6 75.49
NA NA 19.78 89.69 NA NA 28.37 43.11 NA 23.84 73.71
NA NA 21.74 68.4 NA NA 28.38 48.15 NA 25.88 72.12
NA NA 20.76 96.84 NA NA 27.94 40.08 NA 24.34 74.23
NA NA 20.63 92.02 NA NA 28 31.95 NA 26.29 77.57
NA NA 20.59 84.65 NA NA 28.32 44.24 NA 25.7 78.65
NA NA 19.92 65.02 NA NA 28.92 42.47 NA 25.4 52.52
NA NA 20.84 96.13 NA NA 28.64 44.75 NA 24.68 59.59
NA NA 21.37 71.22 NA NA 29.95 42.61 NA 24.79 63.98
NA NA 20.76 89.61 NA NA 28.81 35.13 NA 25.34 70.46
NA NA 20.55 98.56 NA NA 28.66 38.71 NA 24.81 73.01
NA NA 21.1 95.55 NA NA 27.65 45.82 NA 25.84 62.17
NA NA 21.13 81.39 NA NA 28.71 30.81 NA 25.82 65.8
NA NA 21.35 101.65 NA NA 28.35 44.11 NA 24.95 65.61
NA NA 19.73 65.04 NA NA 28.46 45.07 NA 24.89 73.39
NA NA 21.02 92.68 NA NA 29.42 44.04 NA 25.29 63.95
NA NA 20.23 64.11 NA NA 27.37 45.18 NA 26.5 64.88
NA NA 21.29 83.57 NA NA 29.12 42.77 NA 25.43 64.67
NA NA 20.61 87.07 NA NA 27.7 32.46 NA 23.8 68.05
NA NA 21.64 89.24 NA NA 27.98 40.35 NA 25.2 56.05
NA NA 20.87 0.53 NA NA 28.01 0.48 NA 26.5 0.46
NA NA 21.2 86.12 NA NA 29.67 33.11 NA 25.12 57.49
NA NA 20.87 91.12 NA NA 28.02 42.34 NA 23.62 66.26
NA NA 20.61 68.06 NA NA 27.82 33.69 NA 23.72 64.18
NA NA 20.36 98.08 NA NA 27.99 44.16 NA 25.91 54.94
NA NA 20.85 73.3 NA NA 28.34 34.13 NA 26.36 61.82
NA NA 21.42 79.37 NA NA 28.8 40.79 NA 24.52 75.79
NA NA 20.92 64.01 NA NA 28.39 44.97 NA 25.34 53.48
NA NA 21.64 96.94 NA NA 28.15 45.96 NA 25.74 76.13
NA NA 22.02 89.76 NA NA 28.51 45.9 NA 25.82 56.54
NA NA 20.95 70.15 NA NA 26.91 45.93 NA 26.45 66.5
NA NA 20.83 99.22 NA NA 28.13 45.13 NA 25.58 70.45
NA NA 21.14 93.75 NA NA 28.61 45.08 NA 25.5 60.51
NA NA 21.28 92.02 NA NA 27.72 32.1 NA 25.83 66.91
NA NA 19.75 92.29 NA NA 29.1 40.69 NA 25.65 70.17
NA NA 20.23 95.78 NA NA 27.59 35.76 NA 25.6 66.61
NA NA 21.31 94.08 NA NA 28.63 30.96 NA 23.95 69.8
NA NA 20.78 83.04 NA NA 28.4 33.38 NA 25.88 59.74
NA NA 20.95 72.37 NA NA 28.97 43.64 NA 25.45 57.93
NA NA 20.13 62.65 NA NA 28.54 39.17 NA 26.03 66.57
NA NA 22.3 92.22 NA NA 28.46 43.87 NA 26.08 72.88
NA NA 20.69 90.1 NA NA 29.03 42.64 NA 25.47 64.67
NA NA 21.25 91.75 NA NA 27.93 36.33 NA 25.71 73.31
NA NA 19.94 71.4 NA NA 27.57 40.22 NA 24.45 69.32
NA NA 20.95 92.79 NA NA 28.31 42.72 NA 26.65 69.67
NA NA 21.59 64.2 NA NA 28.46 44.3 NA 25.62 63.61
NA NA 20.99 81.26 NA NA 28.53 44.92 NA 24.73 69.54
NA NA 19.45 95.78 NA NA 28.08 37.7 NA 25.57 79.16
NA NA 20.54 92.06 NA NA 28.24 40.92 NA 26.16 67.07
